0.517241
0.515169
0.525837
0.528907
0.527914
0.526957
0.527085
0.525838
0.523373
0.520787
0.519507
0.530225
0.524568
0.528585
0.526582
0.527253
0.525684
0.536924
0.524274
0.514432
0.526171
0.524928
0.526369
0.524121
0.521777
0.528577
0.524839
0.516158
0.519951
0.525403
0.524829
0.525818
0.528788
0.522841
0.521329
0.523538
0.527198
0.515015
0.536125
0.538555
0.519944
0.522237
0.527497
0.513587
0.519233
0.52326
0.52698
0.509076
0.528348
0.524762
0.525527
0.528552
0.523986
0.524097
0.506571
0.511506
0.509823
0.521752
0.515454
0.529005
0.526794
0.522868
0.516573
0.524408
0.527067
0.520681
0.525249
0.523278
0.52119
0.519362
0.522666
0.522829
0.516779
0.528629
0.520879
0.52732
0.527944
0.519102
0.522906
0.522293
0.527041
0.519702
0.528402
0.527413
0.525611
0.526129
0.533017
0.5256
0.529094
0.528161
0.525818
0.513595
0.528828
0.535659
0.527783
0.53705
0.52595
0.526294
0.528705
0.528915
0.522657
0.522908
0.514956
0.523616
0.519429
0.525226
0.524392
0.521508
0.510638
0.518233
0.519013
0.53036
0.535162
0.522035
0.518224
0.525112
0.537818
0.526177
0.534125
0.525717
0.525695
0.528087
0.513037
0.527758
0.53336
0.53454
0.530728
0.521334
0.523792
0.532651
0.53412
0.516322
0.521654
0.519635
0.527657
0.536995
0.521302
0.511936
0.523867
0.527333
0.520663
0.521036
0.520354
0.526244
0.52004
0.527597
0.499794
0.516932
0.526368
0.519818
0.535144
0.524025
0.538677
0.519991
0.520655
0.529744
0.526154
0.522226
0.520658
0.527363
0.526778
0.51708
0.527689
0.530836
0.526491
0.519515
0.538533
0.518343
0.527765
0.530188
0.548501
0.533235
0.522411
0.524217
0.516687
0.524149
0.533453
0.534443
0.526146
0.53561
0.525883
0.516312
0.524846
0.514261
0.527922
0.515394
0.526699
0.520941
0.528664
0.524789
0.524827
0.521185
0.525575
0.522152
0.527916
0.516464
