0.578436
0.582811
0.526092
0.504525
0.502416
0.513908
0.516625
0.514794
0.559553
0.563169
0.562071
0.524458
0.526881
0.52774
0.505744
0.508485
0.495358
0.503915
0.525695
0.50987
0.506938
0.514767
0.517467
0.543939
0.519432
0.523679
0.518746
0.519523
0.518829
0.520905
0.495691
0.501276
0.505188
0.51988
0.515402
0.524402
0.52433
0.521916
0.515783
0.520173
0.520097
0.511755
0.513715
0.521174
0.516884
0.522069
0.523076
0.522307
0.521755
0.51446
0.509023
0.512804
0.514756
0.513033
0.517947
0.526661
0.532685
0.517278
0.527037
0.517191
0.530087
0.524773
0.526524
0.51827
0.506119
0.498043
0.529978
0.527287
0.513355
0.517125
0.506719
0.508873
0.501039
0.507234
0.52812
0.52554
0.516827
0.514549
0.514824
0.518451
0.509432
0.516521
0.517281
0.544032
0.543071
0.525313
0.522158
0.526567
0.523458
0.519613
0.519691
0.521958
0.516556
0.519434
0.527764
0.568349
0.567765
0.514377
0.517553
0.527408
0.512542
0.516847
0.507797
0.544682
0.525053
0.513671
0.502439
0.507584
0.578238
0.573033
0.52467
0.5222
0.567652
0.505976
0.507781
0.528387
0.525934
0.5283
0.537516
0.547936
0.543082
0.520106
0.524574
0.518514
0.518523
0.516845
0.517641
0.507341
0.520875
0.515048
0.509446
0.530297
0.514319
0.516742
0.521295
0.517108
0.51717
0.527906
0.522259
0.529356
0.517441
0.524288
0.507019
0.509383
0.51388
0.510377
0.525841
0.537308
0.527175
0.518338
0.520504
0.519469
0.581037
0.53778
0.509336
0.512586
0.517158
0.527838
0.525762
0.530997
0.527448
0.522314
0.520562
0.517992
0.519051
0.522888
0.517981
0.513696
0.513851
0.548542
0.527787
0.548664
0.550119
0.548962
0.528823
0.558303
0.512226
0.512809
0.516424
0.516755
0.532153
0.510095
0.513725
0.511901
0.515582
0.512988
0.515707
0.50983
0.521299
0.524573
0.565313
0.514
0.508883
0.508242
0.50658
0.50612
0.511872
0.509893
0.572556
0.576286
0.547996
0.547566
0.548053
0.561766
0.560607
0.550572
0.549533
0.560634
0.534892
0.532679
0.517921
0.51994
0.510054
0.515265
0.5367
0.565712
0.593377
0.515315
0.517056
0.510657
0.514832
0.512675
0.516629
0.516222
0.514216
0.521064
0.525523
0.531074
0.522667
0.516292
0.523323
0.520939
0.516481
0.512316
0.515633
0.511041
0.517485
0.525404
0.522822
0.523121
0.524352
0.580855
0.589014
0.525438
0.572048
0.513667
0.508772
0.518842
0.508792
0.526135
0.525281
0.525441
0.553195
0.550119
0.516973
0.511812
0.514106
0.505943
0.508387
0.502326
0.505013
0.522033
0.519601
0.520283
0.519522
0.531438
0.52729
0.518038
0.514695
0.510997
0.528285
0.525784
0.511286
0.513981
0.522536
0.522218
0.511097
0.515501
0.516244
0.513986
0.517165
0.570073
0.578678
0.541727
0.535521
0.514678
0.522828
0.512576
0.585774
0.513545
0.514021
0.523645
0.524618
0.525121
0.509649
0.506561
0.518904
0.520383
0.526028
0.529095
0.528217
0.537585
0.540943
0.525083
0.5222
0.507546
0.587138
0.521187
0.596199
0.514949
0.510909
0.523863
0.519413
0.520041
0.516178
0.507507
0.511371
0.51456
0.511609
0.531866
0.527204
0.510374
0.50975
0.531831
0.528194
0.552041
0.549051
0.516721
0.520596
0.514414
0.51595
0.509946
0.512339
0.522336
0.525027
0.522806
0.546148
0.521682
0.524311
0.574069
0.568026
0.566327
0.502518
0.503518
0.518872
0.52088
0.521501
0.49967
0.50405
0.503984
0.51247
0.512258
0.539885
0.506367
0.51233
0.523693
0.520088
0.515432
0.516429
0.524973
0.511771
0.50722
0.524683
0.505223
0.508037
0.510337
0.524777
0.521517
0.512909
0.605095
0.517193
0.517771
0.523467
0.514245
0.51395
0.517197
0.515842
0.520804
0.514529
0.520476
0.518472
0.512432
0.51513
0.524101
0.52354
0.527665
0.52205
0.518884
0.507847
0.509985
0.514711
0.518208
0.515028
0.522602
0.609696
0.524527
0.497424
0.501633
0.525288
0.523651
0.518404
0.519349
0.519549
0.517963
0.519957
0.51389
0.521286
0.516749
0.515908
0.525627
0.523047
0.525315
0.525509
0.523797
0.522682
0.519833
0.519083
0.5547
0.558327
0.536509
0.531125
0.5033
0.510538
0.511282
0.520825
0.521199
0.518281
0.516826
0.515609
0.520698
0.519811
0.504798
0.522268
0.525979
0.518777
0.522164
0.518091
0.53078
0.525713
0.528775
0.527399
0.531703
0.528152
0.506963
0.496497
0.499682
0.538044
0.53223
0.507335
0.516493
0.520707
0.518869
0.547943
0.511772
0.512084
0.507603
0.510451
0.529189
0.523956
0.521609
0.52021
0.499791
0.530676
0.524749
0.516519
0.519009
0.524619
0.54937
0.52161
0.523981
0.536121
0.517304
0.531047
0.504883
0.512813
0.512674
0.512869
0.515306
0.526027
0.523851
0.522364
0.524091
0.537279
0.534451
0.520612
0.519569
0.510976
0.508005
0.50811
0.52203
0.506361
0.527993
0.603785
0.609466
0.512723
0.510026
0.513724
0.517396
0.531001
0.518795
0.531628
0.526946
0.521332
0.521995
0.521226
0.522347
0.532987
0.534255
0.519444
0.518228
0.515052
0.522079
0.506727
0.507304
0.504871
0.529214
0.521212
0.522763
0.521593
0.520023
0.51886
0.52357
0.520481
0.509605
0.506242
0.513579
0.513019
0.525048
0.529114
0.527795
0.511897
0.513218
0.614132
0.525446
0.523047
0.495248
0.501819
0.502049
0.525751
0.525914
0.520367
0.518409
0.528461
0.516797
0.520165
0.510036
0.509216
0.527857
0.526534
0.504417
0.511594
0.523083
0.52045
0.531419
0.516348
0.525305
0.526466
0.510606
0.535309
0.531381
0.522503
0.524565
0.5232
0.511591
0.517237
0.518165
0.524576
0.525205
0.522342
0.51668
0.518977
0.521111
0.517117
0.518501
0.514558
0.519956
0.532392
0.528083
0.518596
0.524797
0.527821
0.525729
0.496634
0.515333
0.512548
0.520796
0.543715
0.525284
0.524594
0.522925
0.524294
0.521712
0.524499
0.567046
0.522263
0.526753
0.522402
0.523719
0.527298
0.524824
0.5211
0.509876
0.528372
0.517009
0.509998
0.511743
0.512028
0.528725
0.508889
0.525877
0.520601
0.529838
0.528495
0.577181
0.575836
0.567131
0.552033
0.526716
0.57217
0.516555
0.574077
0.522278
0.521553
0.49866
0.517176
0.515308
0.592141
0.525348
0.510799
0.509102
0.511515
0.517591
0.518066
0.519042
0.509716
0.52294
0.507582
0.520368
0.576153
0.563666
0.507355
0.494731
0.509276
0.512307
0.511631
0.51986
0.51636
0.521708
0.514724
0.530827
0.527239
0.516581
0.515216
0.568729
0.587525
0.527968
0.520979
0.517091
0.522617
0.53962
0.503207
0.528992
0.513992
0.505692
0.52372
0.51354
0.514733
0.543443
0.546821
0.525309
0.52763
0.522785
0.521778
0.52325
0.521391
0.519963
0.604204
0.598298
0.528402
0.526191
0.594819
0.516683
0.51735
0.514372
0.519226
0.505506
0.522668
0.520797
0.513259
0.516594
0.516168
0.515411
0.51564
0.52028
0.51574
0.50237
0.505984
0.516937
0.513709
0.51826
0.52756
0.517154
0.529552
0.527085
0.525008
0.509347
0.508456
0.524659
0.523875
0.613821
0.506751
0.534646
0.518913
0.515933
0.52085
0.515514
0.515537
0.525252
0.572944
0.613718
0.506341
0.500164
0.526358
0.525921
0.512141
0.514345
0.534235
0.531859
0.542364
0.522202
0.521016
0.517648
0.524216
0.524753
0.509314
0.555497
0.511101
0.507221
0.508093
0.504083
0.505979
0.511709
0.509579
0.527606
0.525829
0.527004
0.519401
0.519232
0.590715
0.511614
0.525592
0.522334
0.539729
0.515683
0.524382
0.507858
0.522813
0.522557
0.499397
0.533301
0.530964
0.502965
0.500531
0.504946
0.516249
0.514868
0.515446
0.493924
0.513011
0.606496
0.516754
0.530599
0.519539
0.519424
0.518683
0.555158
0.554464
0.546815
0.515569
0.522817
0.526156
0.524944
0.51459
0.528344
0.530107
0.526599
0.515053
0.517177
0.524259
0.519013
0.51535
0.591708
0.587362
0.576209
0.583224
0.517655
0.527197
0.514666
0.518232
0.517102
0.524803
0.524764
0.525844
0.516125
0.521615
0.502345
0.524148
0.527039
0.511594
0.529025
0.525647
0.523947
0.522661
0.524267
0.53762
0.544131
0.521989
0.514746
0.54058
0.547275
0.531252
0.509519
0.527578
0.530629
0.527773
0.511548
0.512318
0.519844
0.515342
0.518545
0.526072
0.515834
0.513587
0.506686
0.557905
0.517474
0.514777
0.516236
0.528814
0.510954
0.52646
0.574957
0.505747
0.508844
0.504424
0.524292
0.518511
0.520685
0.531761
0.509202
0.512513
0.522015
0.512252
0.51495
0.572425
0.57246
0.514363
0.516331
0.515667
0.507485
0.533233
0.524991
0.530055
0.51329
0.513798
0.575526
0.505153
0.510215
0.563601
0.526219
0.576034
0.545915
0.554998
0.55262
0.512572
0.508878
0.500702
0.529277
0.514284
0.505967
0.518367
0.519308
0.521608
0.501556
0.500025
0.515351
0.531617
0.519507
0.51831
0.572046
0.572347
0.521151
0.52939
0.52526
0.51706
0.531547
0.525338
0.525238
0.52351
0.529526
0.522634
0.526792
0.533583
0.52403
0.52864
0.521476
0.526535
0.517127
0.567544
0.503217
0.509233
0.511136
0.518908
0.515362
0.52185
0.55877
0.526238
0.514381
0.527168
0.520788
0.530334
0.520496
0.510206
0.517647
0.536023
0.515999
0.510128
0.513669
0.573785
0.503767
0.501313
0.51405
0.505085
0.519065
0.524166
0.509821
0.51154
0.508814
0.517907
0.51909
0.516515
0.515815
0.525865
0.520353
0.570584
0.511961
0.516943
0.525258
0.515279
0.529384
0.527828
0.519718
0.515618
0.513294
0.505459
0.510245
0.524199
0.507357
0.548611
0.511151
0.515217
0.511033
0.511565
0.531223
0.506571
0.531612
0.503624
0.587086
0.510753
0.543494
0.533906
0.517637
0.505776
0.563249
0.517998
0.51432
0.516159
0.528274
0.515664
0.521263
0.520293
0.519555
0.52768
0.525416
0.510359
0.504411
0.549622
0.533138
0.51537
0.54619
0.52867
0.540578
0.524198
0.524183
0.517918
0.517568
0.519237
0.529939
0.514633
0.518349
0.517523
0.52034
0.52352
0.515073
0.510729
0.513918
0.589456
0.527206
0.524589
0.52213
0.513698
0.535693
0.522319
0.528208
0.527348
0.500178
0.536154
0.541484
0.542885
0.530428
0.527223
0.527746
0.519183
0.509586
0.52046
0.523141
0.51297
0.508817
0.512293
0.508857
0.516237
0.501569
0.519752
0.521628
0.52156
0.522336
0.526787
0.524139
0.525409
0.52161
0.517475
0.513947
0.517005
0.528393
0.50916
0.507884
0.523036
0.524516
0.55799
0.557481
0.518808
0.528187
0.590358
0.526962
0.528547
0.598135
0.496862
0.519695
0.535611
0.524364
0.523767
0.522909
0.525144
0.523757
0.520407
0.530529
0.522194
0.5314
0.522302
0.518968
0.506695
0.527561
0.515763
0.515154
0.52398
0.508849
0.530874
0.51278
0.55728
0.528308
0.5594
0.515851
0.562126
0.520076
0.520557
0.534073
0.525468
0.525326
0.539621
0.510619
0.509408
0.573177
0.57815
0.522923
0.545378
0.515272
0.523379
0.592021
0.517359
0.521437
0.5144
0.527841
0.527935
0.514271
0.516886
0.502759
0.527831
0.531474
0.528633
0.518302
0.515589
0.509054
0.508207
0.513711
0.516282
0.5151
0.513447
0.526906
0.524676
0.526619
0.531865
0.518007
0.518972
0.521628
0.506835
0.517751
0.523384
0.555168
0.531008
0.524417
0.522904
0.526347
0.537929
0.526159
0.512646
0.601078
0.513775
0.61209
0.520233
0.51013
0.511986
0.525042
0.541069
0.504113
0.507496
0.528727
0.501604
0.529041
0.522624
0.530195
0.525803
0.515772
0.52852
0.519506
0.517592
0.518079
0.524767
0.513633
0.55279
0.504582
0.498886
0.525998
0.525083
0.527429
0.520316
0.514833
0.527187
0.552458
0.515589
0.512252
0.516037
0.516586
0.508991
0.524801
0.520277
0.514069
0.515456
0.525553
0.512932
0.513066
0.511074
0.519981
0.535759
0.528855
0.523427
0.519626
0.521721
0.532492
0.499526
0.525037
0.541707
0.511875
0.598154
0.511058
0.522292
0.524079
0.528061
0.531277
0.510487
0.517058
0.513887
0.518695
0.516804
0.498944
0.529355
0.539773
0.528503
0.509346
0.55247
0.523942
0.505535
0.515722
0.509545
0.511137
0.551288
0.55031
0.517581
0.514206
0.505038
0.517703
0.516783
0.532462
0.577346
0.501235
0.501355
0.497712
0.502463
0.499002
0.522648
0.546252
0.533891
0.501111
0.526851
0.526287
0.524312
0.523921
0.512461
0.515621
0.530287
0.526776
0.527194
0.518719
0.518633
0.499684
0.505539
0.522972
0.513714
0.512405
0.511703
0.575051
0.503843
0.578724
0.574998
0.515286
0.52879
0.505205
0.551247
0.522687
0.568354
0.521976
0.504834
0.526622
0.502779
0.545438
0.513515
0.509596
0.531765
0.523114
0.520326
0.53663
0.529844
0.508955
0.510784
0.520902
0.544616
0.51408
0.505731
0.522665
0.526376
0.604175
0.528503
0.517815
0.524804
0.6021
0.522222
0.55625
0.516337
0.511998
0.517243
0.532599
0.527952
0.499373
0.526509
0.525954
0.522101
0.552817
0.515274
0.510465
0.509294
0.514127
0.527546
0.51227
0.516987
0.503998
0.499089
0.500043
0.506879
0.526729
0.506716
0.502214
0.527565
0.531172
0.537505
0.558808
0.522188
0.527331
0.547148
0.520862
0.510505
0.52244
0.501205
0.536659
0.527017
0.526504
0.533105
0.510117
0.597022
0.522606
0.502517
0.530418
0.50856
0.538227
0.567897
0.598944
0.539357
0.527685
0.553652
0.525902
0.513147
0.526764
0.543775
0.516638
0.512355
0.510738
0.53276
0.516973
0.496935
0.507646
0.5021
0.502835
0.527165
0.517111
0.575279
0.527898
0.562039
0.527558
0.494907
0.527326
0.528177
0.525682
0.569261
0.525342
0.511353
0.562975
0.514225
0.53234
0.527884
0.516084
0.528926
0.508673
0.531273
0.569325
0.531761
0.527293
0.52017
0.586476
0.532186
0.531706
0.575741
0.588276
0.562933
0.52977
0.50538
0.525478
0.543463
0.50451
0.538499
0.588708
0.498821
0.542413
0.521731
0.55352
0.509441
0.504212
0.504255
0.518542
0.508453
0.520138
0.528597
0.515316
0.510898
0.548905
0.523238
0.544801
0.517748
0.521334
0.520562
0.552448
0.562597
0.559257
0.517991
0.520566
0.514276
0.518233
0.520249
0.576024
0.514722
0.524113
0.575789
0.522708
0.504923
0.522969
0.568431
0.508409
0.525674
0.511857
0.517203
0.515958
0.594873
0.518548
0.513527
0.517312
0.52037
0.517942
0.519749
0.522189
0.524962
0.523925
0.520157
0.524815
0.518011
0.522237
0.521148
0.513788
0.611134
0.615008
0.527766
0.522837
0.546193
0.540056
0.515316
0.520072
0.522869
0.512897
0.512896
0.547101
0.521419
0.520549
0.516729
0.530193
0.521976
0.554637
0.55937
0.514784
0.514131
0.515584
0.522292
0.501539
0.524449
0.54824
0.521546
0.517167
0.513103
0.517232
0.518848
0.576095
0.561166
0.523085
0.518723
0.520334
0.521485
0.530553
0.526902
0.55546
0.509314
0.533273
0.52323
0.555879
0.548113
0.569324
0.550288
0.553724
0.516724
0.524277
0.512928
0.518964
0.514777
0.521471
0.521505
0.508853
0.525753
0.51449
0.573336
0.513206
0.513857
0.513641
0.51828
0.524061
0.520635
0.515775
0.525362
0.517439
0.517011
0.514354
0.516287
0.515684
0.517285
0.516325
0.516591
0.516917
0.518258
0.517022
0.520237
0.546147
0.519478
0.516042
0.526503
0.515952
0.521616
0.515145
0.5227
0.522877
0.533639
0.515912
0.560592
0.514962
0.519976
0.512788
0.521144
0.519367
0.520676
0.518183
0.550071
0.518127
0.512388
0.519961
0.522366
0.521715
0.517918
0.51935
0.5228
0.51658
0.58998
0.504466
0.517151
0.510512
0.523104
0.517408
0.557309
0.535304
0.534279
0.515749
0.516718
0.518132
0.516449
0.55683
0.514261
0.52141
0.520062
0.519505
0.520112
0.513961
0.513491
0.510045
0.546198
0.513901
0.52254
0.528792
0.515381
0.534401
0.520875
0.52681
0.520894
0.514988
0.516644
0.516742
0.518979
0.506852
0.522529
0.518445
0.524254
0.521673
0.518969
0.520967
0.536863
0.509517
0.545162
0.528476
0.520937
0.511855
0.518631
0.510928
0.511161
0.522268
0.518078
0.517224
0.518018
0.549623
0.520523
0.513849
0.536148
0.519892
0.524093
0.52222
0.518933
0.519591
0.54478
0.516972
0.523383
0.517241
0.531913
0.527874
0.516024
0.514098
0.521065
0.520267
0.518933
0.513945
0.517389
0.559727
0.55629
0.539605
0.507892
0.569678
0.57559
0.515064
0.513731
0.511506
0.5105
0.515655
0.518622
0.51864
0.512058
0.512419
0.515726
0.543266
0.542606
0.519742
0.518663
0.514878
0.531608
0.519641
0.523317
0.549404
0.565308
0.545091
0.531398
0.519413
0.513167
0.51204
0.507474
0.523014
0.510098
0.513153
0.554033
0.516072
0.513258
0.52475
0.515316
0.524606
0.516528
0.515419
0.51808
0.519199
0.515849
0.52224
0.521023
0.517925
0.523182
0.525131
0.568616
0.52055
0.510223
0.537486
0.538568
0.513344
0.520627
0.545046
0.517507
0.503331
0.549439
0.547168
0.520755
0.518296
0.524707
0.544625
0.521263
0.518574
0.521436
0.517421
0.598863
0.517152
0.515733
0.519731
0.522793
0.541992
0.500379
0.521195
0.582339
0.544705
0.512796
0.506233
0.516911
0.53041
0.502577
0.578924
0.591766
0.517168
0.534157
0.518768
0.516838
0.524454
0.524838
0.502743
0.517507
0.511625
0.51957
0.522745
0.519739
0.513774
0.51129
0.518527
0.511221
0.518925
0.516744
0.522719
0.520534
0.520341
0.550274
0.509795
0.515331
0.507057
0.548918
0.521759
0.522538
0.522767
0.512641
0.512801
0.537311
0.520041
0.527812
0.537933
0.522608
0.522535
0.511861
0.509971
0.553997
0.521163
0.574193
0.512307
0.522855
0.524797
0.523201
0.512863
0.52307
0.52239
0.517903
0.518201
0.56642
0.519842
0.510659
0.515339
0.520701
0.518336
0.525105
0.614649
0.511137
0.577321
0.523927
0.516075
0.518229
0.518539
0.516177
0.523032
0.531704
0.513869
0.558045
0.573185
0.570075
0.520285
0.528766
0.522001
0.541603
0.507489
0.516466
0.519656
0.52134
0.521227
0.50756
0.520658
0.532767
0.520839
0.525767
0.52717
0.524939
0.514146
0.526661
0.530153
0.518555
0.519624
0.52009
0.530294
0.54659
0.528778
0.570867
0.524766
0.512927
0.506149
0.522843
0.514063
0.52484
0.502689
0.517105
0.521151
0.538554
0.555973
0.515917
0.52494
0.530848
0.549391
0.520329
0.508783
0.516323
0.572438
0.518166
0.53727
0.525127
0.549324
0.517095
0.520561
0.512953
0.524701
0.550036
0.517418
0.555312
0.517824
0.505596
0.524193
0.521299
0.548023
0.520527
0.524717
0.512471
0.598364
0.527093
0.511686
0.525353
0.560474
0.520435
0.520516
0.517014
0.504475
0.513131
0.521893
0.527164
0.518233
0.52318
0.516655
0.517495
0.503446
0.548167
0.521157
0.508238
0.565683
0.51935
0.521435
0.521225
0.519793
0.523011
0.511556
0.524954
0.52721
0.521609
0.543077
0.539638
0.538887
0.512416
0.521435
0.522889
0.514592
0.516419
0.519204
0.528764
0.523274
0.504174
0.554327
0.52601
0.555408
0.520109
0.523245
0.517055
0.519567
0.525782
0.514922
0.538961
0.522247
0.512984
0.520938
0.554862
0.573047
0.519052
0.572531
0.555706
0.521143
0.516479
0.519148
0.521014
0.527897
0.598158
0.503531
0.514542
0.517926
0.520407
0.514498
0.519453
0.509797
0.511052
0.521539
