0.526342
0.533774
0.524989
0.52271
0.511898
0.515518
0.556138
0.524778
0.52214
0.527487
0.556537
0.539053
0.524515
0.527894
0.5286
0.50829
0.522009
0.522713
0.522442
0.52927
0.53664
0.516305
0.513196
0.527733
0.53127
0.511763
0.522282
0.53752
0.53658
0.5273
0.530113
0.529955
0.535295
0.525104
0.524716
0.528962
0.53415
0.538515
0.51399
0.518475
0.520521
0.525876
0.527237
0.523302
0.523786
0.53174
0.532897
0.534467
0.520752
0.531189
0.538037
0.548846
0.555677
0.517905
0.524578
0.521547
0.514766
0.527146
0.519851
0.520157
0.523998
0.520554
0.518617
0.520391
0.529965
0.529113
0.523842
0.524982
0.521581
0.523535
0.525414
0.52525
0.526115
0.526717
0.530498
0.528363
0.517628
0.530936
0.510539
0.525929
0.524607
0.528976
0.526837
0.525238
0.526595
0.526066
0.509594
0.524111
0.518924
0.523055
0.52688
0.508408
0.519353
0.531965
0.529114
0.524359
0.520945
0.531271
0.534056
0.529698
0.532349
0.514097
0.519584
0.532092
0.524898
0.51312
0.516609
0.530014
0.533452
0.530485
0.518458
0.520613
0.530995
0.534499
0.532249
0.520126
0.52116
0.533824
0.530099
0.533398
0.521989
0.52612
0.525501
0.522658
0.523358
0.522558
0.519182
0.519323
0.522908
0.52463
0.527542
0.523058
0.520701
0.523515
0.515835
0.522357
0.519759
0.525381
0.53405
0.53071
0.525343
0.526794
0.525304
0.519862
0.51923
0.522795
0.522964
0.528394
0.536365
0.528735
0.519121
0.518438
0.525039
0.516971
0.533156
0.527261
0.520738
0.516184
0.522643
0.523204
0.524328
0.522501
0.526769
0.518652
0.526536
0.521472
0.521759
0.52103
0.520836
0.541269
0.535637
0.530766
0.517598
0.520737
0.515693
0.547539
0.52485
0.524478
0.529216
0.534135
0.528655
0.527016
0.511295
0.527796
0.525387
0.527881
0.52536
0.522499
0.525399
0.531028
0.528261
0.518562
0.513731
0.523191
0.527256
0.520273
0.520721
0.521912
0.522161
0.521233
0.525288
0.517703
0.517866
0.522656
0.522027
0.535133
0.533845
0.524514
0.526997
0.516565
0.52322
0.518688
0.527913
0.516769
0.52478
0.523046
0.530369
0.524907
0.526085
0.523073
0.518814
0.521351
0.526116
0.528127
0.521538
0.523974
0.521193
0.528038
0.5301
0.525797
0.526012
0.520677
0.529279
0.529323
0.53734
0.523722
0.512989
0.512476
0.509477
0.525929
0.519432
0.518378
0.514146
0.524554
0.521198
0.528734
0.513343
0.527841
0.52214
0.53067
0.525139
0.524329
0.529149
0.523601
0.5232
0.518709
0.521817
0.531316
0.531989
0.521059
0.525878
0.528109
0.524689
0.5181
0.519538
0.522716
0.533428
0.510423
0.514498
0.520576
0.528613
0.529217
0.517925
0.526738
0.53575
0.533757
0.524236
0.522662
0.531257
0.534582
0.530535
0.532154
0.528343
0.523817
0.518496
0.520222
0.520366
0.527847
0.519416
0.526951
0.530542
0.522378
0.524329
0.520049
0.512687
0.514995
0.534045
0.534612
0.51703
0.516275
0.5272
0.521539
0.526307
0.524345
0.52778
0.53566
0.519698
0.519632
0.519305
0.531002
0.528108
0.515481
0.526906
0.530795
0.518057
0.517655
0.523788
0.523255
0.527303
0.507447
0.513129
0.530643
0.520487
0.515011
0.532421
0.534564
0.526509
0.528187
0.529405
0.526986
0.53001
0.531042
0.521782
0.524677
0.530621
0.531713
0.525129
0.524461
0.525093
0.533463
0.517986
0.51748
0.534313
0.532299
0.526582
0.525648
0.519574
0.527937
0.50867
0.518622
0.51847
0.536166
0.531821
0.523365
0.526018
0.523598
0.534381
0.530806
0.520684
0.528512
0.525311
0.528559
0.53599
0.53248
0.515993
0.51764
0.524215
0.518901
0.520306
0.519178
0.517824
0.52417
0.522727
0.523483
0.529039
0.523886
0.521107
0.52779
0.521125
0.517177
0.516662
0.521243
0.522453
0.520651
0.526925
0.519841
0.518525
0.51988
0.52621
0.509099
0.528421
0.511174
0.518705
0.527603
0.514214
0.520017
0.532478
0.522837
0.519293
0.534438
0.519872
0.525237
0.52663
0.533342
0.523489
0.526916
0.528468
0.51879
0.518873
0.523136
0.526366
0.529738
0.509279
0.514724
0.516158
0.526476
0.52674
0.525804
0.53238
0.525905
0.519502
0.526223
0.533724
0.540909
0.525415
0.51795
0.523462
0.536902
0.526399
0.52895
0.531197
0.530143
0.51741
0.520955
0.516893
0.533935
0.521639
0.52912
0.524398
0.512857
0.537287
0.538629
0.527953
0.52771
0.524481
0.519939
0.518001
0.525608
0.527994
0.538878
0.528863
0.521529
0.519576
0.531327
0.528968
0.517975
0.521116
0.52929
0.531975
0.520466
0.523724
0.528737
0.525783
0.523698
0.515503
0.527197
0.511687
0.522021
0.513434
0.512288
0.519602
0.522241
0.52318
0.529483
0.525666
0.531814
0.529415
0.524554
0.520933
0.499839
0.521919
0.527769
0.524329
0.525703
0.520907
0.539588
0.525487
0.535755
0.535472
0.525797
0.533802
0.525107
0.524601
0.526052
0.527068
0.515264
0.514841
0.517977
0.510239
0.526859
0.521326
0.518557
0.532832
0.529323
0.5244
0.526157
0.521778
0.523843
0.529634
0.522494
0.525893
0.524514
0.522151
0.526844
0.526024
0.527504
0.529409
0.532632
0.523543
0.517561
0.530537
0.512127
0.522782
0.522409
0.524369
0.529701
0.532004
0.526688
0.529168
0.526533
0.505295
0.521078
0.53133
0.527052
0.521393
0.529052
0.532589
0.522906
0.52853
0.519529
0.521001
0.520558
0.513715
0.519774
0.540633
0.525104
0.526701
0.52177
0.522427
0.523171
0.522973
0.51206
0.522281
0.524333
0.533318
0.528553
0.527027
0.523172
0.518835
0.529372
0.511126
0.527236
0.519126
0.528593
0.517982
0.519957
0.52088
0.527572
0.525581
0.520794
0.528525
0.524557
0.526466
0.530999
0.524988
0.538459
0.52685
0.509552
0.529848
0.518655
0.521936
0.520058
0.52589
0.529362
0.509311
0.513835
0.522667
0.517616
0.51211
0.531085
0.527441
0.519149
0.528785
0.524827
0.520813
0.527012
0.520064
0.529054
0.534099
0.527991
0.532181
0.533555
0.521728
0.519887
0.52365
0.520027
0.524612
0.516268
0.518765
0.535462
0.528873
0.524025
0.528273
0.520758
0.526453
0.519846
0.539122
0.523741
0.513274
0.525084
0.524768
0.52142
0.520734
0.526054
0.515138
0.525355
0.525205
0.526208
0.518042
0.516856
0.518952
0.525797
0.546261
0.520912
0.519614
0.525034
0.523182
0.523337
0.523499
0.525355
0.52108
0.517806
0.516743
0.514099
0.514364
0.519805
0.52838
0.521305
0.518546
0.52185
0.536435
0.523426
0.527379
0.532336
0.53244
0.514161
0.511179
0.522331
0.526584
0.519262
0.5298
0.529725
0.522502
0.519298
0.520296
0.521563
0.514441
0.517508
0.530905
0.524849
0.522103
0.517407
0.52285
0.529736
0.522059
0.532462
0.526198
0.530537
0.531003
0.517082
0.509908
0.518869
0.520779
0.5136
0.530838
0.518516
0.515913
0.52381
0.527866
0.520186
0.515392
0.530117
0.518767
0.526065
0.521535
0.519208
0.530859
0.517713
0.515007
0.506873
0.518427
0.517142
0.527582
0.517457
0.513977
0.509123
0.506487
0.51681
0.523427
0.516706
0.527663
0.518037
0.518173
0.514934
0.515242
0.514456
0.522815
0.519942
0.517879
0.517493
0.517674
0.536447
0.522161
0.513412
0.520724
0.533484
0.521321
0.540804
0.526937
0.53323
0.520959
0.520114
0.521657
0.513162
0.518606
0.521783
0.529807
0.52151
0.553225
0.516406
0.521444
0.522703
0.533644
0.537377
0.526894
0.518609
0.509825
0.531707
0.526207
0.532651
0.522852
0.527411
0.529072
0.531008
0.529316
0.517604
0.524594
0.534166
0.542723
0.523486
0.532595
0.528494
0.527045
0.530071
0.544386
0.528573
0.517668
0.524097
0.521537
0.512334
0.519902
0.516546
0.530376
0.522691
0.520056
0.516955
0.533449
0.517559
0.529212
0.518972
0.524177
0.512457
0.529357
0.52777
0.524021
0.526643
0.518113
0.522062
0.520595
0.519041
0.547423
0.541798
0.524033
0.524948
0.523645
0.519767
0.518431
0.522912
0.521356
0.521964
0.526953
0.545002
0.52666
0.526849
0.528569
0.522486
0.535334
0.523782
0.520614
0.534422
0.53187
0.526959
0.530268
0.522898
0.517529
0.523072
0.521356
0.51823
0.529597
0.525696
0.541543
0.529149
0.528016
0.535248
0.521232
0.527081
0.52272
0.524946
0.524161
0.527667
0.526723
0.531449
0.518923
0.522763
0.540262
0.54334
0.514508
0.521084
0.496289
0.519787
0.517121
0.532583
0.517288
0.516357
0.532835
0.517251
0.526545
0.525011
0.520738
0.528793
0.526778
0.525034
0.524113
0.535562
0.530461
0.529219
0.532619
0.521192
0.52541
0.525322
0.518532
0.52578
0.530347
0.526983
0.523828
0.51597
0.521702
0.523456
0.520296
0.530603
0.518889
0.522027
0.527765
0.507173
0.522729
0.523034
0.524789
0.539687
0.532628
0.53112
0.524267
0.519952
0.526315
0.52502
0.51512
0.523958
0.526302
0.529409
0.518248
0.520355
0.51955
0.528669
0.528345
