0.563921
0.506199
0.508443
0.513387
0.513884
0.560432
0.567702
0.570155
0.524351
0.525728
0.542243
0.549659
0.504722
0.507362
0.509753
0.510662
0.495916
0.505543
0.523825
0.526027
0.523623
0.522273
0.527826
0.522134
0.520784
0.496078
0.500231
0.504984
0.526996
0.525998
0.5263
0.526123
0.525577
0.522746
0.520665
0.520059
0.517257
0.524993
0.521997
0.522065
0.520437
0.515076
0.512445
0.516142
0.520111
0.527019
0.531062
0.517887
0.516585
0.516792
0.529041
0.524552
0.52725
0.498472
0.501171
0.529977
0.495144
0.528151
0.525493
0.517984
0.51981
0.506449
0.510819
0.514618
0.51496
0.517467
0.511759
0.533839
0.516833
0.512417
0.551991
0.553232
0.548899
0.5209
0.517675
0.520391
0.516688
0.516157
0.515106
0.528608
0.574281
0.558802
0.515585
0.51693
0.514124
0.508446
0.510745
0.545662
0.55483
0.559396
0.5122
0.500661
0.508936
0.516022
0.523715
0.57794
0.576828
0.52703
0.520251
0.522249
0.56737
0.506517
0.50544
0.525407
0.529563
0.506607
0.527399
0.544701
0.550164
0.54646
0.527937
0.516335
0.51734
0.516427
0.516338
0.532557
0.529864
0.519137
0.516544
0.506885
0.513964
0.517224
0.517075
0.517867
0.516127
0.527696
0.521066
0.52841
0.520149
0.526422
0.535402
0.509385
0.513269
0.511483
0.511242
0.525842
0.524445
0.519743
0.518563
0.582204
0.544881
0.538202
0.51089
0.509461
0.527506
0.531696
0.52872
0.529257
0.519788
0.525474
0.506404
0.51783
0.518477
0.526419
0.514197
0.545593
0.545627
0.528124
0.552011
0.517137
0.513463
0.557468
0.588841
0.522328
0.525813
0.530776
0.512203
0.513676
0.53533
0.509585
0.517778
0.514846
0.518861
0.513365
0.511314
0.513499
0.511796
0.504347
0.503047
0.57111
0.570331
0.555898
0.56475
0.56752
0.529066
0.556199
0.559575
0.563501
0.51549
0.517437
0.515677
0.513163
0.505256
0.513313
0.508992
0.514117
0.517292
0.516091
0.549054
0.596455
0.594045
0.641917
0.522579
0.525468
0.522575
0.515871
0.512643
0.528233
0.531378
0.50969
0.550766
0.516822
0.514339
0.511823
0.513091
0.525979
0.590057
0.600717
0.526023
0.586575
0.518833
0.515494
0.518173
0.513048
0.51481
0.518534
0.525524
0.524262
0.54695
0.548185
0.518089
0.51887
0.529449
0.526203
0.505503
0.50091
0.508047
0.522489
0.521845
0.517316
0.501075
0.513808
0.517146
0.516012
0.527363
0.531425
0.511375
0.524088
0.521672
0.510102
0.517095
0.517828
0.515008
0.517393
0.560742
0.541227
0.53939
0.512385
0.58367
0.514842
0.513945
0.524639
0.510991
0.517763
0.518896
0.524075
0.52899
0.526222
0.53717
0.538768
0.540349
0.544906
0.526152
0.523891
0.546308
0.545588
0.587715
0.537458
0.530356
0.53112
0.572999
0.557874
0.569704
0.513461
0.51218
0.515197
0.513344
0.518567
0.506587
0.496499
0.51095
0.503427
0.511553
0.513547
0.513587
0.522109
0.529278
0.52196
0.507458
0.510648
0.531747
0.530083
0.529026
0.562684
0.577596
0.518158
0.51471
0.511222
0.505192
0.507762
0.527351
0.524987
0.52457
0.548802
0.545851
0.521887
0.525923
0.527551
0.502059
0.510362
0.566087
0.5539
0.524693
0.521862
0.52298
0.499845
0.50395
0.520697
0.521319
0.523272
0.500554
0.504359
0.506592
0.511519
0.511588
0.522338
0.526963
0.523156
0.513403
0.511317
0.524773
0.521975
0.522062
0.525886
0.51549
0.522021
0.527905
0.524584
0.508563
0.507963
0.510543
0.505999
0.523852
0.512216
0.515391
0.515717
0.516396
0.510908
0.579582
0.525484
0.524213
0.518399
0.516943
0.513818
0.52479
0.522408
0.527816
0.524885
0.513638
0.514726
0.515574
0.507805
0.516732
0.51871
0.524428
0.497163
0.503386
0.514033
0.520912
0.517626
0.51974
0.520757
0.524599
0.524775
0.575345
0.577492
0.526716
0.523268
0.554923
0.555233
0.506112
0.521841
0.518339
0.515911
0.520377
0.518895
0.521587
0.517956
0.518718
0.522541
0.527892
0.526306
0.506596
0.509762
0.520149
0.51821
0.523023
0.521241
0.605013
0.607546
0.612937
0.595323
0.520826
0.510652
0.510562
0.510735
0.507068
0.525342
0.523715
0.523033
0.51955
0.52234
0.522197
0.535961
0.523174
0.516503
0.534345
0.521854
0.539617
0.538037
0.517362
0.514133
0.531906
0.50448
0.505057
0.60101
0.589469
0.602258
0.526792
0.512919
0.519376
0.517468
0.504758
0.526327
0.522359
0.522191
0.52989
0.521066
0.512284
0.513539
0.517259
0.509138
0.506853
0.514321
0.52979
0.530485
0.522778
0.518567
0.519793
0.518469
0.521367
0.520188
0.524367
0.53136
0.538481
0.51976
0.512123
0.526385
0.518403
0.506274
0.503836
0.501239
0.520864
0.52095
0.522316
0.524098
0.522532
0.55489
0.512176
0.502988
0.503091
0.523506
0.519689
0.550656
0.575374
0.571383
0.518911
0.512736
0.514914
0.525099
0.533719
0.501865
0.522608
0.511627
0.527138
0.500052
0.498447
0.516736
0.520002
0.522319
0.521146
0.518717
0.527035
0.526984
0.526969
0.510157
0.515371
0.516237
0.528807
0.508821
0.530284
0.511242
0.513037
0.526891
0.524227
0.503373
0.503233
0.518841
0.527152
0.525836
0.522582
0.496202
0.502249
0.500533
0.519592
0.522073
0.602866
0.602682
0.539721
0.533446
0.524497
0.521217
0.52067
0.526909
0.524679
0.520893
0.522381
0.524287
0.528033
0.52843
0.527297
0.496702
0.504025
0.49399
0.512978
0.511717
0.520158
0.524703
0.563041
0.549888
0.514975
0.531076
0.519114
0.524526
0.506438
0.517739
0.522158
0.525541
0.528834
0.526057
0.524519
0.526776
0.511603
0.527151
0.525353
0.524363
0.517716
0.509903
0.510965
0.506919
0.563684
0.519696
0.531072
0.527288
0.522859
0.51546
0.571013
0.525271
0.530654
0.57841
0.523898
0.520691
0.521458
0.520147
0.519828
0.512405
0.524214
0.603103
0.511277
0.50873
0.511981
0.518465
0.519391
0.514194
0.517134
0.517995
0.501272
0.525629
0.523799
0.50849
0.525018
0.521637
0.520579
0.521621
0.526606
0.524451
0.50976
0.55128
0.557432
0.505048
0.507108
0.495367
0.516775
0.512669
0.51223
0.517174
0.526677
0.531057
0.515699
0.518063
0.523555
0.517328
0.515322
0.516156
0.514985
0.583444
0.5877
0.528206
0.515241
0.517229
0.525622
0.522294
0.522654
0.524155
0.527517
0.503056
0.52144
0.521493
0.548603
0.518617
0.518244
0.518018
0.520201
0.514375
0.514803
0.51312
0.517597
0.524593
0.516758
0.500593
0.516122
0.516833
0.525447
0.513722
0.519086
0.520815
0.523503
0.525586
0.524434
0.512616
0.507081
0.508524
0.504224
0.508103
0.534462
0.539539
0.514173
0.515244
0.543778
0.547281
0.54748
0.514504
0.527795
0.515285
0.516691
0.508612
0.509856
0.521743
0.515778
0.520881
0.511741
0.509946
0.516057
0.556773
0.558142
0.505059
0.511237
0.515264
0.519531
0.515688
0.512737
0.53093
0.538143
0.510777
0.524271
0.510552
0.578334
0.511236
0.504423
0.499243
0.501276
0.499562
0.505575
0.567544
0.524859
0.529203
0.519853
0.574247
0.512314
0.506503
0.534603
0.525059
0.506963
0.508718
0.510328
0.519719
0.522241
0.513652
0.499186
0.534502
0.526805
0.524179
0.551085
0.514213
0.514204
0.522977
0.514706
0.514578
0.530269
0.518803
0.519472
0.517047
0.568307
0.551885
0.52883
0.529578
0.526058
0.620205
0.531441
0.562619
0.528624
0.52865
0.526369
0.523781
0.5169
0.59204
0.519079
0.520045
0.517051
0.519523
0.527883
0.514924
0.514935
0.51523
0.511231
0.523316
0.50901
0.519803
0.52612
0.511528
0.522736
0.527182
0.521923
0.525923
0.526366
0.525872
0.520996
0.524219
0.528787
0.533943
0.540894
0.544984
0.49653
0.519354
0.521816
0.516281
0.527124
0.525861
0.544597
0.550861
0.541507
0.527382
0.515775
0.525988
0.510249
0.510405
0.536588
0.53123
0.518516
0.513326
0.518165
0.507539
0.526295
0.518873
0.516957
0.515102
0.525854
0.576598
0.523878
0.509057
0.529037
0.522394
0.526564
0.526152
0.523161
0.508745
0.520958
0.515415
0.519318
0.573336
0.572945
0.516727
0.514206
0.534762
0.521564
0.507415
0.529807
0.531226
0.525236
0.523997
0.517646
0.516588
0.520476
0.523655
0.514731
0.512924
0.506056
0.509607
0.553113
0.548739
0.520766
0.576118
0.561924
0.575437
0.555394
0.507155
0.506156
0.52797
0.514752
0.506996
0.521013
0.519314
0.517874
0.522631
0.523283
0.504353
0.507669
0.559703
0.504502
0.526471
0.521149
0.552404
0.530531
0.516129
0.51754
0.526615
0.521455
0.564249
0.525102
0.515256
0.518723
0.52362
0.522379
0.526796
0.526578
0.524008
0.521796
0.502454
0.513324
0.51204
0.513221
0.570371
0.528274
0.519152
0.525702
0.5114
0.513545
0.52155
0.51423
0.52208
0.516737
0.60305
0.529698
0.564372
0.529972
0.527635
0.539318
0.521792
0.518871
0.521239
0.50576
0.52785
0.515965
0.514124
0.577003
0.505995
0.509095
0.514185
0.50481
0.508282
0.514311
0.519514
0.516326
0.525583
0.510963
0.509431
0.515766
0.515281
0.516177
0.516828
0.508219
0.513465
0.515172
0.515646
0.521669
0.525986
0.530798
0.51114
0.517229
0.513848
0.529129
0.577001
0.520214
0.513667
0.510575
0.539971
0.509968
0.5211
0.512327
0.51146
0.514672
0.511722
0.511702
0.531943
0.505126
0.532252
0.557715
0.532655
0.525863
0.570391
0.508132
0.53445
0.527666
0.550342
0.516157
0.521449
0.520396
0.505174
0.522685
0.511618
0.556533
0.513722
0.55561
0.511132
0.514665
0.515786
0.517705
0.511138
0.518099
0.520679
0.515588
0.516258
0.498413
0.528392
0.505102
0.495436
0.524474
0.516988
0.521455
0.530407
0.514836
0.547897
0.546571
0.548436
0.504663
0.518602
0.519401
0.52292
0.517424
0.519118
0.515662
0.518763
0.51793
0.521131
0.524579
0.514079
0.511131
0.513986
0.607675
0.515659
0.527395
0.524546
0.519581
0.52685
0.527012
0.500169
0.532571
0.61703
0.540179
0.532004
0.539557
0.539792
0.587869
0.530743
0.530044
0.529297
0.526821
0.52725
0.519489
0.518583
0.532543
0.529745
0.522896
0.494638
0.508879
0.528163
0.521207
0.520824
0.528001
0.512458
0.5085
0.528191
0.50373
0.520167
0.521401
0.507837
0.523701
0.520629
0.520176
0.521797
0.513026
0.512072
0.556805
0.528344
0.526073
0.528755
0.517045
0.521379
0.511602
0.515154
0.506995
0.531521
0.528716
0.519216
0.527305
0.52308
0.545154
0.524789
0.555874
0.560107
0.523164
0.575885
0.524248
0.525815
0.53177
0.600935
0.531475
0.504817
0.526895
0.522996
0.524221
0.523291
0.528725
0.522647
0.530497
0.531318
0.527227
0.595374
0.517605
0.516247
0.512596
0.503516
0.543998
0.543238
0.515917
0.517671
0.527809
0.522333
0.525626
0.529281
0.53128
0.548959
0.519171
0.596576
0.5147
0.518808
0.524861
0.558009
0.57145
0.524077
0.523115
0.59589
0.523509
0.518059
0.522969
0.556722
0.525731
0.528029
0.529065
0.520367
0.51351
0.506568
0.589751
0.519201
0.521693
0.518419
0.539519
0.527779
0.52962
0.507402
0.570985
0.514806
0.516014
0.541007
0.513543
0.510328
0.516962
0.525323
0.52278
0.522356
0.53154
0.525521
0.519661
0.545388
0.51936
0.51172
0.529257
0.589697
0.505583
0.505582
0.505469
0.505489
0.499334
0.532522
0.498117
0.506145
0.551635
0.520324
0.530067
0.527736
0.520012
0.5122
0.528387
0.515789
0.514231
0.526416
0.513789
0.606922
0.500204
0.520117
0.516144
0.516238
0.528999
0.529933
0.511412
0.507761
0.55588
0.497714
0.529573
0.527847
0.517647
0.528475
0.529283
0.521726
0.542336
0.512124
0.514762
0.525201
0.522181
0.524455
0.513654
0.511836
0.51168
0.509488
0.506717
0.522251
0.497591
0.514527
0.535657
0.54174
0.516207
0.526237
0.526531
0.50998
0.52103
0.528362
0.526762
0.525539
0.523285
0.532878
0.498919
0.504385
0.518923
0.569895
0.592125
0.565637
0.527172
0.52212
0.523838
0.604099
0.526543
0.55723
0.531354
0.518224
0.518874
0.517808
0.513437
0.57984
0.498202
0.528057
0.528083
0.522183
0.521424
0.508328
0.515164
0.513965
0.569661
0.525522
0.517891
0.57839
0.609289
0.509145
0.529789
0.525593
0.525483
0.504162
0.509334
0.51352
0.532618
0.531843
0.535827
0.573099
0.571886
0.504516
0.529087
0.550658
0.533275
0.537908
0.530548
0.52843
0.525396
0.579891
0.516565
0.529598
0.526122
0.56696
0.512401
0.519339
0.505588
0.519563
0.59329
0.602024
0.509789
0.512153
0.507561
0.509574
0.582768
0.576164
0.531065
0.57294
0.509848
0.545952
0.516108
0.519228
0.552208
0.533135
0.526945
0.523741
0.558807
0.508905
0.530526
0.52022
0.535698
0.529768
0.528846
0.509442
0.523573
0.52463
0.548908
0.514884
0.505952
0.524988
0.523902
0.520953
0.525647
0.505494
0.504268
0.505986
0.521176
0.51385
0.51789
0.533296
0.532442
0.499507
0.525772
0.525023
0.52101
0.51429
0.52774
0.52024
0.527322
0.524779
0.50599
0.499246
0.527589
0.504027
0.524054
0.555747
0.554462
0.504759
0.526792
0.521893
0.515115
0.527095
0.50442
0.526951
0.509076
0.584139
0.525208
0.52716
0.519946
0.530043
0.534206
0.510088
0.511535
0.52622
0.529142
0.525691
0.507644
0.515875
0.503319
0.512992
0.516883
0.512401
0.53408
0.526054
0.497571
0.520939
0.506332
0.509808
0.528878
0.545172
0.505338
0.502265
0.502724
0.52806
0.521308
0.513562
0.527969
0.543565
0.528406
0.531497
0.514398
0.527213
0.494818
0.529785
0.526969
0.516144
0.530443
0.52487
0.51036
0.56029
0.513966
0.528441
0.527973
0.528485
0.513474
0.50906
0.500064
0.525148
0.505425
0.565467
0.525282
0.561021
0.531763
0.521116
0.528557
0.52225
0.591648
0.524957
0.531925
0.602831
0.527903
0.579297
0.525549
0.527211
0.529173
0.528557
0.504529
0.525874
0.576165
0.49636
0.545432
0.526336
0.504458
0.529174
0.530218
0.503436
0.517713
0.527226
0.511148
0.516236
0.521148
0.517486
0.517908
0.552409
0.522961
0.512095
0.523705
0.521449
0.581132
0.567408
0.536065
0.512344
0.514757
0.519394
0.523389
0.538129
0.588898
0.515828
0.515311
0.558453
0.51617
0.510994
0.510148
0.512792
0.512517
0.50988
0.529992
0.585088
0.514679
0.516429
0.516614
0.52066
0.512354
0.513741
0.517435
0.515946
0.513619
0.568176
0.574403
0.51931
0.52655
0.522388
0.520343
0.520605
0.528152
0.549557
0.52442
0.525782
0.519964
0.520136
0.526695
0.521161
0.512783
0.514111
0.523109
0.578759
0.515622
0.559632
0.51368
0.515541
0.517592
0.517218
0.590714
0.518778
0.519861
0.516264
0.517714
0.5179
0.522075
0.518362
0.572801
0.56837
0.523807
0.512934
0.518456
0.517371
0.54169
0.527592
0.579422
0.508445
0.524432
0.536185
0.513693
0.521238
0.51686
0.558309
0.564156
0.573311
0.518031
0.521497
0.514559
0.51251
0.523511
0.514669
0.519679
0.51983
0.51871
0.51867
0.524319
0.512145
0.526002
0.517273
0.583289
0.518926
0.514091
0.520566
0.532754
0.515876
0.514431
0.516981
0.515562
0.522329
0.505233
0.522237
0.523617
0.569997
0.517768
0.511049
0.519405
0.520763
0.524286
0.587687
0.517406
0.518796
0.517842
0.519497
0.52054
0.524814
0.51852
0.516204
0.525667
0.521839
0.523759
0.578037
0.509152
0.517609
0.519916
0.574256
0.508948
0.519872
0.520978
0.518458
0.515629
0.539228
0.516259
0.527681
0.52158
0.515802
0.514119
0.521671
0.520448
0.518418
0.521352
0.524076
0.513979
0.510445
0.514194
0.519112
0.506442
0.516679
0.525109
0.518198
0.513189
0.516566
0.537388
0.523303
0.519848
0.516409
0.523294
0.5133
0.522952
0.522002
0.51854
0.51586
0.528346
0.519361
0.520546
0.512734
0.511053
0.520662
0.520039
0.517364
0.517231
0.514033
0.52269
0.520731
0.508224
0.521571
0.520699
0.520292
0.510865
0.531768
0.520058
0.51594
0.5218
0.53071
0.518023
0.561612
0.571271
0.570325
0.508575
0.591837
0.51663
0.5135
0.521281
0.512726
0.527113
0.523474
0.513254
0.521605
0.509637
0.517506
0.514383
0.509588
0.511734
0.513975
0.545465
0.510684
0.520394
0.516986
0.520381
0.514225
0.517681
0.521303
0.522425
0.581618
0.519051
0.565536
0.516587
0.512884
0.513883
0.506872
0.511833
0.518984
0.519776
0.566072
0.561305
0.558388
0.539807
0.52227
0.586373
0.570357
0.521428
0.521113
0.518534
0.520367
0.522073
0.565737
0.521085
0.512749
0.55482
0.507705
0.516533
0.518775
0.549949
0.516277
0.511678
0.523153
0.585996
0.528983
0.515913
0.523237
0.520535
0.516142
0.538832
0.514468
0.521006
0.534614
0.540455
0.51507
0.519909
0.523355
0.549924
0.550842
0.522097
0.543968
0.567896
0.55029
0.523488
0.528624
0.512956
0.523426
0.55857
0.543607
0.518709
0.519986
0.521126
0.527737
0.514508
0.519489
0.520533
0.520555
0.510177
0.513021
0.52271
0.564267
0.555855
0.516974
0.561671
0.508343
0.52121
0.522951
0.509682
0.519953
0.553478
0.523325
0.518224
0.51193
0.517062
0.516687
0.519496
0.504429
0.511869
0.518998
0.509113
0.507959
0.520589
0.552196
0.522349
0.515454
0.516396
0.521353
0.518328
0.507978
0.527776
0.548509
0.516172
0.564802
0.524485
0.569732
0.517588
0.519037
0.503278
0.517237
0.517307
0.517766
0.521363
0.564972
0.50788
0.502798
0.524853
0.52266
0.528744
0.520773
0.515624
0.521065
0.532627
0.52012
0.507981
0.517028
0.513195
0.522822
0.520377
0.554543
0.514001
0.506507
0.520293
0.521104
0.523528
0.521334
0.525657
0.571729
0.52402
0.524634
0.548504
0.527473
0.527996
0.520372
0.522127
0.501287
0.512283
0.520166
0.508573
0.599395
0.515406
0.524406
0.543344
0.50926
0.585047
0.519137
0.515629
0.518629
0.516184
0.61191
0.518379
0.583431
0.508169
0.524976
0.53557
0.515853
0.521359
0.522684
0.521078
0.519522
0.517601
0.513952
0.509279
0.509216
0.568288
0.522606
0.562809
0.524988
0.51752
0.524606
0.516404
0.550787
0.520964
0.524258
0.518433
0.518947
0.52625
0.525614
0.514558
0.521777
0.525223
0.555027
0.507122
0.521853
0.51736
0.525708
0.522619
0.524724
0.515203
0.566884
0.523851
0.521976
0.518015
0.583037
0.524362
0.52275
0.54789
0.520248
0.516483
0.522427
0.523268
0.522208
0.519401
0.566656
0.523853
0.510827
0.503724
0.532003
0.517354
0.528618
0.505188
0.524099
0.521859
0.52538
0.579467
0.54326
0.525061
0.522299
0.525156
0.511488
0.538191
0.515489
0.520144
0.517831
0.523971
0.521062
0.519844
0.572225
0.524089
0.517951
0.507348
0.517258
0.513386
0.506489
0.510523
0.518763
0.516922
0.538155
0.499612
0.515766
0.511515
0.525895
0.523547
0.528507
0.512569
0.516505
0.509409
0.520844
0.524814
0.514799
0.508156
0.506481
0.524052
0.516092
0.519204
0.509384
0.533424
0.527659
0.521036
0.521037
0.546699
0.569206
0.521381
0.516375
0.515824
0.515142
0.513984
0.514796
0.517373
0.506302
0.514452
0.528614
0.526877
0.514645
0.523669
0.526532
0.519581
0.500311
0.546943
0.511531
0.542554
0.515847
0.5145
0.520772
0.562717
0.520964
0.515105
