0.513801
0.507231
0.521382
0.518894
0.528214
0.524125
0.562222
0.572555
0.557272
0.526047
0.541531
0.543543
0.557503
0.544816
0.530719
0.529371
0.555501
0.518875
0.523793
0.521182
0.52443
0.516082
0.518339
0.51654
0.523939
0.518854
0.520087
0.521649
0.524325
0.519354
0.511079
0.544103
0.52749
0.523284
0.526406
0.525499
0.523251
0.516191
0.519626
0.531576
0.527392
0.516287
0.518417
0.518114
0.524529
0.520243
0.500786
0.524815
0.527085
0.526913
0.556007
0.516884
0.527573
0.525902
0.52296
0.528299
0.526465
0.52132
0.503683
0.508683
0.507214
0.56087
0.538622
0.537057
0.526115
0.506141
0.510809
0.510895
0.515867
0.500612
0.504807
0.524623
0.580256
0.56913
0.578163
0.516038
0.517098
0.513549
0.508915
0.50679
0.513923
0.510985
0.512214
0.546922
0.547577
0.520247
0.517191
0.516568
0.515014
0.518996
0.513271
0.512488
0.518249
0.503817
0.507035
0.52425
0.507425
0.505912
0.515441
0.520775
0.518213
0.520679
0.514989
0.519889
0.524352
0.529202
0.528034
0.517795
0.517858
0.516529
0.509057
0.509279
0.56506
0.555982
0.522707
0.526678
0.525709
0.529384
0.524869
0.505605
0.508492
0.508592
0.508738
0.592089
0.592602
0.563388
0.569464
0.527801
0.523211
0.502791
0.511451
0.538493
0.573928
0.507157
0.511876
0.508413
0.51255
0.514
0.511188
0.568335
0.514129
0.519043
0.525096
0.52377
0.528195
0.5154
0.514824
0.515929
0.569403
0.510663
0.512627
0.51875
0.516404
0.504532
0.507713
0.506928
0.512982
0.505669
0.505615
0.574322
0.532936
0.529161
0.525929
0.526986
0.596033
0.608946
0.508112
0.514279
0.518428
0.524788
0.52838
0.515131
0.512915
0.515155
0.575496
0.569223
0.582508
0.53215
0.523745
0.525158
0.50957
0.516136
0.50815
0.529595
0.527779
0.50699
0.554741
0.560361
0.520244
0.528385
0.526147
0.525243
0.524682
0.522687
0.52496
0.526547
0.525269
0.514236
0.510559
0.519195
0.514544
0.514679
0.508213
0.509097
0.518539
0.503716
0.540677
0.527528
0.581099
0.514953
0.518376
0.527899
0.521072
0.524168
0.50246
0.506504
0.515561
0.516019
0.516612
0.524279
0.582525
0.56436
0.532937
0.518823
0.519912
0.514559
0.509856
0.506355
0.56097
0.540878
0.522272
0.524736
0.529407
0.581521
0.570996
0.525884
0.524703
0.534308
0.534726
0.524068
0.59802
0.566247
0.515249
0.516652
0.530712
0.53174
0.516275
0.515868
0.498907
0.501256
0.523706
0.522152
0.523282
0.520835
0.520243
0.509386
0.510159
0.51887
0.521441
0.515859
0.523666
0.512414
0.515887
0.521341
0.522228
0.523077
0.523952
0.517584
0.522125
0.524524
0.567133
0.571901
0.572712
0.504131
0.528357
0.526143
0.526643
0.529337
0.497569
0.507329
0.506003
0.526409
0.533362
0.524169
0.542621
0.535231
0.522433
0.515988
0.518527
0.52089
0.522708
0.516262
0.516657
0.50924
0.519505
0.525736
0.521741
0.514051
0.510387
0.524351
0.526073
0.514794
0.52207
0.529947
0.533395
0.51486
0.518059
0.504372
0.505311
0.515776
0.520264
0.525939
0.526161
0.511376
0.581477
0.586277
0.525135
0.52573
0.531279
0.51782
0.518409
0.516199
0.514264
0.520146
0.521199
0.497774
0.50342
0.501098
0.546421
0.544538
0.541899
0.541006
0.51748
0.509837
0.520867
0.517546
0.53152
0.525632
0.529408
0.530786
0.525692
0.512519
0.516636
0.525443
0.524668
0.511061
0.520807
0.519429
0.512609
0.512703
0.530552
0.50255
0.519565
0.517899
0.519627
0.521175
0.527639
0.526397
0.526575
0.521497
0.505231
0.518343
0.530014
0.535575
0.505645
0.503308
0.505436
0.526312
0.518496
0.517565
0.580373
0.529165
0.526474
0.520893
0.527718
0.518757
0.55898
0.557833
0.550472
0.554955
0.52082
0.512879
0.513127
0.515404
0.516664
0.548592
0.519492
0.51258
0.580927
0.572749
0.515962
0.518825
0.519033
0.525473
0.503678
0.516374
0.573392
0.505354
0.519907
0.514399
0.513851
0.513728
0.518025
0.515101
0.504432
0.514819
0.514613
0.510744
0.508217
0.504566
0.507931
0.507849
0.515862
0.533106
0.530722
0.526092
0.509453
0.510427
0.525419
0.526411
0.516853
0.517873
0.518616
0.520318
0.522026
0.521671
0.523844
0.536539
0.522139
0.50559
0.506651
0.503157
0.512951
0.510063
0.520576
0.525254
0.515596
0.513621
0.52704
0.50287
0.526305
0.52434
0.504345
0.499518
0.509303
0.505013
0.576763
0.516841
0.516688
0.514907
0.518083
0.520751
0.517067
0.519655
0.504653
0.506107
0.517338
0.516035
0.517212
0.514022
0.520856
0.519922
0.522949
0.525982
0.537595
0.533365
0.524736
0.529125
0.494318
0.503143
0.517551
0.504514
0.520894
0.527355
0.568612
0.502496
0.520657
0.520228
0.5241
0.518411
0.518074
0.519634
0.511784
0.51539
0.511198
0.578009
0.590744
0.50533
0.604927
0.52787
0.524374
0.526066
0.530822
0.522119
0.504257
0.500201
0.510939
0.51233
0.513664
0.548356
0.515612
0.518425
0.517527
0.515381
0.518293
0.521349
0.518925
0.516414
0.517449
0.50235
0.507933
0.513719
0.519801
0.510821
0.514249
0.510697
0.517706
0.515686
0.49839
0.503791
0.518241
0.504431
0.519834
0.523081
0.511773
0.520445
0.524504
0.56141
0.552383
0.577527
0.559117
0.585686
0.506108
0.521877
0.527744
0.531517
0.532136
0.513627
0.507665
0.506059
0.509797
0.514148
0.515589
0.53596
0.525146
0.531113
0.527679
0.52494
0.550574
0.562032
0.525138
0.523974
0.524687
0.524631
0.523369
0.528134
0.526411
0.501091
0.521668
0.520343
0.526154
0.517521
0.519277
0.517063
0.514749
0.517401
0.531169
0.526222
0.524154
0.554919
0.519179
0.526887
0.538706
0.518426
0.521571
0.503131
0.51305
0.509037
0.515575
0.51438
0.51535
0.514527
0.499376
0.526221
0.509802
0.520475
0.517886
0.518942
0.528715
0.508556
0.509607
0.533079
0.519905
0.526902
0.529719
0.5257
0.523363
0.514033
0.578237
0.571224
0.510568
0.515865
0.515637
0.517748
0.502895
0.50509
0.521279
0.519583
0.521803
0.526038
0.546433
0.530275
0.511627
0.512971
0.57565
0.572992
0.576854
0.51694
0.521288
0.516446
0.510076
0.51765
0.558295
0.553222
0.50427
0.522313
0.522845
0.518022
0.522491
0.518492
0.513163
0.530236
0.499641
0.506462
0.529877
0.521194
0.517899
0.516797
0.515564
0.521135
0.513714
0.516888
0.517784
0.522886
0.533828
0.514607
0.5198
0.518232
0.519548
0.530716
0.541868
0.502966
0.523926
0.515464
0.512134
0.525524
0.522571
0.527809
0.527981
0.528156
0.525962
0.519116
0.524336
0.520992
0.524629
0.508092
0.509987
0.511551
0.523824
0.524043
0.518835
0.51415
0.524597
0.540742
0.547314
0.537341
0.516376
0.550471
0.524526
0.516067
0.500412
0.524437
0.51947
0.520202
0.501852
0.592314
0.513915
0.530416
0.503345
0.525426
0.51537
0.515512
0.51247
0.522734
0.519379
0.524436
0.516298
0.515899
0.506591
0.499778
0.555021
0.51271
0.497931
0.501789
0.519852
0.525379
0.525442
0.511528
0.513369
0.525701
0.533074
0.516652
0.573913
0.524371
0.512168
0.550822
0.544387
0.515026
0.531808
0.52477
0.531661
0.550563
0.524274
0.525158
0.521678
0.516272
0.509
0.510446
0.519303
0.518871
0.517585
0.517456
0.518658
0.516614
0.529468
0.51645
0.526053
0.530379
0.498033
0.503815
0.518304
0.517
0.531141
0.555053
0.500104
0.585126
0.616139
0.59335
0.514645
0.580789
0.528048
0.513592
0.521993
0.512898
0.523908
0.513802
0.515544
0.522251
0.525609
0.521303
0.530862
0.526954
0.52196
0.521813
0.509
0.501065
0.560593
0.505233
0.505835
0.541191
0.523564
0.521905
0.513786
0.529357
0.521894
0.53302
0.524643
0.532132
0.520655
0.529484
0.52739
0.551777
0.546468
0.567692
0.58033
0.556736
0.517113
0.515414
0.524606
0.547204
0.566769
0.519341
0.590106
0.586928
0.507772
0.510733
0.516675
0.520245
0.508354
0.513469
0.51351
0.515024
0.520203
0.533475
0.535353
0.538994
0.52386
0.519105
0.515187
0.517015
0.522592
0.518913
0.576366
0.523112
0.532639
0.524214
0.511044
0.50458
0.508236
0.504159
0.508577
0.527319
0.513756
0.521053
0.515097
0.527805
0.525955
0.506178
0.508069
0.517677
0.51625
0.525401
0.519354
0.519047
0.517937
0.516329
0.51989
0.539977
0.540087
0.519491
0.501237
0.499904
0.518741
0.529335
0.522467
0.519727
0.528058
0.510938
0.524675
0.520436
0.524327
0.525414
0.58391
0.592259
0.51552
0.512125
0.519269
0.500681
0.506792
0.525851
0.513877
0.515428
0.531361
0.533617
0.530763
0.564545
0.572791
0.530254
0.514009
0.526058
0.524151
0.521996
0.529379
0.511403
0.50875
0.506985
0.532895
0.506498
0.514223
0.512273
0.513896
0.538877
0.52505
0.52101
0.592195
0.527967
0.529299
0.524992
0.567752
0.525595
0.589121
0.590718
0.530004
0.583283
0.539336
0.505687
0.508977
0.507987
0.508957
0.511257
0.513097
0.515591
0.51432
0.527528
0.522652
0.507474
0.511435
0.50666
0.528983
0.524348
0.504369
0.527373
0.527455
0.534192
0.529302
0.560929
0.544544
0.553784
0.530276
0.505751
0.520667
0.507873
0.511073
0.514623
0.511525
0.516055
0.5073
0.512698
0.511638
0.518202
0.530448
0.527625
0.523302
0.520886
0.539607
0.539574
0.542741
0.529686
0.530614
0.548705
0.543839
0.521865
0.519034
0.524383
0.518388
0.523699
0.528909
0.527464
0.506799
0.513078
0.51785
0.518666
0.520785
0.546285
0.540564
0.528331
0.525172
0.527092
0.521978
0.518621
0.52011
0.523985
0.511918
0.505718
0.521235
0.514993
0.5235
0.50729
0.578595
0.524133
0.501284
0.501712
0.515645
0.532106
0.501335
0.523495
0.522116
0.523035
0.524074
0.528747
0.514073
0.514875
0.51207
0.524531
0.523399
0.540322
0.571001
0.524889
0.521036
0.52629
0.515835
0.531028
0.530299
0.523317
0.501954
0.50775
0.529108
0.506841
0.503856
0.521326
0.540213
0.538074
0.51826
0.516803
0.510295
0.521958
0.590176
0.599855
0.527148
0.527371
0.533953
0.587843
0.495982
0.566784
0.553949
0.499144
0.52583
0.523473
0.521703
0.511047
0.517591
0.518267
0.530942
0.508394
0.522051
0.49688
0.527774
0.574616
0.529219
0.501829
0.504999
0.517009
0.594109
0.514835
0.505274
0.511572
0.541363
0.515891
0.520091
0.529006
0.515914
0.528976
0.528832
0.525215
0.601391
0.528017
0.51229
0.510647
0.528314
0.524899
0.530787
0.514555
0.520311
0.516645
0.529727
0.530258
0.528427
0.529142
0.523009
0.518543
0.534353
0.516125
0.538947
0.509543
0.50997
0.501871
0.504397
0.522275
0.516263
0.536552
0.528393
0.508438
0.55227
0.507773
0.527521
0.523081
0.530292
0.52568
0.525202
0.527366
0.531979
0.520968
0.50616
0.513347
0.516071
0.5034
0.544248
0.519093
0.505757
0.54603
0.515865
0.531834
0.587204
0.568046
0.568093
0.51353
0.517141
0.514469
0.573876
0.526952
0.524551
0.527131
0.519273
0.510193
0.510421
0.511374
0.5536
0.510019
0.517839
0.514121
0.525221
0.523578
0.527166
0.50092
0.525858
0.526071
0.514364
0.501988
0.524381
0.529235
0.552061
0.529078
0.52899
0.516688
0.510707
0.519741
0.512737
0.527153
0.512189
0.514361
0.573722
0.527775
0.556549
0.511348
0.499682
0.509727
0.510604
0.53024
0.522708
0.581275
0.520885
0.50727
0.529781
0.499595
0.505952
0.58496
0.576057
0.500129
0.53205
0.558281
0.553061
0.539682
0.523085
0.512568
0.52001
0.605567
0.567785
0.520426
0.502965
0.50726
0.521786
0.507381
0.525995
0.516298
0.517097
0.518182
0.51777
0.51723
0.528415
0.514315
0.509674
0.518725
0.519823
0.529138
0.528124
0.524475
0.496064
0.52685
0.527883
0.527063
0.506227
0.500732
0.524953
0.530255
0.534538
0.56047
0.516329
0.506892
0.528133
0.515661
0.501959
0.603603
0.530128
0.572374
0.523782
0.559326
0.502132
0.507779
0.515312
0.500321
0.503633
0.506552
0.525618
0.531382
0.601939
0.516158
0.573183
0.526612
0.511388
0.530226
0.546149
0.526779
0.524949
0.497177
0.515045
0.523113
0.518996
0.508612
0.509125
0.532518
0.534026
0.508701
0.501023
0.560755
0.526677
0.530918
0.497578
0.517738
0.5333
0.542382
0.538483
0.538289
0.522222
0.495263
0.515718
0.52544
0.524597
0.529629
0.526654
0.550243
0.526988
0.497461
0.51387
0.505238
0.515645
0.539781
0.516941
0.5201
0.514856
0.504185
0.564588
0.567501
0.534852
0.525231
0.563428
0.503266
0.502669
0.550179
0.508664
0.511569
0.528884
0.528278
0.51428
0.514971
0.529746
0.527927
0.524253
0.5275
0.525984
0.528833
0.54522
0.603279
0.526417
0.523324
0.507449
0.576466
0.504793
0.546296
0.508824
0.511118
0.510709
0.498234
0.525706
0.512586
0.525508
0.528334
0.535009
0.498985
0.503693
0.532216
0.513613
0.51798
0.5162
0.505649
0.534739
0.527044
0.520053
0.513505
0.572836
0.528782
0.533059
0.571826
0.573314
0.535316
0.527717
0.521779
0.514426
0.567407
0.558918
0.602947
0.531302
0.50824
0.519048
0.530544
0.529912
0.525034
0.524742
0.520437
0.515892
0.526562
0.525478
0.528501
0.499149
0.535715
0.51504
0.49969
0.499518
0.514985
0.575017
0.508569
0.499888
0.525054
0.503881
0.5277
0.514699
0.555092
0.566104
0.524785
0.518162
0.539235
0.500851
0.529446
0.507964
0.528187
0.515786
0.517497
0.54772
0.579337
0.530651
0.502797
0.525924
0.515772
0.509451
0.530033
0.499134
0.540162
0.51918
0.579348
0.540128
0.508432
0.499875
0.509138
0.506993
0.530777
0.529283
0.531746
0.516223
0.522764
0.526603
0.509146
0.504638
0.499498
0.560905
0.514106
0.55466
0.508102
0.528694
0.560094
0.517602
0.595085
0.585195
0.512798
0.516766
0.515584
0.519996
0.506182
0.530591
0.526467
0.514992
0.509174
0.574071
0.526372
0.507035
0.505235
0.506604
0.517867
0.530096
0.512614
0.504345
0.529021
0.526704
0.520104
0.515987
0.519594
0.506621
0.530498
0.513111
0.531152
0.527705
0.509326
0.546493
0.511436
0.518652
0.616598
0.528264
0.557869
0.502708
0.513349
0.527186
0.502316
0.545205
0.531566
0.530197
0.529953
0.527022
0.519188
0.513587
0.514604
0.524548
0.518902
0.525542
0.530928
0.531398
0.520571
0.576768
0.51008
0.517018
0.52411
0.521822
0.509103
0.5806
0.52355
0.518741
0.549118
0.562503
0.512448
0.573782
0.577031
0.512384
0.52364
0.523733
0.517341
0.544603
0.52371
0.559234
0.517407
0.5169
0.506482
0.519842
0.516514
0.520071
0.524005
0.516836
0.524514
0.522961
0.511368
0.513952
0.51297
0.51989
0.575224
0.518546
0.512301
0.521505
0.518933
0.520275
0.518948
0.523961
0.51707
0.51391
0.517119
0.542468
0.517665
0.511461
0.517401
0.520856
0.519679
0.523541
0.511644
0.507667
0.524141
0.523913
0.523404
0.524102
0.512663
0.517688
0.524473
0.510586
0.518753
0.519682
0.519577
0.522146
0.539443
0.535259
0.517473
0.504864
0.507225
0.522317
0.542589
0.54569
0.53971
0.522626
0.501971
0.514632
0.512942
0.546243
0.525166
0.51851
0.51995
0.525072
0.558846
0.516001
0.523782
0.514708
0.531206
0.54788
0.517835
0.521827
0.509221
0.540603
0.523219
0.51676
0.512303
0.514104
0.514417
0.520515
0.532834
0.539698
0.512636
0.593625
0.520751
0.522287
0.516628
0.522672
0.521227
0.514001
0.514425
0.521095
0.512925
0.53023
0.51367
0.512686
0.526759
0.548025
0.546836
0.544491
0.525207
0.509537
0.511986
0.511992
0.52461
0.520669
0.520372
0.576328
0.519577
0.516301
0.522307
0.520569
0.510335
0.524067
0.526923
0.532973
0.53039
0.53082
0.513953
0.516279
0.520737
0.520421
0.510324
0.52393
0.51537
0.518862
0.539306
0.533766
0.531621
0.522214
0.516112
0.516632
0.514951
0.520806
0.519541
0.513704
0.516077
0.519919
0.517316
0.518682
0.517062
0.517635
0.517303
0.52312
0.518675
0.527888
0.544879
0.522463
0.517792
0.516344
0.514383
0.517126
0.516711
0.514897
0.512019
0.515975
0.540272
0.536132
0.519267
0.515112
0.510681
0.517921
0.512902
0.512899
0.52339
0.516593
0.522269
0.515889
0.540434
0.524803
0.517262
0.517976
0.518172
0.529698
0.569167
0.521391
0.519369
0.516705
0.519409
0.510946
0.518192
0.522156
0.519496
0.5302
0.519583
0.507359
0.520775
0.523702
0.518765
0.518046
0.517857
0.549976
0.5323
0.520012
0.51628
0.520318
0.520616
0.57874
0.567304
0.583764
0.51064
0.518236
0.532134
0.556327
0.54498
0.508814
0.522705
0.52309
0.512572
0.584767
0.548993
0.511005
0.521414
0.512235
0.514586
0.513122
0.521478
0.522544
0.572373
0.519709
0.515208
0.517654
0.515373
0.557017
0.567351
0.514278
0.520114
0.50892
0.515593
0.517357
0.554839
0.572572
0.514352
0.515844
0.516524
0.513753
0.51335
0.572715
0.584759
0.512838
0.565605
0.52447
0.514752
0.514146
0.556884
0.517707
0.517154
0.512843
0.515588
0.567627
0.51314
0.520816
0.510871
0.519883
0.525096
0.511961
0.518832
0.514555
0.511835
0.516525
0.522086
0.549584
0.522434
0.523931
0.523838
0.520717
0.520208
0.516042
0.517808
0.583877
0.518461
0.514448
0.518628
0.511868
0.524588
0.522542
0.524461
0.519503
0.527764
0.503194
0.51594
0.558529
0.50592
0.516353
0.534298
0.516495
0.519114
0.524105
0.560036
0.517821
0.515749
0.519885
0.518788
0.529454
0.523971
0.523424
0.520734
0.540506
0.519226
0.518361
0.514979
0.558904
0.522412
0.567213
0.525967
0.51704
0.505594
0.517579
0.518756
0.512238
0.519114
0.572149
0.621463
0.514527
0.521389
0.526931
0.520791
0.527093
0.533073
0.52578
0.510343
0.56313
0.521587
0.523889
0.523089
0.518532
0.516829
0.521105
0.529376
0.540022
0.524615
0.514423
0.521189
0.52605
0.524208
0.507857
0.520877
0.506997
0.550771
0.519085
0.5223
0.520087
0.510044
0.529161
0.523714
0.527306
0.515441
0.519825
0.575802
0.517231
0.52226
0.521713
0.505068
0.515521
0.520663
0.513887
0.535994
0.557248
0.511524
0.51998
0.523833
0.523318
0.510073
0.531785
0.513256
0.52383
0.51294
0.513541
0.524893
0.511455
0.515025
0.518235
0.511098
0.526443
0.526985
0.526126
0.520939
0.526745
0.595879
0.510884
0.515867
0.513271
0.527279
0.513995
0.518157
0.514772
0.502553
0.517419
0.52614
0.521129
0.511585
0.53427
0.509541
0.519233
0.536864
0.513559
0.582699
0.517205
0.520974
0.573442
0.528332
0.52342
0.516241
0.510593
0.526004
0.536519
0.516616
0.519819
0.526948
0.555705
0.513441
0.521894
0.521532
0.51644
0.517847
0.521512
0.526854
0.510376
0.513802
0.515535
0.522042
0.52711
0.523297
0.521754
0.578996
0.55524
0.554798
0.516554
0.508919
0.516572
0.514187
0.579931
0.514852
0.508161
0.53156
0.517114
0.532672
0.529572
0.527811
0.508315
0.517545
0.51345
0.522839
0.506147
0.517533
0.533702
0.521102
0.524142
0.532552
0.558067
0.526062
0.526575
0.521963
0.518847
0.565025
0.512685
0.50513
0.517357
0.582341
0.517261
0.510599
0.560076
0.533521
0.519257
0.516717
0.515969
0.519321
0.510853
0.516547
0.52414
0.523016
0.526598
0.519768
0.502071
0.525412
0.563931
0.52251
0.522956
0.521005
0.516912
0.535818
0.517596
0.519113
0.522537
0.524539
0.518112
0.515729
0.545607
0.522556
0.525523
