0.520067
0.514317
0.52147
0.582611
0.591858
0.587353
0.521853
0.51899
0.522511
0.543884
0.531358
0.564144
0.513598
0.513991
0.521067
0.524786
0.526106
0.524783
0.526093
0.526582
0.522064
0.51556
0.509582
0.512884
0.542448
0.532241
0.52023
0.524983
0.530589
0.523548
0.52708
0.521977
0.52112
0.513277
0.512992
0.512425
0.511363
0.531831
0.529054
0.514986
0.517584
0.519199
0.518063
0.518072
0.529284
0.526308
0.563173
0.530687
0.526646
0.528742
0.515379
0.497213
0.52782
0.531304
0.540598
0.516211
0.517435
0.516644
0.526131
0.523951
0.525603
0.506786
0.506634
0.567198
0.564576
0.555445
0.535979
0.540704
0.53508
0.538218
0.524657
0.505468
0.505292
0.505638
0.518525
0.528882
0.524806
0.590069
0.583131
0.576385
0.514228
0.50915
0.508212
0.513654
0.511458
0.512109
0.546809
0.518292
0.523887
0.518133
0.506113
0.516089
0.51514
0.510722
0.51304
0.512761
0.51326
0.500488
0.497962
0.529132
0.502392
0.500096
0.511397
0.504429
0.511171
0.516881
0.514406
0.516929
0.516512
0.507491
0.578948
0.587417
0.573491
0.561318
0.571462
0.527032
0.522453
0.525727
0.526437
0.53043
0.528392
0.507678
0.505926
0.510961
0.510199
0.510436
0.561784
0.566174
0.524798
0.528914
0.524287
0.526271
0.52011
0.501261
0.533835
0.530276
0.539524
0.556607
0.549899
0.505388
0.51058
0.505794
0.524698
0.520817
0.514687
0.509713
0.510563
0.516392
0.515276
0.528329
0.513568
0.5886
0.628364
0.613257
0.626013
0.624594
0.62885
0.526941
0.529229
0.513048
0.515023
0.549379
0.531463
0.526673
0.515177
0.524992
0.526814
0.519475
0.537985
0.505259
0.519674
0.516901
0.523587
0.520678
0.529354
0.525643
0.526165
0.50804
0.506448
0.51518
0.531902
0.520083
0.517612
0.501971
0.507678
0.511957
0.508602
0.527139
0.505538
0.507622
0.517003
0.527205
0.526104
0.597135
0.513132
0.511024
0.528311
0.528578
0.525411
0.517941
0.510548
0.511833
0.507275
0.528279
0.580218
0.560363
0.513721
0.511815
0.526345
0.526829
0.51941
0.522676
0.524969
0.521513
0.509256
0.512453
0.499264
0.505288
0.51588
0.516257
0.515882
0.517829
0.523566
0.524317
0.574941
0.570041
0.521093
0.597103
0.618505
0.51464
0.513561
0.510238
0.50647
0.560487
0.54401
0.520687
0.523957
0.522609
0.530044
0.526514
0.554893
0.563138
0.555766
0.520797
0.519527
0.516035
0.528816
0.534334
0.526493
0.515877
0.515756
0.506042
0.49964
0.521482
0.516013
0.511057
0.512985
0.51215
0.51653
0.517325
0.521833
0.521964
0.521781
0.525308
0.517262
0.498521
0.515579
0.519632
0.582763
0.512905
0.529491
0.526039
0.525724
0.524694
0.506844
0.502385
0.517769
0.523881
0.534282
0.538389
0.529221
0.526846
0.522408
0.516613
0.519438
0.521151
0.518683
0.522337
0.518717
0.519451
0.509665
0.521566
0.520647
0.526211
0.522074
0.52235
0.509246
0.513417
0.539734
0.529343
0.528693
0.533696
0.501511
0.526756
0.512137
0.513327
0.514808
0.519821
0.523325
0.511552
0.510215
0.523916
0.524546
0.525642
0.531617
0.517865
0.514072
0.514081
0.523867
0.519451
0.521906
0.545698
0.542623
0.524487
0.50679
0.503221
0.540709
0.538081
0.52858
0.582636
0.58386
0.50975
0.516357
0.528367
0.531394
0.52616
0.513649
0.513819
0.513142
0.507507
0.510323
0.517429
0.506763
0.509358
0.524347
0.504414
0.504277
0.515425
0.51564
0.527905
0.526895
0.504025
0.528353
0.506341
0.504499
0.506522
0.529411
0.52822
0.508193
0.511234
0.509757
0.606731
0.497118
0.527809
0.525249
0.529396
0.53003
0.527535
0.515846
0.521001
0.562231
0.543698
0.525915
0.521951
0.518643
0.518859
0.590703
0.52286
0.517463
0.517092
0.517561
0.522571
0.527604
0.557371
0.581256
0.571973
0.505622
0.50472
0.514673
0.519407
0.502542
0.512095
0.513887
0.51302
0.512879
0.511729
0.548149
0.510782
0.512512
0.511202
0.503535
0.506129
0.51122
0.511702
0.52581
0.525673
0.516935
0.519921
0.516071
0.513287
0.528888
0.52557
0.530202
0.533598
0.522292
0.511014
0.501397
0.504109
0.50538
0.502756
0.512312
0.518635
0.517851
0.511238
0.506492
0.507553
0.507273
0.504192
0.515475
0.530589
0.525926
0.54439
0.528175
0.519658
0.516746
0.51637
0.52842
0.505137
0.516902
0.515611
0.516743
0.60606
0.51834
0.514931
0.525375
0.538273
0.528533
0.518981
0.517236
0.511925
0.522554
0.523515
0.523301
0.567421
0.518158
0.521926
0.520523
0.518531
0.51767
0.587346
0.578424
0.515789
0.511594
0.525936
0.530986
0.525935
0.509835
0.549818
0.558545
0.509562
0.510658
0.502072
0.516926
0.517504
0.517084
0.517477
0.517561
0.505058
0.507505
0.507568
0.501437
0.509558
0.514467
0.509095
0.514561
0.500443
0.526419
0.514958
0.512523
0.516281
0.545019
0.546438
0.571127
0.598667
0.539239
0.594679
0.524018
0.520418
0.532599
0.523987
0.501987
0.50333
0.511002
0.513645
0.515832
0.525293
0.528498
0.527106
0.525602
0.541529
0.519041
0.521363
0.523048
0.521227
0.528569
0.521924
0.518912
0.51968
0.52573
0.524458
0.529771
0.508415
0.516274
0.530925
0.52723
0.55574
0.54238
0.524442
0.528228
0.500038
0.515463
0.511195
0.509812
0.529883
0.510726
0.508481
0.514287
0.529711
0.517826
0.530192
0.531414
0.527208
0.538253
0.527657
0.529851
0.513145
0.508124
0.515012
0.502407
0.52158
0.523188
0.535289
0.529656
0.584457
0.590115
0.517828
0.520938
0.518364
0.507855
0.52674
0.516313
0.549538
0.559244
0.498179
0.524088
0.52735
0.52624
0.510095
0.512095
0.523257
0.518713
0.556077
0.513954
0.514612
0.511424
0.512457
0.520026
0.518645
0.516592
0.523194
0.529808
0.515017
0.515507
0.562382
0.562872
0.532808
0.514601
0.540732
0.515067
0.499882
0.526284
0.523641
0.515726
0.524511
0.519989
0.526983
0.527463
0.529652
0.523071
0.526507
0.519739
0.498356
0.526657
0.528179
0.521731
0.512855
0.513363
0.520928
0.52266
0.520503
0.520099
0.527524
0.527455
0.547233
0.534543
0.51466
0.54997
0.545953
0.552984
0.525524
0.52935
0.539436
0.5769
0.518099
0.518106
0.497692
0.505442
0.529705
0.509083
0.612918
0.591267
0.547045
0.529883
0.502324
0.519129
0.555539
0.523666
0.517234
0.518251
0.515873
0.511629
0.523306
0.524139
0.518258
0.505502
0.610446
0.520189
0.52365
0.52334
0.529137
0.525553
0.521502
0.504162
0.532911
0.521569
0.519455
0.495685
0.520649
0.512979
0.510822
0.544858
0.512494
0.516204
0.531625
0.52882
0.532133
0.547685
0.51185
0.508184
0.514184
0.526669
0.524743
0.555696
0.504876
0.512154
0.508087
0.524802
0.527383
0.517437
0.519041
0.515039
0.519406
0.516095
0.517485
0.51235
0.514075
0.515573
0.515187
0.516072
0.529517
0.5217
0.51542
0.523415
0.526521
0.498028
0.504936
0.52867
0.502211
0.544227
0.556117
0.612234
0.606598
0.596408
0.526412
0.576038
0.526796
0.516337
0.514095
0.506364
0.51492
0.523216
0.530416
0.532022
0.521706
0.510672
0.519761
0.526486
0.523435
0.509925
0.513326
0.504414
0.507015
0.512771
0.508593
0.507678
0.510743
0.51977
0.514931
0.524122
0.518017
0.50152
0.561267
0.515409
0.562171
0.561187
0.541128
0.513373
0.517552
0.525459
0.523138
0.534387
0.526972
0.522152
0.526406
0.497317
0.519416
0.527051
0.552824
0.514244
0.511684
0.541801
0.523445
0.571847
0.564023
0.579601
0.526096
0.524311
0.602439
0.579418
0.530322
0.506823
0.507984
0.51671
0.521418
0.518125
0.514697
0.513928
0.535404
0.534569
0.534363
0.52481
0.518915
0.511257
0.522049
0.520348
0.51644
0.589037
0.524329
0.531474
0.532405
0.506604
0.507466
0.509643
0.50772
0.506937
0.520389
0.503972
0.508112
0.514056
0.524103
0.521485
0.512368
0.506125
0.513793
0.51869
0.515173
0.524241
0.514083
0.518973
0.540479
0.515632
0.517468
0.499799
0.518025
0.519553
0.512899
0.528307
0.496759
0.521827
0.515712
0.525393
0.529797
0.525898
0.530373
0.525482
0.526901
0.525313
0.518653
0.527451
0.527092
0.512059
0.551802
0.534167
0.511248
0.512566
0.506469
0.501248
0.503947
0.515773
0.51387
0.515663
0.514
0.530447
0.52813
0.498237
0.498111
0.533202
0.536612
0.510126
0.511948
0.567527
0.562468
0.530486
0.514269
0.525883
0.522972
0.529589
0.529852
0.509469
0.509976
0.510858
0.508227
0.535021
0.501259
0.52677
0.533402
0.538017
0.536501
0.522474
0.515362
0.575142
0.591271
0.519929
0.524006
0.509416
0.645771
0.529829
0.530979
0.525916
0.512402
0.52986
0.52293
0.505696
0.508806
0.49971
0.498689
0.505566
0.537271
0.50595
0.508852
0.527244
0.522389
0.508004
0.511746
0.508162
0.513709
0.510485
0.511576
0.514229
0.514807
0.526282
0.509654
0.512078
0.525547
0.503614
0.527674
0.505018
0.521201
0.519666
0.515294
0.532317
0.569704
0.554916
0.502061
0.564095
0.502316
0.500848
0.524203
0.508461
0.517116
0.518393
0.526524
0.513934
0.514061
0.502084
0.497886
0.529231
0.523533
0.605601
0.519438
0.520665
0.52518
0.544504
0.538122
0.522313
0.530234
0.527871
0.553633
0.542234
0.515569
0.550695
0.519688
0.518861
0.530792
0.528451
0.528243
0.505922
0.507301
0.530504
0.518501
0.518586
0.51697
0.555813
0.545773
0.53939
0.527951
0.52324
0.520186
0.522571
0.549345
0.526714
0.513796
0.521087
0.513044
0.580985
0.526324
0.504839
0.565477
0.516545
0.522197
0.524242
0.498136
0.524202
0.529757
0.510286
0.513677
0.515576
0.526634
0.526929
0.523516
0.514909
0.544581
0.516943
0.52049
0.591454
0.520188
0.517368
0.520787
0.526875
0.524862
0.529904
0.515917
0.518468
0.518281
0.501386
0.505945
0.509679
0.517954
0.517767
0.517371
0.50355
0.506076
0.52137
0.542129
0.538005
0.516961
0.510228
0.505894
0.520414
0.510558
0.512115
0.520438
0.628091
0.607601
0.581995
0.525432
0.522125
0.515951
0.588344
0.525111
0.529744
0.529407
0.56
0.513008
0.509248
0.500376
0.52598
0.573363
0.524989
0.526264
0.530346
0.53118
0.507181
0.521994
0.519019
0.516519
0.515852
0.531012
0.515068
0.519074
0.51859
0.508585
0.547762
0.512446
0.526123
0.603983
0.529572
0.502937
0.531671
0.597604
0.512421
0.501356
0.509733
0.515923
0.515113
0.506996
0.529601
0.548013
0.528503
0.606017
0.528628
0.509568
0.50909
0.534167
0.530935
0.534247
0.516818
0.514735
0.519093
0.60673
0.58836
0.531154
0.528319
0.528783
0.529338
0.502717
0.569681
0.594542
0.509625
0.501921
0.519681
0.529535
0.52136
0.524526
0.537758
0.528497
0.526396
0.588257
0.499931
0.530266
0.59724
0.512966
0.5026
0.520946
0.5239
0.530136
0.545828
0.54149
0.515297
0.528835
0.531666
0.515811
0.545814
0.51392
0.532683
0.537784
0.538141
0.507122
0.517465
0.562486
0.528034
0.507965
0.509328
0.510425
0.533009
0.532424
0.51503
0.525168
0.500274
0.53827
0.514623
0.549611
0.508907
0.527133
0.525554
0.508067
0.521399
0.510173
0.518595
0.528349
0.633544
0.506735
0.623934
0.597253
0.520558
0.508262
0.514815
0.528702
0.502139
0.505452
0.589017
0.522493
0.500896
0.532384
0.527191
0.53364
0.634084
0.593815
0.599406
0.513107
0.519579
0.505655
0.527077
0.521719
0.505731
0.495432
0.513298
0.519418
0.513415
0.513183
0.525095
0.510856
0.529108
0.523524
0.518867
0.519451
0.515087
0.519694
0.520109
0.53061
0.531096
0.524468
0.531192
0.528037
0.526777
0.531654
0.528649
0.525393
0.525309
0.514704
0.514632
0.500854
0.508456
0.509315
0.529924
0.570693
0.497822
0.530951
0.528954
0.502359
0.502184
0.607708
0.499747
0.52958
0.554906
0.589102
0.505441
0.566936
0.552033
0.586933
0.576378
0.528911
0.544543
0.514666
0.515396
0.526995
0.499531
0.521508
0.516218
0.597407
0.51675
0.500652
0.536427
0.504328
0.527566
0.516003
0.62593
0.514921
0.526553
0.508351
0.528129
0.524543
0.527427
0.524623
0.529505
0.50125
0.498263
0.520933
0.515628
0.527651
0.50576
0.535602
0.527818
0.529687
0.529524
0.503842
0.50806
0.622626
0.527632
0.496679
0.514203
0.530886
0.535022
0.536088
0.536459
0.518021
0.519446
0.503062
0.526516
0.496565
0.499117
0.495906
0.509719
0.530195
0.524265
0.529668
0.53025
0.526529
0.531159
0.530254
0.541518
0.496508
0.525811
0.505673
0.507672
0.515805
0.530212
0.5295
0.501626
0.57881
0.552621
0.503219
0.509645
0.606497
0.531146
0.535005
0.525348
0.522895
0.518551
0.5149
0.527523
0.52801
0.514907
0.52483
0.514663
0.551754
0.576446
0.525933
0.502897
0.522636
0.505892
0.507713
0.512774
0.505396
0.525424
0.529929
0.511474
0.522059
0.524758
0.524143
0.532581
0.533061
0.529788
0.526852
0.513398
0.513547
0.534052
0.503528
0.504385
0.519593
0.500363
0.528127
0.506116
0.519234
0.529675
0.515637
0.514587
0.555025
0.525016
0.503805
0.519765
0.521128
0.539445
0.555464
0.515704
0.580559
0.529735
0.49928
0.524602
0.529736
0.523625
0.518951
0.521431
0.551082
0.558839
0.560939
0.526381
0.536478
0.535131
0.611101
0.516496
0.515207
0.495839
0.497217
0.509275
0.508814
0.515454
0.584009
0.504446
0.556889
0.559367
0.498811
0.524778
0.503675
0.528381
0.528157
0.532016
0.498403
0.503139
0.547715
0.527657
0.576301
0.530727
0.524953
0.525445
0.498442
0.544249
0.52998
0.546225
0.530169
0.509367
0.509446
0.497558
0.506095
0.540051
0.514763
0.51572
0.522319
0.497595
0.5143
0.509515
0.564198
0.508266
0.529009
0.526853
0.519897
0.543939
0.502293
0.51099
0.514983
0.519358
0.50976
0.582952
0.514947
0.514197
0.505872
0.580217
0.50824
0.497479
0.500929
0.533899
0.507333
0.516218
0.5126
0.500798
0.528576
0.502956
0.530311
0.530336
0.526233
0.507704
0.516571
0.512636
0.533674
0.529099
0.529115
0.531636
0.497216
0.50649
0.525836
0.511618
0.521142
0.508877
0.524304
0.551439
0.527144
0.530446
0.532416
0.502503
0.513972
0.525627
0.52542
0.531243
0.508613
0.529412
0.526062
0.544043
0.520677
0.558346
0.527107
0.563294
0.627218
0.506989
0.512255
0.51147
0.520359
0.584698
0.584508
0.536563
0.530983
0.5574
0.522872
0.512423
0.510526
0.515215
0.51163
0.551608
0.552405
0.512109
0.617403
0.595651
0.511291
0.510124
0.511972
0.512658
0.524701
0.544058
0.521627
0.519892
0.522907
0.519571
0.522178
0.524605
0.519837
0.523723
0.513673
0.523648
0.511551
0.523115
0.523118
0.50876
0.518576
0.512738
0.509604
0.591082
0.548486
0.576153
0.515786
0.519337
0.519035
0.515981
0.522727
0.525199
0.518385
0.513898
0.553152
0.50956
0.509685
0.500686
0.515562
0.49992
0.522662
0.516167
0.506324
0.521704
0.523277
0.512519
0.578266
0.515784
0.510363
0.522933
0.52064
0.520867
0.517817
0.518574
0.51629
0.525517
0.517808
0.512927
0.520674
0.521458
0.512944
0.513095
0.542291
0.520025
0.51552
0.511666
0.51905
0.54575
0.516258
0.519311
0.519557
0.507255
0.511993
0.514068
0.556533
0.540683
0.51583
0.519401
0.520314
0.514148
0.519656
0.522345
0.521976
0.524413
0.519279
0.554863
0.586853
0.514464
0.522643
0.562201
0.506398
0.518675
0.533315
0.540833
0.519906
0.519829
0.517509
0.516178
0.522234
0.524426
0.523696
0.498256
0.521544
0.522473
0.516602
0.514834
0.51538
0.515306
0.532211
0.535911
0.514104
0.523489
0.505911
0.595233
0.517785
0.516299
0.511601
0.515696
0.521096
0.515137
0.515925
0.528155
0.549529
0.555075
0.514661
0.506919
0.519711
0.54375
0.518561
0.523059
0.516051
0.516262
0.51594
0.515828
0.521384
0.518731
0.519891
0.519789
0.514488
0.519436
0.518052
0.519364
0.53136
0.521883
0.521688
0.516417
0.515829
0.519134
0.522085
0.518107
0.519357
0.507042
0.505824
0.537549
0.548139
0.535062
0.524096
0.513241
0.514565
0.516959
0.519383
0.51137
0.514429
0.518216
0.526317
0.514485
0.547901
0.527261
0.557636
0.517632
0.550624
0.565391
0.618149
0.518258
0.515569
0.520459
0.513764
0.512473
0.513902
0.542131
0.540152
0.516081
0.514991
0.510141
0.521139
0.522139
0.511384
0.523095
0.504055
0.509995
0.513998
0.512387
0.516535
0.534032
0.531913
0.503065
0.516424
0.530417
0.508389
0.514531
0.515077
0.517605
0.515221
0.517676
0.519858
0.512846
0.515289
0.518978
0.515611
0.521297
0.522362
0.517256
0.530726
0.521822
0.506868
0.52569
0.53587
0.514854
0.514519
0.505172
0.551592
0.509786
0.514588
0.520474
0.522006
0.568576
0.517318
0.504897
0.545035
0.522722
0.517503
0.520451
0.510356
0.512949
0.519782
0.535836
0.527261
0.521798
0.54828
0.527077
0.54354
0.510017
0.507562
0.520251
0.519682
0.516708
0.520973
0.516251
0.522062
0.525418
0.521719
0.522872
0.51539
0.503484
0.516317
0.524619
0.517764
0.514309
0.567457
0.528123
0.517148
0.527894
0.523662
0.520875
0.516693
0.515133
0.518491
0.519255
0.541261
0.506513
0.514878
0.513832
0.51275
0.517499
0.509022
0.572002
0.523725
0.523608
0.511313
0.50906
0.514819
0.516697
0.513248
0.518446
0.510728
0.584288
0.502032
0.5541
0.510127
0.511578
0.518367
0.510625
0.516219
0.519589
0.513366
0.518086
0.515761
0.521193
0.522461
0.534362
0.520961
0.614004
0.515618
0.51001
0.515558
0.525692
0.520147
0.571076
0.524002
0.520388
0.525984
0.523333
0.534684
0.518396
0.508244
0.53844
0.518045
0.51996
0.533799
0.53744
0.517725
0.517935
0.525248
0.518062
0.544503
0.519132
0.520305
0.520631
0.524479
0.520267
0.526548
0.516073
0.505718
0.518211
0.51936
0.515653
0.548573
0.524831
0.587417
0.58881
0.528212
0.526034
0.600134
0.523892
0.511836
0.542289
0.531385
0.524928
0.532134
0.517791
0.525856
0.510746
0.511539
0.508219
0.529373
0.514751
0.527839
0.514212
0.521244
0.517802
0.526552
0.522385
0.524442
0.506246
0.523338
0.524552
0.518772
0.532471
0.517008
0.526188
0.524262
0.58689
0.526788
0.523288
0.537897
0.511289
0.515706
0.52268
0.523426
0.504106
0.519158
0.511577
0.527043
0.526353
0.520223
0.513036
0.524564
0.514728
0.519803
0.522744
0.522109
0.518514
0.507873
0.51391
0.507345
0.522094
0.522097
0.528387
0.519709
0.518611
0.51726
0.517305
0.520966
0.510275
0.539209
0.508722
0.52062
0.518492
0.527619
0.523068
0.525805
0.517496
0.521587
0.528525
0.51846
0.539107
0.517587
0.527373
0.533876
0.550894
0.508014
0.594191
0.537642
0.51692
0.527162
0.525044
0.511871
0.520335
0.555546
0.528555
0.538732
0.520905
0.521695
0.523957
0.504369
0.53645
0.525132
0.524119
0.522955
0.525857
0.52063
0.495433
0.525241
0.514089
0.514853
0.524572
0.519218
0.528646
0.523661
0.585473
0.52861
0.521568
0.524674
0.514024
0.519102
0.522606
0.514491
0.557633
0.515652
0.523688
0.51222
0.510487
0.524021
0.515104
0.513448
0.514968
0.522931
0.545367
0.51688
0.516395
0.504591
0.526626
0.531788
0.554272
0.512719
0.537408
0.52909
0.537745
0.520448
0.516312
0.518387
0.511105
0.517497
0.521759
0.526112
0.500711
0.500579
0.51834
0.559337
0.514625
0.524623
0.563476
0.514695
0.5075
0.525402
0.529292
0.511147
0.528201
0.510035
0.529499
0.525292
0.516042
0.511418
0.516918
0.503767
0.507129
0.521286
0.513389
0.513807
0.542345
0.526469
0.540826
0.520566
0.515125
0.516629
0.528989
0.519166
0.519096
0.51485
0.513049
