0.583779
0.556756
0.528403
0.525644
0.52318
0.497969
0.501213
0.513184
0.514322
0.504958
0.511411
0.50295
0.589987
0.581099
0.594042
0.511577
0.505761
0.504978
0.528409
0.525615
0.529411
0.528605
0.500367
0.501238
0.518542
0.51783
0.528926
0.524837
0.55154
0.542115
0.510462
0.51161
0.515023
0.525952
0.515878
0.514003
0.522668
0.585146
0.565837
0.530572
0.531242
0.515754
0.512093
0.54485
0.540094
0.520716
0.527614
0.526905
0.514593
0.511578
0.512356
0.514495
0.513153
0.514866
0.575236
0.561971
0.565215
0.519324
0.514918
0.515439
0.516264
0.519847
0.516289
0.517928
0.525224
0.58725
0.584225
0.566827
0.55579
0.524733
0.522347
0.535279
0.524179
0.515381
0.514555
0.516677
0.509444
0.529583
0.527155
0.527945
0.546947
0.545967
0.558325
0.513729
0.514607
0.507893
0.508287
0.509037
0.526886
0.52338
0.501984
0.575044
0.503111
0.499032
0.535203
0.539436
0.538467
0.547835
0.542337
0.563282
0.519117
0.534797
0.51546
0.509891
0.511354
0.52007
0.521737
0.523894
0.527273
0.527142
0.520607
0.512945
0.545245
0.514704
0.515789
0.500084
0.501707
0.531057
0.516463
0.506529
0.529194
0.523667
0.530601
0.522342
0.509386
0.509716
0.528032
0.519838
0.569012
0.520646
0.52092
0.522087
0.526266
0.527566
0.520168
0.509438
0.514025
0.516572
0.612996
0.583104
0.590721
0.609202
0.59697
0.60876
0.5932
0.589093
0.565237
0.579664
0.577803
0.529266
0.526927
0.529553
0.527611
0.535604
0.543346
0.548313
0.565679
0.512171
0.513942
0.514112
0.533292
0.499734
0.505012
0.517633
0.513885
0.518103
0.511811
0.507454
0.512304
0.520461
0.526249
0.564617
0.577859
0.511862
0.517873
0.515482
0.506639
0.503422
0.500561
0.53076
0.585701
0.514413
0.525289
0.521998
0.525123
0.520016
0.532477
0.525593
0.589353
0.583716
0.548156
0.560255
0.509242
0.510681
0.525832
0.522807
0.524765
0.5262
0.514114
0.516855
0.518796
0.518579
0.527982
0.527081
0.571447
0.524829
0.517856
0.514453
0.521736
0.606918
0.585434
0.523738
0.519306
0.612491
0.613152
0.538961
0.546602
0.563288
0.519997
0.524354
0.515863
0.518365
0.522016
0.524939
0.528842
0.510247
0.509078
0.502852
0.527711
0.52912
0.521725
0.521488
0.521235
0.519454
0.51842
0.516161
0.518725
0.526928
0.525176
0.522099
0.549104
0.524839
0.515941
0.49701
0.519239
0.518501
0.520981
0.505154
0.526847
0.518425
0.510596
0.529521
0.526159
0.509733
0.518156
0.508898
0.511805
0.512159
0.514203
0.513974
0.519708
0.522968
0.522326
0.519099
0.51888
0.516353
0.530199
0.52382
0.526381
0.521043
0.513541
0.517736
0.530358
0.525889
0.50461
0.526974
0.533889
0.533267
0.528943
0.50497
0.512573
0.521039
0.509647
0.502325
0.520483
0.522241
0.534911
0.554761
0.512537
0.513803
0.522146
0.526616
0.518737
0.519885
0.523257
0.522581
0.523997
0.522833
0.5016
0.505934
0.527551
0.525807
0.5058
0.529426
0.594424
0.605845
0.571783
0.526551
0.510822
0.512635
0.517912
0.51156
0.511544
0.497618
0.513705
0.520557
0.514416
0.529072
0.49689
0.504678
0.518268
0.527733
0.522106
0.524216
0.535815
0.538813
0.548643
0.504017
0.504795
0.531083
0.52924
0.527164
0.528031
0.597729
0.506597
0.524139
0.526564
0.517392
0.524687
0.523769
0.533601
0.528663
0.5758
0.573
0.52912
0.526733
0.512553
0.52073
0.535931
0.510179
0.57309
0.558203
0.553128
0.520797
0.527018
0.523555
0.516943
0.535795
0.524841
0.525277
0.518519
0.514387
0.581688
0.53563
0.510512
0.499658
0.524167
0.521155
0.540662
0.535957
0.509455
0.509594
0.509094
0.527035
0.506822
0.516213
0.528335
0.514624
0.511792
0.512309
0.505421
0.50617
0.537889
0.536242
0.5483
0.549696
0.510538
0.51307
0.508781
0.508597
0.51263
0.509663
0.503091
0.496375
0.533752
0.53218
0.51968
0.52187
0.527256
0.52697
0.523579
0.520478
0.518402
0.537456
0.53483
0.523564
0.519346
0.514208
0.503903
0.520731
0.517709
0.520949
0.518638
0.517577
0.524382
0.525259
0.519596
0.520159
0.523545
0.496726
0.502823
0.509713
0.495559
0.500762
0.507354
0.50401
0.52756
0.50299
0.519464
0.517571
0.581216
0.549404
0.52274
0.519078
0.518245
0.510411
0.500073
0.516245
0.511067
0.513015
0.503555
0.507074
0.500682
0.514693
0.51531
0.504839
0.505548
0.499539
0.578642
0.525072
0.503863
0.517967
0.517356
0.511025
0.512727
0.501502
0.577483
0.526031
0.524014
0.521604
0.529797
0.528483
0.526205
0.52428
0.528383
0.520657
0.513881
0.512654
0.514006
0.514744
0.514955
0.512352
0.515444
0.503512
0.561896
0.559232
0.522797
0.602537
0.510545
0.532111
0.537616
0.541935
0.520805
0.52325
0.527105
0.523668
0.591695
0.608445
0.531105
0.521538
0.519939
0.498308
0.517574
0.507747
0.510163
0.530263
0.524802
0.511345
0.524464
0.50461
0.501983
0.530523
0.534743
0.518653
0.525348
0.53018
0.532611
0.53347
0.521814
0.525736
0.510695
0.511795
0.518093
0.506562
0.508286
0.525906
0.510279
0.513385
0.529662
0.502762
0.525725
0.500135
0.500929
0.519452
0.534141
0.517666
0.523228
0.523445
0.520803
0.519557
0.529843
0.531617
0.528081
0.51815
0.510118
0.519274
0.562186
0.561827
0.504105
0.50502
0.519912
0.516549
0.526477
0.529156
0.532888
0.530187
0.513543
0.517509
0.507689
0.528461
0.526327
0.508631
0.523777
0.499539
0.500121
0.492017
0.497831
0.508203
0.50882
0.529794
0.526206
0.528492
0.513028
0.515462
0.532076
0.527184
0.52071
0.522836
0.516223
0.508522
0.520691
0.520183
0.515833
0.499803
0.504272
0.548425
0.544987
0.549285
0.545064
0.599687
0.622473
0.565364
0.570712
0.529951
0.524312
0.521773
0.519532
0.50808
0.521352
0.529547
0.518341
0.515561
0.528909
0.524863
0.525148
0.531615
0.529369
0.51901
0.517961
0.592914
0.498049
0.500254
0.528081
0.5256
0.526661
0.519317
0.511808
0.514934
0.547048
0.521279
0.525587
0.515399
0.516693
0.516063
0.527536
0.529087
0.576428
0.574102
0.529672
0.529236
0.526581
0.556587
0.499271
0.565393
0.594496
0.509766
0.509403
0.506166
0.554569
0.531522
0.511207
0.523207
0.519565
0.519043
0.520918
0.518615
0.506706
0.525344
0.529433
0.524837
0.525761
0.515903
0.518199
0.509912
0.526178
0.506925
0.505534
0.538673
0.534439
0.51585
0.518847
0.582045
0.509775
0.515068
0.530341
0.526953
0.515029
0.525101
0.510454
0.518481
0.517386
0.517301
0.499503
0.506866
0.515905
0.522382
0.524459
0.518896
0.524624
0.524006
0.517691
0.501195
0.583517
0.528662
0.640788
0.528994
0.52877
0.51455
0.586056
0.531099
0.528638
0.514607
0.530387
0.509317
0.516931
0.530696
0.513147
0.508231
0.522829
0.522527
0.504545
0.508144
0.527647
0.525778
0.525004
0.527193
0.518197
0.511067
0.516218
0.530954
0.531645
0.564286
0.516676
0.529358
0.520588
0.513271
0.501554
0.512267
0.518882
0.528093
0.520337
0.517939
0.516117
0.516027
0.515595
0.509756
0.506359
0.510885
0.527096
0.510246
0.512006
0.526995
0.602085
0.521252
0.507486
0.511037
0.521816
0.519
0.515653
0.523325
0.52848
0.53238
0.528391
0.500611
0.509759
0.564478
0.563306
0.578701
0.585209
0.588789
0.525963
0.516062
0.510611
0.509855
0.522111
0.530718
0.573501
0.574682
0.562891
0.565178
0.551498
0.530821
0.518662
0.512062
0.513291
0.518857
0.500501
0.510216
0.506005
0.54238
0.601402
0.594366
0.507474
0.529152
0.522001
0.513771
0.540916
0.539356
0.536416
0.51529
0.520871
0.516184
0.508923
0.509251
0.506756
0.517485
0.524848
0.514015
0.506908
0.50866
0.55744
0.551115
0.517433
0.508471
0.51231
0.514072
0.545192
0.527974
0.52133
0.503615
0.511304
0.512566
0.499083
0.504136
0.515085
0.515657
0.500502
0.5221
0.518941
0.518595
0.499726
0.526334
0.521873
0.520151
0.514128
0.515685
0.529163
0.513996
0.53399
0.526637
0.522783
0.52293
0.521911
0.519327
0.528158
0.531205
0.531175
0.52548
0.525971
0.525154
0.526968
0.525321
0.515082
0.54464
0.508863
0.50902
0.5061
0.50593
0.512063
0.506446
0.527389
0.524615
0.522271
0.525544
0.520636
0.504642
0.498374
0.531151
0.507606
0.510946
0.531322
0.502447
0.515397
0.549202
0.538403
0.517052
0.513839
0.504787
0.509528
0.507629
0.505452
0.526652
0.512193
0.572973
0.571031
0.584987
0.5122
0.522592
0.508359
0.50822
0.619284
0.513034
0.513755
0.517687
0.510134
0.510436
0.508727
0.530426
0.526803
0.506936
0.515989
0.533358
0.531678
0.53769
0.536851
0.540094
0.527992
0.52465
0.533314
0.506998
0.514314
0.525053
0.525107
0.498817
0.499843
0.509301
0.535463
0.525252
0.523108
0.52364
0.526762
0.507873
0.528825
0.593538
0.512889
0.531136
0.532778
0.514847
0.528351
0.533114
0.539992
0.490278
0.517829
0.501666
0.502541
0.531453
0.520564
0.51867
0.530174
0.504172
0.499954
0.513655
0.515417
0.531142
0.500033
0.494745
0.533618
0.544785
0.520941
0.531305
0.525996
0.524051
0.523081
0.531229
0.541814
0.526105
0.503946
0.527732
0.530518
0.528699
0.503589
0.530209
0.524425
0.512998
0.529553
0.527814
0.529081
0.528003
0.525899
0.51652
0.520307
0.54896
0.549935
0.544685
0.523209
0.514699
0.547699
0.530576
0.526828
0.519991
0.517936
0.519771
0.525733
0.524171
0.522516
0.517234
0.497347
0.565823
0.51567
0.520562
0.51787
0.520744
0.526072
0.499568
0.525893
0.496671
0.520343
0.520583
0.530563
0.514405
0.523616
0.522511
0.51846
0.4963
0.520478
0.517697
0.516939
0.49782
0.518155
0.501399
0.5153
0.514884
0.510289
0.516965
0.508461
0.58838
0.616421
0.59957
0.546821
0.558516
0.516127
0.522815
0.524498
0.546756
0.558456
0.501846
0.505663
0.50759
0.517103
0.530658
0.52944
0.50256
0.509337
0.512541
0.514023
0.528781
0.560971
0.517969
0.523385
0.526688
0.526064
0.522924
0.521395
0.510906
0.518321
0.529672
0.569699
0.523438
0.523911
0.534712
0.50378
0.497595
0.503956
0.50308
0.513867
0.508471
0.52973
0.511707
0.535433
0.514034
0.523946
0.497907
0.535199
0.563033
0.555984
0.531027
0.526706
0.508755
0.529255
0.524715
0.528704
0.534001
0.528115
0.512533
0.525056
0.539711
0.552056
0.528978
0.510176
0.508134
0.498727
0.500461
0.517304
0.500223
0.501776
0.511408
0.528735
0.500641
0.602122
0.558247
0.528531
0.525345
0.529343
0.53002
0.569749
0.51069
0.514697
0.498668
0.582719
0.581704
0.518632
0.499551
0.503172
0.527615
0.520269
0.51802
0.518752
0.537343
0.53321
0.544409
0.530026
0.52718
0.522633
0.527077
0.526851
0.521712
0.514534
0.529585
0.504131
0.528048
0.506773
0.519036
0.526046
0.55182
0.519021
0.510534
0.515496
0.601121
0.502873
0.528505
0.543917
0.504261
0.534012
0.515582
0.507125
0.543735
0.524052
0.561994
0.503734
0.514315
0.57801
0.529435
0.594911
0.573371
0.514358
0.531142
0.527102
0.515141
0.530787
0.52487
0.494342
0.513458
0.537931
0.516298
0.527624
0.531735
0.531178
0.512493
0.517159
0.522279
0.525308
0.510765
0.51625
0.512678
0.522086
0.521641
0.53747
0.59887
0.523096
0.518993
0.516547
0.539193
0.506089
0.508459
0.523851
0.516487
0.563663
0.598395
0.498839
0.503267
0.49743
0.500768
0.526756
0.510963
0.512671
0.512114
0.505521
0.518783
0.501692
0.506695
0.534021
0.513385
0.539246
0.522396
0.51808
0.514329
0.523139
0.52181
0.515503
0.519093
0.517516
0.504299
0.513119
0.526914
0.531349
0.535127
0.543549
0.526206
0.567181
0.521365
0.535387
0.51305
0.514715
0.503448
0.513338
0.508093
0.546458
0.525673
0.570044
0.527517
0.518194
0.516424
0.556426
0.511308
0.582533
0.511479
0.516585
0.518113
0.506207
0.519466
0.563859
0.515955
0.51811
0.518414
0.49203
0.517184
0.514791
0.598626
0.515476
0.525664
0.498938
0.527122
0.510668
0.498924
0.501936
0.528749
0.525942
0.523034
0.512377
0.514576
0.508077
0.496819
0.509273
0.515705
0.528888
0.522712
0.513952
0.523016
0.530825
0.516513
0.51649
0.532732
0.526364
0.526205
0.533359
0.508919
0.551243
0.497985
0.516839
0.531935
0.528553
0.529547
0.50453
0.497778
0.531404
0.564033
0.500596
0.526235
0.500078
0.505618
0.513918
0.50321
0.530472
0.504549
0.51995
0.526958
0.502543
0.497978
0.49883
0.518118
0.527951
0.531026
0.518068
0.540987
0.498659
0.530047
0.502108
0.52976
0.520273
0.519723
0.50662
0.53176
0.514265
0.52373
0.514379
0.514492
0.537981
0.530043
0.530628
0.512765
0.525282
0.522332
0.506923
0.511804
0.536023
0.522671
0.523575
0.500818
0.520453
0.529179
0.505728
0.531035
0.508837
0.524949
0.53015
0.528374
0.554325
0.527118
0.518087
0.532018
0.519279
0.50009
0.499248
0.516912
0.513123
0.507694
0.537909
0.521425
0.4997
0.531555
0.530898
0.530068
0.523673
0.501503
0.496531
0.505167
0.499019
0.540167
0.515428
0.532298
0.526787
0.515435
0.543748
0.522561
0.519218
0.533242
0.50103
0.519949
0.50409
0.555708
0.528877
0.526833
0.527117
0.535836
0.515417
0.559819
0.547572
0.518872
0.514769
0.502435
0.527618
0.531971
0.571341
0.506517
0.527363
0.514814
0.5125
0.499411
0.541887
0.562692
0.558124
0.502
0.562752
0.531593
0.507797
0.52211
0.529906
0.527609
0.52919
0.535927
0.51873
0.521991
0.521568
0.500712
0.499874
0.507179
0.532839
0.499663
0.531309
0.506036
0.51249
0.51447
0.499254
0.503363
0.514549
0.526516
0.509307
0.535295
0.526301
0.523481
0.543811
0.538422
0.526399
0.516809
0.528482
0.520613
0.513782
0.576096
0.505761
0.533198
0.529956
0.588874
0.498251
0.530544
0.497881
0.535998
0.495058
0.511907
0.531272
0.531176
0.5286
0.530007
0.515646
0.505774
0.542763
0.49875
0.502866
0.527598
0.514251
0.494429
0.510383
0.529309
0.576625
0.515549
0.576775
0.58585
0.531303
0.528777
0.516422
0.508185
0.528636
0.559589
0.532941
0.498797
0.512977
0.528603
0.527619
0.554842
0.53712
0.514599
0.530276
0.622903
0.573689
0.517713
0.515354
0.576602
0.562027
0.563424
0.522675
0.521665
0.512861
0.524873
0.579948
0.573163
0.519185
0.583203
0.514588
0.512876
0.528303
0.564347
0.540402
0.517805
0.517717
0.518667
0.522748
0.515295
0.518309
0.523141
0.519908
0.517138
0.515084
0.513024
0.519825
0.52363
0.51807
0.518339
0.513843
0.516044
0.515599
0.519092
0.524565
0.527468
0.563477
0.526889
0.574225
0.524686
0.518139
0.525925
0.556559
0.517979
0.516458
0.521855
0.516812
0.522571
0.521131
0.520163
0.583425
0.527829
0.511074
0.513365
0.510309
0.516749
0.512226
0.514247
0.515777
0.527633
0.516549
0.545235
0.52287
0.51945
0.518155
0.574936
0.505799
0.511996
0.512771
0.510828
0.520509
0.515715
0.519216
0.575335
0.591231
0.512971
0.519141
0.553184
0.517037
0.506124
0.509992
0.514667
0.519174
0.518763
0.522642
0.522215
0.521131
0.512733
0.560858
0.509955
0.520687
0.527546
0.515882
0.522019
0.513291
0.515899
0.516346
0.529593
0.508416
0.515373
0.509067
0.518767
0.520084
0.529082
0.514907
0.523816
0.522734
0.520523
0.520931
0.526567
0.526491
0.516072
0.521191
0.524933
0.527664
0.553229
0.5134
0.514549
0.515756
0.514907
0.514993
0.509895
0.525062
0.515587
0.511118
0.517315
0.527554
0.522183
0.516049
0.51243
0.552485
0.51308
0.570099
0.573343
0.523884
0.522186
0.514175
0.534151
0.520552
0.516438
0.519691
0.52672
0.530266
0.519979
0.527762
0.514061
0.506655
0.569068
0.564348
0.527042
0.52899
0.524688
0.514004
0.520458
0.514114
0.516888
0.528505
0.525408
0.513174
0.541544
0.510042
0.511376
0.520297
0.515534
0.512141
0.517846
0.528117
0.512805
0.503748
0.53458
0.509983
0.519758
0.519233
0.56707
0.513528
0.512751
0.51542
0.514138
0.527811
0.518854
0.517189
0.516598
0.516106
0.517412
0.513732
0.516381
0.517761
0.519126
0.517374
0.51079
0.509322
0.513084
0.50173
0.525375
0.514164
0.518024
0.515465
0.552772
0.580108
0.508648
0.525106
0.527143
0.511906
0.518487
0.584095
0.518901
0.5201
0.526498
0.532847
0.538818
0.579035
0.584666
0.590123
0.51635
0.508391
0.526656
0.551137
0.518338
0.516689
0.516293
0.509563
0.509855
0.515281
0.518666
0.521065
0.504835
0.512033
0.510478
0.51897
0.520358
0.512188
0.520777
0.511353
0.514205
0.521635
0.513601
0.544183
0.518065
0.513327
0.517791
0.518984
0.517846
0.522513
0.514919
0.51433
0.508903
0.512824
0.531007
0.508617
0.50357
0.572095
0.525232
0.508026
0.513957
0.522084
0.514975
0.51124
0.511918
0.515339
0.513661
0.526201
0.517327
0.516722
0.514094
0.514279
0.531143
0.567029
0.524301
0.523447
0.5144
0.517429
0.52306
0.518559
0.518554
0.513034
0.523587
0.517641
0.501586
0.523821
0.532426
0.519923
0.511267
0.622676
0.52507
0.518463
0.525164
0.512648
0.517462
0.518246
0.517438
0.530438
0.521711
0.519489
0.514943
0.518128
0.516376
0.515228
0.529083
0.516277
0.524869
0.516927
0.518058
0.513589
0.522722
0.517957
0.513448
0.515831
0.521123
0.512204
0.520887
0.514806
0.508067
0.528427
0.519384
0.616509
0.519528
0.524052
0.516349
0.514195
0.511097
0.525352
0.510597
0.507769
0.526034
0.522031
0.52051
0.518056
0.511142
0.517329
0.504918
0.507049
0.611245
0.524409
0.513058
0.517932
0.524029
0.522946
0.507128
0.571369
0.520457
0.521536
0.515642
0.525602
0.513395
0.512932
0.507222
0.565467
0.522224
0.578289
0.54294
0.519915
0.506954
0.5113
0.506615
0.519596
0.517222
0.51266
0.517405
0.567778
0.571932
0.525577
0.533076
0.515686
0.51922
0.523098
0.526935
0.50606
0.520624
0.625802
0.519433
0.60065
0.525635
0.522433
0.576228
0.506555
0.596842
0.524988
0.505831
0.513681
0.566099
0.510156
0.514147
0.532086
0.511656
0.518822
0.522135
0.509365
0.522387
0.514842
0.526281
0.508299
0.521313
0.52477
0.518281
0.509977
0.510417
0.52228
0.511235
0.514551
0.525868
0.533774
0.505244
0.522965
0.528387
0.525884
0.547017
0.541563
0.502918
0.507903
0.516349
0.527237
0.510638
0.518659
0.516749
0.512276
0.519063
0.516148
0.527487
0.510261
0.509797
0.499548
0.519384
0.533395
0.528105
0.523483
0.576368
0.516377
0.524378
0.518452
0.516028
0.515481
0.513419
0.514781
0.518006
0.553365
0.518899
0.52299
0.573445
0.522647
0.523805
0.518345
0.571298
0.515148
0.579826
0.512853
0.526657
0.53244
0.5072
0.526392
0.523495
0.51008
0.518411
0.503914
0.510083
0.525078
0.523294
0.526592
0.521743
0.528031
0.573542
0.528174
0.519707
0.528421
0.523513
0.521194
0.499359
0.512472
0.519321
0.531092
0.522974
0.515418
0.515947
0.525187
0.520886
0.511187
0.578886
0.529549
0.526819
0.521011
0.502752
0.549156
0.516807
0.518889
0.541217
0.519584
0.510369
0.523462
0.515235
0.521359
0.516239
0.532816
0.511325
0.531158
0.530265
0.546018
0.519664
0.521809
0.521037
0.519722
0.513181
0.52406
0.532112
0.523398
0.511851
0.518336
0.518113
0.507697
0.509829
0.526684
0.50851
0.51136
0.525515
0.507536
0.593994
0.517815
0.515059
0.50966
0.516285
0.514076
0.524227
0.511023
0.515647
0.522512
0.514037
0.52106
0.523477
0.55451
0.514201
0.514145
0.510178
0.52153
0.51813
0.530797
0.519902
0.515692
0.522788
0.51901
0.518638
0.528684
0.528882
0.529268
0.54119
0.526531
0.527324
0.524927
0.514465
0.625459
0.503394
0.516299
0.550723
0.521637
0.583709
0.523359
0.53799
