0.566792
0.559236
0.528258
0.523802
0.49724
0.500458
0.517479
0.518418
0.516046
0.53322
0.509483
0.506352
0.509773
0.51669
0.511322
0.499108
0.50215
0.591194
0.596356
0.61028
0.514193
0.530573
0.527152
0.533534
0.536577
0.540006
0.523537
0.514285
0.518634
0.518393
0.529097
0.527929
0.553473
0.555658
0.5111
0.524857
0.519056
0.518499
0.513562
0.512071
0.525013
0.574306
0.530225
0.528507
0.514438
0.496872
0.542428
0.539554
0.526257
0.520441
0.523182
0.522482
0.529026
0.526686
0.513307
0.508075
0.513537
0.514973
0.560137
0.552383
0.561807
0.559844
0.511014
0.513723
0.506395
0.519812
0.517293
0.515551
0.514732
0.516246
0.532267
0.529414
0.566703
0.582687
0.572113
0.520686
0.521837
0.526761
0.532617
0.529636
0.516472
0.515971
0.51704
0.509162
0.509176
0.5295
0.528215
0.527236
0.547604
0.551426
0.515479
0.516732
0.512638
0.512718
0.51076
0.51314
0.531005
0.511399
0.533844
0.539994
0.53816
0.538547
0.541321
0.550251
0.518293
0.524277
0.52132
0.516748
0.527749
0.620992
0.617634
0.507134
0.504332
0.519265
0.523879
0.5571
0.551346
0.520864
0.526173
0.518806
0.53201
0.527566
0.523789
0.495081
0.521893
0.526534
0.504512
0.514195
0.513664
0.521987
0.528327
0.524559
0.530473
0.528043
0.514099
0.533022
0.529112
0.528603
0.531147
0.510702
0.524512
0.528552
0.517923
0.516202
0.508317
0.498277
0.502921
0.515981
0.522613
0.510712
0.506753
0.518633
0.517208
0.560882
0.575245
0.532204
0.527275
0.520218
0.519889
0.518622
0.523529
0.527629
0.516257
0.620132
0.602878
0.507686
0.508514
0.603201
0.602161
0.590061
0.590095
0.53089
0.545576
0.536148
0.568618
0.56457
0.49802
0.50244
0.504714
0.531963
0.510823
0.512529
0.519869
0.52048
0.515551
0.5303
0.523192
0.518385
0.514345
0.512217
0.518321
0.603251
0.587251
0.517589
0.526397
0.523186
0.510064
0.504052
0.507729
0.50283
0.496966
0.506532
0.504864
0.531469
0.527777
0.528441
0.514254
0.533324
0.529789
0.518684
0.53279
0.529663
0.522286
0.524439
0.528994
0.52026
0.516951
0.524834
0.532932
0.582212
0.589642
0.557786
0.526556
0.523739
0.517242
0.518463
0.516397
0.518643
0.51548
0.518568
0.527479
0.523594
0.57973
0.510939
0.527028
0.514309
0.519877
0.588077
0.5972
0.588251
0.519631
0.522477
0.560818
0.585829
0.57441
0.580175
0.549386
0.543455
0.525706
0.517888
0.527691
0.523136
0.516924
0.511844
0.502706
0.500789
0.528764
0.504603
0.521616
0.519305
0.515452
0.510379
0.510918
0.526175
0.518454
0.545523
0.518453
0.506413
0.517992
0.517989
0.520615
0.506398
0.520085
0.525359
0.519462
0.51467
0.512547
0.530073
0.522373
0.525659
0.523719
0.522257
0.51725
0.517245
0.513586
0.517529
0.517669
0.517715
0.511421
0.527935
0.527393
0.524405
0.49396
0.523045
0.521046
0.519165
0.507941
0.515393
0.549225
0.541751
0.52644
0.531688
0.513941
0.515438
0.520767
0.533866
0.532049
0.529444
0.51289
0.522812
0.522188
0.528451
0.525705
0.506825
0.511105
0.500939
0.503825
0.50639
0.502353
0.53949
0.536635
0.52907
0.526352
0.550575
0.521837
0.521663
0.517187
0.514821
0.512791
0.522954
0.521838
0.524066
0.525077
0.520521
0.527294
0.52521
0.531252
0.528457
0.530481
0.578049
0.512171
0.513305
0.513298
0.589611
0.515795
0.510968
0.510591
0.510568
0.533521
0.511414
0.500469
0.495328
0.571227
0.524362
0.524921
0.519564
0.515568
0.515856
0.529044
0.529176
0.526547
0.520123
0.515341
0.514901
0.511909
0.529056
0.503388
0.540922
0.548344
0.503366
0.528987
0.52834
0.506217
0.525667
0.525079
0.52001
0.524962
0.518433
0.515566
0.508616
0.510177
0.505919
0.502377
0.520877
0.53498
0.521004
0.528814
0.524812
0.500229
0.582441
0.577595
0.523727
0.522075
0.523608
0.515166
0.513998
0.513477
0.523382
0.527946
0.522315
0.519981
0.518967
0.513861
0.559492
0.564219
0.534245
0.526294
0.513072
0.603405
0.505561
0.527627
0.516815
0.541198
0.536152
0.509063
0.513106
0.568941
0.557093
0.553204
0.530077
0.522625
0.501952
0.589961
0.528086
0.50158
0.521369
0.502943
0.508774
0.600231
0.511548
0.506692
0.514973
0.508658
0.501667
0.502534
0.498692
0.515181
0.517741
0.520581
0.530818
0.508446
0.525086
0.527062
0.537668
0.532533
0.50716
0.508964
0.523272
0.51938
0.515157
0.513899
0.514304
0.502337
0.516635
0.514806
0.516575
0.515122
0.524112
0.523292
0.524746
0.521587
0.520849
0.522697
0.520609
0.525251
0.515452
0.499826
0.500512
0.500869
0.508576
0.527673
0.525895
0.492019
0.500887
0.501769
0.512492
0.51823
0.511762
0.50071
0.503549
0.509478
0.519125
0.517175
0.552635
0.557488
0.496593
0.521868
0.51896
0.517384
0.499694
0.496441
0.500922
0.517861
0.554143
0.567775
0.518518
0.499793
0.499084
0.515222
0.513235
0.513105
0.51416
0.505362
0.508604
0.499294
0.511232
0.50122
0.518889
0.51588
0.516822
0.511632
0.513295
0.512213
0.517654
0.502865
0.493526
0.522936
0.51943
0.51985
0.607744
0.599227
0.579949
0.529607
0.527241
0.513263
0.514153
0.514459
0.503151
0.521626
0.525217
0.581559
0.509159
0.51074
0.514514
0.53347
0.535179
0.54454
0.511863
0.520232
0.571282
0.52865
0.585551
0.524297
0.521957
0.511817
0.497752
0.501501
0.527587
0.524967
0.515722
0.516821
0.50834
0.522781
0.499638
0.5045
0.524849
0.525763
0.509559
0.512385
0.528823
0.535796
0.531262
0.533905
0.517397
0.523778
0.523157
0.520983
0.512948
0.51329
0.51372
0.514151
0.508518
0.511922
0.511457
0.51069
0.529005
0.518826
0.522736
0.499928
0.519293
0.516914
0.534199
0.521739
0.52691
0.502374
0.522035
0.523714
0.526256
0.566886
0.520854
0.511299
0.509077
0.560127
0.564258
0.597465
0.529072
0.505884
0.507419
0.518356
0.516174
0.518337
0.527476
0.526957
0.530264
0.526262
0.515849
0.520641
0.517961
0.508066
0.502672
0.53115
0.511504
0.512364
0.525681
0.523742
0.48917
0.495019
0.508045
0.528577
0.525416
0.527552
0.516546
0.517421
0.519384
0.534301
0.53188
0.524067
0.522806
0.515487
0.516511
0.499804
0.505656
0.556903
0.551642
0.554202
0.548884
0.573433
0.519319
0.526626
0.522976
0.520049
0.509889
0.511907
0.517767
0.529335
0.526888
0.518875
0.534708
0.539472
0.53433
0.520636
0.60402
0.508928
0.512373
0.526455
0.512926
0.509625
0.513938
0.542776
0.519173
0.517411
0.516741
0.517144
0.526443
0.57779
0.529839
0.527616
0.531409
0.527632
0.516271
0.551875
0.489492
0.516473
0.529307
0.53695
0.510245
0.506063
0.511514
0.520779
0.517266
0.517352
0.555051
0.55253
0.52882
0.534569
0.524665
0.523882
0.52006
0.518184
0.519147
0.585697
0.510724
0.538602
0.533287
0.595876
0.582922
0.590478
0.616301
0.549219
0.52762
0.530853
0.529253
0.529635
0.525953
0.513273
0.51489
0.510087
0.517874
0.519054
0.517695
0.495709
0.496327
0.49902
0.513911
0.522435
0.524967
0.515488
0.503186
0.518049
0.592997
0.588744
0.607978
0.594298
0.593132
0.517377
0.532495
0.529379
0.527497
0.513302
0.515778
0.570257
0.550764
0.510315
0.508451
0.508032
0.531208
0.508174
0.516258
0.504591
0.530225
0.529132
0.52849
0.526431
0.507342
0.509575
0.527022
0.530042
0.528481
0.513625
0.522212
0.514696
0.529517
0.529953
0.527402
0.516898
0.516988
0.561228
0.513032
0.517734
0.511533
0.520308
0.517762
0.526386
0.503928
0.500893
0.504949
0.525956
0.526439
0.524249
0.614195
0.584336
0.520678
0.508503
0.511756
0.514678
0.527021
0.533371
0.575927
0.568553
0.564572
0.510192
0.513622
0.510169
0.515901
0.510372
0.571797
0.53134
0.529878
0.526783
0.524826
0.520605
0.583784
0.588236
0.551384
0.570882
0.557463
0.530144
0.525699
0.527152
0.520459
0.519166
0.589331
0.497087
0.513336
0.518931
0.503586
0.494934
0.508909
0.528697
0.541716
0.507202
0.528069
0.521892
0.520554
0.515606
0.515847
0.520263
0.49737
0.513086
0.507065
0.503933
0.52084
0.523319
0.525437
0.518345
0.517817
0.553361
0.520669
0.525189
0.514295
0.520583
0.561337
0.520546
0.532013
0.533616
0.545196
0.503303
0.526443
0.497277
0.503107
0.50461
0.506637
0.517784
0.535425
0.525514
0.528064
0.522278
0.528723
0.514667
0.525598
0.529607
0.51429
0.534513
0.524785
0.522738
0.523339
0.523001
0.516975
0.530095
0.52341
0.513145
0.513542
0.526206
0.573877
0.559375
0.568579
0.504028
0.506252
0.52566
0.525558
0.519701
0.522199
0.520555
0.527874
0.524346
0.51471
0.532237
0.49675
0.526832
0.52791
0.496875
0.515727
0.552174
0.54172
0.523582
0.525425
0.494131
0.507077
0.513095
0.499529
0.502094
0.582402
0.526041
0.536207
0.579135
0.511433
0.52493
0.506686
0.528945
0.514821
0.512705
0.516569
0.511275
0.508972
0.508058
0.53106
0.526982
0.615944
0.594589
0.514648
0.53772
0.534927
0.528045
0.515889
0.499566
0.503306
0.535175
0.504826
0.506229
0.508055
0.514369
0.527266
0.511423
0.527063
0.496943
0.504428
0.53814
0.524461
0.523021
0.518808
0.527973
0.523987
0.524767
0.514042
0.604391
0.562908
0.560641
0.574133
0.563476
0.530689
0.530447
0.513731
0.530267
0.533662
0.523896
0.53095
0.534238
0.533917
0.530716
0.605289
0.523553
0.51661
0.533029
0.528966
0.498012
0.531328
0.500757
0.526822
0.513677
0.513897
0.542113
0.55229
0.521567
0.531785
0.526022
0.523386
0.518701
0.531987
0.540263
0.53028
0.529408
0.528157
0.501971
0.530362
0.526041
0.525747
0.52287
0.509362
0.513907
0.529647
0.548762
0.551765
0.546876
0.529045
0.524187
0.527887
0.502308
0.520391
0.517786
0.527855
0.525568
0.514734
0.530186
0.518719
0.526235
0.506046
0.57195
0.519891
0.514469
0.517433
0.51682
0.517769
0.501741
0.520558
0.498685
0.529143
0.527757
0.501708
0.538128
0.509676
0.510547
0.501444
0.523553
0.524306
0.54709
0.496833
0.519807
0.521619
0.527429
0.519023
0.520368
0.498794
0.590753
0.516948
0.5174
0.517172
0.514008
0.499119
0.505584
0.504511
0.528466
0.514477
0.515046
0.54496
0.542685
0.556959
0.52275
0.505472
0.499441
0.522766
0.522198
0.524935
0.523366
0.549584
0.547529
0.503127
0.507648
0.509702
0.518241
0.531754
0.505318
0.516547
0.517123
0.570277
0.52895
0.570925
0.523955
0.512378
0.56879
0.569747
0.529283
0.526446
0.520718
0.528262
0.529217
0.52722
0.520516
0.512879
0.561682
0.529766
0.579438
0.527361
0.524142
0.539061
0.499684
0.502729
0.501393
0.508294
0.508599
0.530419
0.519665
0.509598
0.505587
0.543375
0.528372
0.503509
0.51643
0.49408
0.56869
0.597521
0.501001
0.527268
0.535028
0.532649
0.528187
0.515431
0.539061
0.533979
0.524839
0.516029
0.501531
0.509503
0.528495
0.53568
0.556164
0.567807
0.509144
0.515085
0.500447
0.525805
0.520397
0.531508
0.512339
0.51761
0.54105
0.541565
0.519045
0.533868
0.504813
0.526651
0.50848
0.519689
0.524672
0.52825
0.527523
0.548437
0.550904
0.518914
0.509295
0.523633
0.605934
0.503862
0.528685
0.526596
0.515788
0.51509
0.503638
0.515114
0.506157
0.525529
0.521376
0.521769
0.531434
0.510458
0.499154
0.615004
0.525437
0.543288
0.518146
0.52974
0.591202
0.515311
0.531146
0.493322
0.514266
0.523393
0.515654
0.525404
0.51707
0.528131
0.515529
0.518356
0.514751
0.526015
0.511756
0.532592
0.525934
0.524907
0.523099
0.537458
0.533395
0.543474
0.540159
0.524067
0.516989
0.51611
0.511739
0.540004
0.507799
0.612296
0.50757
0.527205
0.525149
0.568452
0.506172
0.516264
0.565841
0.576856
0.58491
0.584255
0.498563
0.504445
0.505575
0.508264
0.532543
0.528434
0.51497
0.514602
0.500873
0.528946
0.507584
0.529396
0.533503
0.496015
0.503209
0.520546
0.522873
0.52995
0.506377
0.512048
0.501931
0.507047
0.534458
0.529256
0.528351
0.50254
0.538051
0.507836
0.537393
0.523617
0.512663
0.576833
0.522828
0.534902
0.544624
0.50305
0.522049
0.525795
0.585731
0.517929
0.513419
0.515864
0.499916
0.569774
0.52292
0.510258
0.515089
0.514103
0.50085
0.512686
0.538957
0.518397
0.514277
0.51639
0.497506
0.594289
0.525107
0.528707
0.527945
0.523607
0.498365
0.503378
0.52158
0.517484
0.514617
0.509002
0.498203
0.509017
0.51419
0.514451
0.512865
0.496275
0.521856
0.533808
0.522257
0.531252
0.514469
0.517187
0.526382
0.503344
0.505867
0.529831
0.516222
0.533687
0.499641
0.503715
0.536345
0.50921
0.555388
0.497613
0.514423
0.528888
0.526841
0.503654
0.500975
0.518173
0.532464
0.514945
0.515994
0.514471
0.523797
0.496191
0.498873
0.502203
0.521403
0.533625
0.512478
0.500654
0.512795
0.521309
0.527588
0.522632
0.539056
0.520819
0.541236
0.523819
0.502595
0.527731
0.62468
0.511908
0.519592
0.506023
0.526816
0.512367
0.513554
0.530824
0.529463
0.526734
0.534526
0.517245
0.513701
0.513361
0.530472
0.497741
0.526985
0.530234
0.512844
0.53115
0.532361
0.52021
0.498853
0.51462
0.528184
0.519687
0.513091
0.506232
0.51171
0.533337
0.52865
0.536297
0.572284
0.529515
0.602615
0.530325
0.525833
0.527625
0.525861
0.532367
0.515166
0.57931
0.521518
0.530161
0.519505
0.522859
0.528787
0.529197
0.530401
0.508748
0.498598
0.512714
0.534529
0.498642
0.529309
0.531902
0.523342
0.527208
0.51492
0.52976
0.530408
0.521799
0.497976
0.521681
0.509552
0.542198
0.499197
0.530404
0.513599
0.497489
0.511188
0.540327
0.523862
0.536024
0.533496
0.520325
0.51668
0.502373
0.529896
0.524851
0.524302
0.514312
0.514399
0.556543
0.543693
0.515158
0.514284
0.514441
0.507623
0.531243
0.508707
0.510651
0.531904
0.514901
0.513496
0.50407
0.514241
0.547003
0.565251
0.553711
0.514862
0.552875
0.523844
0.528854
0.518946
0.527661
0.534488
0.515798
0.520442
0.50138
0.499667
0.532039
0.496736
0.532269
0.496737
0.50475
0.527027
0.530912
0.522494
0.539649
0.536605
0.52867
0.520736
0.53244
0.527094
0.497218
0.494324
0.528112
0.510054
0.529478
0.514986
0.558862
0.565765
0.524406
0.549386
0.499466
0.529437
0.532977
0.509795
0.534549
0.553123
0.534402
0.495524
0.504145
0.583522
0.52885
0.533813
0.50921
0.504599
0.5552
0.529002
0.498944
0.498882
0.529683
0.529682
0.520296
0.515112
0.564909
0.522053
0.517429
0.512391
0.519382
0.524204
0.529593
0.514616
0.527851
0.519597
0.517214
0.520159
0.518747
0.519619
0.545362
0.533767
0.5197
0.602396
0.514668
0.512213
0.514005
0.515281
0.521196
0.55308
0.516934
0.517243
0.514813
0.518755
0.520023
0.512981
0.517841
0.523258
0.505095
0.51906
0.521782
0.501538
0.503501
0.521464
0.51492
0.583992
0.517129
0.521561
0.530626
0.516654
0.557621
0.571506
0.56872
0.512465
0.520767
0.518518
0.512866
0.511912
0.518066
0.523283
0.52352
0.531632
0.514504
0.517105
0.512767
0.521933
0.51228
0.523822
0.598145
0.498063
0.517411
0.510716
0.51794
0.517978
0.528106
0.505712
0.573726
0.518581
0.509702
0.510212
0.50654
0.506674
0.52158
0.51291
0.522731
0.526158
0.5241
0.522989
0.520498
0.521586
0.517695
0.520162
0.508106
0.519148
0.51579
0.518928
0.510847
0.51526
0.555544
0.508623
0.511881
0.593964
0.519814
0.515629
0.517277
0.534801
0.509975
0.513538
0.509924
0.509171
0.51218
0.519427
0.519822
0.514439
0.53043
0.529164
0.517818
0.52911
0.54053
0.550126
0.519351
0.521888
0.525027
0.522386
0.512843
0.581614
0.521703
0.548838
0.522016
0.515439
0.521655
0.516091
0.520193
0.509476
0.522951
0.524456
0.519238
0.51523
0.512877
0.510044
0.580309
0.530917
0.520043
0.537736
0.515244
0.530211
0.584128
0.525248
0.505499
0.562148
0.51842
0.533025
0.524487
0.586257
0.50645
0.525481
0.517215
0.523851
0.588355
0.532681
0.526645
0.521648
0.527961
0.50934
0.516195
0.514862
0.515989
0.508196
0.520786
0.528522
0.524542
0.517403
0.515337
0.547139
0.558241
0.515121
0.504453
0.507507
0.510463
0.516032
0.512778
0.526485
0.512773
0.575367
0.509631
0.542657
0.504361
0.50102
0.542281
0.528357
0.529402
0.528355
0.530708
0.510624
0.508519
0.517629
0.519581
0.5499
0.564753
0.518211
0.523988
0.509712
0.519105
0.517919
0.517001
0.522089
0.51831
0.517264
0.527992
0.515821
0.573487
0.567611
0.565271
0.521419
0.519549
0.518052
0.525828
0.526367
0.531541
0.51979
0.525171
0.522153
0.519786
0.507024
0.519727
0.52224
0.518865
0.530835
0.517952
0.522
0.528135
0.527264
0.515409
0.516909
0.520011
0.498168
0.510769
0.522817
0.50598
0.525417
0.514027
0.51656
0.507131
0.520829
0.517778
0.512156
0.511255
0.532922
0.528184
0.515091
0.521209
0.511476
0.518038
0.514863
0.54572
0.518719
0.51526
0.513845
0.516831
0.53541
0.516357
0.516089
0.515943
0.518907
0.524904
0.539373
0.516353
0.517145
0.535794
0.548152
0.513015
0.508298
0.50984
0.519337
0.524262
0.519952
0.51919
0.517043
0.524658
0.521782
0.516186
0.506025
0.513631
0.512636
0.509242
0.505268
0.515645
0.529628
0.576999
0.522489
0.524946
0.528099
0.518965
0.550912
0.518105
0.525634
0.533767
0.515302
0.523152
0.51576
0.507856
0.512739
0.512529
0.516416
0.508892
0.524302
0.529564
0.514209
0.520249
0.514443
0.522068
0.552981
0.521707
0.518252
0.521856
0.508045
0.508597
0.524495
0.511842
0.512093
0.523071
0.516969
0.523495
0.528247
0.505084
0.571545
0.519121
0.516797
0.518411
0.522727
0.529091
0.523986
0.508163
0.514956
0.519934
0.526566
0.518219
0.576483
0.510872
0.523402
0.515431
0.505202
0.527326
0.512391
0.516455
0.5256
0.523855
0.506886
0.52627
0.520885
0.495638
0.530658
0.496182
0.530215
0.526804
0.520484
0.514908
0.521762
0.527913
0.524297
0.524042
0.527708
0.522251
0.524935
0.503716
0.604825
0.561253
0.523939
0.520983
0.502401
0.516285
0.509237
0.528689
0.523578
0.573394
0.521994
0.514691
0.527491
0.517995
0.516451
0.532264
0.523341
0.524347
0.524501
0.529538
0.514288
0.51664
0.545129
0.50999
0.524134
0.509637
0.52215
0.530266
0.500883
0.521053
0.518952
0.530384
0.521383
0.519776
0.515451
0.528031
0.524321
0.526901
0.532327
0.526343
0.515489
0.568076
0.535146
0.505557
0.515575
0.516815
0.509738
0.524968
0.527581
0.509205
0.52702
0.526288
0.526377
0.55996
0.508229
0.507277
0.515335
0.524522
0.527096
0.521797
0.528385
0.512405
0.500959
0.507889
0.521788
0.52727
0.576132
0.502028
0.518091
0.517678
0.515805
0.525977
0.495376
0.524413
0.526689
0.503839
0.523814
0.577184
0.508586
0.525128
0.51398
0.523008
0.524979
0.518675
0.522844
0.541549
0.529388
0.511778
0.514207
0.522238
0.521958
0.508133
0.503678
0.515657
0.532177
0.533081
0.526563
0.519121
0.523783
0.52701
0.527397
0.547521
0.505028
0.521976
0.527711
0.526919
0.530034
0.522265
0.51833
0.574595
0.518791
0.523251
0.584498
0.540529
0.547015
0.526951
0.518859
0.514082
0.530094
0.523763
0.524767
0.541927
0.561051
0.561814
0.503415
0.515827
0.516802
0.560665
0.524402
0.527435
0.511627
0.507447
0.528684
0.520167
0.534691
0.52454
0.569968
0.516862
0.52063
0.518097
0.51232
0.563614
0.531968
0.53186
0.522752
0.508753
0.510715
0.504387
0.517302
0.520361
0.572572
0.524093
0.51669
0.517413
0.514714
0.524161
0.521373
0.512811
0.522885
0.518833
0.601909
0.525691
0.530209
0.522384
