0.522264
0.571042
0.53331
0.530307
0.505658
0.499541
0.504203
0.51552
0.510032
0.512184
0.508293
0.507042
0.52697
0.52866
0.51547
0.527136
0.535427
0.531701
0.541497
0.524218
0.530099
0.563375
0.522917
0.51994
0.520572
0.511722
0.570445
0.516285
0.518644
0.51554
0.529789
0.509267
0.512609
0.496906
0.539832
0.527812
0.526791
0.522258
0.521394
0.526194
0.525711
0.526065
0.525641
0.528267
0.522141
0.518059
0.49387
0.497637
0.529253
0.527527
0.555142
0.550983
0.550817
0.54518
0.521221
0.519086
0.510704
0.514673
0.513776
0.511759
0.512399
0.517968
0.520448
0.513912
0.514376
0.569033
0.570535
0.577001
0.553604
0.52258
0.526905
0.522042
0.533161
0.531654
0.515514
0.505061
0.54419
0.552113
0.551322
0.499767
0.503844
0.513023
0.531385
0.527322
0.512859
0.505393
0.537944
0.533934
0.556065
0.572106
0.517225
0.513737
0.567892
0.531184
0.587824
0.546417
0.547393
0.552811
0.555508
0.523572
0.527627
0.526331
0.524471
0.532303
0.512613
0.526682
0.524286
0.503877
0.507053
0.541546
0.525284
0.522805
0.526086
0.498212
0.502273
0.508477
0.494159
0.499793
0.498273
0.528471
0.525195
0.52279
0.51638
0.515877
0.534297
0.530235
0.593002
0.531031
0.526148
0.530055
0.524928
0.512682
0.526731
0.521959
0.5158
0.515413
0.510297
0.504118
0.50741
0.521733
0.522425
0.586319
0.575435
0.530362
0.533079
0.525531
0.524872
0.524481
0.533035
0.520186
0.527117
0.512464
0.515758
0.507456
0.512752
0.602086
0.615912
0.546224
0.532734
0.536099
0.499268
0.500969
0.509222
0.512946
0.533452
0.496062
0.498472
0.524582
0.519821
0.514768
0.513036
0.516394
0.518811
0.529388
0.527905
0.594152
0.58122
0.515818
0.528568
0.521928
0.52963
0.506847
0.511422
0.495718
0.499071
0.528792
0.514703
0.512995
0.534691
0.531205
0.518338
0.534739
0.525136
0.529245
0.52432
0.527698
0.518671
0.521013
0.520122
0.524468
0.527077
0.527675
0.533167
0.527293
0.571005
0.590056
0.527161
0.529071
0.520906
0.518178
0.51876
0.524398
0.529981
0.529854
0.516263
0.51403
0.523505
0.604722
0.610143
0.538878
0.509231
0.52507
0.511354
0.52097
0.532389
0.513766
0.514122
0.585901
0.588234
0.516439
0.523745
0.597621
0.580418
0.582303
0.577482
0.516079
0.51254
0.542127
0.548802
0.551464
0.517912
0.520424
0.531776
0.529769
0.527333
0.516366
0.529485
0.519054
0.513869
0.514222
0.531288
0.527362
0.518784
0.509773
0.51294
0.520553
0.526187
0.517535
0.50957
0.50489
0.524862
0.527107
0.516873
0.520136
0.51631
0.51653
0.519359
0.530354
0.52577
0.528006
0.522776
0.506366
0.522935
0.521849
0.507521
0.513803
0.506368
0.545976
0.509863
0.548745
0.527002
0.525165
0.532218
0.516064
0.515195
0.527759
0.525387
0.523004
0.528678
0.511688
0.515646
0.523728
0.530961
0.527041
0.50756
0.511146
0.499788
0.503647
0.529459
0.516331
0.520155
0.502491
0.572865
0.537435
0.53315
0.527826
0.550401
0.51921
0.515583
0.522019
0.521542
0.501011
0.515034
0.523061
0.526576
0.520781
0.525161
0.520359
0.499542
0.526097
0.532098
0.526695
0.511781
0.512757
0.510284
0.509
0.508661
0.530044
0.505175
0.507667
0.503863
0.509706
0.500586
0.587555
0.522366
0.519139
0.522675
0.521348
0.515942
0.511121
0.519542
0.516741
0.500216
0.534907
0.529905
0.539494
0.542266
0.544396
0.530932
0.526792
0.52574
0.525941
0.518312
0.522898
0.516666
0.521967
0.519751
0.533006
0.505648
0.508883
0.506289
0.502068
0.505585
0.498996
0.523021
0.519705
0.525161
0.526224
0.495989
0.522384
0.524128
0.523451
0.538356
0.508281
0.51308
0.506308
0.513832
0.525827
0.515871
0.517801
0.555461
0.544028
0.539818
0.526619
0.523731
0.511327
0.510585
0.59356
0.566598
0.507817
0.524349
0.517772
0.527726
0.528342
0.574723
0.546155
0.56815
0.560675
0.559316
0.507151
0.501954
0.519667
0.530543
0.526726
0.504295
0.515619
0.513947
0.505682
0.613956
0.51514
0.510967
0.516068
0.528047
0.509454
0.509501
0.511271
0.526394
0.526646
0.523748
0.508078
0.524465
0.508951
0.515265
0.526947
0.513571
0.512987
0.513447
0.513049
0.513232
0.508564
0.510683
0.52421
0.523828
0.522388
0.523231
0.52374
0.522004
0.525977
0.499233
0.525271
0.524057
0.525375
0.491387
0.511838
0.515746
0.508731
0.51693
0.587435
0.559767
0.555171
0.495415
0.514698
0.54691
0.497196
0.494483
0.498808
0.528705
0.525997
0.568334
0.569358
0.579469
0.527359
0.501629
0.51659
0.502181
0.502905
0.498554
0.51109
0.519231
0.516747
0.522457
0.512057
0.516221
0.498354
0.504563
0.492091
0.50575
0.509305
0.527396
0.527053
0.519342
0.527881
0.525082
0.529425
0.506012
0.514497
0.499313
0.563879
0.50257
0.579906
0.519268
0.527334
0.526867
0.513535
0.511236
0.536698
0.541987
0.50939
0.519372
0.52189
0.508776
0.523236
0.593803
0.52423
0.53298
0.530709
0.500917
0.528727
0.525338
0.514428
0.512997
0.51244
0.515192
0.533691
0.555108
0.552372
0.510422
0.513485
0.530852
0.533657
0.530281
0.537228
0.535721
0.515038
0.517376
0.530569
0.530646
0.526174
0.530158
0.523403
0.51787
0.512114
0.512338
0.515142
0.509366
0.504689
0.511019
0.508905
0.528635
0.526191
0.58698
0.566856
0.542004
0.518816
0.518258
0.51656
0.522176
0.52523
0.52201
0.513533
0.574447
0.599619
0.528024
0.525976
0.520468
0.515199
0.506514
0.529247
0.504514
0.506321
0.516984
0.515051
0.529022
0.52504
0.516395
0.529652
0.513502
0.513306
0.505559
0.532069
0.511909
0.511228
0.501291
0.525127
0.523139
0.529899
0.524987
0.528117
0.531393
0.514126
0.52934
0.507807
0.515224
0.516461
0.520099
0.532004
0.532093
0.523672
0.521348
0.518799
0.515854
0.513983
0.505559
0.505264
0.50916
0.532102
0.513435
0.554008
0.547862
0.552005
0.54441
0.583714
0.565678
0.533551
0.528117
0.524815
0.509709
0.511817
0.510898
0.543474
0.533279
0.5382
0.507959
0.515512
0.531822
0.518979
0.508993
0.511581
0.526308
0.515995
0.512855
0.514572
0.54239
0.519166
0.526906
0.507599
0.508833
0.531071
0.515177
0.51346
0.555281
0.496033
0.514376
0.52005
0.519227
0.504177
0.501719
0.509927
0.539259
0.515224
0.510985
0.527365
0.52461
0.550453
0.552979
0.553917
0.508255
0.5073
0.51315
0.525095
0.52293
0.517356
0.528193
0.586365
0.513725
0.527274
0.526755
0.502973
0.499139
0.584111
0.57806
0.498367
0.589995
0.610422
0.595106
0.522817
0.527831
0.56046
0.512806
0.515607
0.528392
0.528012
0.515803
0.517024
0.517367
0.527348
0.521338
0.52215
0.516251
0.577412
0.591173
0.571535
0.585783
0.52888
0.524442
0.514439
0.500306
0.501435
0.52756
0.499715
0.515007
0.575107
0.570098
0.509162
0.508762
0.505445
0.505105
0.509755
0.516874
0.530454
0.511358
0.500743
0.503678
0.526827
0.529841
0.527253
0.523067
0.51293
0.514202
0.513453
0.514495
0.517528
0.527736
0.529046
0.518099
0.515001
0.521331
0.51365
0.512794
0.517893
0.511754
0.525817
0.517985
0.517575
0.506383
0.511806
0.514129
0.517564
0.51686
0.524509
0.52783
0.530049
0.529285
0.524959
0.521491
0.521263
0.527656
0.58332
0.587543
0.520463
0.507729
0.511735
0.515394
0.524122
0.528851
0.56576
0.565922
0.569086
0.510934
0.506741
0.516656
0.511318
0.570967
0.531644
0.528824
0.522725
0.52086
0.51721
0.512281
0.583057
0.558234
0.565236
0.529046
0.526967
0.512398
0.51305
0.514561
0.526441
0.541069
0.530144
0.529725
0.53259
0.525873
0.506422
0.527084
0.533937
0.514764
0.567672
0.524055
0.496753
0.502208
0.510925
0.508532
0.509784
0.518646
0.526065
0.522989
0.502788
0.505231
0.521271
0.519423
0.521809
0.517335
0.511633
0.51484
0.553778
0.521838
0.516672
0.558054
0.522437
0.560049
0.554593
0.531997
0.52747
0.525911
0.504914
0.518621
0.523645
0.521735
0.504646
0.50518
0.519652
0.531873
0.525885
0.528422
0.518294
0.525866
0.523736
0.525531
0.549148
0.52296
0.518937
0.528263
0.524061
0.527631
0.534886
0.519689
0.519546
0.52225
0.522786
0.525902
0.499343
0.503413
0.567935
0.530297
0.516559
0.51931
0.527847
0.524751
0.513642
0.576456
0.583109
0.532931
0.533672
0.531119
0.499414
0.522247
0.524172
0.554065
0.543505
0.522948
0.525902
0.553671
0.493667
0.515096
0.51604
0.514544
0.511866
0.517659
0.498001
0.501967
0.503561
0.531368
0.562021
0.563138
0.520952
0.500341
0.504385
0.504543
0.500179
0.521281
0.583832
0.512105
0.50961
0.50621
0.508842
0.528318
0.529187
0.519636
0.509622
0.513084
0.516736
0.503512
0.502143
0.528774
0.597885
0.587118
0.511949
0.544954
0.514515
0.516937
0.499238
0.504555
0.507341
0.51036
0.512251
0.508862
0.519219
0.527899
0.528518
0.534137
0.497026
0.497459
0.505777
0.532174
0.521382
0.52899
0.525585
0.524749
0.515149
0.569064
0.567817
0.571972
0.513344
0.518907
0.51947
0.51242
0.532845
0.533182
0.525641
0.52728
0.536094
0.530776
0.52996
0.529855
0.490125
0.50088
0.520758
0.518221
0.536527
0.534834
0.527854
0.528584
0.49585
0.533155
0.501962
0.496144
0.526728
0.509692
0.513671
0.544543
0.553639
0.519826
0.522925
0.538886
0.535795
0.555568
0.529304
0.531275
0.502882
0.52499
0.529471
0.517213
0.509334
0.522084
0.546684
0.550286
0.541222
0.529978
0.529979
0.52232
0.509515
0.519837
0.532825
0.510996
0.50602
0.525399
0.523974
0.534061
0.54231
0.519588
0.518969
0.519277
0.524195
0.51517
0.514691
0.531259
0.526409
0.520251
0.528507
0.525614
0.504259
0.588065
0.529418
0.518588
0.514403
0.532675
0.528602
0.50047
0.548706
0.529215
0.54019
0.529078
0.518117
0.525683
0.549416
0.497123
0.500913
0.517415
0.52743
0.531651
0.512273
0.517345
0.498356
0.589531
0.512131
0.519924
0.504026
0.498628
0.499471
0.508508
0.549167
0.543285
0.50558
0.520119
0.502511
0.514941
0.515293
0.544313
0.538435
0.519414
0.50585
0.501863
0.523798
0.5459
0.546063
0.505147
0.521204
0.526836
0.517673
0.516907
0.517031
0.581782
0.56452
0.561286
0.530867
0.521369
0.52769
0.51116
0.553968
0.580493
0.581337
0.541564
0.518838
0.5283
0.499437
0.535565
0.508769
0.515261
0.50683
0.539872
0.528449
0.52471
0.494126
0.571647
0.589028
0.508182
0.503218
0.496977
0.527176
0.524567
0.530255
0.534463
0.53122
0.513107
0.529421
0.517565
0.515061
0.523716
0.493005
0.507556
0.500318
0.501103
0.514561
0.537561
0.541621
0.524376
0.531161
0.52534
0.511049
0.529711
0.520556
0.508779
0.517044
0.526238
0.528185
0.520166
0.521116
0.530728
0.51978
0.537506
0.53889
0.519455
0.511798
0.505474
0.523645
0.507599
0.520336
0.522793
0.529036
0.5304
0.521132
0.528632
0.524561
0.528998
0.529028
0.517003
0.503219
0.513798
0.509572
0.494618
0.51948
0.513792
0.499976
0.501207
0.504667
0.529027
0.528946
0.529256
0.498663
0.584561
0.502464
0.49725
0.526626
0.5011
0.529851
0.514974
0.517751
0.586197
0.524095
0.516516
0.562619
0.512386
0.492588
0.539298
0.516437
0.505066
0.517204
0.528712
0.519172
0.517914
0.506954
0.533648
0.529652
0.529181
0.529024
0.522611
0.524806
0.539191
0.533999
0.535237
0.539251
0.536737
0.515639
0.516887
0.513266
0.533344
0.506792
0.5003
0.518635
0.506827
0.515293
0.560836
0.505741
0.510727
0.530716
0.569106
0.514415
0.517012
0.580104
0.506275
0.529896
0.504204
0.503769
0.514834
0.515056
0.515054
0.505117
0.496165
0.498948
0.547331
0.523951
0.529003
0.529257
0.525397
0.512183
0.50698
0.529841
0.503612
0.507291
0.541478
0.542237
0.524166
0.519576
0.535022
0.514007
0.525935
0.501841
0.54607
0.528145
0.502484
0.505995
0.52467
0.529315
0.532085
0.51421
0.596272
0.517681
0.505541
0.498071
0.528216
0.560473
0.568508
0.520784
0.529534
0.509613
0.511622
0.512705
0.529958
0.537459
0.52121
0.514369
0.515748
0.497287
0.530044
0.523987
0.533988
0.495257
0.517353
0.500602
0.545415
0.500746
0.541341
0.510211
0.528955
0.529061
0.528662
0.516356
0.513168
0.51457
0.49795
0.521603
0.509577
0.511607
0.521031
0.520189
0.520603
0.520461
0.502043
0.511614
0.509495
0.514962
0.515474
0.519029
0.515383
0.524263
0.532279
0.525108
0.561742
0.516308
0.507981
0.512533
0.518972
0.529763
0.527324
0.533031
0.500101
0.515111
0.516063
0.514041
0.521951
0.51737
0.520894
0.499197
0.500536
0.503449
0.520488
0.523223
0.512049
0.531698
0.522799
0.529957
0.521537
0.503412
0.537157
0.513416
0.519926
0.513759
0.499766
0.576517
0.583032
0.530166
0.528181
0.58297
0.511773
0.505464
0.513353
0.530843
0.529148
0.526479
0.52871
0.531073
0.512465
0.531296
0.530837
0.527275
0.515797
0.520081
0.510435
0.527117
0.520334
0.506848
0.531623
0.528889
0.535643
0.536902
0.529831
0.497851
0.593099
0.532226
0.530021
0.522709
0.555774
0.514794
0.51749
0.525898
0.521309
0.516188
0.530489
0.528461
0.502766
0.522439
0.529527
0.520422
0.519418
0.528901
0.529516
0.509126
0.501608
0.497138
0.548587
0.531204
0.53173
0.517991
0.529153
0.529233
0.499061
0.520076
0.545898
0.528955
0.503419
0.496462
0.498313
0.534595
0.494195
0.511752
0.540232
0.535686
0.516068
0.503807
0.530235
0.524804
0.524965
0.543746
0.514596
0.515572
0.506543
0.565217
0.531603
0.510383
0.513039
0.505263
0.514159
0.520416
0.519139
0.524116
0.56398
0.547026
0.563844
0.498436
0.514864
0.511516
0.523684
0.529399
0.53082
0.538675
0.531351
0.513869
0.519722
0.529346
0.526835
0.520832
0.535503
0.549575
0.529452
0.533575
0.531742
0.532111
0.49635
0.49989
0.524847
0.527031
0.499883
0.52977
0.529865
0.52848
0.546829
0.619831
0.530622
0.597029
0.609211
0.493451
0.541278
0.515037
0.548454
0.560992
0.525741
0.500667
0.527164
0.533036
0.514794
0.533374
0.515298
0.529878
0.507286
0.505773
0.598636
0.503634
0.5112
0.503768
0.529919
0.528807
0.530409
0.49864
0.562523
0.532073
0.520729
0.564205
0.534011
0.515807
0.517354
0.518793
0.553899
0.522382
0.530952
0.514813
0.517365
0.510609
0.517458
0.520413
0.518539
0.516881
0.520551
0.57796
0.538882
0.545643
0.521556
0.514274
0.513823
0.525034
0.535257
0.515237
0.516692
0.590944
0.584433
0.553891
0.549868
0.516424
0.516571
0.513376
0.519873
0.512472
0.518237
0.529277
0.514514
0.522106
0.508301
0.518515
0.515803
0.517527
0.511564
0.588966
0.520151
0.521531
0.511887
0.515647
0.519274
0.519827
0.511932
0.521205
0.525917
0.520291
0.518438
0.567957
0.527256
0.617456
0.613647
0.519724
0.518174
0.523423
0.565603
0.5173
0.522302
0.513447
0.512697
0.574036
0.524651
0.522462
0.518263
0.577381
0.513383
0.538308
0.53166
0.514304
0.520153
0.529019
0.509183
0.518882
0.529661
0.516947
0.521349
0.526914
0.517239
0.510014
0.522396
0.51213
0.504574
0.518647
0.516776
0.52749
0.524356
0.5213
0.522326
0.519982
0.519563
0.509768
0.519778
0.519735
0.516949
0.514965
0.516374
0.512395
0.516162
0.517165
0.555023
0.5147
0.574752
0.519975
0.572852
0.528538
0.514008
0.511561
0.512807
0.511438
0.521973
0.528143
0.520813
0.523395
0.531236
0.51588
0.513451
0.578022
0.575191
0.577165
0.52144
0.516538
0.522446
0.516314
0.524805
0.513206
0.505672
0.507209
0.522056
0.51873
0.591199
0.538133
0.524374
0.529966
0.553668
0.517887
0.540296
0.537464
0.520018
0.555549
0.570899
0.561025
0.569291
0.515162
0.516957
0.535983
0.527562
0.514534
0.509337
0.524975
0.52073
0.520134
0.510332
0.50703
0.526565
0.526997
0.523636
0.527206
0.514551
0.519149
0.515572
0.510516
0.521344
0.519938
0.520335
0.512869
0.555892
0.535687
0.514782
0.507735
0.515629
0.527992
0.525752
0.569815
0.538607
0.52476
0.515538
0.504974
0.5126
0.518837
0.538972
0.516239
0.527456
0.523458
0.527623
0.534557
0.512968
0.516914
0.589006
0.521292
0.59844
0.518713
0.517332
0.51161
0.523
0.51985
0.518039
0.516093
0.514213
0.504882
0.524869
0.520076
0.516899
0.522215
0.518334
0.529303
0.526151
0.520859
0.516183
0.523102
0.519444
0.520153
0.519459
0.521762
0.515609
0.517159
0.511548
0.50898
0.506946
0.517738
0.522185
0.520846
0.509497
0.517541
0.522821
0.539359
0.512772
0.533917
0.529592
0.531228
0.527741
0.523354
0.511098
0.546127
0.518003
0.504938
0.517283
0.51766
0.515624
0.517513
0.522463
0.526522
0.542065
0.509855
0.515049
0.522327
0.573689
0.511441
0.514072
0.513359
0.517085
0.517203
0.524591
0.512621
0.511625
0.511186
0.520474
0.554124
0.512497
0.512915
0.517929
0.508566
0.516971
0.512646
0.513817
0.515682
0.519088
0.51228
0.52514
0.526409
0.518799
0.544803
0.525913
0.523052
0.510179
0.512634
0.513035
0.514815
0.513492
0.509613
0.512614
0.534091
0.513244
0.516553
0.515375
0.521394
0.517889
0.526827
0.516613
0.519029
0.519405
0.536848
0.591977
0.521542
0.516638
0.526294
0.5413
0.507319
0.514178
0.528581
0.515911
0.50644
0.527231
0.52961
0.513636
0.50632
0.514847
0.527741
0.524785
0.515388
0.511165
0.50834
0.524393
0.531615
0.516362
0.520644
0.549444
0.516195
0.511588
0.514529
0.524632
0.521171
0.512559
0.521348
0.524672
0.528085
0.505322
0.548789
0.514684
0.513668
0.533769
0.525486
0.527234
0.518105
0.527451
0.518914
0.51243
0.529555
0.527389
0.537663
0.57039
0.514052
0.515558
0.507655
0.552144
0.507632
0.514811
0.538689
0.511666
0.524806
0.528864
0.534395
0.525477
0.520513
0.512594
0.521572
0.530805
0.518108
0.527108
0.52027
0.515399
0.52773
0.526215
0.509194
0.523052
0.521214
0.521565
0.548463
0.5105
0.527197
0.561025
0.525389
0.512222
0.515816
0.50899
0.518605
0.51238
0.509586
0.519884
0.514819
0.51246
0.51045
0.533059
0.513479
0.505346
0.514727
0.524149
0.512714
0.509352
0.521289
0.570192
0.530167
0.52004
0.508372
0.592934
0.526994
0.531917
0.502604
0.53789
0.518846
0.513436
0.532969
0.522099
0.512571
0.520753
0.5058
0.529543
0.525322
0.526494
0.526962
0.587117
0.570557
0.572059
0.51084
0.507506
0.560818
0.520632
0.525048
0.513907
0.514883
0.512379
0.51291
0.509773
0.52607
0.513846
0.509396
0.518423
0.524766
0.527197
0.547451
0.513666
0.522439
0.52209
0.559769
0.515122
0.510949
0.518535
0.516332
0.525861
0.513952
0.514777
0.579347
0.532896
0.521304
0.512811
0.515723
0.52068
0.528111
0.520856
0.514789
0.585092
0.511871
0.504381
0.517784
0.582731
0.532638
0.528234
0.518891
0.572134
0.524623
0.52397
0.520141
0.517149
0.514883
0.510545
0.527523
0.524252
0.520583
0.523677
0.520002
0.50369
0.52967
0.525635
0.504825
0.528919
0.533329
0.514357
0.57034
0.522852
0.552802
0.517545
0.523369
0.528868
0.530206
0.524701
0.524431
0.5153
0.516356
0.511935
0.526868
0.5227
0.515447
0.526044
0.508226
0.52403
0.592018
0.562359
0.531449
0.516747
0.505136
0.527469
0.521689
0.524425
0.517571
0.517343
0.518618
0.51297
0.505792
0.536592
0.528146
0.527025
0.549252
0.513404
0.525209
0.521013
0.521125
0.503799
0.507336
0.527606
0.551819
