0.552251
0.571938
0.562004
0.533273
0.502858
0.497257
0.510124
0.515587
0.508617
0.499875
0.502517
0.509332
0.514355
0.507198
0.504297
0.519517
0.525238
0.516839
0.52463
0.535182
0.539566
0.494759
0.526744
0.524462
0.520849
0.524881
0.556028
0.507936
0.513849
0.509063
0.523957
0.52495
0.521732
0.530118
0.525789
0.507726
0.512248
0.531186
0.526217
0.525514
0.521249
0.529425
0.522006
0.526563
0.52619
0.528509
0.549993
0.573
0.570493
0.519425
0.5169
0.524332
0.519401
0.520867
0.550488
0.495817
0.50237
0.51295
0.513921
0.51817
0.509022
0.510238
0.554516
0.54845
0.565441
0.554752
0.544046
0.531066
0.514913
0.51564
0.512779
0.512597
0.512952
0.514807
0.518236
0.496638
0.502154
0.579785
0.550523
0.538559
0.528103
0.53166
0.529678
0.521098
0.517172
0.516077
0.557452
0.561888
0.503666
0.509651
0.502589
0.504199
0.509637
0.504855
0.505087
0.509452
0.542403
0.536943
0.517722
0.511302
0.515434
0.564593
0.567471
0.571726
0.574702
0.576701
0.558953
0.563277
0.564125
0.526164
0.523723
0.532274
0.512946
0.515178
0.524318
0.526339
0.526043
0.525619
0.509604
0.506997
0.541078
0.514146
0.528152
0.524331
0.522898
0.497535
0.510587
0.496518
0.505053
0.501294
0.530046
0.523991
0.514256
0.520498
0.516126
0.530201
0.591615
0.527557
0.521643
0.517129
0.521489
0.520923
0.51603
0.514372
0.508794
0.503445
0.504636
0.5171
0.51891
0.564535
0.530143
0.527481
0.530099
0.519589
0.516846
0.517645
0.52109
0.522542
0.528785
0.527169
0.526441
0.508318
0.513359
0.527825
0.507597
0.514284
0.511974
0.494983
0.505002
0.522748
0.522231
0.527424
0.52465
0.524861
0.533055
0.528625
0.615378
0.594491
0.51023
0.513045
0.509387
0.521894
0.528713
0.530371
0.501076
0.509711
0.513978
0.504509
0.498002
0.527972
0.527252
0.534203
0.514474
0.51289
0.517937
0.517753
0.535321
0.529557
0.519297
0.526095
0.527562
0.525055
0.527209
0.530565
0.529302
0.519952
0.53032
0.528559
0.527871
0.530269
0.581202
0.580497
0.57499
0.523382
0.527161
0.519928
0.522036
0.517961
0.520863
0.523058
0.511297
0.506733
0.513338
0.529499
0.528026
0.506728
0.599297
0.59784
0.529181
0.515851
0.588542
0.59254
0.511088
0.515584
0.505142
0.592615
0.591559
0.505127
0.508436
0.538612
0.534422
0.55029
0.547534
0.533839
0.530621
0.517374
0.525711
0.529182
0.525305
0.502397
0.514212
0.526771
0.498472
0.51089
0.506202
0.505275
0.503543
0.508715
0.53039
0.527324
0.547984
0.520658
0.507943
0.510818
0.529887
0.517398
0.526846
0.503467
0.513043
0.510458
0.531005
0.527461
0.528314
0.542452
0.509898
0.513637
0.52424
0.51884
0.521567
0.52434
0.521104
0.517246
0.521102
0.51446
0.515839
0.507615
0.521522
0.515956
0.530952
0.526851
0.527911
0.524476
0.516331
0.529726
0.526301
0.507604
0.508159
0.506263
0.508969
0.500872
0.524776
0.523021
0.522694
0.507597
0.549068
0.525452
0.515251
0.513897
0.52343
0.522336
0.529716
0.505737
0.511806
0.505702
0.511189
0.529446
0.516521
0.516199
0.527383
0.512366
0.510149
0.501439
0.528775
0.586166
0.516516
0.515021
0.518376
0.509441
0.504756
0.510153
0.506341
0.556908
0.50945
0.576571
0.579699
0.535958
0.532036
0.516931
0.518168
0.526058
0.518794
0.522349
0.523684
0.499936
0.504847
0.522918
0.527894
0.524653
0.523817
0.518677
0.503801
0.527821
0.527293
0.523543
0.52504
0.497001
0.531106
0.525308
0.513872
0.510489
0.534474
0.510889
0.527521
0.500309
0.521776
0.526163
0.506136
0.508408
0.606737
0.599807
0.590389
0.527508
0.523196
0.524431
0.51665
0.518207
0.525032
0.501678
0.505894
0.534774
0.533808
0.524136
0.50135
0.540833
0.543354
0.546359
0.532739
0.52845
0.505564
0.524394
0.526386
0.527944
0.521498
0.519889
0.521344
0.525859
0.508786
0.50778
0.507915
0.508671
0.506713
0.49983
0.519463
0.52203
0.521495
0.524632
0.529604
0.525357
0.524452
0.494686
0.522259
0.521027
0.522769
0.532973
0.510931
0.512937
0.519461
0.517119
0.519533
0.527791
0.507846
0.592745
0.587854
0.51425
0.521683
0.524661
0.50204
0.502605
0.508745
0.507892
0.592867
0.519687
0.524946
0.527688
0.528939
0.550776
0.559767
0.563869
0.576911
0.561405
0.579452
0.50886
0.508369
0.537164
0.529413
0.527479
0.512348
0.510276
0.514556
0.520279
0.50279
0.506737
0.511817
0.511522
0.602133
0.530063
0.529441
0.520669
0.524869
0.527256
0.523114
0.519421
0.518242
0.536303
0.531602
0.522077
0.511767
0.50817
0.510366
0.510925
0.525142
0.516081
0.51654
0.519908
0.527605
0.524068
0.50905
0.509156
0.528344
0.523099
0.51352
0.509266
0.529166
0.527701
0.524276
0.521476
0.503117
0.530835
0.528093
0.529222
0.496572
0.519106
0.510357
0.510731
0.560898
0.493635
0.544625
0.554226
0.494849
0.499494
0.529039
0.527917
0.554172
0.557235
0.522985
0.502233
0.525247
0.510835
0.556417
0.558473
0.50384
0.499003
0.501814
0.516829
0.519778
0.517002
0.526768
0.51532
0.513406
0.517276
0.518372
0.514734
0.541516
0.608024
0.5816
0.491418
0.505101
0.508311
0.52418
0.527048
0.527033
0.520366
0.519897
0.574648
0.564985
0.561964
0.512619
0.527575
0.523653
0.504044
0.529252
0.526894
0.51263
0.522751
0.527067
0.535419
0.53276
0.523498
0.597667
0.497863
0.528844
0.524909
0.500798
0.525503
0.515984
0.511353
0.507899
0.516246
0.51375
0.520035
0.503455
0.555403
0.557757
0.573071
0.511728
0.528181
0.532778
0.52796
0.53278
0.533543
0.513914
0.514773
0.531751
0.529179
0.522667
0.523638
0.520321
0.511694
0.511582
0.511352
0.508328
0.511949
0.509931
0.510078
0.528917
0.567922
0.568439
0.512297
0.518803
0.535326
0.527001
0.514801
0.508274
0.546156
0.522949
0.521493
0.517759
0.527312
0.513514
0.605315
0.585258
0.530335
0.524922
0.52668
0.518165
0.516092
0.523221
0.527537
0.518096
0.587819
0.5295
0.504925
0.506989
0.533086
0.528281
0.519907
0.51129
0.53434
0.512592
0.516686
0.510165
0.531991
0.499538
0.502137
0.52493
0.527078
0.531101
0.526322
0.510576
0.529469
0.499928
0.503957
0.51493
0.519506
0.512059
0.514719
0.50447
0.503073
0.510301
0.558232
0.547859
0.55487
0.589088
0.531662
0.525209
0.509009
0.508802
0.544137
0.560826
0.533627
0.537406
0.536249
0.507664
0.503046
0.51053
0.51597
0.511221
0.514807
0.50877
0.51312
0.512934
0.514639
0.513751
0.512669
0.521703
0.521369
0.518858
0.511652
0.526951
0.538091
0.514753
0.511131
0.510374
0.545281
0.543148
0.547152
0.49864
0.50495
0.555042
0.554234
0.519684
0.515602
0.518602
0.493538
0.523969
0.521535
0.51715
0.529063
0.526766
0.527531
0.525647
0.500928
0.586383
0.500051
0.505634
0.611626
0.616578
0.606283
0.52411
0.527537
0.570594
0.558428
0.552604
0.512394
0.51357
0.527191
0.525083
0.508335
0.552297
0.522183
0.52055
0.524856
0.511176
0.574723
0.587225
0.528609
0.522677
0.501658
0.527533
0.495332
0.513652
0.575675
0.576456
0.596383
0.568006
0.506177
0.528994
0.528931
0.529739
0.50585
0.510531
0.498444
0.522801
0.520507
0.506404
0.511085
0.514686
0.515048
0.522117
0.514767
0.514109
0.512253
0.51406
0.528996
0.527284
0.54265
0.535163
0.511404
0.514145
0.529525
0.530307
0.507975
0.526186
0.525574
0.51943
0.51431
0.523916
0.512393
0.507326
0.506269
0.513561
0.525258
0.527012
0.52509
0.524416
0.519813
0.518699
0.522863
0.52731
0.594467
0.522805
0.518866
0.514035
0.508565
0.511038
0.534768
0.534683
0.545409
0.527529
0.511495
0.501003
0.518087
0.511879
0.501521
0.515814
0.52656
0.513164
0.520416
0.510342
0.576794
0.528882
0.526429
0.51312
0.507886
0.515573
0.515631
0.520151
0.510039
0.504853
0.500702
0.502237
0.531855
0.539416
0.534699
0.526248
0.532379
0.523485
0.513753
0.512607
0.512003
0.513187
0.497667
0.504516
0.604167
0.508008
0.518593
0.526991
0.502908
0.504716
0.517366
0.516283
0.524604
0.525878
0.527364
0.521697
0.519887
0.524053
0.49891
0.525515
0.525301
0.517213
0.512506
0.522309
0.556716
0.557399
0.531004
0.514471
0.52475
0.521992
0.520239
0.508029
0.529288
0.53004
0.530195
0.493409
0.520341
0.523297
0.525379
0.538618
0.519143
0.529325
0.500203
0.532337
0.528243
0.518433
0.57665
0.523486
0.503581
0.49984
0.499644
0.50657
0.532082
0.520155
0.499974
0.52831
0.53073
0.505522
0.577115
0.613824
0.518413
0.493491
0.546678
0.528254
0.516272
0.520606
0.512611
0.51511
0.540613
0.555481
0.519353
0.523138
0.526396
0.555175
0.4924
0.498161
0.505248
0.511447
0.516078
0.522302
0.521075
0.519683
0.49993
0.530044
0.527382
0.5111
0.530912
0.57271
0.600814
0.521945
0.515349
0.516159
0.510024
0.525084
0.525331
0.509393
0.509315
0.509858
0.550832
0.507367
0.516625
0.536337
0.521698
0.517264
0.508409
0.517503
0.511118
0.503135
0.530016
0.60294
0.593624
0.508835
0.545013
0.534963
0.517025
0.515501
0.514434
0.506744
0.529976
0.519982
0.534855
0.528068
0.527736
0.523932
0.513116
0.515982
0.527528
0.530746
0.499974
0.581459
0.587984
0.492188
0.496604
0.509876
0.535191
0.514806
0.529448
0.524222
0.52433
0.511936
0.562583
0.556718
0.577187
0.562229
0.519008
0.526366
0.588416
0.529387
0.512354
0.532347
0.5314
0.524819
0.533574
0.537779
0.531766
0.531226
0.53633
0.532724
0.513877
0.500244
0.528817
0.516733
0.531294
0.532281
0.525561
0.504246
0.533319
0.524917
0.513251
0.521592
0.518761
0.524864
0.547796
0.541724
0.550545
0.520499
0.521829
0.508586
0.521722
0.529484
0.530889
0.590625
0.525075
0.525741
0.532755
0.513472
0.553294
0.529763
0.514851
0.530268
0.530997
0.574664
0.499054
0.502851
0.519953
0.533203
0.527844
0.515231
0.509595
0.526151
0.518972
0.526909
0.531614
0.520223
0.518873
0.519147
0.528808
0.521607
0.521779
0.511585
0.516705
0.518227
0.529445
0.51989
0.516525
0.532771
0.546932
0.518146
0.518231
0.538395
0.528361
0.518435
0.526371
0.549118
0.509643
0.498414
0.518794
0.511331
0.512078
0.50479
0.498295
0.511277
0.548033
0.557329
0.500755
0.524788
0.529118
0.51532
0.514416
0.529982
0.54798
0.514265
0.514897
0.516088
0.506371
0.530615
0.523985
0.555732
0.504235
0.50333
0.504949
0.520855
0.523295
0.515832
0.522362
0.52182
0.554843
0.505957
0.588172
0.526761
0.528813
0.517195
0.54911
0.598839
0.536354
0.521224
0.556321
0.528445
0.529825
0.526923
0.511823
0.516724
0.512933
0.526379
0.538415
0.54143
0.537634
0.528973
0.524006
0.496662
0.523394
0.567928
0.530067
0.513278
0.528191
0.528696
0.509304
0.490922
0.493324
0.507613
0.52862
0.534564
0.501809
0.518864
0.533789
0.528841
0.52314
0.541902
0.529833
0.532032
0.529999
0.508162
0.52051
0.526594
0.518676
0.519629
0.538333
0.541345
0.543412
0.520578
0.52328
0.528623
0.523666
0.531466
0.53034
0.526273
0.532066
0.498033
0.520663
0.49921
0.505662
0.52741
0.528369
0.529559
0.52862
0.526524
0.523472
0.525783
0.517117
0.515022
0.506889
0.509879
0.499122
0.524245
0.517452
0.515182
0.506591
0.505314
0.5287
0.526679
0.527267
0.527924
0.53411
0.567044
0.529852
0.562003
0.566604
0.509871
0.514274
0.529906
0.506805
0.518118
0.526283
0.528937
0.51483
0.514141
0.52826
0.523727
0.568036
0.517429
0.52846
0.571059
0.594381
0.545545
0.538839
0.516732
0.506099
0.558925
0.551991
0.516087
0.532884
0.532906
0.513865
0.513194
0.532835
0.527646
0.528857
0.527748
0.532709
0.539718
0.490639
0.533117
0.537136
0.53951
0.510475
0.517192
0.53302
0.504711
0.522857
0.608152
0.512031
0.50358
0.50383
0.562136
0.519226
0.519455
0.505378
0.529378
0.528208
0.503991
0.582726
0.50253
0.493337
0.499562
0.547296
0.517287
0.503505
0.508719
0.530722
0.535846
0.526062
0.502557
0.506591
0.539397
0.510283
0.539867
0.525335
0.511932
0.520875
0.536536
0.515575
0.515905
0.527728
0.517921
0.505536
0.520033
0.524395
0.518515
0.526894
0.541988
0.498524
0.525225
0.528968
0.560782
0.524833
0.525392
0.509058
0.510548
0.511826
0.529113
0.538309
0.518478
0.612026
0.510443
0.496563
0.534394
0.495658
0.501498
0.600997
0.499647
0.498992
0.511339
0.51899
0.543372
0.52959
0.529209
0.493058
0.50069
0.511114
0.507754
0.508989
0.511692
0.517144
0.521374
0.509947
0.522627
0.511909
0.519063
0.53768
0.522566
0.503588
0.499219
0.503564
0.532021
0.525765
0.51704
0.496306
0.501216
0.511781
0.52097
0.535515
0.517815
0.521621
0.53321
0.516096
0.52528
0.503577
0.523387
0.511801
0.528441
0.520677
0.505088
0.519778
0.505389
0.528586
0.521759
0.49986
0.605833
0.503909
0.508167
0.520902
0.512807
0.529847
0.530821
0.530975
0.531479
0.526613
0.511141
0.527372
0.530627
0.5309
0.530475
0.528154
0.52435
0.531072
0.528102
0.499902
0.531703
0.528053
0.523044
0.558519
0.53146
0.526222
0.515646
0.514064
0.524656
0.527047
0.526639
0.504227
0.523092
0.529653
0.528259
0.529874
0.530684
0.548275
0.53602
0.533479
0.530604
0.536132
0.524156
0.548838
0.505269
0.544517
0.529512
0.506117
0.527466
0.497037
0.534284
0.512093
0.497039
0.501619
0.512171
0.512486
0.526478
0.515764
0.512399
0.531632
0.560982
0.515247
0.504287
0.529935
0.586347
0.533847
0.519358
0.517617
0.592346
0.529341
0.550464
0.546781
0.603979
0.594902
0.514316
0.515728
0.514893
0.582045
0.530977
0.539866
0.4983
0.506933
0.541752
0.527606
0.528358
0.520446
0.536407
0.56079
0.530173
0.52134
0.526101
0.527135
0.5235
0.530151
0.52892
0.530644
0.521451
0.525223
0.519755
0.551855
0.530625
0.529105
0.565783
0.54975
0.528133
0.569274
0.593854
0.52884
0.533304
0.529065
0.572134
0.530199
0.527295
0.500229
0.499379
0.533345
0.499556
0.500628
0.515114
0.542169
0.52596
0.49783
0.530907
0.525469
0.535129
0.514853
0.552498
0.530957
0.5317
0.530491
0.499178
0.493459
0.504868
0.491734
0.53082
0.513505
0.613855
0.504013
0.509656
0.512287
0.514335
0.523904
0.529288
0.529345
0.529243
0.529793
0.533479
0.596062
0.530993
0.528725
0.583308
0.578012
0.514397
0.508113
0.514901
0.525128
0.512417
0.525866
0.513338
0.511458
0.516897
0.529146
0.515203
0.509969
0.516996
0.505479
0.525124
0.518283
0.507103
0.521026
0.526943
0.543993
0.53492
0.518045
0.513616
0.519704
0.519044
0.536317
0.512999
0.515553
0.552098
0.546123
0.516301
0.512137
0.51142
0.523755
0.521355
0.516821
0.516464
0.518895
0.50697
0.516259
0.521248
0.521444
0.52298
0.524271
0.513538
0.522921
0.526416
0.554283
0.563145
0.52121
0.514122
0.589527
0.593575
0.518064
0.516577
0.515851
0.5833
0.568537
0.581381
0.518292
0.522689
0.520996
0.533595
0.508099
0.531753
0.52144
0.510198
0.516947
0.519765
0.512073
0.510514
0.570419
0.511776
0.511002
0.522086
0.521986
0.51221
0.516939
0.523096
0.515633
0.512571
0.513692
0.520084
0.516063
0.516846
0.510557
0.515501
0.518717
0.512853
0.516528
0.509312
0.514268
0.536806
0.520762
0.523334
0.526986
0.504171
0.52181
0.518329
0.511864
0.514769
0.529369
0.513531
0.523153
0.518188
0.522464
0.517428
0.517834
0.580735
0.526669
0.523049
0.520388
0.525559
0.522522
0.531361
0.531766
0.519673
0.51289
0.520044
0.517494
0.512641
0.513982
0.521447
0.515172
0.539878
0.509601
0.506824
0.52148
0.519157
0.513235
0.534503
0.511479
0.512116
0.513273
0.522313
0.537219
0.560691
0.571783
0.513104
0.530335
0.522981
0.522184
0.516271
0.545644
0.527346
0.526326
0.515516
0.512491
0.519431
0.514207
0.516099
0.516
0.51875
0.516137
0.506985
0.510347
0.526366
0.531271
0.516745
0.524665
0.525875
0.518121
0.53893
0.540661
0.517148
0.560938
0.567263
0.570637
0.562929
0.514718
0.514873
0.514752
0.524775
0.514317
0.51224
0.539054
0.52154
0.522794
0.511385
0.525825
0.527386
0.516177
0.51942
0.517278
0.516169
0.514945
0.515809
0.508166
0.530269
0.518903
0.521614
0.523895
0.519354
0.54951
0.521671
0.535333
0.517051
0.531129
0.515231
0.508599
0.51796
0.526472
0.525337
0.567702
0.514966
0.607117
0.530807
0.537571
0.514635
0.548109
0.554165
0.522328
0.519156
0.522619
0.526398
0.532672
0.58904
0.528161
0.516432
0.524263
0.524926
0.519301
0.509532
0.521351
0.514313
0.516851
0.513471
0.51306
0.516182
0.513143
0.5098
0.528988
0.526027
0.520415
0.53357
0.521322
0.526338
0.527024
0.508711
0.523188
0.5155
0.511913
0.513021
0.508965
0.517744
0.519788
0.531869
0.519084
0.515461
0.520531
0.520406
0.51644
0.515469
0.517484
0.538555
0.539325
0.514893
0.512623
0.53493
0.520488
0.548347
0.503221
0.512164
0.516824
0.517099
0.535997
0.523459
0.516247
0.536131
0.53667
0.514965
0.515028
0.564989
0.521471
0.516985
0.529042
0.528316
0.582552
0.58246
0.518537
0.514428
0.513035
0.510118
0.513635
0.511015
0.519419
0.51597
0.512916
0.518992
0.515382
0.523625
0.525505
0.511181
0.523719
0.510862
0.526838
0.512784
0.527079
0.544748
0.513403
0.516504
0.5129
0.512794
0.513915
0.519846
0.521523
0.520334
0.51393
0.519613
0.520503
0.521569
0.528326
0.513128
0.518909
0.517494
0.588717
0.51523
0.519066
0.518762
0.533212
0.514105
0.548921
0.521749
0.553933
0.51567
0.53194
0.517081
0.52256
0.526505
0.521139
0.523447
0.526948
0.524535
0.506113
0.520116
0.518554
0.501994
0.512913
0.522059
0.528569
0.530733
0.554542
0.522147
0.527153
0.530759
0.52149
0.518695
0.510154
0.521393
0.528955
0.601277
0.523129
0.535108
0.531464
0.527488
0.516194
0.506778
0.509157
0.527434
0.529369
0.525099
0.527247
0.51005
0.520306
0.552428
0.516684
0.512139
0.521367
0.527009
0.523699
0.533159
0.523765
0.509307
0.553136
0.511015
0.515542
0.529357
0.519693
0.525614
0.526045
0.502506
0.50868
0.52951
0.517313
0.518575
0.526949
0.524331
0.582916
0.505369
0.512305
0.571436
0.529978
0.52548
0.506889
0.51244
0.516369
0.522181
0.556981
0.521273
0.512972
0.525222
0.515392
0.550986
0.514652
0.516512
0.564867
0.512158
0.533269
0.524608
0.515704
0.583853
0.544608
0.513392
0.55657
0.611422
0.523494
0.52776
0.523875
0.57642
0.507798
0.534357
0.519008
0.527805
0.516767
0.511054
0.522707
0.570503
0.52023
0.504372
0.512746
0.505158
0.518487
0.511635
0.511131
0.529602
0.583421
0.516063
0.601674
0.526397
0.518381
0.51325
0.525105
0.525086
0.524056
0.54004
0.517603
0.524515
0.516337
0.55315
0.508354
0.527231
0.524698
0.513714
0.510538
0.508443
0.520548
0.55357
0.515465
0.527886
0.528418
0.512528
0.533345
0.510997
0.517548
0.524784
0.518486
0.526605
0.51232
0.518095
0.508854
0.525309
0.582696
0.529213
0.526609
0.525311
0.511191
0.522902
0.529719
0.510782
0.511183
0.524664
0.510976
0.528522
0.578217
0.528633
0.506824
0.586897
0.502507
0.513794
0.512166
0.565971
0.507308
0.523625
0.545673
0.57596
0.526986
0.511625
0.522263
0.534575
0.515213
0.511737
0.512633
0.526025
0.521987
0.519336
0.512854
0.504782
0.519454
0.557551
0.532232
0.568202
0.493334
0.527054
0.55864
0.546924
0.570371
0.526577
0.511722
0.585618
0.539919
0.517167
0.50395
0.517402
0.534734
0.519003
0.519534
0.528784
0.530204
0.522766
0.520951
0.537463
0.523249
0.517721
0.523836
0.503935
0.536198
0.527232
