0.524377
0.56841
0.499318
0.497438
0.507476
0.513331
0.5005
0.506478
0.513691
0.514474
0.52924
0.529673
0.532723
0.506593
0.50921
0.507685
0.508131
0.503857
0.52564
0.526547
0.507422
0.513277
0.51625
0.529897
0.491079
0.495269
0.523568
0.52478
0.526099
0.525681
0.508968
0.510134
0.515419
0.519579
0.521232
0.517616
0.508068
0.502043
0.504996
0.523566
0.514319
0.514331
0.518982
0.51269
0.505431
0.510781
0.530729
0.525587
0.524181
0.519229
0.522568
0.528344
0.528017
0.525441
0.556966
0.56733
0.51011
0.518964
0.519989
0.538035
0.543616
0.523972
0.520429
0.540492
0.543779
0.497644
0.504777
0.530566
0.514006
0.515467
0.518551
0.512299
0.510529
0.566963
0.566305
0.536658
0.530882
0.515283
0.512582
0.509633
0.508245
0.512195
0.512535
0.513029
0.493647
0.498079
0.495311
0.519469
0.535991
0.538423
0.530467
0.524797
0.530316
0.515119
0.514201
0.517758
0.5866
0.598117
0.507832
0.509904
0.563213
0.555095
0.506835
0.514697
0.505044
0.504948
0.508815
0.522363
0.52257
0.530936
0.528081
0.51223
0.515073
0.566079
0.646215
0.656367
0.616762
0.65013
0.522286
0.574725
0.575088
0.519155
0.513331
0.527383
0.5244
0.524493
0.522432
0.514043
0.522074
0.525719
0.523556
0.526325
0.506271
0.511695
0.508594
0.543132
0.542217
0.539514
0.511482
0.511913
0.562434
0.526481
0.525613
0.497125
0.501641
0.50794
0.5267
0.525197
0.517614
0.517019
0.612989
0.495804
0.52987
0.529165
0.526149
0.524278
0.523913
0.514379
0.521559
0.521396
0.515279
0.50781
0.524185
0.568696
0.571686
0.506881
0.529889
0.526607
0.531294
0.524123
0.533751
0.523276
0.524244
0.560903
0.56161
0.52916
0.527576
0.512699
0.528548
0.528218
0.50887
0.509025
0.508448
0.524596
0.523604
0.55048
0.537586
0.495348
0.496447
0.501096
0.512902
0.515238
0.515688
0.512697
0.520546
0.52258
0.51991
0.523367
0.516464
0.522864
0.526695
0.522341
0.528779
0.507795
0.505153
0.52758
0.530262
0.500938
0.505027
0.556445
0.549126
0.551585
0.523557
0.526633
0.573244
0.527608
0.529543
0.513811
0.513251
0.512011
0.512672
0.512309
0.518127
0.517705
0.520057
0.53127
0.527139
0.525979
0.530347
0.528587
0.519993
0.519651
0.521749
0.527746
0.523779
0.584162
0.583471
0.526952
0.52906
0.519943
0.528848
0.52425
0.514336
0.511479
0.531003
0.527584
0.529617
0.504799
0.532274
0.531037
0.524739
0.529031
0.629305
0.646256
0.513776
0.520421
0.527837
0.525667
0.503449
0.532353
0.528615
0.510958
0.520715
0.513559
0.517252
0.499363
0.50285
0.504741
0.510425
0.531428
0.537157
0.541375
0.54551
0.533606
0.516377
0.514984
0.526818
0.506872
0.51103
0.514433
0.527752
0.512871
0.507757
0.506651
0.510311
0.503171
0.513187
0.516615
0.529111
0.525755
0.519233
0.504389
0.509856
0.546679
0.530557
0.521598
0.494984
0.505146
0.515548
0.510435
0.506755
0.533343
0.52757
0.540932
0.545214
0.540909
0.513704
0.530099
0.52513
0.522049
0.523819
0.513039
0.523786
0.519258
0.52455
0.51384
0.517297
0.506034
0.513016
0.501587
0.516419
0.520894
0.522103
0.529314
0.51731
0.517762
0.528989
0.526531
0.534751
0.528874
0.530533
0.50934
0.502895
0.523629
0.547077
0.548276
0.544969
0.503836
0.552308
0.54816
0.530883
0.514417
0.514959
0.525176
0.519651
0.529085
0.547805
0.545473
0.504906
0.510356
0.550932
0.55231
0.509164
0.517738
0.516175
0.533058
0.528368
0.527518
0.512432
0.513988
0.513915
0.517427
0.502287
0.528868
0.561705
0.566565
0.502812
0.51733
0.515769
0.509207
0.50436
0.510969
0.505458
0.522381
0.521755
0.564227
0.573952
0.503021
0.531617
0.531949
0.52494
0.538574
0.542943
0.522961
0.526831
0.522774
0.528289
0.525785
0.526034
0.531793
0.527312
0.504805
0.507766
0.534835
0.531743
0.560752
0.504172
0.527214
0.527574
0.50102
0.506119
0.513858
0.665145
0.635562
0.517982
0.500794
0.586227
0.593024
0.586024
0.525592
0.517037
0.52708
0.516451
0.51491
0.512632
0.516403
0.528073
0.524765
0.503725
0.506136
0.535784
0.510762
0.522392
0.527352
0.524887
0.51736
0.519892
0.52785
0.522959
0.516727
0.524278
0.507267
0.51206
0.503667
0.508622
0.494194
0.508687
0.52878
0.522739
0.518578
0.526001
0.522829
0.52579
0.53427
0.520717
0.520371
0.523005
0.522152
0.525762
0.53065
0.525302
0.51662
0.519748
0.502309
0.505165
0.538957
0.534119
0.57672
0.513239
0.526119
0.503533
0.507954
0.58277
0.517628
0.523711
0.566502
0.53464
0.532196
0.536393
0.535195
0.55712
0.561935
0.562101
0.529616
0.521392
0.524792
0.527967
0.511989
0.5107
0.514933
0.505314
0.539103
0.49337
0.499586
0.50673
0.625815
0.509408
0.514907
0.529884
0.528588
0.520707
0.525094
0.518937
0.516763
0.508543
0.519063
0.51254
0.528651
0.525118
0.526954
0.522332
0.524129
0.535021
0.508382
0.523919
0.526138
0.522102
0.51857
0.531717
0.526368
0.528186
0.491648
0.495385
0.515857
0.506704
0.566752
0.536758
0.539767
0.559248
0.555224
0.560199
0.558435
0.559571
0.571953
0.525933
0.522856
0.498316
0.526535
0.50137
0.508286
0.515599
0.561299
0.551539
0.561764
0.500639
0.504852
0.498784
0.505736
0.514473
0.514321
0.523648
0.515656
0.513229
0.529338
0.514219
0.5177
0.519601
0.514927
0.520264
0.535927
0.583027
0.577717
0.576413
0.491255
0.498109
0.504566
0.507368
0.571791
0.580006
0.521707
0.498693
0.522715
0.52404
0.493041
0.496551
0.523535
0.522178
0.530498
0.523319
0.533014
0.550276
0.527455
0.511506
0.50962
0.542089
0.507381
0.537248
0.53909
0.522321
0.529339
0.52911
0.526939
0.524326
0.513286
0.510633
0.514231
0.519166
0.529168
0.531638
0.501461
0.553702
0.557429
0.582593
0.571138
0.529485
0.531305
0.52684
0.53512
0.53129
0.528923
0.532225
0.512468
0.513626
0.535521
0.532491
0.521648
0.523506
0.518841
0.513825
0.515942
0.509819
0.508443
0.513825
0.509534
0.520437
0.570534
0.514524
0.518208
0.56335
0.533766
0.530083
0.509374
0.540899
0.521
0.523472
0.521577
0.626387
0.579485
0.592222
0.505835
0.501702
0.502587
0.513686
0.509663
0.525916
0.634706
0.526521
0.523609
0.516713
0.512742
0.516971
0.528743
0.527325
0.518513
0.51875
0.50215
0.531072
0.528997
0.527752
0.602597
0.611744
0.58934
0.530253
0.531188
0.528381
0.510044
0.510754
0.498671
0.499483
0.530627
0.527465
0.504457
0.50468
0.496953
0.519462
0.513676
0.534607
0.516895
0.532524
0.525559
0.506712
0.543764
0.55729
0.532709
0.531931
0.533893
0.530977
0.504665
0.50271
0.535882
0.516162
0.560295
0.513841
0.512411
0.51991
0.52271
0.525511
0.515152
0.519179
0.510946
0.510256
0.525477
0.520982
0.523783
0.526764
0.527179
0.532797
0.512892
0.50959
0.545056
0.541388
0.546113
0.527565
0.527291
0.499129
0.519888
0.529309
0.503059
0.517906
0.521595
0.500491
0.523964
0.505248
0.633583
0.595191
0.555879
0.524071
0.515846
0.5132
0.514997
0.565695
0.553192
0.513981
0.515274
0.5576
0.529501
0.520178
0.518508
0.520429
0.520685
0.524688
0.518469
0.59344
0.523084
0.541235
0.512801
0.493761
0.576832
0.566774
0.569975
0.50492
0.498237
0.522307
0.513631
0.524447
0.505966
0.504887
0.514432
0.513328
0.512025
0.521976
0.515568
0.5169
0.511596
0.52797
0.516151
0.538547
0.531053
0.524798
0.528317
0.531821
0.525635
0.524868
0.523979
0.507372
0.504433
0.514461
0.500776
0.494917
0.494344
0.514306
0.505353
0.509804
0.510642
0.519755
0.517815
0.527731
0.509049
0.514225
0.533748
0.530735
0.521767
0.514686
0.515315
0.51388
0.495213
0.498155
0.514217
0.529316
0.534265
0.518413
0.517518
0.50923
0.52803
0.513881
0.603248
0.516689
0.518549
0.51584
0.514787
0.511384
0.527235
0.54005
0.517345
0.532832
0.535901
0.519684
0.536005
0.533862
0.513222
0.514016
0.517606
0.517722
0.516184
0.519793
0.525801
0.504509
0.516056
0.515119
0.521352
0.519029
0.523797
0.499123
0.501668
0.501109
0.505879
0.520368
0.527279
0.520546
0.521721
0.568542
0.566516
0.511273
0.514224
0.513257
0.497619
0.519996
0.518912
0.521262
0.550366
0.559703
0.509494
0.507809
0.529671
0.529686
0.493276
0.498269
0.519482
0.520025
0.525708
0.524495
0.52336
0.523545
0.516705
0.515222
0.498966
0.531691
0.527648
0.587772
0.588859
0.6045
0.582191
0.522914
0.497724
0.49321
0.498101
0.514456
0.514212
0.511881
0.529014
0.496695
0.521295
0.52983
0.518347
0.510673
0.58399
0.595576
0.518416
0.518527
0.493719
0.530348
0.547669
0.543235
0.531021
0.511727
0.514886
0.548195
0.518738
0.495649
0.501014
0.50817
0.513454
0.518263
0.510003
0.517133
0.529493
0.510019
0.527307
0.5627
0.51576
0.580125
0.513499
0.501096
0.517585
0.520474
0.504032
0.508256
0.50935
0.537718
0.536815
0.513722
0.54447
0.523581
0.522018
0.547309
0.508136
0.509092
0.516657
0.510484
0.508691
0.501446
0.502182
0.527066
0.606811
0.508485
0.511733
0.545399
0.527231
0.510358
0.531499
0.513647
0.513398
0.520123
0.520107
0.534762
0.53147
0.56504
0.538831
0.534616
0.524275
0.533095
0.533431
0.499151
0.594749
0.581338
0.492452
0.499988
0.50621
0.537885
0.52457
0.524016
0.559999
0.527916
0.527568
0.518792
0.529388
0.533186
0.530969
0.52093
0.531564
0.533625
0.529086
0.507794
0.529617
0.531732
0.501807
0.605869
0.650355
0.514243
0.557398
0.526037
0.540072
0.528564
0.530696
0.525995
0.52209
0.502477
0.524904
0.512613
0.513441
0.526731
0.53707
0.521431
0.516967
0.522628
0.502958
0.586775
0.521702
0.508232
0.527654
0.526573
0.533076
0.513121
0.518854
0.522658
0.520985
0.549783
0.531443
0.514421
0.512497
0.529738
0.528335
0.561218
0.497131
0.504339
0.51819
0.515583
0.510503
0.527541
0.525973
0.518891
0.517519
0.520592
0.527629
0.502484
0.505415
0.498507
0.513086
0.515971
0.501391
0.514364
0.529137
0.547533
0.548625
0.507854
0.517405
0.506013
0.52676
0.504346
0.515457
0.544521
0.519246
0.523017
0.518389
0.505868
0.520102
0.502951
0.525842
0.539091
0.540549
0.514942
0.511283
0.530709
0.527386
0.568058
0.554945
0.525351
0.521856
0.519803
0.524275
0.51859
0.524084
0.523129
0.505727
0.515346
0.511265
0.52665
0.576684
0.520685
0.518322
0.513743
0.558851
0.544162
0.530111
0.511033
0.514948
0.511901
0.529172
0.541668
0.511581
0.549191
0.516539
0.516731
0.523694
0.512699
0.524847
0.589199
0.549529
0.558836
0.588573
0.519646
0.504103
0.513944
0.531072
0.528788
0.520592
0.52162
0.519582
0.500364
0.495825
0.51325
0.529173
0.501755
0.520072
0.539941
0.530004
0.520445
0.52995
0.528523
0.516685
0.512732
0.520245
0.52584
0.517742
0.518174
0.536156
0.542457
0.544978
0.524974
0.523643
0.528842
0.512645
0.493294
0.523309
0.531539
0.529258
0.527286
0.531024
0.501074
0.520808
0.51416
0.501817
0.505584
0.519362
0.524843
0.525739
0.517304
0.514389
0.52428
0.495979
0.52424
0.503086
0.502995
0.506524
0.526843
0.529188
0.516391
0.536823
0.58169
0.531922
0.529106
0.5077
0.567038
0.51704
0.52023
0.510519
0.512229
0.529976
0.507544
0.528758
0.52917
0.516801
0.535054
0.5253
0.569637
0.569477
0.561627
0.589916
0.529743
0.544927
0.529409
0.538604
0.51111
0.510457
0.508626
0.510135
0.562187
0.605168
0.532078
0.53362
0.530179
0.498679
0.513165
0.511393
0.527954
0.506638
0.509581
0.538536
0.490502
0.508741
0.530301
0.526485
0.528078
0.504194
0.525112
0.527198
0.528986
0.500106
0.502928
0.561296
0.527424
0.5192
0.529163
0.52849
0.566871
0.504624
0.50724
0.517342
0.594834
0.54482
0.535286
0.509434
0.530593
0.524885
0.504949
0.509355
0.544492
0.509509
0.512605
0.521156
0.542124
0.51472
0.513648
0.519406
0.504305
0.505706
0.521339
0.504866
0.517879
0.522617
0.527883
0.529613
0.514906
0.526727
0.493588
0.502099
0.526712
0.529958
0.528814
0.560366
0.52157
0.522092
0.529171
0.511506
0.529513
0.493074
0.582252
0.503099
0.523366
0.533649
0.505145
0.529235
0.50209
0.526534
0.499376
0.499341
0.504094
0.514654
0.543611
0.529008
0.55832
0.505864
0.492458
0.524998
0.509512
0.586955
0.509681
0.60921
0.521023
0.52136
0.507608
0.502357
0.508016
0.506747
0.519149
0.514389
0.529173
0.529231
0.494794
0.491087
0.511179
0.536767
0.52638
0.510937
0.521237
0.511867
0.536803
0.521259
0.532309
0.524373
0.527622
0.586794
0.601205
0.520625
0.503088
0.504316
0.52187
0.52496
0.49887
0.529072
0.512683
0.504259
0.527723
0.501331
0.494145
0.507035
0.527577
0.528947
0.532457
0.51583
0.508359
0.551776
0.520086
0.496384
0.520774
0.530328
0.520525
0.581955
0.51608
0.518651
0.571686
0.516201
0.527511
0.494282
0.525836
0.503791
0.530531
0.510488
0.533141
0.562357
0.525314
0.536283
0.514652
0.535766
0.503393
0.514307
0.537123
0.530242
0.520873
0.603668
0.61652
0.619856
0.527053
0.527757
0.526757
0.530292
0.530057
0.506016
0.508765
0.511219
0.492723
0.49509
0.511575
0.527452
0.515776
0.511757
0.527613
0.532397
0.53631
0.50994
0.531293
0.508623
0.527643
0.530094
0.530869
0.529552
0.548084
0.550851
0.614524
0.533556
0.525574
0.510601
0.501896
0.531299
0.526715
0.495411
0.540471
0.52621
0.527338
0.528189
0.519568
0.51926
0.534261
0.505508
0.530938
0.529226
0.526764
0.520146
0.528053
0.533138
0.53353
0.53136
0.526147
0.527207
0.505563
0.529437
0.529597
0.528041
0.491933
0.602655
0.521046
0.551217
0.529795
0.568869
0.562165
0.529417
0.549691
0.523882
0.529966
0.616857
0.512796
0.528346
0.577128
0.521089
0.520838
0.508143
0.53212
0.498997
0.497133
0.498848
0.499706
0.530347
0.528816
0.526567
0.53349
0.5289
0.501942
0.529417
0.541834
0.496556
0.534397
0.527155
0.606066
0.493805
0.512272
0.493263
0.530681
0.510752
0.503947
0.52781
0.526366
0.512702
0.501928
0.530341
0.523436
0.528479
0.533606
0.523556
0.531612
0.598869
0.528887
0.570456
0.528734
0.57592
0.506639
0.512522
0.519671
0.514745
0.51565
0.513851
0.560683
0.50808
0.516165
0.516735
0.504542
0.511492
0.519449
0.540715
0.520085
0.515296
0.520123
0.525875
0.538486
0.517069
0.512647
0.511817
0.525838
0.51522
0.51462
0.51067
0.524154
0.515219
0.518912
0.522529
0.530475
0.518672
0.575678
0.596254
0.519063
0.51652
0.508016
0.524981
0.527202
0.50768
0.565362
0.582512
0.519527
0.518838
0.578254
0.588288
0.582777
0.520189
0.527561
0.513269
0.520018
0.524238
0.514273
0.508607
0.573082
0.564564
0.522947
0.620091
0.516687
0.517764
0.512901
0.524037
0.541375
0.522744
0.519768
0.516447
0.561391
0.518965
0.516917
0.513229
0.517156
0.515888
0.533008
0.523146
0.515513
0.520848
0.512694
0.517107
0.513129
0.508115
0.522497
0.512379
0.514389
0.514522
0.519276
0.522549
0.522438
0.521959
0.517788
0.520197
0.518503
0.523741
0.569093
0.520786
0.52049
0.522706
0.520566
0.515486
0.526199
0.517917
0.509841
0.546456
0.519986
0.517688
0.514102
0.526377
0.50738
0.511439
0.51995
0.524263
0.517484
0.53786
0.5272
0.517251
0.571787
0.524665
0.504855
0.526549
0.521566
0.520241
0.523714
0.517
0.545851
0.525642
0.524925
0.522954
0.530069
0.510531
0.522535
0.519648
0.520717
0.524192
0.528647
0.516543
0.53472
0.521249
0.528534
0.526912
0.509212
0.52968
0.524056
0.522524
0.510292
0.517311
0.505391
0.517518
0.518724
0.518803
0.542308
0.509249
0.528676
0.517527
0.547589
0.558977
0.577693
0.581829
0.533643
0.524647
0.518633
0.513138
0.520139
0.523185
0.511898
0.523162
0.522776
0.511747
0.539838
0.515865
0.534575
0.515405
0.517941
0.517703
0.514634
0.519669
0.525794
0.516435
0.515581
0.537962
0.528873
0.544603
0.520026
0.517191
0.525954
0.515203
0.564586
0.513177
0.527562
0.522285
0.520541
0.518235
0.567672
0.563419
0.51935
0.505239
0.50941
0.523591
0.522443
0.522829
0.525672
0.524575
0.520344
0.556877
0.509223
0.512581
0.515053
0.509578
0.52557
0.519798
0.518564
0.546256
0.5661
0.543718
0.512569
0.533395
0.510633
0.519837
0.518746
0.527902
0.522727
0.520506
0.526533
0.558989
0.519355
0.510581
0.514015
0.515781
0.541492
0.518154
0.523008
0.530015
0.532789
0.527329
0.522799
0.548603
0.518739
0.519158
0.532122
0.542097
0.517021
0.543546
0.528118
0.523646
0.514174
0.574951
0.520794
0.511868
0.553125
0.501227
0.503878
0.516459
0.5166
0.510317
0.522368
0.570755
0.515668
0.517961
0.519309
0.508289
0.511857
0.523549
0.512128
0.51479
0.511391
0.520692
0.511877
0.508202
0.522231
0.523975
0.526694
0.520506
0.523815
0.523752
0.510883
0.517267
0.510756
0.515633
0.512091
0.515579
0.523519
0.512085
0.523287
0.512809
0.518343
0.529245
0.51802
0.528704
0.526791
0.519719
0.610543
0.533951
0.51575
0.529456
0.514699
0.513908
0.522208
0.542441
0.518555
0.516628
0.514467
0.524018
0.523413
0.522004
0.523643
0.510289
0.512742
0.508368
0.519157
0.520076
0.54844
0.521583
0.519268
0.557239
0.573955
0.518099
0.509558
0.508641
0.522249
0.518812
0.517399
0.512444
0.523037
0.560691
0.51181
0.509358
0.519185
0.509195
0.531266
0.519325
0.514991
0.510014
0.507241
0.524355
0.547129
0.515167
0.522113
0.515784
0.518609
0.524005
0.528784
0.530129
0.528797
0.50585
0.537031
0.527739
0.523538
0.520436
0.51864
0.518526
0.518418
0.522178
0.528274
0.511353
0.536588
0.521088
0.615649
0.527382
0.518871
0.541061
0.519364
0.517827
0.519583
0.513575
0.52956
0.520179
0.51612
0.568262
0.517103
0.522888
0.555536
0.519964
0.517644
0.518434
0.512349
0.515979
0.516086
0.523392
0.521703
0.520885
0.541076
0.512766
0.523017
0.517924
0.525714
0.576574
0.572227
0.525521
0.525234
0.517346
0.528028
0.523816
0.520245
0.561541
0.516925
0.53993
0.517446
0.519524
0.517321
0.525724
0.508421
0.520139
0.512461
0.509951
0.523837
0.519431
0.520957
0.516189
0.521607
0.511839
0.550807
0.521695
0.526826
0.518206
0.523227
0.5239
0.514852
0.515987
0.519373
0.51558
0.50751
0.522676
0.563254
0.520854
0.507163
0.5243
0.517435
0.526605
0.528049
0.508326
0.523455
0.527607
0.516108
0.516168
0.526827
0.514345
0.529994
0.522579
0.514325
0.53333
0.528604
0.507559
0.520294
0.51498
0.569278
0.526588
0.518283
0.507137
0.526421
0.524806
0.524985
0.519039
0.514855
0.522239
0.50262
0.515666
0.520639
0.502506
0.521007
0.526495
0.528507
0.511615
0.529294
0.518601
0.515584
0.505866
0.497905
0.507405
0.510843
0.529886
0.526492
0.573997
0.510731
0.525004
0.536603
0.527897
0.524071
0.52827
0.524243
0.520864
0.518842
0.523218
0.525506
0.635071
0.567691
0.525436
0.527914
0.530056
0.536698
0.513236
0.527736
0.524096
0.527668
0.524304
0.50795
0.523151
0.528354
0.528137
0.551774
0.515575
0.528008
0.515128
0.604306
0.521328
0.518292
0.514428
0.51207
0.516767
0.510479
0.52793
0.523888
0.506277
0.515992
0.56708
0.514114
0.520019
0.597555
0.508775
0.512785
0.523413
0.524603
0.580525
0.509398
0.51927
0.560828
0.507821
0.51788
0.52713
0.527777
0.5156
0.574377
0.597865
0.527265
0.50439
0.521049
0.515254
0.524777
0.523656
0.525293
0.548188
0.514006
0.512508
0.553973
0.517673
