0.501934
0.503407
0.505718
0.550194
0.557077
0.510011
0.511162
0.519959
0.526127
0.498861
0.566874
0.563665
0.517968
0.517984
0.522092
0.519768
0.512552
0.513604
0.515417
0.50174
0.505473
0.497319
0.514344
0.508391
0.510724
0.528055
0.526489
0.529396
0.521232
0.536851
0.539985
0.526491
0.528677
0.543215
0.543118
0.5549
0.524186
0.512198
0.52769
0.524236
0.524831
0.532104
0.527266
0.528491
0.525564
0.524896
0.513436
0.516672
0.510615
0.510274
0.530277
0.51164
0.514593
0.524336
0.528735
0.534796
0.519672
0.516098
0.520205
0.511342
0.510359
0.513879
0.504927
0.508212
0.502806
0.579449
0.574325
0.583732
0.521271
0.515969
0.524734
0.522174
0.524816
0.518523
0.519681
0.522848
0.533969
0.516693
0.518121
0.51967
0.530678
0.527292
0.545656
0.500156
0.529308
0.514429
0.521832
0.508865
0.515288
0.508734
0.508313
0.572007
0.568931
0.530121
0.524968
0.528267
0.526454
0.529027
0.52727
0.523812
0.525326
0.601293
0.59001
0.528257
0.524355
0.510491
0.509998
0.512939
0.518858
0.516564
0.520762
0.523179
0.527264
0.526552
0.588097
0.593498
0.521168
0.504758
0.506119
0.523545
0.51861
0.515908
0.556011
0.527909
0.506072
0.511224
0.514106
0.546702
0.549638
0.555664
0.528216
0.513614
0.528053
0.526635
0.506712
0.510679
0.50929
0.496641
0.51273
0.557661
0.561795
0.512056
0.516552
0.518941
0.520677
0.51525
0.517252
0.517592
0.520482
0.600268
0.616707
0.534764
0.537652
0.528836
0.502427
0.514108
0.531871
0.531469
0.52647
0.523639
0.517652
0.529365
0.523133
0.505401
0.503773
0.5215
0.606778
0.599284
0.508539
0.510479
0.529516
0.526079
0.52908
0.524357
0.527565
0.518523
0.514996
0.520755
0.511725
0.511651
0.511223
0.510879
0.509294
0.511058
0.503162
0.548564
0.556808
0.55549
0.572743
0.515553
0.513183
0.514033
0.521785
0.522846
0.51793
0.550277
0.547221
0.511147
0.525533
0.509704
0.512697
0.529161
0.513634
0.529281
0.525883
0.517257
0.517597
0.515298
0.528202
0.524856
0.525093
0.531322
0.518394
0.51998
0.522099
0.52962
0.510559
0.509293
0.532998
0.526629
0.517016
0.519342
0.504442
0.504959
0.50491
0.514693
0.504982
0.513163
0.497248
0.50069
0.505132
0.527895
0.493892
0.511664
0.530157
0.518517
0.521451
0.515384
0.5238
0.528844
0.539107
0.558567
0.568138
0.532939
0.513431
0.515821
0.533222
0.507029
0.511019
0.507436
0.508534
0.51649
0.518965
0.524624
0.528808
0.507899
0.506615
0.50669
0.508736
0.506461
0.50876
0.513085
0.509068
0.506841
0.532928
0.519497
0.526985
0.532133
0.526884
0.603202
0.510637
0.509247
0.527106
0.542095
0.509396
0.510838
0.542729
0.545836
0.505155
0.51134
0.518553
0.530996
0.527389
0.512875
0.499918
0.509009
0.516195
0.516213
0.510102
0.501441
0.506023
0.519764
0.511424
0.506633
0.504047
0.510871
0.527777
0.517763
0.542637
0.555053
0.547858
0.530691
0.518681
0.501549
0.505095
0.531293
0.518149
0.519832
0.525179
0.510578
0.513267
0.509077
0.508268
0.512695
0.510951
0.515743
0.585352
0.580103
0.586655
0.511511
0.51014
0.527839
0.529862
0.502504
0.500676
0.505732
0.520366
0.529796
0.525474
0.536028
0.532758
0.541231
0.49754
0.503805
0.533006
0.514691
0.514886
0.51336
0.508186
0.528629
0.519709
0.518355
0.519369
0.567134
0.579183
0.570037
0.522067
0.518712
0.573596
0.525761
0.521023
0.528883
0.535803
0.526579
0.507315
0.547046
0.546892
0.52554
0.53801
0.512851
0.525442
0.51446
0.507679
0.537714
0.511606
0.502565
0.566007
0.503458
0.529936
0.522772
0.522158
0.519156
0.52077
0.517294
0.524154
0.526891
0.523602
0.526783
0.528765
0.526995
0.499376
0.504215
0.508063
0.506987
0.510582
0.524984
0.527476
0.513708
0.506999
0.610221
0.52833
0.523212
0.593047
0.606816
0.509915
0.511278
0.533368
0.526357
0.524333
0.587871
0.523346
0.533994
0.531227
0.529422
0.533939
0.586906
0.507531
0.513187
0.521635
0.522994
0.531451
0.528919
0.528429
0.533554
0.506232
0.498322
0.593999
0.626098
0.615851
0.533635
0.535463
0.519238
0.523677
0.521509
0.519083
0.58281
0.554618
0.543912
0.555445
0.530925
0.506657
0.564203
0.515065
0.528516
0.526093
0.537295
0.510893
0.507301
0.502549
0.58664
0.577951
0.576212
0.510574
0.506859
0.541087
0.534146
0.501218
0.512795
0.505889
0.558345
0.554406
0.549531
0.51656
0.51597
0.550932
0.515819
0.530665
0.50779
0.512865
0.517542
0.582512
0.586922
0.510374
0.583595
0.573483
0.528699
0.525766
0.49619
0.572255
0.516601
0.522746
0.566303
0.526956
0.51724
0.534955
0.531221
0.529245
0.526911
0.528058
0.506718
0.501563
0.552695
0.501206
0.510886
0.512456
0.517272
0.531248
0.528052
0.544565
0.543296
0.52943
0.519133
0.52317
0.526682
0.535405
0.517315
0.53089
0.533999
0.517035
0.515478
0.505818
0.509008
0.505281
0.515581
0.516938
0.527281
0.554981
0.531239
0.515802
0.517092
0.582465
0.498951
0.504998
0.527782
0.527107
0.526634
0.523331
0.528661
0.525584
0.523905
0.521298
0.519492
0.526349
0.506247
0.507439
0.528976
0.639725
0.614606
0.523675
0.582708
0.528911
0.522681
0.553683
0.547494
0.51806
0.514785
0.508615
0.509128
0.59189
0.51231
0.560171
0.52582
0.528705
0.506505
0.500674
0.521269
0.525553
0.594293
0.51196
0.525211
0.521191
0.514315
0.521754
0.530424
0.530093
0.517354
0.519451
0.522741
0.521558
0.52319
0.516135
0.525793
0.52487
0.523155
0.512726
0.509187
0.504277
0.519069
0.513011
0.502778
0.530391
0.526929
0.526615
0.504875
0.521775
0.503332
0.51633
0.509538
0.524087
0.508717
0.51225
0.51516
0.517079
0.51207
0.605951
0.616815
0.587076
0.511676
0.531697
0.554997
0.507806
0.510371
0.500527
0.506251
0.52265
0.523919
0.510728
0.517178
0.495869
0.503244
0.501462
0.578507
0.562814
0.528833
0.521368
0.519914
0.506219
0.572249
0.641631
0.513498
0.511837
0.517369
0.526901
0.526185
0.520147
0.51655
0.500981
0.514171
0.496217
0.591924
0.498859
0.499051
0.526273
0.532025
0.518199
0.521143
0.514512
0.511195
0.514568
0.504702
0.52041
0.520135
0.519776
0.512759
0.514647
0.506577
0.523899
0.523774
0.506841
0.538181
0.527559
0.561066
0.53156
0.496639
0.502884
0.503896
0.565129
0.575414
0.580299
0.532072
0.578196
0.57752
0.550782
0.569284
0.542191
0.523971
0.522094
0.518242
0.509194
0.517977
0.527568
0.515738
0.516053
0.532524
0.514486
0.51794
0.522361
0.521405
0.546629
0.547091
0.53223
0.528508
0.53324
0.496835
0.50509
0.532624
0.538557
0.497619
0.501623
0.545946
0.506655
0.529536
0.527803
0.52685
0.516364
0.51932
0.500828
0.51596
0.522213
0.5214
0.526643
0.531022
0.514796
0.511644
0.515367
0.522797
0.522292
0.520127
0.506898
0.509975
0.503646
0.505665
0.516447
0.525676
0.523244
0.529984
0.528465
0.523718
0.543107
0.505338
0.536697
0.52642
0.525147
0.517591
0.514166
0.512749
0.515252
0.564573
0.581766
0.532874
0.50602
0.501034
0.522359
0.565943
0.552374
0.567498
0.50916
0.531339
0.529095
0.499865
0.520107
0.524122
0.523965
0.566844
0.57592
0.516242
0.520505
0.513294
0.512301
0.553579
0.554395
0.53422
0.526638
0.529803
0.52946
0.509299
0.521534
0.507926
0.501502
0.528018
0.533013
0.510036
0.522485
0.511173
0.509871
0.539937
0.545042
0.577828
0.587042
0.510072
0.512316
0.505291
0.514409
0.513499
0.515766
0.510828
0.512778
0.513395
0.512145
0.514677
0.518362
0.493032
0.608652
0.573227
0.529849
0.523366
0.517259
0.509788
0.508181
0.507286
0.510864
0.510594
0.592597
0.596113
0.581107
0.596077
0.518921
0.530955
0.513186
0.512063
0.516541
0.52374
0.528052
0.520605
0.517761
0.517391
0.597257
0.525088
0.584456
0.517811
0.514745
0.514314
0.536804
0.536674
0.538408
0.490203
0.492404
0.496691
0.511595
0.512064
0.510997
0.516276
0.510944
0.530884
0.523481
0.515325
0.520525
0.521375
0.556301
0.5821
0.520499
0.534192
0.530339
0.528975
0.529969
0.521784
0.525431
0.51647
0.555587
0.500843
0.501931
0.505739
0.53797
0.511091
0.532388
0.52723
0.565295
0.541013
0.602494
0.514714
0.51466
0.553357
0.52817
0.519422
0.561012
0.56012
0.565185
0.512959
0.507068
0.532558
0.516879
0.518123
0.530806
0.528845
0.523963
0.518587
0.521025
0.512438
0.507722
0.510734
0.522123
0.507034
0.514776
0.558557
0.532713
0.509965
0.534319
0.507499
0.500605
0.506965
0.59915
0.511031
0.511405
0.509894
0.512957
0.541731
0.549671
0.527634
0.507407
0.495129
0.516356
0.497815
0.565874
0.588304
0.512016
0.517488
0.49269
0.527795
0.517107
0.541506
0.493484
0.50538
0.511679
0.577618
0.506602
0.508116
0.565779
0.505872
0.5046
0.51034
0.508938
0.495621
0.574411
0.522025
0.524579
0.495376
0.512879
0.533395
0.528419
0.518732
0.512409
0.508448
0.49693
0.500259
0.513328
0.532062
0.526543
0.527218
0.512515
0.510074
0.501688
0.505329
0.518825
0.525847
0.501135
0.524597
0.503322
0.503378
0.570694
0.521576
0.515291
0.501622
0.558373
0.556577
0.540405
0.503768
0.510316
0.526317
0.511357
0.595284
0.580752
0.529805
0.534427
0.528458
0.499189
0.520926
0.496843
0.492729
0.525983
0.496609
0.530764
0.525701
0.523117
0.536127
0.502611
0.506875
0.508915
0.501638
0.504765
0.59978
0.527536
0.565978
0.500379
0.503463
0.52674
0.521639
0.522352
0.55043
0.501136
0.516168
0.533293
0.529501
0.533129
0.517933
0.513627
0.51315
0.51507
0.508248
0.507475
0.514817
0.509787
0.518283
0.525229
0.507694
0.534056
0.514964
0.531471
0.524719
0.520843
0.507146
0.508093
0.582066
0.595581
0.50298
0.50479
0.508297
0.505019
0.505219
0.507154
0.502917
0.496549
0.498104
0.535599
0.526282
0.526304
0.503863
0.508454
0.549508
0.594657
0.508019
0.526528
0.524587
0.518277
0.52651
0.528027
0.511159
0.509736
0.509654
0.539376
0.536112
0.523517
0.518327
0.509075
0.505135
0.522896
0.513334
0.513066
0.518555
0.504811
0.518295
0.526228
0.521675
0.575215
0.529758
0.516928
0.51154
0.509512
0.533488
0.528111
0.533567
0.527141
0.534426
0.534182
0.53113
0.510305
0.512146
0.512854
0.525482
0.508463
0.50303
0.526745
0.524333
0.507409
0.499411
0.525013
0.495617
0.496795
0.503804
0.514865
0.526702
0.513137
0.520955
0.509345
0.521404
0.51081
0.541076
0.531386
0.513562
0.500366
0.545446
0.516014
0.529285
0.532499
0.52712
0.523343
0.530139
0.557095
0.511878
0.510347
0.513724
0.509028
0.497959
0.524259
0.533352
0.526758
0.541735
0.528842
0.524405
0.595319
0.503101
0.53144
0.529893
0.50407
0.516013
0.518931
0.513909
0.50049
0.535568
0.531335
0.528576
0.495846
0.502396
0.500555
0.53158
0.520782
0.515374
0.518216
0.563459
0.506692
0.518295
0.497725
0.49189
0.514586
0.500608
0.506716
0.505358
0.516637
0.526783
0.516901
0.532632
0.504014
0.540612
0.522504
0.535774
0.543283
0.531799
0.51061
0.534168
0.514502
0.519821
0.525956
0.52069
0.611355
0.514066
0.511056
0.514991
0.524367
0.515722
0.501242
0.525161
0.533133
0.529536
0.512551
0.505693
0.491687
0.495235
0.496677
0.505562
0.510672
0.524305
0.513964
0.536962
0.521195
0.521129
0.521885
0.529084
0.526974
0.514271
0.509301
0.523108
0.497968
0.551289
0.530778
0.527993
0.500807
0.505562
0.529287
0.49541
0.49882
0.514295
0.53252
0.51324
0.502306
0.533114
0.524353
0.53672
0.53812
0.515252
0.518737
0.498028
0.530719
0.50882
0.536338
0.520402
0.513788
0.519566
0.525316
0.526475
0.524571
0.487438
0.496274
0.531311
0.513455
0.559117
0.534244
0.531578
0.516478
0.504669
0.529456
0.526909
0.501609
0.52423
0.53184
0.590088
0.515596
0.52674
0.548755
0.603253
0.496241
0.513538
0.505738
0.510282
0.52338
0.53898
0.501449
0.503978
0.510967
0.518234
0.52936
0.509573
0.580521
0.501637
0.507816
0.509297
0.525817
0.513716
0.517668
0.564866
0.518452
0.515403
0.535312
0.513452
0.507929
0.5145
0.509713
0.519927
0.526402
0.49767
0.523162
0.530356
0.529929
0.59687
0.585479
0.504592
0.530864
0.505689
0.514832
0.50476
0.505226
0.528113
0.497659
0.53194
0.516735
0.517855
0.536428
0.523489
0.572185
0.506473
0.523888
0.549502
0.548053
0.525756
0.517201
0.528687
0.528435
0.5378
0.536514
0.509113
0.513488
0.529825
0.528857
0.497585
0.528487
0.523201
0.566767
0.497944
0.526033
0.510851
0.50966
0.512515
0.540193
0.562658
0.498324
0.53159
0.509044
0.524522
0.528853
0.536326
0.518193
0.512977
0.52634
0.529401
0.499249
0.490146
0.508061
0.524805
0.501539
0.50116
0.528366
0.541729
0.538441
0.532979
0.536729
0.540718
0.530269
0.532477
0.501149
0.5234
0.555168
0.570962
0.527858
0.545635
0.499604
0.503372
0.495652
0.529389
0.531048
0.597179
0.504719
0.523947
0.575051
0.517702
0.520169
0.521222
0.517511
0.524635
0.517866
0.51095
0.559889
0.51503
0.530737
0.531186
0.52371
0.502962
0.537677
0.500767
0.531484
0.533283
0.550731
0.532726
0.508681
0.521991
0.519749
0.517879
0.53242
0.527377
0.547096
0.523541
0.501784
0.546577
0.52539
0.527058
0.49892
0.528158
0.503212
0.50362
0.514264
0.504038
0.521893
0.532559
0.528959
0.524969
0.500389
0.499081
0.516206
0.520074
0.50219
0.492799
0.508466
0.52693
0.501553
0.529059
0.558612
0.521418
0.52931
0.538921
0.499372
0.529059
0.546496
0.518359
0.531747
0.530443
0.498127
0.5215
0.520712
0.531157
0.535021
0.532188
0.519917
0.521687
0.566278
0.532547
0.526985
0.527227
0.504662
0.509527
0.505525
0.518769
0.500732
0.53064
0.515188
0.52041
0.514209
0.514378
0.530307
0.525464
0.519562
0.497901
0.503097
0.514419
0.500552
0.557603
0.529267
0.604702
0.534645
0.532292
0.562882
0.530916
0.53433
0.550423
0.523745
0.535863
0.521591
0.514794
0.501508
0.530454
0.502008
0.510848
0.520915
0.529598
0.537416
0.533118
0.529262
0.533418
0.533267
0.499065
0.531779
0.528067
0.521656
0.538888
0.502149
0.489913
0.536991
0.530339
0.500304
0.533297
0.5168
0.539054
0.541023
0.512548
0.533928
0.538558
0.596212
0.568802
0.568356
0.561336
0.495476
0.512945
0.533682
0.506314
0.520474
0.525736
0.523806
0.540257
0.528498
0.534759
0.533144
0.534212
0.505206
0.540657
0.531676
0.528351
0.51587
0.513488
0.527062
0.532294
0.530418
0.551085
0.520152
0.530386
0.510217
0.508446
0.519969
0.526425
0.517696
0.51619
0.582144
0.520106
0.517607
0.514389
0.525792
0.524851
0.512722
0.522926
0.503228
0.531239
0.53161
0.533979
0.520807
0.518483
0.512285
0.51378
0.50743
0.51969
0.522784
0.51456
0.520408
0.513494
0.524765
0.510535
0.534728
0.532651
0.531997
0.555843
0.519776
0.516718
0.506092
0.520882
0.52256
0.521117
0.517698
0.520801
0.514442
0.528229
0.532043
0.512721
0.523308
0.525045
0.525529
0.513289
0.512833
0.527913
0.532461
0.508332
0.548027
0.519107
0.518758
0.515117
0.512911
0.518565
0.518528
0.512823
0.517299
0.522624
0.518896
0.522163
0.517896
0.521593
0.518414
0.508967
0.50833
0.546618
0.53818
0.522085
0.514587
0.586212
0.576512
0.514222
0.512308
0.506001
0.519018
0.520018
0.52776
0.516821
0.514892
0.51603
0.51476
0.522806
0.5141
0.516713
0.517545
0.521143
0.531089
0.511764
0.573215
0.531786
0.511715
0.521621
0.598825
0.52831
0.51617
0.532305
0.539492
0.511108
0.523914
0.548029
0.518678
0.508105
0.52044
0.519045
0.52072
0.511047
0.524666
0.52657
0.50935
0.528502
0.530457
0.52489
0.525786
0.523947
0.52326
0.525067
0.528125
0.524661
0.50752
0.516609
0.519447
0.577489
0.515521
0.508273
0.522027
0.507064
0.510115
0.51694
0.524033
0.546572
0.552852
0.521318
0.524431
0.512028
0.52323
0.519644
0.519192
0.52177
0.52274
0.511443
0.510239
0.515502
0.512283
0.519376
0.522232
0.513802
0.511977
0.517219
0.53258
0.530966
0.510435
0.50729
0.512284
0.509668
0.531841
0.572124
0.57504
0.525778
0.536719
0.513407
0.520676
0.512004
0.51392
0.539885
0.513914
0.523102
0.516641
0.515939
0.515878
0.513267
0.533172
0.51093
0.51463
0.513349
0.514839
0.512845
0.513869
0.513758
0.519336
0.518186
0.525254
0.618595
0.513436
0.58283
0.52001
0.517608
0.520192
0.566367
0.517327
0.51401
0.518589
0.524197
0.524254
0.520104
0.52078
0.515254
0.514858
0.514003
0.511421
0.516331
0.524205
0.546185
0.592925
0.513526
0.515686
0.504151
0.52315
0.505633
0.510686
0.540221
0.509515
0.512976
0.515312
0.510405
0.526461
0.524734
0.516405
0.521382
0.524699
0.537973
0.525295
0.515617
0.527124
0.524756
0.529078
0.523074
0.518729
0.527556
0.511783
0.546587
0.54252
0.523984
0.518608
0.516643
0.522505
0.505906
0.522292
0.517596
0.508826
0.524447
0.529791
0.527347
0.520646
0.518584
0.517297
0.529512
0.52738
0.526371
0.511293
0.521923
0.51809
0.513617
0.519037
0.523109
0.506841
0.524301
0.521411
0.566944
0.534285
0.515649
0.522987
0.52064
0.514989
0.501245
0.535033
0.525114
0.509848
0.51674
0.515295
0.52209
0.525531
0.526913
0.51947
0.520456
0.522279
0.521746
0.523174
0.524222
0.520859
0.516401
0.518006
0.52497
0.527827
0.514993
0.511944
0.507381
0.518805
0.533248
0.516078
0.519734
0.584894
0.524872
0.520918
0.522405
0.529464
0.514138
0.52278
0.524345
0.513026
0.533458
0.544809
0.509276
0.516137
0.542296
0.514529
0.51758
0.514204
0.522307
0.522634
0.527351
0.516975
0.515116
0.518411
0.51904
0.520878
0.516956
0.52418
0.536727
0.526456
0.516264
0.522168
0.517317
0.506311
0.530073
0.530201
0.512565
0.526574
0.527032
0.512968
0.513452
0.525493
0.526818
0.516424
0.550825
0.522576
0.520985
0.513192
0.516015
0.585283
0.515289
0.519283
0.512382
0.50653
0.52073
0.555617
0.526112
0.522545
0.533916
0.509462
0.502857
0.543045
0.52217
0.51657
0.528001
0.51993
0.521352
0.525992
0.512388
0.518431
0.519837
0.531313
0.523102
0.550099
0.514613
0.532114
0.521823
0.511489
0.53385
0.507281
0.555797
0.505859
0.522539
0.533804
0.51726
0.528048
0.518331
0.508395
0.519477
0.519436
0.509685
0.519122
0.506818
0.513056
0.520906
0.52895
0.501374
0.506872
0.525162
0.527153
0.519996
0.56366
0.515963
0.531264
0.50988
0.51379
0.519668
0.503472
0.514718
0.521161
0.520089
0.520062
0.524008
0.52503
0.503315
0.516529
0.520562
0.528622
0.578386
0.598467
0.51594
0.51371
0.54063
0.520761
0.527452
0.553253
0.507459
0.518021
0.513008
0.507442
0.504611
0.506914
0.519028
0.527148
0.50923
0.567716
0.530319
0.517471
0.50605
0.513356
0.526829
0.514366
0.526823
0.522381
0.542258
0.522323
0.526723
0.525414
0.519273
0.519617
0.521085
0.515363
0.549401
0.516324
0.504696
0.523489
0.517136
0.520848
0.52902
0.526961
0.505772
0.526883
0.517319
0.514445
0.517147
0.503705
0.514513
0.503599
0.508902
0.506948
0.533805
0.514341
0.562987
0.529698
0.54746
0.508305
0.51259
0.504905
0.521294
0.57207
0.512888
0.503078
0.512905
0.509625
0.516208
0.520405
0.496402
0.511738
0.506781
0.503602
0.516271
0.515057
0.528235
0.514934
0.56875
0.521729
0.614281
0.570219
0.513823
0.509267
0.523346
0.520082
0.530824
0.548117
0.512675
0.546201
0.504591
0.517138
0.521971
0.520408
0.509807
0.504463
0.52539
0.525404
0.514763
0.510985
0.515624
0.528108
0.578334
0.518285
0.527834
0.515132
