0.508152
0.511259
0.531853
0.569318
0.565234
0.574507
0.511224
0.512629
0.513911
0.515439
0.524357
0.518155
0.516478
0.512367
0.579874
0.581474
0.548769
0.551345
0.549722
0.504439
0.509212
0.514891
0.49991
0.529937
0.527408
0.507547
0.508952
0.524288
0.539158
0.535747
0.531373
0.532498
0.523777
0.518977
0.51187
0.505668
0.50819
0.507427
0.493226
0.557973
0.526571
0.52464
0.524309
0.5288
0.509995
0.507584
0.508672
0.512726
0.507739
0.515843
0.503668
0.507794
0.508643
0.509302
0.496397
0.502288
0.502182
0.498822
0.597101
0.587429
0.555474
0.521966
0.531325
0.507425
0.500504
0.49827
0.517609
0.52235
0.502938
0.507943
0.512451
0.519102
0.50723
0.511
0.516518
0.51444
0.525158
0.541679
0.553349
0.542269
0.515056
0.518802
0.543124
0.544067
0.526823
0.520384
0.502075
0.511735
0.504807
0.516388
0.519722
0.519125
0.530894
0.526157
0.493299
0.590441
0.613908
0.519821
0.565539
0.498129
0.504608
0.510163
0.513009
0.525182
0.521743
0.50572
0.509119
0.515266
0.50874
0.53216
0.526691
0.508607
0.519025
0.514154
0.529903
0.517092
0.519688
0.511324
0.532573
0.511587
0.518282
0.552705
0.531733
0.523865
0.524142
0.505229
0.509906
0.507905
0.592917
0.584614
0.601193
0.55666
0.554006
0.558085
0.554501
0.551964
0.520401
0.520439
0.51982
0.535491
0.524011
0.511818
0.50713
0.516041
0.521242
0.526587
0.526876
0.526105
0.525233
0.52578
0.523468
0.502763
0.505551
0.580876
0.592727
0.589745
0.524915
0.526235
0.512351
0.504127
0.531798
0.526223
0.576067
0.521389
0.517693
0.533029
0.52911
0.520408
0.521949
0.506552
0.50867
0.516023
0.507065
0.516226
0.577012
0.571585
0.511246
0.51143
0.521854
0.510844
0.518144
0.494898
0.501703
0.581098
0.591943
0.532258
0.514833
0.507914
0.519529
0.5198
0.558169
0.543762
0.523679
0.527407
0.500981
0.506461
0.504193
0.502083
0.504592
0.524924
0.49642
0.512197
0.520348
0.506811
0.508358
0.508478
0.531756
0.530619
0.509196
0.511158
0.531138
0.509259
0.496699
0.503541
0.51806
0.498737
0.500753
0.503153
0.532111
0.501682
0.496169
0.527862
0.524211
0.519708
0.51757
0.520443
0.522083
0.51188
0.507801
0.510837
0.512761
0.535845
0.577918
0.519118
0.520902
0.515772
0.522252
0.501257
0.505367
0.561413
0.504015
0.508305
0.512206
0.508935
0.510931
0.510358
0.510574
0.530807
0.538839
0.511937
0.516162
0.521798
0.519541
0.5091
0.510683
0.53099
0.589278
0.533998
0.532843
0.532032
0.525253
0.524893
0.523992
0.524215
0.52898
0.631861
0.529419
0.527205
0.527939
0.51407
0.492488
0.519139
0.517837
0.512571
0.516588
0.520387
0.514355
0.50692
0.502276
0.508775
0.512841
0.506858
0.508331
0.52935
0.53337
0.530432
0.517923
0.520121
0.504121
0.507372
0.510708
0.518437
0.525471
0.51422
0.518462
0.518706
0.512365
0.511697
0.505479
0.533491
0.515488
0.515523
0.508314
0.506315
0.498643
0.508691
0.507361
0.511579
0.50991
0.504719
0.506188
0.52363
0.516913
0.521967
0.528223
0.52897
0.524514
0.536388
0.522186
0.526494
0.505378
0.538784
0.510297
0.508004
0.51849
0.532315
0.527205
0.536527
0.57439
0.570854
0.493832
0.500233
0.511212
0.527583
0.532575
0.51858
0.521667
0.519633
0.519419
0.591503
0.565473
0.516096
0.532825
0.514548
0.512408
0.517968
0.528726
0.52815
0.528032
0.51582
0.517594
0.51885
0.507848
0.509193
0.509152
0.517251
0.512851
0.535401
0.545072
0.545546
0.547218
0.505873
0.501442
0.592838
0.532962
0.526075
0.525069
0.623129
0.610935
0.519448
0.524061
0.526799
0.521342
0.527942
0.524724
0.522165
0.530866
0.524878
0.526761
0.508245
0.509055
0.497394
0.506337
0.504161
0.554601
0.55058
0.49466
0.500888
0.606191
0.516114
0.52288
0.523139
0.593542
0.596544
0.612975
0.551231
0.528877
0.50552
0.508005
0.50447
0.521593
0.529408
0.522702
0.521721
0.52183
0.531375
0.49584
0.503972
0.514517
0.527167
0.530469
0.568896
0.549957
0.543602
0.519355
0.511268
0.509489
0.505114
0.512652
0.541415
0.49841
0.537592
0.548771
0.539687
0.5041
0.510118
0.50127
0.518626
0.507137
0.513073
0.594701
0.537864
0.553402
0.556878
0.561733
0.518034
0.519311
0.519683
0.522234
0.585216
0.575029
0.587068
0.530968
0.525453
0.522447
0.574339
0.573874
0.520916
0.577553
0.502493
0.504451
0.497093
0.530814
0.518932
0.518518
0.529866
0.539705
0.530954
0.50964
0.497647
0.547262
0.550302
0.552587
0.516645
0.53358
0.529394
0.531197
0.505253
0.590215
0.518173
0.545689
0.548224
0.54182
0.534086
0.531556
0.509149
0.519701
0.53586
0.517394
0.504375
0.51504
0.514339
0.531683
0.526517
0.515721
0.51719
0.517951
0.514576
0.517535
0.514254
0.52658
0.527116
0.521976
0.524313
0.516611
0.525048
0.520238
0.510443
0.507064
0.523363
0.533104
0.521883
0.517611
0.526913
0.520217
0.516934
0.523346
0.508651
0.52337
0.529846
0.536219
0.531102
0.574465
0.558595
0.492115
0.496832
0.521592
0.521902
0.549991
0.552037
0.511405
0.518779
0.512522
0.513975
0.508885
0.509969
0.510536
0.488422
0.559716
0.508368
0.512466
0.506695
0.505023
0.508947
0.533424
0.501838
0.528623
0.520097
0.545755
0.545823
0.504017
0.519782
0.505211
0.515588
0.508856
0.516157
0.537052
0.530177
0.550363
0.552503
0.522119
0.530945
0.530845
0.529017
0.524377
0.501306
0.53353
0.523408
0.521494
0.535974
0.499613
0.535426
0.538253
0.544018
0.514848
0.512391
0.50336
0.506026
0.511064
0.537138
0.532165
0.577496
0.55818
0.532105
0.52485
0.498429
0.491426
0.503376
0.535929
0.544605
0.492454
0.555162
0.511364
0.50745
0.516239
0.517654
0.499923
0.513744
0.520079
0.516983
0.512385
0.519207
0.5067
0.575581
0.52251
0.525356
0.521084
0.522427
0.527373
0.530242
0.528917
0.525115
0.529014
0.529727
0.51048
0.53809
0.507707
0.53267
0.513284
0.520259
0.497431
0.507961
0.503002
0.516148
0.506041
0.528537
0.527834
0.536719
0.543399
0.542734
0.534547
0.509225
0.527829
0.526316
0.5613
0.50364
0.530799
0.528997
0.51465
0.585401
0.599032
0.570883
0.577916
0.549262
0.550107
0.545234
0.578167
0.563836
0.584257
0.574717
0.590596
0.544029
0.54516
0.491931
0.503939
0.510154
0.498942
0.503379
0.520153
0.524915
0.516513
0.513051
0.530042
0.518311
0.528621
0.529549
0.523434
0.524021
0.542462
0.49815
0.529127
0.540338
0.525405
0.520321
0.5068
0.527006
0.502334
0.508226
0.510427
0.508733
0.50993
0.51808
0.524546
0.533565
0.512016
0.518694
0.51839
0.533033
0.532571
0.527963
0.523355
0.500732
0.535187
0.523149
0.523394
0.51786
0.514356
0.497163
0.500994
0.515463
0.525503
0.604927
0.509137
0.517107
0.513737
0.521287
0.497719
0.523228
0.5184
0.524616
0.51287
0.524928
0.521838
0.523966
0.523339
0.525671
0.522226
0.526963
0.503415
0.507667
0.53853
0.499657
0.585797
0.56654
0.554188
0.501612
0.526464
0.508699
0.530341
0.532757
0.509157
0.532463
0.522128
0.520164
0.521712
0.638231
0.531919
0.528884
0.513828
0.525846
0.507491
0.532905
0.51783
0.518478
0.521893
0.521208
0.504867
0.514615
0.51663
0.534133
0.532863
0.513317
0.516333
0.529398
0.588555
0.567481
0.568719
0.506118
0.539973
0.536843
0.556502
0.525227
0.513478
0.518872
0.529184
0.535246
0.53093
0.528773
0.519314
0.552426
0.548623
0.538211
0.518727
0.511431
0.533182
0.540356
0.535696
0.532824
0.513496
0.514718
0.549225
0.511628
0.493422
0.513288
0.514175
0.528965
0.532433
0.536307
0.531268
0.529371
0.531807
0.526854
0.527649
0.500433
0.510191
0.504791
0.515902
0.517994
0.520084
0.52144
0.518289
0.503802
0.508805
0.510751
0.514022
0.510788
0.559563
0.577371
0.509697
0.515479
0.553164
0.556646
0.561001
0.528884
0.504288
0.533457
0.578389
0.569461
0.532888
0.502641
0.529406
0.527889
0.537332
0.527171
0.523005
0.528625
0.497385
0.513247
0.508322
0.510563
0.565329
0.508048
0.492323
0.497607
0.4948
0.526059
0.522045
0.526071
0.573805
0.50025
0.503708
0.524453
0.52082
0.53144
0.525072
0.532309
0.571777
0.499495
0.499541
0.49692
0.52316
0.521441
0.521828
0.522143
0.514925
0.498546
0.492471
0.499751
0.496701
0.530257
0.519478
0.51249
0.536566
0.528603
0.530294
0.536497
0.543027
0.524341
0.534652
0.530918
0.52547
0.597868
0.588582
0.558935
0.520967
0.521178
0.512335
0.51364
0.573144
0.549102
0.531227
0.528076
0.504359
0.521109
0.521679
0.527044
0.513762
0.51631
0.52618
0.523129
0.536672
0.549445
0.547533
0.527095
0.53738
0.532941
0.526257
0.508253
0.500425
0.510961
0.510557
0.525307
0.53227
0.515361
0.513094
0.532927
0.521409
0.52825
0.540062
0.52171
0.519122
0.505859
0.507436
0.52608
0.523665
0.528299
0.530725
0.521444
0.513506
0.508083
0.511607
0.512965
0.515309
0.529461
0.527721
0.528552
0.498317
0.497057
0.514332
0.529944
0.52741
0.53673
0.524179
0.527461
0.518191
0.520369
0.500319
0.500091
0.511094
0.509525
0.524756
0.524666
0.536217
0.556464
0.530427
0.530002
0.516288
0.517971
0.510953
0.525233
0.508426
0.531055
0.520843
0.529318
0.58385
0.530838
0.517568
0.534632
0.542351
0.532831
0.523784
0.529324
0.506012
0.557144
0.531898
0.49309
0.508287
0.51536
0.568128
0.51383
0.534968
0.499186
0.512691
0.510866
0.513073
0.507902
0.509101
0.534981
0.532225
0.498702
0.532341
0.514949
0.500329
0.506579
0.524053
0.513259
0.56302
0.503229
0.497545
0.551671
0.521966
0.524573
0.512484
0.524069
0.517871
0.529255
0.521934
0.518813
0.520784
0.527414
0.534144
0.502191
0.556402
0.508187
0.509139
0.509293
0.534344
0.554639
0.559779
0.512358
0.513157
0.515903
0.510612
0.53279
0.52673
0.505563
0.532462
0.581744
0.494995
0.504744
0.53714
0.507359
0.571893
0.574778
0.527264
0.535423
0.525593
0.524085
0.536789
0.531977
0.525721
0.529587
0.52987
0.607402
0.518024
0.528896
0.502299
0.513612
0.512437
0.509998
0.494942
0.54064
0.501648
0.525881
0.528044
0.52573
0.522003
0.516006
0.529586
0.53736
0.536821
0.594497
0.520658
0.535392
0.510793
0.508843
0.512626
0.523163
0.540231
0.531241
0.530846
0.528908
0.527732
0.519786
0.52277
0.520296
0.506449
0.505184
0.567361
0.565383
0.5023
0.526371
0.512318
0.517071
0.521286
0.501827
0.53455
0.522504
0.528295
0.51872
0.516433
0.52225
0.580238
0.514645
0.504767
0.527222
0.532364
0.499867
0.54971
0.53283
0.494263
0.495684
0.510039
0.51127
0.525976
0.530355
0.53692
0.497887
0.505585
0.507479
0.507106
0.508444
0.539288
0.493843
0.531823
0.525032
0.512505
0.514491
0.514243
0.529324
0.509867
0.512523
0.596864
0.534357
0.522116
0.503889
0.524462
0.520493
0.584535
0.531593
0.526048
0.577708
0.502748
0.526061
0.504406
0.533709
0.549808
0.505546
0.563163
0.534064
0.52136
0.534413
0.543419
0.518939
0.525454
0.532792
0.524948
0.520837
0.50633
0.503201
0.507663
0.531293
0.528998
0.525185
0.526812
0.582343
0.5269
0.516009
0.531329
0.508503
0.52382
0.520549
0.526235
0.524967
0.498581
0.500385
0.515905
0.493321
0.517588
0.570738
0.505976
0.504098
0.505375
0.532145
0.514224
0.553549
0.569376
0.522916
0.540651
0.532961
0.525881
0.526441
0.524841
0.519896
0.518065
0.533101
0.520333
0.548941
0.503101
0.530476
0.494284
0.541677
0.516195
0.611599
0.524171
0.522507
0.500467
0.524649
0.504001
0.506067
0.590152
0.508517
0.525264
0.537129
0.50718
0.514747
0.567243
0.531387
0.530553
0.527192
0.582299
0.519918
0.51819
0.531114
0.520341
0.507376
0.518621
0.538625
0.5361
0.527774
0.503051
0.535259
0.53049
0.504028
0.516144
0.498412
0.530602
0.496573
0.508104
0.529093
0.489084
0.523141
0.532254
0.532956
0.529017
0.511083
0.53798
0.533759
0.514468
0.500019
0.527028
0.531615
0.608358
0.49763
0.496406
0.520267
0.545771
0.541019
0.539845
0.528967
0.525884
0.561932
0.532546
0.506581
0.533019
0.536928
0.534374
0.498717
0.506454
0.504933
0.525584
0.532091
0.543334
0.59889
0.531688
0.529894
0.602098
0.533064
0.523279
0.531389
0.524439
0.504673
0.518982
0.514719
0.51552
0.509216
0.527573
0.520122
0.521263
0.493773
0.516095
0.529762
0.506063
0.51207
0.52388
0.523079
0.50933
0.490806
0.521882
0.55638
0.527267
0.525135
0.530973
0.530535
0.539804
0.528459
0.58854
0.502783
0.532761
0.510862
0.506879
0.574954
0.50748
0.512357
0.570216
0.493777
0.581704
0.526333
0.575212
0.588192
0.520257
0.532385
0.534942
0.531987
0.53442
0.537965
0.537041
0.499649
0.510149
0.51552
0.508663
0.506842
0.534172
0.555202
0.538752
0.504611
0.532451
0.50733
0.526397
0.529589
0.58695
0.528391
0.536182
0.499863
0.519028
0.531846
0.507619
0.519578
0.546614
0.501396
0.52234
0.524956
0.510526
0.524749
0.504903
0.537467
0.536745
0.505763
0.526091
0.526263
0.496635
0.50109
0.494835
0.496863
0.508921
0.519659
0.516106
0.504268
0.538842
0.532956
0.535676
0.594712
0.500894
0.505872
0.532643
0.515417
0.511715
0.535064
0.51428
0.513966
0.500037
0.504768
0.497585
0.530433
0.518257
0.527316
0.606159
0.497788
0.523894
0.52635
0.50655
0.506749
0.618
0.517865
0.574755
0.587942
0.494818
0.526815
0.50717
0.506567
0.52616
0.526931
0.516427
0.539256
0.523569
0.491392
0.503103
0.507006
0.538595
0.505548
0.50676
0.533521
0.526687
0.527047
0.506115
0.518253
0.521761
0.517676
0.517897
0.498816
0.522201
0.504002
0.513991
0.536555
0.499959
0.527815
0.56202
0.518365
0.520685
0.577715
0.503097
0.536248
0.516757
0.526478
0.516821
0.512024
0.514444
0.531954
0.527707
0.506372
0.530667
0.56492
0.511477
0.514389
0.511749
0.568284
0.50385
0.510453
0.528963
0.492079
0.567218
0.526545
0.534293
0.524284
0.526294
0.525136
0.519177
0.515125
0.535308
0.50358
0.604292
0.527046
0.542325
0.546612
0.51435
0.575394
0.540524
0.534565
0.506243
0.538772
0.525053
0.521466
0.530656
0.515908
0.55213
0.530466
0.50003
0.521882
0.492625
0.532536
0.499532
0.526626
0.557089
0.537409
0.532998
0.510302
0.509962
0.532509
0.532468
0.497905
0.503902
0.504554
0.538686
0.548316
0.50515
0.561347
0.53012
0.532004
0.615012
0.537386
0.526986
0.511707
0.50099
0.520534
0.531399
0.493161
0.500996
0.539481
0.49657
0.536018
0.499903
0.50167
0.52597
0.520332
0.59743
0.515667
0.51702
0.571474
0.518413
0.512252
0.508721
0.50838
0.519242
0.514781
0.629461
0.513258
0.532938
0.510104
0.52127
0.509516
0.52131
0.511308
0.510757
0.587981
0.519225
0.516715
0.518239
0.540533
0.513003
0.51249
0.514721
0.516224
0.520829
0.516864
0.510775
0.527183
0.51143
0.514431
0.61229
0.51894
0.521387
0.513622
0.527585
0.524691
0.518187
0.5125
0.516667
0.512972
0.543914
0.53716
0.53001
0.511311
0.509659
0.544612
0.5432
0.505955
0.594324
0.518249
0.503262
0.51106
0.530977
0.525451
0.517169
0.5222
0.518891
0.516651
0.517835
0.505213
0.529198
0.512126
0.554392
0.522492
0.499287
0.503325
0.518617
0.537929
0.542967
0.52315
0.515858
0.522247
0.579783
0.518561
0.524714
0.518388
0.536654
0.52551
0.526356
0.51807
0.522223
0.516681
0.523403
0.51819
0.51061
0.552939
0.505129
0.509289
0.518029
0.518499
0.516662
0.51937
0.516571
0.515088
0.524019
0.514278
0.520306
0.58505
0.530758
0.534243
0.511451
0.530149
0.538258
0.575552
0.524797
0.523736
0.512138
0.532441
0.514162
0.513105
0.521709
0.498612
0.506803
0.520821
0.52822
0.527423
0.512285
0.523831
0.516559
0.606693
0.551185
0.514495
0.51076
0.519094
0.522183
0.516436
0.522501
0.520573
0.525467
0.513752
0.499438
0.526404
0.506035
0.527217
0.522807
0.517952
0.522941
0.52624
0.516108
0.522214
0.522304
0.534127
0.578977
0.515143
0.540535
0.515473
0.518782
0.512
0.521001
0.502924
0.513678
0.51171
0.52009
0.520226
0.512523
0.509034
0.498739
0.516994
0.51156
0.5206
0.514755
0.516066
0.516426
0.512852
0.516065
0.514863
0.516929
0.520267
0.517341
0.521666
0.510742
0.53263
0.508704
0.513966
0.516773
0.522107
0.512761
0.51475
0.521035
0.516399
0.522868
0.522028
0.516276
0.515208
0.517602
0.52284
0.51844
0.57862
0.550158
0.508885
0.508703
0.529608
0.595564
0.51174
0.519178
0.516669
0.523418
0.516612
0.529019
0.524654
0.516495
0.534673
0.525877
0.536326
0.543069
0.51082
0.524858
0.548551
0.52356
0.51476
0.522794
0.516798
0.51793
0.523098
0.522178
0.513027
0.523673
0.522504
0.517491
0.52066
0.518522
0.527648
0.52828
0.501823
0.513325
0.525059
0.525102
0.51589
0.590354
0.568115
0.513216
0.529121
0.530584
0.524784
0.522115
0.517193
0.511148
0.507466
0.513531
0.521413
0.518795
0.521445
0.569252
0.512466
0.516149
0.518431
0.554464
0.546203
0.526887
0.531318
0.520062
0.514545
0.517266
0.516699
0.522241
0.510709
0.51759
0.515139
0.522252
0.516519
0.521583
0.51806
0.526902
0.515759
0.498306
0.539181
0.512637
0.548949
0.517304
0.54344
0.527814
0.525537
0.537302
0.531046
0.519521
0.507325
0.522293
0.536284
0.537482
0.514353
0.517851
0.504543
0.518814
0.517476
0.511902
0.522229
0.527571
0.513581
0.512327
0.521185
0.515513
0.514562
0.518219
0.514319
0.558797
0.522585
0.522326
0.519231
0.521821
0.519937
0.566305
0.52376
0.521653
0.519866
0.563344
0.517427
0.522048
0.529699
0.526176
0.513447
0.597719
0.525923
0.512603
0.513296
0.526216
0.512005
0.539027
0.511803
0.499651
0.531287
0.516687
0.524247
0.507269
0.50816
0.504011
0.524129
0.512996
0.520672
0.507788
0.520173
0.523016
0.501051
0.530161
0.526386
0.511101
0.515242
0.548583
0.586926
0.528897
0.521737
0.522434
0.585563
0.529127
0.523631
0.501053
0.525334
0.518967
0.511111
0.515187
0.521531
0.528343
0.523212
0.528299
0.520683
0.551957
0.505104
0.511967
0.563529
0.513195
0.530592
0.578489
0.526075
0.502559
0.5331
0.527222
0.522466
0.615557
0.511044
0.507139
0.531828
0.524957
0.591153
0.528911
0.577472
0.613927
0.517304
0.521209
0.518241
0.532309
0.518176
0.52128
0.52563
0.507947
0.510364
0.502152
0.527515
0.513968
0.51728
0.531174
0.516298
0.53004
0.550078
0.518696
0.512691
0.561911
0.520905
0.508025
0.531997
0.548378
0.511219
0.629882
0.533961
0.516049
0.519364
0.53838
0.502373
0.522169
0.523882
0.521497
0.571995
0.520847
0.529752
0.598978
0.520659
0.521696
0.516328
0.503697
0.523187
0.528898
0.503772
0.502256
0.585069
0.524864
0.54393
0.524604
0.513827
0.514
0.539886
0.508734
0.515596
0.517097
0.515024
0.507869
0.527915
0.515022
0.519622
0.51519
0.522845
0.550245
0.595403
0.527339
0.529165
0.513668
0.51936
0.512386
0.514247
0.528854
0.531356
0.5158
0.507886
0.500179
0.526403
0.517275
0.505969
0.508544
0.523155
0.528487
0.506203
0.527301
0.501731
0.527333
0.542749
0.505437
0.515512
0.512048
0.58664
0.504896
0.531918
0.589295
0.511913
0.542246
0.611263
0.528202
0.526511
0.540049
0.511749
0.513698
0.526462
0.509992
0.528358
0.543707
0.509178
0.514461
0.516307
0.52542
0.515264
0.504073
0.530789
0.504073
0.525593
0.521377
0.523892
0.509762
0.510436
0.525807
0.524203
0.519617
0.525802
0.511856
0.523005
0.505594
0.526168
0.52757
0.508345
0.551803
0.529394
0.525552
0.522146
0.507268
0.525917
0.513405
0.548224
0.531936
0.527892
0.518284
0.513549
0.516898
0.530664
0.555534
0.542359
0.508785
0.577291
0.519314
0.517028
0.543495
0.518182
0.526494
0.517151
0.561602
0.521014
