0.509168
0.507572
0.538022
0.562169
0.557642
0.591496
0.572543
0.512465
0.516166
0.509413
0.513857
0.507698
0.511684
0.517671
0.515727
0.617906
0.624392
0.636848
0.548775
0.504378
0.50886
0.499027
0.500798
0.528487
0.530142
0.527706
0.507309
0.536259
0.535781
0.517054
0.515913
0.50628
0.508836
0.581031
0.589126
0.527558
0.528738
0.509363
0.51019
0.506498
0.502331
0.515052
0.512741
0.514781
0.512069
0.516317
0.523823
0.525219
0.525731
0.527505
0.508601
0.494485
0.499923
0.528272
0.50968
0.5082
0.494646
0.504404
0.500383
0.51717
0.520115
0.501246
0.5075
0.55209
0.552268
0.553352
0.517268
0.511128
0.50789
0.513473
0.51859
0.513936
0.524384
0.52073
0.551611
0.55975
0.544119
0.543765
0.617179
0.527209
0.503748
0.500557
0.517157
0.522258
0.520213
0.52745
0.641282
0.557364
0.573034
0.563058
0.556784
0.502275
0.507587
0.506206
0.52464
0.527144
0.513814
0.506679
0.511173
0.532659
0.530144
0.518933
0.53136
0.526625
0.532962
0.503979
0.508935
0.506594
0.507473
0.514091
0.531294
0.532477
0.511178
0.527085
0.532714
0.574441
0.583946
0.554783
0.551819
0.56048
0.559683
0.553665
0.52132
0.519858
0.521407
0.514547
0.525919
0.530116
0.53215
0.525276
0.540924
0.543375
0.539083
0.499471
0.511315
0.517249
0.526435
0.522654
0.526143
0.507895
0.574641
0.516582
0.528221
0.528875
0.515444
0.51275
0.509811
0.531084
0.532862
0.529282
0.532139
0.539035
0.54187
0.543354
0.507238
0.505651
0.532028
0.528485
0.516117
0.508339
0.518742
0.498875
0.508789
0.505609
0.505527
0.526619
0.533868
0.531608
0.598643
0.592353
0.592864
0.511851
0.514564
0.510987
0.519665
0.508886
0.519028
0.495293
0.506241
0.562133
0.576428
0.535601
0.499988
0.505275
0.572913
0.558218
0.521259
0.527728
0.506465
0.508726
0.509721
0.497494
0.50203
0.529163
0.512922
0.50731
0.510385
0.532145
0.527998
0.51058
0.522767
0.499322
0.521367
0.51913
0.517815
0.502991
0.495521
0.495737
0.5069
0.501067
0.526461
0.523902
0.518475
0.618284
0.598982
0.530578
0.529365
0.519696
0.527662
0.527498
0.512163
0.507002
0.535937
0.533251
0.515078
0.506015
0.506944
0.511488
0.527056
0.523877
0.517423
0.518053
0.564227
0.507355
0.511449
0.497944
0.534267
0.502955
0.505234
0.507793
0.508647
0.49947
0.503223
0.633501
0.63434
0.514156
0.515205
0.542454
0.51815
0.517048
0.520868
0.524208
0.511376
0.513157
0.509795
0.592664
0.530041
0.595598
0.529081
0.524269
0.531751
0.634798
0.514554
0.519919
0.527316
0.523791
0.523301
0.524953
0.527396
0.529466
0.527367
0.529579
0.540098
0.539852
0.515284
0.492462
0.524305
0.513709
0.518884
0.513624
0.512055
0.512663
0.514655
0.532988
0.531625
0.545275
0.544508
0.505114
0.511828
0.506179
0.528765
0.519287
0.519717
0.525983
0.523712
0.509397
0.512443
0.505612
0.510234
0.508424
0.507131
0.49766
0.500972
0.506756
0.511374
0.505665
0.495913
0.503074
0.525742
0.522179
0.530145
0.518458
0.530197
0.531828
0.514366
0.512989
0.512654
0.508437
0.504384
0.537444
0.521982
0.509693
0.529837
0.527948
0.536682
0.532328
0.517746
0.517842
0.519873
0.555876
0.55062
0.516923
0.51809
0.493528
0.492354
0.511094
0.508413
0.531789
0.527486
0.519402
0.520165
0.517437
0.530863
0.513092
0.510821
0.535058
0.537634
0.499597
0.529386
0.528385
0.512391
0.516511
0.516898
0.593799
0.506719
0.509164
0.515988
0.508962
0.514577
0.515648
0.519036
0.530961
0.50571
0.532299
0.536091
0.533517
0.545458
0.583021
0.573984
0.501793
0.508021
0.523153
0.523724
0.624776
0.651993
0.528973
0.523176
0.535837
0.531488
0.520828
0.525028
0.521504
0.531075
0.525133
0.507735
0.511168
0.502046
0.507072
0.508273
0.507439
0.50296
0.652111
0.617079
0.550721
0.512972
0.518571
0.493245
0.498876
0.601045
0.523332
0.503199
0.590416
0.580701
0.607752
0.545087
0.505972
0.508665
0.51767
0.522065
0.52097
0.497214
0.516166
0.509193
0.496038
0.500764
0.531481
0.534528
0.527177
0.54508
0.520405
0.517074
0.518704
0.507157
0.510461
0.507731
0.512746
0.519225
0.544259
0.532349
0.534936
0.546401
0.525928
0.500559
0.511709
0.504183
0.518643
0.507699
0.511362
0.58569
0.532529
0.517173
0.525383
0.524987
0.523098
0.496175
0.519245
0.522244
0.493102
0.504624
0.627707
0.508212
0.497259
0.501108
0.505412
0.500503
0.50286
0.542298
0.533162
0.504597
0.534121
0.535471
0.536475
0.542942
0.514664
0.538026
0.530103
0.532697
0.531042
0.530574
0.505008
0.58155
0.519739
0.519723
0.539283
0.535416
0.508562
0.51953
0.529082
0.583817
0.572972
0.515668
0.530386
0.52554
0.516411
0.518128
0.514078
0.525524
0.537928
0.522225
0.526829
0.51883
0.527719
0.520555
0.523803
0.51904
0.505411
0.521789
0.517319
0.520076
0.51933
0.519685
0.511735
0.513665
0.516705
0.506804
0.534201
0.588559
0.604842
0.577164
0.489445
0.49587
0.515017
0.519988
0.517391
0.549731
0.518451
0.509432
0.513257
0.50006
0.568423
0.560724
0.503466
0.508038
0.523322
0.515301
0.581719
0.58524
0.506869
0.53642
0.53236
0.501951
0.506015
0.515202
0.503427
0.525557
0.519739
0.54462
0.549058
0.504963
0.597466
0.521543
0.508095
0.507575
0.519901
0.514639
0.534524
0.529516
0.516064
0.510561
0.531834
0.528582
0.499275
0.502405
0.537969
0.503163
0.504708
0.505328
0.531133
0.528611
0.605892
0.567551
0.573103
0.507123
0.532684
0.53594
0.565877
0.549674
0.511427
0.514005
0.515863
0.507469
0.514291
0.517963
0.518659
0.510722
0.521834
0.518002
0.506409
0.579264
0.523606
0.506754
0.526297
0.520072
0.522236
0.529892
0.530184
0.505361
0.538969
0.536246
0.533165
0.502453
0.503389
0.508103
0.515089
0.509712
0.528565
0.53025
0.512167
0.531895
0.528963
0.558913
0.552011
0.530432
0.532578
0.50214
0.492505
0.499186
0.531743
0.523375
0.515699
0.528894
0.580534
0.551829
0.551561
0.575595
0.565663
0.559775
0.537507
0.499096
0.514366
0.526039
0.532689
0.51678
0.4979
0.505524
0.501572
0.582132
0.571825
0.595566
0.52735
0.52116
0.517373
0.527372
0.521866
0.522084
0.52756
0.534576
0.530815
0.523332
0.525237
0.539923
0.500508
0.524094
0.52811
0.511317
0.511686
0.519481
0.506762
0.506865
0.530595
0.529845
0.525732
0.524787
0.501798
0.530859
0.574739
0.522874
0.505799
0.511659
0.528632
0.524658
0.510852
0.510348
0.521302
0.517593
0.524161
0.528482
0.515157
0.514169
0.587929
0.587584
0.57943
0.526733
0.525957
0.503246
0.524028
0.520776
0.540052
0.532743
0.523054
0.524763
0.521189
0.51895
0.514544
0.554004
0.52684
0.513754
0.528163
0.524453
0.501411
0.508749
0.511627
0.516594
0.520764
0.487004
0.497456
0.626534
0.52199
0.540124
0.531306
0.499504
0.577022
0.568168
0.511087
0.554079
0.503471
0.529828
0.530897
0.52291
0.501942
0.505088
0.518929
0.532828
0.530937
0.521557
0.492839
0.500696
0.525372
0.516925
0.508207
0.533439
0.531177
0.52825
0.525809
0.524599
0.533375
0.530805
0.592523
0.596303
0.530849
0.504957
0.54021
0.535044
0.513683
0.555657
0.506053
0.507369
0.509339
0.504782
0.507464
0.523049
0.530243
0.537212
0.529472
0.518072
0.523449
0.550588
0.536817
0.539462
0.525283
0.511042
0.54879
0.498212
0.53515
0.508559
0.49404
0.529956
0.510805
0.524023
0.527203
0.601385
0.507526
0.531669
0.534568
0.528805
0.525944
0.499538
0.505349
0.513476
0.518403
0.519316
0.603031
0.531937
0.523618
0.50121
0.572743
0.569394
0.502717
0.534799
0.537732
0.494502
0.514458
0.527043
0.525209
0.532953
0.532723
0.529719
0.526256
0.523038
0.598847
0.502058
0.504345
0.572163
0.525741
0.535846
0.567885
0.492124
0.511372
0.523076
0.607248
0.617046
0.521683
0.506869
0.495734
0.532301
0.532049
0.498723
0.530307
0.516362
0.537465
0.533983
0.501707
0.54672
0.520297
0.525316
0.503141
0.560398
0.524755
0.509524
0.509028
0.514644
0.522375
0.60197
0.582371
0.546083
0.516733
0.532821
0.52544
0.508441
0.503116
0.507111
0.528699
0.515768
0.514905
0.535465
0.530152
0.534046
0.533727
0.550674
0.528246
0.53508
0.532036
0.51394
0.508456
0.516243
0.529492
0.532533
0.528282
0.526994
0.531601
0.533974
0.595644
0.537395
0.532183
0.520851
0.53046
0.547675
0.504358
0.505032
0.505709
0.506147
0.52268
0.525411
0.525626
0.528279
0.525464
0.513294
0.505145
0.510114
0.508792
0.507806
0.615947
0.523771
0.528412
0.500281
0.5088
0.534145
0.537372
0.528652
0.525764
0.528822
0.532193
0.522496
0.567024
0.516613
0.613058
0.522769
0.499289
0.528667
0.51105
0.52278
0.521381
0.521633
0.558252
0.530225
0.499997
0.513803
0.514937
0.519141
0.524211
0.511755
0.503763
0.507287
0.525265
0.5203
0.509955
0.532072
0.531761
0.527997
0.513865
0.51916
0.53309
0.516212
0.522395
0.536103
0.516498
0.549065
0.536136
0.52345
0.537722
0.530575
0.534887
0.523148
0.511229
0.546373
0.532797
0.502641
0.525786
0.49705
0.62093
0.507876
0.515301
0.518619
0.502966
0.518688
0.510373
0.513498
0.611363
0.507293
0.528934
0.521333
0.522564
0.520027
0.532354
0.522171
0.523966
0.51449
0.513146
0.530796
0.53187
0.518895
0.521681
0.52
0.514995
0.534892
0.518847
0.497991
0.560728
0.556942
0.506872
0.510058
0.538467
0.517597
0.520844
0.565053
0.514112
0.517029
0.519534
0.53127
0.525549
0.575259
0.508915
0.511467
0.520373
0.493914
0.503462
0.571992
0.530815
0.52229
0.531231
0.530639
0.502618
0.514869
0.522435
0.541488
0.555627
0.507571
0.525494
0.519931
0.514543
0.519862
0.53041
0.530316
0.525165
0.536842
0.581988
0.52056
0.509317
0.531714
0.532226
0.528488
0.500652
0.533345
0.506994
0.509364
0.521064
0.541073
0.531789
0.504818
0.532578
0.524823
0.505047
0.520022
0.517941
0.497503
0.505456
0.562955
0.560781
0.5261
0.513507
0.529117
0.534572
0.523176
0.515362
0.522226
0.531522
0.558588
0.516094
0.521405
0.525352
0.545272
0.506116
0.535836
0.505166
0.52512
0.522017
0.533916
0.492022
0.508066
0.526257
0.527772
0.530018
0.507888
0.546209
0.499322
0.50816
0.53911
0.493117
0.517683
0.499247
0.515681
0.512145
0.511661
0.512101
0.513903
0.50679
0.526984
0.525925
0.597147
0.596307
0.519879
0.523413
0.521122
0.520398
0.516605
0.575133
0.506661
0.502808
0.507593
0.51967
0.535849
0.528186
0.562427
0.508662
0.558581
0.526331
0.54826
0.525653
0.523693
0.521123
0.567778
0.510859
0.531193
0.525229
0.526729
0.530547
0.534858
0.580012
0.571985
0.52465
0.50582
0.520259
0.519577
0.523483
0.511971
0.494947
0.515968
0.492216
0.514834
0.516732
0.50469
0.589775
0.52246
0.500493
0.53697
0.505622
0.509975
0.556094
0.570198
0.524069
0.538358
0.531104
0.532893
0.530323
0.532691
0.521432
0.532081
0.531608
0.508716
0.519753
0.536923
0.552368
0.494681
0.538659
0.514847
0.528176
0.529627
0.533476
0.531713
0.592766
0.526817
0.521587
0.502741
0.50513
0.524256
0.537437
0.506183
0.514979
0.561006
0.597593
0.533727
0.532383
0.530882
0.520243
0.51869
0.526872
0.530096
0.52146
0.538027
0.535034
0.533196
0.530944
0.501803
0.516377
0.534531
0.527956
0.499713
0.501746
0.494625
0.49111
0.506568
0.535428
0.50383
0.499508
0.511409
0.501312
0.503818
0.511444
0.504027
0.534596
0.496229
0.542032
0.513616
0.609807
0.582358
0.538071
0.530922
0.50363
0.565733
0.508038
0.499624
0.53291
0.506724
0.496577
0.50643
0.529235
0.531466
0.508659
0.509706
0.531748
0.532342
0.602166
0.533971
0.508612
0.506183
0.524855
0.531001
0.5239
0.503451
0.517397
0.525337
0.521037
0.510272
0.5111
0.520877
0.536128
0.54964
0.51653
0.532897
0.512027
0.492543
0.491578
0.512271
0.534665
0.521967
0.518925
0.508656
0.490685
0.522952
0.519088
0.517263
0.536945
0.525925
0.495664
0.525498
0.532123
0.533696
0.534406
0.533558
0.512933
0.525527
0.506371
0.520422
0.5275
0.514488
0.571407
0.494607
0.592969
0.573777
0.533495
0.51857
0.536942
0.532929
0.537011
0.532534
0.513429
0.523711
0.53744
0.510959
0.531559
0.499043
0.518965
0.509315
0.505771
0.532747
0.556287
0.506236
0.504449
0.531197
0.529916
0.508002
0.529551
0.524855
0.52274
0.497985
0.525073
0.51475
0.532215
0.522084
0.508322
0.534164
0.544674
0.542343
0.537521
0.502516
0.508828
0.498955
0.519002
0.522668
0.516409
0.523682
0.507059
0.536974
0.50731
0.528076
0.522584
0.524945
0.526045
0.525986
0.518916
0.519102
0.524825
0.494463
0.509397
0.553653
0.500526
0.516317
0.540009
0.534207
0.527203
0.537129
0.58505
0.498639
0.514641
0.518244
0.498584
0.499701
0.512824
0.504215
0.496038
0.498058
0.514389
0.527069
0.49965
0.522541
0.52352
0.511975
0.505187
0.505595
0.590344
0.518179
0.566463
0.493412
0.49138
0.509499
0.494681
0.506393
0.492584
0.568802
0.524891
0.515533
0.491017
0.514146
0.507477
0.535661
0.505252
0.532018
0.519885
0.495876
0.523743
0.614348
0.53266
0.526589
0.555259
0.516071
0.539463
0.5601
0.530999
0.5213
0.533199
0.50257
0.524564
0.511065
0.525844
0.522466
0.512124
0.525312
0.507573
0.508458
0.530726
0.511505
0.513814
0.510941
0.52547
0.562759
0.531728
0.530965
0.531936
0.525182
0.499741
0.53075
0.531618
0.566352
0.526545
0.534792
0.532216
0.523733
0.524422
0.491868
0.514181
0.538429
0.525293
0.537394
0.507998
0.536817
0.498969
0.534277
0.582192
0.534728
0.4954
0.520927
0.514633
0.530698
0.540909
0.51824
0.521146
0.491581
0.53926
0.608932
0.538926
0.533827
0.503836
0.51373
0.526995
0.531387
0.507259
0.560072
0.504579
0.521266
0.495084
0.500516
0.530367
0.537136
0.534973
0.599065
0.537238
0.520368
0.530086
0.528199
0.546151
0.526635
0.512771
0.501536
0.52152
0.507674
0.531739
0.50078
0.52748
0.530789
0.520747
0.572769
0.593718
0.513234
0.509536
0.628772
0.521043
0.563642
0.519359
0.507792
0.51812
0.548265
0.633356
0.505927
0.509085
0.510182
0.519181
0.507154
0.524062
0.526427
0.524996
0.512484
0.513662
0.516225
0.519216
0.515173
0.519188
0.534177
0.524349
0.508176
0.511547
0.516088
0.515202
0.513158
0.51342
0.517071
0.512348
0.511923
0.511629
0.522628
0.520003
0.514505
0.517296
0.519305
0.517681
0.519402
0.520293
0.512689
0.514097
0.514351
0.513289
0.510228
0.51702
0.527803
0.508608
0.543998
0.539761
0.50997
0.544266
0.518809
0.523762
0.519428
0.521552
0.50962
0.511749
0.593695
0.504961
0.553128
0.52364
0.541758
0.502384
0.539929
0.517327
0.521201
0.524054
0.523777
0.535368
0.516553
0.539636
0.50784
0.517489
0.519898
0.51851
0.513786
0.521585
0.529206
0.553299
0.527313
0.526652
0.526443
0.516642
0.521166
0.521688
0.520047
0.516566
0.51239
0.523362
0.52217
0.550732
0.542271
0.500905
0.514028
0.525868
0.524048
0.509869
0.530939
0.522604
0.5146
0.521792
0.515594
0.512937
0.516055
0.532122
0.526933
0.587455
0.524643
0.525444
0.523515
0.547644
0.511622
0.514567
0.521495
0.517456
0.523611
0.51164
0.519365
0.505246
0.522396
0.5278
0.509061
0.515592
0.520971
0.521791
0.514295
0.512147
0.52456
0.520119
0.558082
0.508046
0.629253
0.520032
0.52259
0.52163
0.518311
0.520078
0.517566
0.52327
0.511835
0.512844
0.501794
0.513769
0.511235
0.614804
0.528203
0.51501
0.524161
0.600596
0.617765
0.583023
0.510358
0.522733
0.524271
0.526784
0.541912
0.54443
0.49969
0.550212
0.521612
0.511165
0.507744
0.545783
0.517149
0.513979
0.511809
0.520345
0.520194
0.512273
0.510168
0.518832
0.518709
0.517911
0.509118
0.523513
0.512206
0.510815
0.51805
0.524375
0.523475
0.523343
0.5147
0.52845
0.528913
0.536861
0.499858
0.531898
0.509985
0.521084
0.518293
0.552328
0.528379
0.50801
0.529979
0.514003
0.519272
0.509137
0.5118
0.536153
0.551245
0.556203
0.526787
0.51563
0.529093
0.516742
0.523793
0.518748
0.520058
0.521738
0.5151
0.518663
0.539318
0.49889
0.539329
0.51875
0.539553
0.503327
0.529555
0.52283
0.514246
0.524273
0.527645
0.515319
0.520046
0.518657
0.516281
0.524081
0.527901
0.623477
0.520856
0.518998
0.513709
0.505187
0.553547
0.527389
0.525649
0.516864
0.513433
0.513197
0.5185
0.520131
0.52464
0.528463
0.529071
0.535498
0.522593
0.523398
0.523152
0.52465
0.518809
0.515569
0.528013
0.532021
0.506918
0.531194
0.509166
0.516113
0.507279
0.507065
0.521609
0.521982
0.553282
0.514854
0.510728
0.545833
0.522858
0.524941
0.611978
0.52321
0.528371
0.517985
0.520179
0.500051
0.517157
0.520692
0.509519
0.518019
0.522116
0.520366
0.521696
0.515413
0.57354
0.515377
0.519037
0.534191
0.518255
0.513949
0.536757
0.527506
0.516155
0.5107
0.514833
0.523981
0.50823
0.524168
0.534618
0.537319
0.522337
0.515676
0.508791
0.520468
0.510556
0.510097
0.504019
0.515726
0.527907
0.509186
0.517001
0.517093
0.523067
0.526897
0.518039
0.517322
0.519043
0.509749
0.51975
0.511876
0.520093
0.515586
0.512692
0.526321
0.51463
0.514185
0.54779
0.539484
0.519466
0.522314
0.513426
0.51371
0.528276
0.520937
0.524175
0.520543
0.520695
0.513755
0.527147
0.51831
0.56357
0.5103
0.512707
0.519725
0.51629
0.548391
0.517093
0.507225
0.525641
0.532575
0.533763
0.528323
0.531173
0.501235
0.612824
0.50559
0.525336
0.510836
0.510418
0.517303
0.501365
0.531715
0.591412
0.513603
0.530473
0.52302
0.52041
0.5747
0.527067
0.499073
0.51457
0.516861
0.506334
0.513184
0.514861
0.560421
0.529546
0.514039
0.515291
0.527844
0.526128
0.588059
0.517109
0.510326
0.53053
0.510253
0.530388
0.510367
0.519633
0.513701
0.647099
0.545572
0.508975
0.532478
0.5174
0.607801
0.512097
0.498649
0.529564
0.60177
0.508814
0.517562
0.517535
0.513846
0.51345
0.50448
0.509246
0.525773
0.514786
0.524186
0.519452
0.521025
0.522005
0.545352
0.525291
0.517416
0.518817
0.503863
0.5179
0.518449
0.524244
0.52193
0.505404
0.596438
0.511725
0.553913
0.574496
0.508858
0.511607
0.513092
0.508234
0.532042
0.600074
0.508924
0.638628
0.593413
0.516901
0.517937
0.510496
0.519942
0.524759
0.499398
0.5322
0.523536
0.524014
0.51458
0.523004
0.528027
0.575434
0.538694
0.512714
0.512014
0.600455
0.532415
0.517994
0.509854
0.518665
0.516328
0.510316
0.506866
0.498351
0.522137
0.514829
0.523746
0.515302
0.519056
0.560069
0.509292
0.501521
0.522097
0.520625
0.503488
0.513855
0.507935
0.511092
0.629238
0.519338
0.526567
0.502866
0.566803
0.530295
0.529387
0.530765
0.524271
0.531982
0.518458
0.522203
0.522136
0.527231
0.50732
0.52662
0.524603
0.632617
0.525812
0.52086
0.511743
0.53406
0.530808
0.560673
0.580615
0.509301
0.550901
0.515914
0.51413
0.512237
0.532472
0.526215
0.514262
0.506641
0.503196
0.557064
0.52224
0.554444
0.526174
0.529161
0.50759
0.501298
0.516559
0.510002
0.527404
0.531837
0.554297
0.556063
0.515466
0.526719
0.522302
0.544131
0.522143
0.530172
0.505017
0.527387
0.514748
0.51666
0.5288
0.535197
0.50758
0.521255
0.61267
0.508638
0.519033
0.552365
0.561785
0.531888
0.531162
0.532825
0.503121
0.522476
0.510255
0.528298
0.520128
0.535323
0.520267
0.508618
0.551541
0.509577
0.515033
0.524746
0.540295
0.550951
0.51861
0.525004
0.51804
0.526578
0.529468
0.528807
0.613893
0.520078
0.498715
0.566335
0.522731
0.512913
0.503262
0.56797
0.522532
0.521766
0.625422
0.564477
0.522375
0.519029
0.562829
0.516344
0.536505
0.513985
0.5031
0.503154
0.51551
0.509937
0.528227
