0.495986
0.501708
0.538298
0.567981
0.559637
0.580615
0.562729
0.5942
0.5934
0.512372
0.515907
0.511981
0.512708
0.50943
0.51862
0.517286
0.587207
0.556052
0.565221
0.564672
0.527517
0.528206
0.527701
0.542779
0.513405
0.511211
0.557571
0.540681
0.539522
0.507445
0.574224
0.578711
0.522035
0.525853
0.522823
0.5064
0.501584
0.507339
0.517833
0.518588
0.513544
0.517885
0.508815
0.521342
0.514477
0.521042
0.525888
0.508431
0.526645
0.530477
0.506707
0.512659
0.510712
0.521446
0.495355
0.500947
0.516002
0.519857
0.50144
0.505204
0.553673
0.555063
0.569905
0.512879
0.513983
0.517751
0.510329
0.511187
0.514006
0.521184
0.516972
0.528395
0.522362
0.520054
0.522041
0.535232
0.528625
0.526236
0.525642
0.518179
0.501156
0.506074
0.546851
0.530901
0.513096
0.509612
0.534275
0.52336
0.529387
0.522916
0.523088
0.516956
0.50449
0.507253
0.512335
0.507258
0.508528
0.570095
0.554148
0.50798
0.505764
0.511885
0.569821
0.557999
0.564056
0.502208
0.505423
0.498744
0.533823
0.525989
0.524744
0.527786
0.530447
0.509223
0.531597
0.529397
0.538366
0.522721
0.528521
0.527836
0.518957
0.515789
0.51704
0.510316
0.5046
0.51474
0.506256
0.534265
0.527115
0.518925
0.530545
0.522298
0.504978
0.53188
0.612418
0.599192
0.51102
0.555128
0.565284
0.55258
0.524704
0.517983
0.525373
0.530172
0.534962
0.539219
0.493941
0.502756
0.510296
0.523401
0.54004
0.549919
0.523016
0.501757
0.509914
0.513094
0.543847
0.547192
0.522866
0.521333
0.507304
0.513451
0.508041
0.498228
0.530068
0.542615
0.546301
0.505383
0.506547
0.50859
0.505743
0.532511
0.49825
0.502638
0.497268
0.531214
0.525967
0.503295
0.626072
0.588371
0.591708
0.510739
0.513826
0.510902
0.517182
0.509742
0.535413
0.534909
0.570462
0.523541
0.525846
0.507057
0.505431
0.510174
0.505162
0.517166
0.503523
0.499344
0.501963
0.533848
0.517206
0.529407
0.515733
0.512791
0.51113
0.509161
0.531636
0.527999
0.497248
0.513469
0.517309
0.536529
0.533553
0.512597
0.525442
0.531184
0.536108
0.531073
0.519933
0.499351
0.506126
0.504692
0.532138
0.526142
0.5198
0.518897
0.584147
0.56157
0.532854
0.530547
0.533235
0.529342
0.503125
0.518094
0.51951
0.525252
0.515944
0.531197
0.529088
0.514795
0.51487
0.518433
0.510184
0.511794
0.526
0.517992
0.518423
0.519379
0.529804
0.565965
0.507905
0.511843
0.504683
0.533171
0.527914
0.521889
0.523601
0.520726
0.50303
0.509224
0.509812
0.503788
0.508281
0.549316
0.551236
0.610136
0.594602
0.513147
0.510292
0.512049
0.512424
0.515227
0.524484
0.529949
0.508808
0.513409
0.523481
0.527479
0.571036
0.583241
0.525281
0.532347
0.516725
0.521977
0.529657
0.519934
0.520606
0.528518
0.532318
0.518476
0.521003
0.524372
0.527678
0.528591
0.531229
0.517239
0.510155
0.491198
0.496978
0.523634
0.508645
0.512622
0.513611
0.512804
0.512907
0.53401
0.529074
0.542499
0.540516
0.505601
0.512431
0.528036
0.528267
0.521579
0.516127
0.516706
0.513592
0.509259
0.505728
0.535594
0.511417
0.509334
0.507029
0.505081
0.513009
0.511157
0.494762
0.498457
0.499357
0.507963
0.523322
0.521625
0.519503
0.534274
0.531497
0.516383
0.517164
0.531579
0.515013
0.509407
0.51015
0.528377
0.521217
0.526208
0.525804
0.523121
0.5186
0.518536
0.521464
0.567023
0.517721
0.517175
0.493341
0.531973
0.492156
0.497413
0.505607
0.529319
0.531667
0.507857
0.530229
0.529781
0.520185
0.51374
0.509211
0.523017
0.549043
0.530486
0.516157
0.511605
0.520236
0.515033
0.534407
0.5026
0.528044
0.515367
0.515934
0.516603
0.517454
0.57836
0.566817
0.524702
0.523255
0.510033
0.517048
0.516913
0.5359
0.541953
0.576546
0.530961
0.498167
0.509329
0.512586
0.52682
0.521812
0.522793
0.492956
0.53255
0.524346
0.531158
0.508973
0.504075
0.516613
0.617098
0.500598
0.49529
0.520715
0.517182
0.494593
0.596219
0.523981
0.515087
0.521227
0.531838
0.496733
0.55172
0.508114
0.513163
0.519404
0.512613
0.509886
0.507311
0.529274
0.58589
0.548528
0.503925
0.49742
0.529552
0.517572
0.526734
0.537436
0.506749
0.508025
0.53098
0.532923
0.509695
0.517308
0.54987
0.538074
0.543365
0.553665
0.531777
0.534946
0.492319
0.499195
0.50543
0.504099
0.519895
0.516145
0.50795
0.519178
0.522138
0.517291
0.51433
0.518849
0.517796
0.525538
0.518959
0.522496
0.522439
0.511895
0.510354
0.509707
0.501733
0.495083
0.499896
0.496633
0.500232
0.572005
0.509093
0.518832
0.510987
0.496898
0.498354
0.534145
0.497107
0.501702
0.495421
0.500417
0.534078
0.509127
0.508446
0.544149
0.516562
0.511239
0.517756
0.516513
0.534383
0.529661
0.531948
0.530688
0.60154
0.584021
0.534187
0.518487
0.506572
0.508894
0.520155
0.570248
0.526896
0.501643
0.505332
0.571312
0.579253
0.515899
0.517842
0.513717
0.509241
0.535886
0.532379
0.523012
0.515283
0.518662
0.526588
0.526145
0.521289
0.527463
0.523759
0.520563
0.51931
0.504047
0.511349
0.512693
0.518466
0.520092
0.520962
0.519918
0.505081
0.515098
0.531672
0.531871
0.600259
0.580782
0.495431
0.515223
0.515209
0.551775
0.548952
0.530582
0.512635
0.507138
0.511212
0.565399
0.565253
0.502146
0.499689
0.512855
0.602722
0.55081
0.55572
0.506148
0.536016
0.53307
0.496506
0.502782
0.558983
0.567856
0.504934
0.52159
0.549967
0.519881
0.533621
0.518982
0.52236
0.520642
0.56021
0.533542
0.529209
0.509825
0.524777
0.504616
0.498686
0.531371
0.529396
0.524485
0.496421
0.502766
0.503171
0.536178
0.552571
0.512838
0.504546
0.504738
0.509553
0.530041
0.527646
0.573483
0.572732
0.58241
0.561224
0.620778
0.503058
0.531442
0.530235
0.529929
0.533467
0.536683
0.558819
0.509432
0.5165
0.517337
0.530378
0.529609
0.525251
0.520417
0.519377
0.525169
0.521205
0.522551
0.524299
0.506314
0.508971
0.52667
0.51806
0.531564
0.526328
0.564126
0.588703
0.531792
0.50609
0.502791
0.504992
0.502625
0.509611
0.507649
0.51614
0.500913
0.528978
0.529952
0.526631
0.539759
0.541443
0.526736
0.515404
0.526866
0.507848
0.513675
0.517827
0.506354
0.497555
0.491541
0.497751
0.529978
0.513238
0.52752
0.551239
0.557555
0.58107
0.534838
0.530096
0.499284
0.503996
0.526886
0.525889
0.495433
0.517015
0.516401
0.517841
0.500263
0.502046
0.497525
0.507985
0.562138
0.559218
0.502398
0.520126
0.533866
0.516968
0.573206
0.522919
0.541811
0.499759
0.5261
0.519128
0.508516
0.508557
0.508912
0.510455
0.531319
0.523504
0.526792
0.50407
0.579003
0.52876
0.526281
0.521572
0.525113
0.525788
0.509785
0.519127
0.515931
0.511941
0.596908
0.577777
0.51242
0.529678
0.500427
0.503276
0.506379
0.512789
0.525342
0.524938
0.521013
0.53172
0.530534
0.523624
0.514627
0.510864
0.580704
0.490654
0.497157
0.501113
0.560827
0.531063
0.531721
0.536945
0.533669
0.521466
0.523929
0.536561
0.536172
0.521507
0.531772
0.559108
0.515349
0.533194
0.510745
0.531674
0.554222
0.542946
0.510746
0.496083
0.529276
0.526226
0.518772
0.521356
0.510206
0.525374
0.524709
0.519811
0.53322
0.538466
0.538677
0.517657
0.496528
0.521092
0.529284
0.526165
0.527788
0.524073
0.504165
0.604956
0.529388
0.534744
0.535858
0.509146
0.510554
0.562446
0.505893
0.506793
0.507218
0.499669
0.506704
0.522783
0.530735
0.497405
0.502574
0.555863
0.551449
0.532212
0.521348
0.526645
0.535328
0.534316
0.532516
0.520745
0.520734
0.528285
0.517201
0.550654
0.534593
0.55803
0.559333
0.531844
0.511056
0.498169
0.507723
0.495484
0.530139
0.530585
0.527349
0.530807
0.519858
0.596906
0.505279
0.532415
0.527806
0.501727
0.527452
0.503193
0.514495
0.515557
0.51765
0.540999
0.580284
0.508785
0.511452
0.525117
0.52391
0.497264
0.501762
0.57362
0.580206
0.505136
0.533514
0.536811
0.51233
0.513258
0.524646
0.524777
0.532742
0.505761
0.53316
0.50419
0.512887
0.589124
0.589057
0.532471
0.56896
0.514307
0.517733
0.518293
0.493652
0.535461
0.527098
0.585164
0.611043
0.597378
0.531856
0.502153
0.537113
0.535994
0.530627
0.53887
0.532633
0.520505
0.506378
0.535099
0.522259
0.542938
0.543514
0.529984
0.500915
0.50646
0.531122
0.562286
0.529704
0.525834
0.523654
0.512733
0.50967
0.524169
0.522158
0.526188
0.558172
0.554852
0.516726
0.535325
0.576223
0.563769
0.521818
0.520065
0.508761
0.50713
0.529063
0.526424
0.515361
0.535766
0.528761
0.530454
0.547071
0.55042
0.526312
0.529126
0.526751
0.513017
0.507341
0.532348
0.530407
0.531289
0.532612
0.528254
0.506792
0.531454
0.59498
0.597911
0.52418
0.517134
0.53056
0.520124
0.520023
0.52224
0.533055
0.539885
0.49934
0.547026
0.505286
0.504561
0.506134
0.506132
0.519976
0.574055
0.523158
0.522349
0.508052
0.511421
0.516507
0.504624
0.509682
0.525254
0.609846
0.510091
0.508132
0.537955
0.53376
0.522911
0.522187
0.527346
0.521861
0.565923
0.51577
0.524945
0.53257
0.596316
0.606728
0.498038
0.520073
0.520497
0.519867
0.509302
0.501767
0.520069
0.520024
0.502846
0.513779
0.516444
0.522799
0.508456
0.494853
0.52137
0.531633
0.529185
0.513715
0.517788
0.554289
0.504887
0.534385
0.536478
0.520281
0.503269
0.533262
0.516052
0.540351
0.536141
0.530152
0.513676
0.507296
0.545014
0.55761
0.513955
0.494428
0.531438
0.506468
0.494698
0.598038
0.500801
0.514397
0.502907
0.511438
0.50946
0.606206
0.613529
0.50356
0.508583
0.528982
0.522891
0.522239
0.522424
0.517076
0.524364
0.532453
0.520506
0.524052
0.54281
0.521202
0.513513
0.530699
0.521805
0.522338
0.519547
0.537248
0.534584
0.520896
0.505677
0.508231
0.495491
0.546938
0.517618
0.517795
0.542764
0.574955
0.52501
0.507515
0.509654
0.49484
0.502693
0.530352
0.529994
0.5591
0.52008
0.515484
0.53281
0.530241
0.50192
0.529966
0.497138
0.518202
0.591966
0.559156
0.502298
0.518781
0.52767
0.526757
0.508207
0.534359
0.532936
0.531153
0.524213
0.532683
0.53526
0.533327
0.526592
0.507889
0.508975
0.515964
0.53185
0.505029
0.521544
0.505925
0.521867
0.521889
0.501821
0.529319
0.514816
0.53069
0.498822
0.51989
0.530663
0.53229
0.532226
0.506603
0.510565
0.521761
0.531669
0.526826
0.558361
0.51074
0.505592
0.523333
0.525192
0.531075
0.505997
0.53856
0.528311
0.552186
0.529321
0.535634
0.496032
0.496436
0.512073
0.526182
0.527168
0.530574
0.5779
0.559139
0.498078
0.510557
0.507221
0.522882
0.504477
0.51428
0.510237
0.527598
0.522977
0.490518
0.503002
0.554606
0.523969
0.51887
0.528934
0.60071
0.583972
0.591808
0.515266
0.52157
0.517306
0.515575
0.515823
0.501971
0.524383
0.505213
0.520552
0.501417
0.51695
0.528331
0.527976
0.557715
0.510444
0.526066
0.523402
0.520746
0.521186
0.506556
0.532009
0.510533
0.53176
0.533289
0.533706
0.504493
0.531971
0.52322
0.521195
0.51138
0.615411
0.501486
0.517171
0.507681
0.495973
0.52144
0.527786
0.504261
0.535419
0.529076
0.499912
0.509592
0.508996
0.574619
0.576913
0.532542
0.523523
0.527515
0.607951
0.519259
0.523952
0.534337
0.523214
0.513041
0.528151
0.49486
0.535937
0.531483
0.534999
0.508464
0.501715
0.529649
0.526719
0.522758
0.509606
0.55578
0.508414
0.562962
0.531365
0.53231
0.536998
0.541909
0.517099
0.528567
0.53179
0.61975
0.501645
0.507641
0.532148
0.515239
0.522266
0.504795
0.531754
0.528156
0.517308
0.503432
0.506565
0.501907
0.51698
0.495725
0.501473
0.501581
0.491205
0.536959
0.501823
0.510862
0.512455
0.531849
0.534132
0.538971
0.509733
0.511099
0.582796
0.568326
0.538594
0.529434
0.510175
0.512511
0.57792
0.501861
0.497013
0.582887
0.496875
0.532385
0.533029
0.500733
0.611956
0.50763
0.507385
0.520813
0.500811
0.507044
0.523835
0.517326
0.511468
0.519039
0.522923
0.522272
0.536149
0.515777
0.533401
0.491876
0.516352
0.526636
0.509199
0.488672
0.510502
0.536827
0.536562
0.592259
0.494194
0.495499
0.524237
0.529411
0.531576
0.529963
0.504542
0.532686
0.528429
0.530441
0.570539
0.499971
0.52237
0.49693
0.513051
0.568077
0.555754
0.525538
0.50273
0.519429
0.537125
0.538004
0.538097
0.528901
0.510017
0.53256
0.515969
0.508961
0.525291
0.525821
0.558041
0.533585
0.503781
0.532797
0.506321
0.529515
0.530469
0.517282
0.526011
0.526671
0.533424
0.506387
0.519812
0.506119
0.521656
0.535775
0.544553
0.533668
0.529936
0.521234
0.516076
0.507858
0.52263
0.515238
0.50594
0.525473
0.521234
0.533118
0.533432
0.506264
0.510038
0.51226
0.49869
0.522015
0.518966
0.527292
0.550515
0.539989
0.532893
0.551606
0.515251
0.507864
0.524918
0.533929
0.537196
0.535113
0.593365
0.501586
0.501062
0.503541
0.505637
0.576183
0.539617
0.535287
0.505312
0.512169
0.502818
0.531848
0.49438
0.491339
0.511839
0.52067
0.510893
0.532638
0.492999
0.588552
0.494489
0.549461
0.491002
0.5073
0.59587
0.572795
0.539791
0.522708
0.516043
0.527037
0.492914
0.509604
0.507702
0.505829
0.507493
0.532927
0.526483
0.52476
0.491832
0.523086
0.599693
0.601536
0.51205
0.533527
0.544513
0.539002
0.50965
0.520779
0.517789
0.534023
0.53315
0.53184
0.523706
0.598611
0.506227
0.552381
0.53113
0.526745
0.52761
0.579995
0.514195
0.519289
0.531716
0.531797
0.533099
0.53245
0.535122
0.587669
0.540251
0.526704
0.532829
0.524044
0.500133
0.49766
0.534967
0.533034
0.50851
0.524966
0.49744
0.497553
0.51512
0.536155
0.504279
0.507664
0.537117
0.531676
0.535852
0.533125
0.533892
0.508193
0.544326
0.488809
0.518413
0.530477
0.541525
0.610203
0.491184
0.524402
0.515302
0.533252
0.504003
0.513356
0.560498
0.500684
0.581071
0.497167
0.564408
0.534009
0.613599
0.537188
0.520377
0.529869
0.526206
0.547561
0.518609
0.534659
0.525066
0.514156
0.500293
0.521256
0.536714
0.501525
0.524756
0.520452
0.513173
0.569558
0.514051
0.580912
0.51849
0.57933
0.511499
0.508333
0.517873
0.515701
0.520295
0.531488
0.519441
0.530467
0.522692
0.604217
0.514805
0.524836
0.50589
0.51658
0.513868
0.517953
0.536214
0.518578
0.51101
0.515513
0.516183
0.513337
0.510457
0.514504
0.511658
0.509432
0.513316
0.524484
0.52003
0.530085
0.512847
0.499544
0.511862
0.514549
0.516043
0.513634
0.511201
0.513246
0.514074
0.499261
0.516907
0.510858
0.509041
0.511374
0.519103
0.547264
0.543316
0.539191
0.511517
0.502417
0.537057
0.574807
0.579174
0.522639
0.522588
0.52762
0.517286
0.51481
0.509515
0.562269
0.552028
0.507734
0.514281
0.566159
0.522032
0.554041
0.571087
0.506747
0.507938
0.525995
0.527104
0.52779
0.519333
0.521606
0.523383
0.516623
0.514695
0.51469
0.524055
0.531432
0.528985
0.518275
0.518973
0.55165
0.545331
0.524432
0.525842
0.522345
0.51475
0.509285
0.528991
0.521376
0.516297
0.522343
0.52151
0.521781
0.515937
0.518254
0.514764
0.524605
0.517068
0.505743
0.521401
0.515504
0.505667
0.555021
0.517557
0.512255
0.515331
0.522823
0.518054
0.526553
0.52488
0.519023
0.502309
0.512571
0.524828
0.522139
0.526923
0.531972
0.593283
0.558692
0.513872
0.507825
0.589544
0.544242
0.514396
0.527586
0.512419
0.51374
0.514978
0.512372
0.50878
0.5207
0.5169
0.515924
0.517378
0.517663
0.511508
0.50863
0.509529
0.523284
0.521984
0.516637
0.55404
0.584033
0.521074
0.518236
0.522457
0.522598
0.516523
0.516398
0.519084
0.512526
0.508605
0.514613
0.526086
0.513874
0.520423
0.603298
0.588553
0.584044
0.555067
0.527889
0.532705
0.542797
0.550755
0.510759
0.512852
0.505191
0.506671
0.523915
0.5109
0.52704
0.508499
0.561017
0.521022
0.513799
0.526828
0.550274
0.513316
0.522359
0.515778
0.519782
0.510776
0.524959
0.519767
0.516023
0.514556
0.517529
0.522243
0.509994
0.518394
0.519129
0.510311
0.537963
0.523922
0.520842
0.523678
0.51958
0.521333
0.530224
0.530588
0.573489
0.522456
0.520797
0.524875
0.513585
0.52206
0.530423
0.513457
0.544611
0.520895
0.56517
0.560876
0.518339
0.521692
0.525761
0.503917
0.531902
0.515464
0.536196
0.539673
0.573782
0.575598
0.555146
0.571656
0.576545
0.516081
0.529496
0.520437
0.525418
0.520444
0.518885
0.528451
0.51571
0.53515
0.519417
0.520891
0.529689
0.511936
0.51403
0.522587
0.522839
0.526345
0.511009
0.520688
0.513528
0.523195
0.598229
0.604998
0.525028
0.537694
0.525995
0.525199
0.525097
0.5219
0.508802
0.531224
0.505037
0.523982
0.521496
0.522881
0.512204
0.520538
0.523333
0.522083
0.517897
0.519666
0.514015
0.527761
0.509101
0.533664
0.531105
0.521973
0.539097
0.508623
0.507745
0.514032
0.511829
0.512722
0.520134
0.520072
0.52802
0.52149
0.596355
0.516418
0.518291
0.517756
0.524091
0.520956
0.505973
0.51245
0.514337
0.510606
0.524037
0.514386
0.515657
0.576688
0.524532
0.51961
0.512316
0.512746
0.519883
0.547377
0.546012
0.525674
0.547873
0.551973
0.501144
0.523415
0.529842
0.516952
0.512475
0.503458
0.514713
0.507909
0.511828
0.524398
0.514222
0.561359
0.505557
0.506889
0.518039
0.524705
0.542621
0.521677
0.518534
0.521934
0.517897
0.523755
0.550282
0.524312
0.51896
0.518198
0.529563
0.521295
0.524665
0.521259
0.516949
0.514989
0.522775
0.494156
0.573994
0.527347
0.533115
0.534696
0.510168
0.530243
0.526315
0.524072
0.518667
0.507874
0.508829
0.614165
0.523346
0.525892
0.527127
0.525564
0.517615
0.512464
0.499452
0.51354
0.516072
0.570964
0.514805
0.575491
0.50434
0.558144
0.600304
0.525355
0.563953
0.532714
0.535304
0.514816
0.524677
0.525137
0.507948
0.520358
0.515104
0.507505
0.509704
0.524796
0.525826
0.508186
0.504566
0.517014
0.515934
0.572547
0.500287
0.519303
0.513114
0.509515
0.538146
0.514639
0.531707
0.519295
0.504052
0.511524
0.545639
0.519713
0.511098
0.513121
0.514132
0.517747
0.514327
0.50648
0.514718
0.523847
0.518195
0.512234
0.526314
0.516889
0.581184
0.519703
0.511464
0.51306
0.521023
0.5242
0.526267
0.512403
0.564538
0.515198
0.529364
0.509277
0.513237
0.51887
0.513703
0.512657
0.53022
0.514784
0.514325
0.513101
0.546551
0.511683
0.513313
0.512375
0.52292
0.507582
0.523418
0.510145
0.514374
0.518643
0.516283
0.523052
0.51885
0.525489
0.498813
0.502538
0.589911
0.53461
0.519804
0.51757
0.498731
0.527971
0.516439
0.517919
0.519581
0.510152
0.501293
0.505347
0.512076
0.512517
0.512056
0.527184
0.511134
0.509369
0.526998
0.514097
0.51629
0.508818
0.531733
0.517664
0.517483
0.499434
0.555452
0.511379
0.510441
0.50959
0.593665
0.561542
0.523685
0.517203
0.511044
0.613577
0.510485
0.512298
0.50269
0.51972
0.530372
0.514914
0.519749
0.531327
0.509089
0.513948
0.512117
0.515902
0.517408
0.5279
0.511859
0.518353
0.517789
0.503522
0.51377
0.501741
0.522842
0.500871
0.508512
0.588674
0.526414
0.51885
0.522189
0.58049
0.522326
0.579316
0.579981
0.52978
0.58833
0.521256
0.517222
0.511794
0.526764
0.517196
0.521541
0.528095
0.502658
0.562473
0.521654
0.529973
0.591674
0.523019
0.59479
0.529319
0.53242
0.530431
0.526361
0.501622
0.523479
0.515652
0.518191
0.52125
0.517623
0.516439
0.502646
0.543355
0.503483
0.510577
0.500383
0.570589
0.507532
0.504056
0.51925
0.539185
0.516006
0.572221
0.526605
0.512133
0.516202
0.527813
0.502181
0.506546
0.526908
0.540494
0.522626
