0.533044
0.532115
0.518815
0.518675
0.514945
0.528361
0.527536
0.51825
0.528106
0.530227
0.5216
0.520133
0.522969
0.520075
0.538235
0.530882
0.524195
0.529347
0.524321
0.528016
0.532317
0.528669
0.530777
0.527754
0.523843
0.535266
0.53322
0.525784
0.533294
0.526289
0.526924
0.523829
0.522343
0.523883
0.529924
0.527811
0.530761
0.521953
0.515836
0.507146
0.522488
0.531633
0.530317
0.513993
0.512471
0.532834
0.533805
0.526652
0.528213
0.515869
0.529263
0.525366
0.525154
0.53283
0.529118
0.529972
0.514931
0.514262
0.521402
0.520653
0.523164
0.519265
0.520309
0.521511
0.516738
0.528878
0.525313
0.525984
0.522327
0.520128
0.515944
0.514806
0.515969
0.523509
0.522081
0.527852
0.522379
0.522974
0.520413
0.518992
0.52173
0.533485
0.514626
0.518141
0.52214
0.519472
0.528591
0.531291
0.524407
0.52654
0.526979
0.512557
0.524107
0.520469
0.518845
0.519568
0.524386
0.522528
0.52322
0.517574
0.533221
0.528411
0.527205
0.506374
0.510862
0.52039
0.517733
0.53142
0.537271
0.527356
0.516895
0.517846
0.524172
0.518963
0.520844
0.518221
0.522857
0.522001
0.52962
0.515956
0.52249
0.533126
0.530882
0.524016
0.521943
0.523884
0.522939
0.525866
0.527746
0.528818
0.524658
0.525119
0.527512
0.529904
0.531808
0.531733
0.524816
0.522268
0.522987
0.523922
0.525053
0.52335
0.522178
0.521429
0.523262
0.524669
0.520655
0.52988
0.52954
0.515164
0.528391
0.52478
0.525279
0.522627
0.526432
0.527132
0.527738
0.52261
0.529167
0.523295
0.510655
0.507853
0.526501
0.518564
0.51164
0.524843
0.530632
0.522092
0.525111
0.529025
0.529459
0.518173
0.513543
0.51898
0.518753
0.51815
0.510179
0.514363
0.522045
0.519518
0.520285
0.530079
0.530228
0.528473
0.528545
0.531284
0.530347
0.531426
0.527626
0.527248
0.526957
0.517267
0.537519
0.522688
0.52317
0.518741
0.520255
0.516452
0.52218
0.521795
0.519388
0.520987
0.510339
0.519381
0.519809
0.523083
0.52313
0.520239
0.526553
0.525962
0.530206
0.519436
0.524087
0.523082
0.523531
0.526782
0.522624
0.526391
0.517593
0.524238
0.520089
0.528481
0.525091
0.526644
0.52231
0.528474
0.528784
0.532867
0.523116
0.51972
0.530017
0.536703
0.516576
0.527367
0.517435
0.528467
0.523407
0.529489
0.522642
0.519903
0.515855
0.511757
0.523901
0.531635
0.520248
0.513334
0.518071
0.52313
0.518353
0.518112
0.523974
0.521405
0.522401
0.52255
0.529315
0.527084
0.52405
0.519915
0.517828
0.530417
0.529543
0.520957
0.528533
0.530278
0.519875
0.520237
0.521386
0.526019
0.524699
0.526266
0.520748
0.518421
0.519967
0.519554
0.540941
0.522876
0.519047
0.520043
0.523506
0.519287
0.529934
0.517366
0.519764
0.517091
0.521827
0.524201
0.527129
0.510783
0.519663
0.538269
0.511828
0.525793
0.522113
0.521726
0.529636
0.52857
0.521079
0.528501
0.525897
0.511709
0.520946
0.527157
0.525269
0.523344
0.524745
0.527356
0.525928
0.520782
0.52379
0.520865
0.514042
0.521639
0.508761
0.511603
0.528206
0.518305
0.519951
0.520963
0.525945
0.527006
0.522198
0.522416
0.529063
0.527251
0.530366
0.523114
0.520685
0.521733
0.519727
0.53055
0.527172
0.523011
0.521793
0.517594
0.52818
0.52782
0.520492
0.524059
0.518953
0.520299
0.524557
0.519973
0.515273
0.518943
0.536724
0.521207
0.524188
0.518531
0.515032
0.516805
0.534327
0.538278
0.517532
0.527315
0.526237
0.528131
0.533162
0.517053
0.526152
0.525838
0.526626
0.516973
0.541204
0.538517
0.519326
0.517244
0.527413
0.51057
0.5231
0.522563
0.5289
0.527048
0.531646
0.531979
0.522416
0.527983
0.524921
0.519201
0.522454
0.523743
0.514753
0.520573
0.522688
0.519859
0.520844
0.523943
0.54028
0.534079
0.554265
0.524953
0.519749
0.520413
0.529902
0.520732
0.524596
0.522136
0.522589
0.527222
0.516797
0.52165
0.520171
0.520564
0.527364
0.52987
0.525474
0.52624
0.525602
0.523471
0.513992
0.532547
0.524795
0.534525
0.525258
0.51902
0.518301
0.523546
0.518273
0.520238
0.529524
0.515939
0.532899
0.529056
0.52123
0.522405
0.521819
0.520275
0.522431
0.51801
0.518857
0.528923
0.526115
0.517072
0.518627
0.526941
0.517265
0.516985
0.522234
0.542002
0.518098
0.52222
0.520353
0.531065
0.528521
0.523169
0.525769
0.52791
0.52099
0.520143
0.518441
0.524293
0.526432
0.526823
0.52571
0.526323
0.532418
0.521375
0.527709
0.530761
0.525774
0.527756
0.527877
0.514425
0.528207
0.522026
0.528284
0.52642
0.526839
0.521603
0.518621
0.51838
0.519078
0.527231
0.515042
0.523641
0.510703
0.530718
0.519272
0.528916
0.520847
0.526423
0.520906
0.53358
0.510455
0.517482
0.525498
0.526811
0.521629
0.52231
0.53502
0.534967
0.531596
0.520139
0.53502
0.512285
0.515678
0.524058
0.522337
0.530501
0.517837
0.517812
0.52396
0.526934
0.525143
0.516555
0.516577
0.524689
0.527646
0.534863
0.519704
0.528309
0.5141
0.525465
0.524704
0.51985
0.521238
0.538302
0.525818
0.526981
0.530843
0.529795
0.528944
0.527031
0.521028
0.521368
0.515438
0.513968
0.51616
0.525568
0.524156
0.524333
0.52891
0.522293
0.523557
0.525637
0.517935
0.516737
0.519061
0.525717
0.522178
0.519254
0.518674
0.520426
0.521572
0.520847
0.519966
0.530717
0.525221
0.534408
0.520595
0.519669
0.520873
0.530162
0.518214
0.509084
0.520423
0.524072
0.550073
0.53559
0.547571
0.516867
0.517787
0.537511
0.507225
0.533057
0.532349
0.531918
0.528924
0.516967
0.522089
0.522023
0.528918
0.523778
0.511272
0.520225
0.52375
0.530605
0.523161
0.520188
0.518178
0.52141
0.524522
0.524337
0.532822
0.530125
0.528699
0.526025
0.519998
0.51953
0.521524
0.520109
0.524595
0.5217
0.529108
0.526404
0.520039
0.520754
0.522005
0.534013
0.527504
0.527945
0.523473
0.528114
0.526295
0.521079
0.529044
0.525551
0.53173
0.534282
0.538215
0.545126
0.522177
0.526372
0.53131
0.527211
0.518773
0.526105
0.529636
0.529264
0.532334
0.525322
0.531343
0.532637
0.524378
0.518297
0.525005
0.518973
0.525805
0.528554
0.526324
0.515285
0.532451
0.50985
0.511891
0.525563
0.526105
0.52716
0.533191
0.516458
0.519781
0.520129
0.524569
0.524164
0.52874
0.544206
0.519515
0.519691
0.529692
0.523465
0.527434
0.523149
0.506476
0.517283
0.526049
0.533704
0.524393
0.518685
0.517535
0.545555
0.531982
0.51965
0.525857
0.532802
0.519557
0.517565
0.525816
0.533918
0.514781
0.512952
0.523239
0.520379
0.521877
0.525706
0.53294
0.528727
0.520898
0.533483
0.519192
0.516487
0.521294
0.523805
0.526079
0.518529
0.507826
0.529297
0.521812
0.536247
0.530402
0.52856
0.521645
0.527875
0.52692
0.527582
0.517052
0.524173
0.512635
0.523859
0.51731
0.521095
0.526882
0.507071
0.518216
0.516378
0.519441
0.525243
0.518091
0.51925
0.521128
0.527656
0.520662
0.51964
0.527572
0.526629
0.555686
0.521997
0.522428
0.521743
0.519622
0.528995
0.519658
0.521784
0.521086
0.51935
0.528678
0.516532
0.516128
0.527273
0.51195
0.520872
0.520057
0.524686
0.526132
0.52085
0.52235
0.521052
0.533789
0.519372
0.533967
0.52706
0.517931
0.518825
0.533955
0.524536
0.524417
0.528955
0.517425
0.517151
0.518197
0.520438
0.522095
0.518363
0.522903
0.517788
0.518315
0.518561
0.510072
0.52131
0.525462
0.516808
0.520736
0.513436
0.520543
0.514686
0.52267
0.526257
0.532411
0.523351
0.51859
0.515508
0.537678
0.524185
0.525523
0.516156
0.525721
0.523568
0.527124
0.518288
0.509042
0.530958
0.52486
0.520728
0.51546
0.518476
0.531945
0.514959
0.525995
0.520814
0.526478
0.537621
0.518661
0.525522
0.527473
0.525479
0.52709
0.518078
0.522572
0.526367
0.525122
0.520048
0.51331
0.517974
0.526712
0.507325
0.53326
0.517537
0.516144
0.523058
0.527142
0.526687
0.528982
0.522959
0.525747
0.523687
0.53271
0.497666
0.526763
0.525705
0.523667
0.517908
0.511943
0.518484
0.519082
0.520137
0.525029
0.524329
0.527617
0.526185
0.52171
0.509741
0.514005
0.524086
0.525178
0.530816
0.530868
0.526719
0.53121
0.527723
0.521166
0.52797
0.537633
0.522742
0.518085
0.523685
0.522339
0.521832
0.522417
0.517458
0.530565
0.513878
0.531148
0.526281
0.512893
0.530526
0.527607
0.522716
0.521548
0.536539
0.522876
0.525363
0.527077
0.521331
0.52391
0.528779
0.508971
0.518264
0.510671
0.528567
0.520958
0.513639
0.524464
0.51971
0.531375
0.525265
0.525784
0.523808
0.526
0.524524
0.502937
0.519951
0.527428
0.519757
0.517628
0.51101
0.52614
0.521059
0.526223
0.526051
0.535839
0.516604
0.524685
0.528711
0.526253
0.528978
0.518825
0.530981
0.523472
0.529932
0.528184
0.530254
0.512879
0.533638
0.52305
0.528139
0.525135
0.526009
0.529999
0.521373
0.530863
0.524001
0.529018
0.526262
0.525083
0.522101
0.526115
0.532422
0.524968
0.516318
0.527773
0.506805
0.531679
0.528545
0.525259
0.524202
0.525201
0.520493
0.524844
0.526307
0.5168
0.52395
0.52681
0.525874
0.529003
0.526738
0.529496
0.527177
0.531285
0.537328
0.528745
0.517657
0.509813
0.522135
0.517331
0.528051
0.517887
0.531685
0.525435
0.522684
0.523619
0.516308
0.52524
0.523272
0.520255
0.521956
0.521232
0.539482
0.506514
0.519941
0.526708
0.520107
0.52164
0.523623
0.523295
0.525599
0.527287
0.509655
0.517082
0.532499
0.527989
0.52896
0.53226
0.519377
0.519903
0.516729
0.524244
0.52478
0.519025
0.528107
0.526299
0.521968
0.523992
0.528058
0.5062
0.52727
0.518174
0.533093
0.515127
0.532692
0.520527
0.524058
0.50866
0.526032
0.516149
0.529395
0.521077
0.531156
0.517865
0.516836
0.529382
0.520725
0.515879
0.5242
0.516837
0.513212
0.515633
0.516702
0.506429
0.525744
0.525414
0.529263
0.517562
0.516641
0.515738
0.517741
0.523581
0.52025
0.524113
0.536976
0.5233
0.532387
0.529543
0.533068
0.533501
0.521312
0.529133
0.523022
0.530131
0.515095
0.528973
0.51538
