0.525144
0.530363
0.544689
0.553965
0.505487
0.498661
0.594935
0.570265
0.592236
0.606974
0.603392
0.601137
0.576899
0.510558
0.517428
0.514836
0.516635
0.596191
0.514176
0.514525
0.523652
0.51992
0.527764
0.507827
0.507926
0.512191
0.540648
0.510712
0.552834
0.546153
0.513764
0.509407
0.606219
0.562409
0.578698
0.504146
0.508003
0.522997
0.504516
0.51072
0.506115
0.521628
0.51412
0.523696
0.518136
0.519477
0.524916
0.527005
0.522106
0.53202
0.528298
0.532026
0.535846
0.508713
0.508727
0.523545
0.528076
0.507146
0.514705
0.503861
0.504207
0.501711
0.502838
0.505231
0.506212
0.500007
0.510087
0.503912
0.505797
0.515126
0.50712
0.508862
0.528214
0.530151
0.51954
0.521019
0.611899
0.610484
0.53518
0.532755
0.511998
0.50981
0.501315
0.504835
0.504437
0.506436
0.539598
0.52758
0.54691
0.536341
0.511185
0.509945
0.511244
0.532459
0.512852
0.512592
0.513867
0.512397
0.512839
0.517107
0.508038
0.54086
0.543262
0.519327
0.5107
0.507209
0.509201
0.510078
0.531742
0.510529
0.508158
0.511474
0.509108
0.512992
0.516583
0.517365
0.533855
0.528328
0.532594
0.524044
0.525049
0.515617
0.515546
0.512736
0.507655
0.510881
0.546341
0.530861
0.550496
0.539173
0.52017
0.522341
0.517441
0.507457
0.51629
0.518025
0.517308
0.563018
0.552669
0.518134
0.513802
0.516081
0.512184
0.513511
0.511346
0.509887
0.514169
0.517598
0.498074
0.500876
0.515466
0.504263
0.61943
0.50888
0.558222
0.548821
0.535192
0.529577
0.499597
0.5171
0.516199
0.515668
0.50737
0.507446
0.509542
0.540724
0.534458
0.52893
0.546894
0.541909
0.504953
0.504543
0.525562
0.516721
0.514381
0.604214
0.518401
0.51141
0.527847
0.528138
0.508606
0.512556
0.506392
0.535708
0.529422
0.532801
0.535697
0.506405
0.532185
0.5319
0.52714
0.506871
0.510457
0.513864
0.508145
0.504338
0.506545
0.510623
0.502169
0.524501
0.529559
0.503899
0.502074
0.521127
0.52165
0.52511
0.522463
0.506974
0.507845
0.511649
0.526971
0.520036
0.521066
0.537691
0.531639
0.510663
0.502798
0.494269
0.500778
0.520037
0.512088
0.514433
0.522095
0.525626
0.600804
0.571516
0.497058
0.532753
0.525773
0.533676
0.544146
0.534282
0.517133
0.516479
0.512197
0.503835
0.524715
0.518787
0.578027
0.60084
0.600909
0.534527
0.503294
0.520156
0.526378
0.524895
0.511335
0.508446
0.513331
0.531166
0.517761
0.515535
0.517057
0.519271
0.519988
0.532507
0.528128
0.564951
0.505301
0.505877
0.506435
0.508701
0.508499
0.504814
0.524336
0.520298
0.524064
0.501749
0.500677
0.622929
0.512848
0.512428
0.508993
0.518849
0.533751
0.53101
0.526885
0.522905
0.528383
0.524302
0.525117
0.532077
0.550095
0.530842
0.534855
0.519399
0.517159
0.528282
0.524179
0.505815
0.525207
0.531863
0.522422
0.522253
0.521424
0.51978
0.52089
0.535719
0.516475
0.522797
0.567684
0.576537
0.514897
0.524775
0.519974
0.52633
0.497687
0.505015
0.500782
0.511055
0.534969
0.531605
0.504702
0.509133
0.526025
0.511942
0.556403
0.568416
0.544322
0.51432
0.510459
0.506257
0.532644
0.52866
0.553388
0.523502
0.510695
0.501074
0.533464
0.499875
0.533578
0.494113
0.54161
0.506702
0.531246
0.521693
0.533017
0.529458
0.508267
0.509293
0.50829
0.517396
0.517178
0.517352
0.516673
0.534512
0.521766
0.52757
0.520476
0.523705
0.519357
0.516864
0.524177
0.519793
0.530352
0.526568
0.524113
0.578156
0.596776
0.558775
0.566723
0.507162
0.521439
0.508856
0.516795
0.508336
0.532231
0.583879
0.514453
0.513311
0.518165
0.51575
0.506454
0.49906
0.507559
0.505995
0.522503
0.525567
0.499425
0.51466
0.514965
0.516868
0.589888
0.579482
0.525633
0.520391
0.520352
0.538055
0.553952
0.57495
0.571414
0.597909
0.603428
0.501015
0.501037
0.505679
0.511264
0.52018
0.53315
0.514339
0.522403
0.519016
0.517196
0.528165
0.531804
0.535194
0.533474
0.528959
0.506019
0.542524
0.51921
0.517382
0.49956
0.511597
0.517745
0.52175
0.518707
0.596102
0.598784
0.519788
0.521146
0.513516
0.533451
0.530412
0.502686
0.522635
0.520685
0.519523
0.506553
0.517975
0.522673
0.530653
0.511471
0.51611
0.52422
0.520047
0.517724
0.532485
0.529235
0.534032
0.531965
0.51788
0.501403
0.492304
0.549315
0.502006
0.533464
0.620636
0.527182
0.578164
0.517004
0.515933
0.531254
0.528719
0.530508
0.526638
0.492369
0.521533
0.520475
0.512895
0.514404
0.522148
0.496199
0.513303
0.515247
0.517377
0.519082
0.527334
0.52146
0.525275
0.501942
0.524414
0.509132
0.511848
0.510964
0.494706
0.500764
0.512323
0.531676
0.53527
0.521073
0.567268
0.49619
0.499589
0.536638
0.499463
0.526993
0.503222
0.493448
0.495696
0.501261
0.539197
0.538252
0.542858
0.520078
0.575329
0.595154
0.531374
0.534156
0.508829
0.498845
0.505269
0.51768
0.508291
0.51514
0.506161
0.611165
0.606086
0.536278
0.536523
0.533309
0.508521
0.567025
0.577619
0.5723
0.526763
0.52442
0.497498
0.502783
0.503872
0.498081
0.499522
0.587327
0.616553
0.609625
0.515338
0.516189
0.523201
0.517279
0.526147
0.517577
0.520522
0.52366
0.519995
0.519008
0.51318
0.518424
0.517819
0.516417
0.518527
0.492514
0.527962
0.518383
0.513857
0.507106
0.510371
0.508307
0.504508
0.511019
0.501872
0.50842
0.545402
0.534265
0.530957
0.522241
0.514702
0.511455
0.509164
0.509571
0.510264
0.495439
0.504474
0.512122
0.689709
0.613571
0.547237
0.554682
0.505975
0.504284
0.508919
0.5274
0.541026
0.529154
0.505475
0.507993
0.50912
0.513184
0.517946
0.491816
0.517773
0.49337
0.499957
0.54126
0.532858
0.509684
0.501382
0.529874
0.51087
0.522446
0.512417
0.510769
0.508206
0.528662
0.529518
0.503662
0.512519
0.573409
0.56191
0.513832
0.514879
0.585614
0.599923
0.611223
0.53501
0.531339
0.530302
0.5679
0.572746
0.497828
0.513451
0.511399
0.515382
0.53207
0.524205
0.517946
0.516816
0.523552
0.519376
0.563797
0.562384
0.511461
0.511679
0.525009
0.529382
0.536898
0.53358
0.530158
0.534389
0.53234
0.6025
0.501811
0.517022
0.536913
0.531341
0.510733
0.515542
0.508051
0.520396
0.520645
0.523151
0.530496
0.50707
0.526819
0.529973
0.50585
0.506506
0.501108
0.512285
0.517684
0.525491
0.522279
0.525418
0.606434
0.612673
0.521824
0.590982
0.526994
0.541449
0.559428
0.522178
0.525165
0.531087
0.514982
0.525966
0.511988
0.523547
0.492702
0.514522
0.517436
0.514632
0.541641
0.493744
0.500554
0.597787
0.586837
0.592323
0.500437
0.491999
0.504378
0.519028
0.524402
0.526056
0.53612
0.534873
0.49968
0.502307
0.53474
0.535472
0.529176
0.554773
0.570106
0.523236
0.50216
0.506872
0.529025
0.527572
0.528971
0.5311
0.531842
0.504413
0.620455
0.597915
0.529307
0.525356
0.51277
0.505927
0.50843
0.519298
0.508544
0.507748
0.526438
0.498266
0.504032
0.60603
0.512808
0.513811
0.519658
0.514044
0.520775
0.506219
0.501824
0.506045
0.505099
0.50354
0.509738
0.512922
0.513946
0.577704
0.535578
0.503611
0.53399
0.564555
0.563913
0.56243
0.511731
0.525418
0.523467
0.527921
0.531336
0.526572
0.519744
0.537704
0.529479
0.518338
0.514416
0.522438
0.520883
0.518995
0.540703
0.536811
0.502032
0.511388
0.52606
0.52477
0.509163
0.531013
0.504969
0.514981
0.514947
0.513942
0.497742
0.588329
0.596856
0.497325
0.509085
0.51871
0.505028
0.513669
0.500697
0.50311
0.527104
0.536837
0.512294
0.506779
0.506459
0.509707
0.496278
0.511641
0.521726
0.508448
0.541436
0.528756
0.539668
0.531944
0.525706
0.533654
0.514767
0.510757
0.516437
0.508794
0.507339
0.51035
0.514759
0.5197
0.520451
0.52024
0.542562
0.538192
0.545203
0.534963
0.516662
0.569622
0.519074
0.525113
0.532999
0.53528
0.526254
0.534889
0.503072
0.570194
0.531623
0.527543
0.506711
0.64067
0.508105
0.511663
0.510125
0.495425
0.548431
0.530785
0.532861
0.530946
0.518749
0.525236
0.515956
0.558798
0.535119
0.5059
0.512277
0.524259
0.532771
0.503451
0.535046
0.501509
0.498742
0.504455
0.520521
0.535218
0.50029
0.522741
0.503309
0.524796
0.532464
0.532731
0.511442
0.51207
0.525672
0.510289
0.578256
0.516664
0.522198
0.503444
0.617393
0.591083
0.528873
0.588096
0.602276
0.528421
0.531609
0.536684
0.532981
0.49615
0.507528
0.523705
0.532221
0.528728
0.652387
0.523432
0.534971
0.515305
0.517069
0.521843
0.518555
0.593472
0.599535
0.495377
0.523584
0.518616
0.523245
0.515407
0.513405
0.524286
0.527846
0.523925
0.573891
0.531439
0.527682
0.520121
0.538637
0.535678
0.536783
0.523465
0.520528
0.522611
0.532985
0.529384
0.577224
0.531875
0.584107
0.51451
0.523898
0.512003
0.514363
0.539218
0.527575
0.521264
0.576212
0.556005
0.561403
0.516315
0.522088
0.566856
0.509894
0.507356
0.511867
0.526156
0.572892
0.535013
0.508377
0.514283
0.529448
0.530734
0.526279
0.529531
0.53178
0.597618
0.526437
0.52035
0.534558
0.521404
0.514111
0.53484
0.496453
0.509149
0.502786
0.509041
0.535824
0.535459
0.531332
0.523263
0.535029
0.536442
0.492166
0.614091
0.656513
0.594899
0.504615
0.507732
0.534359
0.499022
0.532756
0.534969
0.520749
0.524835
0.519952
0.535646
0.532764
0.527082
0.589096
0.523895
0.525882
0.510822
0.519183
0.511393
0.514184
0.525093
0.529201
0.516621
0.496533
0.525365
0.505177
0.504443
0.506268
0.536582
0.537484
0.497555
0.503218
0.536136
0.521793
0.519101
0.533456
0.531558
0.520921
0.546941
0.507265
0.503124
0.51497
0.522882
0.513339
0.516828
0.501783
0.5319
0.526509
0.537698
0.532892
0.57898
0.494867
0.510776
0.51069
0.509821
0.532231
0.500239
0.494625
0.611857
0.534916
0.530473
0.528995
0.501455
0.506542
0.522087
0.510593
0.535329
0.521725
0.527501
0.561058
0.547692
0.531794
0.528144
0.521698
0.535565
0.5306
0.521427
0.501376
0.518179
0.518481
0.521917
0.521966
0.527739
0.505857
0.517535
0.535885
0.493424
0.522136
0.526086
0.525813
0.524561
0.522042
0.505883
0.531241
0.494922
0.513662
0.516475
0.509071
0.512345
0.549353
0.532282
0.532263
0.534296
0.518733
0.589845
0.493211
0.517063
0.522642
0.529952
0.518787
0.492863
0.529044
0.53163
0.528012
0.525436
0.591652
0.582633
0.585579
0.508428
0.505147
0.500739
0.530297
0.522221
0.525834
0.493894
0.519654
0.518447
0.540522
0.539936
0.496223
0.534512
0.531982
0.525553
0.525964
0.525539
0.530553
0.533163
0.527736
0.534503
0.532444
0.516862
0.537954
0.534583
0.499596
0.509157
0.511294
0.506181
0.513427
0.521592
0.509238
0.625451
0.502046
0.510737
0.530863
0.53528
0.518605
0.60087
0.536126
0.519972
0.51933
0.534885
0.509184
0.509979
0.534339
0.497961
0.532774
0.529056
0.522818
0.503751
0.522609
0.521865
0.606233
0.538703
0.533205
0.523492
0.532212
0.518419
0.528768
0.534421
0.533749
0.522183
0.540192
0.529164
0.501708
0.50294
0.496224
0.531842
0.53431
0.512423
0.516255
0.512605
0.491987
0.571757
0.583189
0.527831
0.551152
0.523387
0.518324
0.530582
0.522888
0.536448
0.533217
0.512714
0.526849
0.605875
0.581159
0.605173
0.519719
0.517575
0.529789
0.496034
0.499469
0.520407
0.509611
0.553023
0.612527
0.508301
0.512607
0.529341
0.520889
0.502047
0.504388
0.50313
0.509007
0.532897
0.52954
0.53084
0.524948
0.5109
0.506624
0.541519
0.513201
0.510089
0.513235
0.597355
0.504311
0.506667
0.518185
0.516174
0.593401
0.528627
0.519731
0.522057
0.529414
0.528697
0.527415
0.534914
0.501292
0.527639
0.547024
0.623222
0.633169
0.623964
0.559317
0.546698
0.558026
0.552186
0.512424
0.508295
0.510167
0.517832
0.525268
0.498436
0.549489
0.509077
0.513493
0.535123
0.53503
0.505534
0.503622
0.534392
0.517348
0.518653
0.582495
0.536228
0.527519
0.530551
0.531957
0.529379
0.565841
0.52648
0.534439
0.531317
0.535732
0.525049
0.506709
0.489719
0.49866
0.505382
0.530083
0.525921
0.525923
0.527823
0.535243
0.679912
0.507247
0.49862
0.505443
0.503568
0.496253
0.525293
0.493551
0.521849
0.503524
0.525972
0.522962
0.531421
0.534374
0.506899
0.511238
0.597448
0.611056
0.504219
0.513304
0.523311
0.497827
0.505793
0.599015
0.503979
0.543716
0.526375
0.538768
0.536768
0.497716
0.535314
0.499276
0.502831
0.529657
0.497061
0.519838
0.551296
0.502166
0.511675
0.513583
0.533896
0.521724
0.495591
0.531517
0.506623
0.520216
0.535123
0.520367
0.494804
0.525511
0.510104
0.506799
0.511982
0.522342
0.507318
0.505621
0.495125
0.525469
0.510751
0.508072
0.59068
0.540991
0.532974
0.523279
0.540571
0.492367
0.497488
0.526894
0.512445
0.537027
0.52616
0.528041
0.504372
0.601579
0.505039
0.513182
0.504158
0.535564
0.502679
0.507505
0.558819
0.495689
0.498339
0.525116
0.514531
0.572008
0.53373
0.517775
0.537961
0.533772
0.538999
0.501796
0.526111
0.503019
0.53492
0.51675
0.53929
0.53126
0.53936
0.528037
0.517632
0.498965
0.506453
0.503045
0.504832
0.532208
0.502486
0.521678
0.530662
0.532159
0.530105
0.506399
0.513052
0.518113
0.534372
0.529241
0.526205
0.520923
0.547721
0.512826
0.533854
0.554228
0.502847
0.513642
0.50425
0.64299
0.51152
0.494673
0.525079
0.569358
0.534187
0.506903
0.503533
0.506719
0.493151
0.509935
0.53665
0.501993
0.500656
0.551587
0.491402
0.500593
0.519957
0.519722
0.617364
0.617957
0.534784
0.496382
0.53427
0.517366
0.53743
0.536938
0.518196
0.602257
0.606943
0.541259
0.536514
0.631396
0.504835
0.508585
0.5571
0.505372
0.515176
0.507156
0.538432
0.542904
0.488898
0.525853
0.545879
0.530134
0.505545
0.519803
0.518698
0.504574
0.595077
0.502036
0.553329
0.535087
0.510488
0.537346
0.585032
0.497102
0.535211
0.536812
0.511608
0.535304
0.587079
0.533853
0.524794
0.532477
0.533862
0.531733
0.537867
0.519211
0.55069
0.508111
0.503251
0.534691
0.521108
0.524645
0.536075
0.514859
0.581164
0.565165
0.532573
0.53403
0.511002
0.506572
0.624115
0.53559
0.491602
0.521707
0.522823
0.495668
0.506719
0.50917
0.516488
0.537914
0.548467
0.565003
0.53387
0.527324
0.506784
0.5641
0.570886
0.53232
0.502755
0.590358
0.579834
0.517635
0.516756
0.509476
0.50798
0.51433
0.521597
0.523866
0.511817
0.51632
0.512756
0.510823
0.507313
0.515344
0.519819
0.529155
0.514224
0.512927
0.517292
0.505707
0.507606
0.517081
0.524859
0.523979
0.528342
0.507162
0.506814
0.519197
0.518799
0.529242
0.514358
0.529032
0.522348
0.50948
0.51269
0.523159
0.637649
0.513824
0.515372
0.524056
0.515342
0.512412
0.511322
0.544768
0.507229
0.516404
0.517608
0.528815
0.518205
0.519705
0.519049
0.515946
0.513018
0.517522
0.508734
0.521428
0.497097
0.519267
0.525871
0.509641
0.567642
0.579555
0.553533
0.504347
0.500804
0.51766
0.518926
0.515691
0.517199
0.513313
0.510195
0.511454
0.619796
0.565875
0.513018
0.519665
0.515899
0.514182
0.51384
0.515118
0.511327
0.511784
0.518484
0.532655
0.511608
0.507874
0.512893
0.513222
0.51535
0.506359
0.564779
0.530099
0.517898
0.525093
0.533303
0.520726
0.513251
0.524704
0.526978
0.517079
0.517902
0.508763
0.520683
0.50041
0.511913
0.507043
0.516034
0.580802
0.516624
0.513897
0.520513
0.505708
0.50778
0.500551
0.523046
0.521779
0.530908
0.517572
0.524422
0.513962
0.52642
0.544071
0.5351
0.537144
0.564764
0.570735
0.553271
0.601127
0.511633
0.51601
0.516039
0.509056
0.507808
0.525447
0.522599
0.527149
0.519499
0.606301
0.519553
0.519677
0.518026
0.515783
0.523743
0.526194
0.530695
0.510365
0.515452
0.655914
0.517653
0.525649
0.527185
0.518201
0.519296
0.522494
0.511215
0.591394
0.552044
0.525674
0.524282
0.540334
0.519745
0.524983
0.514116
0.515192
0.570769
0.517686
0.511616
0.523776
0.517441
0.521656
0.571681
0.523378
0.525016
0.527202
0.589131
0.529396
0.519352
0.520027
0.520028
0.527556
0.563968
0.509226
0.516081
0.510469
0.519908
0.522361
0.528304
0.515767
0.51391
0.519135
0.514739
0.525366
0.529903
0.513679
0.518081
0.528891
0.51648
0.518761
0.512246
0.516964
0.517694
0.518705
0.511791
0.513468
0.579097
0.573197
0.527708
0.520078
0.508895
0.52356
0.542766
0.515156
0.506785
0.513173
0.515706
0.512767
0.515042
0.520145
0.525093
0.594304
0.511389
0.53202
0.510489
0.513681
0.526055
0.617213
0.515799
0.515137
0.521283
0.525395
0.530407
0.52036
0.524681
0.514702
0.521752
0.501007
0.517719
0.519365
0.510651
0.597887
0.592062
0.502326
0.513611
0.515815
0.522519
0.513495
0.519862
0.524844
0.510905
0.529009
0.528223
0.53134
0.512036
0.533821
0.509238
0.520951
0.524571
0.513874
0.511014
0.539992
0.510124
0.519261
0.524119
0.525453
0.514418
0.515426
0.505466
0.520695
0.514106
0.568581
0.517214
0.520762
0.516417
0.516932
0.52034
0.521467
0.517811
0.514561
0.517471
0.517718
0.527189
0.528487
0.527581
0.524782
0.524075
0.510415
0.513101
0.519966
0.511582
0.514079
0.609898
0.539328
0.531953
0.520045
0.516358
0.522875
0.509212
0.51997
0.514048
0.523367
0.513277
0.515071
0.526703
0.58826
0.524518
0.505087
0.577281
0.515111
0.586716
0.520314
0.516345
0.532296
0.514613
0.514438
0.498237
0.516208
0.515371
0.510546
0.522208
0.511608
0.506382
0.510837
0.527203
0.507177
0.528212
0.517637
0.527009
0.528195
0.520428
0.515267
0.528836
0.518592
0.546611
0.528153
0.599855
0.524883
0.515901
0.511005
0.512714
0.52522
0.521981
0.520396
0.507506
0.533162
0.520609
0.505474
0.527682
0.524551
0.521132
0.524231
0.521755
0.53212
0.525802
0.513499
0.517312
0.514908
0.512049
0.529248
0.508328
0.507737
0.527483
0.523412
0.512525
0.541592
0.501511
0.54943
0.515028
0.516673
0.516937
0.524017
0.514626
0.512065
0.577823
0.515198
0.518668
0.546914
0.58331
0.523333
0.590017
0.522389
0.527828
0.520423
0.5277
0.522624
0.528458
0.514944
0.516427
0.504235
0.510274
0.513689
0.51547
0.509896
0.521219
0.522795
0.509803
0.521106
0.510682
0.528391
0.521756
0.529419
0.520183
0.523557
0.519156
0.525029
0.507531
0.526332
0.51872
0.524071
0.596872
0.52786
0.513486
0.520549
0.5331
0.524335
0.52701
0.523801
0.516365
0.532185
0.516543
0.515956
0.58235
0.536421
0.569335
0.519883
0.516307
0.526268
0.524538
0.58685
0.51334
0.511335
0.608939
0.522246
0.50884
0.580934
0.512632
0.510702
0.538048
0.521106
0.516707
0.557902
0.531517
0.504004
0.623578
0.51584
0.532614
0.516923
0.5319
0.498911
0.50109
0.531119
0.516419
0.521402
0.502842
0.52903
0.585973
0.514307
0.532064
0.511481
0.525309
0.511743
0.509798
0.529267
0.522192
0.527176
0.518589
0.511732
0.508973
0.523897
0.511306
0.528291
0.554665
0.529767
0.504815
0.522295
0.524465
0.527753
0.551559
0.536042
0.527808
0.50584
0.533437
0.50738
0.523737
0.513305
0.634246
0.512935
0.52214
0.508069
0.527253
0.522875
0.52819
0.538602
0.512674
0.521725
0.504423
0.51704
0.518401
0.524132
0.515824
0.521378
0.520901
0.530205
0.568977
0.537015
0.53093
0.513829
0.506991
0.534989
0.524472
0.578056
0.519247
0.523082
0.529337
0.528282
0.508891
0.514957
0.536501
0.51217
0.530884
0.519801
0.517445
0.517221
0.509082
0.510841
0.520104
0.515966
0.528221
0.514914
0.520024
0.528265
0.518184
0.503489
0.516177
0.515762
0.518373
0.533211
0.529393
0.500022
0.500051
0.51483
0.531654
0.514697
0.518483
0.5981
0.526356
0.528657
0.520751
0.520103
0.509691
0.499329
0.50989
0.526682
0.518591
0.501146
0.49475
0.516902
0.515268
0.532836
0.506403
0.514027
0.515108
0.529106
0.51075
0.514982
0.500457
0.556322
0.506968
0.507922
0.527335
0.515215
0.516982
