0.527948
0.499469
0.609207
0.609345
0.64239
0.627654
0.515323
0.517406
0.638103
0.527606
0.531309
0.528984
0.506721
0.507574
0.51028
0.542889
0.53949
0.537705
0.540922
0.539231
0.512672
0.511177
0.526268
0.519918
0.57827
0.552894
0.523536
0.524246
0.525017
0.501828
0.504637
0.525894
0.521677
0.5065
0.511051
0.505439
0.622318
0.517383
0.514806
0.5225
0.517785
0.514426
0.519975
0.526539
0.527558
0.531671
0.503514
0.541214
0.53316
0.51071
0.509101
0.509604
0.501362
0.508821
0.529605
0.525268
0.514652
0.520007
0.50571
0.509
0.509084
0.50388
0.51101
0.506412
0.527542
0.529426
0.520953
0.51931
0.5212
0.596517
0.59497
0.607023
0.536491
0.530964
0.516119
0.507179
0.506939
0.500285
0.528359
0.530919
0.516446
0.508393
0.51201
0.525132
0.526844
0.512037
0.51597
0.504558
0.505969
0.518318
0.511399
0.496246
0.503192
0.538787
0.538659
0.515567
0.509219
0.513265
0.515039
0.515723
0.617791
0.61455
0.52395
0.523209
0.524357
0.507296
0.506107
0.50919
0.508033
0.521572
0.523342
0.521152
0.51162
0.522981
0.528526
0.526362
0.517771
0.515726
0.512136
0.510849
0.534911
0.5235
0.599486
0.606408
0.516401
0.515077
0.538906
0.542164
0.519297
0.517839
0.51751
0.506707
0.508492
0.517243
0.509249
0.52905
0.527005
0.494702
0.501476
0.499398
0.499786
0.50433
0.61816
0.635798
0.65335
0.532703
0.548076
0.533613
0.530635
0.514372
0.506694
0.514155
0.532964
0.52208
0.544843
0.530858
0.521311
0.500679
0.505022
0.514267
0.528215
0.531719
0.589483
0.583441
0.517815
0.50742
0.512887
0.508482
0.527225
0.524223
0.528056
0.508127
0.511964
0.505503
0.530332
0.551766
0.556224
0.566753
0.501849
0.492867
0.500758
0.531367
0.53243
0.53052
0.523967
0.504106
0.492986
0.497907
0.524347
0.500773
0.510353
0.509646
0.497091
0.497452
0.500969
0.506905
0.53612
0.629459
0.594237
0.585303
0.533091
0.524089
0.52919
0.508157
0.505648
0.521979
0.523567
0.521862
0.517973
0.509847
0.51607
0.52001
0.518783
0.540086
0.532589
0.497014
0.499034
0.502469
0.515308
0.520226
0.513875
0.518808
0.519362
0.52457
0.521885
0.588685
0.566485
0.564215
0.502856
0.501774
0.496099
0.53335
0.527676
0.529363
0.531873
0.535767
0.53441
0.518857
0.518862
0.518199
0.529273
0.617316
0.519087
0.518006
0.61384
0.588218
0.599325
0.533773
0.530526
0.499966
0.506331
0.51599
0.519282
0.520343
0.514312
0.510341
0.534033
0.511519
0.508241
0.515573
0.517568
0.514671
0.526372
0.532148
0.519323
0.52044
0.521437
0.505283
0.522556
0.52765
0.545289
0.511642
0.513412
0.522049
0.506956
0.508714
0.503852
0.507851
0.51185
0.514278
0.520342
0.498437
0.644542
0.621694
0.580259
0.513459
0.503332
0.512839
0.534251
0.528738
0.527257
0.522126
0.51752
0.531276
0.552276
0.526495
0.532804
0.528175
0.519635
0.514684
0.504034
0.53212
0.533848
0.523416
0.519581
0.522463
0.52462
0.520487
0.54146
0.546873
0.551637
0.51406
0.524353
0.524735
0.520179
0.522614
0.526388
0.522399
0.521994
0.516327
0.496107
0.500699
0.518896
0.516587
0.504775
0.535654
0.513305
0.62602
0.51636
0.506377
0.5221
0.512771
0.541451
0.542508
0.548621
0.534161
0.527374
0.499599
0.538657
0.532323
0.504011
0.505341
0.550174
0.523042
0.532404
0.513782
0.518314
0.51464
0.524293
0.502902
0.533187
0.504771
0.506211
0.503551
0.532078
0.504998
0.507921
0.514403
0.513507
0.516675
0.551508
0.521146
0.523798
0.521223
0.517791
0.523783
0.526903
0.52386
0.571562
0.527735
0.526216
0.497522
0.505442
0.519373
0.508837
0.513512
0.534336
0.51101
0.519789
0.495656
0.50092
0.539666
0.503218
0.508127
0.525002
0.523871
0.500988
0.522317
0.514196
0.515428
0.513497
0.517338
0.510809
0.510265
0.516252
0.540713
0.567457
0.560637
0.619491
0.602312
0.633515
0.618427
0.498735
0.502609
0.512916
0.53085
0.510475
0.51092
0.514529
0.532164
0.533972
0.536884
0.53544
0.528423
0.503347
0.505746
0.544963
0.514509
0.515764
0.515307
0.521128
0.526414
0.524674
0.529241
0.525342
0.578225
0.519872
0.497866
0.534476
0.530446
0.533849
0.519393
0.523791
0.521662
0.519286
0.504484
0.517758
0.523527
0.523686
0.517086
0.521277
0.522804
0.52099
0.517526
0.53412
0.529918
0.534474
0.517317
0.510523
0.504478
0.504385
0.492179
0.533835
0.53028
0.606757
0.570797
0.523028
0.526721
0.518259
0.57785
0.605275
0.534576
0.529349
0.51613
0.522681
0.515348
0.511307
0.531937
0.530968
0.529866
0.521962
0.505603
0.497564
0.502954
0.520236
0.517184
0.605929
0.590762
0.495263
0.50147
0.550366
0.51343
0.506472
0.505735
0.534893
0.530878
0.524952
0.593257
0.527388
0.525221
0.522432
0.528603
0.515214
0.512322
0.513369
0.509783
0.497491
0.504274
0.534075
0.535841
0.5079
0.521166
0.520286
0.51103
0.504723
0.508707
0.501936
0.501664
0.538613
0.533462
0.529959
0.549402
0.502172
0.526096
0.497324
0.493062
0.493842
0.502311
0.49735
0.519566
0.544099
0.54472
0.653802
0.634009
0.533648
0.531357
0.509839
0.500405
0.506841
0.500862
0.542778
0.537644
0.536721
0.579548
0.599637
0.60965
0.625876
0.532585
0.532994
0.503628
0.507685
0.502253
0.495432
0.50017
0.639495
0.515032
0.51895
0.506841
0.511341
0.51702
0.520762
0.522703
0.514082
0.524716
0.51607
0.519394
0.52431
0.523719
0.612662
0.493176
0.512139
0.508905
0.517596
0.518644
0.517233
0.518365
0.490125
0.526421
0.518467
0.505475
0.508378
0.506508
0.502653
0.502339
0.506486
0.518892
0.510453
0.50579
0.533811
0.548298
0.52981
0.514562
0.508726
0.5114
0.512835
0.509447
0.510136
0.509236
0.511971
0.521584
0.511024
0.517164
0.508253
0.522709
0.604959
0.52493
0.548413
0.549365
0.504686
0.507257
0.525893
0.532109
0.506749
0.53543
0.534231
0.508926
0.508296
0.60928
0.606618
0.517046
0.515599
0.51733
0.491349
0.51749
0.498958
0.541381
0.511404
0.50456
0.530371
0.52846
0.511296
0.525205
0.515896
0.5499
0.509749
0.504683
0.532912
0.501639
0.518808
0.511494
0.512902
0.530753
0.535029
0.577346
0.532443
0.514963
0.510017
0.513012
0.533204
0.529171
0.527269
0.525313
0.51745
0.513251
0.525419
0.52305
0.564441
0.505195
0.507591
0.503206
0.524943
0.535
0.529243
0.527873
0.534817
0.500213
0.502575
0.50885
0.52093
0.539336
0.510049
0.511533
0.506847
0.521977
0.523052
0.505499
0.523884
0.531772
0.531121
0.505874
0.500321
0.501318
0.512572
0.514826
0.513647
0.521951
0.524613
0.617973
0.637068
0.513046
0.527169
0.567906
0.515435
0.509749
0.534014
0.53068
0.527901
0.543152
0.546446
0.507147
0.51659
0.517116
0.520302
0.603544
0.497472
0.503813
0.515453
0.516087
0.517805
0.573064
0.525774
0.533941
0.499711
0.504005
0.535516
0.561648
0.556191
0.513676
0.49826
0.514872
0.503043
0.531689
0.53151
0.536136
0.530993
0.532782
0.501888
0.562618
0.571689
0.527376
0.523259
0.518867
0.500261
0.498006
0.561524
0.514456
0.512048
0.510263
0.517723
0.495336
0.501381
0.532223
0.531735
0.611628
0.58934
0.525413
0.514778
0.511728
0.518104
0.521485
0.505197
0.494348
0.504228
0.497481
0.513447
0.514603
0.534876
0.500627
0.505495
0.526704
0.574565
0.555382
0.524656
0.526808
0.522444
0.520423
0.517919
0.521148
0.545146
0.541619
0.511271
0.523081
0.522649
0.50847
0.505742
0.500047
0.516045
0.51505
0.515032
0.514727
0.497584
0.505065
0.514513
0.505346
0.512589
0.515527
0.519086
0.50509
0.498195
0.502065
0.537094
0.540197
0.543353
0.509201
0.505967
0.507763
0.50894
0.514806
0.53383
0.5169
0.529584
0.533493
0.536883
0.527359
0.536737
0.526754
0.514211
0.508406
0.515601
0.505508
0.506431
0.505367
0.51757
0.517536
0.530969
0.530785
0.521222
0.520072
0.53815
0.517012
0.536103
0.538664
0.534408
0.567447
0.499335
0.530794
0.523072
0.519584
0.527888
0.53633
0.50555
0.611186
0.52662
0.496753
0.50904
0.549407
0.505973
0.505794
0.519305
0.506988
0.506917
0.518354
0.493513
0.559479
0.546332
0.522319
0.547619
0.544521
0.517007
0.514268
0.503639
0.532009
0.529311
0.521928
0.560593
0.505622
0.51322
0.531946
0.537851
0.532884
0.535538
0.533269
0.500249
0.503537
0.536415
0.533685
0.527012
0.516
0.523018
0.498283
0.50123
0.518554
0.500588
0.510275
0.493446
0.49736
0.535282
0.51117
0.536821
0.533459
0.591901
0.525695
0.522754
0.502746
0.542504
0.575345
0.515208
0.519419
0.494011
0.508862
0.521168
0.522851
0.51777
0.577923
0.578342
0.538477
0.523303
0.506165
0.508435
0.507187
0.536131
0.495991
0.505023
0.503326
0.539748
0.531524
0.521586
0.497654
0.602058
0.535899
0.531816
0.509136
0.516783
0.505761
0.521671
0.518311
0.554555
0.497108
0.523512
0.520604
0.535276
0.52927
0.534923
0.548976
0.521992
0.517066
0.519974
0.495388
0.588269
0.517902
0.524189
0.524107
0.527695
0.526288
0.626974
0.521877
0.53495
0.504857
0.531236
0.526697
0.530413
0.583269
0.56824
0.572617
0.511328
0.539891
0.520816
0.519228
0.539397
0.55764
0.52054
0.568417
0.505641
0.512765
0.508833
0.574494
0.500534
0.511805
0.536442
0.532767
0.640355
0.506472
0.514488
0.506601
0.524946
0.529936
0.529129
0.507805
0.642375
0.531508
0.525401
0.522949
0.52292
0.521434
0.534739
0.532132
0.497296
0.508241
0.522222
0.515389
0.532566
0.50151
0.507975
0.535345
0.534459
0.530154
0.526837
0.550821
0.523435
0.566575
0.535071
0.521187
0.50848
0.53807
0.530162
0.590728
0.497488
0.495861
0.501145
0.531442
0.518465
0.550399
0.52696
0.541765
0.52313
0.523932
0.52257
0.52143
0.590565
0.519247
0.524567
0.510629
0.516852
0.521897
0.492301
0.517593
0.525835
0.529837
0.506117
0.539072
0.533038
0.5379
0.509278
0.537192
0.534642
0.535296
0.529802
0.518803
0.501078
0.51728
0.513583
0.503338
0.505262
0.512681
0.517583
0.518546
0.527226
0.558643
0.513304
0.517272
0.531277
0.504043
0.53591
0.508617
0.499369
0.559149
0.525081
0.492446
0.498503
0.512991
0.49286
0.556579
0.553984
0.522377
0.519595
0.534265
0.536036
0.49622
0.506099
0.532613
0.603362
0.600272
0.616694
0.490842
0.53947
0.538754
0.56443
0.558327
0.533772
0.53946
0.499315
0.504759
0.535426
0.532302
0.520207
0.584998
0.536802
0.522232
0.519235
0.518042
0.524736
0.502817
0.49306
0.529945
0.528629
0.522937
0.505215
0.508984
0.530188
0.531953
0.491214
0.52098
0.522569
0.511664
0.511922
0.52168
0.523321
0.500874
0.521291
0.5288
0.526387
0.635362
0.491052
0.51722
0.620756
0.530155
0.560558
0.522975
0.51824
0.519726
0.497801
0.515361
0.507812
0.53272
0.528171
0.527775
0.50593
0.508711
0.532902
0.533649
0.526915
0.506864
0.503161
0.500814
0.528804
0.522175
0.518925
0.52444
0.523131
0.495844
0.51947
0.529558
0.535883
0.511144
0.517722
0.532662
0.517381
0.511758
0.511698
0.505177
0.518164
0.577992
0.501487
0.495878
0.504824
0.521381
0.530989
0.53574
0.567538
0.600136
0.582676
0.515281
0.520589
0.579729
0.508065
0.530963
0.580587
0.525482
0.536227
0.529608
0.535699
0.522735
0.522506
0.534867
0.529882
0.495214
0.523085
0.530855
0.534264
0.547806
0.523894
0.520708
0.523369
0.504321
0.490957
0.507308
0.492174
0.566987
0.533628
0.528261
0.555364
0.521265
0.536059
0.531352
0.510498
0.50833
0.513164
0.523073
0.536523
0.534561
0.525229
0.50057
0.521987
0.52823
0.525808
0.510468
0.519763
0.535292
0.588447
0.561389
0.508319
0.508141
0.518468
0.520412
0.497213
0.504949
0.532327
0.534603
0.534036
0.534556
0.53196
0.519135
0.539814
0.541845
0.530128
0.512621
0.510446
0.52971
0.50216
0.506847
0.515612
0.534149
0.52064
0.529179
0.492905
0.521634
0.518562
0.51806
0.518784
0.528499
0.529409
0.53465
0.518408
0.541059
0.533687
0.557795
0.550209
0.498839
0.588054
0.519289
0.525455
0.522303
0.496765
0.553679
0.5074
0.494685
0.534208
0.537093
0.531759
0.521029
0.528334
0.498303
0.503765
0.516438
0.535159
0.532276
0.515216
0.597879
0.528695
0.528536
0.530919
0.539643
0.57085
0.506511
0.526368
0.525824
0.596063
0.500797
0.537903
0.513385
0.514432
0.506856
0.491087
0.501934
0.505965
0.514908
0.536184
0.53165
0.519187
0.526097
0.529855
0.522917
0.554336
0.505832
0.497949
0.534049
0.523233
0.505621
0.509582
0.4958
0.533138
0.524178
0.523002
0.535557
0.496157
0.495063
0.493372
0.534682
0.520218
0.499648
0.521506
0.500936
0.573011
0.505795
0.53033
0.557492
0.589526
0.51952
0.503954
0.504964
0.513279
0.522324
0.499587
0.510772
0.549831
0.505409
0.54281
0.531138
0.532466
0.525785
0.540039
0.533979
0.533101
0.532474
0.50385
0.524405
0.491435
0.50749
0.518604
0.497122
0.510921
0.532329
0.491065
0.508931
0.525478
0.532312
0.52724
0.523648
0.5279
0.51169
0.522839
0.522725
0.540313
0.523738
0.531914
0.490734
0.529844
0.627926
0.523917
0.504618
0.58319
0.511026
0.503329
0.53417
0.502533
0.506177
0.543647
0.524952
0.513735
0.503298
0.565388
0.533911
0.516943
0.497686
0.550778
0.524515
0.533945
0.541112
0.538274
0.540092
0.501972
0.502311
0.502439
0.531911
0.549933
0.525712
0.526745
0.503724
0.532437
0.503239
0.520352
0.540464
0.523991
0.531547
0.528731
0.513205
0.517735
0.529572
0.623798
0.535391
0.532246
0.530691
0.52047
0.535416
0.532252
0.511591
0.512751
0.525342
0.514281
0.529277
0.531291
0.50206
0.501853
0.566445
0.513242
0.53529
0.494625
0.524207
0.501286
0.530196
0.500493
0.502868
0.527512
0.498342
0.524834
0.526575
0.560238
0.536175
0.530668
0.587018
0.549198
0.498432
0.519183
0.520142
0.518149
0.535777
0.496145
0.534349
0.537485
0.492398
0.534951
0.537792
0.520866
0.535661
0.541403
0.534319
0.509185
0.512761
0.54282
0.505405
0.515561
0.513333
0.506227
0.538118
0.491222
0.534293
0.554179
0.525854
0.572147
0.532951
0.501964
0.503656
0.51775
0.499948
0.584676
0.499745
0.515336
0.494755
0.533111
0.501776
0.50624
0.501286
0.531871
0.50519
0.529905
0.492634
0.534409
0.532819
0.508739
0.53752
0.533144
0.523374
0.609985
0.534151
0.494646
0.532152
0.537658
0.520535
0.549682
0.506077
0.509327
0.511219
0.516313
0.531861
0.510986
0.536434
0.5158
0.497283
0.524758
0.531318
0.521345
0.53646
0.496044
0.521752
0.504634
0.548549
0.538019
0.535147
0.523792
0.499891
0.537128
0.497676
0.524812
0.536273
0.528883
0.535047
0.536949
0.505967
0.528494
0.57404
0.634948
0.557255
0.597903
0.507627
0.502323
0.509151
0.512301
0.518971
0.52306
0.521552
0.521879
0.509187
0.515511
0.515668
0.50849
0.517388
0.520778
0.509592
0.515025
0.516262
0.510304
0.507058
0.62273
0.508419
0.527927
0.51815
0.53134
0.533475
0.509902
0.512066
0.51215
0.51382
0.514978
0.516902
0.523686
0.513666
0.512815
0.508811
0.52475
0.511783
0.518806
0.543468
0.518039
0.519537
0.514787
0.525675
0.519009
0.518483
0.517826
0.518929
0.518963
0.510832
0.511339
0.510395
0.512867
0.519198
0.520834
0.520432
0.524185
0.508193
0.519714
0.510121
0.52248
0.517786
0.516136
0.517996
0.510722
0.529127
0.502695
0.541303
0.506978
0.509935
0.516736
0.518562
0.517509
0.514321
0.513899
0.515942
0.520346
0.520623
0.512596
0.511239
0.589254
0.557047
0.509401
0.508349
0.519353
0.509107
0.508215
0.522805
0.519165
0.508111
0.549568
0.535471
0.514583
0.518216
0.603561
0.575242
0.526824
0.509196
0.505807
0.521678
0.52526
0.511059
0.563457
0.541384
0.516625
0.515376
0.510403
0.512123
0.507093
0.513698
0.513727
0.513933
0.516132
0.584328
0.51143
0.51616
0.512783
0.50071
0.520732
0.504324
0.51886
0.545075
0.525368
0.528046
0.514823
0.518281
0.527918
0.510643
0.543323
0.537811
0.539595
0.552228
0.512792
0.612569
0.595204
0.625701
0.515595
0.528822
0.51475
0.51587
0.512499
0.507726
0.58328
0.523827
0.521447
0.506638
0.524802
0.518773
0.533441
0.514282
0.515141
0.51364
0.523712
0.514897
0.524011
0.529712
0.512905
0.542807
0.512942
0.547241
0.537847
0.548936
0.543043
0.49967
0.526101
0.524334
0.51696
0.523414
0.515943
0.520751
0.5129
0.509523
0.601149
0.555191
0.520074
0.522077
0.545988
0.516073
0.51624
0.50919
0.512125
0.513855
0.506406
0.522408
0.513976
0.509978
0.510836
0.523741
0.528712
0.526505
0.516107
0.514248
0.519077
0.523521
0.521313
0.520356
0.52109
0.520246
0.54898
0.53341
0.508325
0.50876
0.520722
0.511424
0.545193
0.529168
0.531411
0.510548
0.52866
0.543816
0.514876
0.513884
0.524047
0.516464
0.512712
0.537662
0.538986
0.521607
0.533017
0.517417
0.514194
0.504602
0.514583
0.514443
0.533697
0.515173
0.51988
0.52013
0.555329
0.518292
0.513208
0.527724
0.517254
0.515403
0.515382
0.513127
0.516076
0.519917
0.516138
0.505378
0.521504
0.523516
0.514789
0.589603
0.521137
0.509288
0.518338
0.51099
0.51509
0.503965
0.511445
0.511376
0.521695
0.522507
0.526601
0.525759
0.53122
0.515029
0.539222
0.531949
0.498717
0.525514
0.510316
0.512285
0.5081
0.526976
0.507227
0.517817
0.521585
0.517205
0.559518
0.551579
0.51622
0.520644
0.513824
0.517703
0.514064
0.514141
0.529572
0.530997
0.523934
0.525154
0.523415
0.512134
0.512846
0.525003
0.513958
0.523974
0.516083
0.510132
0.604906
0.512689
0.509658
0.615084
0.514536
0.526328
0.511319
0.524278
0.504353
0.522975
0.510633
0.517622
0.550541
0.546658
0.51583
0.523719
0.510568
0.509628
0.522527
0.510012
0.512957
0.521996
0.511178
0.508019
0.513746
0.527633
0.51855
0.528743
0.527288
0.534525
0.531495
0.54052
0.537838
0.536754
0.526886
0.542261
0.509107
0.516274
0.509593
0.511317
0.583289
0.523296
0.517854
0.583402
0.517338
0.519357
0.527969
0.51131
0.519425
0.515294
0.524801
0.528731
0.525838
0.514733
0.517503
0.512438
0.526579
0.532205
0.50783
0.524383
0.528976
0.515548
0.519339
0.520928
0.519801
0.52619
0.524573
0.528424
0.523313
0.587179
0.518742
0.528563
0.564092
0.533367
0.505882
0.570362
0.552853
0.626465
0.545977
0.514112
0.535433
0.527768
0.506477
0.54926
0.510962
0.510705
0.528894
0.50562
0.51086
0.583978
0.52637
0.530432
0.528372
0.531079
0.531402
0.620197
0.535564
0.532323
0.523284
0.535867
0.512452
0.526667
0.502171
0.523978
0.583754
0.526562
0.510791
0.52841
0.524366
0.497861
0.517396
0.51076
0.513412
0.533291
0.506431
0.576174
0.518334
0.51422
0.517022
0.516768
0.523547
0.525012
0.532039
0.540177
0.510299
0.523604
0.528648
0.542954
0.520569
0.517175
0.507518
0.620997
0.536933
0.529618
0.505951
0.501325
0.539406
0.517185
0.525278
0.524942
0.51057
0.512901
0.515841
0.53045
0.519706
0.611234
0.6108
0.596398
0.498143
0.523509
0.51994
0.534291
0.518552
0.523489
0.519581
0.51663
0.613062
0.521711
0.536201
0.524986
0.510052
0.513949
0.514232
0.5223
0.498367
0.570587
0.525341
0.513152
0.513659
0.50711
0.528196
0.518885
0.530467
0.520227
0.515429
0.52226
0.527854
0.521696
0.550609
0.522059
0.530986
0.519169
0.518255
0.595709
0.526085
0.533826
0.532688
0.50279
0.532104
0.55975
0.536559
0.524996
0.518849
0.514811
0.556386
0.516854
0.511493
0.514993
0.50529
0.516617
0.512874
0.520416
0.497278
0.523382
0.529408
0.513249
0.528328
0.537888
0.509428
0.521324
0.521783
0.521547
0.520639
0.537903
0.510297
0.522443
0.524482
0.512067
0.526149
0.521718
0.528217
0.518783
0.525286
0.499304
0.54252
0.496634
0.526833
0.530089
0.51691
0.570778
0.539477
0.509183
0.5184
0.502442
0.51401
0.518126
0.540138
0.526434
0.543828
0.516654
0.502863
0.515913
0.508424
0.507189
0.530406
0.51968
0.521854
0.524305
0.517163
0.512928
0.510057
0.526431
0.530962
0.515802
0.502481
0.514724
