0.505316
0.602536
0.588566
0.51336
0.515722
0.531085
0.530515
0.533316
0.51492
0.526692
0.492174
0.49996
0.510973
0.510457
0.545755
0.512228
0.513368
0.521281
0.513087
0.511452
0.515073
0.52462
0.507578
0.512451
0.513957
0.524982
0.519977
0.522633
0.511797
0.507775
0.511443
0.63059
0.637511
0.511068
0.520204
0.585321
0.581239
0.527568
0.526625
0.519844
0.516668
0.529253
0.527636
0.507546
0.502212
0.511965
0.541314
0.532885
0.50777
0.53012
0.512178
0.515483
0.518377
0.505548
0.501143
0.509446
0.508186
0.520683
0.52078
0.595555
0.5682
0.579125
0.499444
0.505668
0.518471
0.512618
0.51218
0.595051
0.509653
0.498922
0.503481
0.544628
0.536523
0.588327
0.568468
0.519899
0.516537
0.515
0.519445
0.517228
0.592239
0.578581
0.570978
0.523548
0.528785
0.536876
0.506154
0.508522
0.527241
0.521908
0.508066
0.518931
0.520013
0.518246
0.517087
0.511631
0.536054
0.51522
0.51003
0.530841
0.52107
0.520041
0.552183
0.547939
0.517596
0.517403
0.520304
0.520658
0.522918
0.604534
0.593767
0.539004
0.509149
0.506167
0.541289
0.526042
0.521652
0.515889
0.513551
0.544368
0.518982
0.518702
0.51698
0.513234
0.530525
0.532104
0.517399
0.512556
0.518781
0.502543
0.502196
0.511303
0.591404
0.537774
0.534538
0.527643
0.503169
0.50368
0.533555
0.536773
0.529481
0.548043
0.543556
0.509155
0.505629
0.526469
0.495715
0.504146
0.51439
0.51212
0.554687
0.55476
0.52499
0.531498
0.526622
0.526643
0.528906
0.527377
0.58709
0.587208
0.521138
0.520081
0.518511
0.511223
0.510805
0.511169
0.504711
0.535325
0.533711
0.507835
0.501185
0.50815
0.522685
0.5181
0.534025
0.531464
0.547642
0.49926
0.493749
0.535838
0.524976
0.504261
0.518317
0.526807
0.511084
0.522838
0.516936
0.502032
0.497484
0.500808
0.507346
0.536456
0.52989
0.559888
0.577328
0.576421
0.581024
0.536375
0.528875
0.520055
0.509052
0.507725
0.504339
0.520264
0.531822
0.530966
0.577976
0.513895
0.515729
0.516783
0.588926
0.539962
0.535475
0.496345
0.50033
0.498145
0.500196
0.509692
0.506079
0.514273
0.518913
0.514901
0.517759
0.518911
0.525427
0.521637
0.526619
0.524309
0.59084
0.574933
0.573473
0.55941
0.5558
0.507176
0.518693
0.519454
0.529035
0.532455
0.529382
0.537199
0.496388
0.502527
0.527754
0.565005
0.567516
0.518424
0.515913
0.570216
0.533587
0.512131
0.511738
0.513986
0.511592
0.500466
0.511302
0.509239
0.536296
0.508685
0.503222
0.518333
0.524544
0.520249
0.529586
0.532261
0.507919
0.556678
0.566488
0.510696
0.513539
0.51144
0.517987
0.512905
0.520802
0.507168
0.506965
0.500964
0.524997
0.524869
0.523008
0.520114
0.647194
0.657581
0.642876
0.511338
0.51959
0.523722
0.527124
0.493416
0.545589
0.518954
0.509744
0.525559
0.513983
0.510775
0.524415
0.522068
0.583057
0.583571
0.571443
0.515802
0.526213
0.522202
0.523963
0.525134
0.517459
0.522298
0.522523
0.517527
0.497401
0.502919
0.499376
0.513658
0.512927
0.501825
0.536486
0.521366
0.547659
0.550616
0.534087
0.541281
0.514338
0.51023
0.515015
0.509386
0.520653
0.513925
0.555091
0.542263
0.557954
0.541055
0.535923
0.530551
0.538378
0.532218
0.557075
0.521361
0.536608
0.532288
0.512787
0.516805
0.515458
0.520802
0.524128
0.530359
0.501316
0.531422
0.533451
0.528655
0.515506
0.515004
0.516441
0.521742
0.523199
0.520028
0.516411
0.515094
0.500346
0.503582
0.499503
0.508973
0.524169
0.503964
0.521743
0.514961
0.528264
0.526078
0.525746
0.543377
0.512827
0.532866
0.503526
0.498174
0.497614
0.51655
0.514021
0.495984
0.511068
0.508117
0.53281
0.524958
0.522379
0.524209
0.515895
0.521165
0.518031
0.516887
0.525475
0.521995
0.502082
0.575801
0.570239
0.543661
0.547847
0.58512
0.591588
0.592666
0.497258
0.500738
0.506366
0.504196
0.522007
0.513239
0.509621
0.532289
0.510491
0.509337
0.514526
0.516929
0.520071
0.530603
0.527383
0.531733
0.532863
0.536023
0.530548
0.502612
0.504508
0.542081
0.539377
0.515142
0.512822
0.525724
0.528289
0.531564
0.528499
0.527733
0.60557
0.587739
0.502604
0.506913
0.538592
0.534012
0.521543
0.521999
0.505073
0.518664
0.522092
0.52447
0.518269
0.521336
0.497591
0.5322
0.528574
0.534808
0.50517
0.511899
0.504919
0.549631
0.49269
0.529606
0.529787
0.601095
0.520419
0.523796
0.530443
0.518225
0.580166
0.500843
0.505118
0.538733
0.513232
0.528038
0.517925
0.508887
0.510273
0.520116
0.517013
0.516552
0.525462
0.520963
0.523713
0.525884
0.52326
0.591673
0.612232
0.503025
0.549276
0.515586
0.582587
0.563347
0.502027
0.509939
0.536473
0.524444
0.534582
0.530467
0.583942
0.527615
0.513791
0.507721
0.499653
0.509748
0.512807
0.507387
0.511168
0.499815
0.499212
0.5419
0.536175
0.545016
0.526004
0.50201
0.499686
0.536069
0.526812
0.514594
0.563555
0.534891
0.538283
0.512641
0.50942
0.506251
0.503129
0.575139
0.542265
0.544155
0.524048
0.54746
0.540929
0.524346
0.531475
0.535744
0.52771
0.504473
0.508233
0.503396
0.49215
0.499151
0.565533
0.517486
0.505422
0.514128
0.509457
0.514452
0.516373
0.520597
0.518612
0.524159
0.516362
0.515791
0.514405
0.515526
0.581275
0.528231
0.52551
0.525827
0.50153
0.50519
0.499214
0.577217
0.488972
0.527819
0.510329
0.516777
0.507069
0.505307
0.517995
0.518986
0.537054
0.533713
0.506735
0.503858
0.509856
0.530406
0.53257
0.526697
0.509273
0.531307
0.523997
0.52126
0.511651
0.503598
0.527296
0.563628
0.56214
0.533803
0.506011
0.507933
0.517828
0.509785
0.510996
0.509587
0.509153
0.510801
0.522228
0.510297
0.509914
0.607922
0.631877
0.524456
0.497758
0.558717
0.559162
0.563603
0.503124
0.527831
0.538295
0.535309
0.523192
0.51218
0.510612
0.516223
0.517133
0.577176
0.516919
0.493549
0.511737
0.504341
0.535423
0.529952
0.547426
0.527707
0.510678
0.571936
0.568938
0.532205
0.513683
0.519809
0.509113
0.563713
0.560185
0.510529
0.515339
0.508505
0.533045
0.536124
0.531738
0.523817
0.524636
0.519592
0.518269
0.568124
0.509642
0.502268
0.535101
0.528263
0.52981
0.535812
0.508844
0.522694
0.539405
0.534396
0.510249
0.516614
0.50963
0.521898
0.527439
0.521699
0.523531
0.507718
0.506855
0.528576
0.511261
0.513805
0.607023
0.535081
0.548096
0.535524
0.540291
0.532989
0.511775
0.524258
0.555454
0.554674
0.522493
0.505882
0.511529
0.519145
0.533872
0.52922
0.529663
0.523801
0.53815
0.505957
0.539647
0.535316
0.513651
0.497579
0.501828
0.504894
0.520124
0.517747
0.518394
0.558833
0.557791
0.533361
0.525656
0.49935
0.559958
0.557519
0.537429
0.508266
0.492216
0.497898
0.514436
0.513041
0.501208
0.530749
0.530943
0.53045
0.536465
0.535478
0.53551
0.531085
0.58628
0.501654
0.520916
0.497687
0.599659
0.510969
0.517318
0.526887
0.599545
0.584869
0.601435
0.521598
0.512265
0.512407
0.492951
0.498254
0.50322
0.531766
0.531141
0.488232
0.516316
0.548197
0.496675
0.499733
0.533265
0.576291
0.503121
0.573684
0.571934
0.507981
0.50543
0.535436
0.528942
0.522774
0.525943
0.524216
0.522673
0.522432
0.516022
0.542112
0.54107
0.497418
0.51195
0.516531
0.514417
0.516679
0.501942
0.581362
0.606222
0.497872
0.49699
0.503074
0.51558
0.508377
0.51327
0.515485
0.517807
0.514153
0.501167
0.506546
0.50765
0.610088
0.494405
0.514755
0.519052
0.515609
0.516268
0.544643
0.536474
0.536925
0.534773
0.518954
0.517548
0.530647
0.528235
0.52839
0.502518
0.512121
0.505175
0.51666
0.496914
0.516429
0.494468
0.532657
0.518705
0.520597
0.538612
0.516761
0.537813
0.536062
0.537444
0.532582
0.551571
0.504622
0.555895
0.555668
0.511964
0.498584
0.50168
0.531801
0.517284
0.525845
0.536985
0.53086
0.594347
0.515287
0.506419
0.493925
0.50348
0.509266
0.594168
0.623015
0.505898
0.520262
0.519577
0.502228
0.504911
0.517638
0.552137
0.563335
0.558047
0.547884
0.516389
0.51608
0.506185
0.519939
0.521423
0.5232
0.50221
0.504851
0.525068
0.535552
0.532153
0.489676
0.501987
0.507601
0.533052
0.53845
0.518904
0.536317
0.507019
0.495016
0.503094
0.532322
0.508091
0.507265
0.533171
0.540729
0.511132
0.504111
0.524884
0.526599
0.52297
0.530339
0.569629
0.525631
0.524164
0.502687
0.513809
0.517259
0.573582
0.49765
0.502376
0.508724
0.524741
0.517628
0.57747
0.567742
0.52793
0.533359
0.535267
0.531267
0.499708
0.499866
0.523855
0.524187
0.508038
0.534588
0.502132
0.500762
0.510936
0.576869
0.539441
0.590656
0.522965
0.49715
0.515467
0.538114
0.531681
0.5157
0.504912
0.520354
0.518415
0.529722
0.490515
0.522696
0.551697
0.527254
0.529028
0.529018
0.556461
0.592321
0.546077
0.522113
0.528813
0.525877
0.520122
0.525621
0.513309
0.508303
0.50273
0.527928
0.520161
0.536898
0.529501
0.527298
0.524415
0.509252
0.511471
0.540321
0.537406
0.525718
0.569107
0.506398
0.500798
0.511248
0.538794
0.504957
0.514263
0.53217
0.528654
0.532977
0.502674
0.504631
0.605912
0.520677
0.519047
0.533062
0.503831
0.535983
0.516192
0.532123
0.526606
0.546504
0.562494
0.534423
0.531431
0.52625
0.532086
0.510561
0.518355
0.512556
0.539782
0.535955
0.575004
0.497253
0.541632
0.533918
0.496426
0.505104
0.51901
0.55149
0.552386
0.497193
0.558013
0.522391
0.522336
0.531507
0.593156
0.508491
0.510602
0.527871
0.532492
0.506245
0.508129
0.538931
0.532947
0.536723
0.529971
0.540382
0.498162
0.496769
0.515241
0.518949
0.606382
0.513268
0.523235
0.517742
0.563392
0.510329
0.519691
0.504656
0.510899
0.537841
0.501113
0.496259
0.520333
0.560466
0.525325
0.502652
0.505131
0.513331
0.532156
0.64798
0.582184
0.523786
0.518693
0.523153
0.530504
0.495959
0.520288
0.515483
0.510411
0.509973
0.533542
0.579862
0.524114
0.540033
0.539353
0.494897
0.503431
0.558355
0.562785
0.573628
0.539175
0.528752
0.524979
0.590883
0.537052
0.519858
0.525547
0.514112
0.520154
0.533
0.506658
0.492112
0.521115
0.497279
0.529573
0.523486
0.522453
0.505567
0.507695
0.499952
0.530225
0.534294
0.491582
0.530843
0.505839
0.518057
0.49349
0.491369
0.522002
0.493114
0.498188
0.5335
0.532766
0.528929
0.571805
0.578839
0.534064
0.532007
0.491499
0.530671
0.521551
0.509156
0.520354
0.533221
0.536331
0.518979
0.524915
0.508021
0.504254
0.506166
0.537376
0.503346
0.5287
0.541324
0.530842
0.522341
0.526686
0.497315
0.534242
0.497164
0.514047
0.51648
0.518742
0.497714
0.56067
0.516945
0.516481
0.5107
0.512223
0.494066
0.51192
0.521408
0.520399
0.575787
0.520662
0.505787
0.494596
0.498987
0.565751
0.514894
0.513998
0.492047
0.513561
0.506492
0.53554
0.535866
0.5055
0.51713
0.502469
0.525636
0.522911
0.52369
0.525217
0.504351
0.518776
0.532091
0.499111
0.527435
0.523378
0.526798
0.52185
0.492635
0.497647
0.520939
0.519826
0.507966
0.492741
0.513206
0.52926
0.533832
0.532362
0.526303
0.640045
0.524041
0.528806
0.535431
0.537324
0.537944
0.502381
0.512363
0.509497
0.523364
0.521868
0.523675
0.538609
0.532171
0.533153
0.504359
0.491213
0.520025
0.542168
0.524949
0.507807
0.517061
0.539168
0.590186
0.55316
0.495006
0.50897
0.509435
0.504128
0.5194
0.50514
0.516114
0.60175
0.522725
0.515623
0.504879
0.506661
0.533893
0.534033
0.527921
0.510309
0.572184
0.518582
0.518397
0.539404
0.491447
0.49109
0.541557
0.535316
0.521163
0.514477
0.534281
0.519337
0.492991
0.520896
0.519185
0.517177
0.528278
0.493618
0.532396
0.529303
0.518527
0.526532
0.533839
0.516647
0.522633
0.495281
0.554964
0.553332
0.497208
0.513523
0.593167
0.520439
0.521551
0.525992
0.516676
0.548623
0.54907
0.50605
0.491974
0.527724
0.539493
0.540062
0.531546
0.496782
0.503312
0.51679
0.497434
0.531438
0.512797
0.536595
0.530845
0.52793
0.551648
0.539186
0.513859
0.513078
0.506444
0.524801
0.529164
0.520763
0.532426
0.519499
0.533486
0.497688
0.504158
0.563532
0.52723
0.536329
0.629213
0.629631
0.536502
0.646533
0.535497
0.53625
0.521638
0.511661
0.533733
0.507442
0.495706
0.505231
0.506995
0.533938
0.519417
0.497817
0.496147
0.522064
0.555353
0.500478
0.536098
0.506459
0.529143
0.523716
0.538166
0.520274
0.510293
0.518892
0.519764
0.499185
0.506579
0.584332
0.553647
0.534642
0.53107
0.532635
0.559269
0.54158
0.530836
0.53242
0.523973
0.491179
0.509868
0.520604
0.53988
0.516996
0.530182
0.531342
0.494818
0.638895
0.538934
0.511559
0.502206
0.518152
0.490836
0.654824
0.518259
0.52677
0.525684
0.503269
0.536395
0.523955
0.527069
0.504041
0.542421
0.498255
0.524492
0.530978
0.497682
0.50514
0.647825
0.510243
0.519928
0.536211
0.54264
0.512363
0.531778
0.508191
0.540117
0.519419
0.537525
0.535242
0.550427
0.525365
0.504749
0.541075
0.521845
0.535913
0.537865
0.538591
0.56092
0.542371
0.515494
0.537435
0.522993
0.540212
0.532127
0.530004
0.612399
0.588418
0.532895
0.529054
0.520602
0.539194
0.526872
0.504326
0.523516
0.5165
0.524902
0.507582
0.504014
0.580535
0.511828
0.531105
0.524149
0.503509
0.499477
0.521709
0.528667
0.526044
0.578557
0.535672
0.534248
0.524367
0.522882
0.586155
0.564838
0.496711
0.517339
0.516176
0.520854
0.517272
0.535229
0.537701
0.52135
0.536619
0.538109
0.523561
0.536978
0.536391
0.509699
0.536584
0.497744
0.496768
0.527938
0.532378
0.514843
0.501917
0.491533
0.524857
0.576417
0.539208
0.496778
0.53904
0.537275
0.498118
0.50229
0.526083
0.551845
0.525395
0.565976
0.526878
0.505031
0.515029
0.520256
0.506374
0.505217
0.567748
0.531014
0.492994
0.510807
0.580688
0.532082
0.499829
0.51173
0.536151
0.495155
0.531719
0.520943
0.515451
0.499702
0.497514
0.515449
0.532905
0.518271
0.538549
0.519481
0.503997
0.504826
0.5225
0.504346
0.536682
0.53549
0.505407
0.531336
0.511545
0.4948
0.533216
0.598225
0.521953
0.533741
0.521987
0.549181
0.536445
0.524619
0.537975
0.534966
0.535231
0.504895
0.527791
0.567393
0.498602
0.577892
0.506453
0.495847
0.521519
0.508807
0.516927
0.52094
0.515322
0.517677
0.520517
0.509453
0.501286
0.514645
0.519153
0.506618
0.573949
0.509807
0.523978
0.515064
0.511659
0.513011
0.595055
0.530723
0.535334
0.548674
0.512145
0.528186
0.506773
0.516548
0.535639
0.532708
0.530722
0.5214
0.517435
0.510973
0.510155
0.559154
0.521658
0.511848
0.502799
0.51315
0.512564
0.520158
0.521308
0.521001
0.518313
0.54613
0.540424
0.540925
0.516793
0.513959
0.52711
0.51774
0.519494
0.512801
0.517018
0.507994
0.517655
0.520117
0.534244
0.523654
0.530113
0.523477
0.514442
0.541072
0.510505
0.515207
0.520988
0.521237
0.525903
0.502985
0.504916
0.534676
0.506799
0.538122
0.531805
0.517312
0.513974
0.512106
0.51543
0.513125
0.518172
0.512592
0.511447
0.612147
0.562821
0.530889
0.52217
0.518551
0.513519
0.56586
0.532571
0.515626
0.529902
0.528138
0.530888
0.519522
0.545908
0.506839
0.52005
0.523527
0.510558
0.526759
0.529249
0.516324
0.542797
0.517542
0.521861
0.526456
0.517034
0.510145
0.516229
0.499166
0.5059
0.532754
0.516991
0.521592
0.523027
0.572309
0.562643
0.513465
0.525947
0.51607
0.510243
0.525779
0.509481
0.508849
0.584374
0.524351
0.505371
0.515633
0.518288
0.514395
0.513428
0.526275
0.50868
0.527093
0.526025
0.526439
0.523153
0.520576
0.504502
0.52421
0.529822
0.571545
0.574982
0.514932
0.569495
0.519374
0.528161
0.518661
0.510333
0.548328
0.528367
0.518631
0.518939
0.524439
0.507442
0.562316
0.524038
0.512895
0.521685
0.527167
0.518393
0.519203
0.51234
0.524488
0.523887
0.556188
0.524635
0.52156
0.512093
0.521633
0.510862
0.519235
0.52522
0.509418
0.521632
0.515279
0.510755
0.514496
0.53663
0.52944
0.514736
0.52513
0.526692
0.529279
0.563638
0.521185
0.562845
0.566424
0.505225
0.638562
0.521238
0.509787
0.514051
0.524395
0.523979
0.513178
0.520114
0.499948
0.519852
0.526934
0.514233
0.51229
0.512275
0.556161
0.526761
0.519628
0.514201
0.521851
0.516105
0.519667
0.516647
0.52777
0.512923
0.522334
0.516021
0.531269
0.514399
0.516709
0.518877
0.522323
0.516077
0.522173
0.52184
0.513777
0.519998
0.506374
0.517888
0.51385
0.527216
0.573876
0.513429
0.518735
0.525602
0.52523
0.518361
0.534625
0.526624
0.525716
0.526633
0.523596
0.505536
0.52769
0.529322
0.51953
0.527906
0.520102
0.515602
0.514993
0.511051
0.519672
0.53926
0.520362
0.521389
0.522085
0.513415
0.514084
0.644211
0.515795
0.520108
0.521262
0.513063
0.51308
0.515085
0.521585
0.531384
0.522017
0.523572
0.515308
0.512463
0.556152
0.527315
0.511992
0.512756
0.514492
0.509347
0.555583
0.519077
0.526365
0.527484
0.528599
0.514482
0.53503
0.509124
0.512439
0.52609
0.522576
0.515106
0.511242
0.522995
0.519643
0.516371
0.513517
0.510459
0.51808
0.524382
0.566949
0.577816
0.51516
0.519312
0.57424
0.525839
0.525586
0.514447
0.526977
0.510493
0.512698
0.528744
0.529583
0.528938
0.53672
0.514307
0.513698
0.584282
0.51592
0.514209
0.511966
0.519879
0.573167
0.515581
0.526401
0.528395
0.555724
0.50693
0.508228
0.532423
0.526936
0.50325
0.512391
0.513396
0.554757
0.528545
0.517154
0.508092
0.52582
0.509782
0.518915
0.520516
0.510886
0.51488
0.52043
0.535704
0.503828
0.514981
0.511703
0.518611
0.512876
0.506489
0.521543
0.518003
0.51436
0.543788
0.520412
0.514548
0.531472
0.530977
0.521091
0.501936
0.518269
0.659462
0.502123
0.521196
0.621948
0.505374
0.521018
0.510768
0.513357
0.520425
0.52301
0.507162
0.556934
0.526971
0.533159
0.531613
0.506634
0.529415
0.532512
0.534435
0.526659
0.51953
0.524513
0.531558
0.528503
0.520201
0.519238
0.518429
0.520688
0.505728
0.553168
0.540273
0.517808
0.524141
0.512554
0.526404
0.512026
0.520923
0.517709
0.51219
0.517567
0.521547
0.513422
0.529514
0.580778
0.501853
0.515563
0.512781
0.50967
0.515503
0.517106
0.513302
0.52741
0.527733
0.529368
0.506186
0.526768
0.587265
0.520554
0.525329
0.523185
0.516252
0.551071
0.528575
0.519453
0.533031
0.520656
0.547698
0.523233
0.518672
0.527952
0.533497
0.509722
0.52818
0.506222
0.531292
0.548226
0.51141
0.507708
0.508056
0.524301
0.523258
0.511687
0.512794
0.514987
0.536074
0.526552
0.517231
0.526511
0.505779
0.518363
0.513135
0.506937
0.571924
0.514719
0.513663
0.519993
0.534899
0.564253
0.520759
0.50322
0.511037
0.517974
0.52171
0.519422
0.505328
0.547676
0.528369
0.530907
0.536443
0.529156
0.517102
0.525811
0.500441
0.500263
0.531243
0.527659
0.551025
0.507538
0.504876
0.518407
0.523729
0.52415
0.521548
0.524655
0.527782
0.538711
0.55959
0.520804
0.598715
0.52345
0.507291
0.549138
0.524522
0.519636
0.530497
0.534471
0.513233
0.510625
0.494107
0.524342
0.507856
0.522695
0.518833
0.525004
0.523488
0.504925
0.526299
0.517824
0.533071
0.509767
0.513874
0.532617
0.577129
0.519269
0.558533
0.573074
0.507087
0.506163
0.513518
0.51952
0.615699
0.512589
0.546826
0.528213
0.527653
0.523984
0.501432
0.510227
0.499153
0.515227
0.514709
0.518007
0.511399
0.511045
0.508687
0.519987
0.509517
0.549949
0.536199
0.527857
0.527412
0.53121
0.509959
0.506317
0.500554
0.525203
0.533112
0.521567
0.506332
0.520196
0.532249
0.529657
0.501634
0.510597
0.513348
0.516066
0.519848
0.530676
0.511843
0.524031
0.517824
0.525583
0.531915
0.513689
0.530334
0.525028
0.553258
0.527825
0.526017
