0.526483
0.512271
0.513592
0.514195
0.528993
0.53173
0.52154
0.496417
0.501674
0.509824
0.51013
0.519211
0.516209
0.506715
0.5128
0.508464
0.520404
0.51741
0.523613
0.523463
0.524315
0.518952
0.51074
0.507047
0.511954
0.508894
0.518634
0.515173
0.592419
0.614561
0.520982
0.520622
0.524916
0.52509
0.505718
0.503286
0.541649
0.535376
0.508719
0.49723
0.505494
0.500356
0.528809
0.522378
0.509607
0.506742
0.526255
0.524168
0.517419
0.500756
0.502728
0.519448
0.516524
0.521199
0.500376
0.507221
0.586223
0.50667
0.532525
0.53215
0.499445
0.504254
0.590992
0.582061
0.517163
0.514299
0.58099
0.522482
0.526562
0.537126
0.506197
0.507178
0.520754
0.522065
0.496372
0.510053
0.517386
0.520406
0.511772
0.516675
0.509805
0.547255
0.518034
0.520131
0.522197
0.531128
0.508563
0.521188
0.612621
0.525442
0.519466
0.526606
0.53703
0.53533
0.515284
0.512393
0.5385
0.524703
0.51979
0.513779
0.511942
0.545503
0.51878
0.50831
0.525126
0.512342
0.51214
0.617664
0.620335
0.528631
0.502931
0.528715
0.533494
0.534396
0.500881
0.506019
0.509989
0.540516
0.5357
0.534161
0.531059
0.504235
0.501023
0.52891
0.536924
0.534729
0.529777
0.54177
0.502228
0.501271
0.529052
0.49551
0.500143
0.510963
0.507194
0.548662
0.525115
0.532477
0.528036
0.524481
0.524556
0.528427
0.529849
0.494781
0.519792
0.515846
0.574386
0.574332
0.510693
0.508275
0.510895
0.505683
0.53656
0.509054
0.505704
0.509575
0.522177
0.519893
0.533501
0.531719
0.549103
0.495935
0.493008
0.538732
0.534307
0.531751
0.510613
0.514417
0.51431
0.521604
0.516713
0.579351
0.592415
0.574271
0.527409
0.526575
0.494198
0.499348
0.572099
0.552912
0.525218
0.536095
0.517151
0.510272
0.502595
0.510417
0.508656
0.506365
0.519767
0.524624
0.533232
0.59797
0.517234
0.521794
0.506917
0.512934
0.509928
0.526702
0.517275
0.515928
0.539832
0.533925
0.491689
0.502459
0.520992
0.52848
0.524216
0.509758
0.506395
0.518834
0.517922
0.53814
0.533571
0.539788
0.53098
0.523624
0.525473
0.522493
0.50734
0.502784
0.528216
0.517624
0.524653
0.522508
0.525351
0.496799
0.500085
0.501495
0.524901
0.531421
0.623347
0.583553
0.604504
0.511865
0.513989
0.508531
0.504514
0.535101
0.511828
0.507973
0.508358
0.514669
0.520096
0.527317
0.527625
0.510854
0.548994
0.555436
0.512402
0.515179
0.513039
0.51909
0.521801
0.578685
0.586726
0.528448
0.509446
0.519233
0.508609
0.509976
0.515997
0.520483
0.51094
0.532662
0.526984
0.530141
0.521152
0.494639
0.546099
0.517741
0.50766
0.531795
0.525961
0.527143
0.527974
0.526773
0.51108
0.525964
0.503393
0.509947
0.505667
0.526992
0.523506
0.518467
0.520861
0.578192
0.571581
0.517742
0.522977
0.526323
0.523325
0.526657
0.523139
0.518563
0.515811
0.516156
0.503849
0.500409
0.505553
0.505868
0.492998
0.498168
0.521245
0.511535
0.494508
0.504478
0.499984
0.536291
0.527848
0.544863
0.546567
0.534999
0.508311
0.502073
0.499321
0.538673
0.531792
0.542114
0.522888
0.524345
0.518798
0.52708
0.590152
0.50919
0.519124
0.515793
0.540039
0.535142
0.55445
0.536989
0.538995
0.535193
0.537916
0.532542
0.507317
0.51016
0.533227
0.547825
0.535706
0.533663
0.518359
0.522967
0.522144
0.502698
0.523952
0.530143
0.515548
0.513312
0.515534
0.517656
0.516058
0.517309
0.513251
0.508993
0.494568
0.500699
0.498264
0.510928
0.504488
0.527006
0.523105
0.522377
0.520156
0.51858
0.518208
0.52359
0.552653
0.495982
0.516503
0.506402
0.525194
0.491231
0.50593
0.50887
0.517051
0.513179
0.507912
0.504086
0.536638
0.531823
0.523755
0.52225
0.524222
0.501711
0.515592
0.516
0.499555
0.516769
0.575713
0.506878
0.512663
0.516981
0.522047
0.499047
0.538703
0.557909
0.540244
0.586478
0.597122
0.504293
0.50517
0.508275
0.504848
0.513195
0.509747
0.504098
0.509267
0.518904
0.539902
0.538027
0.533282
0.528832
0.527119
0.527607
0.527123
0.534582
0.498585
0.511807
0.514828
0.524301
0.525337
0.496706
0.501629
0.533608
0.593211
0.52855
0.52402
0.517582
0.496656
0.496968
0.507434
0.520326
0.49518
0.494785
0.539702
0.534266
0.520882
0.519899
0.522216
0.5211
0.520814
0.521393
0.517376
0.496529
0.538061
0.531966
0.519656
0.587326
0.572492
0.505615
0.538073
0.547422
0.52925
0.530711
0.5051
0.507225
0.586468
0.492868
0.499007
0.50301
0.538169
0.514742
0.52866
0.533583
0.530791
0.517106
0.512551
0.505661
0.516911
0.516368
0.525968
0.521498
0.524158
0.522363
0.523278
0.601163
0.601249
0.601676
0.501029
0.527278
0.510899
0.516704
0.513651
0.573252
0.496139
0.508131
0.506251
0.511093
0.553928
0.524717
0.502373
0.51025
0.535123
0.588054
0.522031
0.518165
0.52581
0.527529
0.505843
0.506113
0.508895
0.504741
0.500754
0.525963
0.500924
0.503975
0.498732
0.49522
0.534986
0.519338
0.56987
0.563684
0.499753
0.505537
0.510421
0.508065
0.499055
0.507214
0.548434
0.547482
0.572269
0.538829
0.540386
0.507865
0.572921
0.58721
0.528339
0.532169
0.501602
0.50402
0.502442
0.598213
0.608281
0.602722
0.523927
0.522903
0.505496
0.511555
0.508872
0.51468
0.516636
0.518591
0.520615
0.52301
0.521957
0.52316
0.516452
0.513483
0.515851
0.562608
0.500423
0.50136
0.527556
0.523728
0.525433
0.499245
0.588708
0.532489
0.512354
0.517437
0.518382
0.536457
0.503107
0.532221
0.525337
0.508557
0.509987
0.524479
0.522935
0.50684
0.530036
0.52687
0.55825
0.536305
0.507812
0.513204
0.507694
0.521122
0.510736
0.522422
0.503451
0.510711
0.508984
0.509092
0.590398
0.524369
0.527628
0.523194
0.525492
0.496827
0.533373
0.533141
0.537315
0.520099
0.524621
0.512534
0.51156
0.516442
0.506044
0.503754
0.515419
0.49262
0.584256
0.564251
0.509852
0.503448
0.544256
0.579119
0.532542
0.506644
0.572725
0.563474
0.53567
0.509451
0.511305
0.527901
0.539417
0.562383
0.555306
0.507628
0.499522
0.517099
0.526723
0.523984
0.512921
0.531884
0.517506
0.512179
0.527021
0.537699
0.538529
0.529848
0.534175
0.525096
0.522714
0.514071
0.532098
0.52724
0.527215
0.524618
0.522004
0.507337
0.505564
0.498401
0.529755
0.519276
0.508863
0.510894
0.529995
0.529088
0.532218
0.542892
0.535485
0.530544
0.508586
0.510432
0.528634
0.556499
0.564867
0.505996
0.519791
0.53234
0.53258
0.526747
0.522659
0.512875
0.626812
0.536582
0.519337
0.518055
0.517985
0.583268
0.567345
0.530965
0.534253
0.529189
0.512288
0.54003
0.529478
0.495731
0.509104
0.507062
0.501177
0.512956
0.526725
0.530978
0.5861
0.531105
0.53602
0.537001
0.503819
0.531591
0.533088
0.531719
0.588847
0.586713
0.514654
0.515736
0.495923
0.508621
0.519868
0.520573
0.522803
0.519023
0.513077
0.497445
0.488385
0.532796
0.488595
0.518066
0.512507
0.531783
0.531836
0.526774
0.497019
0.50182
0.574043
0.569976
0.509087
0.505283
0.507602
0.508861
0.521701
0.520029
0.509622
0.499435
0.538971
0.545718
0.57989
0.541396
0.510653
0.516887
0.514934
0.51678
0.51814
0.501263
0.530214
0.595646
0.50536
0.513585
0.528601
0.521298
0.507606
0.538477
0.500866
0.503127
0.507975
0.510169
0.520797
0.513187
0.511534
0.531863
0.533302
0.519824
0.525595
0.530995
0.529676
0.532791
0.506607
0.501955
0.52171
0.514673
0.51063
0.520702
0.527704
0.53645
0.517296
0.537551
0.555582
0.498247
0.510765
0.577727
0.515129
0.499163
0.531736
0.529789
0.530772
0.515604
0.52708
0.537292
0.532154
0.516643
0.504319
0.509125
0.60517
0.505907
0.519274
0.520899
0.518281
0.500143
0.548908
0.548079
0.546338
0.539675
0.53697
0.506572
0.519788
0.520881
0.525717
0.536523
0.520324
0.527456
0.528686
0.529311
0.526744
0.535112
0.529947
0.518664
0.504341
0.497967
0.495951
0.529802
0.508336
0.507285
0.527227
0.541794
0.527673
0.531721
0.537542
0.512549
0.497187
0.508355
0.521462
0.523784
0.517424
0.586333
0.49743
0.518723
0.576515
0.507942
0.517121
0.522411
0.528033
0.532834
0.494961
0.50037
0.521832
0.522278
0.535527
0.502096
0.504011
0.561263
0.527866
0.601823
0.519904
0.50589
0.50932
0.539851
0.531598
0.509961
0.515734
0.506233
0.536158
0.594924
0.547103
0.531938
0.503788
0.519493
0.537091
0.532504
0.538249
0.50419
0.522294
0.554844
0.526679
0.493598
0.553284
0.491448
0.501094
0.593187
0.518149
0.542601
0.53787
0.52307
0.517387
0.519438
0.493773
0.535921
0.505341
0.495462
0.582997
0.522448
0.524493
0.521746
0.519299
0.514856
0.532379
0.527106
0.524775
0.52447
0.510526
0.509633
0.493018
0.491487
0.52258
0.507025
0.535201
0.496533
0.512035
0.53969
0.534736
0.520137
0.524878
0.592337
0.505222
0.514055
0.509452
0.502114
0.508653
0.539418
0.533431
0.534717
0.530545
0.528649
0.522805
0.524172
0.527299
0.520346
0.50353
0.50997
0.519675
0.495855
0.500128
0.529445
0.512568
0.525839
0.530732
0.518098
0.49684
0.519763
0.515526
0.552038
0.529898
0.528194
0.536499
0.521567
0.505936
0.494705
0.513893
0.539216
0.522341
0.527734
0.530043
0.49752
0.502794
0.497864
0.503571
0.555014
0.550209
0.554124
0.558172
0.522144
0.519863
0.530771
0.507983
0.505546
0.506555
0.518005
0.522848
0.52495
0.522161
0.540908
0.528829
0.533773
0.505953
0.534592
0.496632
0.577301
0.501446
0.513896
0.521137
0.517212
0.509851
0.521988
0.559423
0.558824
0.509829
0.519644
0.568016
0.526759
0.508088
0.538589
0.527236
0.532539
0.561621
0.500496
0.502055
0.497144
0.519207
0.561511
0.504494
0.536722
0.53409
0.599001
0.52338
0.517779
0.514674
0.495315
0.514694
0.534394
0.515404
0.511153
0.507228
0.530688
0.521654
0.524467
0.525002
0.52296
0.49392
0.533209
0.4933
0.498398
0.537662
0.503502
0.526089
0.663957
0.514575
0.532826
0.520661
0.50709
0.508158
0.507364
0.537029
0.526899
0.53032
0.506324
0.510596
0.513022
0.519482
0.491576
0.501063
0.51779
0.499677
0.537052
0.53277
0.540338
0.524948
0.598816
0.532623
0.516925
0.519312
0.521126
0.572698
0.510035
0.531464
0.517588
0.516605
0.522895
0.509544
0.507603
0.561084
0.520835
0.522812
0.540602
0.532544
0.560172
0.497628
0.526125
0.495261
0.52823
0.534835
0.598388
0.517744
0.521253
0.500722
0.515592
0.596234
0.511278
0.531568
0.50753
0.504824
0.511279
0.510362
0.581822
0.51021
0.534988
0.55115
0.514913
0.586558
0.597807
0.537545
0.525697
0.519958
0.49167
0.495371
0.539321
0.514766
0.492006
0.49678
0.512471
0.534129
0.601036
0.536299
0.520598
0.504689
0.599523
0.505196
0.532664
0.495238
0.528178
0.548539
0.523675
0.496556
0.493683
0.521623
0.535254
0.532578
0.496349
0.52957
0.537168
0.537859
0.524829
0.533708
0.539104
0.502143
0.516787
0.538438
0.489383
0.517086
0.520596
0.505944
0.53824
0.557419
0.584575
0.489132
0.503946
0.497883
0.510307
0.518259
0.518934
0.517294
0.532971
0.592139
0.600994
0.525773
0.533094
0.614298
0.615251
0.505215
0.533828
0.519582
0.50428
0.499963
0.491963
0.566099
0.571295
0.56967
0.511686
0.520409
0.539182
0.521335
0.519068
0.495292
0.520776
0.51907
0.522995
0.507838
0.52732
0.517873
0.526401
0.522169
0.500649
0.495301
0.497727
0.541492
0.538819
0.519603
0.521702
0.53168
0.516399
0.508409
0.503647
0.508125
0.489563
0.538287
0.534702
0.528167
0.572315
0.539978
0.533342
0.51723
0.495681
0.502585
0.511126
0.530702
0.514535
0.496107
0.534436
0.531445
0.534126
0.530575
0.524269
0.522245
0.494343
0.515575
0.51854
0.518305
0.556753
0.5245
0.549928
0.520267
0.537167
0.532134
0.498169
0.504507
0.524408
0.555921
0.506892
0.536736
0.622425
0.602641
0.513596
0.537908
0.536809
0.534699
0.511545
0.533069
0.534666
0.53048
0.521307
0.558854
0.496043
0.594304
0.535339
0.528912
0.530128
0.534895
0.512504
0.523686
0.540929
0.518913
0.49827
0.565176
0.53433
0.533786
0.535729
0.534638
0.539844
0.53361
0.52684
0.540182
0.551192
0.541911
0.490885
0.506193
0.538363
0.529573
0.529283
0.542963
0.491937
0.604034
0.517924
0.528326
0.502223
0.525058
0.499366
0.516319
0.523158
0.526949
0.520024
0.532986
0.529705
0.521161
0.512298
0.544482
0.527285
0.509147
0.532614
0.537401
0.495886
0.524622
0.503692
0.490205
0.535178
0.522509
0.540856
0.518975
0.520408
0.490506
0.515426
0.532358
0.507087
0.580545
0.539084
0.519774
0.491072
0.533337
0.535999
0.530786
0.532107
0.536306
0.506516
0.541192
0.516125
0.536147
0.618809
0.536498
0.552561
0.606537
0.535335
0.618365
0.527428
0.538887
0.53421
0.534104
0.584793
0.497864
0.523946
0.535596
0.527694
0.505112
0.519181
0.496195
0.591843
0.499605
0.539668
0.537843
0.530727
0.499905
0.540484
0.525019
0.527265
0.54293
0.592486
0.505309
0.503479
0.495698
0.529757
0.51675
0.525357
0.49081
0.569251
0.534133
0.530833
0.531806
0.52437
0.524415
0.524142
0.568478
0.515152
0.519856
0.517739
0.495438
0.536463
0.497209
0.520583
0.574229
0.517004
0.652378
0.660432
0.521455
0.51975
0.493743
0.534049
0.538681
0.534244
0.525751
0.532711
0.536746
0.527023
0.536686
0.537384
0.531899
0.508335
0.496286
0.531428
0.518211
0.513142
0.492032
0.542591
0.578318
0.537645
0.498683
0.488631
0.591743
0.537626
0.535787
0.574179
0.534626
0.521754
0.541143
0.518822
0.488165
0.573176
0.560875
0.531751
0.503768
0.504742
0.537379
0.521163
0.582735
0.513719
0.497994
0.519212
0.49222
0.524449
0.519635
0.510723
0.534029
0.533436
0.528944
0.523227
0.538503
0.505907
0.500126
0.521132
0.5382
0.530933
0.534297
0.507377
0.530347
0.514965
0.596657
0.521023
0.525177
0.534669
0.518699
0.534298
0.531281
0.526919
0.528605
0.534031
0.50251
0.504034
0.496651
0.604154
0.497029
0.536255
0.538867
0.540047
0.504768
0.51163
0.503671
0.5267
0.645462
0.510962
0.506035
0.5052
0.50587
0.519374
0.511138
0.517884
0.520878
0.518982
0.515735
0.512181
0.514708
0.512307
0.513875
0.509187
0.586255
0.516932
0.516485
0.580782
0.521286
0.522726
0.515883
0.517164
0.523572
0.523025
0.520002
0.516414
0.508937
0.531878
0.540632
0.52718
0.528305
0.519656
0.579402
0.521057
0.527475
0.529134
0.5932
0.519936
0.513435
0.525107
0.569129
0.518499
0.521144
0.510542
0.512717
0.51106
0.559484
0.515152
0.510454
0.501671
0.541441
0.512476
0.531703
0.512924
0.510048
0.519018
0.518105
0.540582
0.519718
0.516035
0.511711
0.518385
0.523148
0.517415
0.514527
0.514557
0.514385
0.516109
0.517211
0.519346
0.517983
0.512825
0.54476
0.515101
0.525564
0.516211
0.522422
0.506641
0.521274
0.583737
0.576279
0.514583
0.51476
0.513952
0.553385
0.516234
0.516774
0.514354
0.57703
0.514592
0.52611
0.514969
0.519371
0.507035
0.519189
0.512095
0.557195
0.534547
0.529652
0.517224
0.518571
0.560622
0.512714
0.505564
0.524597
0.516851
0.519249
0.510294
0.519318
0.508615
0.527076
0.528978
0.509927
0.517884
0.519241
0.549177
0.51921
0.518047
0.5214
0.512743
0.540092
0.563025
0.564574
0.514926
0.502226
0.52632
0.508213
0.509668
0.606364
0.580097
0.523671
0.513014
0.533976
0.517309
0.521262
0.519294
0.494649
0.548957
0.570494
0.560577
0.512705
0.526962
0.528518
0.517472
0.517376
0.514703
0.517861
0.51971
0.517458
0.516926
0.573443
0.509586
0.525271
0.526829
0.506286
0.509212
0.586951
0.52759
0.516234
0.514756
0.518284
0.518255
0.514141
0.558845
0.52275
0.523909
0.518951
0.521597
0.519335
0.507853
0.512881
0.520772
0.530992
0.570978
0.584623
0.526083
0.525609
0.58137
0.574675
0.520944
0.517695
0.520146
0.520908
0.526355
0.521093
0.530542
0.520056
0.511019
0.520676
0.525304
0.510648
0.521632
0.52205
0.520722
0.515217
0.499921
0.525469
0.522584
0.619714
0.566228
0.520235
0.518286
0.509751
0.508154
0.592277
0.551127
0.506809
0.506274
0.514632
0.530855
0.545213
0.523733
0.518499
0.515007
0.519556
0.551197
0.558541
0.520983
0.525355
0.524177
0.501804
0.538525
0.524105
0.520734
0.552596
0.55102
0.509901
0.574036
0.589192
0.517213
0.509355
0.516066
0.592733
0.522625
0.498425
0.510179
0.513547
0.511151
0.548263
0.520336
0.524638
0.5259
0.529765
0.529079
0.515636
0.519741
0.516151
0.531142
0.505311
0.520065
0.520319
0.517324
0.51787
0.514904
0.515074
0.568658
0.585582
0.518435
0.52179
0.515007
0.517414
0.516916
0.520397
0.527623
0.532257
0.518695
0.5187
0.521738
0.516332
0.511904
0.545956
0.513466
0.521972
0.523872
0.514874
0.514888
0.516698
0.511396
0.512023
0.514978
0.575882
0.528037
0.517863
0.530684
0.531602
0.523272
0.514264
0.508128
0.526349
0.515225
0.516747
0.513937
0.515106
0.513846
0.520186
0.519851
0.516374
0.563556
0.512413
0.523389
0.516046
0.515751
0.501731
0.516584
0.516313
0.566947
0.600476
0.519206
0.510809
0.527713
0.516574
0.519125
0.529964
0.524485
0.510901
0.516725
0.523942
0.506142
0.511549
0.519409
0.513563
0.524833
0.528104
0.528708
0.52016
0.516831
0.513146
0.51178
0.512978
0.526737
0.525741
0.516021
0.512012
0.513195
0.528456
0.564754
0.510083
0.526294
0.571281
0.514356
0.531603
0.524709
0.603917
0.527624
0.546581
0.523035
0.522082
0.580945
0.509513
0.516911
0.562864
0.511262
0.503893
0.524486
0.525921
0.515582
0.528112
0.514811
0.513943
0.523985
0.516894
0.569895
0.560885
0.519402
0.524869
0.513247
0.496333
0.520987
0.515908
0.544409
0.509391
0.52672
0.520764
0.511416
0.515211
0.524663
0.546857
0.509039
0.511204
0.519806
0.584612
0.508449
0.50292
0.506131
0.528522
0.495956
0.525607
0.528783
0.529327
0.513445
0.507016
0.521275
0.529386
0.523849
0.514442
0.511625
0.522286
0.51486
0.507469
0.512544
0.579675
0.524994
0.513167
0.513204
0.516938
0.502955
0.515096
0.519334
0.523042
0.534412
0.520341
0.561807
0.518528
0.522625
0.534081
0.531225
0.518023
0.526498
0.596284
0.511949
0.575069
0.516528
0.529101
0.521637
0.534942
0.504276
0.532947
0.520298
0.520919
0.522484
0.515383
0.575358
0.515416
0.529493
0.533241
0.531878
0.537512
0.525275
0.522448
0.51303
0.522062
0.512897
0.521559
0.518896
0.51535
0.575356
0.519723
0.512816
0.520471
0.498691
0.517013
0.524854
0.501078
0.516056
0.525754
0.515832
0.5165
0.529507
0.541304
0.600069
0.51493
0.503787
0.517255
0.50711
0.523028
0.612239
0.520095
0.59375
0.52649
0.511934
0.51525
0.533758
0.508911
0.517102
0.519213
0.530365
0.513692
0.550432
0.52353
0.503569
0.532683
0.52557
0.559148
0.509396
0.594492
0.518801
0.530145
0.519465
0.522539
0.506527
0.524425
0.512729
0.526399
0.534584
0.525284
0.575544
0.516356
0.516468
0.51443
0.522596
0.501745
0.522705
0.517826
0.508122
0.530625
0.495372
0.515259
0.527312
0.593599
0.513732
0.512571
0.545449
0.535423
0.520846
0.509531
0.516536
0.518131
0.568673
0.512859
0.599269
0.551243
0.544279
0.508517
0.495086
0.50581
0.514407
0.517891
0.512353
0.510945
0.495372
0.494502
0.519145
0.517817
0.601397
0.526037
0.534421
0.511539
0.622651
0.521424
0.513019
0.49969
0.500725
0.501661
0.50937
0.512748
0.500088
0.531758
0.526343
0.534177
0.512945
0.511234
0.53268
0.508791
0.516476
0.533054
0.561483
0.517748
0.513722
0.532543
0.525879
0.511434
0.603739
0.600875
0.530299
0.556781
0.515651
0.570719
0.507155
0.611185
0.515174
0.613635
0.519521
0.519412
0.514102
0.518285
0.630914
0.51378
0.590881
0.524686
0.512772
0.532091
0.535108
0.50384
0.625244
0.52861
0.522704
0.531076
0.509815
0.508832
0.510607
0.528422
0.520665
0.521389
0.511489
0.502845
0.530054
0.518367
0.532136
0.539384
0.51094
0.524862
0.51313
0.512352
0.5036
0.563222
0.524327
0.503086
0.512923
0.509327
0.50318
0.513788
0.526459
