0.509608
0.50923
0.51043
0.531577
0.530929
0.527236
0.529807
0.503467
0.517502
0.506774
0.508618
0.519008
0.519511
0.528714
0.533898
0.514399
0.513304
0.514226
0.5108
0.506974
0.504311
0.53146
0.542179
0.519568
0.515429
0.520142
0.493848
0.59183
0.616123
0.561723
0.522409
0.522286
0.527141
0.517323
0.504528
0.511749
0.509872
0.50415
0.50982
0.558573
0.53317
0.526307
0.51745
0.505302
0.509351
0.525735
0.644948
0.663622
0.519121
0.541787
0.505677
0.607111
0.594589
0.614507
0.529117
0.528943
0.502329
0.496802
0.589548
0.587405
0.601822
0.588925
0.531805
0.527139
0.521016
0.535442
0.533821
0.538386
0.537013
0.516377
0.514755
0.516204
0.494218
0.500461
0.51804
0.511127
0.533033
0.522656
0.525306
0.543272
0.517318
0.520389
0.520702
0.521703
0.526608
0.527546
0.522086
0.520913
0.515357
0.510558
0.532706
0.536136
0.511069
0.505973
0.518213
0.516905
0.60841
0.515668
0.501401
0.535849
0.531478
0.533278
0.507565
0.499399
0.493756
0.509413
0.499939
0.502646
0.514627
0.51047
0.53024
0.515422
0.516364
0.523139
0.522912
0.521343
0.506127
0.5393
0.533917
0.522141
0.505629
0.550418
0.545552
0.528145
0.528618
0.529422
0.53415
0.529209
0.52564
0.526485
0.523371
0.526463
0.491455
0.497146
0.497463
0.518827
0.51444
0.514251
0.502169
0.506526
0.539945
0.594839
0.508519
0.512645
0.509909
0.50847
0.507161
0.518285
0.526534
0.538597
0.529634
0.605628
0.59798
0.510758
0.517061
0.512169
0.588525
0.524143
0.528695
0.524602
0.509924
0.555832
0.528719
0.529154
0.496553
0.560165
0.53193
0.5007
0.502127
0.51002
0.600324
0.597832
0.509559
0.513266
0.535932
0.57932
0.586831
0.523236
0.520076
0.521357
0.530318
0.513337
0.512475
0.514019
0.513693
0.51711
0.519172
0.517596
0.513659
0.510486
0.512234
0.537952
0.532705
0.540379
0.529264
0.528972
0.496126
0.494232
0.523945
0.521044
0.491627
0.522609
0.528149
0.527547
0.614727
0.605097
0.575299
0.581311
0.520999
0.526395
0.609608
0.605838
0.532592
0.505819
0.50498
0.512367
0.510762
0.526297
0.5269
0.581127
0.512415
0.508442
0.540147
0.535971
0.545046
0.541735
0.514688
0.513606
0.523791
0.520255
0.572274
0.565492
0.534261
0.499255
0.501075
0.506067
0.515769
0.521602
0.517548
0.495806
0.511948
0.511887
0.547273
0.542838
0.542356
0.518955
0.512719
0.534252
0.523517
0.527316
0.516835
0.520727
0.530275
0.526121
0.511569
0.53025
0.506974
0.515272
0.505238
0.514375
0.537715
0.525134
0.520763
0.529296
0.550929
0.52076
0.523146
0.51852
0.519697
0.522809
0.523142
0.523068
0.527367
0.511792
0.526736
0.515256
0.493594
0.498545
0.514087
0.507975
0.501336
0.505011
0.507805
0.508431
0.510723
0.520353
0.509035
0.507773
0.512948
0.494557
0.503521
0.534289
0.530002
0.536934
0.533756
0.517195
0.508826
0.581585
0.520108
0.491341
0.500086
0.497806
0.495823
0.505165
0.525964
0.525989
0.524412
0.521422
0.525393
0.518294
0.614462
0.607176
0.521859
0.515714
0.520226
0.517555
0.515953
0.537957
0.541026
0.500873
0.505067
0.496894
0.537597
0.534452
0.541055
0.545825
0.503483
0.507154
0.496328
0.519479
0.516398
0.520467
0.530462
0.498176
0.495799
0.505154
0.507189
0.515971
0.490716
0.514736
0.536803
0.506684
0.526741
0.522481
0.522586
0.521553
0.519741
0.51707
0.509681
0.51821
0.562523
0.576337
0.516707
0.523118
0.528788
0.491838
0.497115
0.495585
0.509272
0.508745
0.508825
0.49934
0.522481
0.519159
0.508854
0.527122
0.575064
0.518418
0.517589
0.52873
0.534374
0.529197
0.51796
0.521859
0.520484
0.513138
0.508555
0.498274
0.505538
0.504869
0.512684
0.509493
0.512521
0.509864
0.504524
0.501079
0.515208
0.516729
0.640946
0.491576
0.500717
0.497601
0.532226
0.523448
0.50892
0.511007
0.515586
0.606123
0.526612
0.526582
0.52481
0.523128
0.529134
0.508779
0.501922
0.546923
0.544056
0.542256
0.531768
0.530437
0.514269
0.519348
0.51034
0.512369
0.526783
0.52158
0.531825
0.518377
0.519643
0.522148
0.524404
0.589938
0.582551
0.503387
0.519567
0.521501
0.518876
0.492194
0.519878
0.520515
0.519601
0.568052
0.577811
0.593651
0.506492
0.508305
0.505431
0.531162
0.540379
0.505812
0.510175
0.520895
0.536606
0.50352
0.493186
0.510403
0.507769
0.537893
0.520806
0.516422
0.51365
0.51677
0.513031
0.515965
0.536374
0.532765
0.496222
0.515305
0.511697
0.52581
0.518806
0.533336
0.528918
0.523905
0.521507
0.511231
0.50323
0.507959
0.508481
0.505064
0.492775
0.519099
0.545397
0.521786
0.510643
0.507792
0.509812
0.511805
0.537006
0.513235
0.547971
0.551438
0.539942
0.539489
0.54105
0.532893
0.506036
0.507942
0.505937
0.507204
0.515508
0.514452
0.515234
0.52949
0.522397
0.508324
0.51008
0.512232
0.516403
0.523165
0.534146
0.529091
0.531651
0.51686
0.559226
0.565478
0.550112
0.497565
0.50846
0.493898
0.494652
0.50173
0.545937
0.550151
0.546832
0.530268
0.514019
0.588283
0.536783
0.502232
0.507722
0.584166
0.596465
0.522737
0.527968
0.504046
0.608522
0.514849
0.596913
0.518991
0.534942
0.538909
0.519931
0.526924
0.515699
0.49994
0.541296
0.502537
0.504006
0.504572
0.527999
0.523481
0.527165
0.603691
0.607234
0.595022
0.531605
0.526167
0.510872
0.526783
0.511239
0.540624
0.541792
0.523302
0.520667
0.506937
0.510509
0.518151
0.501885
0.507655
0.511393
0.535293
0.532737
0.508702
0.517964
0.519641
0.511149
0.51139
0.518611
0.503724
0.505359
0.522725
0.528307
0.526052
0.529299
0.535722
0.529792
0.539389
0.522337
0.536257
0.48941
0.488867
0.494987
0.509569
0.521605
0.525485
0.518084
0.516187
0.50935
0.505433
0.489846
0.492831
0.556488
0.533878
0.510604
0.52651
0.514269
0.512502
0.582808
0.569377
0.533703
0.533454
0.507687
0.516771
0.52416
0.51369
0.511327
0.4951
0.497373
0.506429
0.555618
0.548925
0.505041
0.500164
0.502959
0.51677
0.527618
0.52325
0.51461
0.513976
0.504281
0.507507
0.514749
0.518271
0.521552
0.503622
0.530783
0.601265
0.531927
0.532126
0.53656
0.53361
0.50792
0.530438
0.504316
0.536115
0.538738
0.536529
0.52699
0.531369
0.534192
0.533551
0.518745
0.513305
0.52108
0.503802
0.521492
0.498963
0.491945
0.504486
0.497313
0.514323
0.522196
0.521885
0.618447
0.64404
0.619167
0.506953
0.53484
0.528824
0.533178
0.524397
0.53084
0.529576
0.537312
0.530669
0.548336
0.491956
0.527575
0.57135
0.665762
0.537556
0.514611
0.515168
0.530335
0.536632
0.530662
0.50985
0.511291
0.54183
0.535384
0.514366
0.489809
0.514479
0.497399
0.510184
0.514064
0.556807
0.536913
0.510084
0.521003
0.529078
0.529451
0.534138
0.524407
0.504671
0.534993
0.497791
0.512459
0.517901
0.523541
0.49821
0.515948
0.515769
0.518647
0.514888
0.542196
0.493452
0.492736
0.503771
0.624864
0.638637
0.532278
0.537341
0.514947
0.513944
0.514995
0.51437
0.525858
0.571936
0.565659
0.500065
0.509448
0.510391
0.520928
0.506988
0.493163
0.613663
0.536358
0.53554
0.55204
0.558567
0.523672
0.523997
0.520236
0.521069
0.590442
0.515329
0.490598
0.594918
0.576375
0.615098
0.495516
0.533721
0.528558
0.529239
0.528324
0.522186
0.506291
0.499917
0.504028
0.514438
0.52612
0.50745
0.510571
0.528399
0.534126
0.533566
0.518035
0.495454
0.502474
0.559805
0.524503
0.52168
0.511071
0.511208
0.51874
0.53183
0.52663
0.538834
0.517704
0.5382
0.55669
0.514811
0.517872
0.520565
0.524024
0.522987
0.509786
0.520477
0.551852
0.532729
0.514942
0.538931
0.603993
0.53773
0.514852
0.504957
0.512928
0.587587
0.626715
0.534259
0.51995
0.518747
0.518573
0.517234
0.505154
0.534494
0.535654
0.5325
0.544079
0.500444
0.499493
0.53128
0.533475
0.525034
0.517697
0.527783
0.490736
0.533084
0.528549
0.536089
0.502908
0.508895
0.512634
0.526649
0.541106
0.526762
0.532833
0.536068
0.528938
0.522225
0.517114
0.515628
0.494279
0.502285
0.511529
0.521941
0.51901
0.522851
0.523116
0.513193
0.514539
0.578555
0.51758
0.516282
0.53479
0.497674
0.512656
0.507306
0.492235
0.587418
0.603213
0.532769
0.523063
0.506192
0.539867
0.511091
0.529735
0.616516
0.602433
0.512443
0.511132
0.509012
0.517281
0.539349
0.590206
0.490618
0.497222
0.534656
0.531071
0.540633
0.512736
0.518156
0.549275
0.518458
0.528682
0.505786
0.530425
0.525609
0.535948
0.523561
0.536706
0.54198
0.53923
0.553324
0.519339
0.520334
0.51779
0.515122
0.535587
0.591502
0.524006
0.520294
0.518174
0.523479
0.504756
0.540634
0.525275
0.508523
0.532284
0.531678
0.539502
0.539148
0.541899
0.52348
0.50482
0.539151
0.534458
0.523497
0.528446
0.519975
0.496769
0.516121
0.534018
0.532842
0.528054
0.538199
0.537306
0.533615
0.516767
0.512996
0.523455
0.526764
0.492737
0.51076
0.554791
0.549117
0.582581
0.518956
0.517873
0.506214
0.53859
0.521338
0.525101
0.509261
0.539783
0.500746
0.511029
0.510485
0.545593
0.498427
0.505614
0.490028
0.556493
0.546139
0.593789
0.50441
0.502069
0.54851
0.512146
0.550348
0.545846
0.507345
0.502675
0.489857
0.515086
0.527295
0.523234
0.568862
0.517944
0.534209
0.528313
0.507585
0.507997
0.495728
0.504434
0.539551
0.534667
0.514253
0.506258
0.519686
0.532304
0.520832
0.510339
0.512341
0.540761
0.601572
0.612781
0.54085
0.52465
0.518684
0.515424
0.507019
0.504922
0.52378
0.516836
0.529197
0.564492
0.527519
0.520834
0.499378
0.495675
0.51866
0.48988
0.495791
0.57334
0.509031
0.507231
0.624562
0.617344
0.501728
0.531785
0.522723
0.535793
0.513947
0.510519
0.50935
0.527311
0.519363
0.519315
0.533767
0.529554
0.537791
0.512953
0.49906
0.517647
0.536644
0.534895
0.53569
0.504238
0.496257
0.517491
0.523085
0.672168
0.516071
0.5164
0.506859
0.506396
0.523807
0.504786
0.506863
0.52802
0.51031
0.515575
0.506066
0.537357
0.510465
0.514699
0.521081
0.508398
0.490688
0.496415
0.497127
0.535185
0.530394
0.532919
0.521241
0.494488
0.586719
0.512207
0.563808
0.529105
0.516669
0.504865
0.529908
0.531313
0.531443
0.601836
0.521532
0.516737
0.516541
0.502853
0.517994
0.554915
0.52861
0.536299
0.533716
0.520992
0.511858
0.58061
0.518691
0.496199
0.551371
0.538807
0.503395
0.525295
0.554336
0.530103
0.524178
0.505218
0.497431
0.502275
0.520457
0.522295
0.505155
0.613996
0.515683
0.516668
0.509271
0.515292
0.652669
0.530326
0.505628
0.516145
0.541412
0.535914
0.520357
0.540383
0.502639
0.518409
0.508857
0.504155
0.50178
0.535932
0.504616
0.51213
0.501747
0.517155
0.503659
0.504509
0.518692
0.513796
0.538028
0.50494
0.519543
0.534292
0.600987
0.517927
0.522186
0.536243
0.529322
0.547502
0.493379
0.518751
0.659528
0.540967
0.535467
0.523349
0.521512
0.541205
0.536953
0.536838
0.532537
0.534461
0.499884
0.506921
0.49819
0.531978
0.542108
0.62707
0.537728
0.501233
0.505872
0.511281
0.491681
0.537695
0.517943
0.518091
0.517966
0.520403
0.525242
0.523489
0.659591
0.497725
0.53539
0.492666
0.515196
0.586179
0.535155
0.594186
0.54016
0.52447
0.499039
0.490757
0.612442
0.612752
0.567632
0.580298
0.505089
0.534737
0.528022
0.529461
0.589
0.589511
0.608981
0.498671
0.497567
0.52262
0.491419
0.522865
0.524008
0.519721
0.493359
0.493307
0.536868
0.534806
0.521853
0.521255
0.53169
0.506213
0.523311
0.505525
0.502114
0.522041
0.532509
0.530163
0.534717
0.532385
0.613159
0.499513
0.507403
0.517501
0.50861
0.53238
0.506181
0.523352
0.534438
0.526396
0.540009
0.506962
0.536052
0.50851
0.51357
0.518207
0.538931
0.534585
0.506458
0.524411
0.533199
0.512879
0.535653
0.52007
0.537374
0.534981
0.536609
0.523132
0.530649
0.517943
0.510293
0.511944
0.520043
0.518772
0.489131
0.534638
0.53536
0.526345
0.502615
0.536092
0.50465
0.506136
0.507674
0.507873
0.536473
0.531894
0.538028
0.505081
0.530585
0.541386
0.498103
0.505451
0.646675
0.521537
0.536649
0.539888
0.521783
0.529991
0.490146
0.606634
0.520002
0.524125
0.52041
0.523305
0.576543
0.524949
0.505852
0.520872
0.515334
0.615851
0.491667
0.506324
0.591403
0.536408
0.504777
0.537766
0.527892
0.548599
0.558518
0.491523
0.501638
0.504343
0.536123
0.554969
0.511297
0.535279
0.490742
0.532056
0.541886
0.527061
0.536169
0.533393
0.639001
0.503536
0.520711
0.518393
0.524085
0.537051
0.531379
0.534377
0.502324
0.632942
0.498348
0.492125
0.525499
0.533139
0.528653
0.519034
0.553041
0.512157
0.535024
0.542218
0.527148
0.539763
0.499328
0.507672
0.530728
0.535309
0.529417
0.533598
0.529844
0.532621
0.545633
0.53385
0.517584
0.491663
0.499787
0.533705
0.532868
0.507549
0.509793
0.604695
0.496167
0.51063
0.541289
0.507722
0.546405
0.586857
0.506271
0.50915
0.504107
0.526714
0.511224
0.501077
0.541803
0.539149
0.53882
0.537326
0.53307
0.492669
0.515663
0.5078
0.503993
0.493258
0.517465
0.495029
0.494077
0.536455
0.529726
0.515075
0.527715
0.495379
0.538128
0.493236
0.529711
0.539608
0.496693
0.546535
0.508244
0.534996
0.503076
0.519846
0.616405
0.522303
0.522325
0.525898
0.514064
0.488254
0.513357
0.506267
0.52275
0.520751
0.531049
0.536854
0.522858
0.494269
0.534549
0.517157
0.554547
0.512717
0.495724
0.520225
0.537341
0.502583
0.496242
0.504842
0.493772
0.599709
0.541392
0.536493
0.521527
0.511091
0.524306
0.522566
0.536218
0.549721
0.528751
0.540037
0.53363
0.586329
0.519512
0.498825
0.51832
0.523135
0.550396
0.500442
0.496154
0.499883
0.538582
0.495509
0.501888
0.503391
0.52689
0.495327
0.494552
0.538221
0.532365
0.496278
0.532008
0.506587
0.509773
0.49586
0.525427
0.515877
0.496435
0.533426
0.505993
0.50737
0.528627
0.536017
0.499285
0.50351
0.532174
0.552233
0.605472
0.533853
0.532763
0.523096
0.523621
0.539723
0.494936
0.500212
0.538345
0.518441
0.514465
0.513722
0.565896
0.608274
0.511908
0.51775
0.51449
0.531927
0.514274
0.517521
0.539578
0.511466
0.511763
0.520858
0.581169
0.525229
0.521988
0.520667
0.516401
0.504772
0.522238
0.544247
0.527214
0.526841
0.525134
0.50748
0.529589
0.51484
0.52524
0.597245
0.514605
0.516811
0.595961
0.510509
0.524475
0.523485
0.512273
0.510216
0.51589
0.519096
0.511135
0.523138
0.517196
0.521452
0.50018
0.52421
0.513479
0.541801
0.524058
0.513438
0.512314
0.510958
0.522173
0.522815
0.514029
0.514842
0.511951
0.512913
0.523014
0.524303
0.519811
0.516869
0.518103
0.535756
0.534175
0.506845
0.516395
0.519724
0.515989
0.51534
0.513859
0.606101
0.517914
0.511277
0.514973
0.516952
0.515221
0.507929
0.518037
0.53739
0.512408
0.504399
0.523957
0.532331
0.531936
0.52252
0.549068
0.545118
0.521666
0.523433
0.526517
0.515514
0.518731
0.516727
0.5263
0.560519
0.574677
0.511615
0.524561
0.498742
0.532819
0.514644
0.515348
0.526799
0.512841
0.519188
0.531507
0.528869
0.531194
0.522362
0.577863
0.529509
0.51594
0.521973
0.504405
0.516323
0.542827
0.518028
0.512948
0.505876
0.516022
0.532764
0.519836
0.516074
0.570775
0.514566
0.520641
0.520082
0.514792
0.516236
0.517576
0.519885
0.520317
0.512067
0.573701
0.510452
0.511357
0.5214
0.508994
0.605564
0.510782
0.514356
0.510865
0.514592
0.512894
0.527977
0.517706
0.52339
0.529791
0.523876
0.515535
0.509426
0.519012
0.51036
0.51184
0.522133
0.520718
0.519766
0.516377
0.51763
0.516721
0.520294
0.551861
0.541676
0.52482
0.523417
0.60727
0.517963
0.518668
0.516989
0.515939
0.514058
0.512459
0.526036
0.523727
0.534358
0.516533
0.517238
0.518928
0.506826
0.513369
0.530292
0.516377
0.525939
0.5172
0.51452
0.516958
0.513426
0.513698
0.51456
0.522843
0.542206
0.519687
0.527537
0.51122
0.580386
0.505031
0.521357
0.522914
0.520061
0.608037
0.51883
0.511627
0.518529
0.510597
0.532188
0.559318
0.51489
0.526146
0.513212
0.545131
0.512559
0.530704
0.513759
0.596966
0.594753
0.518992
0.524312
0.547414
0.525242
0.511448
0.512891
0.523127
0.522246
0.51178
0.506835
0.521791
0.612538
0.6218
0.624686
0.535605
0.520144
0.512381
0.51598
0.525214
0.511641
0.505929
0.51651
0.52725
0.508287
0.513121
0.51611
0.515221
0.515498
0.510361
0.528576
0.513364
0.530982
0.643039
0.535122
0.516912
0.525062
0.563486
0.52034
0.513427
0.519242
0.530426
0.503688
0.517467
0.51653
0.518021
0.51322
0.502293
0.521519
0.515768
0.523979
0.523218
0.513925
0.528959
0.511947
0.53351
0.530202
0.521494
0.526699
0.517609
0.510745
0.523745
0.523272
0.539731
0.519565
0.52113
0.519883
0.523865
0.520923
0.536453
0.521162
0.525403
0.504578
0.501858
0.515612
0.517264
0.506944
0.523919
0.518481
0.524291
0.501159
0.528502
0.510056
0.519338
0.517068
0.518962
0.513581
0.512092
0.526472
0.525559
0.516198
0.522362
0.530536
0.54666
0.523564
0.524054
0.509425
0.51578
0.518792
0.510338
0.520006
0.519011
0.592474
0.510051
0.529611
0.501324
0.534195
0.527145
0.528649
0.514028
0.519191
0.523134
0.52111
0.509396
0.507534
0.512647
0.520414
0.514165
0.523211
0.514769
0.518983
0.518623
0.516732
0.589566
0.583012
0.530336
0.524913
0.60461
0.537347
0.521599
0.585145
0.511239
0.511744
0.524343
0.527642
0.511933
0.528206
0.511489
0.509575
0.50929
0.513896
0.509714
0.572009
0.546567
0.543822
0.525944
0.523662
0.51251
0.518784
0.615416
0.508657
0.524587
0.516548
0.593438
0.51902
0.51843
0.512159
0.519641
0.512346
0.528105
0.594332
0.516986
0.53117
0.515122
0.591014
0.516774
0.532916
0.500768
0.522096
0.502009
0.509942
0.50821
0.601192
0.536933
0.514996
0.500287
0.618428
0.521089
0.511159
0.532405
0.530031
0.507962
0.519597
0.526583
0.526994
0.499857
0.51854
0.5114
0.52725
0.518313
0.529195
0.534245
0.518544
0.506449
0.523389
0.533304
0.492758
0.52319
0.518384
0.547418
0.514852
0.506831
0.528221
0.531506
0.518393
0.507732
0.520216
0.583018
0.534888
0.501581
0.523338
0.515802
0.536083
0.55381
0.514582
0.518117
0.537029
0.527143
0.627771
0.522909
0.541516
0.527368
0.519882
0.525477
0.52588
0.532163
0.520533
0.520414
0.505647
0.521148
0.50571
0.511594
0.519619
0.58574
0.599054
0.528729
0.517322
0.516833
0.524384
0.511969
0.507133
0.520184
0.5188
0.514587
0.51567
0.526263
0.595135
0.553311
0.509602
0.494314
0.519377
0.503587
0.519004
0.542292
0.535543
0.521054
0.537952
0.547071
0.534203
0.52364
0.524335
0.51373
0.526759
0.504704
0.514652
0.519571
0.515634
0.512666
0.513739
0.517527
0.525433
0.611573
0.510725
0.518237
0.534348
0.519111
0.534959
0.529679
0.507131
0.519594
0.513225
0.503391
0.519691
0.516319
0.506635
0.516219
0.512983
0.508846
0.514789
0.497313
0.509255
0.508203
0.519223
0.505511
0.630737
0.515337
0.509987
0.530587
0.517047
0.513571
0.52506
0.509355
0.549798
0.525767
0.585157
0.510991
0.566652
0.520142
0.584954
0.528897
0.524888
0.525079
0.551702
0.512279
0.535156
0.593647
0.526588
0.497239
0.507972
0.515942
0.577311
0.516887
0.510548
0.515966
0.540752
0.523429
0.514827
0.515065
0.520678
0.517934
0.50413
0.50905
0.509878
0.512189
0.51231
0.530338
0.529855
0.511043
0.584008
0.53177
0.506715
0.525512
0.593083
0.498584
0.50936
0.561091
0.519832
0.505003
0.513198
0.509669
0.50039
0.518747
0.506107
0.521257
0.535367
0.524603
0.500471
0.502465
0.594667
0.503723
0.50139
0.596745
0.525179
0.512327
0.517331
0.530445
0.50997
0.510443
0.533575
0.511481
0.512269
0.524091
0.518523
0.534015
0.500917
0.510479
0.518598
0.517935
0.524005
