0.529272
0.532204
0.539975
0.53591
0.543458
0.533244
0.506635
0.525359
0.517318
0.517478
0.51696
0.517083
0.513003
0.538442
0.538313
0.510958
0.506994
0.518623
0.520113
0.510529
0.505299
0.620604
0.598115
0.590797
0.519056
0.522491
0.522768
0.530354
0.634147
0.610545
0.578006
0.546315
0.569636
0.55618
0.528587
0.536081
0.542228
0.543277
0.545209
0.525974
0.518906
0.504631
0.54999
0.549192
0.50716
0.509108
0.597
0.51809
0.512093
0.528528
0.510525
0.514046
0.577159
0.554721
0.580269
0.504659
0.494649
0.501305
0.54064
0.527719
0.533378
0.52661
0.650645
0.657104
0.640824
0.629461
0.622958
0.526435
0.523459
0.533174
0.625402
0.636183
0.537021
0.527909
0.507185
0.509918
0.51509
0.498487
0.50166
0.508881
0.497739
0.512825
0.502979
0.510176
0.512553
0.506832
0.510231
0.516117
0.509571
0.512037
0.532719
0.541896
0.537841
0.513261
0.5192
0.519061
0.523415
0.528876
0.590948
0.606808
0.600892
0.524109
0.518236
0.522974
0.524376
0.50703
0.535325
0.529153
0.538831
0.522971
0.521749
0.520318
0.52212
0.521001
0.519533
0.521259
0.504151
0.497402
0.503953
0.611852
0.498051
0.536051
0.511213
0.53315
0.494186
0.503316
0.50175
0.53825
0.533589
0.607148
0.537716
0.5363
0.526878
0.591981
0.597494
0.536307
0.541156
0.513786
0.512954
0.514354
0.494353
0.499733
0.508836
0.510035
0.503596
0.524869
0.522386
0.567838
0.580512
0.545298
0.521241
0.520832
0.525701
0.52243
0.518089
0.526251
0.51881
0.528151
0.528442
0.513807
0.51453
0.500915
0.552218
0.569474
0.517009
0.537262
0.534598
0.517837
0.510054
0.528805
0.536219
0.508347
0.513196
0.509974
0.520787
0.529314
0.526271
0.511819
0.615163
0.587934
0.510777
0.508056
0.514755
0.505721
0.50936
0.521691
0.528591
0.525569
0.549302
0.548427
0.511955
0.513499
0.536017
0.534153
0.560551
0.565756
0.533192
0.526457
0.524769
0.515823
0.504358
0.506261
0.537234
0.531139
0.535961
0.527045
0.523118
0.501566
0.516459
0.501554
0.509486
0.504192
0.494318
0.501015
0.54112
0.518694
0.525439
0.518041
0.516458
0.519
0.540623
0.514138
0.513802
0.513481
0.517383
0.518665
0.515215
0.51942
0.517642
0.576323
0.558896
0.523918
0.531717
0.521336
0.521172
0.64127
0.601765
0.534406
0.519853
0.514814
0.510948
0.50491
0.510302
0.520887
0.580923
0.559826
0.511437
0.597877
0.597036
0.599942
0.605996
0.493458
0.517267
0.525346
0.506274
0.519324
0.5199
0.5256
0.53111
0.50077
0.506086
0.499138
0.50704
0.515872
0.515768
0.527669
0.499536
0.495732
0.505379
0.518426
0.520845
0.595359
0.521591
0.527472
0.532246
0.533579
0.504834
0.510695
0.505445
0.523439
0.524619
0.519283
0.515992
0.51758
0.519786
0.499329
0.509855
0.507523
0.512565
0.513098
0.514186
0.522138
0.523113
0.510963
0.506891
0.533065
0.527908
0.517213
0.51164
0.496826
0.501184
0.515088
0.509078
0.518366
0.517677
0.57282
0.603434
0.524013
0.556934
0.551627
0.56345
0.60375
0.506471
0.500174
0.507692
0.513383
0.525451
0.514313
0.515263
0.517548
0.497602
0.53431
0.530659
0.52215
0.496522
0.499354
0.502391
0.599724
0.535257
0.505149
0.498788
0.531652
0.533347
0.487287
0.497963
0.496798
0.494894
0.611931
0.524168
0.521744
0.529336
0.50991
0.50624
0.509139
0.507207
0.496805
0.513277
0.518461
0.522208
0.519519
0.524881
0.536836
0.542846
0.535155
0.517033
0.506251
0.508288
0.512297
0.618155
0.628813
0.504296
0.520791
0.521325
0.527868
0.516183
0.560797
0.49628
0.503292
0.541465
0.534402
0.533839
0.529289
0.511781
0.588435
0.518034
0.502304
0.506035
0.516833
0.511655
0.509211
0.511542
0.529043
0.511997
0.58614
0.612998
0.503229
0.542677
0.534401
0.522927
0.52423
0.51182
0.533115
0.521539
0.517672
0.499012
0.533569
0.5583
0.540917
0.546205
0.515895
0.52268
0.534777
0.526761
0.526755
0.52984
0.529158
0.508157
0.51402
0.523823
0.511208
0.522638
0.499121
0.503205
0.524739
0.52976
0.52914
0.510163
0.491801
0.497386
0.531902
0.537249
0.500945
0.519645
0.51039
0.54073
0.537989
0.510707
0.519452
0.521876
0.506983
0.547971
0.543276
0.510003
0.514191
0.521724
0.518357
0.513452
0.516612
0.51724
0.522779
0.526319
0.528308
0.504336
0.511761
0.505642
0.51362
0.512837
0.495277
0.498969
0.520672
0.52024
0.552558
0.557099
0.527194
0.530099
0.514434
0.50937
0.502071
0.504509
0.499104
0.545822
0.494074
0.501618
0.501077
0.524914
0.514848
0.519546
0.523808
0.509873
0.50957
0.514987
0.517626
0.488971
0.525158
0.525237
0.510282
0.546733
0.541782
0.53578
0.528447
0.514159
0.507477
0.511036
0.522941
0.631884
0.58985
0.513491
0.526505
0.508053
0.511005
0.537725
0.522843
0.528336
0.512521
0.519468
0.516602
0.520319
0.522293
0.523574
0.529864
0.524129
0.62531
0.544498
0.537292
0.510638
0.497087
0.504126
0.505026
0.495347
0.506013
0.601787
0.542634
0.505257
0.538968
0.538371
0.535907
0.536353
0.55742
0.539347
0.510859
0.511222
0.518511
0.527372
0.529488
0.514067
0.5177
0.51904
0.517895
0.520459
0.519425
0.563198
0.497501
0.502727
0.523182
0.517639
0.511022
0.517128
0.516782
0.511581
0.521023
0.489423
0.507897
0.499764
0.5083
0.50546
0.522113
0.52228
0.520508
0.522395
0.510005
0.49865
0.5054
0.512698
0.51022
0.537857
0.536265
0.535659
0.517949
0.517713
0.511587
0.513809
0.501434
0.524033
0.522452
0.533
0.49557
0.492696
0.508498
0.511067
0.521723
0.521789
0.528476
0.51715
0.523736
0.527521
0.533248
0.51723
0.54334
0.539722
0.489934
0.529552
0.526373
0.510198
0.515708
0.500732
0.508672
0.535874
0.524493
0.496369
0.519265
0.515029
0.50916
0.513514
0.525974
0.525472
0.612804
0.502002
0.505129
0.505756
0.637466
0.614193
0.503246
0.492161
0.530627
0.525087
0.524289
0.522649
0.507297
0.499277
0.517443
0.496909
0.508953
0.51036
0.519076
0.510977
0.537443
0.533415
0.508988
0.561681
0.523091
0.527694
0.500787
0.521122
0.522939
0.652445
0.636281
0.522745
0.536404
0.535685
0.518208
0.537165
0.530133
0.531534
0.515775
0.527748
0.521559
0.503437
0.498942
0.50601
0.51857
0.521958
0.545432
0.516764
0.547981
0.521049
0.522248
0.517581
0.528535
0.527608
0.522613
0.593956
0.493313
0.502413
0.519389
0.519365
0.502914
0.508288
0.609764
0.532483
0.613453
0.623684
0.526504
0.513715
0.54368
0.548234
0.505816
0.512778
0.52805
0.524983
0.53545
0.582534
0.495341
0.504415
0.528562
0.497342
0.501951
0.536459
0.533472
0.515421
0.523568
0.511704
0.531526
0.526938
0.531162
0.497987
0.504569
0.498046
0.517395
0.49925
0.544891
0.510808
0.50522
0.510176
0.549416
0.504038
0.502573
0.559349
0.533952
0.525199
0.525414
0.518108
0.514865
0.517602
0.516461
0.518388
0.59747
0.514032
0.541262
0.505288
0.538717
0.53606
0.517235
0.51073
0.514591
0.507702
0.507285
0.51695
0.516936
0.521105
0.518593
0.625545
0.509863
0.535706
0.532792
0.564527
0.494267
0.494116
0.514603
0.517088
0.518367
0.518638
0.520369
0.519631
0.532896
0.538502
0.531979
0.505773
0.503223
0.523074
0.528636
0.532917
0.517709
0.520767
0.61125
0.515818
0.508058
0.509023
0.494096
0.494723
0.525291
0.525237
0.530381
0.550696
0.511223
0.516242
0.514903
0.511547
0.515348
0.530752
0.495054
0.503183
0.525783
0.500233
0.502988
0.504651
0.632325
0.521977
0.521973
0.520889
0.522312
0.507685
0.495542
0.493064
0.531458
0.522925
0.531738
0.539025
0.53131
0.526273
0.510351
0.522696
0.500905
0.515823
0.517654
0.506205
0.530857
0.531486
0.522994
0.523264
0.529042
0.522386
0.503335
0.525158
0.524961
0.539881
0.538131
0.53198
0.532562
0.531195
0.52583
0.507261
0.535184
0.527915
0.528014
0.518267
0.518094
0.537409
0.526238
0.507612
0.505011
0.517003
0.516209
0.505589
0.50559
0.507063
0.527117
0.521788
0.523052
0.524388
0.498906
0.492043
0.581512
0.570561
0.516817
0.544523
0.528476
0.500795
0.489767
0.515551
0.536139
0.523909
0.521132
0.519235
0.507356
0.51265
0.511774
0.533218
0.536539
0.537129
0.532952
0.5005
0.535745
0.535418
0.583573
0.628148
0.650323
0.512204
0.507387
0.528549
0.509733
0.504812
0.499619
0.504836
0.619603
0.585142
0.524765
0.524734
0.522709
0.530986
0.530724
0.530854
0.528165
0.513683
0.502585
0.520304
0.51627
0.506997
0.496373
0.500169
0.539393
0.535344
0.518168
0.510042
0.511326
0.573444
0.578031
0.533859
0.53696
0.530609
0.509947
0.519698
0.519045
0.510532
0.515156
0.515032
0.517138
0.509529
0.514189
0.516065
0.529455
0.52549
0.493909
0.525862
0.539224
0.533038
0.516328
0.5251
0.56179
0.497221
0.522588
0.491266
0.53887
0.535194
0.536475
0.528712
0.535821
0.540678
0.537585
0.520927
0.528855
0.611265
0.523899
0.524208
0.559303
0.541988
0.523597
0.509469
0.537909
0.534362
0.508471
0.489489
0.533276
0.539062
0.556171
0.564241
0.52635
0.525121
0.519727
0.520349
0.522405
0.495894
0.550207
0.549372
0.522062
0.509197
0.529359
0.530427
0.534292
0.531586
0.529874
0.523323
0.519167
0.523183
0.521114
0.518121
0.519376
0.519012
0.520787
0.558876
0.578352
0.548679
0.554398
0.503425
0.507106
0.501486
0.49464
0.523714
0.517396
0.516182
0.505556
0.52244
0.531427
0.531718
0.529819
0.50871
0.510863
0.541351
0.538102
0.496163
0.504882
0.510588
0.508039
0.510779
0.555449
0.515729
0.541205
0.538835
0.545073
0.622466
0.508304
0.504974
0.490453
0.511767
0.517729
0.515743
0.511745
0.507798
0.509307
0.510604
0.528574
0.535753
0.531223
0.505114
0.533585
0.530447
0.641228
0.503607
0.5318
0.502122
0.508321
0.544583
0.513358
0.530971
0.532513
0.505258
0.500175
0.537106
0.540762
0.537155
0.522319
0.519269
0.540515
0.522942
0.533752
0.546708
0.542334
0.518365
0.636024
0.527751
0.507116
0.510259
0.532847
0.539313
0.570327
0.493144
0.499304
0.526331
0.511824
0.504571
0.531988
0.531194
0.527086
0.513257
0.511682
0.509535
0.529623
0.514906
0.516904
0.521365
0.506038
0.532278
0.50053
0.564972
0.518073
0.515474
0.556372
0.512754
0.515771
0.502535
0.528746
0.535339
0.536681
0.53332
0.50732
0.506516
0.541218
0.537306
0.508721
0.51912
0.518997
0.534126
0.524146
0.523334
0.522679
0.505662
0.507097
0.508882
0.612862
0.544483
0.495495
0.513745
0.506212
0.520201
0.538139
0.520162
0.513943
0.48975
0.543544
0.536095
0.535664
0.49752
0.498347
0.489359
0.505637
0.50931
0.516177
0.52762
0.512535
0.535932
0.532756
0.627243
0.515557
0.506196
0.524562
0.523865
0.513682
0.509451
0.605683
0.528396
0.55301
0.517978
0.516122
0.509332
0.51159
0.544326
0.529423
0.518971
0.528828
0.617911
0.505383
0.502829
0.551334
0.525373
0.503796
0.543661
0.532903
0.518198
0.522026
0.519821
0.506292
0.515675
0.617017
0.518965
0.531155
0.514987
0.498095
0.501342
0.50423
0.500912
0.531614
0.54026
0.533442
0.585484
0.512003
0.552867
0.514506
0.518871
0.51373
0.563322
0.536515
0.535998
0.491712
0.515736
0.495125
0.508696
0.508781
0.511783
0.527753
0.539319
0.592324
0.52093
0.513649
0.677382
0.506947
0.52588
0.521494
0.540298
0.514617
0.51622
0.494987
0.560779
0.513884
0.529705
0.52815
0.532186
0.501158
0.495488
0.499638
0.532526
0.529619
0.508572
0.527507
0.504215
0.543624
0.526135
0.526785
0.517088
0.539433
0.531251
0.513733
0.532755
0.546993
0.53594
0.512622
0.528265
0.53135
0.520536
0.543356
0.521992
0.498731
0.493992
0.532996
0.520051
0.524724
0.503753
0.50387
0.566306
0.495174
0.540853
0.549485
0.52161
0.516434
0.518277
0.535142
0.532144
0.532792
0.540927
0.51864
0.536041
0.559124
0.489643
0.521212
0.525219
0.534548
0.607961
0.542727
0.504121
0.592487
0.528888
0.539707
0.583084
0.541172
0.554871
0.50822
0.512549
0.588982
0.519719
0.524026
0.496096
0.525406
0.528924
0.523229
0.536088
0.527665
0.501812
0.506889
0.533279
0.535707
0.496127
0.502061
0.522209
0.492132
0.506862
0.506422
0.508375
0.506186
0.4939
0.51247
0.515356
0.552434
0.532864
0.511318
0.505214
0.52483
0.52665
0.498366
0.538936
0.503779
0.492453
0.524707
0.511428
0.525748
0.506441
0.564936
0.541007
0.525413
0.523608
0.499415
0.501261
0.512672
0.501412
0.540352
0.500138
0.538305
0.520188
0.600854
0.500823
0.501492
0.549363
0.511986
0.549869
0.512564
0.509437
0.524774
0.50043
0.50728
0.62581
0.490262
0.497727
0.501761
0.491083
0.495123
0.497322
0.537249
0.5276
0.542577
0.488167
0.501805
0.512409
0.51015
0.520593
0.536921
0.528776
0.506904
0.533624
0.561903
0.512722
0.598739
0.508269
0.555553
0.501058
0.534339
0.51218
0.54851
0.491105
0.542805
0.510068
0.534188
0.533813
0.534605
0.533886
0.549161
0.526597
0.519582
0.540527
0.507092
0.507268
0.490766
0.5258
0.530976
0.512028
0.534916
0.531003
0.515546
0.509461
0.530106
0.522761
0.522188
0.516137
0.514879
0.487445
0.516941
0.513316
0.520387
0.637552
0.518435
0.588193
0.534207
0.523049
0.541111
0.520686
0.538643
0.540077
0.535933
0.536038
0.525647
0.521701
0.492228
0.49387
0.543525
0.536236
0.54345
0.541324
0.490005
0.525595
0.522292
0.519694
0.535214
0.550851
0.525953
0.507475
0.530239
0.522668
0.530671
0.535769
0.499595
0.557753
0.535815
0.491987
0.50899
0.494768
0.536943
0.523234
0.500427
0.53676
0.503169
0.503484
0.523567
0.511438
0.502518
0.539001
0.507552
0.533531
0.533298
0.533633
0.517032
0.539995
0.5332
0.538539
0.516786
0.492137
0.540861
0.585533
0.532775
0.498939
0.489915
0.497252
0.534663
0.53374
0.607176
0.523724
0.521944
0.519813
0.525344
0.500078
0.538322
0.5162
0.517808
0.516696
0.538673
0.507818
0.535476
0.496425
0.532252
0.498668
0.533646
0.525972
0.530014
0.56797
0.532799
0.519726
0.504279
0.508973
0.507101
0.521798
0.518908
0.533742
0.495053
0.510724
0.498473
0.49451
0.532863
0.489142
0.536252
0.52001
0.497054
0.50807
0.532201
0.534435
0.50332
0.499844
0.495647
0.496716
0.522782
0.505008
0.504906
0.506618
0.531938
0.523469
0.523613
0.513532
0.496626
0.511296
0.55324
0.514195
0.5219
0.509183
0.537216
0.578178
0.540417
0.521322
0.534269
0.521033
0.490056
0.506342
0.608094
0.498322
0.514331
0.535553
0.523748
0.494738
0.499509
0.536061
0.53083
0.535791
0.532299
0.536104
0.559234
0.497959
0.498623
0.531423
0.495246
0.495044
0.525508
0.540117
0.601963
0.540191
0.512078
0.508072
0.519425
0.50175
0.49608
0.499768
0.506413
0.511222
0.508797
0.530247
0.511487
0.519814
0.512547
0.517857
0.507622
0.512728
0.511812
0.523973
0.527772
0.586566
0.590715
0.512532
0.524642
0.503141
0.516864
0.515183
0.51929
0.520377
0.526609
0.534752
0.540059
0.506807
0.530228
0.512509
0.515154
0.52162
0.521965
0.526818
0.516229
0.525778
0.516449
0.574968
0.572835
0.519652
0.519561
0.522516
0.521475
0.510232
0.525305
0.516704
0.510353
0.515592
0.515633
0.511093
0.527307
0.512535
0.530052
0.5143
0.517705
0.513843
0.510258
0.516705
0.522717
0.526724
0.513437
0.559073
0.533762
0.516013
0.602568
0.514069
0.515563
0.516062
0.512508
0.52285
0.51717
0.517669
0.522235
0.506472
0.519813
0.510786
0.535841
0.521734
0.518245
0.50825
0.515191
0.519775
0.640305
0.630057
0.635308
0.510946
0.518244
0.582735
0.603493
0.599133
0.523153
0.613437
0.514735
0.513053
0.511553
0.525193
0.522029
0.550844
0.518854
0.515207
0.522345
0.577412
0.528949
0.529134
0.517481
0.509678
0.516151
0.521602
0.506386
0.526196
0.522293
0.523676
0.511352
0.507644
0.515067
0.517629
0.523973
0.513819
0.512074
0.513724
0.513645
0.523521
0.498212
0.514969
0.517984
0.52011
0.526226
0.517919
0.52749
0.565028
0.573356
0.510596
0.522296
0.515824
0.522026
0.509995
0.521981
0.512376
0.514108
0.507108
0.515882
0.517519
0.522279
0.51928
0.546412
0.511791
0.519711
0.51599
0.517196
0.545674
0.515061
0.524909
0.502496
0.509638
0.518147
0.525708
0.507644
0.518183
0.517237
0.516142
0.512549
0.534166
0.512341
0.519262
0.516877
0.50337
0.521884
0.518046
0.568468
0.513627
0.509211
0.547907
0.630727
0.613492
0.525672
0.517298
0.498482
0.519734
0.515353
0.522946
0.522234
0.518335
0.525989
0.519545
0.596301
0.613967
0.515879
0.508612
0.519477
0.509647
0.512129
0.509841
0.521632
0.518284
0.522325
0.510675
0.515086
0.515308
0.520796
0.594358
0.514821
0.519015
0.522296
0.533367
0.514035
0.522287
0.516881
0.530856
0.51291
0.524291
0.623707
0.515014
0.513283
0.512978
0.52015
0.511954
0.512631
0.538929
0.558887
0.522277
0.522313
0.513522
0.520256
0.511683
0.523643
0.514374
0.51256
0.510672
0.531258
0.528266
0.516459
0.544703
0.514293
0.51146
0.512825
0.521968
0.516284
0.528045
0.527539
0.514848
0.514132
0.519226
0.536069
0.525123
0.515671
0.512977
0.503739
0.524674
0.531191
0.516879
0.517536
0.507797
0.516773
0.513136
0.509168
0.520539
0.519462
0.579291
0.512712
0.51312
0.549664
0.548875
0.507149
0.530871
0.52742
0.515838
0.514679
0.522007
0.513676
0.506631
0.512409
0.517403
0.521704
0.526875
0.523057
0.516252
0.515009
0.526533
0.602583
0.520692
0.512996
0.573849
0.564108
0.506984
0.522684
0.527021
0.519225
0.50615
0.512599
0.50466
0.557587
0.618251
0.52
0.521037
0.520347
0.519879
0.517764
0.63416
0.505142
0.510336
0.522821
0.577234
0.563399
0.516795
0.520782
0.510198
0.511958
0.512566
0.533582
0.520819
0.520376
0.502712
0.622754
0.52906
0.517917
0.520469
0.531697
0.534783
0.518676
0.522081
0.502233
0.51476
0.527324
0.523743
0.516741
0.510166
0.518472
0.573429
0.517044
0.503198
0.512985
0.530563
0.52317
0.515006
0.514046
0.512879
0.509956
0.518279
0.561668
0.512081
0.522176
0.513163
0.632156
0.516504
0.530191
0.616731
0.563863
0.511956
0.611831
0.500259
0.588375
0.520082
0.512176
0.525946
0.516199
0.524496
0.523159
0.50666
0.551118
0.532465
0.52954
0.508292
0.503653
0.529062
0.522797
0.521995
0.539731
0.515751
0.530807
0.522056
0.508548
0.558746
0.505928
0.532019
0.49847
0.518326
0.528111
0.525168
0.541874
0.597764
0.498277
0.523624
0.530104
0.534573
0.508613
0.526204
0.513918
0.511289
0.625177
0.546291
0.511733
0.509091
0.515882
0.520043
0.521873
0.51883
0.5231
0.526787
0.548433
0.517243
0.531079
0.521843
0.532195
0.51595
0.51867
0.521314
0.516588
0.525926
0.526416
0.528222
0.517477
0.517718
0.529249
0.511387
0.521194
0.525982
0.519089
0.499556
0.517023
0.528013
0.529561
0.497321
0.507463
0.532513
0.539376
0.519348
0.520263
0.530185
0.531608
0.532069
0.534835
0.600489
0.515278
0.506557
0.520766
0.522408
0.516225
0.514623
0.520913
0.512749
0.514383
0.539445
0.509008
0.533183
0.618025
0.521401
0.509363
0.515555
0.527318
0.526478
0.517782
0.511879
0.516441
0.523139
0.50796
0.520185
0.514853
0.51306
0.52645
0.514774
0.623546
0.508415
0.614932
0.518915
0.524531
0.533605
0.517035
0.522864
0.503314
0.601852
0.519066
0.506602
0.517777
0.533149
0.532997
0.50852
0.509693
0.585649
0.516541
0.512334
0.554488
0.53188
0.529128
0.512226
0.509909
0.531777
0.521932
0.499023
0.512239
0.515651
0.5358
0.516474
0.518045
0.517524
0.521547
0.52898
0.533868
0.52564
0.529556
0.527648
0.519682
0.507588
0.516373
0.53727
0.561717
0.510436
0.539487
0.516582
0.587914
0.509557
0.527432
0.511603
0.51854
0.50422
0.518567
0.52095
0.509576
0.512488
0.513463
0.512044
0.509681
0.5013
0.522467
0.522473
0.518914
0.508123
0.523871
0.504124
0.604359
0.618082
0.512726
0.499749
0.508533
0.516005
0.623796
0.631024
0.510506
0.525038
0.505211
0.536323
0.513348
0.510553
0.520369
0.519023
0.541384
0.591304
0.589743
0.508529
0.523176
0.62079
0.540909
0.51577
0.518535
0.530876
0.526087
0.562672
0.528463
0.611561
0.50733
0.516454
0.510456
