0.527985
0.52106
0.523289
0.522209
0.522331
0.520256
0.523574
0.53545
0.52828
0.517516
0.520094
0.518212
0.540734
0.53545
0.533087
0.525654
0.525103
0.517078
0.541217
0.515192
0.53856
0.524615
0.527082
0.530728
0.526967
0.529027
0.534128
0.531667
0.530363
0.542224
0.540917
0.526881
0.536238
0.522671
0.538108
0.518708
0.544979
0.545016
0.532883
0.539096
0.526303
0.522821
0.516016
0.51704
0.537081
0.537878
0.534502
0.530841
0.534475
0.524154
0.517746
0.526756
0.519625
0.525894
0.530356
0.539471
0.518911
0.519807
0.53798
0.52057
0.524276
0.518279
0.526499
0.524788
0.522366
0.527086
0.529833
0.540963
0.534948
0.525898
0.536045
0.527091
0.515128
0.543517
0.537388
0.522942
0.524109
0.536652
0.522654
0.528655
0.526372
0.520835
0.520837
0.522878
0.520471
0.530643
0.523615
0.525329
0.523239
0.521373
0.51969
0.521799
0.52233
0.530313
0.539345
0.531985
0.522347
0.522337
0.52996
0.530526
0.531763
0.522947
0.522081
0.522626
0.519356
0.527785
0.508582
0.535003
0.51834
0.523418
0.525459
0.540157
0.532016
0.527632
0.52311
0.517774
0.534932
0.523031
0.522979
0.520646
0.532036
0.527578
0.528028
0.521864
0.533385
0.52725
0.516818
0.519099
0.521644
0.518902
0.517107
0.519508
0.524132
0.524889
0.52828
0.526014
0.519517
0.529733
0.532534
0.52565
0.531874
0.537781
0.547974
0.517214
0.523297
0.530625
0.529909
0.535592
0.525075
0.525811
0.527545
0.529604
0.526625
0.504963
0.51951
0.53331
0.527259
0.524003
0.527447
0.531547
0.526095
0.534142
0.546455
0.542372
0.541592
0.52612
0.526641
0.531726
0.52962
0.523781
0.52643
0.529662
0.522207
0.522678
0.522563
0.528769
0.539687
0.522217
0.514588
0.527169
0.530106
0.514005
0.526065
0.519222
0.540094
0.532497
0.527917
0.536775
0.529739
0.521135
0.524811
0.523144
0.525698
0.524388
0.522177
0.528731
0.535094
0.521304
0.53002
0.539827
0.514095
0.520668
0.532143
0.524667
0.530996
0.521527
0.524957
0.521158
0.528757
0.530243
0.52976
0.526883
0.524201
0.531608
0.520869
0.523225
0.525388
0.526667
0.523431
0.540551
0.537976
0.53377
0.529031
0.509913
0.525948
0.526285
0.531613
0.541087
0.538821
0.517316
0.522025
0.520929
0.521853
0.532939
0.522714
0.522337
0.521674
0.521972
0.52523
0.525387
0.498179
0.516464
0.510686
0.52264
0.527995
0.531187
0.519962
0.52788
0.532015
0.52763
0.531359
0.524357
0.525593
0.524568
0.526223
0.530316
0.526148
0.527898
0.525577
0.528993
0.523677
0.516589
0.534188
0.535111
0.526885
0.52702
0.53038
0.535985
0.515583
0.515459
0.542363
0.53798
0.521251
0.531441
0.528306
0.52935
0.527532
0.526011
0.517938
0.519258
0.521595
0.523376
0.528779
0.539758
0.534053
0.546499
0.531248
0.506754
0.549737
0.523965
0.519753
0.532968
0.524733
0.534274
0.531413
0.513488
0.531519
0.513314
0.523569
0.523045
0.526704
0.522688
0.521003
0.521154
0.516457
0.531464
0.532437
0.533311
0.526229
0.525614
0.526578
0.53166
0.521706
0.522272
0.523609
0.524736
0.525943
0.524299
0.523864
0.519638
0.517641
0.518174
0.531646
0.523565
0.508036
0.521245
0.522746
0.53137
0.521388
0.52109
0.522905
0.521298
0.515564
0.51686
0.521442
0.524772
0.53017
0.522425
0.525383
0.524935
0.524287
0.520408
0.523045
0.525613
0.52777
0.538603
0.535504
0.521842
0.522309
0.5172
0.522024
0.522478
0.520781
0.527867
0.522642
0.527534
0.514346
0.520965
0.522536
0.518482
0.526159
0.530068
0.524563
0.538652
0.531928
0.515145
0.526111
0.521454
0.521683
0.510658
0.534143
0.538151
0.524721
0.521596
0.53645
0.533146
0.529945
0.525278
0.530305
0.528074
0.519464
0.517003
0.526293
0.524468
0.518937
0.52176
0.531057
0.521148
0.527996
0.522584
0.522405
0.523841
0.527497
0.520389
0.523193
0.530674
0.522908
0.528066
0.522615
0.531276
0.518112
0.531618
0.525158
0.538959
0.530254
0.531459
0.536932
0.51958
0.531162
0.52772
0.526959
0.522452
0.532774
0.536654
0.537655
0.520328
0.520887
0.527245
0.557068
0.521066
0.508971
0.525473
0.530177
0.523016
0.545304
0.557025
0.529047
0.524416
0.531123
0.519628
0.524182
0.530572
0.518513
0.510259
0.51596
0.514003
0.515844
0.524878
0.519408
0.520196
0.536055
0.52013
0.528977
0.529404
0.51265
0.520226
0.521906
0.520526
0.54062
0.540815
0.520462
0.51349
0.52684
0.53685
0.511279
0.5197
0.520008
0.518706
0.523168
0.524551
0.531237
0.523011
0.536528
0.538429
0.527493
0.520425
0.530993
0.533031
0.510581
0.515701
0.532418
0.532074
0.523175
0.519574
0.535199
0.537295
0.522245
0.522294
0.538722
0.517938
0.525903
0.526192
0.523497
0.523878
0.521777
0.526016
0.5231
0.536515
0.53996
0.538061
0.5342
0.539567
0.521737
0.537034
0.509524
0.5263
0.517998
0.520097
0.518259
0.53917
0.523784
0.525594
0.526773
0.526863
0.530413
0.518675
0.517991
0.518133
0.522365
0.524478
0.51634
0.527977
0.52077
0.524603
0.522936
0.541801
0.526784
0.541402
0.535993
0.530361
0.522994
0.531451
0.527539
0.527935
0.525913
0.524484
0.521407
0.515774
0.529757
0.524135
0.523677
0.518075
0.528625
0.529032
0.527937
0.534521
0.523459
0.521349
0.541812
0.520613
0.522865
0.525734
0.524658
0.534166
0.532245
0.533305
0.523822
0.536907
0.530503
0.50884
0.533761
0.525151
0.532867
0.518488
0.539706
0.520452
0.522205
0.523705
0.511561
0.527575
0.526876
0.533719
0.520354
0.514309
0.524939
0.533586
0.519763
0.520065
0.519214
0.524254
0.54011
0.522066
0.525366
0.518921
0.530178
0.535287
0.523926
0.527806
0.523036
0.528465
0.523864
0.531158
0.537897
0.521423
0.52876
0.523289
0.537503
0.522225
0.517141
0.522158
0.526516
0.533662
0.523312
0.523615
0.521864
0.529199
0.516279
0.524125
0.529036
0.521154
0.531691
0.531513
0.527351
0.528343
0.521804
0.515492
0.521514
0.516728
0.523621
0.515683
0.528967
0.525481
0.526246
0.52239
0.522801
0.521343
0.523106
0.521637
0.539196
0.525844
0.518633
0.519054
0.520475
0.531845
0.507383
0.519213
0.522785
0.520078
0.524367
0.523269
0.533086
0.514972
0.529875
0.529687
0.523862
0.527017
0.518996
0.519055
0.522167
0.521435
0.521709
0.525674
0.531599
0.524715
0.511368
0.526587
0.527123
0.528079
0.530851
0.522492
0.5319
0.520073
0.520285
0.527322
0.521213
0.538342
0.526788
0.526336
0.543422
0.5378
0.53603
0.529296
0.519064
0.517383
0.538384
0.536582
0.530319
0.534327
0.518121
0.509719
0.523756
0.529522
0.528122
0.520014
0.524465
0.515839
0.520915
0.528101
0.517842
0.543772
0.519878
0.516409
0.528359
0.529681
0.530745
0.531864
0.522259
0.541146
0.526324
0.519891
0.520669
0.533233
0.526651
0.516809
0.519342
0.526712
0.528364
0.52373
0.51716
0.518514
0.522831
0.523119
0.52328
0.521319
0.533601
0.525153
0.516775
0.513942
0.524461
0.529423
0.527587
0.529435
0.532342
0.529159
0.523769
0.515175
0.517338
0.525679
0.52168
0.526982
0.523072
0.517378
0.517795
0.523603
0.523256
0.519136
0.524389
0.518008
0.516796
0.52298
0.534747
0.5191
0.535725
0.519639
0.527306
0.511226
0.525856
0.519488
0.512061
0.519731
0.52125
0.530534
0.513536
0.533779
0.534006
0.533056
0.531644
0.522986
0.526989
0.50874
0.523933
0.517058
0.535654
0.523699
0.520446
0.529865
0.528555
0.531002
0.511226
0.528431
0.504966
0.52495
0.519154
0.522593
0.531554
0.527087
0.521827
0.519407
0.53866
0.533263
0.523357
0.522428
0.532765
0.519585
0.53064
0.517797
0.526477
0.524815
0.518937
0.521409
0.512989
0.516758
0.508847
0.521812
0.51667
0.527922
0.521501
0.541898
0.525714
0.521662
0.518271
0.521126
0.50947
0.518287
0.521735
0.529121
0.527284
0.519255
0.526756
0.516905
0.519686
0.529291
0.51844
0.508048
0.517666
0.515027
0.517508
0.511148
0.517534
0.533053
0.525947
0.515993
0.510949
0.527343
0.516127
0.510616
0.508359
0.507579
0.526046
0.535505
0.531328
0.517881
0.517127
0.519523
0.529025
0.525764
0.519529
0.526988
0.530474
0.528237
0.526931
0.519787
0.48491
0.532518
0.537329
0.520182
0.521896
0.531272
0.524879
0.521287
0.522824
0.532924
0.505131
0.531522
0.518383
0.524326
0.523206
0.520065
0.528114
0.503905
0.528157
0.519045
0.531387
0.530571
0.531741
0.533115
0.524812
0.524421
0.524986
0.527981
0.533104
0.537761
0.520489
0.526278
0.522513
0.525951
0.528864
0.523448
0.520802
0.524366
0.521217
0.533071
0.535119
0.532062
0.532941
0.529907
0.529161
0.52492
0.52756
0.535134
0.53261
0.530378
0.533268
0.528909
0.524911
0.526175
0.528954
0.530489
0.542424
0.528253
0.533908
0.514803
0.514683
0.527959
0.52868
0.528109
0.523766
0.532464
0.519678
0.527333
0.520847
0.50357
0.533619
0.526995
0.528555
0.526097
0.519254
0.532794
0.519783
0.533586
0.522867
0.508092
0.539714
0.523882
0.537867
0.523951
0.521741
0.530445
0.544261
0.533879
0.529394
0.520109
0.519167
0.524284
0.529678
0.520836
0.521608
0.531409
0.53318
0.526341
0.508368
0.528641
0.515601
0.541342
0.521488
0.538078
0.522311
0.537973
0.526754
0.519562
0.520842
0.521326
0.522984
0.528223
0.531614
0.528112
0.526327
0.526281
0.520531
0.52329
0.520536
0.502374
0.527455
0.519532
0.530243
0.529788
0.526343
0.521927
0.540842
0.523695
0.522498
0.516511
0.52993
0.527324
0.524409
0.520164
0.527451
0.522511
0.528092
0.516342
0.527556
0.525024
0.517027
0.531414
0.524605
0.528597
0.532721
0.522795
0.532049
0.525097
0.518721
0.521458
0.526025
0.541486
0.530673
0.525493
0.525086
0.509086
0.529719
0.528569
0.521082
0.522914
0.523926
0.52924
0.526563
0.524154
0.524813
0.528608
0.514535
0.530759
0.5271
0.533197
0.541165
0.538128
0.52626
0.522381
0.524626
0.523922
0.528978
0.525285
0.518782
0.528555
0.522459
0.523339
0.518871
0.529806
0.541798
0.517942
0.535089
0.53225
0.525852
0.522277
0.522504
0.531661
0.521829
0.526169
0.517011
0.539469
0.51719
0.52846
0.53062
0.521942
0.540182
0.532201
0.535114
0.524975
0.515709
0.530786
0.530655
0.513397
0.525996
0.519099
0.532913
0.530611
0.524127
0.52061
0.523023
0.541742
0.521846
0.530834
0.529844
0.538442
0.52197
0.52217
0.528447
0.523614
0.526794
0.51833
0.530029
0.537028
0.522427
0.521361
0.533073
0.536231
0.540982
0.528587
0.513516
0.530528
0.531788
0.531821
0.525658
0.521946
0.53184
0.529177
0.526763
0.520988
0.538462
0.540225
0.537968
0.523273
0.520797
0.519357
0.522086
0.520412
0.5376
0.522081
0.521352
0.521488
0.517413
0.53382
0.517324
0.533244
