0.528807
0.524237
0.528411
0.535841
0.541756
0.531247
0.500036
0.507127
0.526779
0.521473
0.518294
0.518198
0.504639
0.495652
0.505078
0.509021
0.517426
0.513174
0.643495
0.648054
0.544936
0.550023
0.551533
0.53553
0.54197
0.545051
0.527716
0.519526
0.508021
0.508954
0.541901
0.505957
0.603562
0.596256
0.525416
0.530087
0.516575
0.51655
0.509719
0.516602
0.504732
0.588272
0.577632
0.539305
0.533562
0.540187
0.535318
0.525674
0.531897
0.583823
0.573734
0.558695
0.498717
0.502393
0.523789
0.536999
0.634201
0.637503
0.538859
0.530346
0.523888
0.622148
0.500742
0.515284
0.511956
0.510916
0.514236
0.516486
0.515364
0.510014
0.541541
0.534911
0.514288
0.511432
0.514472
0.522627
0.52468
0.549643
0.517379
0.518959
0.606057
0.564303
0.572766
0.540025
0.517466
0.522945
0.507185
0.522128
0.521661
0.520657
0.519569
0.51783
0.508474
0.504634
0.496296
0.502665
0.640435
0.674252
0.534442
0.510454
0.49553
0.501854
0.540393
0.535723
0.566513
0.551345
0.516484
0.522864
0.522267
0.536237
0.536673
0.537197
0.583318
0.591289
0.499182
0.504459
0.538961
0.545573
0.518013
0.51742
0.514228
0.505703
0.504998
0.521373
0.518963
0.562176
0.58479
0.547639
0.523263
0.522939
0.52258
0.526839
0.506526
0.519746
0.519969
0.530452
0.527009
0.520864
0.521432
0.517863
0.516269
0.52639
0.527837
0.492787
0.557893
0.518039
0.515409
0.540213
0.530049
0.517209
0.509932
0.529911
0.490573
0.510285
0.518741
0.511979
0.529729
0.504628
0.515104
0.511524
0.514281
0.518369
0.518676
0.511693
0.589931
0.591389
0.504389
0.504819
0.519539
0.517794
0.509616
0.51821
0.511255
0.512864
0.511568
0.528769
0.522667
0.53947
0.546547
0.543452
0.503587
0.508785
0.50246
0.556625
0.526257
0.57753
0.524625
0.522814
0.507872
0.541079
0.533322
0.535266
0.536559
0.532294
0.520771
0.528349
0.503504
0.507401
0.513737
0.51543
0.510053
0.494151
0.500269
0.542992
0.536473
0.518208
0.524237
0.511518
0.516132
0.527149
0.531261
0.528411
0.541876
0.534213
0.514356
0.516482
0.512147
0.512291
0.513477
0.514769
0.52309
0.516777
0.572967
0.556512
0.528719
0.519898
0.534812
0.535851
0.529732
0.513999
0.521563
0.518557
0.502815
0.513697
0.509246
0.521199
0.58363
0.517318
0.515495
0.596315
0.595708
0.508914
0.509885
0.511262
0.515324
0.519492
0.511286
0.514569
0.519613
0.523236
0.528459
0.506562
0.50664
0.512024
0.51033
0.513055
0.509421
0.534532
0.50414
0.496189
0.508821
0.518175
0.519251
0.530763
0.537986
0.504478
0.510197
0.503814
0.526787
0.496508
0.503878
0.501828
0.531886
0.530091
0.517799
0.519583
0.49721
0.509015
0.50558
0.516801
0.517746
0.507555
0.514556
0.53042
0.494667
0.522708
0.523302
0.518488
0.514852
0.603908
0.638938
0.639123
0.657983
0.524439
0.552861
0.515572
0.517754
0.51169
0.500459
0.509481
0.514236
0.5131
0.516004
0.514449
0.515175
0.515199
0.507373
0.509209
0.507484
0.498933
0.497751
0.514128
0.505238
0.492756
0.497248
0.573144
0.594827
0.520228
0.519164
0.581791
0.536081
0.502774
0.504388
0.62147
0.496957
0.603267
0.507766
0.50634
0.518818
0.527968
0.506337
0.495748
0.500565
0.512271
0.517277
0.51801
0.501946
0.527901
0.529456
0.511333
0.535459
0.531101
0.505847
0.521028
0.511461
0.621591
0.520503
0.526442
0.525502
0.518237
0.566943
0.496244
0.502715
0.517324
0.523787
0.541179
0.536519
0.510571
0.513808
0.518454
0.594772
0.589629
0.519025
0.513835
0.519187
0.510416
0.508083
0.504371
0.512437
0.512785
0.508664
0.504354
0.613918
0.632782
0.513654
0.510807
0.512737
0.502085
0.542357
0.534553
0.523201
0.523592
0.521759
0.509958
0.521387
0.519832
0.521091
0.497716
0.53474
0.532579
0.544161
0.534458
0.524711
0.532081
0.526742
0.530814
0.503677
0.513018
0.518701
0.521534
0.521223
0.512427
0.516886
0.521922
0.498064
0.512102
0.526857
0.530616
0.528238
0.521134
0.532723
0.536419
0.495097
0.499621
0.614597
0.516295
0.544216
0.538286
0.510188
0.51462
0.517975
0.50585
0.50891
0.540681
0.546937
0.551436
0.509845
0.511984
0.513914
0.514621
0.513754
0.523526
0.506777
0.5162
0.525412
0.517058
0.512338
0.512482
0.497269
0.500237
0.552149
0.550207
0.526887
0.520346
0.51544
0.501607
0.541743
0.497172
0.539036
0.519637
0.518071
0.535585
0.536101
0.531311
0.515191
0.522259
0.490954
0.494744
0.556139
0.573751
0.513607
0.514088
0.512012
0.5266
0.524959
0.506301
0.508047
0.509619
0.511828
0.513768
0.515614
0.568794
0.51547
0.52147
0.502733
0.505887
0.514725
0.492556
0.500809
0.529079
0.50684
0.507234
0.513091
0.521638
0.522829
0.529778
0.530397
0.534062
0.524957
0.55736
0.540751
0.540026
0.509191
0.506376
0.507747
0.49927
0.504979
0.496354
0.504921
0.499463
0.584505
0.549432
0.508916
0.50252
0.541982
0.604779
0.609353
0.503745
0.509186
0.502749
0.515986
0.527736
0.528911
0.52431
0.526279
0.552125
0.498592
0.504976
0.502778
0.520575
0.511112
0.516954
0.517742
0.50771
0.535427
0.54483
0.52242
0.494234
0.501416
0.521651
0.493442
0.498667
0.50752
0.520275
0.508987
0.498572
0.53198
0.539079
0.518072
0.520108
0.510585
0.512009
0.501419
0.501661
0.562942
0.51264
0.501825
0.629017
0.53464
0.517598
0.518258
0.511438
0.514608
0.588738
0.508155
0.533378
0.520535
0.689165
0.677567
0.510629
0.521611
0.523375
0.496746
0.493039
0.513593
0.512673
0.506604
0.512095
0.519216
0.520536
0.518406
0.514973
0.518572
0.528243
0.524944
0.52428
0.522062
0.521005
0.520226
0.532947
0.518052
0.489606
0.512402
0.520323
0.528677
0.514105
0.509505
0.504052
0.50676
0.506041
0.497978
0.519722
0.519132
0.513483
0.526747
0.627249
0.623294
0.582884
0.614085
0.642272
0.510723
0.515115
0.491529
0.496415
0.522122
0.522691
0.52755
0.505885
0.52651
0.521145
0.498047
0.509088
0.516587
0.520368
0.514929
0.510548
0.517041
0.522303
0.520655
0.521294
0.633498
0.52464
0.522721
0.511197
0.52674
0.635093
0.58551
0.510737
0.535143
0.53867
0.536265
0.518813
0.54407
0.54076
0.535964
0.540085
0.530404
0.529332
0.517865
0.501066
0.506402
0.51697
0.518989
0.494607
0.542404
0.518046
0.581911
0.522758
0.522816
0.529032
0.527568
0.524905
0.613567
0.497413
0.502532
0.499702
0.509697
0.643412
0.647813
0.53706
0.529155
0.526882
0.511354
0.54277
0.539723
0.528313
0.534227
0.580618
0.540072
0.506748
0.495534
0.500591
0.505819
0.530698
0.529103
0.497242
0.499474
0.495161
0.499405
0.515681
0.495658
0.496778
0.545198
0.507001
0.50468
0.504624
0.534902
0.517924
0.520933
0.520376
0.512127
0.520881
0.519919
0.501311
0.515592
0.517329
0.516584
0.51763
0.566678
0.541588
0.50874
0.538256
0.519498
0.536481
0.506074
0.514579
0.516131
0.51596
0.520216
0.516349
0.511044
0.525704
0.554365
0.574125
0.494229
0.49496
0.507342
0.514979
0.516437
0.51438
0.519729
0.518784
0.519007
0.521823
0.526532
0.521113
0.532372
0.538031
0.531567
0.612464
0.618318
0.504822
0.506256
0.52218
0.526956
0.541953
0.535316
0.527976
0.526523
0.515927
0.612965
0.506707
0.516843
0.489665
0.510338
0.523952
0.536253
0.525144
0.549525
0.548886
0.513405
0.519413
0.518323
0.536355
0.53546
0.528386
0.499717
0.49973
0.500951
0.504694
0.518818
0.518462
0.536943
0.522467
0.519664
0.508195
0.501614
0.532814
0.538434
0.53371
0.509044
0.525405
0.545652
0.523075
0.503255
0.521533
0.521854
0.513044
0.519195
0.519404
0.517025
0.518101
0.510119
0.527926
0.531401
0.532504
0.674213
0.522617
0.521416
0.4929
0.502077
0.525746
0.524504
0.522594
0.508022
0.524812
0.54081
0.512522
0.514172
0.516814
0.527623
0.531982
0.508089
0.507999
0.527602
0.522762
0.524088
0.509174
0.506912
0.521392
0.514814
0.515332
0.505368
0.504954
0.50765
0.633368
0.584404
0.574969
0.543906
0.536882
0.499073
0.490476
0.533811
0.52124
0.505334
0.510354
0.525821
0.53338
0.53862
0.51878
0.536119
0.536
0.534831
0.535228
0.533854
0.528985
0.643554
0.500948
0.531642
0.534282
0.533921
0.511676
0.532938
0.533383
0.541248
0.486833
0.523889
0.519036
0.532153
0.514411
0.500259
0.498201
0.514918
0.519673
0.524618
0.507501
0.495936
0.500292
0.540694
0.536708
0.507089
0.510692
0.517492
0.508948
0.51117
0.569206
0.578291
0.530922
0.5204
0.517246
0.519619
0.508839
0.532338
0.528941
0.527237
0.543756
0.542807
0.509694
0.509518
0.612676
0.579915
0.519094
0.512655
0.53276
0.537224
0.528186
0.493711
0.528806
0.539598
0.535051
0.515557
0.615895
0.633421
0.526451
0.524287
0.495615
0.52552
0.531333
0.518234
0.493764
0.497934
0.534889
0.539525
0.534992
0.531116
0.537615
0.535974
0.540598
0.529069
0.629133
0.635824
0.52448
0.508274
0.541401
0.537718
0.506382
0.490081
0.536263
0.528841
0.535228
0.555375
0.560597
0.562368
0.51939
0.517952
0.518516
0.520246
0.568596
0.584257
0.55535
0.527196
0.529731
0.509927
0.511314
0.533241
0.505615
0.5209
0.518297
0.643029
0.506586
0.501945
0.493049
0.520567
0.515465
0.514661
0.504611
0.522357
0.529029
0.540799
0.494333
0.499265
0.512249
0.551736
0.535473
0.525868
0.543255
0.539438
0.548294
0.647362
0.507194
0.504943
0.489241
0.495421
0.517547
0.519679
0.511578
0.548942
0.508231
0.510392
0.511424
0.494173
0.53174
0.527834
0.649892
0.498029
0.531961
0.497468
0.521726
0.529486
0.529667
0.510626
0.507915
0.536216
0.540015
0.518118
0.507754
0.54455
0.53718
0.51179
0.536349
0.523881
0.541411
0.510258
0.52156
0.536169
0.535455
0.535341
0.552989
0.550365
0.523328
0.508699
0.6022
0.527159
0.507363
0.509714
0.504904
0.544762
0.53323
0.494483
0.524796
0.538872
0.52261
0.506877
0.502122
0.532248
0.603946
0.515639
0.50987
0.532043
0.499667
0.519989
0.551941
0.514758
0.513461
0.546684
0.548608
0.530601
0.536481
0.530111
0.509927
0.510449
0.516693
0.507026
0.540298
0.498752
0.518943
0.519334
0.552867
0.546301
0.524356
0.524178
0.524649
0.526005
0.523025
0.519862
0.521178
0.640754
0.492214
0.533078
0.532308
0.531842
0.600787
0.542771
0.518124
0.510862
0.49044
0.492817
0.53863
0.496907
0.498569
0.494613
0.488722
0.500665
0.516071
0.533618
0.581778
0.515807
0.515655
0.500293
0.505744
0.620682
0.522206
0.513927
0.488596
0.648069
0.531413
0.509276
0.503317
0.527711
0.536425
0.529128
0.515227
0.518031
0.494668
0.50873
0.503662
0.566693
0.525458
0.532727
0.525484
0.540157
0.519427
0.516652
0.500426
0.512545
0.550821
0.556236
0.517237
0.51562
0.507535
0.53182
0.526955
0.526514
0.521834
0.514075
0.51791
0.532902
0.514331
0.538993
0.535081
0.578964
0.550378
0.511867
0.519368
0.547213
0.499308
0.518069
0.619671
0.521824
0.518972
0.534403
0.56033
0.537747
0.544322
0.536182
0.50782
0.543487
0.55033
0.516362
0.509477
0.522915
0.623946
0.515947
0.526407
0.53963
0.524503
0.653427
0.530543
0.530407
0.51725
0.517637
0.508525
0.631144
0.676821
0.501541
0.53537
0.521501
0.52011
0.532122
0.493273
0.517388
0.498092
0.559872
0.566011
0.529864
0.528132
0.532571
0.509724
0.503223
0.498886
0.523131
0.509669
0.508412
0.498915
0.528247
0.524428
0.526034
0.517322
0.542757
0.511163
0.49409
0.522309
0.518492
0.541171
0.502223
0.535393
0.494941
0.513995
0.553215
0.50042
0.525655
0.55149
0.549316
0.521129
0.497831
0.544168
0.535806
0.524694
0.519806
0.525224
0.503019
0.533158
0.494095
0.531404
0.508885
0.541355
0.519764
0.513745
0.51274
0.503493
0.516113
0.525324
0.512365
0.537322
0.521257
0.535535
0.540384
0.557333
0.521084
0.530754
0.525437
0.538713
0.536434
0.49807
0.498462
0.492264
0.542147
0.503024
0.508674
0.509786
0.503242
0.506218
0.563775
0.528276
0.546959
0.578539
0.520233
0.494946
0.522371
0.523945
0.523495
0.499438
0.521564
0.507546
0.522143
0.494505
0.501752
0.501921
0.538327
0.504263
0.504872
0.499241
0.50817
0.53483
0.514686
0.550042
0.537578
0.534076
0.517537
0.530914
0.526553
0.505062
0.505681
0.495154
0.494595
0.496895
0.521372
0.518639
0.503482
0.499612
0.526925
0.525145
0.498511
0.538241
0.512796
0.499956
0.505474
0.541414
0.549691
0.516535
0.521267
0.494934
0.499502
0.522422
0.493449
0.521497
0.519254
0.530894
0.508183
0.611357
0.647875
0.493774
0.496337
0.542639
0.502157
0.499145
0.509383
0.536773
0.542404
0.487593
0.515536
0.52068
0.529109
0.500908
0.52002
0.532108
0.547227
0.611613
0.617245
0.498354
0.510936
0.558575
0.533745
0.552653
0.509776
0.533047
0.533355
0.534022
0.506692
0.554918
0.49951
0.506777
0.535019
0.489316
0.530419
0.523124
0.540455
0.492545
0.497433
0.535897
0.503841
0.532022
0.520136
0.517266
0.516264
0.485784
0.514135
0.534357
0.488618
0.517727
0.592644
0.540815
0.5387
0.540561
0.534658
0.53284
0.530508
0.525028
0.504777
0.607698
0.491972
0.500425
0.533304
0.541133
0.535134
0.515297
0.541323
0.505247
0.489391
0.524635
0.518309
0.536618
0.513372
0.512064
0.544424
0.511766
0.532814
0.620514
0.505507
0.521832
0.540562
0.621735
0.543536
0.502888
0.520591
0.553946
0.535087
0.508593
0.493083
0.523275
0.522469
0.643401
0.537719
0.532862
0.512722
0.533087
0.5083
0.510612
0.536937
0.543292
0.534867
0.537822
0.532615
0.526504
0.632584
0.512312
0.51511
0.54004
0.51607
0.535471
0.543232
0.526582
0.49831
0.50235
0.541903
0.547524
0.500714
0.532644
0.53238
0.521892
0.63509
0.491832
0.522595
0.521734
0.490115
0.523457
0.597119
0.504793
0.506361
0.517707
0.520595
0.540631
0.493183
0.527994
0.595666
0.513284
0.520447
0.52982
0.533144
0.522402
0.53961
0.542102
0.51272
0.496877
0.490854
0.533737
0.489017
0.4968
0.495189
0.535332
0.510075
0.564534
0.496914
0.500647
0.490558
0.514682
0.508562
0.504014
0.53572
0.495649
0.498899
0.522968
0.519964
0.526163
0.513647
0.511606
0.530456
0.541097
0.547191
0.496127
0.539003
0.579926
0.533156
0.542053
0.53645
0.498504
0.556295
0.507812
0.511401
0.50739
0.52286
0.496316
0.497446
0.522299
0.529744
0.571659
0.505207
0.535766
0.496198
0.524897
0.492261
0.495817
0.501774
0.534027
0.542345
0.538846
0.505672
0.505576
0.502838
0.533506
0.497421
0.503229
0.496252
0.495037
0.499441
0.536965
0.511637
0.50853
0.522734
0.515732
0.520368
0.52035
0.50866
0.520537
0.517119
0.518278
0.515003
0.511065
0.519858
0.669893
0.513792
0.525081
0.530676
0.522195
0.521087
0.506923
0.516536
0.515912
0.515205
0.51576
0.5181
0.520327
0.51176
0.52691
0.524721
0.516798
0.51646
0.507594
0.505129
0.512756
0.537518
0.528517
0.513539
0.580285
0.511692
0.503814
0.513099
0.558017
0.51715
0.514671
0.518878
0.523354
0.519552
0.574327
0.565842
0.568326
0.574908
0.509435
0.512953
0.506276
0.523635
0.521298
0.514534
0.510966
0.506052
0.516833
0.517819
0.516375
0.511423
0.527709
0.50649
0.512621
0.616526
0.526813
0.509475
0.600026
0.599446
0.511328
0.513322
0.52387
0.521341
0.60251
0.512457
0.525755
0.582346
0.520541
0.523351
0.519122
0.512894
0.530289
0.512943
0.535283
0.532319
0.507068
0.514958
0.606463
0.514125
0.522312
0.520122
0.506786
0.520104
0.517895
0.522726
0.530234
0.519147
0.507728
0.513285
0.504123
0.51566
0.522314
0.516009
0.510882
0.512333
0.514302
0.52849
0.524644
0.529432
0.519917
0.520952
0.534032
0.513533
0.518434
0.529983
0.534615
0.513087
0.530575
0.514174
0.643034
0.564197
0.508005
0.530962
0.638791
0.521291
0.522834
0.642233
0.511944
0.513085
0.510383
0.512825
0.655385
0.517995
0.522591
0.539782
0.511698
0.518844
0.516139
0.516356
0.512153
0.570892
0.547584
0.527544
0.505804
0.517055
0.52976
0.51487
0.515569
0.510084
0.533871
0.511835
0.514519
0.513465
0.517397
0.509238
0.552602
0.496807
0.505579
0.516508
0.603098
0.520839
0.513169
0.518043
0.546164
0.542966
0.518076
0.519126
0.518336
0.522343
0.524699
0.523506
0.52107
0.517578
0.523418
0.520449
0.515092
0.515171
0.512926
0.510761
0.510883
0.535122
0.529483
0.515324
0.544208
0.513183
0.506266
0.512523
0.513462
0.526118
0.513244
0.527005
0.508983
0.513125
0.523078
0.568305
0.506082
0.546102
0.511437
0.527231
0.518182
0.510563
0.523549
0.523317
0.521435
0.514409
0.51018
0.540267
0.522289
0.512857
0.556365
0.518006
0.518176
0.514235
0.5336
0.511281
0.516895
0.518393
0.53057
0.536403
0.514979
0.516417
0.511918
0.514515
0.521781
0.51669
0.523505
0.524399
0.515044
0.520247
0.569425
0.517795
0.515493
0.525322
0.521134
0.502995
0.51395
0.512098
0.508979
0.527923
0.531746
0.517816
0.509605
0.513673
0.522563
0.519731
0.510547
0.517185
0.59633
0.519559
0.506679
0.532552
0.512811
0.516526
0.517651
0.516227
0.519488
0.514956
0.517367
0.605814
0.509783
0.511217
0.514519
0.52108
0.610503
0.524223
0.52973
0.512055
0.517359
0.520827
0.51367
0.517134
0.526046
0.518131
0.510617
0.513563
0.523173
0.540811
0.584363
0.511753
0.510493
0.515125
0.509708
0.52006
0.596279
0.509541
0.513987
0.518019
0.521403
0.561107
0.51983
0.57608
0.51794
0.521498
0.508649
0.58702
0.545299
0.527907
0.524352
0.530612
0.517297
0.537249
0.505638
0.522561
0.523487
0.506562
0.627571
0.517441
0.516894
0.525568
0.519649
0.504058
0.517572
0.528275
0.533365
0.525193
0.518277
0.515829
0.511427
0.528481
0.516116
0.531389
0.516625
0.550193
0.535737
0.521418
0.627234
0.522095
0.50903
0.543503
0.539297
0.553007
0.519958
0.53228
0.530002
0.526984
0.51874
0.532854
0.530044
0.515033
0.533209
0.531805
0.508173
0.517341
0.505189
0.518858
0.52221
0.546038
0.502033
0.512872
0.507881
0.522119
0.52828
0.53464
0.508491
0.530276
0.503283
0.522915
0.511145
0.533365
0.52252
0.522606
0.514396
0.512295
0.53307
0.635203
0.518948
0.504406
0.497007
0.52192
0.531296
0.496345
0.528376
0.528743
0.515986
0.516131
0.515679
0.521935
0.528467
0.501183
0.516099
0.524923
0.506018
0.507444
0.518359
0.51179
0.507348
0.52728
0.522944
0.523147
0.511432
0.514318
0.509269
0.525785
0.510826
0.518084
0.511618
0.507876
0.505453
0.504035
0.517189
0.511969
0.525822
0.513237
0.552215
0.636877
0.50061
0.519075
0.524594
0.498802
0.551611
0.526205
0.525833
0.520763
0.53221
0.502597
0.504476
0.519849
0.528724
0.621184
0.522684
0.522019
0.690929
0.532155
0.516149
0.549063
0.527451
0.524438
0.512843
0.545749
0.514389
0.518271
0.501656
0.527288
0.527023
0.527464
0.52411
0.519227
0.531417
0.525298
0.502355
0.516132
0.532521
0.515395
0.539035
0.519734
0.516942
0.514821
0.527566
0.508325
0.5311
0.521502
0.524306
0.568176
0.518234
0.518683
0.508158
0.497769
0.50914
0.500903
0.607879
0.523788
0.628172
0.500009
0.510633
0.550952
0.505442
0.526904
0.519101
0.526488
0.521993
0.529203
0.521845
0.623691
0.547787
0.514752
0.560041
0.566806
0.525583
0.505906
0.501037
0.514707
0.516203
0.527469
0.514585
0.500976
0.532737
0.517317
0.513962
0.529731
0.50658
0.519604
0.531264
0.508348
0.520333
0.513277
0.523875
0.541814
0.529206
0.531082
0.513477
0.503668
0.525475
0.500327
0.536499
0.50829
0.524726
0.512841
0.515229
0.521029
0.524392
0.529239
0.520535
0.499301
0.627143
0.513497
0.529344
0.517345
0.528466
0.51016
0.510911
0.509251
0.514192
0.512521
0.513514
0.504961
0.518065
0.523179
0.510776
0.623311
0.497595
0.504211
0.512602
0.515798
0.517665
0.529619
0.514706
0.502104
0.516362
0.515183
0.507505
0.507516
0.525053
0.516633
0.520045
