0.503713
0.522263
0.527619
0.527402
0.517054
0.514831
0.512433
0.52991
0.505072
0.499072
0.508498
0.510265
0.528356
0.528618
0.536954
0.548108
0.555441
0.545197
0.518949
0.538724
0.532003
0.507319
0.510528
0.508851
0.507672
0.533823
0.539851
0.529087
0.52346
0.507422
0.508993
0.498329
0.536638
0.526383
0.531258
0.521202
0.49445
0.49246
0.505884
0.500269
0.516223
0.627614
0.597513
0.512659
0.509596
0.52003
0.518376
0.52606
0.522882
0.522923
0.530261
0.522934
0.516477
0.517521
0.518271
0.512393
0.537186
0.534025
0.54285
0.533597
0.527316
0.569239
0.577731
0.515184
0.518123
0.533199
0.518728
0.506009
0.509331
0.518505
0.49362
0.498418
0.542225
0.535749
0.578072
0.498632
0.499761
0.496979
0.50049
0.509455
0.525199
0.519211
0.514514
0.520398
0.506724
0.505172
0.511961
0.514363
0.521512
0.526347
0.504978
0.50842
0.511708
0.518546
0.53158
0.541225
0.536861
0.532679
0.532426
0.494567
0.5038
0.506636
0.520927
0.516888
0.520894
0.533876
0.514618
0.516096
0.52179
0.510496
0.510521
0.530947
0.499431
0.503327
0.504697
0.50827
0.505103
0.528691
0.526309
0.522066
0.527209
0.531445
0.540539
0.509664
0.544408
0.540235
0.552288
0.557789
0.547885
0.540371
0.537018
0.558564
0.539725
0.518692
0.518234
0.52093
0.529071
0.526366
0.535796
0.534793
0.59644
0.545734
0.538582
0.518571
0.525332
0.569386
0.569583
0.510191
0.51132
0.501854
0.496671
0.529773
0.523
0.502726
0.512841
0.508613
0.521255
0.520051
0.54721
0.542109
0.510657
0.514082
0.514554
0.514764
0.520126
0.517596
0.540318
0.499991
0.521533
0.515087
0.510318
0.521007
0.513439
0.508847
0.546706
0.543598
0.523701
0.518638
0.516488
0.508063
0.53376
0.5341
0.529211
0.571083
0.576913
0.563318
0.519837
0.509625
0.511877
0.512434
0.507462
0.522943
0.511933
0.533038
0.511844
0.507711
0.514156
0.51717
0.491972
0.497582
0.534163
0.496536
0.549912
0.541783
0.542681
0.514278
0.512171
0.516554
0.507531
0.497165
0.501841
0.514223
0.509472
0.528606
0.516248
0.577158
0.587088
0.504778
0.497428
0.533609
0.49093
0.495271
0.521862
0.509383
0.510641
0.508636
0.499618
0.525241
0.524951
0.514276
0.50803
0.511393
0.53272
0.530882
0.494277
0.586386
0.581375
0.594714
0.508769
0.529912
0.540476
0.506084
0.503749
0.522031
0.502861
0.537546
0.534934
0.583076
0.590867
0.586765
0.51712
0.528085
0.513655
0.507245
0.517362
0.511874
0.51018
0.543726
0.537259
0.535287
0.529818
0.507961
0.517794
0.516631
0.520494
0.523577
0.523649
0.537541
0.534059
0.509207
0.514506
0.516114
0.538476
0.533022
0.630355
0.620215
0.518839
0.512231
0.535146
0.530547
0.607516
0.605966
0.509526
0.518673
0.50869
0.518496
0.511134
0.512004
0.533137
0.527776
0.517835
0.515148
0.516504
0.529035
0.530879
0.506759
0.529526
0.518578
0.577532
0.564774
0.550912
0.544459
0.548652
0.522655
0.520286
0.521513
0.513457
0.61079
0.579127
0.534951
0.530524
0.529093
0.542378
0.60791
0.503262
0.499341
0.504574
0.616545
0.608838
0.517338
0.498606
0.509142
0.521652
0.52331
0.494376
0.501353
0.580406
0.573459
0.518338
0.516147
0.51821
0.518208
0.541813
0.543959
0.519032
0.519838
0.490454
0.494615
0.516002
0.494012
0.495838
0.522597
0.512295
0.556664
0.567226
0.597356
0.554402
0.548623
0.499192
0.507901
0.49824
0.53695
0.527645
0.533048
0.515672
0.536434
0.536689
0.597315
0.644868
0.541787
0.53748
0.701478
0.541969
0.538177
0.520771
0.526721
0.522972
0.529517
0.489317
0.502112
0.496335
0.506341
0.534948
0.52209
0.523202
0.526014
0.53548
0.533818
0.504335
0.50286
0.517193
0.509157
0.513577
0.526846
0.516963
0.520331
0.505806
0.508115
0.51191
0.51364
0.510084
0.511787
0.513888
0.511379
0.59458
0.60725
0.528769
0.527833
0.559091
0.532737
0.522228
0.530528
0.530331
0.528776
0.526721
0.514715
0.51806
0.513078
0.510808
0.519871
0.507021
0.522602
0.513644
0.510274
0.543702
0.545282
0.531823
0.511274
0.511508
0.514716
0.531063
0.538083
0.690949
0.527392
0.532481
0.511187
0.51737
0.523405
0.525052
0.532168
0.524776
0.522954
0.515485
0.510182
0.508234
0.513992
0.519193
0.489991
0.501616
0.52402
0.488506
0.493795
0.517326
0.511535
0.513909
0.516382
0.531665
0.516474
0.522349
0.525234
0.511608
0.512532
0.51212
0.509102
0.510371
0.52016
0.529877
0.516368
0.518997
0.511241
0.515911
0.520429
0.514502
0.536779
0.541299
0.650343
0.617072
0.515738
0.516628
0.498879
0.580899
0.512703
0.528825
0.523812
0.523284
0.528505
0.528066
0.511719
0.490429
0.491477
0.498992
0.539484
0.548131
0.515678
0.514666
0.558882
0.552844
0.509542
0.510724
0.520915
0.518409
0.51822
0.523444
0.534108
0.544987
0.537503
0.541147
0.504398
0.497956
0.51292
0.505876
0.514492
0.513985
0.51098
0.539746
0.497841
0.503601
0.509619
0.531397
0.524698
0.532873
0.531755
0.508209
0.508761
0.533466
0.535198
0.528577
0.516869
0.511797
0.543104
0.494359
0.501095
0.521031
0.533066
0.532334
0.507882
0.50655
0.502406
0.578266
0.556309
0.510531
0.513174
0.510678
0.528166
0.520495
0.520834
0.503628
0.508537
0.50509
0.512967
0.520591
0.501901
0.49235
0.509375
0.521875
0.539766
0.504238
0.536135
0.521437
0.530302
0.493412
0.489701
0.515786
0.516968
0.560836
0.55573
0.546333
0.51888
0.637314
0.637198
0.532504
0.51748
0.511529
0.518207
0.497096
0.526702
0.49821
0.503472
0.519628
0.531338
0.537198
0.53177
0.502245
0.513823
0.513547
0.516131
0.507674
0.526922
0.529298
0.534575
0.533146
0.528455
0.645267
0.548815
0.517147
0.506052
0.518441
0.530879
0.500089
0.536576
0.517731
0.514213
0.490997
0.49584
0.527274
0.516438
0.543575
0.536362
0.518964
0.51398
0.512575
0.525738
0.530346
0.535462
0.507878
0.539197
0.533741
0.638967
0.658851
0.636519
0.515681
0.513613
0.516138
0.512337
0.511324
0.511684
0.511176
0.503203
0.516231
0.513632
0.514561
0.525937
0.525404
0.513919
0.519652
0.519223
0.513016
0.515258
0.660289
0.563402
0.532864
0.531008
0.515973
0.51796
0.515856
0.50783
0.509056
0.516659
0.516973
0.518937
0.517716
0.522835
0.541421
0.520016
0.517163
0.49739
0.512361
0.530024
0.525013
0.512471
0.513106
0.516228
0.517714
0.514416
0.550201
0.561617
0.558427
0.502096
0.500523
0.523732
0.614988
0.539898
0.534869
0.489726
0.519645
0.522502
0.496702
0.492449
0.513349
0.595817
0.571562
0.517412
0.516484
0.528769
0.523493
0.525152
0.521632
0.526063
0.600731
0.515639
0.544503
0.510108
0.501984
0.502701
0.539583
0.53834
0.532237
0.49646
0.505334
0.50634
0.531387
0.530692
0.518537
0.494088
0.544804
0.546225
0.512131
0.513708
0.518061
0.492951
0.519595
0.521125
0.511045
0.509061
0.511956
0.510372
0.513372
0.514755
0.569221
0.571051
0.543122
0.537226
0.529173
0.516263
0.50392
0.503283
0.510812
0.49796
0.493338
0.507753
0.513424
0.5269
0.4915
0.514577
0.510968
0.524865
0.499168
0.499171
0.502595
0.520585
0.507523
0.538039
0.534343
0.53103
0.493007
0.519284
0.523201
0.518959
0.548174
0.658588
0.49093
0.514564
0.497517
0.533603
0.498198
0.511179
0.504572
0.526829
0.520917
0.536263
0.520807
0.520142
0.540964
0.522659
0.522403
0.517811
0.528786
0.535664
0.530264
0.513956
0.513358
0.514123
0.513419
0.507996
0.507782
0.510108
0.536002
0.507118
0.5342
0.522389
0.541318
0.542286
0.511927
0.516244
0.518147
0.517848
0.518704
0.547261
0.495141
0.512882
0.499305
0.504968
0.518757
0.510356
0.542853
0.540931
0.498735
0.516506
0.518262
0.529606
0.527935
0.528609
0.512074
0.509248
0.48787
0.537455
0.54143
0.53025
0.512836
0.515053
0.608896
0.603988
0.540863
0.533592
0.539528
0.50602
0.48824
0.496562
0.535401
0.50894
0.548349
0.519382
0.524543
0.519827
0.523436
0.547607
0.538628
0.504967
0.510007
0.504679
0.531552
0.496567
0.519493
0.518588
0.510463
0.508839
0.521698
0.502453
0.600547
0.610249
0.606603
0.559619
0.563593
0.521544
0.527195
0.542182
0.496087
0.526701
0.496163
0.49583
0.513667
0.545924
0.511306
0.505035
0.519832
0.517295
0.514414
0.558749
0.550901
0.511775
0.520892
0.520384
0.519607
0.531727
0.528966
0.578034
0.563564
0.54601
0.515292
0.505539
0.507884
0.505139
0.503098
0.51335
0.510224
0.508684
0.500735
0.551954
0.529836
0.527546
0.533966
0.526473
0.515089
0.523769
0.525744
0.523266
0.532575
0.514467
0.502167
0.557876
0.548581
0.503405
0.504724
0.498225
0.499062
0.527099
0.535927
0.53489
0.511852
0.506629
0.50416
0.529812
0.614394
0.642112
0.650631
0.611549
0.54658
0.560156
0.502927
0.499876
0.518804
0.513777
0.512014
0.499041
0.594102
0.520257
0.531627
0.530057
0.529795
0.530318
0.497374
0.519226
0.518692
0.534288
0.52942
0.538474
0.520491
0.500158
0.508901
0.520876
0.503556
0.509467
0.537145
0.534159
0.54444
0.537908
0.501084
0.507237
0.504164
0.637599
0.612688
0.494566
0.59841
0.535835
0.535343
0.531224
0.545931
0.536597
0.536905
0.532949
0.518346
0.524505
0.518298
0.528597
0.524408
0.508246
0.547228
0.512645
0.533192
0.491892
0.497797
0.600198
0.49029
0.519037
0.642445
0.660974
0.537516
0.531092
0.529372
0.517857
0.518177
0.519187
0.517946
0.509428
0.50395
0.528351
0.526601
0.539347
0.533434
0.539063
0.541337
0.524917
0.52592
0.523659
0.535147
0.529159
0.512129
0.495245
0.493736
0.595689
0.533074
0.532209
0.537481
0.505272
0.51628
0.516989
0.511128
0.636359
0.576919
0.547068
0.528238
0.53266
0.490485
0.49795
0.509894
0.496145
0.508103
0.507067
0.508273
0.510973
0.509788
0.517614
0.517323
0.503233
0.498028
0.485983
0.491982
0.520639
0.514979
0.516741
0.517268
0.517402
0.507643
0.511251
0.509898
0.528983
0.535394
0.538594
0.548224
0.529873
0.516957
0.633618
0.538926
0.523743
0.520574
0.555621
0.537371
0.537126
0.541331
0.536088
0.518327
0.533407
0.517648
0.524562
0.535218
0.530047
0.524614
0.524674
0.525778
0.517702
0.52862
0.522542
0.528771
0.498226
0.613344
0.534098
0.507962
0.509592
0.508379
0.529981
0.529069
0.507949
0.509096
0.49813
0.522404
0.527482
0.526375
0.532624
0.506603
0.511941
0.533636
0.551231
0.542887
0.509912
0.549614
0.54029
0.522336
0.539974
0.543216
0.490587
0.55768
0.512599
0.5104
0.512715
0.492239
0.496161
0.518492
0.521341
0.530271
0.611956
0.551985
0.543566
0.539414
0.498189
0.499864
0.515534
0.503883
0.522433
0.499469
0.501969
0.518365
0.543271
0.567764
0.56162
0.49881
0.506425
0.620349
0.498545
0.544017
0.494848
0.499387
0.490578
0.491197
0.498191
0.498388
0.504919
0.509082
0.505727
0.521961
0.52427
0.608936
0.518269
0.53658
0.530199
0.504578
0.517098
0.519073
0.518857
0.496356
0.542173
0.509487
0.507371
0.509059
0.535389
0.518664
0.537699
0.525865
0.521756
0.515846
0.6262
0.532093
0.658165
0.500332
0.515046
0.611218
0.507759
0.501218
0.527515
0.52371
0.527544
0.527755
0.490194
0.535122
0.49022
0.627233
0.514417
0.515517
0.518505
0.508505
0.502803
0.490096
0.490229
0.547197
0.543612
0.500596
0.619884
0.53902
0.547469
0.520271
0.525989
0.520382
0.511758
0.498599
0.570186
0.531853
0.550525
0.521954
0.517093
0.518893
0.58745
0.490111
0.501231
0.566666
0.527603
0.500342
0.488338
0.496069
0.538708
0.523044
0.549105
0.5262
0.542863
0.596026
0.59217
0.502195
0.497406
0.504017
0.51691
0.497419
0.51808
0.507995
0.493677
0.536323
0.532037
0.513543
0.514785
0.507053
0.507335
0.521002
0.494731
0.506724
0.498252
0.4922
0.528433
0.508274
0.530415
0.519532
0.518853
0.523726
0.534283
0.520368
0.525633
0.539454
0.530832
0.526545
0.528611
0.558965
0.510921
0.561976
0.522601
0.503665
0.602127
0.642893
0.54319
0.503437
0.489957
0.516241
0.525226
0.517384
0.496312
0.50838
0.492149
0.490229
0.539505
0.502005
0.499611
0.533163
0.663691
0.527185
0.548568
0.524622
0.523157
0.495844
0.495982
0.490661
0.531379
0.533766
0.520113
0.51039
0.530756
0.534733
0.528909
0.513678
0.506505
0.521854
0.52146
0.514549
0.498534
0.517411
0.537852
0.538231
0.506387
0.54355
0.675852
0.533724
0.575463
0.498862
0.531379
0.524796
0.508689
0.520434
0.499915
0.515633
0.53278
0.532726
0.553614
0.532813
0.5187
0.530065
0.529577
0.546125
0.51082
0.600144
0.49273
0.489267
0.522494
0.507391
0.540427
0.512751
0.507604
0.500024
0.581436
0.525068
0.53419
0.529521
0.521332
0.509403
0.498129
0.534441
0.528866
0.536177
0.493563
0.498596
0.516745
0.521712
0.524379
0.520827
0.544218
0.508741
0.526801
0.517676
0.498756
0.519335
0.520396
0.5177
0.527479
0.502744
0.52323
0.539053
0.523147
0.606841
0.52175
0.492453
0.491608
0.514613
0.69326
0.496995
0.487394
0.490804
0.544401
0.534012
0.497469
0.517472
0.497644
0.529906
0.576458
0.583932
0.486631
0.603501
0.498413
0.538828
0.551173
0.518447
0.530702
0.508631
0.507955
0.50793
0.486813
0.492525
0.517938
0.526676
0.538003
0.560496
0.540526
0.490964
0.49043
0.514148
0.568498
0.53396
0.539267
0.568909
0.490844
0.545002
0.530056
0.526732
0.517221
0.497706
0.680478
0.549006
0.566913
0.713475
0.537203
0.549966
0.523848
0.519146
0.504838
0.525037
0.507908
0.491289
0.502709
0.526376
0.577314
0.52994
0.536199
0.518042
0.508117
0.521232
0.537459
0.54079
0.519543
0.519169
0.489816
0.522289
0.523728
0.534147
0.502382
0.535782
0.492744
0.507003
0.529042
0.53637
0.521817
0.564017
0.561968
0.514745
0.51115
0.491201
0.541456
0.596742
0.507465
0.52099
0.51734
0.491706
0.516888
0.530538
0.532053
0.519995
0.508431
0.536215
0.529064
0.519704
0.528043
0.530332
0.539985
0.539351
0.547626
0.585928
0.651836
0.545422
0.500139
0.564303
0.539275
0.496308
0.49799
0.521179
0.490708
0.506643
0.556787
0.582754
0.492829
0.536449
0.492671
0.537355
0.535901
0.490591
0.521864
0.522276
0.538146
0.521052
0.531009
0.520568
0.529501
0.52048
0.520718
0.493973
0.519528
0.557193
0.511697
0.519489
0.645439
0.646654
0.527548
0.645053
0.498908
0.506059
0.536901
0.488524
0.533598
0.492752
0.491119
0.488419
0.52167
0.503572
0.515216
0.53241
0.525483
0.6288
0.505121
0.511553
0.513868
0.509723
0.537072
0.534164
0.499928
0.522175
0.509306
0.522413
0.514842
0.508367
0.511364
0.527537
0.526243
0.512312
0.530053
0.517476
0.517274
0.512737
0.576593
0.525118
0.510063
0.509089
0.520947
0.511187
0.520729
0.517832
0.527502
0.5342
0.569326
0.564962
0.51233
0.519452
0.519602
0.513432
0.513594
0.535544
0.531972
0.512808
0.533174
0.513543
0.531372
0.635467
0.513529
0.515153
0.597597
0.520065
0.521335
0.503
0.606372
0.507809
0.520559
0.510278
0.511147
0.596686
0.530209
0.521855
0.516327
0.520099
0.520542
0.519434
0.50734
0.515224
0.51135
0.516698
0.527162
0.590826
0.645854
0.514681
0.521387
0.512915
0.518705
0.517368
0.523725
0.594518
0.528199
0.532674
0.502089
0.518296
0.525264
0.52
0.55913
0.528485
0.517565
0.51583
0.515333
0.520253
0.509903
0.513815
0.516387
0.520654
0.511305
0.494643
0.503008
0.526609
0.511681
0.516392
0.60474
0.506361
0.547916
0.516874
0.543082
0.508008
0.514107
0.524585
0.540282
0.509274
0.510185
0.517269
0.517373
0.51642
0.515964
0.512971
0.527315
0.50432
0.518965
0.53976
0.516222
0.520755
0.527941
0.518863
0.514467
0.524117
0.516355
0.513703
0.523282
0.522081
0.507579
0.508135
0.518959
0.51805
0.504682
0.530393
0.52662
0.539554
0.546986
0.517113
0.530166
0.509757
0.516757
0.511137
0.527874
0.547441
0.55941
0.508873
0.511934
0.514331
0.518541
0.572611
0.543619
0.513021
0.514564
0.590575
0.593972
0.559519
0.515859
0.522231
0.5157
0.511713
0.493978
0.495588
0.567092
0.589341
0.564119
0.578193
0.502071
0.514079
0.51314
0.536277
0.522134
0.526744
0.507565
0.526789
0.52459
0.529769
0.505802
0.523633
0.521659
0.520815
0.547745
0.509291
0.515386
0.550574
0.527288
0.519684
0.513807
0.515209
0.506634
0.518146
0.511005
0.620867
0.516676
0.506861
0.578402
0.522346
0.513481
0.528437
0.511662
0.514001
0.509676
0.512953
0.515486
0.511278
0.496746
0.596287
0.529031
0.571799
0.522385
0.506239
0.508951
0.562291
0.569306
0.516554
0.5251
0.513258
0.51297
0.516301
0.522411
0.525316
0.518847
0.511595
0.509618
0.522539
0.519785
0.523961
0.518647
0.517246
0.525309
0.522477
0.514827
0.519424
0.52156
0.559117
0.509133
0.523509
0.509892
0.516999
0.514115
0.519609
0.526928
0.514954
0.518495
0.519441
0.520655
0.531653
0.525539
0.525789
0.680071
0.512138
0.527578
0.513311
0.517812
0.517949
0.535118
0.512274
0.522583
0.512527
0.537816
0.52789
0.523196
0.52202
0.519338
0.520094
0.518191
0.517107
0.526996
0.502704
0.505111
0.531031
0.525966
0.504898
0.515938
0.51447
0.521462
0.511471
0.506151
0.520592
0.517809
0.527428
0.516375
0.515888
0.523694
0.523189
0.520724
0.523636
0.527825
0.54965
0.517345
0.51188
0.515156
0.514632
0.511522
0.526032
0.514288
0.52162
0.525192
0.517884
0.526573
0.514478
0.53359
0.535225
0.515753
0.510697
0.506524
0.557679
0.551011
0.501049
0.517146
0.512684
0.510905
0.510999
0.513853
0.512207
0.513587
0.50803
0.520136
0.497893
0.510345
0.516182
0.579062
0.50693
0.509664
0.515225
0.513192
0.515954
0.519289
0.509775
0.512555
0.522389
0.51222
0.517401
0.542824
0.502572
0.527813
0.552095
0.528186
0.526696
0.515789
0.508692
0.515338
0.529077
0.516217
0.580175
0.523861
0.518283
0.504546
0.537815
0.512194
0.642164
0.556319
0.513555
0.521891
0.51102
0.504246
0.51044
0.519069
0.532661
0.559448
0.507415
0.520648
0.514457
0.517244
0.540234
0.521718
0.597235
0.518879
0.646447
0.527204
0.516226
0.517114
0.500625
0.515917
0.518302
0.520027
0.517372
0.515799
0.515391
0.539234
0.515251
0.514694
0.523306
0.498992
0.519529
0.51786
0.557844
0.567126
0.552912
0.501688
0.514817
0.527949
0.512299
0.531345
0.538697
0.523969
0.526627
0.523473
0.515863
0.53314
0.524314
0.534376
0.532659
0.51992
0.524307
0.511015
0.519499
0.518857
0.510179
0.522395
0.506067
0.52734
0.589429
0.507674
0.529531
0.524432
0.519286
0.522129
0.515907
0.521763
0.513039
0.594335
0.533115
0.541239
0.604629
0.571967
0.532099
0.530114
0.523224
0.500589
0.517964
0.518005
0.526507
0.514095
0.520506
0.512625
0.503952
0.524456
0.513792
0.517727
0.5174
0.532922
0.556321
0.507906
0.521375
0.509464
0.508725
0.520599
0.517871
0.522371
0.517771
0.528569
0.519729
0.510104
0.518914
0.521574
0.509847
0.513582
0.506581
0.527677
0.512369
0.525496
0.52234
0.518613
0.520498
0.514751
0.517668
0.5379
0.526465
0.535091
0.507505
0.539637
0.522288
0.524865
0.522735
0.51169
0.540162
0.514668
0.497395
0.525556
0.522151
0.526632
0.526037
0.510967
0.531495
0.522541
0.541105
0.519127
0.514287
0.591445
0.526682
0.518479
0.51818
0.515477
0.524841
0.524403
0.537612
0.535032
0.513165
0.518201
0.519702
0.519111
0.499343
0.514006
0.508734
0.508848
0.515265
0.531126
0.519779
0.527276
0.54924
0.511175
0.527105
0.514991
0.531106
0.519986
0.525315
0.517204
0.52268
0.498862
0.537965
0.502793
0.602264
0.519612
0.509348
0.503454
0.527574
0.52177
0.520025
0.515084
0.523226
0.517296
0.509315
0.52363
0.514408
0.535859
0.501592
0.522117
0.523764
0.501418
0.512688
0.513958
0.515318
0.610954
0.53179
0.508238
0.522954
0.533114
0.518371
0.512216
0.517135
0.520074
0.550061
0.530832
0.534415
0.516948
0.504521
0.511735
0.508629
0.521124
0.511566
0.515731
0.516482
0.52675
0.567128
0.508736
0.600631
0.532177
0.531111
0.510994
0.513717
0.515891
0.52189
0.501584
0.59933
0.531487
0.526948
0.513863
0.514857
0.532249
0.510472
0.514907
0.531195
0.523088
0.527433
0.510556
0.517951
0.511266
0.523297
0.508881
0.502964
0.517808
0.515066
0.515737
0.516844
0.509689
0.52352
0.510015
0.512549
0.524382
0.505193
0.513245
0.506009
0.525626
0.506112
