0.506937
0.510972
0.527207
0.52169
0.520081
0.51789
0.534835
0.529498
0.53344
0.515563
0.530793
0.523745
0.519031
0.504316
0.497714
0.497515
0.506612
0.509109
0.507995
0.533902
0.528959
0.535439
0.537553
0.530029
0.548662
0.541643
0.528142
0.533896
0.520816
0.502704
0.495158
0.624446
0.51427
0.534619
0.546332
0.541264
0.509894
0.501733
0.502999
0.528852
0.524466
0.52215
0.508604
0.51181
0.499936
0.529326
0.525854
0.497064
0.657875
0.536841
0.523935
0.526002
0.500544
0.497425
0.504927
0.536938
0.498044
0.501518
0.509681
0.578441
0.558908
0.509709
0.54134
0.490225
0.493602
0.51921
0.518461
0.534717
0.524798
0.525807
0.523109
0.522172
0.51887
0.518343
0.518908
0.506029
0.532112
0.532143
0.534804
0.532066
0.524756
0.512391
0.516861
0.517051
0.517425
0.518574
0.516757
0.50461
0.507737
0.51721
0.51818
0.533206
0.543496
0.533848
0.599558
0.576365
0.517926
0.49715
0.501055
0.504257
0.529308
0.528298
0.5249
0.516718
0.515049
0.517882
0.510505
0.524181
0.519107
0.525876
0.537072
0.529083
0.533564
0.531471
0.503773
0.535107
0.532992
0.499087
0.502512
0.512128
0.507461
0.514473
0.51521
0.518234
0.524623
0.519866
0.531905
0.522054
0.508352
0.528567
0.536595
0.498946
0.499865
0.502891
0.498501
0.50982
0.49996
0.500631
0.514407
0.524732
0.522663
0.521172
0.530327
0.539979
0.509219
0.509336
0.511592
0.548233
0.557616
0.563799
0.596191
0.531817
0.511145
0.504067
0.54222
0.490002
0.498257
0.535777
0.514361
0.513585
0.515935
0.524414
0.522478
0.502798
0.49712
0.590944
0.60268
0.546463
0.537673
0.518362
0.522968
0.565513
0.567512
0.511568
0.498915
0.513043
0.504296
0.508418
0.609869
0.643309
0.612968
0.626652
0.599162
0.594263
0.519005
0.546222
0.54057
0.509411
0.518245
0.514315
0.530512
0.524255
0.498995
0.497679
0.520003
0.519252
0.545535
0.541292
0.534055
0.527566
0.519355
0.52071
0.520336
0.511563
0.514154
0.520832
0.54616
0.541575
0.520821
0.520722
0.519831
0.516375
0.515781
0.512276
0.505029
0.508065
0.534837
0.524465
0.515811
0.507038
0.510363
0.513138
0.507105
0.51212
0.522177
0.505221
0.537285
0.531803
0.505168
0.50895
0.507658
0.514781
0.517826
0.521208
0.534013
0.501955
0.494394
0.500488
0.505208
0.511532
0.525986
0.502071
0.497107
0.546939
0.54124
0.504147
0.513184
0.524223
0.504693
0.50128
0.514623
0.507692
0.537001
0.569951
0.576984
0.605958
0.49037
0.495485
0.519405
0.52281
0.52304
0.511022
0.50572
0.50711
0.526679
0.497293
0.524152
0.528507
0.514918
0.491759
0.504556
0.530007
0.537506
0.493864
0.499498
0.596274
0.577423
0.505576
0.508272
0.53042
0.534363
0.539275
0.519069
0.518428
0.537184
0.531548
0.51905
0.519693
0.583711
0.505768
0.513794
0.511327
0.507863
0.50939
0.528476
0.506632
0.505106
0.509224
0.513865
0.511185
0.518226
0.520267
0.541207
0.535951
0.508037
0.505253
0.509869
0.515642
0.517723
0.519765
0.547138
0.539067
0.533347
0.610949
0.524489
0.520212
0.506729
0.507069
0.505426
0.533999
0.5702
0.555372
0.566833
0.557665
0.510337
0.512263
0.519851
0.567114
0.518382
0.512221
0.509204
0.53403
0.51445
0.514069
0.515501
0.518518
0.49173
0.517469
0.52192
0.51282
0.591494
0.598048
0.588618
0.522124
0.522691
0.529382
0.53064
0.526105
0.534469
0.535235
0.544068
0.544037
0.603342
0.59769
0.518059
0.495582
0.501029
0.498638
0.518586
0.521791
0.524486
0.588423
0.586785
0.518923
0.518643
0.516484
0.51301
0.518721
0.515924
0.519738
0.554942
0.543141
0.51954
0.517899
0.547658
0.623729
0.614729
0.495551
0.513626
0.509932
0.493728
0.559388
0.666343
0.556762
0.591557
0.556751
0.550486
0.540652
0.502955
0.504515
0.499218
0.537037
0.645012
0.628438
0.51993
0.52055
0.524018
0.54303
0.538845
0.598936
0.607767
0.54323
0.539633
0.617353
0.536248
0.507207
0.509396
0.522331
0.531468
0.528724
0.486855
0.50027
0.49292
0.543288
0.5377
0.524201
0.5231
0.525667
0.519751
0.507856
0.52187
0.516747
0.522233
0.539161
0.524789
0.529397
0.52973
0.528856
0.519395
0.51195
0.516971
0.523544
0.522314
0.522679
0.515465
0.509187
0.511728
0.524271
0.518113
0.502289
0.510051
0.508005
0.509634
0.505984
0.585168
0.529145
0.529519
0.524938
0.532431
0.521767
0.530471
0.525621
0.520144
0.491809
0.515562
0.505084
0.527164
0.524083
0.514497
0.508671
0.53337
0.529514
0.538186
0.528487
0.532954
0.520368
0.518884
0.520589
0.520758
0.50809
0.511733
0.519417
0.519114
0.504062
0.510891
0.53566
0.488571
0.495775
0.508593
0.511206
0.517062
0.524791
0.511172
0.511607
0.512225
0.52108
0.520229
0.507595
0.497015
0.543491
0.536545
0.510597
0.512468
0.511936
0.520942
0.531084
0.525985
0.521521
0.522488
0.512115
0.517056
0.604199
0.621928
0.540853
0.542819
0.519718
0.516832
0.499139
0.578471
0.51319
0.520042
0.530122
0.521696
0.494675
0.511853
0.491135
0.499945
0.514834
0.515592
0.507845
0.560215
0.554916
0.552899
0.507916
0.509886
0.544764
0.535639
0.516084
0.512503
0.512894
0.53857
0.527801
0.517606
0.512432
0.540078
0.50091
0.496546
0.513378
0.514927
0.512359
0.500359
0.504498
0.512368
0.513945
0.528928
0.523429
0.571688
0.572886
0.619711
0.509945
0.509699
0.577509
0.533002
0.52414
0.530007
0.509058
0.509741
0.531799
0.533819
0.53356
0.5268
0.499075
0.497181
0.506762
0.505915
0.511999
0.52314
0.504096
0.502981
0.507772
0.520583
0.517946
0.533689
0.528412
0.529754
0.508461
0.524959
0.579963
0.602721
0.56684
0.508455
0.509247
0.526794
0.519803
0.519959
0.506586
0.512955
0.506046
0.493409
0.509961
0.504396
0.535786
0.537198
0.523093
0.526159
0.498129
0.559358
0.550796
0.517559
0.513735
0.514664
0.529616
0.518683
0.516772
0.51666
0.514838
0.494296
0.519731
0.523683
0.531573
0.524057
0.522938
0.52788
0.533611
0.536978
0.53073
0.516927
0.514906
0.503846
0.527232
0.533091
0.528154
0.528423
0.548192
0.504927
0.508258
0.507701
0.518566
0.522188
0.524045
0.517743
0.515522
0.50916
0.513025
0.533744
0.527602
0.543915
0.518787
0.507623
0.513239
0.512482
0.508448
0.508071
0.504395
0.538542
0.531104
0.533243
0.624687
0.517195
0.515271
0.515252
0.559925
0.504058
0.510554
0.536887
0.515439
0.513732
0.513855
0.523262
0.512979
0.518611
0.517194
0.517239
0.512674
0.513285
0.640963
0.66501
0.570483
0.529548
0.53002
0.506941
0.507966
0.570828
0.565517
0.517791
0.518862
0.517362
0.547192
0.544308
0.517881
0.517543
0.487755
0.499143
0.529553
0.512247
0.514214
0.515089
0.516856
0.516914
0.515895
0.515806
0.515468
0.561725
0.569331
0.496797
0.492748
0.49779
0.525488
0.520094
0.500339
0.492624
0.519153
0.588287
0.5142
0.509962
0.517708
0.525731
0.51597
0.507239
0.502694
0.649974
0.498206
0.504485
0.573805
0.582248
0.511152
0.505609
0.490796
0.536777
0.534228
0.507371
0.509063
0.533044
0.53246
0.514029
0.500945
0.637226
0.543582
0.535894
0.519266
0.517521
0.515878
0.515541
0.515916
0.493161
0.520667
0.518567
0.507676
0.509749
0.516502
0.516177
0.510884
0.509358
0.531213
0.556037
0.552671
0.517449
0.514341
0.56365
0.543463
0.536706
0.536234
0.529277
0.524814
0.532875
0.527353
0.510642
0.506793
0.503137
0.50114
0.492398
0.503657
0.496873
0.522928
0.54248
0.538438
0.517779
0.52466
0.53019
0.531752
0.518731
0.517234
0.530019
0.531353
0.52474
0.525998
0.54613
0.653626
0.492942
0.507406
0.531341
0.540676
0.511756
0.50386
0.516123
0.516997
0.567455
0.566815
0.566866
0.542227
0.520716
0.521934
0.517503
0.540808
0.522108
0.522118
0.519894
0.52585
0.504604
0.511984
0.51317
0.513989
0.513607
0.508841
0.508602
0.509516
0.542183
0.534557
0.512522
0.535222
0.507729
0.536046
0.508248
0.52459
0.542916
0.516338
0.517731
0.517811
0.518125
0.522194
0.521762
0.518777
0.519088
0.517641
0.499244
0.503262
0.516819
0.510924
0.538676
0.535808
0.500406
0.514104
0.509958
0.511004
0.521201
0.512976
0.510403
0.522488
0.526569
0.509881
0.491721
0.53977
0.543449
0.52859
0.514965
0.60626
0.60382
0.606628
0.539196
0.504083
0.516399
0.518042
0.525753
0.489212
0.497049
0.517732
0.519192
0.499483
0.505891
0.533555
0.534799
0.521496
0.548382
0.51997
0.519315
0.523504
0.547979
0.538315
0.518027
0.582071
0.511448
0.505109
0.529995
0.520532
0.490977
0.498582
0.510087
0.578721
0.497984
0.607547
0.52212
0.544962
0.49744
0.527985
0.49776
0.502296
0.501182
0.511221
0.520204
0.546989
0.544622
0.513985
0.514865
0.608657
0.513738
0.504156
0.492577
0.578595
0.546576
0.542922
0.515451
0.516521
0.618721
0.556453
0.51063
0.509687
0.500007
0.50663
0.509224
0.512567
0.510795
0.505685
0.552148
0.524814
0.529209
0.535048
0.532388
0.557677
0.529384
0.52784
0.547848
0.496597
0.553991
0.551859
0.506729
0.502766
0.499574
0.492766
0.515291
0.515902
0.513551
0.503707
0.504182
0.498048
0.503617
0.530138
0.551353
0.57564
0.496117
0.519443
0.545842
0.539275
0.51187
0.514067
0.516242
0.581398
0.559572
0.502782
0.536778
0.518168
0.507951
0.506838
0.518083
0.523743
0.526558
0.513808
0.518247
0.533695
0.52458
0.50737
0.507072
0.523768
0.541184
0.499405
0.510724
0.507183
0.534389
0.52877
0.493232
0.506289
0.598661
0.597334
0.506013
0.521945
0.532787
0.546186
0.546003
0.528216
0.540899
0.517251
0.517815
0.518658
0.520311
0.539398
0.533386
0.508898
0.514792
0.525047
0.51917
0.50807
0.505253
0.533953
0.492544
0.496155
0.521693
0.518623
0.585724
0.504775
0.518968
0.537669
0.530901
0.566347
0.529319
0.554425
0.516644
0.51931
0.501105
0.494554
0.524335
0.526839
0.52662
0.541155
0.533985
0.507284
0.541697
0.542374
0.524714
0.535742
0.529521
0.534765
0.514244
0.512878
0.530779
0.620149
0.623034
0.642174
0.5105
0.505235
0.540941
0.592777
0.606873
0.584121
0.496646
0.504185
0.502285
0.515842
0.507479
0.544167
0.5762
0.580325
0.525618
0.541819
0.535663
0.526243
0.489276
0.498855
0.508154
0.521022
0.509605
0.533756
0.540198
0.505755
0.502044
0.567341
0.489056
0.497011
0.523528
0.500616
0.493889
0.630846
0.611201
0.517866
0.518797
0.509486
0.525057
0.517553
0.516866
0.508879
0.576676
0.550521
0.538733
0.563512
0.534337
0.540704
0.541927
0.537329
0.512799
0.546869
0.531829
0.525519
0.518113
0.516687
0.528795
0.521801
0.520623
0.523986
0.530648
0.532979
0.50729
0.516588
0.521952
0.529568
0.529319
0.498357
0.526328
0.524622
0.51361
0.527546
0.527859
0.62108
0.522582
0.558147
0.548647
0.55183
0.543579
0.522131
0.543786
0.546843
0.491238
0.50482
0.500275
0.516162
0.521572
0.542184
0.601094
0.570724
0.557581
0.548165
0.502149
0.537379
0.528875
0.524343
0.515783
0.506218
0.541374
0.502823
0.519424
0.520626
0.500984
0.506315
0.502117
0.520737
0.569174
0.57105
0.499694
0.508171
0.507414
0.497228
0.538229
0.542186
0.506786
0.594534
0.495966
0.49884
0.515683
0.497455
0.518648
0.501452
0.508209
0.518206
0.509711
0.507269
0.506629
0.522231
0.595448
0.559398
0.532313
0.496713
0.505066
0.515637
0.516394
0.523563
0.523531
0.543989
0.520595
0.522004
0.519021
0.50972
0.507132
0.492965
0.532999
0.517447
0.538402
0.522032
0.517041
0.609315
0.533301
0.502251
0.628846
0.562514
0.513726
0.502366
0.527243
0.52217
0.5275
0.527458
0.509692
0.489438
0.507305
0.529163
0.564977
0.52151
0.519557
0.492799
0.501092
0.48898
0.48984
0.493281
0.49663
0.507648
0.49315
0.519721
0.581122
0.511776
0.513251
0.510837
0.506348
0.50694
0.495589
0.528827
0.517672
0.622021
0.516081
0.516108
0.519091
0.521054
0.526551
0.531695
0.490116
0.518173
0.518151
0.533306
0.506468
0.508147
0.488041
0.538778
0.5373
0.545801
0.523419
0.530527
0.497504
0.541669
0.520469
0.515369
0.550939
0.525461
0.497717
0.519053
0.612619
0.587804
0.491768
0.495181
0.51558
0.525689
0.519114
0.507585
0.53837
0.520496
0.506566
0.508273
0.501455
0.492472
0.498268
0.530132
0.538448
0.524477
0.519493
0.521143
0.531531
0.523099
0.541467
0.530234
0.509024
0.53895
0.564006
0.498711
0.506595
0.592944
0.571233
0.499998
0.493602
0.497816
0.501707
0.489467
0.520606
0.512685
0.514362
0.503547
0.498848
0.532205
0.50505
0.546423
0.527793
0.521915
0.54504
0.490757
0.496204
0.489671
0.498521
0.52954
0.52165
0.53549
0.534683
0.542387
0.535514
0.501133
0.506898
0.636464
0.510075
0.506701
0.530897
0.529655
0.507384
0.520785
0.512578
0.499929
0.499439
0.606576
0.5197
0.516634
0.517181
0.537485
0.492268
0.500274
0.642343
0.494636
0.613712
0.595683
0.50275
0.534147
0.492944
0.51989
0.51067
0.51826
0.507566
0.519156
0.495541
0.52644
0.522555
0.545243
0.50881
0.52383
0.518958
0.530961
0.505857
0.534091
0.513235
0.507936
0.53995
0.5351
0.491189
0.500441
0.543698
0.519611
0.584884
0.4865
0.537852
0.488175
0.518736
0.50414
0.505559
0.541835
0.517409
0.574004
0.526055
0.518144
0.514145
0.512473
0.520557
0.504801
0.517914
0.524558
0.54193
0.514837
0.522149
0.525809
0.48933
0.518788
0.515442
0.51981
0.523591
0.54163
0.641393
0.541262
0.523072
0.630144
0.514856
0.498724
0.491106
0.530456
0.547217
0.499243
0.549299
0.529036
0.605434
0.494601
0.503224
0.595224
0.506307
0.540096
0.538663
0.550589
0.532105
0.508849
0.505882
0.499017
0.528078
0.533932
0.53623
0.515482
0.490751
0.604235
0.539184
0.591667
0.534244
0.49108
0.506882
0.507957
0.518493
0.50944
0.533921
0.496295
0.569415
0.530149
0.539923
0.49874
0.577746
0.554901
0.536965
0.555476
0.552449
0.521369
0.519945
0.492367
0.573194
0.537576
0.533648
0.555152
0.562405
0.546928
0.524669
0.523117
0.48907
0.503252
0.496103
0.574233
0.582946
0.531139
0.549756
0.530793
0.585683
0.509814
0.520314
0.531161
0.494229
0.498718
0.517825
0.519439
0.529936
0.49496
0.53225
0.518378
0.503806
0.494347
0.536204
0.533674
0.539815
0.536801
0.545226
0.520747
0.511143
0.49155
0.489909
0.508355
0.507876
0.497805
0.516875
0.529313
0.491642
0.530313
0.51989
0.533732
0.535176
0.528194
0.514042
0.529648
0.536412
0.491383
0.540828
0.551312
0.547371
0.493917
0.518861
0.530418
0.500841
0.57964
0.492604
0.495714
0.52073
0.525293
0.492635
0.543639
0.506089
0.557284
0.532854
0.516438
0.533434
0.535904
0.540205
0.518156
0.531766
0.523048
0.519716
0.537014
0.521588
0.533226
0.539428
0.542751
0.53434
0.520488
0.489022
0.505307
0.519968
0.574309
0.510625
0.520048
0.495604
0.67916
0.528827
0.58039
0.506703
0.539427
0.492205
0.523221
0.533844
0.529054
0.51076
0.503768
0.510416
0.534256
0.516949
0.537214
0.51606
0.510746
0.519115
0.523601
0.515525
0.511393
0.512836
0.562634
0.523178
0.511559
0.502569
0.51822
0.510614
0.517068
0.51859
0.521708
0.506935
0.51306
0.508717
0.52256
0.51726
0.525613
0.529203
0.573891
0.519283
0.505189
0.532162
0.514257
0.533973
0.53034
0.515073
0.532535
0.612389
0.515812
0.526904
0.519511
0.50881
0.510184
0.517496
0.518336
0.525875
0.532858
0.597747
0.524862
0.510155
0.510304
0.5168
0.505639
0.51902
0.524598
0.521159
0.51939
0.525184
0.530287
0.52342
0.522241
0.517041
0.514538
0.513135
0.504438
0.513517
0.541031
0.517569
0.513809
0.506419
0.519632
0.523554
0.524321
0.576019
0.505185
0.509023
0.51965
0.521117
0.51962
0.516528
0.529794
0.504232
0.527371
0.502825
0.510315
0.635789
0.513621
0.514194
0.507549
0.510427
0.512158
0.507993
0.527454
0.52634
0.516413
0.515329
0.518055
0.519864
0.512997
0.53432
0.510108
0.52599
0.540508
0.514853
0.508037
0.510861
0.578807
0.51343
0.516321
0.509396
0.51036
0.502967
0.516241
0.520551
0.516492
0.510379
0.514267
0.510851
0.530067
0.519832
0.536285
0.514912
0.517153
0.516049
0.5135
0.505364
0.517628
0.517064
0.518603
0.633239
0.51153
0.524867
0.531292
0.541968
0.516162
0.528141
0.50786
0.527519
0.52011
0.509981
0.504306
0.509723
0.50713
0.52876
0.55296
0.539954
0.506453
0.63801
0.604386
0.5164
0.515124
0.516872
0.520927
0.52576
0.528863
0.52408
0.521314
0.513723
0.53676
0.522259
0.594376
0.518609
0.529226
0.497956
0.580648
0.577439
0.517501
0.509057
0.570252
0.534929
0.53751
0.528288
0.527665
0.524616
0.506577
0.524713
0.529913
0.504902
0.52056
0.52174
0.519241
0.526734
0.55705
0.506833
0.513241
0.50899
0.566845
0.541822
0.521257
0.510764
0.52092
0.51831
0.518017
0.514712
0.512742
0.519868
0.514939
0.507282
0.518359
0.511142
0.496675
0.515927
0.513865
0.508453
0.525165
0.510515
0.515676
0.526782
0.512397
0.517063
0.5869
0.517049
0.512535
0.512323
0.511711
0.517249
0.533179
0.496337
0.520526
0.514305
0.519734
0.52107
0.532633
0.515003
0.497399
0.520968
0.52188
0.516024
0.517867
0.518822
0.515867
0.539958
0.581475
0.522131
0.520458
0.52519
0.526464
0.528771
0.527028
0.535288
0.526678
0.521419
0.515965
0.504048
0.526128
0.516568
0.520073
0.524781
0.51849
0.527563
0.52722
0.518299
0.518088
0.513054
0.504295
0.518362
0.503773
0.519574
0.528794
0.515845
0.512721
0.514805
0.516881
0.513552
0.516083
0.51289
0.506061
0.509063
0.529645
0.510342
0.502463
0.513968
0.528996
0.516897
0.519183
0.506661
0.520044
0.518974
0.523162
0.524775
0.514101
0.517575
0.51131
0.525475
0.530349
0.530905
0.515378
0.522776
0.533436
0.601086
0.512178
0.524909
0.533711
0.511676
0.510012
0.507801
0.504721
0.519181
0.517757
0.571604
0.579032
0.512454
0.545501
0.500818
0.514463
0.517402
0.51192
0.510223
0.511208
0.501084
0.514902
0.513155
0.514976
0.508714
0.525562
0.501695
0.526887
0.51265
0.528774
0.607548
0.515302
0.50707
0.531989
0.527198
0.51106
0.513036
0.539287
0.522292
0.51474
0.619125
0.525097
0.585763
0.511814
0.541864
0.499012
0.514696
0.527538
0.637988
0.510168
0.522072
0.51116
0.520077
0.515547
0.516495
0.506286
0.512796
0.531502
0.514335
0.513361
0.509814
0.516066
0.601843
0.516327
0.561688
0.56962
0.56828
0.531195
0.513341
0.504616
0.510144
0.50817
0.512451
0.508982
0.638618
0.53436
0.510565
0.520257
0.539566
0.508589
0.510913
0.518988
0.510846
0.509802
0.510404
0.516999
0.501596
0.521141
0.537095
0.513713
0.524067
0.584124
0.512231
0.525567
0.515635
0.495511
0.545092
0.546019
0.518107
0.501793
0.515852
0.509676
0.495091
0.512036
0.519978
0.513071
0.509345
0.528874
0.532981
0.530675
0.508525
0.516529
0.516265
0.517711
0.514385
0.512597
0.493394
0.519246
0.553441
0.509508
0.511966
0.530121
0.518729
0.517426
0.553551
0.510063
0.517379
0.522904
0.507353
0.523376
0.549285
0.53729
0.521426
0.532632
0.516182
0.517474
0.585789
0.518225
0.590468
0.527898
0.539553
0.515524
0.51729
0.505087
0.642853
0.515505
0.55178
0.540706
0.528446
0.499295
0.516086
0.514911
0.517589
0.536528
0.526597
0.522135
0.517531
0.539658
0.511243
0.53193
0.509257
0.530044
0.515975
0.497711
0.527187
0.523897
0.508916
0.513739
0.505284
0.510338
0.504583
0.493913
0.51501
0.497097
0.513566
0.607266
0.516026
0.499759
0.526575
0.515256
0.516397
0.510082
0.523438
0.501166
0.513716
0.514147
0.50769
0.526067
0.51591
0.516188
0.513777
0.511465
0.53482
0.528265
0.523595
0.508569
0.509899
0.527803
0.52958
0.518636
0.513538
0.523752
0.507721
0.517786
0.501013
0.51677
0.516373
0.540828
0.506518
0.518881
0.517578
0.513312
0.492707
0.509286
0.525363
0.514454
0.532452
0.526465
0.508877
0.5058
0.619289
0.543776
0.577393
0.536865
0.518686
0.509822
0.533825
0.501215
0.530526
0.505556
0.587804
0.514965
0.55842
0.500101
0.52488
0.529774
0.513352
0.662921
0.512589
0.537394
0.536647
0.524803
0.508941
0.512358
0.535334
0.515106
0.522149
0.568984
0.531787
0.51783
0.512371
0.540854
0.535229
0.517207
0.530174
0.518557
0.530576
0.527105
0.545627
0.519174
0.495602
0.503277
0.541188
0.547028
0.512591
0.514799
