0.530171
0.529552
0.522803
0.516436
0.519016
0.516922
0.544122
0.512675
0.509038
0.509267
0.541374
0.533738
0.517852
0.518318
0.510358
0.532887
0.532342
0.536969
0.536427
0.515683
0.5229
0.520142
0.514081
0.526499
0.53207
0.526232
0.514803
0.514584
0.497766
0.500481
0.507887
0.567809
0.557551
0.566575
0.563326
0.527841
0.535538
0.524756
0.522173
0.521527
0.519945
0.520112
0.492135
0.50016
0.516363
0.508006
0.53116
0.532032
0.525451
0.531097
0.571721
0.497563
0.507931
0.519498
0.527046
0.528333
0.508539
0.507244
0.532232
0.530149
0.526224
0.530755
0.531236
0.536915
0.593512
0.508739
0.509475
0.511121
0.503938
0.51238
0.506666
0.519922
0.517339
0.550522
0.552786
0.562617
0.512446
0.514747
0.515148
0.509197
0.527926
0.5319
0.532964
0.523984
0.490954
0.52706
0.531632
0.520213
0.52708
0.511451
0.511902
0.521436
0.497577
0.506495
0.519867
0.525544
0.502959
0.498026
0.545759
0.503267
0.505197
0.497531
0.520107
0.528619
0.53048
0.526365
0.537407
0.53143
0.526309
0.53135
0.517538
0.515818
0.515659
0.506811
0.504444
0.499759
0.512506
0.515357
0.522337
0.559442
0.540826
0.533114
0.496507
0.505194
0.515376
0.514564
0.513436
0.517805
0.519955
0.577509
0.508477
0.505755
0.537316
0.532344
0.505012
0.508965
0.528428
0.528023
0.526663
0.528336
0.50577
0.490605
0.496325
0.496006
0.490774
0.516272
0.504047
0.606211
0.583706
0.612684
0.563079
0.605644
0.512803
0.513869
0.511941
0.534316
0.534774
0.537381
0.530336
0.550687
0.550532
0.545346
0.544762
0.520466
0.51661
0.509559
0.501805
0.497802
0.532584
0.498091
0.540493
0.503661
0.502161
0.495459
0.508675
0.507133
0.510168
0.518069
0.513323
0.516246
0.514131
0.511173
0.510654
0.511307
0.501954
0.518204
0.5137
0.510155
0.514404
0.508434
0.5117
0.626109
0.515568
0.587195
0.508183
0.504716
0.499398
0.518773
0.509824
0.517669
0.518613
0.520421
0.531561
0.500785
0.505378
0.505073
0.507627
0.512352
0.528151
0.52262
0.529072
0.531561
0.524464
0.520505
0.514151
0.517636
0.516732
0.533419
0.523313
0.525221
0.543673
0.511749
0.514663
0.521241
0.524157
0.522965
0.526142
0.52385
0.541347
0.536427
0.515934
0.510773
0.514153
0.50601
0.503547
0.606286
0.58908
0.505917
0.507573
0.511807
0.516932
0.49778
0.493528
0.500337
0.517024
0.515247
0.517483
0.506619
0.516931
0.496505
0.512683
0.511324
0.515684
0.506309
0.52956
0.515765
0.516738
0.515989
0.53208
0.541014
0.536918
0.503427
0.507017
0.506951
0.558246
0.559002
0.582475
0.531022
0.569202
0.592319
0.552817
0.55407
0.547015
0.539689
0.533955
0.512547
0.525122
0.501018
0.506103
0.515875
0.530037
0.528794
0.504491
0.517754
0.513903
0.514612
0.513515
0.521101
0.5231
0.528382
0.530092
0.527267
0.535636
0.536808
0.540605
0.547279
0.529956
0.52887
0.49481
0.498201
0.603443
0.498699
0.503811
0.508338
0.532099
0.524047
0.524656
0.514486
0.516854
0.529387
0.520484
0.523709
0.547375
0.509909
0.515612
0.589508
0.602132
0.601199
0.526534
0.541148
0.544587
0.513926
0.511932
0.526685
0.516688
0.529229
0.525429
0.520416
0.519652
0.525259
0.526698
0.531521
0.529058
0.523698
0.532731
0.519616
0.515044
0.515345
0.509906
0.525402
0.533151
0.527567
0.51779
0.526472
0.530546
0.614347
0.610252
0.600727
0.597508
0.520675
0.514316
0.512141
0.513177
0.53388
0.519045
0.508324
0.504819
0.512952
0.521141
0.526198
0.519651
0.501445
0.501471
0.507796
0.508346
0.509375
0.608991
0.560912
0.529372
0.547777
0.540244
0.544666
0.508952
0.511314
0.612153
0.602997
0.563284
0.555436
0.529025
0.522226
0.505511
0.508593
0.513359
0.529922
0.530318
0.494172
0.522549
0.517216
0.51253
0.534668
0.507208
0.511618
0.525123
0.517955
0.518694
0.502469
0.507971
0.498652
0.532803
0.527699
0.509481
0.517177
0.518835
0.561459
0.571558
0.520467
0.525304
0.519134
0.567181
0.567183
0.496773
0.49585
0.540444
0.539902
0.542815
0.51135
0.50777
0.509851
0.504719
0.52302
0.525743
0.529418
0.496555
0.509647
0.528205
0.551116
0.519195
0.517413
0.542959
0.537549
0.532087
0.52301
0.548009
0.494051
0.517567
0.514452
0.494793
0.531208
0.533624
0.538333
0.508832
0.508234
0.512822
0.514097
0.51861
0.499487
0.506606
0.508489
0.50851
0.509093
0.508187
0.535367
0.494906
0.499351
0.488996
0.533356
0.534449
0.620478
0.611427
0.609615
0.609459
0.494045
0.511373
0.511092
0.506405
0.539381
0.555045
0.510851
0.506124
0.50722
0.517008
0.516803
0.517808
0.517842
0.591637
0.542965
0.528941
0.560037
0.568347
0.57644
0.580737
0.605359
0.586986
0.598681
0.497624
0.511626
0.504572
0.532068
0.52942
0.59954
0.518432
0.514392
0.515259
0.519987
0.555343
0.622741
0.662425
0.628643
0.509839
0.524116
0.512649
0.521287
0.508562
0.508032
0.513311
0.506161
0.525209
0.532595
0.510064
0.513108
0.516371
0.514173
0.51955
0.514139
0.524225
0.5224
0.525038
0.510501
0.514559
0.516633
0.589687
0.537246
0.519238
0.517635
0.533353
0.534177
0.522142
0.518764
0.514086
0.497806
0.505847
0.546435
0.539624
0.503482
0.507275
0.501799
0.52791
0.509032
0.516781
0.512792
0.668886
0.647261
0.518861
0.514209
0.516298
0.518115
0.542252
0.516972
0.519205
0.529637
0.505779
0.512925
0.51251
0.511525
0.511117
0.533024
0.511156
0.527835
0.519603
0.516196
0.516975
0.511492
0.541869
0.536269
0.528868
0.513915
0.515066
0.532234
0.515982
0.525716
0.526983
0.531385
0.498858
0.499282
0.505913
0.504804
0.508116
0.499985
0.507501
0.510418
0.522197
0.526496
0.545134
0.537472
0.502525
0.508695
0.516829
0.508665
0.51096
0.539615
0.538555
0.537639
0.509795
0.529789
0.517159
0.511433
0.516183
0.511237
0.54758
0.498054
0.493108
0.49699
0.49702
0.51754
0.518226
0.580131
0.576106
0.554766
0.562002
0.562451
0.532419
0.524587
0.574514
0.566559
0.522598
0.527022
0.526555
0.517659
0.517642
0.521375
0.545876
0.551279
0.511678
0.511083
0.50369
0.584063
0.493428
0.506115
0.496459
0.51431
0.592569
0.595275
0.519977
0.53337
0.527494
0.532983
0.549142
0.503444
0.594842
0.59381
0.525972
0.510851
0.51083
0.500837
0.502002
0.572794
0.570558
0.5139
0.520753
0.525673
0.530338
0.51276
0.577568
0.530289
0.525715
0.602796
0.590801
0.60128
0.519624
0.510752
0.496991
0.505141
0.515926
0.509167
0.525275
0.526724
0.51988
0.52861
0.507042
0.512083
0.519872
0.518918
0.518458
0.514027
0.511238
0.512452
0.510617
0.509713
0.529009
0.501242
0.517472
0.521495
0.510347
0.511226
0.512474
0.596467
0.597947
0.542531
0.529495
0.530669
0.494827
0.496007
0.500977
0.521847
0.521779
0.526688
0.500947
0.496335
0.511455
0.524044
0.529424
0.545746
0.539791
0.489104
0.52618
0.524668
0.517951
0.533365
0.531266
0.508812
0.525473
0.603583
0.509559
0.525889
0.536634
0.517875
0.531567
0.518277
0.518433
0.519442
0.509203
0.492125
0.528677
0.497694
0.51336
0.5136
0.501335
0.519078
0.502158
0.521176
0.517331
0.523508
0.511616
0.512734
0.499787
0.532264
0.517326
0.53898
0.52891
0.669795
0.704129
0.677629
0.513227
0.546705
0.50691
0.497784
0.597721
0.530021
0.496169
0.518265
0.54274
0.534992
0.517013
0.523827
0.52373
0.525391
0.525578
0.543908
0.508072
0.50769
0.508869
0.531897
0.5096
0.545883
0.537006
0.536542
0.518051
0.513222
0.53466
0.53928
0.520275
0.512683
0.613865
0.536618
0.517781
0.531146
0.494492
0.524442
0.589113
0.527317
0.529266
0.522691
0.527871
0.504216
0.532345
0.513064
0.5094
0.520498
0.500721
0.498499
0.516634
0.533089
0.512387
0.514967
0.519263
0.518106
0.518598
0.49539
0.4972
0.538358
0.53562
0.499194
0.493695
0.504595
0.500684
0.548083
0.554838
0.517851
0.517689
0.52554
0.487777
0.495729
0.526058
0.507019
0.530975
0.528997
0.526415
0.513357
0.533819
0.516002
0.546522
0.527703
0.593122
0.53952
0.530788
0.520147
0.509985
0.51034
0.539875
0.513032
0.538138
0.511889
0.513254
0.507007
0.510775
0.516119
0.536333
0.502919
0.509855
0.508075
0.511963
0.514835
0.498276
0.588543
0.520962
0.530349
0.507416
0.50774
0.519085
0.51728
0.519762
0.547018
0.527812
0.575659
0.512196
0.509037
0.528551
0.510823
0.525446
0.594872
0.495457
0.503213
0.508928
0.528412
0.521671
0.522826
0.522042
0.537868
0.526798
0.623224
0.508
0.511437
0.51337
0.51345
0.537697
0.534862
0.531545
0.580462
0.496163
0.498775
0.50937
0.508023
0.528027
0.529201
0.509887
0.497961
0.566621
0.48961
0.5095
0.500003
0.491675
0.505717
0.544641
0.546135
0.492528
0.495112
0.503008
0.526692
0.526109
0.496756
0.502102
0.505189
0.522535
0.510028
0.537016
0.527242
0.515295
0.495712
0.515881
0.525554
0.508857
0.539488
0.528355
0.537579
0.524192
0.590101
0.494467
0.493701
0.489712
0.4974
0.588779
0.579864
0.563841
0.544446
0.537976
0.516155
0.523678
0.520736
0.513721
0.508204
0.508319
0.526798
0.530616
0.532994
0.515293
0.515846
0.514189
0.516046
0.516765
0.49935
0.547625
0.531724
0.53196
0.528491
0.537793
0.532463
0.531347
0.506237
0.527442
0.526609
0.514688
0.537122
0.567888
0.518443
0.507639
0.51085
0.620971
0.606814
0.511543
0.521495
0.542273
0.495818
0.546878
0.627665
0.551195
0.518945
0.546755
0.522958
0.503184
0.507395
0.506111
0.519439
0.494893
0.498835
0.548953
0.545099
0.501906
0.540687
0.534186
0.53719
0.532849
0.497242
0.503947
0.518402
0.515837
0.495517
0.500557
0.506259
0.514115
0.513084
0.513671
0.505254
0.498486
0.519822
0.535629
0.540581
0.568005
0.620189
0.512922
0.535782
0.531377
0.503407
0.506393
0.499641
0.530335
0.532634
0.540497
0.511462
0.515928
0.491091
0.496239
0.50147
0.505621
0.538442
0.532547
0.522248
0.51271
0.518237
0.511007
0.534037
0.536526
0.516455
0.516168
0.546385
0.512219
0.512066
0.512556
0.518383
0.542029
0.534743
0.529114
0.514114
0.527331
0.493601
0.583512
0.518112
0.495416
0.548382
0.508365
0.508412
0.510601
0.505323
0.596673
0.52076
0.498671
0.567671
0.536433
0.552483
0.534464
0.517323
0.515664
0.519043
0.593608
0.510195
0.511843
0.511871
0.535971
0.551507
0.551232
0.548007
0.499831
0.509612
0.509921
0.516468
0.557757
0.553607
0.535981
0.519207
0.518382
0.505032
0.502238
0.511216
0.501194
0.533714
0.494178
0.507384
0.534008
0.519688
0.522131
0.511761
0.511089
0.536001
0.515457
0.539701
0.549332
0.546056
0.506188
0.519865
0.53473
0.518762
0.51592
0.520204
0.596055
0.583645
0.508485
0.496587
0.501902
0.508049
0.524146
0.525523
0.536003
0.498248
0.518106
0.547516
0.517435
0.496858
0.630502
0.507403
0.5107
0.527612
0.513154
0.528636
0.543333
0.512337
0.544189
0.647425
0.497243
0.511267
0.513207
0.505464
0.519063
0.527363
0.503478
0.507181
0.543005
0.499457
0.510133
0.505498
0.491929
0.554574
0.526591
0.584958
0.519108
0.606868
0.614751
0.593721
0.50797
0.531496
0.496524
0.509376
0.510759
0.539321
0.534285
0.532239
0.49455
0.489493
0.495446
0.528902
0.500803
0.53139
0.510643
0.540817
0.508888
0.50583
0.599026
0.495234
0.625498
0.543283
0.530694
0.542886
0.546796
0.512706
0.545322
0.575816
0.531371
0.518633
0.533007
0.517671
0.519163
0.525162
0.515362
0.507778
0.514434
0.527558
0.531917
0.526167
0.509193
0.532514
0.51529
0.513012
0.517133
0.532463
0.526216
0.584979
0.536412
0.529197
0.532466
0.518883
0.504104
0.557986
0.520773
0.546235
0.572311
0.510377
0.53129
0.50845
0.512748
0.538768
0.500255
0.584193
0.59016
0.496448
0.511651
0.510121
0.524388
0.52315
0.51774
0.515457
0.516337
0.506445
0.514624
0.527192
0.508778
0.530523
0.528304
0.530047
0.626523
0.531434
0.510367
0.512514
0.519019
0.516439
0.508697
0.530631
0.690351
0.525035
0.514077
0.544356
0.50946
0.514298
0.515666
0.507588
0.53123
0.546281
0.510533
0.507653
0.510124
0.4999
0.545456
0.564132
0.497868
0.490977
0.515288
0.546065
0.542729
0.52464
0.526093
0.53018
0.533822
0.530711
0.495208
0.537741
0.520335
0.489891
0.532512
0.521448
0.507099
0.530942
0.529158
0.550883
0.520402
0.531123
0.508612
0.50874
0.5158
0.5402
0.539
0.502725
0.53147
0.514043
0.510752
0.502022
0.535578
0.516532
0.51573
0.496099
0.495479
0.508273
0.497609
0.502829
0.521263
0.528876
0.536562
0.550043
0.553803
0.559821
0.511702
0.493838
0.493497
0.497526
0.581853
0.582951
0.497058
0.533431
0.658649
0.670254
0.523952
0.496176
0.538346
0.534683
0.527195
0.501335
0.506774
0.5408
0.521433
0.743134
0.528505
0.577882
0.510108
0.510997
0.512421
0.512421
0.496416
0.504841
0.527013
0.537169
0.536877
0.54595
0.600571
0.60486
0.539325
0.545735
0.496771
0.524309
0.519158
0.494504
0.491677
0.532248
0.531325
0.530683
0.494931
0.509859
0.496354
0.516368
0.525936
0.506777
0.521319
0.691848
0.671507
0.55217
0.545985
0.496726
0.494975
0.505994
0.512983
0.541667
0.539957
0.513133
0.516713
0.574772
0.518884
0.503558
0.494052
0.509908
0.532007
0.704818
0.719746
0.490309
0.539555
0.493027
0.515421
0.504966
0.520279
0.506898
0.544274
0.508954
0.59156
0.525843
0.49852
0.527159
0.525631
0.549041
0.538682
0.54745
0.538835
0.508086
0.556808
0.529493
0.500386
0.505321
0.532583
0.537199
0.672072
0.494961
0.638656
0.537695
0.511018
0.511714
0.530152
0.531405
0.49333
0.49585
0.502985
0.546251
0.508533
0.51915
0.575353
0.535885
0.526592
0.520256
0.544203
0.491142
0.498014
0.543469
0.579884
0.613266
0.504814
0.533679
0.496901
0.505779
0.517664
0.61822
0.534517
0.507271
0.526333
0.557681
0.531527
0.538735
0.535533
0.603506
0.57376
0.498362
0.536322
0.531311
0.57255
0.48508
0.495307
0.508269
0.51472
0.508186
0.508006
0.531587
0.507311
0.532339
0.497556
0.616334
0.508949
0.529298
0.530001
0.518775
0.518369
0.55101
0.521871
0.509523
0.51741
0.534951
0.517144
0.504363
0.524346
0.505333
0.517699
0.520641
0.505164
0.534345
0.650613
0.501243
0.506946
0.534822
0.533788
0.495653
0.527983
0.529372
0.535281
0.53147
0.517081
0.537144
0.531781
0.50864
0.53317
0.514837
0.544025
0.500935
0.510627
0.487766
0.516619
0.529687
0.528602
0.532147
0.52392
0.538824
0.538932
0.518145
0.504749
0.495354
0.546691
0.52006
0.495891
0.535727
0.520598
0.503547
0.559183
0.524131
0.525401
0.580842
0.586323
0.513902
0.500366
0.517947
0.524888
0.510104
0.520153
0.534411
0.509733
0.578645
0.526723
0.538787
0.511143
0.511312
0.507845
0.524833
0.517654
0.533596
0.554685
0.60087
0.572835
0.515972
0.515269
0.521093
0.524515
0.517513
0.522001
0.514153
0.520162
0.506215
0.526861
0.52748
0.516291
0.504755
0.520877
0.518829
0.519895
0.517574
0.56094
0.520844
0.515574
0.507938
0.615212
0.508389
0.511786
0.507849
0.507646
0.610072
0.533109
0.521091
0.511199
0.518396
0.519248
0.520837
0.518185
0.524006
0.516066
0.511599
0.625851
0.510006
0.512572
0.523152
0.512308
0.525745
0.528105
0.51254
0.510989
0.512703
0.531088
0.532585
0.518695
0.5224
0.55156
0.518428
0.522861
0.523142
0.531943
0.51502
0.511022
0.517569
0.517166
0.51942
0.523793
0.524211
0.513457
0.521708
0.515499
0.528903
0.525573
0.51326
0.516002
0.521292
0.511465
0.517079
0.520848
0.508761
0.51253
0.510201
0.509998
0.503104
0.545538
0.508019
0.508875
0.515706
0.511343
0.511962
0.508463
0.510773
0.526272
0.517023
0.51863
0.567193
0.561601
0.513979
0.523795
0.528633
0.525266
0.509849
0.508092
0.508275
0.509669
0.524474
0.518842
0.527008
0.500483
0.557971
0.569486
0.516213
0.520502
0.523556
0.516376
0.512428
0.585105
0.525367
0.527122
0.511364
0.514573
0.510419
0.51481
0.517574
0.514422
0.57373
0.58435
0.504741
0.518872
0.51326
0.516344
0.585032
0.518197
0.510257
0.502018
0.512248
0.51427
0.512253
0.517237
0.508497
0.514527
0.524703
0.530032
0.527395
0.519474
0.510974
0.526263
0.515935
0.588659
0.505609
0.549988
0.525726
0.530102
0.519891
0.637358
0.518615
0.523383
0.5096
0.51657
0.510266
0.524742
0.525672
0.5173
0.51802
0.520437
0.523809
0.519593
0.50204
0.513164
0.54242
0.510805
0.498201
0.523205
0.519706
0.51962
0.515427
0.532713
0.52116
0.518506
0.505111
0.503738
0.522636
0.517835
0.516396
0.535052
0.53811
0.516861
0.510805
0.513235
0.51254
0.509203
0.52675
0.501181
0.508651
0.522287
0.530712
0.52745
0.517372
0.517592
0.518168
0.519031
0.522402
0.510998
0.511939
0.519135
0.515036
0.521887
0.536995
0.531645
0.524886
0.520858
0.505007
0.556335
0.517699
0.518114
0.508621
0.533052
0.525666
0.523663
0.513131
0.545046
0.52268
0.510233
0.506959
0.509649
0.510468
0.526804
0.515315
0.515485
0.503518
0.540716
0.516456
0.511238
0.514038
0.534089
0.510828
0.519781
0.520782
0.518728
0.519507
0.510597
0.515135
0.512801
0.513938
0.5181
0.597349
0.523907
0.521042
0.658166
0.514892
0.515793
0.516356
0.516396
0.514132
0.515823
0.530521
0.516458
0.554254
0.548544
0.522938
0.662065
0.510798
0.51147
0.636073
0.641029
0.522602
0.517325
0.519656
0.512866
0.504095
0.53991
0.563974
0.511893
0.513324
0.515738
0.517008
0.513027
0.55003
0.564492
0.519638
0.521084
0.536816
0.510192
0.505316
0.515817
0.532726
0.552376
0.517023
0.519729
0.5166
0.514892
0.533486
0.493033
0.515875
0.519439
0.510265
0.514205
0.512333
0.518087
0.527948
0.518594
0.52096
0.511952
0.515566
0.511693
0.53565
0.511061
0.506369
0.514919
0.512243
0.513837
0.52056
0.512874
0.523352
0.517295
0.514152
0.527482
0.547601
0.532201
0.51035
0.52541
0.517244
0.509173
0.512753
0.523275
0.638008
0.513336
0.514835
0.526215
0.553615
0.543415
0.516434
0.532935
0.528938
0.518056
0.63005
0.53683
0.53895
0.52333
0.516771
0.529683
0.51786
0.526119
0.50961
0.508516
0.509378
0.526691
0.55502
0.514628
0.517722
0.525965
0.50428
0.498601
0.499407
0.55874
0.523591
0.545561
0.527593
0.525021
0.558961
0.525462
0.514257
0.515357
0.511188
0.543813
0.536528
0.521821
0.510108
0.510727
0.522596
0.500472
0.508624
0.544694
0.511778
0.528962
0.51839
0.513495
0.523042
0.526708
0.503004
0.51108
0.537002
0.509794
0.516281
0.51488
0.53104
0.499554
0.538291
0.510531
0.585637
0.525761
0.497146
0.515521
0.499679
0.582214
0.52636
0.499441
0.506747
0.503368
0.514499
0.520277
0.521426
0.523043
0.524567
0.51259
0.543097
0.512885
0.531437
0.514521
0.550554
0.499939
0.519602
0.577484
0.510683
0.533557
0.528391
0.516274
0.509063
0.506585
0.512844
0.524911
0.511242
0.518188
0.519815
0.532902
0.551403
0.514831
0.523314
0.521342
0.510646
0.597727
0.51034
0.515848
0.519463
0.51838
0.516688
0.520188
0.524754
0.526832
0.512463
0.50125
0.520549
0.524264
0.500723
0.527573
0.540591
0.525439
0.522199
0.503024
0.508206
0.519277
0.525122
0.51079
0.514018
0.523077
0.525711
0.504837
0.508779
0.51378
0.513278
0.610433
0.515737
0.508464
0.528208
0.519133
0.514176
0.503727
0.505066
0.524672
0.508068
0.500404
0.526064
0.528059
0.509361
0.521965
0.529596
0.535087
0.520157
0.514563
0.535854
0.503048
0.515463
0.50327
0.509237
0.510241
0.502261
0.530688
0.549652
0.541398
0.519924
0.513777
0.507073
0.542788
0.497125
0.506535
0.523994
0.516121
0.521672
0.518574
0.510229
0.579725
0.522818
0.544023
0.52332
0.496506
0.515314
0.511302
0.537372
0.505493
0.505715
0.509633
0.506188
0.531239
0.538254
0.509062
0.553738
0.512742
0.555419
0.534664
0.52953
0.519259
0.515289
0.525303
0.508005
0.52377
0.590703
0.508141
0.540443
0.515045
0.498826
0.511227
0.544036
0.507872
0.596077
0.501127
0.543086
0.506573
0.50876
0.587134
0.517888
0.510199
0.516699
0.517427
0.512416
0.548795
0.636301
0.49955
0.53139
0.554218
0.50744
0.517139
0.511381
0.536453
0.538709
0.522159
0.51221
0.527782
0.532312
0.547646
0.516624
0.49742
0.542325
0.544232
0.527328
0.537854
0.515695
0.524489
0.497912
0.539
0.502592
0.51706
0.501849
0.505648
0.503582
0.510483
