0.53005
0.522908
0.523107
0.512204
0.497127
0.519608
0.516956
0.506063
0.512209
0.545958
0.53605
0.533135
0.51071
0.511737
0.507422
0.519626
0.520316
0.530969
0.532722
0.533347
0.495444
0.538951
0.532963
0.501791
0.504123
0.528169
0.51878
0.512285
0.570659
0.536603
0.558221
0.529391
0.536308
0.535606
0.519638
0.517883
0.518583
0.538021
0.545526
0.539878
0.5353
0.530325
0.51655
0.513945
0.5123
0.529705
0.525167
0.52843
0.560066
0.673728
0.508685
0.538231
0.535633
0.526102
0.527929
0.507295
0.636968
0.658438
0.525695
0.532302
0.530601
0.539361
0.530932
0.50567
0.505948
0.5334
0.530791
0.538336
0.578038
0.616366
0.598745
0.628848
0.541111
0.542163
0.508792
0.51047
0.511428
0.512477
0.512755
0.502012
0.504781
0.598042
0.556071
0.5275
0.499603
0.520006
0.520606
0.520512
0.54252
0.549421
0.512012
0.513073
0.506624
0.53039
0.530924
0.521405
0.495439
0.52148
0.529206
0.52772
0.509476
0.509687
0.518643
0.520427
0.520303
0.495946
0.495874
0.501975
0.528657
0.502431
0.541995
0.53849
0.506378
0.496713
0.52215
0.526342
0.525758
0.510311
0.520592
0.516539
0.516436
0.516652
0.517765
0.513356
0.51682
0.54411
0.534632
0.539661
0.541133
0.530904
0.50133
0.495881
0.506043
0.5016
0.504539
0.534146
0.517222
0.515734
0.519575
0.512771
0.509819
0.511425
0.506335
0.507756
0.537659
0.53087
0.549818
0.543331
0.503065
0.527451
0.525839
0.526027
0.488658
0.496052
0.608401
0.608997
0.537818
0.537303
0.510544
0.518013
0.504144
0.526222
0.537146
0.533033
0.53374
0.549388
0.520274
0.518154
0.525378
0.49184
0.498468
0.545649
0.526061
0.528307
0.518631
0.524966
0.521361
0.531719
0.541852
0.515586
0.513835
0.514824
0.501944
0.496793
0.493619
0.498462
0.510887
0.509406
0.652097
0.612247
0.624503
0.519726
0.518227
0.514004
0.515845
0.520558
0.521381
0.514966
0.519964
0.516001
0.519854
0.499401
0.503384
0.511099
0.519608
0.516363
0.514092
0.488198
0.513165
0.505744
0.511585
0.512353
0.509458
0.71485
0.669421
0.517097
0.513674
0.605676
0.50494
0.495242
0.503108
0.518086
0.519911
0.518802
0.522991
0.65504
0.519359
0.526737
0.521759
0.520297
0.506329
0.505594
0.5014
0.51399
0.515666
0.515753
0.527794
0.52839
0.518293
0.519337
0.51954
0.516327
0.538546
0.513476
0.515286
0.523969
0.522524
0.53467
0.539281
0.50966
0.507332
0.508518
0.503405
0.505724
0.517708
0.586613
0.499856
0.516889
0.515276
0.515342
0.515764
0.516503
0.511507
0.49788
0.515056
0.498278
0.531913
0.528871
0.537596
0.537515
0.532179
0.521128
0.519539
0.520334
0.55892
0.557935
0.528769
0.528773
0.524226
0.586617
0.601562
0.555265
0.547416
0.537861
0.518114
0.514911
0.528616
0.502351
0.515528
0.505327
0.512512
0.513004
0.505903
0.508779
0.509279
0.524169
0.51866
0.519783
0.5377
0.534357
0.52843
0.628519
0.612566
0.540116
0.537319
0.504001
0.498948
0.524351
0.514103
0.514803
0.518202
0.528233
0.521859
0.526399
0.516334
0.523759
0.515596
0.557152
0.528917
0.502886
0.497495
0.59029
0.601928
0.527216
0.518681
0.516284
0.51595
0.516496
0.518401
0.52814
0.517971
0.51983
0.525794
0.520091
0.53209
0.534597
0.523926
0.533536
0.527834
0.517453
0.519193
0.520312
0.51434
0.509566
0.510184
0.531819
0.527679
0.528919
0.601065
0.598972
0.549738
0.509273
0.508847
0.505654
0.518753
0.514841
0.51727
0.533168
0.522957
0.511355
0.50696
0.512869
0.524769
0.526427
0.521565
0.501581
0.506912
0.495813
0.498149
0.572905
0.512849
0.506906
0.599053
0.589268
0.533638
0.530159
0.542005
0.536496
0.544887
0.539325
0.510258
0.507552
0.510037
0.497078
0.5747
0.569082
0.562095
0.558171
0.509998
0.512806
0.507518
0.497126
0.52315
0.505459
0.499927
0.518876
0.519718
0.54572
0.53552
0.535957
0.545215
0.501733
0.508389
0.507964
0.513343
0.524013
0.515863
0.610474
0.505346
0.511268
0.502353
0.543859
0.509763
0.508217
0.5341
0.525802
0.516719
0.516901
0.513611
0.517316
0.520786
0.559212
0.554458
0.518696
0.565161
0.495493
0.546334
0.54228
0.506829
0.507917
0.50557
0.544748
0.629072
0.663256
0.635015
0.524113
0.503267
0.507166
0.528174
0.523867
0.522792
0.517321
0.536424
0.533645
0.522652
0.549748
0.492621
0.498201
0.494702
0.500226
0.535479
0.508139
0.523752
0.516228
0.517711
0.517108
0.506147
0.510209
0.509947
0.511351
0.537099
0.498021
0.49419
0.53725
0.531367
0.606144
0.491681
0.498947
0.513352
0.507216
0.506649
0.507502
0.507978
0.510198
0.51083
0.513827
0.508123
0.505273
0.517907
0.51559
0.515478
0.514877
0.514964
0.585778
0.569992
0.529205
0.524033
0.567458
0.558693
0.584
0.579446
0.633042
0.500135
0.53038
0.526701
0.589692
0.520794
0.516489
0.516075
0.528861
0.51838
0.513483
0.514843
0.51202
0.515783
0.620463
0.499877
0.521731
0.525143
0.527105
0.52949
0.511417
0.506255
0.50229
0.532955
0.502536
0.532579
0.560407
0.512163
0.514037
0.516671
0.511919
0.536863
0.524697
0.517949
0.520307
0.523554
0.591001
0.497286
0.518519
0.517006
0.51601
0.518051
0.524728
0.508656
0.515921
0.522096
0.520092
0.517506
0.53001
0.523697
0.517152
0.498478
0.503116
0.509649
0.532841
0.527557
0.663921
0.62517
0.5085
0.522986
0.515984
0.516686
0.518073
0.51445
0.676561
0.529504
0.520031
0.518957
0.518487
0.511332
0.505421
0.514329
0.509579
0.548232
0.542746
0.516976
0.532993
0.503055
0.509764
0.514568
0.511452
0.51243
0.531882
0.509559
0.511035
0.529294
0.512528
0.512005
0.52644
0.544688
0.537753
0.532936
0.51488
0.524459
0.525147
0.52973
0.507235
0.504836
0.506808
0.507824
0.508398
0.522348
0.528012
0.54473
0.501202
0.502414
0.510021
0.513196
0.509933
0.509423
0.531301
0.534759
0.538367
0.514198
0.51349
0.514478
0.527209
0.529984
0.607395
0.586736
0.515403
0.514065
0.516273
0.540428
0.58469
0.62643
0.514086
0.515905
0.5058
0.535313
0.529613
0.525658
0.618423
0.560283
0.563691
0.518228
0.520631
0.519909
0.526832
0.517614
0.517158
0.561091
0.496651
0.499752
0.518469
0.543187
0.551536
0.516523
0.512961
0.512648
0.499546
0.523252
0.510664
0.519719
0.617565
0.601405
0.528917
0.494804
0.531846
0.551709
0.583841
0.52512
0.506833
0.510386
0.501481
0.539964
0.535005
0.52002
0.519008
0.56947
0.515837
0.524375
0.527808
0.597316
0.531188
0.525961
0.516264
0.623291
0.515781
0.516929
0.502231
0.505792
0.502197
0.530105
0.515607
0.519509
0.510415
0.519051
0.505629
0.506642
0.501735
0.516656
0.515504
0.513572
0.522474
0.509068
0.513813
0.527661
0.504655
0.509099
0.518988
0.514191
0.511506
0.512038
0.512552
0.514152
0.60485
0.613778
0.540668
0.539796
0.526502
0.511664
0.529173
0.529198
0.520979
0.502543
0.525625
0.518929
0.513303
0.507372
0.543274
0.53648
0.48875
0.512694
0.52391
0.51823
0.54423
0.503963
0.500676
0.527402
0.525914
0.633059
0.583354
0.570368
0.502883
0.525448
0.546563
0.521317
0.542907
0.548722
0.532039
0.516938
0.514976
0.529557
0.513796
0.513825
0.501442
0.519544
0.521192
0.518938
0.493031
0.502905
0.505226
0.518706
0.507997
0.518757
0.519034
0.523336
0.508746
0.535839
0.545689
0.539052
0.534659
0.534837
0.677728
0.500734
0.659794
0.547573
0.497826
0.523253
0.603915
0.526973
0.516843
0.545641
0.51451
0.515943
0.520666
0.52126
0.523648
0.53906
0.531308
0.51123
0.534625
0.539835
0.538248
0.540234
0.514385
0.537571
0.530134
0.525206
0.510242
0.582801
0.525068
0.527098
0.525857
0.530973
0.521333
0.513179
0.510748
0.514874
0.518772
0.543519
0.518171
0.519502
0.540895
0.496368
0.533224
0.52752
0.519226
0.517072
0.516678
0.498354
0.502738
0.506899
0.500773
0.503365
0.507989
0.507549
0.496963
0.506116
0.503102
0.549572
0.551054
0.517356
0.521433
0.516352
0.568777
0.490985
0.512991
0.532347
0.529373
0.522673
0.51515
0.514424
0.529238
0.54437
0.525004
0.522026
0.525721
0.532594
0.52762
0.515477
0.616248
0.629856
0.515126
0.511231
0.51273
0.504328
0.505066
0.511412
0.539626
0.519702
0.498883
0.500066
0.516655
0.512925
0.661438
0.515815
0.561995
0.537155
0.528352
0.527814
0.508586
0.508621
0.517917
0.516404
0.544941
0.526187
0.575311
0.51221
0.535391
0.499735
0.523305
0.63192
0.537001
0.509142
0.507898
0.508541
0.518288
0.554973
0.549973
0.509006
0.532613
0.610796
0.51499
0.624377
0.68008
0.52492
0.518164
0.51903
0.519658
0.527209
0.523586
0.514792
0.518239
0.493532
0.543383
0.510239
0.518728
0.503187
0.544145
0.512379
0.548861
0.546024
0.521334
0.501976
0.496705
0.505436
0.535676
0.535399
0.545096
0.541498
0.504005
0.493325
0.499109
0.525641
0.525176
0.49265
0.500466
0.506172
0.537189
0.531581
0.510829
0.531659
0.513462
0.507135
0.496911
0.504356
0.50383
0.500051
0.496697
0.516725
0.522325
0.517489
0.506848
0.517216
0.547056
0.541277
0.508527
0.509934
0.507596
0.499087
0.651204
0.648584
0.619091
0.529644
0.528204
0.492128
0.496798
0.492787
0.496669
0.505914
0.584598
0.58253
0.500592
0.491664
0.495246
0.580341
0.538299
0.528992
0.513622
0.514557
0.512666
0.514075
0.508852
0.527097
0.530158
0.531039
0.530602
0.514722
0.518366
0.497331
0.49815
0.491639
0.525593
0.529097
0.517224
0.537668
0.512338
0.530778
0.529761
0.50664
0.53051
0.523261
0.529479
0.51509
0.514003
0.531005
0.513035
0.517929
0.504047
0.55258
0.517392
0.545368
0.606961
0.578099
0.498221
0.505169
0.549771
0.517977
0.51752
0.498521
0.50181
0.532312
0.522848
0.527371
0.502383
0.508444
0.510603
0.511597
0.518867
0.495103
0.549954
0.506124
0.507456
0.494481
0.501599
0.536544
0.533131
0.49906
0.49368
0.516142
0.51673
0.493345
0.531863
0.521567
0.504784
0.516337
0.513123
0.522628
0.550728
0.520144
0.537521
0.535429
0.533915
0.570699
0.570075
0.536485
0.534225
0.536764
0.529318
0.501627
0.50281
0.527129
0.510725
0.48945
0.502457
0.539466
0.519135
0.514066
0.516013
0.511006
0.501671
0.570845
0.535601
0.511092
0.51043
0.653995
0.667096
0.539877
0.538362
0.539912
0.531207
0.523332
0.517491
0.492537
0.496655
0.549354
0.50363
0.519692
0.519122
0.509843
0.511146
0.494902
0.647637
0.539995
0.530755
0.501464
0.516141
0.607692
0.515311
0.514741
0.51238
0.536295
0.55083
0.550691
0.542463
0.510831
0.510128
0.514717
0.55996
0.501291
0.564781
0.511709
0.623397
0.50323
0.528563
0.536844
0.518592
0.534868
0.518646
0.519008
0.517904
0.518141
0.513389
0.50999
0.542563
0.537112
0.54129
0.499472
0.497242
0.515437
0.535647
0.521555
0.610213
0.606497
0.508142
0.493932
0.50016
0.545667
0.500894
0.523121
0.511709
0.527047
0.535149
0.506355
0.532528
0.517185
0.517346
0.517623
0.496061
0.501102
0.59168
0.509107
0.5126
0.528843
0.519267
0.528737
0.544259
0.508685
0.615358
0.543569
0.561508
0.541702
0.513476
0.487202
0.493084
0.604006
0.503138
0.51062
0.516561
0.509114
0.509896
0.492861
0.526259
0.514181
0.622925
0.492377
0.502185
0.568811
0.506075
0.528794
0.527177
0.510108
0.542572
0.535613
0.53133
0.538805
0.500261
0.487938
0.497228
0.492559
0.529228
0.507773
0.511913
0.522668
0.525055
0.525936
0.526461
0.526969
0.525433
0.542692
0.488343
0.534459
0.547861
0.505302
0.593265
0.496065
0.527598
0.510648
0.547303
0.492451
0.571977
0.530536
0.516069
0.518114
0.520377
0.504184
0.50774
0.530673
0.51913
0.504603
0.588346
0.507829
0.531617
0.515858
0.513627
0.551121
0.558348
0.519227
0.531045
0.523789
0.536709
0.528768
0.51888
0.517845
0.50185
0.501095
0.504698
0.571172
0.523413
0.520872
0.546097
0.560036
0.55409
0.557148
0.509198
0.508826
0.4943
0.581489
0.590481
0.513688
0.509452
0.519528
0.528142
0.531874
0.533778
0.522757
0.520603
0.545696
0.612105
0.518336
0.508795
0.515769
0.508621
0.489626
0.538668
0.508085
0.52874
0.531663
0.527008
0.517916
0.529046
0.513617
0.62997
0.523846
0.501717
0.511892
0.513211
0.51145
0.51568
0.516858
0.519362
0.502517
0.507533
0.530912
0.50756
0.544868
0.51325
0.516294
0.529786
0.504677
0.497458
0.544641
0.497768
0.490395
0.55541
0.535847
0.546468
0.519493
0.524035
0.531639
0.532346
0.504416
0.529977
0.506277
0.547642
0.490113
0.514447
0.53269
0.531374
0.524835
0.507393
0.51421
0.545501
0.514394
0.562784
0.532842
0.50792
0.516966
0.494418
0.542037
0.54521
0.493312
0.542192
0.533209
0.528711
0.516616
0.514956
0.506444
0.500087
0.530665
0.496258
0.492054
0.529898
0.51211
0.532734
0.516007
0.497945
0.49092
0.530736
0.521853
0.544903
0.532732
0.511977
0.537185
0.520638
0.500618
0.54796
0.548881
0.552699
0.544197
0.561053
0.509474
0.552319
0.52133
0.537423
0.492034
0.59127
0.490536
0.4942
0.531731
0.53077
0.530524
0.546443
0.516957
0.526664
0.503635
0.507022
0.514116
0.522333
0.547483
0.522301
0.49582
0.518062
0.579274
0.510263
0.515503
0.511901
0.514297
0.519748
0.534248
0.519487
0.629615
0.539897
0.507528
0.516954
0.492879
0.495877
0.530753
0.5196
0.516589
0.518299
0.545783
0.529476
0.492481
0.603151
0.497116
0.572258
0.509566
0.496856
0.516806
0.497868
0.536616
0.531114
0.526142
0.510934
0.523528
0.707433
0.546483
0.541427
0.496605
0.617346
0.495026
0.492366
0.582615
0.504854
0.500001
0.518084
0.57652
0.544841
0.504261
0.562217
0.511195
0.488634
0.499713
0.514264
0.543006
0.489561
0.498096
0.508276
0.508765
0.524443
0.529872
0.525114
0.525676
0.53708
0.519893
0.522981
0.538892
0.617322
0.511604
0.568054
0.500198
0.505645
0.532136
0.618753
0.518774
0.540188
0.512814
0.512479
0.525683
0.549263
0.555275
0.498536
0.501973
0.499176
0.502826
0.508439
0.507404
0.506823
0.510944
0.490473
0.526171
0.504351
0.532199
0.500737
0.52658
0.544341
0.497159
0.496053
0.532431
0.536024
0.555046
0.501996
0.532031
0.49727
0.497757
0.532399
0.527363
0.520037
0.517091
0.667745
0.532876
0.497104
0.510115
0.574803
0.509497
0.510288
0.559087
0.512411
0.557563
0.536969
0.530694
0.540798
0.6249
0.496781
0.512091
0.533524
0.531244
0.497076
0.504117
0.499855
0.50709
0.491719
0.533253
0.514021
0.531347
0.527077
0.518666
0.518481
0.549584
0.522079
0.519364
0.536067
0.516591
0.520205
0.497344
0.624616
0.532296
0.533229
0.531264
0.496231
0.627901
0.549049
0.517418
0.498392
0.509016
0.534133
0.532243
0.497043
0.527605
0.557751
0.53189
0.513104
0.545632
0.507142
0.528844
0.53396
0.53203
0.529061
0.540349
0.506512
0.517817
0.516431
0.541713
0.537897
0.529988
0.517373
0.545577
0.497458
0.531268
0.531265
0.525547
0.522972
0.495255
0.507513
0.520442
0.54323
0.548273
0.518047
0.522441
0.52467
0.526398
0.529493
0.602392
0.510708
0.51712
0.622091
0.516799
0.512385
0.532433
0.509946
0.639379
0.621942
0.524181
0.531311
0.519345
0.53041
0.555326
0.522046
0.516808
0.515175
0.519354
0.528064
0.627075
0.51714
0.516756
0.520771
0.520548
0.51381
0.520207
0.544101
0.502168
0.526243
0.525433
0.51283
0.528496
0.643453
0.517368
0.517908
0.517824
0.515412
0.650652
0.619017
0.513033
0.514309
0.516454
0.509647
0.518544
0.53507
0.516969
0.521914
0.512546
0.520419
0.517647
0.521572
0.512565
0.524234
0.511482
0.51217
0.520158
0.515556
0.516821
0.535924
0.511909
0.531427
0.518317
0.598879
0.524224
0.515937
0.524029
0.524453
0.523957
0.52599
0.524409
0.51434
0.534625
0.514619
0.523735
0.52627
0.511301
0.50695
0.522449
0.514798
0.521816
0.506771
0.531868
0.514698
0.65783
0.602268
0.516319
0.52576
0.515888
0.514792
0.516197
0.516757
0.521478
0.524708
0.512371
0.510367
0.512622
0.5121
0.507353
0.518687
0.520397
0.516741
0.515567
0.518986
0.513585
0.509232
0.515668
0.516317
0.522925
0.532652
0.51127
0.641608
0.51926
0.52333
0.510166
0.538685
0.501761
0.530347
0.51963
0.512359
0.587794
0.531872
0.516627
0.5524
0.514648
0.612157
0.51247
0.527114
0.51667
0.508967
0.519206
0.522104
0.529351
0.564122
0.519577
0.514527
0.518018
0.506623
0.518582
0.521456
0.505684
0.509829
0.514374
0.586421
0.513586
0.516839
0.535425
0.512079
0.516937
0.515093
0.542983
0.524837
0.536061
0.525052
0.508289
0.520787
0.508395
0.514505
0.523415
0.516604
0.523775
0.571063
0.516067
0.529368
0.518987
0.522189
0.517377
0.499808
0.509435
0.521432
0.530359
0.512373
0.51625
0.519128
0.502235
0.517626
0.543098
0.517674
0.521917
0.520462
0.518304
0.517457
0.512851
0.518551
0.516144
0.502632
0.516152
0.514437
0.517621
0.536599
0.538024
0.518356
0.527711
0.514885
0.51909
0.524848
0.523315
0.509145
0.53828
0.560436
0.520725
0.534378
0.523421
0.51708
0.518717
0.530165
0.51717
0.516803
0.520393
0.518996
0.505689
0.524486
0.506956
0.513085
0.514282
0.546786
0.514889
0.523385
0.534272
0.527752
0.499591
0.51224
0.523076
0.504871
0.522499
0.528234
0.53523
0.5212
0.518199
0.526273
0.512877
0.513465
0.553876
0.52483
0.528202
0.534156
0.511189
0.50869
0.510323
0.510473
0.510261
0.524141
0.509856
0.51227
0.518659
0.510297
0.512357
0.527612
0.514692
0.515403
0.518277
0.525824
0.509523
0.520053
0.508417
0.526386
0.512251
0.515127
0.52701
0.520439
0.509663
0.515575
0.515055
0.524437
0.512676
0.552452
0.522242
0.504986
0.520059
0.554397
0.523049
0.51904
0.515464
0.51212
0.520451
0.518667
0.570322
0.519556
0.518165
0.511418
0.554125
0.515384
0.5199
0.51147
0.515177
0.512573
0.518541
0.551598
0.528069
0.585379
0.50972
0.526954
0.510916
0.529993
0.536892
0.538266
0.517389
0.535142
0.514333
0.51561
0.519344
0.515035
0.518583
0.516927
0.520595
0.52698
0.50355
0.518218
0.523681
0.514535
0.509112
0.516888
0.543718
0.513215
0.515757
0.518457
0.523237
0.519373
0.514853
0.52417
0.600408
0.58781
0.504991
0.521353
0.51594
0.521036
0.503935
0.515029
0.543183
0.522622
0.51287
0.520679
0.517457
0.512339
0.510697
0.548453
0.549458
0.517312
0.509012
0.513315
0.528802
0.515742
0.514986
0.514259
0.527611
0.517725
0.533077
0.515589
0.528198
0.560078
0.517967
0.513018
0.556966
0.549263
0.525814
0.588601
0.516678
0.508952
0.518127
0.513748
0.524414
0.510681
0.50848
0.532471
0.509558
0.5108
0.506267
0.553926
0.509936
0.522298
0.515266
0.510974
0.510775
0.522414
0.518859
0.509169
0.521164
0.516516
0.512068
0.515339
0.571118
0.534621
0.508063
0.509703
0.517186
0.528289
0.518848
0.516389
0.552614
0.515918
0.537332
0.584806
0.515918
0.505248
0.519785
0.521797
0.530781
0.515711
0.514858
0.500806
0.496928
0.509427
0.51941
0.526937
0.507323
0.506337
0.580208
0.507707
0.561845
0.565555
0.551531
0.50246
0.520188
0.52403
0.511867
0.520781
0.508684
0.54283
0.517186
0.508395
0.615338
0.518683
0.512626
0.511377
0.523647
0.513952
0.54246
0.555435
0.515542
0.545353
0.50516
0.520049
0.577192
0.532335
0.551908
0.519689
0.518186
0.528495
0.530966
0.564733
0.541937
0.529253
0.510202
0.520602
0.533223
0.523185
0.503323
0.52628
0.520795
0.499693
0.523189
0.530046
0.506994
0.50618
0.506728
0.525048
0.676066
0.522688
0.513647
0.505017
0.52511
0.520669
0.519856
0.532528
0.516554
0.677992
0.501998
0.509357
0.496346
0.62277
0.518194
0.513452
0.591385
0.509196
0.507145
0.511035
0.50848
0.516304
0.528633
0.534027
0.514594
0.516408
0.516035
0.528353
0.506347
0.523086
0.526271
0.643508
0.499421
0.517614
0.501555
0.518299
0.512993
0.519597
0.51572
0.515792
0.514425
0.516118
0.531791
0.551549
0.501893
0.504527
0.537796
0.539607
0.50833
0.522713
0.584538
0.521999
0.510083
0.609696
0.534583
0.5158
0.515787
0.518719
0.508107
0.514131
0.537928
0.506226
0.507482
0.554965
0.500187
0.511137
0.532134
0.517355
0.501355
0.519281
0.496774
0.553994
0.577414
0.56073
0.527935
0.545519
0.51636
0.521135
0.50855
0.506419
0.60994
0.516074
0.558142
0.505239
0.519694
0.536699
0.497967
0.520177
0.513618
0.522347
0.625457
0.535557
0.521262
0.507331
0.529824
0.506505
0.519554
0.558646
0.511085
