0.528447
0.522315
0.50881
0.501455
0.518837
0.499002
0.504927
0.504751
0.535467
0.528798
0.541637
0.511645
0.512704
0.50692
0.509049
0.519341
0.496486
0.537974
0.505635
0.52513
0.515509
0.512165
0.564519
0.563765
0.561543
0.520494
0.530748
0.532484
0.518287
0.51736
0.541256
0.544644
0.536518
0.514758
0.510912
0.505816
0.524827
0.521216
0.522615
0.53508
0.568568
0.570564
0.570747
0.659762
0.504932
0.539159
0.534164
0.518355
0.526777
0.522628
0.510163
0.509488
0.505594
0.562502
0.582454
0.569422
0.528338
0.534318
0.528897
0.537372
0.527553
0.502292
0.532352
0.52449
0.547334
0.584509
0.565744
0.59605
0.583706
0.546136
0.540469
0.539186
0.537973
0.511394
0.508629
0.512014
0.502312
0.503888
0.568061
0.523744
0.535578
0.504416
0.505922
0.544248
0.516493
0.519468
0.519528
0.51831
0.507535
0.505933
0.514649
0.516559
0.563453
0.553818
0.5173
0.521016
0.520169
0.504451
0.49637
0.525474
0.501359
0.505618
0.540013
0.53583
0.496848
0.499666
0.507218
0.516146
0.51981
0.516449
0.517323
0.516013
0.519932
0.530462
0.525053
0.527959
0.535786
0.534649
0.52796
0.527809
0.495949
0.508049
0.503936
0.527427
0.52421
0.53603
0.583269
0.588023
0.516562
0.51815
0.506322
0.511049
0.51217
0.507665
0.509442
0.505609
0.500796
0.525806
0.523273
0.52838
0.527347
0.5103
0.497054
0.513707
0.537334
0.545921
0.541674
0.520934
0.518487
0.520653
0.526066
0.534938
0.50589
0.500742
0.544227
0.525815
0.521844
0.524109
0.508004
0.53726
0.517667
0.51787
0.516858
0.539213
0.500576
0.516588
0.492879
0.502294
0.506372
0.511141
0.59709
0.586836
0.513588
0.519312
0.518697
0.514157
0.514407
0.515447
0.516459
0.496082
0.501963
0.557101
0.506132
0.505101
0.582238
0.580623
0.528394
0.52876
0.516825
0.487328
0.507762
0.512433
0.512691
0.504232
0.510052
0.513969
0.512654
0.525637
0.528862
0.51656
0.523096
0.600314
0.502599
0.507868
0.502024
0.498176
0.517559
0.518766
0.537578
0.525071
0.661704
0.647462
0.519973
0.521713
0.529757
0.518698
0.519556
0.519122
0.521449
0.50903
0.512656
0.51552
0.520683
0.49577
0.528094
0.531434
0.512598
0.517092
0.519563
0.535838
0.514167
0.522217
0.522231
0.53492
0.538824
0.504518
0.521884
0.598199
0.597325
0.499213
0.504764
0.51818
0.514138
0.516875
0.516632
0.51733
0.517546
0.518728
0.499761
0.512336
0.525188
0.519742
0.530367
0.535184
0.536091
0.532641
0.516515
0.514485
0.517867
0.515394
0.53166
0.529557
0.582414
0.488918
0.499738
0.520022
0.511061
0.51831
0.513395
0.501992
0.522449
0.524132
0.52392
0.519352
0.506222
0.508363
0.516458
0.509522
0.523548
0.515266
0.515841
0.514267
0.52851
0.533086
0.622636
0.632112
0.534811
0.537676
0.504249
0.523719
0.519094
0.517322
0.517847
0.529769
0.524537
0.519323
0.518487
0.516076
0.497736
0.540734
0.506824
0.515813
0.522222
0.517263
0.513856
0.558258
0.554499
0.528936
0.52336
0.517722
0.518206
0.516352
0.546737
0.540953
0.519027
0.515544
0.525264
0.518686
0.522707
0.519336
0.524175
0.528255
0.525267
0.532064
0.525963
0.542382
0.55129
0.52933
0.513478
0.514226
0.519855
0.514253
0.507887
0.510442
0.509688
0.535724
0.528093
0.577926
0.591662
0.568487
0.509679
0.510946
0.518105
0.594796
0.515231
0.5156
0.516507
0.542219
0.512459
0.506928
0.531487
0.527
0.5223
0.527992
0.522857
0.493727
0.499965
0.520472
0.518785
0.517973
0.497871
0.561916
0.580132
0.511364
0.511236
0.50964
0.499773
0.556369
0.557307
0.523811
0.52093
0.516044
0.491737
0.517282
0.519815
0.518221
0.501389
0.516966
0.510936
0.508427
0.542882
0.537768
0.538267
0.532968
0.526
0.54653
0.496476
0.505086
0.497981
0.507685
0.509215
0.556703
0.512761
0.519721
0.596167
0.508616
0.506867
0.53946
0.512091
0.513368
0.515083
0.509083
0.517067
0.517657
0.514966
0.515049
0.513589
0.513607
0.514546
0.522224
0.518144
0.509673
0.512237
0.513225
0.504518
0.561144
0.556146
0.610835
0.611094
0.603033
0.528977
0.49983
0.506542
0.525627
0.520775
0.542733
0.528322
0.51818
0.520588
0.514188
0.522627
0.522786
0.522698
0.549439
0.492419
0.495836
0.49547
0.502214
0.53305
0.50903
0.510216
0.514553
0.513611
0.548062
0.547566
0.518456
0.516191
0.501383
0.494934
0.51012
0.536879
0.510287
0.53687
0.573446
0.608755
0.514917
0.509205
0.50919
0.603631
0.512921
0.506656
0.51022
0.512187
0.514279
0.51506
0.578118
0.541845
0.52836
0.522541
0.566103
0.57419
0.556848
0.570959
0.500029
0.506172
0.517186
0.521484
0.515776
0.513958
0.514028
0.524489
0.505493
0.624916
0.620948
0.500757
0.504354
0.52728
0.511525
0.509083
0.504736
0.511156
0.525541
0.491116
0.512312
0.515625
0.53636
0.522635
0.531601
0.521978
0.522802
0.49728
0.519219
0.517662
0.517962
0.521444
0.509998
0.530075
0.524594
0.515526
0.510131
0.514623
0.511419
0.510933
0.521653
0.517175
0.516238
0.53113
0.529783
0.51743
0.541436
0.546255
0.501277
0.503879
0.508869
0.526194
0.600241
0.596697
0.530473
0.522232
0.526013
0.506546
0.515238
0.518161
0.515531
0.543434
0.509951
0.607936
0.525059
0.528468
0.524916
0.517684
0.51372
0.513482
0.508895
0.515564
0.53943
0.533223
0.506354
0.505908
0.51726
0.515496
0.508487
0.512022
0.521102
0.51673
0.520761
0.516729
0.511783
0.526179
0.537682
0.543673
0.530259
0.512903
0.527711
0.524445
0.540422
0.532723
0.512768
0.531765
0.508024
0.505279
0.509467
0.521949
0.527721
0.520486
0.505692
0.505385
0.513584
0.516316
0.512923
0.570283
0.515574
0.528656
0.53033
0.536298
0.510807
0.512833
0.516981
0.504314
0.49772
0.605347
0.610771
0.536761
0.580506
0.588749
0.530014
0.527933
0.519186
0.533187
0.531581
0.579156
0.576384
0.523975
0.559951
0.57737
0.577626
0.517508
0.527392
0.517266
0.574798
0.499834
0.504391
0.518234
0.53533
0.528664
0.560935
0.538694
0.514823
0.510896
0.517543
0.515031
0.509862
0.51799
0.521111
0.490274
0.496739
0.518581
0.518949
0.522985
0.514016
0.514866
0.606095
0.489926
0.535459
0.500198
0.523389
0.534868
0.526962
0.525032
0.506168
0.499959
0.517953
0.516089
0.542765
0.536755
0.505399
0.572818
0.518765
0.518548
0.520063
0.522723
0.602887
0.527866
0.518521
0.502912
0.49926
0.49304
0.517436
0.491506
0.505219
0.507628
0.528535
0.520712
0.509389
0.50876
0.508418
0.550061
0.513521
0.512934
0.520608
0.496588
0.508438
0.512138
0.51302
0.59902
0.539117
0.540946
0.511736
0.511848
0.528015
0.525881
0.499386
0.502154
0.535565
0.522372
0.52426
0.509526
0.524419
0.522076
0.502732
0.538003
0.541995
0.543704
0.503007
0.498251
0.521544
0.529447
0.523781
0.488081
0.513801
0.507304
0.52031
0.526485
0.499157
0.529222
0.492646
0.505724
0.522417
0.527301
0.590336
0.570775
0.579445
0.52758
0.521421
0.521543
0.541744
0.546027
0.551687
0.516543
0.529907
0.51393
0.514046
0.500433
0.494319
0.495662
0.50359
0.510654
0.522558
0.516284
0.521886
0.508566
0.641955
0.643594
0.546974
0.515616
0.618242
0.54748
0.50098
0.514542
0.526183
0.523446
0.528629
0.527298
0.510524
0.535951
0.54693
0.542626
0.53675
0.536969
0.533175
0.52477
0.529761
0.510216
0.516343
0.515736
0.518035
0.493288
0.520129
0.518366
0.504242
0.53289
0.533357
0.534194
0.528051
0.530003
0.516391
0.517664
0.514242
0.497755
0.502373
0.516943
0.508669
0.501109
0.50237
0.510866
0.621471
0.496724
0.501274
0.546413
0.548518
0.518506
0.520153
0.516595
0.582377
0.587337
0.489649
0.500134
0.510062
0.497584
0.527947
0.533724
0.531087
0.519742
0.51753
0.516679
0.51546
0.526127
0.527456
0.50004
0.504105
0.528501
0.590776
0.554578
0.514273
0.56285
0.556904
0.554493
0.512033
0.518143
0.510832
0.502432
0.508512
0.544209
0.507762
0.504155
0.502267
0.516106
0.515435
0.498878
0.511405
0.664034
0.63353
0.515776
0.526533
0.535298
0.522936
0.528078
0.507417
0.517765
0.516678
0.553658
0.529859
0.536515
0.583625
0.507741
0.532847
0.533784
0.512457
0.501506
0.518222
0.524722
0.543257
0.509261
0.508712
0.510343
0.515659
0.488263
0.538498
0.5184
0.506955
0.517621
0.515114
0.543136
0.516367
0.625585
0.630094
0.509477
0.513337
0.611119
0.511685
0.529956
0.524769
0.520933
0.521233
0.526583
0.506005
0.517788
0.515243
0.51819
0.555936
0.575619
0.505148
0.529959
0.596424
0.533882
0.528966
0.516545
0.544757
0.543818
0.511461
0.557452
0.548586
0.541136
0.520426
0.500268
0.501317
0.506686
0.505152
0.541657
0.538077
0.537675
0.537363
0.503175
0.508426
0.492509
0.523546
0.522046
0.523986
0.519917
0.493271
0.500463
0.515526
0.523809
0.525405
0.536685
0.53014
0.524944
0.514133
0.513946
0.506442
0.512717
0.49359
0.49795
0.523174
0.509942
0.508355
0.510121
0.508726
0.500379
0.644709
0.62835
0.604282
0.518652
0.519234
0.489988
0.497645
0.49726
0.589443
0.587359
0.491732
0.495211
0.568521
0.545034
0.513656
0.506729
0.525955
0.531012
0.534559
0.518096
0.494841
0.505349
0.490645
0.522502
0.514351
0.523965
0.529462
0.529856
0.51658
0.519198
0.509698
0.534794
0.529554
0.51018
0.541297
0.50066
0.517345
0.496682
0.496391
0.501259
0.516452
0.517703
0.504224
0.515367
0.531261
0.500952
0.536282
0.544981
0.53828
0.57174
0.531521
0.500888
0.508023
0.504565
0.505499
0.499392
0.492103
0.529334
0.492872
0.508709
0.516879
0.516355
0.526324
0.513993
0.510229
0.513798
0.493842
0.518172
0.544629
0.527064
0.536557
0.531406
0.570054
0.565746
0.511822
0.558171
0.533656
0.584175
0.518733
0.535409
0.528257
0.505082
0.507608
0.521301
0.512471
0.51076
0.501846
0.542134
0.533279
0.518685
0.512899
0.51574
0.510433
0.503079
0.553573
0.544631
0.534805
0.527246
0.514532
0.53056
0.633685
0.538546
0.536994
0.532654
0.537627
0.54841
0.524434
0.505391
0.501615
0.518852
0.518937
0.516652
0.494804
0.573168
0.531032
0.53512
0.517053
0.516829
0.537458
0.545419
0.543723
0.511137
0.511712
0.515682
0.502907
0.59
0.607204
0.519728
0.519001
0.519446
0.511546
0.602772
0.53131
0.540387
0.515123
0.51411
0.509801
0.505905
0.51305
0.511821
0.514559
0.539775
0.538568
0.543159
0.534113
0.549883
0.50121
0.496879
0.515909
0.517556
0.532646
0.621604
0.621928
0.511754
0.511406
0.545403
0.540305
0.494072
0.545145
0.538969
0.501339
0.518541
0.521519
0.516071
0.529238
0.536439
0.490349
0.532047
0.512325
0.517064
0.516878
0.522125
0.501439
0.513683
0.523484
0.517033
0.53069
0.506989
0.509548
0.518929
0.544501
0.505668
0.622217
0.605219
0.504814
0.545504
0.500117
0.489283
0.492348
0.516076
0.608682
0.531742
0.510222
0.515576
0.50869
0.509981
0.540763
0.541697
0.647323
0.514196
0.491663
0.501018
0.574312
0.504076
0.53709
0.499293
0.495788
0.503236
0.530021
0.508556
0.530493
0.525226
0.512401
0.529796
0.525524
0.52687
0.532391
0.495391
0.506251
0.508057
0.538628
0.506804
0.575476
0.596344
0.505094
0.513707
0.495277
0.506692
0.49484
0.498477
0.500664
0.515939
0.51897
0.506976
0.535048
0.532911
0.527165
0.512868
0.528479
0.504913
0.532379
0.514557
0.505855
0.591495
0.587404
0.526476
0.527905
0.51569
0.501551
0.521257
0.520093
0.517624
0.547176
0.542185
0.5337
0.509625
0.526849
0.528461
0.525673
0.661733
0.509971
0.499388
0.581675
0.577534
0.513579
0.516568
0.529755
0.527675
0.517476
0.537343
0.584256
0.51715
0.516178
0.509225
0.542111
0.507206
0.521834
0.527645
0.528086
0.515697
0.491331
0.496324
0.507917
0.623823
0.623034
0.519956
0.49028
0.529691
0.590912
0.509742
0.535128
0.508029
0.523465
0.529952
0.527068
0.512607
0.51723
0.540994
0.500907
0.51789
0.506185
0.503386
0.521767
0.516221
0.525843
0.543944
0.542687
0.543726
0.599921
0.571289
0.495337
0.683213
0.490524
0.538265
0.518452
0.523159
0.529009
0.53263
0.532524
0.503038
0.517845
0.517228
0.546924
0.540336
0.497572
0.517561
0.517027
0.526928
0.519352
0.507058
0.510084
0.59148
0.514868
0.559156
0.53372
0.545145
0.504254
0.490658
0.540382
0.533109
0.52958
0.497649
0.515932
0.507955
0.515235
0.509392
0.498184
0.504422
0.530408
0.531936
0.511814
0.513714
0.533006
0.514697
0.516778
0.500428
0.541713
0.526238
0.528158
0.531728
0.516506
0.536925
0.529115
0.523361
0.545102
0.553136
0.567058
0.535281
0.500186
0.523637
0.497215
0.600895
0.529514
0.536489
0.544017
0.499308
0.491487
0.505281
0.546843
0.503758
0.520966
0.516302
0.515353
0.50336
0.531498
0.521486
0.523973
0.500083
0.531208
0.546981
0.512194
0.512001
0.51868
0.52053
0.514613
0.508714
0.501056
0.548808
0.507438
0.492473
0.543886
0.518057
0.543806
0.5312
0.518913
0.521746
0.493953
0.53045
0.519
0.536741
0.534102
0.53277
0.492975
0.586994
0.535305
0.660562
0.600035
0.512737
0.519723
0.518783
0.516877
0.527732
0.525938
0.511232
0.530449
0.537161
0.496249
0.507675
0.639612
0.503352
0.489248
0.587363
0.538846
0.600274
0.514881
0.502462
0.513293
0.548949
0.523559
0.546336
0.531344
0.51756
0.508805
0.50185
0.516439
0.513307
0.545235
0.516567
0.49895
0.516229
0.50657
0.512853
0.506848
0.48812
0.640978
0.526357
0.525506
0.546136
0.52283
0.577599
0.599704
0.503453
0.536236
0.493441
0.618577
0.507856
0.621783
0.604806
0.500479
0.520375
0.515916
0.535333
0.532481
0.527152
0.533964
0.537886
0.560049
0.500584
0.50452
0.508341
0.528537
0.511456
0.510822
0.491526
0.533896
0.525068
0.527898
0.50503
0.539384
0.534864
0.496961
0.533062
0.549504
0.500561
0.530975
0.52667
0.520921
0.566212
0.532037
0.505838
0.489761
0.492447
0.614237
0.514455
0.509326
0.536171
0.493113
0.531655
0.525699
0.524532
0.496699
0.531881
0.59317
0.529053
0.544976
0.519573
0.526704
0.499885
0.531297
0.495743
0.524494
0.502083
0.497157
0.50374
0.504467
0.508738
0.586254
0.533315
0.540863
0.516407
0.518028
0.518014
0.509487
0.522742
0.510684
0.520282
0.549253
0.542607
0.490037
0.517291
0.497205
0.533548
0.531084
0.533485
0.495807
0.546706
0.497113
0.507621
0.534081
0.526049
0.528863
0.536515
0.527153
0.555408
0.51632
0.509676
0.531248
0.510212
0.531713
0.531397
0.522365
0.505191
0.541878
0.533167
0.529969
0.541486
0.518238
0.542215
0.519688
0.507841
0.516446
0.521657
0.540317
0.515044
0.533018
0.49668
0.49572
0.520463
0.506978
0.549718
0.530762
0.621913
0.548348
0.52407
0.496908
0.524913
0.519654
0.527047
0.540023
0.522208
0.508097
0.559675
0.526117
0.585198
0.512464
0.519412
0.527568
0.513641
0.519411
0.530905
0.54049
0.538173
0.513438
0.509102
0.585802
0.579196
0.56725
0.52381
0.522414
0.511075
0.522459
0.527365
0.528607
0.515646
0.526409
0.516503
0.521547
0.521527
0.515991
0.521669
0.517636
0.51084
0.51533
0.560731
0.5523
0.524266
0.530742
0.512686
0.514019
0.510154
0.508017
0.586866
0.567258
0.521962
0.513765
0.506606
0.511243
0.539994
0.519924
0.533427
0.518846
0.516784
0.517983
0.512345
0.597244
0.50446
0.501944
0.518054
0.520315
0.531937
0.509821
0.510693
0.518072
0.513388
0.520084
0.524878
0.524046
0.511223
0.515634
0.515979
0.514096
0.512525
0.513303
0.510986
0.511148
0.536961
0.523973
0.612443
0.534805
0.551359
0.547869
0.522476
0.519757
0.520983
0.524592
0.526863
0.51795
0.520814
0.510206
0.535504
0.514344
0.51403
0.524398
0.522309
0.515149
0.509916
0.509153
0.526164
0.591535
0.520504
0.510318
0.51093
0.602904
0.581773
0.648187
0.580805
0.519803
0.514495
0.522044
0.517614
0.517783
0.513856
0.508666
0.516739
0.515869
0.513839
0.512337
0.52169
0.512332
0.51104
0.508007
0.50614
0.550531
0.512357
0.511827
0.517789
0.522006
0.510816
0.512264
0.536105
0.518091
0.524812
0.519719
0.524081
0.493434
0.532527
0.532499
0.522316
0.602487
0.569337
0.517183
0.521293
0.521409
0.536321
0.523768
0.516722
0.516215
0.509117
0.610594
0.511221
0.514727
0.516847
0.510115
0.517522
0.514333
0.554148
0.508987
0.534032
0.518795
0.518802
0.507422
0.509624
0.506501
0.513906
0.516943
0.522666
0.622699
0.576635
0.518609
0.511067
0.510952
0.528737
0.513406
0.521051
0.527442
0.523138
0.519462
0.519234
0.525287
0.51046
0.508868
0.517822
0.517826
0.531663
0.521169
0.52174
0.505149
0.50626
0.516506
0.529657
0.518378
0.570512
0.515268
0.523811
0.517497
0.513869
0.513871
0.520493
0.516942
0.534429
0.500096
0.512244
0.509592
0.518437
0.589158
0.514685
0.518623
0.510236
0.50864
0.517153
0.527728
0.519758
0.511943
0.514298
0.520896
0.556799
0.506861
0.512737
0.586784
0.510905
0.511007
0.516478
0.52984
0.535845
0.529777
0.528987
0.517348
0.521185
0.512195
0.508359
0.549169
0.526146
0.563854
0.562527
0.518209
0.519073
0.518086
0.512308
0.508573
0.512217
0.512813
0.52111
0.531848
0.533931
0.502953
0.517308
0.510788
0.510972
0.516796
0.511697
0.523513
0.510875
0.51691
0.544564
0.569601
0.530472
0.513119
0.524987
0.510895
0.509975
0.518194
0.560256
0.516136
0.516228
0.512827
0.509717
0.525173
0.528395
0.516013
0.511203
0.514832
0.524757
0.5336
0.510782
0.513945
0.600503
0.519567
0.514061
0.519872
0.539419
0.52213
0.517108
0.520806
0.533217
0.56889
0.518208
0.507624
0.516819
0.525701
0.520912
0.51433
0.514075
0.514375
0.513501
0.525714
0.508635
0.519925
0.525554
0.52635
0.516574
0.51817
0.515363
0.519605
0.517375
0.515988
0.546042
0.521311
0.519255
0.591511
0.517783
0.511254
0.546263
0.520417
0.515443
0.5158
0.514907
0.517624
0.506679
0.511912
0.52498
0.554959
0.521589
0.516518
0.507233
0.509531
0.527588
0.526233
0.523072
0.514092
0.529488
0.530941
0.517842
0.516988
0.523289
0.519394
0.52771
0.519135
0.524874
0.515282
0.50784
0.561105
0.522641
0.511821
0.517052
0.514678
0.52233
0.520208
0.517041
0.513084
0.519545
0.597495
0.518875
0.512615
0.527533
0.515226
0.493034
0.523222
0.513059
0.58599
0.516534
0.513698
0.518155
0.512209
0.517909
0.517529
0.521678
0.541451
0.511331
0.514279
0.520703
0.514205
0.50917
0.532754
0.519334
0.533052
0.511541
0.514883
0.508336
0.516775
0.497728
0.524011
0.526415
0.524064
0.526554
0.525895
0.504223
0.517898
0.515635
0.514067
0.583562
0.511568
0.518071
0.51822
0.576441
0.513253
0.517506
0.512915
0.507734
0.506894
0.509475
0.508225
0.514436
0.495906
0.501092
0.498245
0.524036
0.513661
0.511826
0.529401
0.498275
0.52618
0.541456
0.511251
0.5168
0.51929
0.503503
0.518784
0.51081
0.508637
0.508423
0.515598
0.508012
0.501815
0.51702
0.510984
0.525809
0.513972
0.529212
0.505968
0.506988
0.520262
0.535128
0.592305
0.517078
0.517244
0.521565
0.520616
0.502975
0.497415
0.580485
0.529214
0.502911
0.507905
0.603614
0.514126
0.526665
0.525077
0.500269
0.513543
0.516134
0.515953
0.504023
0.532601
0.536077
0.522753
0.50363
0.510107
0.534793
0.529311
0.501753
0.506455
0.521921
0.51674
0.511726
0.533765
0.529554
0.518572
0.524247
0.502358
0.512267
0.514672
0.510979
0.513994
0.526346
0.518733
0.511762
0.518946
0.529033
0.507478
0.522421
0.52835
0.50154
0.518564
0.498991
0.522219
0.518399
0.509107
0.528756
0.528201
0.545227
0.585211
0.558554
0.50898
0.514947
0.540275
0.518715
0.496484
0.516122
0.530039
0.527303
0.526393
0.52927
0.529354
0.55943
0.508768
0.525817
0.516152
0.489164
0.515033
0.51549
0.516158
0.522259
0.57332
0.519554
0.516922
0.511671
0.515531
0.554793
0.52437
0.606896
0.511424
0.515127
0.516186
0.521539
0.534815
0.537331
0.523038
0.51009
0.532616
0.505509
0.503849
0.496112
0.551122
0.604607
0.527481
0.513088
0.514887
0.563932
0.524641
0.569933
0.535306
0.499639
0.520922
0.524458
0.599286
0.525581
0.523875
0.539239
0.507155
0.525259
0.521265
0.576551
0.577505
0.560198
0.509155
0.526815
0.514857
0.578165
0.536348
0.529396
0.52757
0.537285
0.505496
0.571901
0.503534
0.643998
0.523299
0.532483
0.518512
0.54201
0.517361
0.537347
0.519641
0.517946
0.507662
0.551899
