0.51387
0.49734
0.489097
0.511536
0.497913
0.500106
0.506537
0.502266
0.513293
0.51278
0.514187
0.508574
0.513601
0.487827
0.497909
0.537328
0.528987
0.521617
0.51644
0.56168
0.565828
0.542782
0.540744
0.557626
0.560971
0.534759
0.522274
0.542691
0.537163
0.542261
0.540325
0.5368
0.509962
0.507825
0.528471
0.522997
0.524312
0.554589
0.534652
0.556221
0.550439
0.701965
0.674169
0.542822
0.535574
0.53273
0.518653
0.51932
0.523439
0.508118
0.506395
0.498974
0.58014
0.575815
0.573944
0.499472
0.492567
0.50437
0.50308
0.522201
0.520811
0.522172
0.552654
0.591703
0.604062
0.591875
0.527418
0.545039
0.539658
0.537467
0.510249
0.508151
0.510786
0.505095
0.5626
0.524145
0.52765
0.537021
0.534839
0.546741
0.541211
0.507198
0.524474
0.522229
0.519816
0.518216
0.531854
0.518812
0.508969
0.507153
0.506802
0.514401
0.517718
0.536586
0.527311
0.580453
0.589341
0.535365
0.529146
0.503183
0.501044
0.511264
0.505565
0.551697
0.545569
0.521304
0.516346
0.51879
0.504175
0.506459
0.504958
0.50401
0.522548
0.502564
0.50421
0.540238
0.501537
0.499072
0.514051
0.517313
0.538995
0.49871
0.531291
0.537269
0.509628
0.509034
0.509021
0.527705
0.533329
0.534885
0.524046
0.530067
0.525297
0.501701
0.524707
0.526028
0.529075
0.497109
0.523138
0.525724
0.540838
0.513788
0.516173
0.511458
0.504003
0.510736
0.508746
0.508782
0.510687
0.501457
0.499568
0.525588
0.516633
0.524034
0.52192
0.517589
0.534847
0.53955
0.527254
0.531858
0.52471
0.528657
0.50967
0.510735
0.511319
0.500504
0.507976
0.505693
0.535485
0.521608
0.516855
0.49745
0.537306
0.53032
0.507125
0.536519
0.516332
0.515387
0.537814
0.53507
0.494856
0.503943
0.500161
0.507368
0.497731
0.51628
0.494354
0.489411
0.497765
0.510955
0.510291
0.509279
0.597576
0.531177
0.533681
0.515875
0.519135
0.513148
0.514183
0.515371
0.529318
0.548751
0.571941
0.572285
0.570887
0.527655
0.524468
0.518068
0.506565
0.514352
0.519148
0.526062
0.610314
0.616366
0.568659
0.49922
0.503496
0.522279
0.522814
0.530145
0.523295
0.497108
0.503197
0.519206
0.537003
0.531265
0.531967
0.530337
0.65206
0.52089
0.530064
0.517642
0.51888
0.518489
0.508339
0.506499
0.513345
0.522601
0.524505
0.504092
0.524649
0.517025
0.515958
0.508523
0.521359
0.534379
0.514315
0.517138
0.507409
0.499864
0.534951
0.532738
0.504099
0.505647
0.521673
0.534757
0.507502
0.499854
0.504432
0.51569
0.515664
0.515529
0.518335
0.513034
0.517782
0.522931
0.531293
0.528329
0.535645
0.52858
0.51847
0.519353
0.520709
0.514927
0.514115
0.511365
0.511249
0.552197
0.520981
0.532322
0.524746
0.588073
0.584705
0.493952
0.502563
0.522775
0.522262
0.518646
0.517084
0.52029
0.52102
0.547287
0.543199
0.515546
0.518541
0.51736
0.518742
0.524667
0.522166
0.505837
0.502296
0.515421
0.513964
0.563941
0.51045
0.539288
0.540033
0.501494
0.505523
0.516017
0.518025
0.511193
0.520556
0.519982
0.515543
0.51246
0.512552
0.523485
0.518523
0.519207
0.51593
0.520255
0.51123
0.502101
0.53916
0.515439
0.511049
0.55448
0.572054
0.551533
0.511145
0.510526
0.502708
0.506189
0.507244
0.49963
0.498089
0.517686
0.523045
0.527122
0.525468
0.534854
0.517508
0.516361
0.516782
0.516492
0.530182
0.523216
0.524378
0.517513
0.521252
0.52291
0.527935
0.542609
0.507588
0.590508
0.543325
0.51234
0.517526
0.508909
0.510781
0.533219
0.52985
0.603414
0.592301
0.571234
0.513569
0.508348
0.510613
0.507636
0.590068
0.515233
0.518534
0.518068
0.509339
0.512538
0.539531
0.499974
0.512418
0.513351
0.50953
0.527707
0.491648
0.492427
0.497013
0.519145
0.51733
0.518213
0.491377
0.540945
0.533276
0.596666
0.535278
0.534095
0.499943
0.510254
0.513035
0.500106
0.5595
0.52374
0.514832
0.518096
0.502093
0.511296
0.535232
0.529101
0.533982
0.548535
0.539952
0.504331
0.503839
0.497135
0.582282
0.57381
0.556512
0.571384
0.593228
0.605277
0.509238
0.543707
0.508399
0.516998
0.517049
0.518213
0.547142
0.535925
0.514341
0.517486
0.51316
0.51085
0.517151
0.512126
0.521962
0.523861
0.532934
0.512617
0.50519
0.49869
0.517681
0.511761
0.551059
0.501111
0.496848
0.525076
0.520217
0.534076
0.524723
0.526065
0.521024
0.539188
0.521811
0.522459
0.521231
0.507251
0.508601
0.51173
0.53556
0.517482
0.519087
0.492923
0.490249
0.496028
0.511213
0.508929
0.505803
0.513045
0.522411
0.595283
0.623262
0.619665
0.508448
0.602208
0.518861
0.516499
0.514454
0.570774
0.555551
0.566332
0.506345
0.508712
0.50014
0.545316
0.538884
0.511867
0.515123
0.519261
0.514816
0.512357
0.524915
0.621686
0.607377
0.53031
0.538487
0.515466
0.511758
0.507453
0.525019
0.488609
0.514075
0.517655
0.514898
0.521514
0.494411
0.539515
0.540975
0.494387
0.500274
0.517594
0.563531
0.517868
0.508512
0.53011
0.525705
0.514392
0.511303
0.508583
0.508619
0.519151
0.512957
0.497145
0.495883
0.498994
0.536041
0.52949
0.523794
0.520308
0.542752
0.541649
0.589217
0.499397
0.504671
0.567044
0.594428
0.531295
0.525499
0.521699
0.521087
0.5269
0.517066
0.513537
0.51458
0.514955
0.515379
0.543489
0.511933
0.666494
0.517108
0.511169
0.531624
0.520642
0.529668
0.522777
0.531154
0.539217
0.543708
0.514635
0.509615
0.520077
0.535451
0.528598
0.53188
0.53392
0.513312
0.531575
0.525166
0.525465
0.509694
0.510376
0.526712
0.50728
0.519104
0.515734
0.522206
0.509259
0.510385
0.514843
0.51903
0.515975
0.52557
0.501901
0.519765
0.517941
0.518694
0.608833
0.616593
0.605737
0.537168
0.520121
0.526633
0.516127
0.511867
0.528818
0.589757
0.590922
0.576483
0.525735
0.618969
0.604023
0.559597
0.566506
0.570621
0.515898
0.558913
0.521352
0.529027
0.535435
0.530712
0.554637
0.524957
0.506452
0.506864
0.518154
0.521534
0.518788
0.516893
0.513673
0.51288
0.519843
0.523926
0.519112
0.50977
0.610382
0.608843
0.489261
0.521851
0.53393
0.523426
0.524784
0.508901
0.500383
0.507699
0.533598
0.516851
0.514676
0.531094
0.523006
0.521069
0.541509
0.53949
0.518834
0.518571
0.51463
0.496649
0.519024
0.522809
0.512878
0.526656
0.519688
0.531588
0.504832
0.508976
0.520039
0.518769
0.519912
0.544898
0.51095
0.510526
0.511383
0.546444
0.547676
0.511121
0.494708
0.498039
0.512787
0.614547
0.510882
0.509635
0.517043
0.533918
0.521547
0.506555
0.518873
0.501614
0.498943
0.500835
0.512268
0.538888
0.496762
0.501852
0.506727
0.509409
0.509155
0.527513
0.522406
0.529859
0.52217
0.514055
0.524302
0.517226
0.502983
0.497609
0.589629
0.594765
0.540633
0.532745
0.537934
0.520957
0.545828
0.522423
0.499318
0.501992
0.531759
0.496427
0.513621
0.52287
0.519206
0.522706
0.530362
0.527669
0.593204
0.511178
0.513401
0.50299
0.511701
0.520023
0.616184
0.528792
0.63987
0.546795
0.543115
0.538876
0.511925
0.517938
0.52071
0.520846
0.532189
0.537798
0.509659
0.494474
0.493543
0.534861
0.516166
0.530492
0.529444
0.527594
0.522658
0.527139
0.523822
0.520805
0.508341
0.492697
0.524984
0.517875
0.514885
0.515355
0.517203
0.493554
0.517398
0.492854
0.498557
0.502887
0.532082
0.535297
0.517732
0.529873
0.526111
0.550535
0.516948
0.51481
0.511404
0.513053
0.497844
0.505259
0.518028
0.508324
0.500586
0.51812
0.552318
0.514721
0.535469
0.509073
0.491489
0.533536
0.529881
0.531514
0.511399
0.51107
0.521917
0.51822
0.515763
0.517148
0.519439
0.527953
0.501157
0.504444
0.52437
0.534269
0.527609
0.587428
0.598217
0.603989
0.514648
0.557848
0.517951
0.50781
0.503482
0.543795
0.50682
0.509725
0.507578
0.508523
0.517881
0.533995
0.501485
0.510017
0.527919
0.540015
0.52174
0.537266
0.543992
0.514817
0.554673
0.554561
0.528901
0.53518
0.512958
0.531281
0.515063
0.521761
0.520575
0.496779
0.501316
0.517116
0.518287
0.510271
0.511328
0.514316
0.536264
0.54457
0.515325
0.512535
0.517504
0.517851
0.51897
0.542511
0.54468
0.515584
0.647466
0.515433
0.515731
0.515347
0.507581
0.630649
0.513314
0.519147
0.519643
0.519884
0.513624
0.511746
0.512024
0.506279
0.523737
0.492145
0.506938
0.529146
0.644028
0.533714
0.505242
0.563186
0.538137
0.580936
0.567821
0.49812
0.532305
0.528442
0.532853
0.539764
0.521908
0.536576
0.505216
0.514417
0.517697
0.525331
0.532087
0.528179
0.513049
0.494085
0.498569
0.501909
0.52965
0.520588
0.506852
0.509988
0.529667
0.509594
0.518603
0.49659
0.509003
0.65521
0.612872
0.496175
0.498998
0.499419
0.587888
0.584598
0.581383
0.579071
0.514782
0.514894
0.515183
0.493816
0.495188
0.514708
0.632975
0.513548
0.51502
0.527013
0.531513
0.540701
0.496004
0.520439
0.524159
0.503635
0.516027
0.539154
0.524768
0.533226
0.524125
0.528512
0.531165
0.497662
0.507893
0.51084
0.518898
0.512224
0.536945
0.498902
0.496136
0.499711
0.534498
0.49664
0.542099
0.518117
0.521045
0.504115
0.500292
0.516948
0.514966
0.50001
0.507474
0.529493
0.530158
0.529225
0.572659
0.514595
0.525972
0.531361
0.512008
0.491104
0.561035
0.496633
0.536006
0.531189
0.506885
0.57041
0.572098
0.514984
0.516403
0.525741
0.517308
0.511242
0.511877
0.503556
0.511823
0.522455
0.545844
0.53179
0.528806
0.521559
0.5658
0.526895
0.630942
0.549263
0.536877
0.580955
0.533904
0.546221
0.576011
0.521479
0.51613
0.50175
0.496012
0.502633
0.522
0.490012
0.512878
0.506957
0.501486
0.504454
0.51971
0.51292
0.51137
0.51263
0.530824
0.528846
0.558731
0.545479
0.533287
0.508618
0.528102
0.535255
0.53843
0.533681
0.528792
0.516894
0.621135
0.491204
0.495374
0.498365
0.517448
0.516373
0.554956
0.516429
0.49396
0.574231
0.5174
0.511244
0.507704
0.532435
0.501635
0.539416
0.510399
0.513296
0.515047
0.491806
0.495887
0.562896
0.587408
0.59589
0.508371
0.510391
0.508145
0.528055
0.542685
0.513209
0.516396
0.516387
0.51843
0.519996
0.523317
0.50965
0.510767
0.514238
0.521431
0.514969
0.512464
0.533852
0.537654
0.546508
0.589114
0.497852
0.515921
0.52965
0.511335
0.516183
0.542849
0.513001
0.495806
0.544349
0.542627
0.50237
0.519699
0.52182
0.515797
0.517281
0.546601
0.513276
0.507158
0.518992
0.519199
0.500732
0.507629
0.512136
0.512932
0.516425
0.531061
0.516429
0.509589
0.510779
0.508448
0.518641
0.537202
0.516025
0.507537
0.599726
0.541812
0.550413
0.663757
0.492471
0.498387
0.486506
0.516248
0.612793
0.528176
0.52997
0.51352
0.506052
0.508484
0.542341
0.537231
0.509571
0.557441
0.549012
0.514907
0.559836
0.515751
0.506713
0.519261
0.492361
0.509795
0.571797
0.526979
0.523889
0.517126
0.507677
0.508673
0.545493
0.541319
0.586384
0.51118
0.573484
0.626692
0.503034
0.496786
0.506521
0.504206
0.517699
0.596788
0.538897
0.531276
0.527795
0.489138
0.525609
0.53116
0.51659
0.514529
0.612554
0.527965
0.514445
0.5216
0.51352
0.537526
0.509383
0.525787
0.528164
0.526368
0.555022
0.511011
0.492116
0.495742
0.536308
0.510482
0.511153
0.496601
0.542349
0.547772
0.602483
0.511668
0.508654
0.543237
0.499813
0.496226
0.501172
0.530134
0.525271
0.535579
0.59918
0.529551
0.525628
0.578838
0.516836
0.488753
0.526853
0.507847
0.549474
0.518528
0.490415
0.529544
0.513694
0.507035
0.507526
0.522253
0.528084
0.513141
0.540224
0.499472
0.517397
0.51641
0.527023
0.529716
0.522528
0.52241
0.50814
0.51474
0.515995
0.504735
0.497842
0.536631
0.542257
0.612531
0.579912
0.600512
0.499536
0.523042
0.537779
0.518102
0.526647
0.502217
0.607525
0.50748
0.531813
0.529312
0.518797
0.518707
0.548395
0.527272
0.505628
0.511589
0.515218
0.566057
0.545561
0.533711
0.497874
0.514104
0.511236
0.510601
0.512887
0.544545
0.516914
0.525975
0.53214
0.518894
0.536434
0.528572
0.518585
0.521606
0.551644
0.559748
0.520915
0.519448
0.653562
0.496447
0.529379
0.530157
0.534107
0.545301
0.501822
0.494919
0.523815
0.545665
0.496876
0.523355
0.644967
0.512793
0.526229
0.52351
0.525243
0.504341
0.531501
0.523694
0.503453
0.511419
0.51834
0.511329
0.527464
0.506853
0.499954
0.548341
0.494933
0.495078
0.541506
0.565096
0.532645
0.51993
0.509343
0.50491
0.524784
0.525408
0.517583
0.535726
0.610717
0.580081
0.531738
0.528454
0.582099
0.534935
0.53158
0.494017
0.60006
0.508777
0.517275
0.499749
0.511365
0.534288
0.527863
0.493325
0.513903
0.527428
0.520571
0.537648
0.510536
0.678711
0.517883
0.49094
0.535213
0.510233
0.601575
0.509901
0.511345
0.522152
0.546134
0.497696
0.531167
0.5176
0.515516
0.512216
0.515903
0.519004
0.542046
0.503075
0.517547
0.52961
0.529539
0.4981
0.561368
0.502702
0.494741
0.622237
0.508378
0.609084
0.518542
0.515734
0.499647
0.530648
0.525265
0.497577
0.491393
0.496588
0.501805
0.507099
0.530116
0.542973
0.53456
0.532168
0.547745
0.528802
0.538315
0.531712
0.535561
0.532091
0.530069
0.488288
0.530084
0.526518
0.533675
0.52025
0.532159
0.500314
0.499983
0.510653
0.488857
0.531861
0.528695
0.548542
0.503954
0.509238
0.533354
0.510382
0.528548
0.531278
0.525894
0.499142
0.50815
0.530457
0.570183
0.54511
0.524688
0.49856
0.501488
0.531216
0.525008
0.521592
0.504217
0.519106
0.490948
0.507287
0.508625
0.491097
0.574146
0.518623
0.538118
0.515728
0.508831
0.528447
0.517941
0.500739
0.550203
0.544688
0.53305
0.49701
0.531586
0.542939
0.518321
0.527943
0.531148
0.509902
0.499596
0.523467
0.507624
0.564631
0.510677
0.511859
0.531694
0.505815
0.506859
0.545283
0.54551
0.493745
0.495155
0.53814
0.504145
0.53078
0.530523
0.52916
0.53395
0.493283
0.543704
0.517284
0.519029
0.566103
0.494307
0.522913
0.625356
0.525793
0.527662
0.544665
0.516267
0.520034
0.5426
0.547654
0.523409
0.528376
0.522453
0.551092
0.503946
0.565157
0.527288
0.536889
0.508511
0.517794
0.502161
0.500962
0.52945
0.531471
0.530287
0.528138
0.508945
0.508234
0.539482
0.515326
0.514057
0.581852
0.588584
0.521459
0.512093
0.511489
0.525537
0.519923
0.53631
0.5197
0.521352
0.514107
0.524504
0.529332
0.517454
0.503488
0.523249
0.512771
0.517474
0.560098
0.563884
0.553355
0.558809
0.510797
0.496892
0.518449
0.524392
0.508341
0.51763
0.585004
0.507056
0.499163
0.500343
0.513655
0.519311
0.517304
0.512108
0.530025
0.625708
0.578677
0.594862
0.513654
0.508441
0.508369
0.510973
0.503572
0.517465
0.520246
0.529988
0.521748
0.512942
0.51392
0.512139
0.529361
0.589263
0.514379
0.513365
0.519624
0.509139
0.513088
0.522654
0.516461
0.518762
0.615167
0.524504
0.534254
0.53171
0.513578
0.51644
0.517146
0.515129
0.515694
0.520542
0.500615
0.505857
0.512957
0.520003
0.51929
0.511028
0.509052
0.513036
0.513986
0.52155
0.515123
0.507962
0.583462
0.589683
0.530314
0.531648
0.624434
0.578156
0.606809
0.578666
0.516078
0.514368
0.524702
0.516621
0.514422
0.51504
0.509161
0.510954
0.521543
0.509056
0.516493
0.508473
0.516544
0.507067
0.534813
0.518962
0.51223
0.512341
0.510334
0.51618
0.511944
0.51671
0.516098
0.515421
0.569789
0.523675
0.54187
0.509432
0.514833
0.524437
0.514751
0.511917
0.500554
0.522625
0.532563
0.533766
0.516266
0.520791
0.599277
0.571527
0.580685
0.516885
0.5354
0.513852
0.516896
0.538571
0.536645
0.523978
0.650708
0.507589
0.513418
0.514909
0.545099
0.512126
0.511698
0.519014
0.511088
0.503827
0.508211
0.513831
0.58871
0.510703
0.510537
0.511643
0.512953
0.5253
0.517771
0.514271
0.521999
0.525575
0.511735
0.513478
0.515281
0.518407
0.511483
0.515234
0.519062
0.494898
0.513594
0.506346
0.513818
0.516066
0.513219
0.516099
0.526713
0.514709
0.51539
0.516798
0.512066
0.509407
0.516244
0.521231
0.522142
0.632935
0.519088
0.519231
0.536008
0.512563
0.525007
0.513654
0.515018
0.569227
0.513194
0.586495
0.507866
0.515831
0.526294
0.511157
0.513012
0.512033
0.512206
0.519473
0.515216
0.528117
0.529378
0.526356
0.529554
0.498915
0.509556
0.503894
0.548056
0.529416
0.516066
0.518241
0.516984
0.516308
0.520488
0.522994
0.517634
0.508616
0.507236
0.516756
0.508209
0.534708
0.524769
0.512166
0.557785
0.55063
0.550661
0.562148
0.531923
0.519378
0.507473
0.51273
0.516343
0.510673
0.515872
0.516424
0.516251
0.513957
0.512797
0.504063
0.506861
0.513607
0.517574
0.505455
0.528735
0.53061
0.530644
0.51704
0.497151
0.611393
0.511905
0.537188
0.534109
0.588553
0.51694
0.506749
0.505343
0.506233
0.503562
0.512042
0.51056
0.51493
0.531916
0.515043
0.523735
0.519494
0.511832
0.524932
0.514784
0.515254
0.523044
0.51839
0.553023
0.527057
0.510002
0.5214
0.512944
0.518199
0.512713
0.524916
0.520637
0.526485
0.510964
0.504587
0.54285
0.540499
0.596176
0.522811
0.519769
0.515278
0.522688
0.513312
0.553937
0.516771
0.517824
0.493397
0.506862
0.51882
0.513636
0.514387
0.515163
0.523754
0.514929
0.51546
0.508638
0.558817
0.521422
0.532166
0.517044
0.524034
0.508044
0.511084
0.525478
0.52768
0.506989
0.519539
0.524264
0.514557
0.51944
0.5161
0.517159
0.511366
0.52186
0.516171
0.510649
0.505309
0.51686
0.526658
0.522783
0.506604
0.510016
0.515144
0.517143
0.523715
0.51552
0.51313
0.591407
0.581061
0.511493
0.522078
0.515193
0.513034
0.511689
0.516714
0.517023
0.513815
0.503712
0.510586
0.519594
0.528424
0.514274
0.514784
0.502377
0.513689
0.510953
0.528324
0.511975
0.516839
0.521497
0.521453
0.49801
0.51541
0.521122
0.508598
0.554726
0.513215
0.515737
0.5167
0.516059
0.592807
0.507551
0.51096
0.54432
0.559588
0.504809
0.514814
0.523813
0.527467
0.507246
0.511802
0.517771
0.503203
0.580823
0.527785
0.515157
0.527576
0.52426
0.562916
0.515566
0.660765
0.515168
0.6005
0.512969
0.548853
0.504248
0.51558
0.521939
0.520755
0.530906
0.525282
0.515773
0.530885
0.523445
0.525391
0.512512
0.584858
0.535103
0.504517
0.523867
0.513632
0.603018
0.511327
0.524038
0.516751
0.537442
0.509715
0.501718
0.515365
0.536843
0.590572
0.515131
0.574899
0.505905
0.513402
0.520415
0.507332
0.506618
0.528442
0.547694
0.514203
0.514296
0.539622
0.528308
0.494622
0.539799
0.510714
0.509661
0.508938
0.516222
0.511259
0.539293
0.53353
0.538046
0.516126
0.521647
0.51952
0.52521
0.514485
0.527377
0.513644
0.51283
0.511699
0.531195
0.510803
0.528269
0.53145
0.525326
0.51466
0.541087
0.49749
0.576435
0.510104
0.512188
0.518259
0.530558
0.523542
0.578799
0.555517
0.565765
0.508583
0.523292
0.512854
0.529811
0.543467
0.506773
0.511909
0.528319
0.513133
0.511537
0.586567
0.508697
0.514965
0.530343
0.515875
0.506049
0.532168
0.518521
0.5152
0.516929
0.530997
0.532607
0.52131
0.538667
0.521247
0.511548
0.526023
0.536397
0.513535
0.509018
0.527708
0.514123
0.585878
0.528856
0.513158
0.535169
0.532644
0.497145
0.498872
0.559563
0.509942
0.513762
0.50425
0.523114
0.516277
0.513278
0.510681
0.4941
0.523076
0.515315
0.501755
0.502788
0.535308
0.515974
0.607584
0.505623
0.63761
0.512874
0.507777
0.509168
0.572371
0.515335
0.553096
0.521826
0.572202
0.513636
0.510497
0.531007
0.51873
0.519711
0.597908
0.524725
0.523451
0.527875
0.532041
0.522431
0.529391
0.518721
0.511154
0.522839
0.514813
0.500763
0.520745
0.522343
0.510907
0.515968
0.604102
0.536681
0.51717
0.597446
0.518678
0.516366
0.513141
0.52291
0.499855
0.507708
0.493696
0.503735
0.517989
0.509954
0.535257
0.526776
0.516705
0.527721
0.513601
0.508823
0.519641
0.520163
0.529378
0.509204
0.522308
0.512518
0.51313
0.535074
0.617514
0.50316
0.509917
0.516755
0.49247
0.54253
0.525392
0.512722
0.521953
0.501098
0.533592
0.524274
0.511404
0.504522
0.509495
0.522592
0.516874
0.514739
0.542156
0.502214
0.507473
0.531463
0.515235
0.518953
0.499545
0.516463
0.519126
0.553329
0.537368
0.514361
0.517196
0.523004
0.51611
0.512206
0.538083
0.512011
