0.531058
0.527375
0.525087
0.526101
0.526927
0.524077
0.515771
0.514339
0.502276
0.509819
0.51082
0.511301
0.512128
0.495932
0.501997
0.522505
0.525252
0.532096
0.53458
0.527624
0.51686
0.516346
0.558533
0.570133
0.542706
0.514847
0.57201
0.530992
0.500398
0.535808
0.540408
0.534253
0.513528
0.515823
0.51118
0.501832
0.505325
0.522792
0.519343
0.512245
0.511582
0.517458
0.517704
0.513128
0.509465
0.505173
0.518242
0.514989
0.535122
0.569927
0.576323
0.518347
0.519225
0.538511
0.532167
0.501156
0.49769
0.508522
0.50849
0.498397
0.524281
0.529681
0.501638
0.499696
0.545893
0.54996
0.53255
0.543483
0.539836
0.539109
0.5394
0.493306
0.524502
0.509759
0.527479
0.534586
0.54099
0.538715
0.514291
0.519349
0.519398
0.513462
0.512766
0.507512
0.521537
0.573548
0.534376
0.515411
0.51828
0.508031
0.509374
0.505348
0.497603
0.51598
0.514834
0.516908
0.515157
0.523641
0.521421
0.499524
0.493949
0.570542
0.562932
0.494363
0.50492
0.497302
0.505089
0.518618
0.520874
0.50882
0.516032
0.515979
0.512065
0.534999
0.531766
0.493987
0.498777
0.524783
0.512758
0.516846
0.496822
0.493869
0.520977
0.522831
0.531642
0.509328
0.509563
0.507663
0.520696
0.515983
0.534069
0.537624
0.596435
0.610318
0.529198
0.5015
0.52696
0.525799
0.527314
0.524843
0.52718
0.53142
0.523473
0.538223
0.533488
0.496567
0.503184
0.519881
0.527292
0.520517
0.582478
0.588085
0.512561
0.505824
0.50783
0.508942
0.511967
0.512075
0.530395
0.528516
0.518159
0.526388
0.518404
0.519656
0.529169
0.523057
0.532021
0.536318
0.507762
0.51632
0.511179
0.505057
0.502318
0.517086
0.513863
0.507368
0.527466
0.522746
0.538061
0.535652
0.524436
0.572182
0.557119
0.490244
0.524895
0.521215
0.522316
0.533929
0.515604
0.516687
0.535362
0.528781
0.533774
0.500307
0.503427
0.495743
0.503896
0.499602
0.507906
0.502121
0.5014
0.533666
0.530813
0.528598
0.512308
0.496725
0.503001
0.570007
0.560941
0.567596
0.558976
0.606994
0.604878
0.609846
0.648748
0.53351
0.534679
0.522711
0.514933
0.546285
0.509957
0.507639
0.512532
0.517766
0.518857
0.521737
0.514858
0.50372
0.500482
0.504466
0.633813
0.624346
0.641985
0.492822
0.499392
0.506015
0.524041
0.525337
0.523022
0.520194
0.498848
0.593902
0.533487
0.521523
0.514044
0.519419
0.521011
0.520505
0.512824
0.514234
0.515294
0.621417
0.570614
0.492302
0.497938
0.508592
0.51009
0.51269
0.515607
0.504016
0.508403
0.526103
0.52082
0.522147
0.515215
0.514941
0.508571
0.510149
0.536914
0.531055
0.534786
0.53837
0.517354
0.517459
0.519043
0.517736
0.52579
0.504417
0.500125
0.513012
0.536065
0.536049
0.532188
0.516981
0.514539
0.515582
0.64211
0.625354
0.533799
0.531661
0.488218
0.514679
0.511211
0.513031
0.510849
0.518019
0.527207
0.53336
0.529234
0.513347
0.528026
0.514983
0.514661
0.515855
0.573652
0.560846
0.515179
0.514133
0.513787
0.512331
0.530534
0.538199
0.58642
0.586218
0.599798
0.513515
0.538959
0.509341
0.511106
0.528331
0.517097
0.524502
0.515623
0.52116
0.521665
0.514586
0.515951
0.519011
0.518038
0.547543
0.645166
0.517384
0.51794
0.518101
0.517334
0.517668
0.513292
0.508237
0.506708
0.535057
0.517891
0.506454
0.516794
0.51823
0.499281
0.518867
0.522065
0.524271
0.525788
0.519744
0.51578
0.515682
0.495403
0.502816
0.516579
0.51328
0.512721
0.5479
0.540302
0.546035
0.541566
0.503754
0.515248
0.51676
0.576681
0.506023
0.507028
0.506583
0.638148
0.510055
0.501332
0.506086
0.516063
0.518631
0.489987
0.497244
0.531893
0.519916
0.526341
0.505498
0.497626
0.509452
0.492561
0.617621
0.509363
0.517063
0.518473
0.528916
0.531099
0.536077
0.515671
0.512739
0.502328
0.523586
0.514731
0.508857
0.500227
0.514794
0.537918
0.535794
0.506375
0.505515
0.507699
0.62646
0.635796
0.500636
0.509371
0.496279
0.497791
0.54126
0.532749
0.503885
0.632397
0.519035
0.513243
0.508071
0.513197
0.518446
0.503754
0.505249
0.619747
0.512482
0.510792
0.515675
0.522896
0.514409
0.545564
0.540715
0.519145
0.520904
0.518886
0.641595
0.496796
0.523893
0.527673
0.509654
0.510268
0.511747
0.519754
0.513161
0.507974
0.511575
0.494361
0.540377
0.532315
0.52904
0.498153
0.502266
0.517196
0.518147
0.53398
0.531579
0.496005
0.509738
0.500073
0.511594
0.669414
0.515423
0.512273
0.496386
0.494446
0.492809
0.497803
0.493781
0.489309
0.502582
0.498088
0.532654
0.504299
0.505878
0.503404
0.510715
0.570162
0.568098
0.511615
0.503297
0.491416
0.499038
0.508976
0.508827
0.51464
0.515931
0.497511
0.632885
0.544851
0.540357
0.503579
0.502954
0.501449
0.513198
0.514971
0.607135
0.575871
0.508312
0.519258
0.534275
0.514501
0.519217
0.512787
0.505456
0.500765
0.510534
0.521151
0.522834
0.536561
0.529099
0.553714
0.551241
0.516548
0.516545
0.515732
0.50601
0.507991
0.50241
0.507308
0.505842
0.513014
0.516972
0.517721
0.502114
0.501413
0.494497
0.537376
0.531038
0.496921
0.500984
0.505783
0.547218
0.51466
0.548162
0.545427
0.522523
0.750548
0.509674
0.513685
0.623244
0.5115
0.519638
0.506552
0.517737
0.554326
0.523423
0.524336
0.554596
0.553735
0.561404
0.503325
0.505471
0.540897
0.497094
0.528806
0.54736
0.540899
0.501056
0.500908
0.539294
0.527843
0.513992
0.516366
0.515639
0.524088
0.522755
0.499102
0.533967
0.532989
0.535545
0.614885
0.583163
0.609903
0.641545
0.667776
0.518102
0.495478
0.566169
0.545984
0.520049
0.522946
0.519826
0.52195
0.538279
0.577417
0.555418
0.500981
0.536579
0.553688
0.568104
0.514367
0.507058
0.508208
0.513802
0.51334
0.499475
0.516516
0.489898
0.492448
0.793191
0.507839
0.525409
0.507789
0.503218
0.63067
0.535884
0.531931
0.505333
0.501324
0.516851
0.519117
0.524725
0.534169
0.519156
0.511684
0.530491
0.54485
0.663186
0.501132
0.506453
0.50885
0.532079
0.519051
0.530187
0.559241
0.522804
0.517486
0.521781
0.530589
0.524379
0.529229
0.493343
0.503112
0.532422
0.782535
0.537671
0.546365
0.510533
0.531592
0.523253
0.521389
0.513274
0.528796
0.537228
0.533347
0.515157
0.509977
0.510239
0.509679
0.524719
0.524991
0.50427
0.504662
0.521984
0.52067
0.523291
0.612343
0.601466
0.638812
0.676405
0.544732
0.517528
0.517391
0.528135
0.519629
0.519096
0.530683
0.531218
0.601008
0.580673
0.538275
0.532604
0.523234
0.516808
0.634786
0.654504
0.552422
0.510015
0.511712
0.497882
0.492405
0.494266
0.492246
0.526822
0.51619
0.54193
0.527486
0.521514
0.529655
0.509326
0.507929
0.507158
0.513149
0.511465
0.517734
0.522577
0.518552
0.515624
0.530553
0.527373
0.544136
0.537754
0.523036
0.524853
0.51736
0.520868
0.524219
0.516318
0.519702
0.522178
0.528293
0.509836
0.507235
0.512406
0.525023
0.540893
0.544914
0.541111
0.536558
0.504465
0.508538
0.516429
0.509671
0.514938
0.535076
0.529797
0.522392
0.508371
0.502395
0.491432
0.496631
0.497899
0.568497
0.517592
0.515842
0.504798
0.510659
0.660353
0.743512
0.536001
0.531269
0.515361
0.516931
0.505516
0.543889
0.508627
0.514079
0.504386
0.50161
0.50183
0.524792
0.521783
0.508634
0.508097
0.523676
0.542107
0.535492
0.520268
0.536608
0.527753
0.549987
0.53108
0.528362
0.504906
0.496456
0.494678
0.59892
0.533226
0.538649
0.513679
0.50956
0.529591
0.532378
0.537723
0.511326
0.508106
0.509468
0.51479
0.541433
0.542161
0.531614
0.519153
0.529701
0.539628
0.540578
0.594349
0.628837
0.711943
0.53706
0.514423
0.531692
0.526813
0.526358
0.529463
0.609529
0.528487
0.569144
0.567545
0.510296
0.599922
0.604429
0.512175
0.513806
0.516614
0.511699
0.504551
0.513664
0.51958
0.764035
0.524696
0.769526
0.52508
0.548483
0.539023
0.535908
0.506057
0.506893
0.512824
0.521916
0.525599
0.52873
0.526326
0.535539
0.489368
0.534189
0.510802
0.516932
0.517354
0.525423
0.550516
0.525862
0.507497
0.509821
0.524074
0.525019
0.530906
0.518697
0.499599
0.490828
0.530854
0.547135
0.516937
0.543676
0.53886
0.499078
0.500191
0.493629
0.533115
0.515839
0.528253
0.525381
0.511369
0.541904
0.510429
0.512042
0.520587
0.504344
0.52185
0.508967
0.529596
0.526569
0.691617
0.497368
0.532839
0.529327
0.51829
0.515325
0.516017
0.516001
0.508949
0.533929
0.528561
0.527229
0.497304
0.514565
0.535557
0.531895
0.51338
0.518883
0.517808
0.512268
0.525636
0.524367
0.539366
0.526187
0.511626
0.516734
0.515938
0.635012
0.546218
0.517646
0.491446
0.514091
0.515671
0.535722
0.530719
0.507911
0.510591
0.559418
0.546131
0.526559
0.534073
0.527286
0.515395
0.533041
0.494757
0.497238
0.513631
0.513654
0.509236
0.526508
0.53805
0.54536
0.548794
0.539419
0.538816
0.535843
0.496631
0.520818
0.521754
0.525009
0.506082
0.503523
0.503644
0.532944
0.516255
0.520021
0.516579
0.521306
0.518714
0.515722
0.517215
0.492588
0.500384
0.510511
0.509933
0.521992
0.525483
0.521489
0.545457
0.50452
0.516064
0.516002
0.644369
0.525775
0.512352
0.512595
0.517475
0.515604
0.545567
0.516478
0.526857
0.515422
0.541414
0.517257
0.514053
0.563142
0.532744
0.530852
0.533296
0.539276
0.540364
0.509018
0.530544
0.535379
0.51161
0.517269
0.519507
0.536608
0.511524
0.518704
0.51935
0.503094
0.510082
0.536403
0.529777
0.525717
0.509093
0.529719
0.524592
0.523956
0.782101
0.530074
0.663686
0.532307
0.538611
0.539215
0.540845
0.523896
0.516521
0.530307
0.526472
0.531618
0.542879
0.54044
0.53534
0.515531
0.512827
0.532598
0.493584
0.496515
0.573217
0.523294
0.515104
0.525753
0.525812
0.525061
0.517964
0.520475
0.533572
0.49401
0.499494
0.546995
0.508274
0.503275
0.553623
0.599739
0.519337
0.517353
0.538966
0.535398
0.518182
0.541168
0.599822
0.538836
0.502998
0.518716
0.515591
0.493257
0.501821
0.532739
0.498706
0.507634
0.528367
0.514409
0.515239
0.586972
0.597919
0.510146
0.507762
0.51022
0.514697
0.574347
0.524118
0.517263
0.51406
0.512128
0.520493
0.50463
0.506584
0.50614
0.512453
0.529422
0.528178
0.527282
0.494881
0.520174
0.492122
0.499371
0.565088
0.519258
0.518463
0.51641
0.508828
0.510876
0.498083
0.502213
0.59573
0.53943
0.533106
0.510843
0.510728
0.547604
0.522911
0.531326
0.557237
0.516696
0.505938
0.533046
0.498345
0.511504
0.514928
0.603554
0.505562
0.508288
0.528394
0.512303
0.660716
0.508219
0.509704
0.506235
0.513035
0.528318
0.533748
0.526069
0.532834
0.51235
0.537954
0.492338
0.501444
0.518864
0.524176
0.531606
0.506234
0.506239
0.534859
0.519489
0.517259
0.521565
0.517178
0.511466
0.576206
0.556319
0.498031
0.518376
0.511501
0.499792
0.526476
0.528043
0.518871
0.510822
0.50581
0.504669
0.507139
0.497318
0.539338
0.519267
0.521405
0.510459
0.529305
0.503999
0.507167
0.531817
0.525477
0.538052
0.519984
0.512297
0.513703
0.519816
0.491506
0.50356
0.536525
0.533958
0.533705
0.514794
0.544235
0.511028
0.522801
0.52414
0.516794
0.538713
0.49826
0.527986
0.507466
0.507736
0.53531
0.533236
0.51803
0.501152
0.504271
0.528358
0.607026
0.530653
0.524057
0.510723
0.510631
0.541957
0.539538
0.51226
0.51856
0.539883
0.496783
0.510222
0.524357
0.540917
0.533757
0.518787
0.497497
0.544508
0.491725
0.535372
0.556771
0.528217
0.530343
0.507584
0.522514
0.549024
0.562973
0.549629
0.528504
0.514282
0.530013
0.525626
0.540442
0.516524
0.529484
0.5035
0.610283
0.637568
0.514385
0.503626
0.538122
0.509931
0.501498
0.529004
0.489112
0.569247
0.515714
0.512478
0.505166
0.503408
0.492285
0.504143
0.534537
0.513447
0.504299
0.503597
0.529467
0.575418
0.520502
0.520095
0.494963
0.515142
0.516813
0.497164
0.514297
0.547094
0.514081
0.526672
0.49149
0.514208
0.513594
0.529832
0.525217
0.546966
0.514148
0.508531
0.498412
0.51078
0.574986
0.548155
0.565105
0.511166
0.52563
0.509337
0.498283
0.582785
0.553804
0.52277
0.525515
0.496155
0.534773
0.559784
0.507184
0.523419
0.52766
0.500144
0.607334
0.558006
0.509363
0.514517
0.513112
0.536519
0.6079
0.50612
0.514709
0.490954
0.499913
0.531623
0.528802
0.525131
0.63984
0.532143
0.574169
0.498489
0.522963
0.51773
0.527053
0.51002
0.534794
0.519461
0.518333
0.493626
0.502626
0.514134
0.506225
0.531085
0.499946
0.507778
0.517486
0.492887
0.495671
0.505405
0.515755
0.521512
0.505266
0.509719
0.497261
0.50255
0.512374
0.544803
0.513018
0.531257
0.498553
0.503108
0.496999
0.499372
0.502777
0.504277
0.628319
0.520503
0.496093
0.496655
0.596425
0.516557
0.524745
0.517266
0.518131
0.5075
0.533156
0.571034
0.500749
0.512064
0.531074
0.527312
0.521885
0.507394
0.534655
0.540527
0.579136
0.502767
0.5017
0.545883
0.494193
0.528289
0.508889
0.511696
0.512739
0.54693
0.496101
0.510995
0.516727
0.528617
0.514102
0.491786
0.539311
0.514772
0.565442
0.512821
0.492993
0.520232
0.509836
0.529073
0.504598
0.515315
0.513403
0.508461
0.537432
0.530909
0.522394
0.496345
0.503649
0.515507
0.523089
0.533724
0.524568
0.527787
0.547164
0.505901
0.545209
0.510591
0.513721
0.499781
0.513499
0.528349
0.530317
0.52949
0.578681
0.513394
0.508183
0.540304
0.489987
0.550574
0.545444
0.547342
0.508547
0.505817
0.542735
0.497671
0.496257
0.605431
0.510055
0.603139
0.532713
0.520701
0.496656
0.530307
0.488481
0.511455
0.51247
0.525024
0.520142
0.515371
0.507247
0.526675
0.531564
0.512492
0.557314
0.533399
0.519183
0.506579
0.529785
0.572603
0.533204
0.517437
0.519624
0.510206
0.509249
0.511968
0.540433
0.537699
0.540309
0.519084
0.512541
0.512236
0.512719
0.529662
0.521619
0.498593
0.538807
0.541253
0.511856
0.490283
0.503293
0.54959
0.693209
0.53676
0.49724
0.520939
0.534053
0.513803
0.495003
0.494255
0.532736
0.533774
0.5187
0.527165
0.510828
0.548845
0.506975
0.520394
0.600925
0.495204
0.535891
0.538754
0.509116
0.497958
0.541813
0.529779
0.510269
0.52975
0.49026
0.525887
0.499725
0.532454
0.613075
0.529296
0.53548
0.532633
0.518533
0.516069
0.53296
0.525053
0.511534
0.614641
0.527577
0.492078
0.517456
0.503438
0.503153
0.640686
0.497045
0.497827
0.496559
0.51872
0.535077
0.541967
0.530746
0.523227
0.50824
0.530312
0.53882
0.523383
0.507591
0.518537
0.515787
0.549693
0.534292
0.534165
0.516006
0.540479
0.538094
0.529554
0.535847
0.529425
0.506522
0.545093
0.544705
0.515584
0.509159
0.548557
0.611266
0.6366
0.554293
0.52107
0.492807
0.547293
0.506332
0.506606
0.501507
0.535453
0.496701
0.519512
0.49055
0.517316
0.502054
0.528291
0.518366
0.607786
0.501022
0.500263
0.5179
0.512331
0.526273
0.536579
0.523675
0.527654
0.516045
0.506686
0.521424
0.525236
0.515676
0.511648
0.518079
0.536843
0.519632
0.515155
0.5377
0.524322
0.516056
0.516307
0.518947
0.514841
0.539252
0.557198
0.505576
0.507013
0.496909
0.504894
0.526668
0.514174
0.535653
0.519902
0.525504
0.509762
0.494505
0.501257
0.499519
0.515596
0.510838
0.514603
0.511551
0.505355
0.638544
0.570715
0.567032
0.570252
0.514105
0.505627
0.51847
0.516932
0.569099
0.75866
0.50488
0.516905
0.730744
0.518123
0.50936
0.513422
0.521175
0.517998
0.512194
0.514308
0.692796
0.531737
0.519644
0.547098
0.522452
0.52057
0.539893
0.540513
0.541592
0.520083
0.52397
0.513523
0.513186
0.512366
0.510514
0.516219
0.514411
0.518879
0.518157
0.511075
0.514565
0.527416
0.511587
0.53382
0.534903
0.511569
0.582335
0.506898
0.514813
0.518119
0.512505
0.511346
0.512908
0.511398
0.523844
0.511089
0.509385
0.506973
0.633965
0.509205
0.535983
0.525571
0.532075
0.526711
0.517023
0.63116
0.516078
0.521636
0.522646
0.72168
0.510256
0.506655
0.527795
0.526708
0.515236
0.505136
0.504769
0.530263
0.507462
0.514828
0.51514
0.513308
0.505429
0.522357
0.542862
0.52471
0.531219
0.533148
0.51475
0.511226
0.519031
0.525553
0.526965
0.681241
0.510862
0.507338
0.518485
0.521621
0.5175
0.530128
0.511973
0.509969
0.512272
0.510248
0.517699
0.513282
0.513833
0.506631
0.513464
0.542458
0.517586
0.502095
0.820058
0.550996
0.51587
0.508043
0.521739
0.528073
0.518765
0.513696
0.52447
0.513181
0.507147
0.507382
0.506104
0.540974
0.521596
0.521409
0.52815
0.602647
0.529227
0.518387
0.505857
0.533267
0.543701
0.525654
0.526549
0.540551
0.507932
0.751624
0.697886
0.51441
0.508902
0.515905
0.509421
0.511119
0.511209
0.520336
0.510053
0.515265
0.532127
0.508712
0.513284
0.512785
0.514974
0.536762
0.634478
0.711644
0.527004
0.677688
0.509444
0.507178
0.527665
0.507313
0.510627
0.506055
0.506695
0.526612
0.512628
0.521084
0.523164
0.523181
0.501731
0.513451
0.508625
0.517687
0.50467
0.516494
0.513408
0.528349
0.527797
0.5101
0.511625
0.513754
0.542501
0.528558
0.499815
0.523844
0.517688
0.512446
0.523632
0.502043
0.523872
0.522263
0.508184
0.512402
0.523108
0.525412
0.519635
0.51265
0.508147
0.507126
0.511966
0.511986
0.559791
0.50621
0.509812
0.520673
0.51601
0.523873
0.513738
0.524438
0.511698
0.525141
0.518146
0.522085
0.519418
0.517744
0.533088
0.510607
0.517273
0.514767
0.513873
0.505743
0.53009
0.505472
0.540113
0.551272
0.539441
0.517568
0.513889
0.501182
0.508883
0.511685
0.524189
0.530007
0.511999
0.592256
0.506302
0.512315
0.515256
0.518848
0.510687
0.515754
0.518027
0.52216
0.519493
0.516107
0.530312
0.51952
0.524171
0.508842
0.507771
0.508716
0.507218
0.509564
0.51536
0.509348
0.526196
0.606584
0.513954
0.50995
0.508505
0.522356
0.515603
0.520293
0.533747
0.521398
0.510993
0.506814
0.506087
0.512628
0.512801
0.521542
0.510156
0.516682
0.512404
0.512317
0.513849
0.541996
0.513531
0.509386
0.528585
0.491575
0.513244
0.585499
0.518357
0.518691
0.516964
0.505673
0.528058
0.518864
0.528826
0.585971
0.580139
0.511202
0.521058
0.51925
0.517183
0.51867
0.535248
0.518124
0.527947
0.510941
0.520407
0.51089
0.503901
0.547778
0.5092
0.51647
0.520082
0.520893
0.523185
0.518117
0.511313
0.525368
0.614392
0.505384
0.511524
0.508911
0.511224
0.530939
0.519559
0.512129
0.505518
0.513571
0.514816
0.511352
0.51977
0.50447
0.573629
0.510162
0.515273
0.503203
0.521907
0.508093
0.532371
0.512259
0.51739
0.520556
0.512319
0.520383
0.525486
0.517039
0.506908
0.652159
0.519591
0.51313
0.516572
0.524221
0.51414
0.512699
0.528949
0.530021
0.51556
0.510923
0.538225
0.602067
0.566656
0.518452
0.526724
0.530871
0.508006
0.523984
0.507074
0.515544
0.523875
0.522295
0.52587
0.50601
0.518096
0.496149
0.510007
0.52408
0.511491
0.525396
0.505229
0.510413
0.509732
0.53813
0.520116
0.518753
0.52539
0.511854
0.526232
0.521076
0.523305
0.587557
0.496314
0.526237
0.51249
0.509661
0.691263
0.530897
0.515056
0.522129
0.506198
0.563003
0.510732
0.508474
0.722697
0.530487
0.515635
0.622182
0.500372
0.497543
0.56221
0.508514
0.526148
0.517782
0.528155
0.551357
0.535641
0.497498
0.511829
0.519137
0.508566
0.526712
0.592244
0.514881
0.509933
0.543989
0.521939
0.520481
0.516011
0.512675
0.541279
0.552969
0.538157
0.527109
0.513443
0.523066
0.513575
0.520373
0.511162
0.518427
0.520772
0.620797
0.4997
0.502068
0.525772
0.519775
0.510204
0.518753
0.514982
0.53953
0.515836
0.52735
0.522609
0.515799
0.519488
0.521292
0.505273
0.525888
0.533218
0.49834
0.535844
0.551849
0.512391
0.512581
0.545924
0.52463
0.513789
0.496084
0.517181
0.542259
0.54753
0.641145
0.521739
0.515393
0.659137
0.535962
0.51933
0.522271
0.612324
0.497039
0.552877
0.499258
0.503445
0.533689
0.524282
0.520865
0.652938
0.57671
0.520117
0.51039
0.5292
0.520592
0.516119
0.526561
0.515386
0.529322
0.542077
0.521182
0.571453
0.517323
0.642928
0.505319
0.502472
0.532152
0.531928
0.49972
0.50848
0.517121
0.632086
0.594814
0.516502
0.513598
0.515537
0.518933
0.506794
0.511742
0.600726
0.575803
0.515135
0.507805
0.510914
0.512913
0.519212
0.51688
0.523446
0.575057
0.547858
0.507981
0.52571
0.512863
0.49868
0.518324
0.578844
0.519648
0.809944
0.505395
0.500894
0.500353
0.515319
0.503887
0.51676
0.525099
0.511003
0.502429
0.515061
