0.529094
0.525751
0.520213
0.523663
0.534231
0.523193
0.518484
0.505328
0.500623
0.505118
0.509717
0.511097
0.512881
0.500288
0.495502
0.530789
0.52991
0.539395
0.564041
0.543363
0.515393
0.560332
0.605675
0.586236
0.539956
0.543555
0.494704
0.497397
0.51415
0.520607
0.519001
0.516149
0.506911
0.505362
0.522096
0.511749
0.519192
0.506884
0.503385
0.517593
0.516111
0.55249
0.542833
0.561883
0.570064
0.517781
0.517636
0.495059
0.49657
0.516251
0.510547
0.500881
0.496071
0.500265
0.556358
0.497765
0.524993
0.535244
0.501543
0.498952
0.511087
0.528421
0.530657
0.515612
0.518166
0.51818
0.519952
0.512418
0.5371
0.539359
0.512911
0.52368
0.519656
0.525533
0.498683
0.499152
0.498676
0.515582
0.514908
0.517049
0.516321
0.520851
0.519305
0.616889
0.600143
0.672815
0.503503
0.498678
0.488895
0.499965
0.557162
0.564749
0.495902
0.50012
0.501067
0.493972
0.527147
0.514716
0.514468
0.514163
0.507804
0.501207
0.496334
0.523202
0.519212
0.498642
0.523633
0.511726
0.511731
0.504623
0.516133
0.52573
0.528497
0.535305
0.530801
0.530845
0.528733
0.510521
0.523017
0.50185
0.537327
0.527405
0.533349
0.528121
0.533522
0.524753
0.544092
0.536486
0.532511
0.54435
0.499311
0.505928
0.526957
0.528864
0.524816
0.501157
0.571626
0.577779
0.583277
0.511214
0.508862
0.510802
0.520058
0.526935
0.523476
0.531611
0.528661
0.525809
0.518726
0.536132
0.505272
0.509286
0.533845
0.504145
0.511292
0.518077
0.515738
0.511119
0.502979
0.543945
0.5283
0.526894
0.538307
0.524105
0.557316
0.550672
0.496047
0.530543
0.52887
0.520558
0.518845
0.535964
0.540829
0.538466
0.513433
0.515508
0.51444
0.515327
0.53426
0.536049
0.498101
0.500323
0.499133
0.503893
0.509801
0.504728
0.533793
0.539501
0.534104
0.51103
0.507641
0.580091
0.574774
0.545619
0.539546
0.691522
0.649048
0.534492
0.541845
0.531657
0.539524
0.51088
0.520921
0.555472
0.509771
0.502696
0.513481
0.518434
0.518255
0.52378
0.512089
0.509032
0.509105
0.509967
0.504288
0.509957
0.50112
0.502684
0.614864
0.605817
0.633765
0.595619
0.615809
0.491724
0.494069
0.504289
0.511377
0.520873
0.526568
0.533232
0.509315
0.507678
0.510551
0.541606
0.552988
0.515934
0.51781
0.507382
0.501504
0.580654
0.531821
0.516007
0.526529
0.511957
0.50881
0.495452
0.499575
0.515507
0.513863
0.515825
0.598411
0.622806
0.573099
0.488296
0.509602
0.509132
0.511363
0.517695
0.504938
0.528865
0.52535
0.490408
0.50964
0.510167
0.509731
0.530773
0.526308
0.533184
0.525964
0.51655
0.515354
0.533315
0.533488
0.517472
0.51839
0.52602
0.503557
0.529033
0.525839
0.608467
0.620645
0.585711
0.548012
0.517184
0.517528
0.563135
0.558797
0.515587
0.512636
0.512349
0.518249
0.513677
0.511667
0.541757
0.535793
0.531732
0.535064
0.524001
0.512626
0.532312
0.515542
0.513451
0.514203
0.573668
0.586595
0.51323
0.513655
0.519285
0.541501
0.536184
0.587239
0.597739
0.617967
0.531476
0.537316
0.515834
0.539641
0.597592
0.626413
0.628243
0.504784
0.50653
0.507819
0.516632
0.522322
0.548625
0.541275
0.516512
0.518655
0.51866
0.625543
0.515922
0.516549
0.516591
0.516894
0.518124
0.512367
0.507747
0.516676
0.517527
0.528965
0.5361
0.56396
0.538862
0.536702
0.517787
0.518439
0.516754
0.505314
0.514709
0.513792
0.518766
0.518492
0.49896
0.528081
0.515071
0.512243
0.518596
0.502449
0.516858
0.515075
0.5134
0.549417
0.539847
0.547526
0.536356
0.502179
0.553734
0.50414
0.507868
0.51048
0.507039
0.502192
0.512425
0.517683
0.516917
0.525084
0.491001
0.529923
0.519824
0.525156
0.501399
0.507735
0.515628
0.514342
0.518142
0.496098
0.511314
0.526846
0.518344
0.517126
0.517313
0.52576
0.527657
0.532186
0.539015
0.542744
0.501787
0.526423
0.538843
0.54074
0.516067
0.511505
0.633707
0.658251
0.636102
0.517203
0.506293
0.511144
0.500564
0.515103
0.495058
0.539564
0.516144
0.492304
0.498211
0.537703
0.534475
0.504697
0.511816
0.569868
0.502183
0.514284
0.517117
0.514874
0.51954
0.519171
0.511872
0.542018
0.518336
0.516784
0.520124
0.518948
0.518746
0.538793
0.626755
0.567578
0.52759
0.526431
0.509879
0.521408
0.526161
0.510613
0.513721
0.516345
0.54005
0.529353
0.498441
0.518555
0.517543
0.50615
0.500085
0.580441
0.511961
0.499954
0.5997
0.511711
0.511371
0.51439
0.497722
0.492941
0.490519
0.511814
0.51381
0.494397
0.499175
0.492227
0.49045
0.496836
0.510466
0.508455
0.497338
0.504818
0.508494
0.511613
0.567231
0.493626
0.499326
0.493632
0.500454
0.513039
0.512271
0.499997
0.507849
0.64063
0.505905
0.615416
0.512172
0.611661
0.626946
0.509293
0.509328
0.516966
0.513161
0.570644
0.577726
0.496648
0.501817
0.596153
0.531003
0.523728
0.526213
0.544925
0.537732
0.500758
0.506929
0.537639
0.525849
0.557328
0.586608
0.532518
0.532071
0.516804
0.516918
0.516263
0.504435
0.507925
0.506649
0.509485
0.51691
0.516101
0.500327
0.537492
0.49919
0.507957
0.50236
0.510373
0.50341
0.546245
0.541421
0.516747
0.562252
0.554594
0.519658
0.507449
0.50549
0.515628
0.515988
0.513535
0.508494
0.526429
0.532705
0.539498
0.518414
0.52302
0.521209
0.524437
0.522866
0.561969
0.594369
0.577096
0.545015
0.508181
0.539834
0.501623
0.528039
0.519132
0.516583
0.506903
0.508841
0.529657
0.525448
0.542436
0.515789
0.523532
0.522712
0.510605
0.528437
0.52558
0.517802
0.510692
0.532641
0.514044
0.512985
0.515518
0.522451
0.524544
0.517872
0.533062
0.535928
0.577971
0.570057
0.536991
0.536265
0.547086
0.548584
0.511315
0.510857
0.513004
0.515266
0.498651
0.504962
0.516099
0.516612
0.611621
0.582177
0.516979
0.542631
0.51615
0.515828
0.500691
0.511104
0.689131
0.535412
0.511048
0.502794
0.516997
0.519768
0.562802
0.53247
0.517635
0.532769
0.528534
0.541143
0.496506
0.501746
0.510904
0.513518
0.559828
0.517865
0.523607
0.517587
0.525004
0.52525
0.523381
0.531618
0.529281
0.49547
0.501359
0.538453
0.530913
0.627714
0.587967
0.633832
0.536688
0.534438
0.512908
0.519217
0.590147
0.578602
0.53327
0.532289
0.518968
0.516012
0.510126
0.531644
0.515906
0.522372
0.524901
0.522863
0.523513
0.5074
0.509777
0.51352
0.511029
0.520506
0.51974
0.633607
0.518859
0.518684
0.503022
0.508009
0.520405
0.492302
0.498523
0.539387
0.511773
0.511612
0.499495
0.514504
0.517225
0.521833
0.515192
0.515768
0.515285
0.518481
0.516955
0.52209
0.520099
0.496723
0.529632
0.509758
0.511633
0.500057
0.502443
0.496977
0.50675
0.502435
0.511749
0.510642
0.514266
0.510788
0.51896
0.522757
0.518017
0.531437
0.53172
0.526787
0.5488
0.542952
0.52348
0.519495
0.521351
0.517965
0.520509
0.529627
0.532782
0.538443
0.513086
0.511228
0.514599
0.515404
0.51425
0.544444
0.542282
0.535652
0.504284
0.497628
0.508632
0.515639
0.512124
0.497721
0.532179
0.530827
0.52645
0.523114
0.510196
0.503507
0.591428
0.581592
0.516241
0.514032
0.515982
0.512117
0.50456
0.512522
0.496154
0.619453
0.528123
0.517126
0.546533
0.540017
0.509835
0.509755
0.500826
0.501311
0.507207
0.510381
0.504664
0.50175
0.526556
0.51477
0.525161
0.538629
0.521436
0.52012
0.533552
0.528409
0.531849
0.528075
0.491562
0.533166
0.531088
0.515395
0.51244
0.532918
0.515508
0.630427
0.645379
0.50727
0.513183
0.542079
0.505982
0.519016
0.526752
0.499432
0.494455
0.501157
0.543884
0.511436
0.521159
0.51263
0.532123
0.525384
0.618307
0.529025
0.672809
0.499543
0.502375
0.499322
0.581702
0.564215
0.517709
0.523384
0.515195
0.508563
0.514145
0.505673
0.530102
0.528973
0.515506
0.506144
0.513506
0.512201
0.523096
0.660657
0.530833
0.49899
0.511058
0.519393
0.518966
0.519743
0.519389
0.53038
0.528062
0.529701
0.528809
0.574201
0.515102
0.51096
0.51516
0.511979
0.518389
0.527028
0.517003
0.527447
0.519009
0.511171
0.513132
0.528422
0.521343
0.530415
0.517703
0.499292
0.49077
0.528233
0.630328
0.508447
0.511358
0.516751
0.529712
0.530066
0.538248
0.500478
0.494573
0.509811
0.544184
0.49182
0.496412
0.560987
0.510025
0.502503
0.506523
0.520185
0.500449
0.520656
0.519256
0.519026
0.523378
0.523945
0.4924
0.509697
0.518476
0.515594
0.512307
0.503682
0.619096
0.533659
0.526284
0.502956
0.514135
0.513295
0.520115
0.517961
0.510903
0.521839
0.515511
0.54243
0.518259
0.523588
0.524779
0.520413
0.524454
0.510615
0.517428
0.517337
0.517474
0.514505
0.539674
0.515254
0.51034
0.494559
0.513629
0.515831
0.543362
0.558808
0.523662
0.524995
0.53271
0.528297
0.630662
0.51543
0.532258
0.529323
0.495424
0.513932
0.518136
0.51031
0.524349
0.536121
0.498101
0.566876
0.518696
0.524124
0.525257
0.509733
0.5169
0.516215
0.504007
0.533686
0.517666
0.519427
0.51663
0.499314
0.511641
0.510294
0.520791
0.520436
0.513261
0.514167
0.532109
0.504116
0.506443
0.518924
0.599046
0.528668
0.512476
0.512892
0.548024
0.529128
0.52798
0.513792
0.516117
0.536181
0.501043
0.50789
0.516805
0.535438
0.63666
0.633608
0.498105
0.505076
0.531343
0.533608
0.517036
0.533451
0.531496
0.515754
0.534748
0.511611
0.518675
0.518275
0.50562
0.511807
0.521995
0.522487
0.51639
0.508223
0.511418
0.585351
0.536034
0.498848
0.637011
0.540035
0.507384
0.539129
0.531563
0.540942
0.537134
0.512383
0.511932
0.535876
0.49253
0.501952
0.578672
0.57722
0.516509
0.525351
0.524864
0.516958
0.51579
0.52466
0.525322
0.500651
0.523509
0.546026
0.51097
0.495825
0.518887
0.514781
0.514898
0.518689
0.52941
0.640602
0.514567
0.5176
0.537758
0.531278
0.518224
0.512098
0.511205
0.538984
0.545777
0.528309
0.516698
0.592206
0.536252
0.506428
0.519243
0.515076
0.53368
0.563687
0.525766
0.514114
0.515109
0.542515
0.541815
0.545262
0.495543
0.554063
0.515306
0.510076
0.513053
0.507877
0.528482
0.511233
0.521698
0.491836
0.498072
0.582144
0.49991
0.525648
0.519479
0.523673
0.518677
0.517849
0.512707
0.518146
0.510116
0.508158
0.516861
0.506809
0.508231
0.502598
0.610249
0.510865
0.52748
0.545808
0.519104
0.516919
0.513955
0.499561
0.509609
0.512181
0.547284
0.493795
0.532069
0.550414
0.509433
0.508098
0.516377
0.611709
0.50879
0.519422
0.528062
0.545398
0.537685
0.531486
0.513
0.60211
0.500457
0.509719
0.509188
0.513969
0.495706
0.599019
0.508586
0.510804
0.496325
0.525183
0.530394
0.52943
0.527001
0.535723
0.515355
0.496991
0.517209
0.535263
0.539185
0.501703
0.567836
0.540133
0.527081
0.530793
0.52548
0.510324
0.492609
0.537264
0.525794
0.521795
0.522646
0.523224
0.515183
0.535607
0.521134
0.589824
0.517799
0.513143
0.573271
0.526777
0.51742
0.512418
0.505487
0.517633
0.501299
0.505881
0.49999
0.539316
0.517493
0.518512
0.528471
0.530343
0.538246
0.515776
0.508923
0.510353
0.517849
0.504761
0.544763
0.538711
0.522049
0.543128
0.512
0.521592
0.506349
0.540664
0.533616
0.629713
0.530475
0.529365
0.522817
0.517652
0.500296
0.506504
0.527976
0.566228
0.504361
0.525726
0.532336
0.524612
0.509809
0.525814
0.508455
0.506041
0.532183
0.496388
0.502644
0.50731
0.603333
0.525837
0.522894
0.525386
0.529079
0.516229
0.497863
0.54576
0.536695
0.523609
0.561241
0.528292
0.524649
0.510752
0.549705
0.529835
0.524172
0.540247
0.512998
0.624471
0.508271
0.513452
0.501172
0.5427
0.510295
0.498959
0.533362
0.496957
0.585149
0.533047
0.510752
0.494695
0.544863
0.504808
0.538533
0.549857
0.54531
0.580414
0.509758
0.531762
0.509547
0.504057
0.549011
0.553545
0.530294
0.518844
0.517768
0.494345
0.512942
0.517256
0.572605
0.510893
0.511883
0.526064
0.545368
0.543968
0.51452
0.523532
0.509792
0.544327
0.51739
0.513098
0.509097
0.5089
0.509901
0.548218
0.559715
0.576873
0.512087
0.525922
0.509048
0.498597
0.495414
0.514839
0.531717
0.558624
0.545389
0.626161
0.521342
0.594309
0.547521
0.601276
0.552165
0.496223
0.615042
0.497027
0.558975
0.5645
0.511165
0.493371
0.586426
0.589649
0.510828
0.512513
0.493005
0.544117
0.500815
0.531078
0.531631
0.617348
0.536062
0.541056
0.517344
0.493951
0.505605
0.495347
0.52502
0.523279
0.493607
0.638416
0.518348
0.514652
0.534595
0.530106
0.514994
0.494666
0.502308
0.507367
0.531837
0.513342
0.500479
0.495059
0.502943
0.515921
0.533094
0.493204
0.498778
0.505446
0.500409
0.525609
0.51389
0.529633
0.499646
0.49135
0.497096
0.507951
0.507419
0.519433
0.51378
0.628685
0.658835
0.500676
0.530446
0.531755
0.49642
0.493678
0.517782
0.517021
0.522409
0.516933
0.516178
0.508101
0.525649
0.568141
0.499177
0.530192
0.52676
0.521311
0.510382
0.530342
0.534706
0.58675
0.528569
0.492322
0.506776
0.542522
0.532029
0.49778
0.581137
0.533219
0.508348
0.530014
0.510242
0.534373
0.51946
0.514212
0.541803
0.512409
0.513091
0.55059
0.561447
0.532241
0.503836
0.492611
0.511478
0.520598
0.508078
0.540705
0.531191
0.49261
0.515775
0.523938
0.503136
0.515893
0.525818
0.519126
0.518672
0.522804
0.527931
0.522358
0.533551
0.535591
0.547551
0.506287
0.515652
0.541262
0.517425
0.514091
0.586012
0.516859
0.516364
0.53402
0.530959
0.534256
0.566025
0.508657
0.48942
0.548277
0.508127
0.490242
0.506492
0.496298
0.634812
0.520121
0.489898
0.52492
0.492158
0.527756
0.490609
0.492712
0.513403
0.513624
0.522233
0.519068
0.530568
0.51551
0.501358
0.506695
0.523132
0.51338
0.552115
0.533029
0.510607
0.525526
0.535267
0.51343
0.51213
0.497056
0.543057
0.50774
0.511496
0.533671
0.544524
0.519177
0.513337
0.513256
0.5216
0.495225
0.574997
0.50857
0.519131
0.550052
0.552758
0.537861
0.51335
0.530393
0.501542
0.541357
0.547088
0.513074
0.52918
0.494396
0.534616
0.537728
0.532411
0.501027
0.499729
0.532566
0.495053
0.512863
0.533476
0.492577
0.491236
0.496263
0.517682
0.516758
0.491822
0.535057
0.533459
0.535952
0.49666
0.50314
0.532422
0.531308
0.534701
0.502096
0.516019
0.534382
0.528975
0.542211
0.510105
0.538281
0.525471
0.502173
0.52017
0.53151
0.515892
0.517862
0.531982
0.524884
0.606057
0.518845
0.512448
0.651639
0.509523
0.498892
0.498884
0.571025
0.537339
0.538773
0.527427
0.530479
0.518765
0.509656
0.530554
0.525409
0.526167
0.528392
0.504265
0.49466
0.51801
0.516105
0.548936
0.62618
0.54177
0.539537
0.536871
0.527386
0.542681
0.517155
0.548331
0.59753
0.553428
0.497668
0.509935
0.501758
0.502746
0.530352
0.566335
0.494472
0.501362
0.492818
0.499849
0.610881
0.489922
0.504884
0.536542
0.605636
0.523045
0.513208
0.503521
0.523415
0.509245
0.505986
0.520516
0.497146
0.502577
0.521573
0.521514
0.524886
0.512348
0.504345
0.50667
0.520708
0.529863
0.530149
0.507894
0.524634
0.514924
0.515573
0.524014
0.529266
0.520308
0.520977
0.516033
0.511386
0.534045
0.579836
0.515604
0.516094
0.529866
0.514886
0.538873
0.556058
0.507978
0.516546
0.501195
0.524056
0.62402
0.512838
0.514079
0.516755
0.540301
0.519471
0.519446
0.52689
0.507343
0.509218
0.535327
0.496847
0.572942
0.570815
0.507326
0.497028
0.52082
0.509937
0.522064
0.51251
0.555023
0.523815
0.583095
0.512654
0.553094
0.623127
0.517983
0.508567
0.507971
0.580475
0.519183
0.512025
0.513022
0.520316
0.521868
0.51613
0.520895
0.525402
0.524046
0.512428
0.512038
0.512515
0.516861
0.523595
0.512879
0.537778
0.514109
0.53054
0.527867
0.614002
0.567125
0.566824
0.577807
0.514211
0.517391
0.514373
0.512815
0.519695
0.514024
0.518091
0.524356
0.508273
0.507919
0.518447
0.505754
0.60636
0.513826
0.508022
0.540222
0.524652
0.52881
0.516647
0.520049
0.532548
0.524968
0.520047
0.522151
0.5158
0.517534
0.517983
0.674657
0.505556
0.523898
0.517053
0.522683
0.523263
0.501131
0.507528
0.507654
0.513176
0.511289
0.509361
0.519677
0.510677
0.516156
0.515088
0.587978
0.581252
0.546055
0.546312
0.533029
0.521706
0.529593
0.521533
0.516594
0.518064
0.524559
0.519102
0.507797
0.506679
0.596651
0.518845
0.51237
0.518586
0.580317
0.516162
0.516527
0.540059
0.514632
0.514748
0.514528
0.510388
0.511338
0.529842
0.548566
0.521935
0.522329
0.5032
0.502888
0.606074
0.50478
0.502086
0.547241
0.521812
0.536793
0.494287
0.55337
0.517082
0.520445
0.520415
0.508918
0.51268
0.524808
0.519992
0.515563
0.517003
0.511708
0.504523
0.52114
0.511424
0.51398
0.510982
0.510942
0.521779
0.504696
0.517642
0.512302
0.525173
0.526586
0.506453
0.531104
0.508433
0.585869
0.50404
0.511214
0.518866
0.513683
0.515943
0.508547
0.523779
0.510273
0.510536
0.519382
0.557986
0.516
0.529133
0.530658
0.536021
0.553901
0.515332
0.511921
0.50323
0.515217
0.510023
0.525405
0.506449
0.522738
0.508896
0.509699
0.506586
0.525203
0.523332
0.515792
0.505544
0.50945
0.514479
0.516857
0.516318
0.513704
0.509006
0.527555
0.518189
0.498784
0.510041
0.544419
0.526639
0.513355
0.519975
0.515406
0.520424
0.511582
0.521823
0.49565
0.592769
0.507052
0.529496
0.522019
0.514289
0.522524
0.51759
0.526162
0.615181
0.525006
0.511795
0.507201
0.512481
0.5282
0.518578
0.509219
0.520141
0.514887
0.515942
0.510482
0.523591
0.61401
0.529493
0.594354
0.516326
0.539292
0.519394
0.514973
0.51293
0.516294
0.510625
0.519963
0.514672
0.545044
0.546767
0.507625
0.517346
0.505558
0.556507
0.510239
0.602737
0.596004
0.533373
0.517248
0.5013
0.553689
0.529348
0.513573
0.527487
0.514673
0.512973
0.523646
0.528455
0.510398
0.51036
0.564764
0.56134
0.512231
0.513143
0.519386
0.516248
0.520948
0.519433
0.513015
0.523515
0.519785
0.522598
0.524441
0.636884
0.5239
0.555685
0.510636
0.540579
0.521336
0.509572
0.508341
0.514779
0.551994
0.50784
0.504671
0.509949
0.505655
0.51149
0.520316
0.511399
0.513603
0.511432
0.654691
0.523611
0.520825
0.511632
0.526056
0.522195
0.520467
0.510585
0.51676
0.522374
0.512505
0.515453
0.520888
0.516506
0.512519
0.510123
0.516322
0.518162
0.523415
0.517498
0.52701
0.54732
0.504102
0.504991
0.513864
0.557741
0.501501
0.522654
0.548503
0.535279
0.497558
0.590819
0.512085
0.519056
0.530817
0.515948
0.534021
0.516156
0.536663
0.518171
0.513858
0.50852
0.551636
0.507436
0.554322
0.512587
0.509736
0.512736
0.513123
0.516845
0.53126
0.638556
0.530745
0.533443
0.527285
0.505977
0.521983
0.576383
0.513784
0.515496
0.513457
0.512732
0.506324
0.499906
0.526397
0.537057
0.53146
0.518076
0.526465
0.509808
0.515975
0.628552
0.514358
0.526542
0.547274
0.511435
0.510141
0.530153
0.526332
0.512474
0.60483
0.500439
0.532541
0.524487
0.611334
0.538305
0.535614
0.584259
0.518655
0.515708
0.521567
0.511132
0.526097
0.513499
0.519393
0.517942
0.52952
0.527767
0.511364
0.511106
0.595296
0.510571
0.59545
0.531929
0.498577
0.501702
0.513778
0.562541
0.509109
0.513445
0.512649
0.52726
0.502302
0.521464
0.526706
0.509957
0.518947
0.517806
0.598402
0.510118
0.520869
0.554302
0.5311
0.524982
0.515216
0.524884
0.55658
0.525499
0.508765
0.59594
0.516753
0.531581
0.526449
0.51008
0.501917
0.51358
0.509794
0.508103
0.525479
0.532429
0.501576
0.529558
0.528926
0.540395
0.53347
0.511628
0.526882
0.513047
0.517056
0.519167
0.494691
0.508329
0.580764
0.524077
0.528881
0.5095
0.512937
0.541872
0.514869
0.502703
0.510498
0.515758
0.559579
0.513275
0.623414
0.530731
0.516833
0.505265
0.516048
0.503984
0.513998
0.514328
0.535384
0.514333
0.538154
0.490635
0.51074
0.519511
0.579762
0.525043
0.530278
0.529581
0.505293
0.563371
0.50615
0.518355
0.516479
0.538489
0.510562
0.531095
0.522793
0.508527
0.519382
0.534844
0.511343
0.527546
0.517148
0.531438
0.533023
0.556318
0.499156
0.520389
0.652381
0.529956
0.512651
0.501675
0.509165
0.517791
0.523296
0.520564
0.529321
0.527332
0.518684
0.516765
0.551648
0.515381
0.534211
0.515973
0.526208
0.512998
0.506056
0.509123
0.501804
0.497101
0.523799
0.521976
0.501824
0.516606
0.512248
0.535806
0.517395
0.541316
0.510916
0.641171
0.502293
0.523342
0.596392
0.516411
0.568647
0.503367
0.507524
0.518269
