0.524609
0.533803
0.534206
0.528419
0.531314
0.510288
0.515067
0.505399
0.505825
0.516891
0.512
0.51875
0.517546
0.517587
0.510098
0.53788
0.593211
0.53738
0.584025
0.588896
0.600532
0.538518
0.544001
0.485793
0.490589
0.512148
0.513779
0.506765
0.526237
0.516964
0.511207
0.510875
0.511938
0.514887
0.52808
0.526251
0.517379
0.51848
0.516549
0.506537
0.510732
0.535976
0.517234
0.515779
0.632639
0.612478
0.53736
0.584788
0.586036
0.567028
0.502467
0.499447
0.499517
0.50421
0.506792
0.505857
0.545527
0.548655
0.505715
0.493598
0.518687
0.536398
0.529753
0.509993
0.523533
0.525866
0.50645
0.515433
0.509566
0.531548
0.520662
0.525972
0.606951
0.580819
0.535248
0.535863
0.541243
0.503812
0.49342
0.499496
0.513578
0.527367
0.496215
0.512946
0.507955
0.510956
0.518037
0.502462
0.508823
0.515248
0.517916
0.548562
0.519514
0.506884
0.511425
0.60301
0.585693
0.507731
0.50348
0.502937
0.501777
0.546681
0.545714
0.504194
0.505523
0.501772
0.52035
0.522153
0.516824
0.505604
0.511565
0.502811
0.511324
0.512465
0.512705
0.529446
0.512581
0.51113
0.497673
0.492134
0.495574
0.52423
0.524473
0.529965
0.509826
0.509854
0.515811
0.521343
0.531818
0.538403
0.531342
0.528168
0.507874
0.520381
0.495743
0.502273
0.530013
0.527921
0.533079
0.530186
0.542173
0.535331
0.506579
0.516341
0.515221
0.528257
0.524662
0.524954
0.575942
0.560544
0.505503
0.503828
0.507346
0.555698
0.579406
0.530971
0.517216
0.515368
0.513275
0.507139
0.523626
0.518776
0.529948
0.541876
0.513199
0.514626
0.513757
0.520186
0.517927
0.515782
0.512667
0.525002
0.501529
0.534042
0.528079
0.630123
0.622281
0.503764
0.510131
0.490513
0.54287
0.537159
0.507922
0.504371
0.500187
0.554949
0.556937
0.521839
0.518398
0.51586
0.540978
0.511144
0.51261
0.515277
0.530702
0.538199
0.499088
0.543416
0.53966
0.584822
0.568737
0.546462
0.531182
0.505815
0.505959
0.53223
0.639868
0.510058
0.499521
0.505389
0.524916
0.501102
0.507244
0.50043
0.615702
0.627148
0.505173
0.513498
0.515372
0.510598
0.507623
0.545784
0.542002
0.512367
0.516497
0.513597
0.518687
0.521858
0.551505
0.542906
0.517555
0.521119
0.517525
0.525024
0.530093
0.525473
0.508673
0.51218
0.591446
0.589904
0.508394
0.509423
0.508237
0.513022
0.514596
0.513655
0.612199
0.594691
0.511069
0.513843
0.523579
0.529788
0.499316
0.509679
0.527794
0.528558
0.525901
0.515571
0.557308
0.532447
0.515166
0.517579
0.520884
0.49621
0.552004
0.562141
0.551887
0.551873
0.517346
0.51674
0.515598
0.56077
0.531499
0.539804
0.53674
0.525967
0.517173
0.536258
0.540322
0.512872
0.53581
0.529067
0.506663
0.51639
0.497826
0.503928
0.513548
0.514187
0.516279
0.530918
0.536885
0.580807
0.531284
0.533341
0.513995
0.512598
0.610647
0.647946
0.624762
0.506126
0.516784
0.511444
0.54268
0.514962
0.513403
0.515079
0.521562
0.519672
0.538953
0.517113
0.51516
0.512242
0.512945
0.508294
0.510772
0.535983
0.659226
0.515799
0.515406
0.513132
0.509825
0.508402
0.508761
0.51656
0.512883
0.510394
0.515643
0.523955
0.538387
0.507653
0.538846
0.513658
0.515796
0.505053
0.506577
0.524652
0.52346
0.52272
0.49945
0.586215
0.526175
0.520176
0.511521
0.515109
0.51361
0.513634
0.51242
0.516534
0.518899
0.505438
0.509983
0.504536
0.51771
0.517094
0.51452
0.517162
0.529958
0.516957
0.529145
0.728328
0.511743
0.562934
0.555773
0.548938
0.609349
0.503893
0.530688
0.526938
0.516172
0.488356
0.530053
0.525376
0.530524
0.532643
0.504852
0.503816
0.498564
0.512709
0.502039
0.505605
0.507089
0.568052
0.563522
0.52317
0.517498
0.500467
0.509659
0.511782
0.536618
0.512266
0.516876
0.512214
0.494042
0.5009
0.536505
0.528699
0.531127
0.507008
0.511746
0.531381
0.560419
0.500828
0.506127
0.513274
0.510645
0.513968
0.520752
0.543635
0.543004
0.537037
0.515335
0.514518
0.517515
0.518795
0.636353
0.619346
0.499224
0.500684
0.522688
0.524289
0.533752
0.518392
0.527472
0.533354
0.525618
0.530484
0.51912
0.51464
0.60571
0.513217
0.512448
0.537519
0.516039
0.516354
0.515704
0.627662
0.62446
0.502756
0.504408
0.502063
0.543186
0.498979
0.504531
0.617924
0.627565
0.511261
0.524882
0.521429
0.50319
0.542838
0.51616
0.513263
0.51138
0.53214
0.527638
0.531303
0.49753
0.503053
0.49798
0.575024
0.557307
0.515878
0.51865
0.498072
0.497006
0.490895
0.502398
0.496004
0.501064
0.501061
0.52447
0.497929
0.523723
0.523784
0.502016
0.509193
0.505334
0.506065
0.526276
0.513201
0.518554
0.514462
0.491984
0.499113
0.499921
0.537396
0.577904
0.562732
0.500512
0.605874
0.590809
0.527448
0.499981
0.508753
0.508242
0.511294
0.534759
0.538965
0.534754
0.560935
0.529562
0.52825
0.53177
0.520009
0.512932
0.515417
0.509492
0.50959
0.504517
0.515611
0.507128
0.514201
0.520807
0.52442
0.515955
0.518342
0.491077
0.510825
0.522071
0.520823
0.542262
0.5209
0.501612
0.518036
0.518283
0.494605
0.500716
0.568325
0.541556
0.519735
0.504187
0.498286
0.528849
0.496734
0.502465
0.50453
0.507289
0.529527
0.541087
0.529644
0.507719
0.531359
0.526749
0.526397
0.527963
0.527159
0.524328
0.513292
0.519429
0.52389
0.534662
0.514952
0.504724
0.511941
0.512466
0.525637
0.519909
0.526282
0.539575
0.540882
0.50912
0.510822
0.512195
0.539153
0.523254
0.525905
0.569016
0.562137
0.516995
0.527348
0.534894
0.501468
0.495798
0.498311
0.5044
0.496388
0.532426
0.588722
0.551493
0.519229
0.490948
0.512952
0.517244
0.536415
0.507012
0.505995
0.507365
0.49921
0.506887
0.501455
0.555163
0.511923
0.512046
0.650899
0.529323
0.614568
0.498403
0.525092
0.522779
0.507803
0.513932
0.507336
0.528072
0.522446
0.604187
0.508624
0.522652
0.526337
0.523196
0.512713
0.514369
0.532325
0.517803
0.523079
0.522053
0.529012
0.528897
0.536206
0.530458
0.506335
0.508926
0.536661
0.531567
0.563603
0.50625
0.50631
0.508936
0.533337
0.522496
0.521487
0.589468
0.581795
0.518249
0.492602
0.498186
0.506676
0.514656
0.53743
0.53097
0.538773
0.511996
0.513007
0.593147
0.506763
0.496396
0.525
0.506763
0.517571
0.536648
0.527036
0.59125
0.515524
0.526248
0.521325
0.50944
0.494682
0.502667
0.531007
0.519658
0.511923
0.527542
0.526541
0.51133
0.51233
0.535999
0.53574
0.513743
0.514859
0.51435
0.516608
0.517116
0.524088
0.5196
0.529866
0.516083
0.516269
0.516624
0.544585
0.515241
0.515263
0.517539
0.51632
0.515187
0.516692
0.514027
0.529512
0.516359
0.520116
0.521445
0.546265
0.534232
0.539819
0.529564
0.506322
0.515119
0.506238
0.500338
0.511225
0.511462
0.515104
0.511702
0.553572
0.548791
0.547061
0.49794
0.491763
0.499587
0.499656
0.514487
0.512278
0.517781
0.493834
0.512738
0.506111
0.605127
0.512984
0.513962
0.511263
0.495355
0.499138
0.530351
0.527979
0.548597
0.513931
0.517408
0.543149
0.535578
0.542159
0.520049
0.522036
0.51747
0.503699
0.516992
0.508337
0.518831
0.499685
0.500311
0.518338
0.509122
0.509232
0.517057
0.516363
0.523075
0.508575
0.513597
0.520222
0.544515
0.550828
0.550848
0.516168
0.513612
0.541916
0.520896
0.519486
0.525939
0.529443
0.514976
0.515152
0.522645
0.514885
0.514096
0.562611
0.512883
0.51584
0.504474
0.510035
0.494016
0.502662
0.514819
0.498871
0.517706
0.510108
0.504332
0.51932
0.498763
0.515326
0.499472
0.522379
0.577851
0.567553
0.516902
0.510005
0.506466
0.509183
0.603254
0.534733
0.530766
0.523997
0.533832
0.51734
0.516219
0.504958
0.523852
0.509055
0.52435
0.49591
0.52945
0.517724
0.527089
0.519754
0.524644
0.523358
0.560783
0.49816
0.514844
0.511068
0.519948
0.519418
0.498891
0.535379
0.514269
0.495652
0.511733
0.513568
0.525898
0.502482
0.504476
0.501737
0.51583
0.495507
0.540222
0.536207
0.515673
0.53283
0.53121
0.548945
0.521971
0.524929
0.518505
0.512495
0.518494
0.50334
0.508631
0.531176
0.518082
0.499471
0.494296
0.51625
0.49416
0.573719
0.515754
0.579353
0.519917
0.634827
0.614489
0.536943
0.52244
0.515244
0.519746
0.520878
0.514033
0.520858
0.507395
0.538532
0.642604
0.537434
0.622507
0.509714
0.533497
0.529831
0.526308
0.525021
0.532429
0.519311
0.651926
0.519169
0.524519
0.498219
0.50112
0.514837
0.522586
0.521703
0.538018
0.530198
0.533856
0.525088
0.514847
0.512706
0.528582
0.558461
0.562107
0.516351
0.523916
0.519449
0.493242
0.501348
0.514307
0.520519
0.522478
0.514991
0.51938
0.535488
0.563589
0.542888
0.516509
0.519476
0.50842
0.547939
0.512994
0.525816
0.527058
0.522846
0.516157
0.526543
0.55468
0.532877
0.52191
0.520559
0.52141
0.59454
0.525078
0.500898
0.510022
0.502291
0.505337
0.518053
0.675094
0.522503
0.533184
0.500404
0.507156
0.52928
0.517489
0.536961
0.527497
0.539427
0.51302
0.532831
0.517128
0.518947
0.498417
0.517905
0.501038
0.539784
0.52413
0.517699
0.508003
0.521305
0.506835
0.510445
0.599744
0.545618
0.539671
0.536544
0.491612
0.495374
0.488066
0.492758
0.517591
0.507209
0.514277
0.493674
0.498613
0.566369
0.640389
0.537686
0.500214
0.537218
0.507153
0.617684
0.530664
0.521001
0.528766
0.521856
0.511548
0.523265
0.504391
0.50384
0.523051
0.523709
0.506626
0.501992
0.500985
0.51453
0.527786
0.614134
0.521418
0.516026
0.517989
0.518734
0.528447
0.534049
0.495581
0.492663
0.536116
0.512647
0.515259
0.514696
0.534383
0.516355
0.557948
0.535857
0.526371
0.574811
0.532744
0.529189
0.54117
0.54098
0.516857
0.51203
0.527801
0.526017
0.512788
0.51087
0.542858
0.534837
0.64468
0.611191
0.519852
0.495176
0.517561
0.522465
0.524528
0.560923
0.513038
0.527956
0.603768
0.516407
0.511887
0.524673
0.514179
0.509736
0.551125
0.497364
0.533523
0.496196
0.541882
0.502755
0.515954
0.541112
0.495961
0.549313
0.511142
0.507367
0.507295
0.567279
0.517129
0.512392
0.522891
0.518772
0.533666
0.528787
0.517004
0.516741
0.613541
0.527912
0.567782
0.51409
0.507514
0.526259
0.526706
0.516133
0.526137
0.543582
0.538708
0.524834
0.525831
0.528559
0.52024
0.51701
0.509405
0.49716
0.535315
0.538348
0.568039
0.572736
0.524409
0.536128
0.51589
0.527882
0.526966
0.52591
0.511683
0.509206
0.500704
0.539312
0.490802
0.526641
0.527969
0.518535
0.522124
0.541659
0.513403
0.515465
0.603383
0.576046
0.502434
0.525333
0.544098
0.514027
0.508714
0.621217
0.500212
0.505428
0.500075
0.517936
0.525888
0.520303
0.52613
0.511233
0.542743
0.507898
0.541208
0.53335
0.536909
0.530668
0.526145
0.516437
0.519192
0.603157
0.510728
0.597416
0.513071
0.511102
0.526697
0.546848
0.531198
0.510646
0.514683
0.517494
0.515981
0.534064
0.553753
0.554492
0.552031
0.502688
0.511591
0.524172
0.507575
0.527919
0.536392
0.499219
0.503576
0.511187
0.509305
0.522663
0.522717
0.537282
0.535499
0.5483
0.516862
0.526601
0.513437
0.527089
0.506041
0.521487
0.529797
0.517187
0.499499
0.515636
0.490947
0.495109
0.49907
0.496338
0.499807
0.493028
0.516003
0.524057
0.516828
0.497208
0.494441
0.529405
0.506766
0.535672
0.547983
0.540012
0.500948
0.531806
0.508397
0.547625
0.511309
0.516957
0.507534
0.570816
0.567384
0.509339
0.523087
0.513229
0.512932
0.509188
0.545258
0.534298
0.490575
0.511352
0.515652
0.511392
0.521995
0.533686
0.531393
0.60212
0.502502
0.517423
0.545822
0.515418
0.511757
0.513983
0.538855
0.516616
0.508557
0.490356
0.526715
0.516829
0.514267
0.504126
0.546142
0.516561
0.514447
0.553471
0.498533
0.529034
0.521229
0.551166
0.543844
0.524633
0.513294
0.537087
0.492943
0.532561
0.546315
0.52804
0.530969
0.518348
0.524609
0.510585
0.513621
0.504614
0.494582
0.512363
0.534607
0.497497
0.534867
0.541416
0.50862
0.510558
0.51195
0.511942
0.504759
0.5033
0.519966
0.523514
0.523162
0.514048
0.507805
0.506807
0.512126
0.51633
0.522303
0.608951
0.525181
0.502699
0.534555
0.529384
0.53028
0.526531
0.513929
0.515607
0.53668
0.517525
0.524307
0.504359
0.521536
0.527579
0.538401
0.53259
0.531344
0.534297
0.52586
0.509227
0.529768
0.500491
0.512741
0.525469
0.49266
0.50651
0.529439
0.516316
0.576478
0.578656
0.609037
0.633783
0.521918
0.532069
0.513887
0.512738
0.509496
0.517177
0.514282
0.532525
0.551642
0.512884
0.528044
0.514559
0.522976
0.526807
0.494105
0.537229
0.500531
0.543238
0.539788
0.497771
0.5318
0.522497
0.522278
0.522875
0.499101
0.531463
0.503845
0.499084
0.509898
0.506063
0.496177
0.507619
0.533472
0.535876
0.508402
0.624702
0.505904
0.511904
0.562825
0.514849
0.513072
0.515703
0.518753
0.531484
0.52494
0.536359
0.496111
0.506819
0.509984
0.508367
0.507467
0.489785
0.506389
0.525919
0.494358
0.5368
0.523026
0.604524
0.515127
0.583145
0.516896
0.535479
0.516503
0.518078
0.51643
0.546501
0.511977
0.638995
0.493004
0.535476
0.527955
0.547565
0.523192
0.544809
0.642405
0.622461
0.589091
0.527421
0.499932
0.527709
0.553132
0.525681
0.527337
0.522118
0.506664
0.530535
0.507238
0.508576
0.515475
0.548151
0.5117
0.529552
0.546134
0.498646
0.497426
0.513199
0.543082
0.529616
0.54572
0.545487
0.519287
0.507205
0.534589
0.496774
0.498141
0.501687
0.56391
0.5245
0.540721
0.545251
0.538602
0.531204
0.526848
0.540226
0.542959
0.547288
0.547261
0.532557
0.640813
0.517374
0.514255
0.510845
0.516501
0.588599
0.540337
0.502582
0.495685
0.49682
0.506567
0.52937
0.496679
0.494402
0.534178
0.490751
0.494168
0.491745
0.515337
0.489281
0.494678
0.515111
0.492881
0.521377
0.563311
0.495607
0.530487
0.54632
0.518056
0.51963
0.485174
0.512786
0.495037
0.541137
0.539237
0.511483
0.516488
0.533221
0.545129
0.526055
0.513564
0.503089
0.530053
0.520817
0.508777
0.546547
0.512735
0.542156
0.513964
0.606238
0.545396
0.518188
0.523462
0.519758
0.544285
0.533883
0.498692
0.507719
0.505695
0.599172
0.513085
0.5836
0.507637
0.524762
0.491128
0.498871
0.49566
0.495297
0.519803
0.529916
0.499417
0.489793
0.530936
0.538504
0.623498
0.541634
0.524964
0.516609
0.515434
0.532596
0.494154
0.495123
0.542392
0.541984
0.538435
0.567939
0.514729
0.528048
0.57012
0.500619
0.486779
0.499904
0.523366
0.53657
0.51393
0.510787
0.510803
0.510604
0.517265
0.49924
0.509254
0.510777
0.514266
0.516829
0.523133
0.51392
0.499327
0.53262
0.523787
0.535368
0.515086
0.569794
0.529644
0.530797
0.516887
0.512503
0.513955
0.519721
0.624318
0.52721
0.517177
0.517384
0.510801
0.534301
0.514256
0.512226
0.517091
0.513475
0.507857
0.513981
0.515082
0.508864
0.518428
0.523306
0.512727
0.56895
0.519601
0.491951
0.537522
0.51097
0.506243
0.586473
0.573286
0.510761
0.511065
0.552191
0.521033
0.516513
0.566724
0.523164
0.519369
0.503285
0.505711
0.520824
0.513103
0.513807
0.514879
0.513744
0.509944
0.547825
0.536766
0.548512
0.514983
0.567128
0.542302
0.506465
0.522304
0.521945
0.516285
0.572206
0.518769
0.515445
0.639379
0.521813
0.527218
0.585571
0.509948
0.509758
0.515812
0.519586
0.515495
0.515204
0.51683
0.498664
0.51343
0.51966
0.523627
0.507568
0.522456
0.520316
0.514907
0.513544
0.586082
0.604072
0.517007
0.512735
0.515928
0.511696
0.51326
0.513628
0.551419
0.504855
0.511852
0.521529
0.515894
0.508016
0.527406
0.51181
0.510799
0.576582
0.515045
0.537615
0.514222
0.517241
0.510349
0.515336
0.519763
0.520402
0.514365
0.520201
0.516882
0.513546
0.511203
0.513102
0.512222
0.629987
0.535979
0.518758
0.517704
0.515456
0.51622
0.516891
0.518039
0.526133
0.541806
0.522392
0.515573
0.517525
0.522779
0.517563
0.515255
0.514327
0.530712
0.513469
0.519329
0.566209
0.591521
0.540557
0.50608
0.507709
0.505762
0.561349
0.518225
0.509183
0.522425
0.512734
0.528085
0.529126
0.523915
0.513677
0.522304
0.580869
0.524739
0.51317
0.511123
0.515662
0.523163
0.527284
0.517556
0.511403
0.538044
0.557874
0.561713
0.512025
0.518344
0.524606
0.519307
0.531832
0.602911
0.510338
0.508972
0.511734
0.524282
0.519264
0.518872
0.51714
0.522421
0.521989
0.507504
0.535919
0.506566
0.534039
0.517321
0.52301
0.514097
0.541037
0.514474
0.527744
0.520408
0.544731
0.518283
0.529522
0.513518
0.514285
0.507573
0.551379
0.51693
0.620843
0.517337
0.512991
0.54167
0.523521
0.507442
0.514036
0.508674
0.501673
0.510964
0.51031
0.516356
0.515182
0.514329
0.5086
0.520926
0.51901
0.514114
0.59893
0.528891
0.535831
0.521564
0.505699
0.512906
0.535646
0.51562
0.513525
0.544207
0.550474
0.523584
0.515814
0.506848
0.519342
0.521379
0.515666
0.507561
0.512163
0.521187
0.517738
0.53477
0.534847
0.590832
0.5254
0.528637
0.575572
0.513058
0.518375
0.514261
0.504564
0.512266
0.523003
0.532579
0.520373
0.504311
0.508783
0.553355
0.524822
0.511927
0.515609
0.51377
0.519689
0.509728
0.508106
0.50708
0.517614
0.528796
0.52151
0.50669
0.608173
0.504407
0.51465
0.534671
0.517406
0.5177
0.523602
0.511732
0.513801
0.511085
0.509517
0.517644
0.588166
0.51129
0.52777
0.530218
0.527089
0.521651
0.605117
0.631913
0.510998
0.560373
0.506005
0.514394
0.512273
0.518688
0.595462
0.528022
0.513828
0.519014
0.528557
0.518727
0.507961
0.50912
0.510852
0.518483
0.513232
0.520683
0.553414
0.544457
0.528094
0.513197
0.515918
0.515686
0.518444
0.519273
0.53157
0.514715
0.524201
0.531448
0.532415
0.560493
0.51462
0.543461
0.515117
0.505614
0.514588
0.51045
0.538118
0.542207
0.513028
0.523565
0.508897
0.527759
0.543223
0.51725
0.52749
0.549929
0.4962
0.506446
0.499511
0.511896
0.516356
0.51232
0.517682
0.511237
0.515194
0.50521
0.522743
0.550049
0.514239
0.526244
0.504739
0.536847
0.531326
0.530742
0.507572
0.540346
0.516956
0.507546
0.512072
0.501864
0.503236
0.500372
0.499283
0.506099
0.499919
0.530082
0.533523
0.518609
0.512061
0.536006
0.535855
0.512987
0.560717
0.515327
0.515145
0.51575
0.50081
0.531235
0.496608
0.538885
0.512919
0.521173
0.530815
0.510392
0.513829
0.502795
0.521619
0.518628
0.512176
0.507584
0.519052
0.518592
0.513025
0.511542
0.509561
0.51002
0.506487
0.509913
0.507965
0.504285
0.517892
0.522689
0.51382
0.519424
0.515555
0.508314
0.507177
0.498351
0.521365
0.50711
0.590317
0.522705
0.517321
0.519998
0.504657
0.605875
0.587192
0.516552
0.516574
0.513514
0.5287
0.511955
0.561774
0.516653
0.525576
0.514241
0.533111
0.511456
0.51866
0.496583
0.513118
0.515169
0.508504
0.517436
0.512792
0.516297
0.512836
0.523106
0.643532
0.579353
0.572625
0.508579
0.523201
0.547378
0.506605
0.520723
0.501309
0.525429
0.53803
0.530816
0.524474
0.519647
0.513307
0.528246
0.503569
0.526235
0.531004
0.530374
0.523004
0.525606
0.508045
0.52499
0.583089
0.595557
0.517154
0.526334
0.548729
0.521276
0.534304
0.500255
0.615022
0.531693
0.590822
0.53562
0.514566
0.51364
0.521751
0.519089
0.56747
0.530517
0.52542
0.520143
0.578244
0.536583
0.552347
0.514042
0.513409
0.515862
0.512267
0.516821
0.516631
0.519989
0.506645
0.521616
0.506269
0.516847
0.531359
0.518801
0.514315
0.613729
0.524884
0.554788
0.512661
0.504613
0.518024
0.519847
0.555867
0.507739
0.617402
0.507882
0.499645
0.518179
0.51252
0.532421
0.506307
0.514122
0.519197
0.515552
0.516617
0.506288
0.546686
0.525596
0.514157
0.531426
0.656569
0.538733
0.53056
0.511216
0.506
0.508198
0.629089
0.508055
0.534068
0.503821
0.526588
0.506501
0.508791
0.541385
0.523834
0.525223
0.519381
0.532181
0.573282
0.524078
0.586116
0.517895
0.506025
0.520423
0.500739
0.51764
0.512059
0.5076
0.504885
0.500962
0.513886
0.528825
0.518533
0.514343
0.526599
0.497072
0.518703
0.511606
0.509632
0.497229
0.527422
0.517648
0.533495
0.506747
0.519562
0.52069
0.511908
0.513374
0.518412
0.506531
0.515186
0.511388
0.519761
0.523543
0.501611
0.516507
0.533853
0.539942
0.517185
0.506979
0.506951
0.520273
0.499946
0.515892
0.515676
0.519191
0.50114
0.514966
0.510824
0.517612
