0.536945
0.53321
0.531466
0.535078
0.531425
0.534385
0.535585
0.515238
0.514017
0.508592
0.501728
0.53245
0.515458
0.510004
0.516363
0.537015
0.511644
0.509854
0.592205
0.604896
0.600577
0.550438
0.54897
0.585778
0.517937
0.516035
0.516019
0.516384
0.516745
0.508519
0.528234
0.521283
0.52085
0.509686
0.516111
0.517179
0.527363
0.522078
0.528906
0.521523
0.518239
0.519919
0.509418
0.535685
0.581161
0.576303
0.50993
0.50358
0.503487
0.524854
0.521802
0.499225
0.520311
0.509236
0.555878
0.555101
0.546307
0.508484
0.502743
0.539604
0.515763
0.512203
0.509622
0.532925
0.506723
0.497572
0.502642
0.519816
0.516224
0.512174
0.516885
0.516517
0.507909
0.506242
0.52952
0.518061
0.525206
0.514144
0.597519
0.531731
0.540235
0.531469
0.511117
0.503596
0.506216
0.499996
0.505298
0.64217
0.633274
0.615705
0.520938
0.519026
0.503132
0.512169
0.51758
0.519006
0.497381
0.514965
0.514659
0.516122
0.550443
0.520871
0.51989
0.50546
0.50761
0.621953
0.511394
0.508428
0.503537
0.515831
0.514799
0.53527
0.530731
0.503171
0.517078
0.501131
0.502299
0.519374
0.526468
0.522679
0.523157
0.512703
0.50667
0.510222
0.512239
0.513679
0.508364
0.499245
0.502937
0.510058
0.51159
0.5111
0.528108
0.520617
0.528516
0.506626
0.528079
0.52593
0.505781
0.527998
0.524049
0.525021
0.568788
0.572433
0.565104
0.505315
0.502674
0.553796
0.567507
0.532412
0.529681
0.517381
0.517404
0.515459
0.506965
0.525379
0.533639
0.528892
0.516246
0.515092
0.511712
0.523716
0.52377
0.505914
0.530651
0.655198
0.650621
0.491664
0.494166
0.504311
0.502254
0.504688
0.498714
0.503083
0.523942
0.520979
0.516211
0.494662
0.53452
0.503078
0.544356
0.543841
0.538961
0.58216
0.568814
0.573533
0.528977
0.531643
0.537051
0.50475
0.539271
0.531339
0.606654
0.607052
0.639946
0.499083
0.511527
0.500025
0.506565
0.509033
0.617301
0.534841
0.5215
0.521662
0.526143
0.513182
0.513875
0.494618
0.494067
0.514647
0.515734
0.537081
0.504088
0.507084
0.526882
0.499561
0.508843
0.507017
0.543226
0.535953
0.512998
0.51821
0.511479
0.515457
0.51878
0.589206
0.565744
0.569903
0.52018
0.528785
0.524139
0.527807
0.584857
0.581864
0.529239
0.524096
0.541377
0.530931
0.526828
0.61614
0.629361
0.611432
0.508819
0.512611
0.530689
0.510784
0.528545
0.53006
0.531544
0.521053
0.512664
0.514738
0.513747
0.514347
0.50986
0.516867
0.496056
0.557528
0.565364
0.552925
0.553404
0.552792
0.521993
0.508437
0.51369
0.519924
0.530922
0.529689
0.53265
0.539814
0.53694
0.516125
0.515557
0.536017
0.550352
0.509492
0.514737
0.500084
0.507978
0.513079
0.498976
0.503781
0.495297
0.512342
0.511199
0.600393
0.610583
0.527822
0.533094
0.514557
0.513725
0.649149
0.635111
0.507439
0.515947
0.512033
0.505608
0.540879
0.50737
0.515226
0.52428
0.548115
0.517016
0.513719
0.508165
0.540499
0.507842
0.511955
0.633999
0.606993
0.519758
0.518646
0.505423
0.507136
0.535584
0.509775
0.512444
0.514361
0.517664
0.515601
0.515472
0.526863
0.522312
0.509409
0.532186
0.537124
0.515066
0.504787
0.524369
0.524109
0.494161
0.582404
0.514513
0.515326
0.515712
0.508802
0.510794
0.517488
0.51915
0.515677
0.515432
0.513175
0.531357
0.515071
0.515587
0.513682
0.521053
0.521691
0.528203
0.523158
0.524234
0.665129
0.510718
0.51434
0.562845
0.554489
0.574846
0.509859
0.514589
0.501218
0.524458
0.516289
0.514587
0.496923
0.540102
0.506137
0.497337
0.501723
0.513648
0.511124
0.511693
0.5112
0.508429
0.604568
0.578858
0.588151
0.526862
0.519369
0.520425
0.525296
0.535917
0.521123
0.520634
0.52621
0.513432
0.506445
0.507388
0.510794
0.514568
0.493503
0.499212
0.499702
0.513844
0.515653
0.502247
0.629151
0.511847
0.512983
0.540615
0.541243
0.535467
0.52526
0.515187
0.516068
0.514309
0.51655
0.655714
0.632844
0.576093
0.518042
0.525776
0.514662
0.519363
0.533303
0.525789
0.529813
0.528315
0.531868
0.521176
0.62811
0.513656
0.513613
0.512475
0.533111
0.526994
0.515829
0.515206
0.515007
0.620882
0.607254
0.504605
0.50687
0.502584
0.512306
0.511855
0.544603
0.586646
0.595644
0.615972
0.522302
0.521467
0.500437
0.542231
0.544298
0.51416
0.552171
0.541819
0.531042
0.53291
0.503943
0.508017
0.506817
0.500488
0.582613
0.559207
0.498182
0.502981
0.517447
0.515033
0.512979
0.516191
0.498827
0.496422
0.493491
0.501544
0.49977
0.525497
0.497235
0.520394
0.501576
0.531085
0.525442
0.528046
0.52027
0.513894
0.512105
0.496213
0.56018
0.580563
0.566533
0.506234
0.5096
0.510554
0.526989
0.523323
0.497832
0.502349
0.511354
0.515358
0.515191
0.523383
0.543893
0.53249
0.517556
0.521057
0.519511
0.499737
0.506352
0.508734
0.501984
0.514796
0.520784
0.515512
0.510866
0.513173
0.520861
0.517989
0.515046
0.533651
0.527072
0.49062
0.497212
0.502673
0.505036
0.511544
0.50917
0.510703
0.521413
0.52668
0.522059
0.54488
0.5177
0.512559
0.503184
0.514318
0.564048
0.532456
0.494236
0.501347
0.522907
0.495652
0.503575
0.506165
0.529745
0.499646
0.503354
0.556041
0.580695
0.514066
0.515281
0.529844
0.525487
0.543737
0.540747
0.511547
0.530059
0.52564
0.517817
0.52405
0.517897
0.515864
0.514294
0.519228
0.520012
0.533211
0.520387
0.512633
0.522377
0.528593
0.528722
0.530994
0.512798
0.538923
0.537799
0.524342
0.522451
0.522844
0.53057
0.526987
0.497146
0.500739
0.6554
0.609063
0.585576
0.553067
0.515421
0.49159
0.51979
0.531419
0.535354
0.50725
0.509043
0.498292
0.504971
0.508763
0.566423
0.499455
0.508887
0.505237
0.542917
0.503934
0.501159
0.539405
0.544991
0.519648
0.521641
0.524381
0.517127
0.56007
0.511201
0.511291
0.530746
0.531371
0.519681
0.642005
0.637809
0.655143
0.504906
0.522245
0.514294
0.515679
0.500649
0.522016
0.501078
0.506788
0.527615
0.523835
0.61651
0.513748
0.509639
0.516772
0.531442
0.519664
0.512708
0.513004
0.543093
0.539262
0.53923
0.529721
0.534907
0.526601
0.512797
0.517318
0.522267
0.515162
0.582214
0.507966
0.508509
0.526696
0.523364
0.521669
0.530107
0.494102
0.500613
0.500396
0.518767
0.520771
0.536168
0.525945
0.513624
0.513271
0.499233
0.505957
0.616395
0.49132
0.521584
0.497868
0.505715
0.524316
0.52996
0.505102
0.545807
0.537882
0.505253
0.510353
0.534454
0.508994
0.503503
0.517187
0.509474
0.524088
0.519101
0.508773
0.539054
0.534214
0.53795
0.533149
0.535828
0.541118
0.515557
0.527706
0.522945
0.526562
0.514648
0.524367
0.544032
0.494253
0.499352
0.512054
0.517163
0.513757
0.516653
0.513158
0.511859
0.513546
0.529311
0.528883
0.517461
0.517024
0.518754
0.526896
0.513881
0.514953
0.526876
0.512309
0.500794
0.511033
0.510485
0.514906
0.54153
0.505983
0.499835
0.517148
0.515686
0.498466
0.494276
0.494324
0.500936
0.518315
0.51934
0.517004
0.508095
0.511981
0.516335
0.510852
0.514416
0.510816
0.51122
0.496013
0.530215
0.529565
0.493783
0.511114
0.509721
0.547574
0.539114
0.518233
0.520806
0.527728
0.510293
0.539094
0.524623
0.524725
0.525513
0.518459
0.524759
0.523176
0.522453
0.505213
0.514902
0.511796
0.507779
0.514867
0.520007
0.522285
0.648213
0.524115
0.512028
0.544648
0.548386
0.548402
0.521619
0.517776
0.546032
0.53775
0.51655
0.516766
0.516257
0.500187
0.51566
0.518215
0.546089
0.512085
0.512311
0.615821
0.597609
0.515582
0.598394
0.592224
0.509461
0.516195
0.514602
0.505888
0.505829
0.501233
0.500209
0.511973
0.514869
0.516176
0.517351
0.503952
0.514025
0.514289
0.512802
0.522725
0.496059
0.586681
0.591676
0.51531
0.51238
0.512267
0.612678
0.59189
0.507347
0.517211
0.505454
0.534701
0.527016
0.528383
0.524442
0.521778
0.512081
0.517272
0.515548
0.5088
0.508524
0.521094
0.525241
0.524347
0.611304
0.573433
0.558432
0.498025
0.515216
0.509562
0.511046
0.51816
0.521105
0.520898
0.493526
0.501809
0.554003
0.515469
0.495157
0.496371
0.501278
0.505168
0.508882
0.509758
0.510389
0.500885
0.518652
0.51485
0.495384
0.542176
0.533073
0.535323
0.517824
0.541036
0.561537
0.536431
0.520671
0.515302
0.519675
0.495303
0.501811
0.506192
0.530742
0.51079
0.512106
0.499607
0.494712
0.500117
0.512986
0.492229
0.594726
0.508227
0.539286
0.536356
0.498961
0.515448
0.511443
0.530257
0.587909
0.513661
0.520148
0.535426
0.526562
0.519838
0.515142
0.51773
0.50984
0.513109
0.514625
0.521829
0.50796
0.491259
0.530633
0.543498
0.508384
0.64802
0.643834
0.509127
0.510882
0.516792
0.514476
0.601128
0.52203
0.498202
0.599433
0.522162
0.522602
0.522629
0.528223
0.513781
0.514593
0.517935
0.523374
0.556502
0.514895
0.525677
0.513091
0.520232
0.494206
0.50186
0.514747
0.54073
0.507161
0.534274
0.529687
0.538746
0.51824
0.524508
0.530808
0.515157
0.516882
0.5242
0.522395
0.549938
0.544684
0.513027
0.523433
0.499303
0.498405
0.52257
0.518771
0.513447
0.524226
0.508644
0.503854
0.518073
0.525175
0.520022
0.523955
0.519959
0.51922
0.499803
0.508347
0.506395
0.528293
0.523619
0.522489
0.534511
0.537706
0.503009
0.498634
0.506782
0.531586
0.517626
0.538098
0.536239
0.513991
0.529486
0.518659
0.495861
0.517219
0.51577
0.510385
0.514154
0.516689
0.528007
0.537821
0.523733
0.519114
0.510788
0.518197
0.523887
0.523041
0.506799
0.509514
0.545356
0.538645
0.660646
0.490499
0.493064
0.489343
0.495271
0.513419
0.515475
0.492231
0.499241
0.495097
0.499236
0.649687
0.643541
0.540706
0.540197
0.559969
0.553351
0.491726
0.538835
0.499465
0.508273
0.531481
0.550582
0.525553
0.531271
0.531058
0.619143
0.523883
0.504985
0.532243
0.518343
0.522522
0.49711
0.509485
0.511438
0.506519
0.514536
0.514463
0.530399
0.524603
0.513136
0.526016
0.533291
0.528108
0.532903
0.509319
0.517327
0.527191
0.669395
0.514571
0.525464
0.569392
0.509362
0.534066
0.540269
0.51473
0.529332
0.527853
0.511076
0.542029
0.536248
0.520317
0.517613
0.503013
0.503183
0.561574
0.517665
0.515842
0.501411
0.492104
0.505403
0.520722
0.522002
0.521741
0.510623
0.529182
0.51672
0.503737
0.505979
0.526685
0.515913
0.507525
0.520202
0.519928
0.517186
0.508799
0.552785
0.496663
0.498464
0.51403
0.536546
0.513338
0.511333
0.507894
0.510831
0.578679
0.50285
0.495347
0.521998
0.535084
0.514469
0.490675
0.530809
0.529245
0.511597
0.529818
0.516067
0.513271
0.514289
0.526771
0.524879
0.605616
0.523628
0.502706
0.533523
0.527577
0.520646
0.526367
0.542457
0.538237
0.507048
0.499249
0.525222
0.52548
0.528094
0.527725
0.518696
0.534664
0.53763
0.522819
0.542879
0.51647
0.516058
0.5377
0.525643
0.512272
0.510425
0.512407
0.510882
0.606824
0.499569
0.489756
0.524679
0.520422
0.542171
0.499638
0.518646
0.638113
0.526653
0.543191
0.544799
0.507936
0.516947
0.501866
0.517581
0.524043
0.521488
0.523264
0.535859
0.499934
0.525791
0.521026
0.529129
0.601246
0.55096
0.531071
0.518216
0.59886
0.524937
0.599691
0.51627
0.517153
0.530195
0.529697
0.508955
0.522824
0.516298
0.516541
0.499583
0.503573
0.555448
0.503234
0.508103
0.505814
0.526934
0.50796
0.510631
0.527293
0.526959
0.538663
0.534382
0.49723
0.546664
0.516006
0.512025
0.515817
0.524732
0.496985
0.536596
0.548155
0.498262
0.508416
0.503837
0.542426
0.542063
0.530937
0.523294
0.503857
0.524478
0.53012
0.526186
0.513095
0.51861
0.574022
0.517004
0.495076
0.493102
0.495921
0.501739
0.518062
0.496023
0.50044
0.512203
0.494064
0.511782
0.513703
0.494055
0.496717
0.526984
0.502747
0.509772
0.508717
0.518952
0.492193
0.525317
0.526029
0.511325
0.530619
0.505181
0.499804
0.524609
0.538435
0.506896
0.505226
0.559835
0.532031
0.525613
0.524791
0.515454
0.515052
0.540989
0.545746
0.534053
0.529586
0.50655
0.495699
0.517927
0.516489
0.528968
0.532758
0.4954
0.508974
0.533282
0.605519
0.612765
0.503545
0.516985
0.514163
0.624693
0.621882
0.531811
0.511326
0.517097
0.516227
0.515109
0.526373
0.514304
0.517434
0.493141
0.513188
0.547984
0.672601
0.56873
0.498115
0.529481
0.520713
0.531422
0.536046
0.543255
0.511533
0.523151
0.533253
0.545645
0.528765
0.529305
0.531695
0.515387
0.513469
0.589252
0.593468
0.513214
0.543522
0.533881
0.532926
0.539861
0.528463
0.608879
0.621505
0.510323
0.517311
0.509835
0.628405
0.53859
0.505909
0.502731
0.517834
0.524042
0.525006
0.512604
0.518491
0.51211
0.543863
0.570861
0.505405
0.510455
0.5166
0.502606
0.531273
0.533098
0.532247
0.530384
0.544905
0.514876
0.512935
0.515378
0.501748
0.537118
0.527045
0.550871
0.53145
0.49677
0.521085
0.532632
0.529745
0.526509
0.506071
0.587849
0.573498
0.514907
0.587856
0.529445
0.517953
0.530364
0.52141
0.489274
0.533205
0.512294
0.510951
0.516792
0.513075
0.513775
0.529937
0.514628
0.529885
0.550487
0.512175
0.524819
0.519913
0.493762
0.525631
0.540744
0.508653
0.498994
0.52862
0.523259
0.523908
0.544966
0.540105
0.495355
0.491324
0.504639
0.53688
0.494525
0.510801
0.530858
0.53443
0.51231
0.615098
0.51037
0.558073
0.552504
0.510574
0.529211
0.518401
0.499571
0.516904
0.495213
0.508615
0.499896
0.522381
0.536602
0.496681
0.500461
0.514723
0.584391
0.511986
0.514581
0.534029
0.494072
0.516969
0.517847
0.525976
0.54495
0.512042
0.529895
0.534539
0.546478
0.543503
0.573804
0.527935
0.561397
0.548538
0.523033
0.572704
0.529087
0.610334
0.495723
0.507485
0.501777
0.522861
0.512257
0.493473
0.535751
0.511103
0.529574
0.501644
0.513135
0.510583
0.496765
0.493925
0.58504
0.509093
0.546704
0.530741
0.533238
0.504237
0.514166
0.498549
0.514778
0.551649
0.542697
0.526222
0.555927
0.548892
0.526386
0.545976
0.531248
0.505922
0.542446
0.515489
0.514144
0.583838
0.586751
0.528955
0.502854
0.495173
0.53568
0.534124
0.526743
0.541678
0.535262
0.617077
0.516277
0.506516
0.523664
0.493757
0.544297
0.535936
0.534053
0.495481
0.541732
0.508861
0.513797
0.495311
0.546378
0.535638
0.542708
0.495524
0.533786
0.545561
0.523609
0.49971
0.51299
0.529608
0.50571
0.519095
0.509331
0.515886
0.498371
0.520063
0.527134
0.530116
0.62512
0.585019
0.508164
0.516674
0.546673
0.533973
0.517848
0.52422
0.544463
0.527805
0.527495
0.536606
0.50479
0.508192
0.530334
0.513049
0.595813
0.492144
0.494831
0.513357
0.515149
0.530665
0.526891
0.500021
0.533557
0.49273
0.530005
0.495341
0.645759
0.50011
0.494357
0.499421
0.515106
0.626741
0.529727
0.533794
0.516836
0.54193
0.623429
0.496012
0.551246
0.643571
0.541458
0.539535
0.583621
0.514684
0.642029
0.50992
0.514526
0.493382
0.570347
0.547561
0.521293
0.49514
0.53541
0.512151
0.514879
0.513905
0.516317
0.515082
0.511689
0.510998
0.506792
0.512909
0.55328
0.510219
0.5132
0.513994
0.5198
0.527751
0.524635
0.515387
0.537233
0.575044
0.535013
0.503838
0.514877
0.52709
0.5423
0.514945
0.518214
0.517126
0.533654
0.512321
0.519778
0.512704
0.536802
0.511226
0.543236
0.511397
0.513095
0.515926
0.515392
0.512848
0.510946
0.532921
0.516346
0.513855
0.512712
0.515138
0.5272
0.594098
0.520384
0.512621
0.5271
0.519965
0.52351
0.512568
0.508188
0.553379
0.516828
0.586041
0.540641
0.522154
0.51724
0.517147
0.512856
0.519647
0.513741
0.525759
0.622667
0.515189
0.583751
0.505008
0.608707
0.526253
0.516154
0.516558
0.530817
0.511543
0.519229
0.52436
0.525836
0.532012
0.495068
0.527532
0.524236
0.517241
0.517366
0.540468
0.513177
0.514968
0.592145
0.512046
0.502108
0.512428
0.513936
0.513514
0.515737
0.515616
0.514861
0.512728
0.52236
0.537405
0.525745
0.599245
0.593869
0.517975
0.536629
0.513838
0.517593
0.526392
0.519851
0.512938
0.514135
0.514178
0.519301
0.517683
0.513573
0.516567
0.567994
0.525456
0.528399
0.526894
0.512431
0.519019
0.517563
0.516414
0.512627
0.515075
0.51554
0.514762
0.513596
0.513764
0.514225
0.53266
0.515078
0.521327
0.584755
0.536018
0.55794
0.515954
0.514155
0.637326
0.506649
0.517766
0.511295
0.504468
0.523977
0.528551
0.517353
0.513843
0.512761
0.583914
0.619324
0.514698
0.516729
0.515363
0.537441
0.516252
0.50271
0.526266
0.518493
0.532347
0.511229
0.533928
0.521415
0.515323
0.495691
0.529792
0.523579
0.516232
0.522841
0.514629
0.516765
0.506841
0.507451
0.512253
0.515505
0.506048
0.524822
0.515157
0.50815
0.52602
0.523964
0.507939
0.50342
0.532014
0.540412
0.529723
0.517606
0.516761
0.539161
0.507424
0.551119
0.525155
0.520089
0.684645
0.695801
0.519465
0.587483
0.556229
0.509402
0.529819
0.517206
0.505712
0.584104
0.517835
0.507758
0.518671
0.517868
0.51561
0.514788
0.521808
0.535239
0.516099
0.522219
0.527158
0.511815
0.514991
0.516415
0.524881
0.50639
0.512677
0.521793
0.543797
0.545844
0.52258
0.514827
0.52316
0.521152
0.521494
0.525201
0.530703
0.525184
0.533376
0.504294
0.523584
0.533666
0.521912
0.609281
0.509692
0.513365
0.51254
0.506159
0.521876
0.507613
0.513931
0.523228
0.510294
0.505708
0.514678
0.520443
0.50876
0.591583
0.509143
0.512007
0.518439
0.612394
0.579695
0.515206
0.538086
0.516951
0.493908
0.511184
0.512435
0.606758
0.52597
0.526092
0.524387
0.611695
0.516689
0.515359
0.516847
0.606213
0.52617
0.528395
0.523187
0.519683
0.536201
0.505091
0.512411
0.514332
0.511152
0.496483
0.524074
0.514833
0.516949
0.556627
0.516581
0.519772
0.533395
0.528905
0.527158
0.51856
0.51747
0.521402
0.532205
0.532302
0.524103
0.516966
0.51244
0.532039
0.532367
0.551117
0.558605
0.520452
0.515863
0.527648
0.522372
0.508143
0.515951
0.510062
0.537346
0.517078
0.511377
0.540461
0.543047
0.523861
0.529224
0.518284
0.50883
0.514133
0.512354
0.510926
0.521225
0.529512
0.513212
0.504634
0.531915
0.532852
0.500749
0.505744
0.509977
0.531102
0.520811
0.506141
0.488587
0.534051
0.510466
0.529579
0.511936
0.506701
0.498192
0.577056
0.516931
0.621858
0.520183
0.498693
0.541285
0.51229
0.537746
0.531549
0.50946
0.512397
0.52364
0.531261
0.518902
0.517513
0.573484
0.547418
0.526066
0.543577
0.507997
0.513247
0.532706
0.522716
0.516282
0.523981
0.533948
0.506143
0.569694
0.509798
0.524388
0.520459
0.515722
0.518422
0.537132
0.512954
0.519231
0.545755
0.511265
0.538189
0.521291
0.511438
0.510854
0.497658
0.557913
0.508052
0.507616
0.51415
0.546534
0.520233
0.576098
0.509009
0.546214
0.495335
0.51506
0.600337
0.507733
0.518852
0.523993
0.51347
0.52641
0.537466
0.512607
0.52627
0.620189
0.576853
0.510118
0.509918
0.516513
0.518264
0.514815
0.572507
0.557531
0.52172
0.531607
0.523093
0.510185
0.579265
0.51734
0.571855
0.521967
0.507332
0.531469
0.51402
0.512675
0.529243
0.542186
0.530473
0.517867
0.52552
0.51686
0.518492
0.514865
0.513552
0.549714
0.510595
0.501527
0.539163
0.610883
0.514607
0.53744
0.521589
0.518832
0.514531
0.520537
0.525681
0.512101
0.513293
0.50374
0.513921
0.677144
0.509987
0.624517
0.56679
0.507149
0.524205
0.523643
0.545417
0.510925
0.504787
0.536387
0.50793
0.511136
0.520664
0.533042
0.616809
0.516424
0.55889
0.531504
0.654698
0.51343
0.514885
0.514951
0.529929
0.529403
0.529985
0.496812
0.520617
0.516071
0.507
0.523149
0.578272
0.525455
0.547104
0.536577
0.53791
0.537862
0.51154
0.513218
0.510424
0.521426
0.506563
0.513949
0.51621
0.539607
0.538868
0.501462
0.512484
0.499437
0.509606
0.528475
0.534509
0.509525
0.557334
0.554554
0.528089
0.547506
0.511014
0.595823
0.514662
0.523584
0.513143
0.507624
0.547787
0.524048
0.636336
0.513867
0.517439
0.524571
0.534967
0.509934
0.509768
0.516737
0.511827
0.522662
0.527364
0.534212
0.525488
0.517826
0.510981
0.516497
0.515102
0.513467
0.506107
0.510772
0.516419
0.542676
0.537097
0.525569
0.514378
0.50479
0.536316
0.534018
0.525772
0.524654
0.516609
0.587781
0.519051
0.511909
0.516704
0.511213
0.522322
0.526156
0.585577
0.514048
0.519887
0.504025
0.519922
0.609735
0.519165
0.514855
