0.518102
0.51047
0.525841
0.535462
0.533672
0.524842
0.526869
0.527187
0.527354
0.529153
0.509111
0.514188
0.509375
0.507563
0.503424
0.504835
0.533546
0.511441
0.509571
0.536111
0.537434
0.534025
0.509709
0.616866
0.592179
0.541581
0.516942
0.511255
0.517726
0.508409
0.508338
0.514196
0.518045
0.519707
0.518161
0.510189
0.507431
0.515659
0.515977
0.515981
0.507712
0.508621
0.536096
0.541117
0.539542
0.539377
0.581839
0.585021
0.512367
0.504887
0.523389
0.518839
0.510666
0.512412
0.55944
0.507065
0.515204
0.519931
0.51744
0.539901
0.518582
0.513799
0.513735
0.508163
0.530529
0.53137
0.507192
0.510914
0.496574
0.518115
0.51339
0.51831
0.513939
0.511939
0.523977
0.531939
0.523258
0.517428
0.51437
0.512441
0.514585
0.532299
0.510865
0.50867
0.509312
0.508724
0.503051
0.609295
0.617374
0.59414
0.526961
0.531974
0.52555
0.508696
0.514368
0.508426
0.502908
0.505565
0.49924
0.50597
0.516498
0.515022
0.497334
0.506337
0.547068
0.511509
0.51694
0.505839
0.509863
0.504709
0.517593
0.520492
0.508541
0.542328
0.535639
0.50949
0.501689
0.504007
0.548757
0.549643
0.507368
0.502306
0.522962
0.521649
0.52306
0.513201
0.50646
0.52811
0.498594
0.501795
0.506315
0.519761
0.51768
0.525621
0.520381
0.524828
0.512013
0.51128
0.503583
0.507859
0.506452
0.535311
0.538231
0.546842
0.548539
0.561026
0.503281
0.498654
0.531394
0.51219
0.515561
0.515386
0.50598
0.530705
0.518403
0.530846
0.513163
0.511656
0.49919
0.522677
0.523443
0.526082
0.498276
0.531666
0.505635
0.500177
0.505477
0.51884
0.521556
0.495908
0.502646
0.49886
0.539074
0.592004
0.565893
0.573065
0.532453
0.539643
0.504837
0.544957
0.535487
0.51223
0.530157
0.595239
0.634244
0.634246
0.634041
0.496684
0.509936
0.510266
0.601522
0.617539
0.524653
0.520709
0.527838
0.530018
0.532495
0.517611
0.516141
0.517313
0.534782
0.507824
0.55004
0.496008
0.509874
0.505121
0.505421
0.532615
0.539947
0.513558
0.518086
0.513443
0.517994
0.594941
0.579673
0.570328
0.517396
0.524329
0.59586
0.591046
0.541442
0.535358
0.511696
0.522426
0.522415
0.541385
0.535952
0.51879
0.518914
0.522074
0.598397
0.513967
0.515167
0.506692
0.511621
0.520498
0.51856
0.516347
0.52956
0.509094
0.524882
0.521898
0.510629
0.512061
0.511283
0.528403
0.552554
0.559026
0.563412
0.561448
0.510187
0.518174
0.507358
0.5088
0.522736
0.534526
0.530853
0.531271
0.540986
0.536281
0.505095
0.510746
0.514234
0.493806
0.507621
0.500545
0.517167
0.545447
0.499582
0.505251
0.494011
0.494914
0.502398
0.511137
0.609097
0.597973
0.527852
0.52873
0.512246
0.510352
0.510253
0.511806
0.51237
0.510494
0.50945
0.550831
0.555952
0.552626
0.49865
0.514715
0.513811
0.517232
0.509073
0.5083
0.539517
0.521908
0.518431
0.613826
0.62016
0.586859
0.619706
0.494935
0.526149
0.521519
0.533682
0.539224
0.531051
0.511842
0.511142
0.512629
0.514509
0.538158
0.535858
0.507965
0.53336
0.538369
0.538604
0.508171
0.527745
0.521535
0.499566
0.495072
0.578428
0.593918
0.527628
0.525308
0.512187
0.513057
0.512778
0.507391
0.509241
0.508673
0.516037
0.515927
0.512297
0.512486
0.530752
0.523158
0.522606
0.514017
0.515841
0.511643
0.536481
0.521652
0.526251
0.523213
0.521161
0.586308
0.552746
0.564235
0.565034
0.508322
0.633835
0.663793
0.525406
0.50456
0.516582
0.514538
0.51639
0.500938
0.53345
0.493485
0.512157
0.510477
0.509148
0.506685
0.57931
0.533123
0.526851
0.528951
0.528068
0.640135
0.540677
0.505892
0.529353
0.49625
0.538553
0.519701
0.515716
0.522472
0.50651
0.517812
0.510474
0.499812
0.534439
0.515685
0.516432
0.511413
0.539546
0.538567
0.546936
0.647412
0.509184
0.512455
0.516123
0.527099
0.522892
0.555906
0.568223
0.568155
0.513247
0.517479
0.510518
0.526365
0.562354
0.526258
0.518197
0.515086
0.616728
0.513735
0.51186
0.54186
0.535198
0.528637
0.540663
0.512669
0.511053
0.659679
0.640971
0.503333
0.508309
0.513475
0.546536
0.573209
0.511533
0.512356
0.532261
0.528759
0.605145
0.591853
0.50111
0.515927
0.506428
0.542804
0.538757
0.531723
0.529436
0.527208
0.532817
0.533592
0.504546
0.505918
0.501196
0.561272
0.498683
0.502671
0.492235
0.496036
0.498909
0.501456
0.500091
0.501171
0.503974
0.524183
0.520359
0.517503
0.522176
0.526644
0.519751
0.519848
0.528617
0.491474
0.496128
0.501431
0.518034
0.511416
0.53491
0.571953
0.502334
0.582219
0.512146
0.521137
0.525281
0.632948
0.509841
0.508598
0.522124
0.517114
0.528905
0.542993
0.516091
0.527528
0.528958
0.531048
0.51794
0.521137
0.499763
0.500161
0.504015
0.521733
0.622738
0.521526
0.558365
0.533842
0.528662
0.498852
0.542158
0.519854
0.525332
0.520543
0.524567
0.543396
0.518981
0.520422
0.524562
0.515068
0.50384
0.656539
0.649591
0.651281
0.517192
0.513912
0.515134
0.523958
0.514534
0.539135
0.509687
0.530461
0.493561
0.501871
0.522625
0.534995
0.499825
0.506837
0.513357
0.512973
0.541494
0.536185
0.508712
0.502875
0.559723
0.574474
0.510434
0.547103
0.543078
0.544897
0.531162
0.509249
0.512572
0.519021
0.526192
0.51941
0.527854
0.518964
0.513442
0.511136
0.520993
0.521643
0.513357
0.509248
0.524651
0.525373
0.542629
0.537969
0.513125
0.512132
0.566916
0.517185
0.531019
0.538618
0.533084
0.499885
0.533779
0.49498
0.493706
0.492053
0.623155
0.644639
0.494968
0.499466
0.515536
0.527942
0.53134
0.508327
0.498832
0.50729
0.510291
0.511356
0.554133
0.511075
0.526414
0.503946
0.499745
0.53706
0.54475
0.626255
0.632328
0.519648
0.520991
0.531549
0.514144
0.514618
0.515754
0.5062
0.525541
0.52344
0.509045
0.50847
0.507801
0.51049
0.517421
0.512234
0.507066
0.508554
0.510329
0.556079
0.558356
0.513356
0.527993
0.511438
0.518473
0.531919
0.532045
0.518748
0.519628
0.521626
0.520152
0.596186
0.582323
0.588937
0.523097
0.514484
0.507298
0.501521
0.732062
0.522952
0.524324
0.518118
0.522428
0.571525
0.534682
0.518519
0.513192
0.51586
0.5116
0.509532
0.537921
0.53332
0.530905
0.515618
0.509558
0.513301
0.496308
0.510625
0.521225
0.531163
0.501079
0.525977
0.51912
0.517524
0.518049
0.604068
0.589407
0.540472
0.510489
0.511557
0.500521
0.506619
0.599047
0.49081
0.500277
0.498229
0.506163
0.526893
0.537255
0.504832
0.545059
0.540708
0.534219
0.538019
0.510941
0.509761
0.526364
0.507772
0.513515
0.522672
0.518163
0.531382
0.53836
0.511158
0.522363
0.525624
0.544087
0.494597
0.500496
0.511642
0.517187
0.513511
0.513066
0.513123
0.522908
0.520565
0.52904
0.528451
0.515922
0.526524
0.530055
0.529412
0.510192
0.514506
0.502908
0.49791
0.506267
0.506904
0.507424
0.50819
0.516919
0.494474
0.509293
0.502924
0.495464
0.517318
0.532558
0.509577
0.510227
0.516931
0.517736
0.512299
0.513808
0.509012
0.515186
0.515535
0.515127
0.501059
0.512164
0.51063
0.517238
0.523303
0.528005
0.508894
0.504008
0.492579
0.511022
0.523277
0.522605
0.52229
0.516222
0.503949
0.571349
0.502428
0.504384
0.533688
0.517776
0.518266
0.581684
0.51277
0.514927
0.601784
0.511508
0.51494
0.540189
0.538771
0.524282
0.498191
0.498552
0.512886
0.516517
0.512577
0.54474
0.515606
0.526972
0.506416
0.500422
0.501854
0.512148
0.519774
0.517409
0.521903
0.517446
0.51809
0.584934
0.511453
0.580911
0.511996
0.518625
0.507096
0.533847
0.534774
0.591804
0.652999
0.516593
0.521373
0.514801
0.513213
0.508969
0.524269
0.518819
0.524525
0.515899
0.583934
0.566351
0.513983
0.502384
0.562122
0.50859
0.494114
0.504864
0.529105
0.511093
0.510581
0.519195
0.500874
0.537585
0.529076
0.533855
0.515335
0.518702
0.529736
0.535475
0.529448
0.562989
0.533013
0.521534
0.518523
0.49221
0.498866
0.489704
0.597432
0.506511
0.531522
0.501658
0.511583
0.594075
0.519751
0.520185
0.528057
0.528003
0.515801
0.519712
0.512521
0.513335
0.522631
0.523867
0.50647
0.508128
0.489721
0.493743
0.539368
0.522614
0.508168
0.50869
0.513908
0.529212
0.51988
0.59356
0.50777
0.508752
0.528895
0.515001
0.63972
0.521029
0.525547
0.523634
0.523894
0.529348
0.520317
0.515331
0.527776
0.522244
0.549255
0.552996
0.516709
0.493588
0.543463
0.498172
0.513779
0.542926
0.538101
0.505336
0.519759
0.544341
0.530501
0.537301
0.521203
0.525668
0.51628
0.521923
0.518407
0.524245
0.542903
0.492579
0.508993
0.496821
0.496743
0.497273
0.523672
0.519694
0.51407
0.521908
0.524957
0.506711
0.514192
0.52073
0.521548
0.520042
0.532635
0.502397
0.511872
0.504865
0.53032
0.527285
0.520804
0.532814
0.532948
0.535825
0.503074
0.53875
0.508036
0.509283
0.531637
0.540331
0.498157
0.511862
0.518958
0.496105
0.511029
0.506174
0.536156
0.51924
0.522125
0.518465
0.497907
0.504596
0.519114
0.523722
0.521326
0.508658
0.51152
0.580988
0.58102
0.581779
0.588624
0.598098
0.501728
0.499474
0.51361
0.508676
0.494775
0.504495
0.536033
0.534051
0.55945
0.556921
0.547891
0.555589
0.496087
0.521051
0.525019
0.518709
0.524367
0.510036
0.53683
0.526936
0.518491
0.525464
0.528213
0.528887
0.524266
0.57949
0.506647
0.507497
0.50413
0.512825
0.514754
0.611528
0.511392
0.515497
0.544852
0.521719
0.514084
0.513914
0.501351
0.527092
0.533239
0.529642
0.516791
0.53084
0.508386
0.525959
0.613892
0.603481
0.528835
0.564749
0.598576
0.510627
0.52531
0.533759
0.708582
0.650741
0.542774
0.511149
0.510776
0.525442
0.523253
0.510135
0.50699
0.495892
0.543344
0.515849
0.503922
0.509513
0.506833
0.562646
0.51829
0.504932
0.512026
0.516641
0.493316
0.499245
0.534982
0.521223
0.522009
0.522377
0.529348
0.516365
0.506759
0.502714
0.509605
0.525326
0.514983
0.505896
0.503997
0.513381
0.515731
0.505391
0.55439
0.494656
0.512664
0.512359
0.537033
0.507676
0.51473
0.516216
0.49777
0.539751
0.538117
0.533117
0.515596
0.626647
0.531256
0.529124
0.517461
0.51421
0.514498
0.521676
0.529918
0.725371
0.498194
0.521627
0.495227
0.52607
0.526177
0.515639
0.532422
0.539478
0.507125
0.500477
0.530775
0.52927
0.519982
0.520915
0.526181
0.502233
0.50639
0.518173
0.523053
0.522714
0.54391
0.532324
0.516725
0.515455
0.536882
0.511339
0.510691
0.510303
0.639029
0.54054
0.538526
0.519928
0.499896
0.505378
0.522885
0.500591
0.571279
0.510254
0.527998
0.523793
0.521856
0.538706
0.541472
0.535477
0.502985
0.510881
0.504243
0.502173
0.508349
0.519788
0.49508
0.517232
0.508389
0.50022
0.530129
0.521381
0.514132
0.512634
0.509042
0.502113
0.52657
0.550314
0.527365
0.509347
0.519237
0.522543
0.533574
0.520898
0.51265
0.512144
0.593751
0.595324
0.531803
0.502161
0.519722
0.522283
0.581664
0.495165
0.489834
0.490521
0.501426
0.500515
0.506076
0.499837
0.514312
0.513352
0.52233
0.534137
0.538925
0.53519
0.530423
0.551107
0.486266
0.497166
0.509966
0.500097
0.490995
0.512701
0.538576
0.540781
0.537349
0.523943
0.496259
0.517998
0.52848
0.527319
0.528811
0.517208
0.516877
0.499121
0.514218
0.492323
0.494727
0.504238
0.511118
0.506737
0.513997
0.512753
0.494683
0.504758
0.50946
0.502548
0.505698
0.517794
0.519615
0.543483
0.499614
0.504496
0.489259
0.521
0.567336
0.496049
0.521348
0.502957
0.51421
0.504626
0.501414
0.569316
0.493075
0.511056
0.521642
0.535101
0.545174
0.545071
0.531279
0.530515
0.518652
0.498352
0.537437
0.508495
0.50054
0.525964
0.50587
0.520779
0.532746
0.669545
0.63855
0.512785
0.517593
0.503923
0.500195
0.557496
0.514884
0.595214
0.528408
0.531865
0.497628
0.51632
0.506879
0.511412
0.511672
0.509749
0.645256
0.51356
0.491835
0.514824
0.492933
0.500784
0.573963
0.522017
0.560137
0.516103
0.493495
0.497347
0.527439
0.53135
0.554841
0.547764
0.522801
0.52111
0.526043
0.531604
0.513818
0.51324
0.509618
0.512114
0.577894
0.531399
0.527726
0.596089
0.510673
0.508042
0.507074
0.51369
0.508099
0.504003
0.49689
0.517787
0.526345
0.541193
0.515046
0.512157
0.51075
0.509376
0.518781
0.517259
0.530566
0.500864
0.525658
0.530967
0.540129
0.545616
0.509539
0.529277
0.526477
0.547229
0.531884
0.528952
0.507925
0.523636
0.527441
0.530008
0.549072
0.511307
0.520238
0.50074
0.514553
0.513067
0.524772
0.508586
0.509609
0.514796
0.51445
0.574555
0.530734
0.51185
0.522174
0.576657
0.51563
0.508381
0.512761
0.529084
0.511175
0.546489
0.51918
0.495848
0.494608
0.496435
0.50497
0.496111
0.524367
0.526332
0.521991
0.609035
0.52443
0.541918
0.529959
0.535645
0.526099
0.532431
0.492045
0.609832
0.511158
0.579884
0.529036
0.500691
0.668774
0.533992
0.558396
0.51105
0.528525
0.516816
0.529257
0.526613
0.506033
0.494263
0.498199
0.53878
0.534576
0.537524
0.495584
0.50062
0.538186
0.521418
0.506938
0.521539
0.575326
0.51046
0.512573
0.514267
0.533063
0.491648
0.520538
0.524996
0.526562
0.516071
0.507018
0.526675
0.511524
0.51245
0.528767
0.558678
0.546286
0.50641
0.526466
0.602629
0.519299
0.547666
0.56412
0.534297
0.640393
0.49798
0.54384
0.520088
0.527206
0.508057
0.543667
0.629744
0.520961
0.51327
0.493753
0.535698
0.509134
0.499115
0.495261
0.517066
0.508131
0.506275
0.496874
0.497847
0.600799
0.582347
0.530863
0.508559
0.547782
0.513392
0.509863
0.513316
0.538409
0.533698
0.498262
0.517291
0.60576
0.52724
0.551548
0.516163
0.52569
0.538454
0.623399
0.515595
0.528132
0.518234
0.528091
0.509694
0.520702
0.501177
0.500027
0.546552
0.538604
0.538664
0.635526
0.652013
0.516052
0.499319
0.531201
0.493703
0.607282
0.51642
0.636634
0.505097
0.499676
0.496295
0.512493
0.535795
0.507868
0.526431
0.535293
0.51073
0.5105
0.508914
0.505093
0.540809
0.51421
0.502854
0.536289
0.519113
0.494878
0.534103
0.517434
0.526435
0.524184
0.534226
0.508082
0.547675
0.507805
0.508067
0.511843
0.498241
0.533782
0.492517
0.531932
0.554202
0.527485
0.530426
0.587347
0.542858
0.50773
0.571711
0.497405
0.504101
0.529569
0.516899
0.543681
0.524665
0.613453
0.536695
0.529848
0.544113
0.528002
0.524984
0.494406
0.529197
0.518053
0.492465
0.514144
0.503854
0.512515
0.517508
0.519543
0.529115
0.512191
0.504291
0.499493
0.533596
0.535764
0.529027
0.502174
0.49815
0.515823
0.535238
0.537043
0.516084
0.604046
0.495981
0.548389
0.579685
0.594166
0.513825
0.625109
0.527384
0.52487
0.56326
0.513166
0.51086
0.492937
0.582696
0.54556
0.497816
0.51442
0.520987
0.508627
0.513483
0.618945
0.514668
0.507174
0.514575
0.513884
0.515007
0.513733
0.512962
0.524986
0.511709
0.526403
0.507384
0.525774
0.532947
0.513893
0.523842
0.511506
0.543002
0.531159
0.509302
0.517129
0.517097
0.521114
0.508661
0.513563
0.515421
0.510098
0.528852
0.526085
0.513522
0.507919
0.51541
0.519023
0.554621
0.632866
0.533906
0.511416
0.509135
0.576886
0.513021
0.512331
0.514453
0.519685
0.511375
0.523175
0.528834
0.522734
0.504985
0.600827
0.513291
0.528064
0.509431
0.512984
0.517347
0.55356
0.54491
0.5252
0.517185
0.510055
0.511501
0.523548
0.521019
0.513621
0.510764
0.537458
0.53287
0.5154
0.510652
0.513722
0.523688
0.584185
0.512964
0.509374
0.601285
0.52271
0.512244
0.52708
0.527435
0.522628
0.514716
0.513314
0.514485
0.518005
0.511242
0.511582
0.511946
0.506968
0.504056
0.522269
0.519344
0.516399
0.523392
0.541107
0.514008
0.512191
0.53789
0.515748
0.531205
0.516957
0.514526
0.523581
0.523999
0.524657
0.577049
0.596395
0.603087
0.530531
0.537468
0.509963
0.601624
0.520036
0.626935
0.512788
0.515202
0.5135
0.513452
0.511924
0.518248
0.518681
0.512365
0.696238
0.529785
0.524877
0.521781
0.509671
0.513848
0.50263
0.52438
0.514193
0.520702
0.515788
0.595545
0.508541
0.505132
0.558014
0.517599
0.523113
0.510245
0.528124
0.51475
0.668129
0.64149
0.683163
0.504303
0.526088
0.518544
0.673673
0.516248
0.541551
0.510108
0.518485
0.502752
0.520275
0.516991
0.509697
0.515978
0.522893
0.524186
0.534256
0.591529
0.516833
0.518474
0.514595
0.522801
0.512841
0.510736
0.51614
0.515222
0.521903
0.523119
0.523091
0.512075
0.510708
0.511575
0.513209
0.506591
0.510458
0.521972
0.510708
0.504903
0.532496
0.521121
0.532443
0.548143
0.53076
0.520642
0.683216
0.516269
0.513874
0.510219
0.558363
0.534883
0.508446
0.555819
0.517722
0.610076
0.565109
0.514343
0.510857
0.529424
0.533008
0.50796
0.514114
0.514808
0.518484
0.52967
0.633085
0.515379
0.53027
0.515111
0.517204
0.51344
0.506223
0.513341
0.525542
0.502976
0.511042
0.525716
0.515719
0.510888
0.548611
0.550249
0.513717
0.510125
0.510741
0.51799
0.518942
0.519284
0.524585
0.519412
0.521581
0.533497
0.535947
0.511328
0.519463
0.507158
0.523824
0.585793
0.517776
0.505472
0.511175
0.511415
0.518443
0.522255
0.522633
0.687769
0.522756
0.525749
0.508992
0.520552
0.512421
0.506191
0.511243
0.516134
0.502609
0.51794
0.511888
0.515451
0.513818
0.513018
0.518011
0.513769
0.514546
0.525355
0.508157
0.515987
0.531785
0.512221
0.519991
0.510987
0.52307
0.51945
0.514381
0.502514
0.51274
0.52289
0.512987
0.507907
0.511312
0.509484
0.514585
0.536956
0.501206
0.523866
0.522827
0.520369
0.524971
0.524518
0.516223
0.518992
0.50781
0.51422
0.509308
0.532917
0.548973
0.51361
0.512489
0.518554
0.4974
0.515925
0.523731
0.510701
0.539265
0.540849
0.67582
0.506861
0.514713
0.512963
0.520828
0.546311
0.547182
0.525796
0.539657
0.533167
0.507406
0.512796
0.520657
0.509898
0.513539
0.517201
0.512183
0.512681
0.530686
0.520297
0.518946
0.525367
0.517435
0.519275
0.5199
0.512893
0.527405
0.64577
0.521457
0.579351
0.505651
0.504847
0.518641
0.537888
0.514393
0.510939
0.506913
0.536887
0.519575
0.512708
0.516001
0.525097
0.521941
0.514007
0.499493
0.517086
0.508602
0.508597
0.526512
0.514514
0.51676
0.50803
0.514551
0.502273
0.524776
0.526351
0.573921
0.514308
0.51286
0.529501
0.511009
0.525931
0.506182
0.512868
0.53761
0.519065
0.536728
0.537269
0.513846
0.515985
0.517651
0.508693
0.526197
0.510674
0.515618
0.527384
0.532143
0.511272
0.509768
0.517541
0.520878
0.522047
0.531016
0.508206
0.540689
0.510862
0.515361
0.518054
0.508978
0.514139
0.5356
0.508054
0.497389
0.520404
0.565661
0.507932
0.529578
0.584456
0.526042
0.512894
0.514261
0.51313
0.507254
0.507073
0.519266
0.51715
0.656044
0.506389
0.547
0.522056
0.503953
0.589897
0.527748
0.561236
0.539436
0.50794
0.513698
0.52236
0.672748
0.511901
0.529954
0.531418
0.510655
0.513659
0.646548
0.530128
0.511617
0.542
0.566314
0.517543
0.499518
0.578535
0.648815
0.516687
0.602943
0.498021
0.498603
0.511383
0.516059
0.510262
0.515131
0.513268
0.521315
0.534938
0.515192
0.522263
0.534219
0.50736
0.522089
0.528386
0.51921
0.514735
0.524344
0.505281
0.501262
0.528258
0.518389
0.588669
0.513826
0.513893
0.509843
0.513955
0.613503
0.5774
0.524486
0.511883
0.52318
0.514584
0.511361
0.512384
0.508287
0.509504
0.52225
0.515274
0.529493
0.52262
0.506245
0.538559
0.506327
0.515791
0.503323
0.535442
0.507487
0.510078
0.530662
0.517869
0.51349
0.527144
0.49405
0.52413
0.533086
0.498904
0.519805
0.545412
0.559179
0.530279
0.562033
0.517026
0.506967
0.513723
0.505113
0.518022
0.529022
0.5222
0.52438
0.505961
0.515041
0.508223
0.493838
0.499664
0.514428
0.507428
0.503946
0.516424
0.522845
0.520651
0.511714
0.503332
0.543563
0.537943
0.548817
0.510578
0.512617
0.515859
0.521053
0.511864
0.511348
0.51722
0.513599
0.518651
0.551814
0.51251
0.524492
0.520515
0.516433
0.517652
0.513466
0.600006
0.519758
0.51947
0.501059
0.563763
0.519383
0.543928
0.522168
0.522698
0.527546
0.524057
0.516492
0.511105
0.516036
0.563662
0.508437
0.511774
0.568504
0.518027
0.512692
0.568888
0.543836
0.522177
0.510639
0.507268
0.521212
0.509238
0.521983
0.518305
0.524703
0.506659
0.530059
0.515446
0.509192
0.516809
0.582753
0.501741
0.51186
0.579235
0.516917
0.51929
0.51404
0.573671
0.518331
0.521748
0.511015
0.508942
0.52211
0.505822
0.512045
0.517422
0.511743
