0.53208
0.532603
0.520419
0.524941
0.538279
0.534665
0.533656
0.525474
0.521586
0.531648
0.510681
0.511111
0.518138
0.517768
0.505481
0.50087
0.505291
0.513364
0.509449
0.518643
0.533326
0.533991
0.502367
0.501146
0.506981
0.60946
0.620766
0.550121
0.542905
0.528026
0.521629
0.506594
0.500693
0.507165
0.540236
0.536854
0.535645
0.514669
0.515142
0.516024
0.513426
0.518817
0.517343
0.514146
0.512918
0.510074
0.513445
0.51847
0.518254
0.51799
0.513033
0.513075
0.511518
0.517793
0.517006
0.509167
0.515942
0.517926
0.539313
0.534615
0.538541
0.513195
0.499601
0.503593
0.500601
0.522236
0.520981
0.502237
0.508096
0.51073
0.508589
0.515452
0.516676
0.51225
0.512042
0.506718
0.52961
0.511628
0.510332
0.501011
0.503955
0.506194
0.516672
0.509876
0.524227
0.528153
0.512976
0.513214
0.50917
0.513111
0.508472
0.501922
0.615459
0.600486
0.610214
0.547572
0.615112
0.614821
0.529945
0.523477
0.496336
0.50147
0.517495
0.509232
0.508003
0.518946
0.500624
0.506584
0.495747
0.494054
0.504054
0.503514
0.514227
0.543289
0.540043
0.50287
0.515458
0.51699
0.510674
0.513998
0.545522
0.536092
0.532082
0.527838
0.506882
0.501152
0.50174
0.546779
0.515236
0.502157
0.526318
0.522859
0.539514
0.548501
0.526314
0.52646
0.521861
0.521017
0.50365
0.497308
0.502622
0.501255
0.505506
0.51153
0.505115
0.509686
0.523668
0.52656
0.510597
0.512146
0.507218
0.500671
0.539505
0.53141
0.543431
0.563878
0.551096
0.56476
0.524251
0.503466
0.511702
0.526774
0.518734
0.525157
0.512338
0.5007
0.498687
0.497432
0.523256
0.506062
0.498616
0.642145
0.596291
0.623287
0.652824
0.527951
0.50827
0.50656
0.502602
0.515384
0.51829
0.492498
0.496835
0.517662
0.500896
0.517021
0.524057
0.51143
0.508056
0.51238
0.529071
0.531747
0.597489
0.600094
0.611652
0.654275
0.519133
0.520697
0.524459
0.523078
0.528107
0.535118
0.523087
0.516568
0.522687
0.519377
0.515983
0.513519
0.535159
0.542705
0.54148
0.5419
0.510112
0.508217
0.507342
0.533004
0.535963
0.515114
0.529073
0.523451
0.512918
0.520001
0.517566
0.58089
0.573973
0.493791
0.519787
0.536018
0.532762
0.532294
0.51099
0.524515
0.519311
0.536686
0.537812
0.543093
0.535157
0.519912
0.525311
0.515677
0.513883
0.519771
0.505165
0.530275
0.528065
0.516927
0.517325
0.53095
0.538848
0.512313
0.665186
0.512095
0.516463
0.548086
0.649493
0.505899
0.552258
0.502612
0.507394
0.524455
0.522161
0.529785
0.529505
0.531201
0.531679
0.510543
0.512268
0.511798
0.503997
0.498209
0.507199
0.517915
0.545622
0.53894
0.494305
0.498805
0.708857
0.679808
0.699904
0.67518
0.506866
0.506496
0.51422
0.507103
0.511265
0.513259
0.509487
0.512847
0.513029
0.527326
0.533488
0.518459
0.5515
0.545399
0.494638
0.512725
0.514151
0.514502
0.511895
0.516963
0.507821
0.507832
0.516305
0.514483
0.523582
0.521443
0.610105
0.606999
0.615247
0.519617
0.532938
0.532837
0.515261
0.513763
0.511927
0.514287
0.514314
0.53876
0.537835
0.508259
0.530881
0.535182
0.539262
0.531178
0.526563
0.521637
0.501612
0.595885
0.593548
0.52598
0.522923
0.514281
0.514529
0.511082
0.513406
0.50658
0.510639
0.561242
0.510163
0.492823
0.497923
0.51471
0.511653
0.512433
0.498291
0.513267
0.516033
0.512956
0.512046
0.515355
0.516583
0.532351
0.518432
0.519473
0.522972
0.522071
0.520746
0.659175
0.670738
0.628529
0.632184
0.550261
0.554642
0.557345
0.505774
0.511552
0.516177
0.51482
0.494058
0.503506
0.504077
0.509554
0.50881
0.57883
0.57087
0.531479
0.521716
0.533503
0.5796
0.528393
0.514251
0.514719
0.518694
0.522031
0.506324
0.503764
0.506057
0.534118
0.531321
0.495573
0.534551
0.531255
0.515858
0.517897
0.518335
0.519925
0.538769
0.541247
0.64352
0.511875
0.51758
0.52806
0.523089
0.529311
0.521795
0.515228
0.511311
0.50689
0.510669
0.530812
0.541811
0.535281
0.51224
0.515583
0.541578
0.498109
0.506444
0.50573
0.517767
0.540706
0.535275
0.510053
0.509536
0.516068
0.538775
0.537576
0.53234
0.501629
0.498162
0.492531
0.500215
0.51117
0.513351
0.501752
0.496857
0.493119
0.497148
0.574115
0.501088
0.504313
0.522543
0.517631
0.577181
0.517049
0.517575
0.531413
0.531457
0.537796
0.530178
0.518071
0.507277
0.529356
0.4941
0.534863
0.529979
0.512447
0.51353
0.520084
0.535801
0.533592
0.526657
0.518933
0.664909
0.504499
0.507328
0.506341
0.51415
0.529038
0.522845
0.528994
0.526493
0.512941
0.520615
0.528955
0.501388
0.509226
0.505134
0.520034
0.512894
0.528722
0.546934
0.56226
0.521298
0.535445
0.530942
0.528622
0.545871
0.539841
0.524674
0.544344
0.513426
0.51482
0.523311
0.500473
0.610183
0.513306
0.513961
0.513762
0.518528
0.511646
0.513678
0.510261
0.49352
0.500537
0.516635
0.519965
0.522026
0.526475
0.519437
0.516921
0.537286
0.533477
0.55905
0.568872
0.516151
0.521122
0.509435
0.513037
0.513196
0.516549
0.520928
0.531161
0.543287
0.514278
0.520656
0.517133
0.498013
0.50403
0.511705
0.514626
0.531953
0.535057
0.534395
0.530089
0.516203
0.514929
0.695622
0.534857
0.514734
0.513801
0.537994
0.501237
0.501405
0.496274
0.499311
0.51508
0.530056
0.52522
0.539543
0.497719
0.497177
0.503231
0.677264
0.664532
0.492279
0.528545
0.530927
0.51085
0.507219
0.509536
0.511982
0.50988
0.524142
0.524792
0.525389
0.499068
0.502996
0.5378
0.540215
0.619344
0.597824
0.627575
0.528631
0.51499
0.516433
0.516141
0.505193
0.505718
0.52284
0.521099
0.523057
0.544681
0.539555
0.515676
0.517262
0.517092
0.516889
0.51589
0.517937
0.513795
0.557484
0.555096
0.517104
0.532804
0.513757
0.528429
0.510387
0.518681
0.507775
0.508253
0.524188
0.528466
0.524646
0.530654
0.530554
0.519765
0.517941
0.559753
0.645061
0.638085
0.657228
0.510563
0.507913
0.502756
0.522601
0.526975
0.52809
0.585436
0.516376
0.535426
0.518477
0.527223
0.505572
0.500755
0.512325
0.510503
0.52176
0.510057
0.516664
0.515839
0.515929
0.50208
0.658336
0.540178
0.519482
0.525319
0.497272
0.508542
0.523153
0.534894
0.537057
0.56193
0.519135
0.515928
0.583999
0.534876
0.528882
0.513551
0.498842
0.636972
0.510707
0.504619
0.505516
0.591331
0.594709
0.510423
0.515901
0.513006
0.536621
0.506015
0.514846
0.522994
0.51611
0.520639
0.535508
0.510637
0.504587
0.511748
0.52271
0.518771
0.524504
0.524749
0.489365
0.49953
0.510258
0.514789
0.511965
0.516072
0.519503
0.498378
0.504103
0.505681
0.499411
0.563735
0.516146
0.496876
0.509842
0.500626
0.495974
0.515838
0.629563
0.516351
0.52032
0.510439
0.509866
0.505098
0.511013
0.515757
0.516865
0.518337
0.531225
0.502055
0.502809
0.504342
0.506452
0.510968
0.513327
0.511009
0.514492
0.528918
0.511232
0.507584
0.495749
0.50134
0.50935
0.511274
0.522781
0.521915
0.52342
0.497563
0.575888
0.519823
0.505029
0.519865
0.518558
0.514176
0.523854
0.516685
0.522081
0.569514
0.527786
0.513195
0.592389
0.524738
0.599564
0.596475
0.511758
0.517627
0.515872
0.531335
0.537213
0.503327
0.491992
0.495919
0.496675
0.518371
0.517831
0.514008
0.514006
0.542353
0.510487
0.512235
0.516175
0.517571
0.499576
0.619068
0.503811
0.500217
0.518473
0.516853
0.518161
0.51647
0.515907
0.517904
0.538489
0.51115
0.496115
0.535281
0.574168
0.534095
0.659743
0.65835
0.508901
0.518688
0.511047
0.499597
0.510427
0.540835
0.518256
0.581448
0.582997
0.526876
0.565849
0.501437
0.508076
0.506384
0.54343
0.526864
0.533143
0.534576
0.548912
0.547734
0.511883
0.518199
0.497719
0.513487
0.619971
0.509774
0.522441
0.544869
0.505892
0.568004
0.520895
0.648546
0.53618
0.53474
0.503179
0.505894
0.550106
0.531507
0.519381
0.519267
0.523039
0.527589
0.523015
0.531877
0.532214
0.497258
0.506988
0.539933
0.527117
0.531376
0.499903
0.535628
0.54037
0.529579
0.523465
0.507836
0.503006
0.529236
0.509403
0.508134
0.603302
0.513516
0.510966
0.50452
0.510635
0.571333
0.528033
0.541418
0.525905
0.543478
0.551783
0.512973
0.514167
0.525488
0.533131
0.519678
0.520817
0.539195
0.538386
0.504697
0.515684
0.518896
0.539632
0.528708
0.536853
0.525498
0.528138
0.519809
0.526842
0.544271
0.528896
0.543188
0.496246
0.497474
0.510969
0.494741
0.501556
0.498783
0.52453
0.511055
0.51536
0.526522
0.499428
0.510276
0.516641
0.568698
0.519055
0.517537
0.518572
0.542699
0.538924
0.508583
0.504621
0.511285
0.511611
0.538883
0.526447
0.522519
0.505154
0.534364
0.499274
0.499069
0.530088
0.529416
0.499341
0.4987
0.539342
0.507118
0.536708
0.509861
0.501999
0.536303
0.540584
0.518527
0.512057
0.522508
0.52646
0.537907
0.516309
0.504661
0.534185
0.524945
0.515243
0.501599
0.510129
0.506937
0.504119
0.620777
0.518763
0.522859
0.522021
0.507979
0.580558
0.515734
0.614397
0.623004
0.557167
0.537274
0.531784
0.496289
0.510131
0.515861
0.494237
0.499951
0.665558
0.636033
0.536367
0.532579
0.556317
0.565717
0.543886
0.545105
0.493736
0.518838
0.52367
0.516042
0.520366
0.530592
0.516733
0.533202
0.532157
0.530439
0.595363
0.516874
0.525323
0.510383
0.514077
0.526906
0.527206
0.620812
0.602501
0.50049
0.546519
0.509522
0.507227
0.512456
0.513777
0.547051
0.519795
0.512905
0.514547
0.526618
0.494922
0.497663
0.526816
0.524267
0.527537
0.520151
0.528151
0.516549
0.647176
0.596811
0.51282
0.514293
0.623012
0.594895
0.511488
0.515509
0.527189
0.532683
0.544247
0.512573
0.509064
0.513748
0.544672
0.521417
0.51959
0.519988
0.550341
0.527619
0.535647
0.496133
0.540333
0.536681
0.502238
0.50599
0.50364
0.569295
0.564793
0.503036
0.507583
0.516701
0.494817
0.521402
0.527466
0.519491
0.52207
0.513146
0.52906
0.512291
0.506704
0.518868
0.519532
0.52564
0.513651
0.512855
0.511413
0.513224
0.5615
0.564613
0.51185
0.502219
0.522793
0.512854
0.536341
0.49923
0.492997
0.61462
0.514213
0.514379
0.517442
0.498799
0.506178
0.537731
0.533108
0.510937
0.508485
0.640885
0.502796
0.607598
0.510605
0.51307
0.513017
0.614285
0.575401
0.535132
0.535236
0.651677
0.4996
0.520805
0.495659
0.516593
0.53011
0.512976
0.509343
0.500647
0.52817
0.52443
0.526019
0.52441
0.523559
0.4983
0.502733
0.49707
0.526356
0.562829
0.52356
0.560088
0.573814
0.539172
0.537281
0.509557
0.513785
0.521977
0.548799
0.539159
0.540296
0.691651
0.52065
0.50141
0.517214
0.534481
0.521624
0.523818
0.510792
0.529599
0.503902
0.513568
0.521568
0.541434
0.580574
0.52687
0.52129
0.524826
0.493434
0.499035
0.503446
0.520927
0.513306
0.492246
0.521745
0.527892
0.500481
0.526545
0.527431
0.577
0.506517
0.505341
0.500949
0.499113
0.494528
0.524574
0.530799
0.511542
0.510657
0.519682
0.51349
0.528542
0.532041
0.515627
0.51482
0.515164
0.611201
0.601131
0.561606
0.531059
0.528979
0.497347
0.557505
0.516477
0.517635
0.593038
0.50679
0.499529
0.494709
0.496327
0.495992
0.49514
0.514159
0.515368
0.496233
0.54435
0.528127
0.533621
0.504418
0.496259
0.508643
0.4931
0.519503
0.517296
0.516156
0.53858
0.540268
0.533935
0.50171
0.528922
0.516455
0.534636
0.516946
0.511306
0.491178
0.496641
0.555291
0.525354
0.51053
0.510218
0.510117
0.511383
0.511108
0.519969
0.505509
0.5028
0.650788
0.50035
0.52316
0.525931
0.51772
0.518168
0.546769
0.498502
0.49906
0.50291
0.520841
0.518399
0.603909
0.558093
0.504668
0.520297
0.506042
0.498878
0.495518
0.507542
0.514542
0.521024
0.508735
0.490315
0.513273
0.535124
0.604144
0.546433
0.527591
0.497385
0.516827
0.508858
0.533534
0.504452
0.541354
0.498179
0.497586
0.54708
0.524451
0.521208
0.521009
0.641429
0.637664
0.512466
0.516791
0.503985
0.507077
0.515395
0.513784
0.513646
0.520018
0.572945
0.511515
0.512336
0.513155
0.545792
0.502731
0.514674
0.58798
0.65405
0.514954
0.513965
0.496042
0.499812
0.555084
0.532388
0.53837
0.52681
0.52261
0.533614
0.512853
0.507136
0.52497
0.499599
0.510883
0.517711
0.526723
0.631763
0.630618
0.516446
0.536989
0.507829
0.508119
0.51902
0.493583
0.50835
0.5335
0.524597
0.492733
0.493592
0.51342
0.536887
0.527458
0.53788
0.518584
0.494428
0.515418
0.532984
0.498539
0.56318
0.511423
0.508817
0.51733
0.515918
0.519666
0.530352
0.525584
0.512899
0.512209
0.529133
0.531238
0.532138
0.532683
0.529232
0.533065
0.510727
0.495488
0.508059
0.516097
0.514696
0.587623
0.533285
0.568124
0.513051
0.518505
0.505294
0.507936
0.528972
0.511407
0.528827
0.510813
0.519976
0.521734
0.513954
0.497177
0.497697
0.500069
0.493837
0.497894
0.528512
0.518994
0.53108
0.525394
0.524839
0.539174
0.525091
0.498857
0.506455
0.527058
0.534228
0.499018
0.539322
0.50955
0.527692
0.532966
0.499839
0.537372
0.593529
0.510287
0.645479
0.523674
0.630528
0.518371
0.517336
0.576812
0.51982
0.508795
0.527445
0.513343
0.507405
0.504248
0.538543
0.526168
0.539028
0.535748
0.492345
0.539431
0.516095
0.513692
0.518433
0.496297
0.510297
0.534766
0.517412
0.515039
0.524014
0.517279
0.514987
0.525092
0.508675
0.657176
0.502702
0.524553
0.538261
0.519588
0.519479
0.506757
0.53079
0.532526
0.544876
0.497348
0.547329
0.526705
0.538771
0.524078
0.622219
0.505176
0.509261
0.539254
0.512731
0.510914
0.513991
0.497668
0.516772
0.516752
0.516489
0.51202
0.5151
0.50897
0.499405
0.531021
0.548956
0.525746
0.514321
0.533912
0.515966
0.534104
0.51479
0.512498
0.512703
0.573157
0.514465
0.507348
0.550773
0.517533
0.528467
0.580809
0.518786
0.531584
0.519751
0.494582
0.50598
0.619225
0.528834
0.514642
0.510139
0.502972
0.511499
0.543353
0.528084
0.497008
0.506546
0.507365
0.512222
0.509119
0.521759
0.514673
0.492178
0.498913
0.51019
0.506588
0.533276
0.526363
0.498603
0.503498
0.492831
0.496302
0.492197
0.514032
0.655098
0.532213
0.533614
0.533622
0.531188
0.574138
0.509054
0.51928
0.514751
0.531372
0.508226
0.511386
0.560663
0.53968
0.515854
0.511664
0.492443
0.520616
0.511401
0.514082
0.526627
0.548032
0.490948
0.507262
0.537083
0.530309
0.501904
0.522325
0.496316
0.533049
0.540425
0.498991
0.526356
0.525283
0.637804
0.536097
0.527382
0.515175
0.530531
0.533308
0.545041
0.532525
0.525103
0.529286
0.51517
0.505145
0.533167
0.529026
0.512504
0.539136
0.491711
0.50131
0.491741
0.509183
0.581185
0.492803
0.51478
0.496249
0.66401
0.494299
0.505338
0.51403
0.497622
0.508847
0.515914
0.512347
0.526425
0.528704
0.613528
0.49883
0.604962
0.491205
0.496072
0.513822
0.547313
0.53197
0.515001
0.519038
0.523954
0.513375
0.51822
0.514936
0.504036
0.513638
0.506618
0.526878
0.520466
0.512899
0.525623
0.525867
0.546376
0.545293
0.553284
0.510494
0.509249
0.51982
0.520535
0.509641
0.536866
0.570756
0.513837
0.515734
0.50749
0.526295
0.515924
0.529039
0.508283
0.714665
0.507337
0.512352
0.522996
0.521095
0.531753
0.505833
0.506922
0.508269
0.535912
0.519351
0.516068
0.56539
0.559024
0.576496
0.659178
0.53387
0.531966
0.508187
0.513339
0.512225
0.513477
0.54286
0.586997
0.49989
0.518678
0.517841
0.505029
0.526892
0.504255
0.598585
0.604617
0.518051
0.524162
0.530269
0.522083
0.512064
0.513886
0.517634
0.516662
0.530711
0.538921
0.561559
0.515275
0.514905
0.510556
0.51561
0.606011
0.509713
0.510552
0.519066
0.531088
0.530284
0.512767
0.513313
0.509118
0.509696
0.511423
0.532905
0.522754
0.516959
0.515234
0.507923
0.505377
0.517684
0.517266
0.515977
0.52536
0.518105
0.524668
0.567124
0.516408
0.513723
0.512158
0.50995
0.629953
0.526003
0.631749
0.510627
0.529957
0.509388
0.622283
0.58977
0.616005
0.587435
0.521896
0.516911
0.508867
0.514623
0.510912
0.512363
0.529941
0.506858
0.51355
0.50795
0.506197
0.512548
0.522284
0.511857
0.524946
0.523044
0.520311
0.53984
0.517449
0.522574
0.512222
0.509648
0.521453
0.512312
0.660811
0.649131
0.524259
0.512882
0.500357
0.520905
0.516241
0.515222
0.532575
0.621701
0.523396
0.652432
0.641148
0.513638
0.522215
0.518227
0.612006
0.513756
0.513781
0.519661
0.518725
0.517145
0.533589
0.511075
0.515749
0.518956
0.504703
0.503104
0.507684
0.522176
0.547785
0.502972
0.518062
0.507772
0.501369
0.504536
0.509646
0.519122
0.520135
0.519986
0.528597
0.521653
0.518005
0.548866
0.538078
0.519932
0.516757
0.530325
0.531646
0.506401
0.508321
0.516353
0.50311
0.524713
0.627894
0.514875
0.520192
0.518781
0.519597
0.612967
0.513204
0.52374
0.514302
0.527097
0.526053
0.529223
0.51823
0.521991
0.530106
0.515186
0.514365
0.504268
0.505982
0.502263
0.519113
0.532822
0.513663
0.526657
0.529859
0.506279
0.531459
0.515439
0.513387
0.502489
0.510591
0.527245
0.525802
0.517514
0.556693
0.506731
0.504387
0.515119
0.519952
0.515222
0.526429
0.523489
0.525742
0.518071
0.514042
0.585285
0.519796
0.529691
0.574693
0.501439
0.51082
0.525023
0.498453
0.51773
0.505961
0.513207
0.566739
0.516909
0.514856
0.525455
0.515842
0.507745
0.505533
0.527324
0.505863
0.509557
0.515276
0.511997
0.513602
0.50676
0.52348
0.508845
0.514113
0.513168
0.514492
0.514938
0.603843
0.510528
0.501749
0.536109
0.511253
0.557497
0.518288
0.512141
0.514518
0.522832
0.517057
0.516689
0.520321
0.499646
0.511786
0.513744
0.516463
0.503146
0.507125
0.521511
0.517204
0.510656
0.509828
0.508431
0.519529
0.58518
0.515477
0.647538
0.525348
0.513278
0.537717
0.534352
0.597704
0.501621
0.512029
0.521821
0.51077
0.52778
0.559593
0.528422
0.512772
0.532104
0.513036
0.523497
0.511642
0.506682
0.522859
0.579644
0.566803
0.518489
0.513108
0.514336
0.516471
0.522337
0.532138
0.512324
0.517858
0.514068
0.519911
0.521086
0.525673
0.515342
0.520859
0.513139
0.520087
0.512807
0.499862
0.517035
0.503612
0.525157
0.51136
0.514128
0.514227
0.513738
0.522529
0.515974
0.515383
0.521554
0.502108
0.521646
0.517968
0.509833
0.531286
0.505269
0.512296
0.53371
0.519089
0.534808
0.505363
0.514262
0.529901
0.527097
0.500579
0.515776
0.52703
0.518401
0.518305
0.505996
0.527841
0.513154
0.517194
0.558225
0.511435
0.515954
0.514553
0.538296
0.505716
0.521157
0.583674
0.510632
0.524202
0.495124
0.494856
0.50817
0.502683
0.514984
0.530805
0.528288
0.522776
0.527135
0.51785
0.536689
0.525901
0.512165
0.530181
0.504599
0.525015
0.514087
0.531895
0.528978
0.516738
0.534514
0.524133
0.526779
0.51279
0.512702
0.524153
0.511253
0.510928
0.556889
0.593759
0.522424
0.501664
0.614068
0.563982
0.518561
0.526327
0.559356
0.518668
0.517759
0.520597
0.595508
0.504283
0.513521
0.51342
0.531369
0.562138
0.528631
0.5155
0.510103
0.511432
0.521376
0.517144
0.525856
0.516079
0.556529
0.519039
0.599292
0.50278
0.504396
0.512301
0.508981
0.508262
0.533504
0.533033
0.540055
0.514324
0.514267
0.50697
0.533032
0.508777
0.527034
0.510355
0.512796
0.619401
0.517647
0.501841
0.52197
0.520606
0.512033
0.512114
0.542113
0.520536
0.505064
0.509575
0.498919
0.611909
0.518136
0.515051
0.571211
0.523944
0.505012
0.514903
0.51405
0.583542
0.514842
0.517605
0.532099
0.513947
0.535128
0.518018
0.51793
0.662719
0.5049
0.615678
0.524233
0.502901
0.508478
0.534056
0.542669
0.5125
0.512258
0.532731
0.514347
0.521131
0.542058
0.50304
0.512178
0.514343
0.507471
0.509729
0.501245
0.520577
0.530932
0.534165
0.513196
0.519755
0.546149
0.517036
0.518015
0.535015
0.507992
0.578216
0.516007
0.496852
0.513729
0.556994
0.519184
0.517471
0.502865
0.548982
0.518629
0.517999
0.51518
0.512109
0.598995
0.651887
0.521104
0.534137
0.516838
0.555418
0.510757
0.508362
0.531531
0.515458
0.526462
0.536375
0.499098
0.571601
0.527703
0.52676
0.526436
0.496553
0.523272
0.57509
0.514793
0.521277
0.514156
0.510288
0.518559
0.512381
0.500887
0.521092
0.515144
0.513637
0.518854
0.510454
0.628508
0.516527
0.507299
0.529082
0.517037
0.528672
0.522081
0.528291
0.509707
0.50798
0.510734
