0.503101
0.492205
0.498939
0.530098
0.525046
0.507892
0.514154
0.514441
0.521942
0.507641
0.509771
0.51427
0.512534
0.516356
0.510608
0.519523
0.512682
0.510868
0.505265
0.511799
0.5078
0.511644
0.538292
0.532789
0.535224
0.557416
0.569709
0.513414
0.512605
0.514471
0.514802
0.505218
0.510942
0.498592
0.491752
0.512025
0.51195
0.49712
0.521443
0.521717
0.525797
0.498284
0.510843
0.495868
0.502489
0.50203
0.506103
0.507472
0.499956
0.529335
0.521769
0.516693
0.504805
0.505283
0.515022
0.508502
0.508571
0.509217
0.505423
0.508813
0.508688
0.513981
0.509274
0.506916
0.511211
0.510043
0.510543
0.513456
0.512771
0.513494
0.506295
0.508495
0.514055
0.539556
0.534393
0.503128
0.603513
0.62131
0.634709
0.609807
0.541095
0.676686
0.639187
0.522909
0.519422
0.511277
0.504336
0.500946
0.506778
0.506287
0.512603
0.512182
0.522405
0.532187
0.49436
0.515047
0.51425
0.513536
0.513756
0.597231
0.580623
0.510999
0.506612
0.514252
0.516315
0.548125
0.542574
0.539444
0.525612
0.524221
0.545216
0.528018
0.521816
0.522072
0.520512
0.521123
0.514017
0.518001
0.518925
0.518518
0.699104
0.635804
0.534234
0.511144
0.507891
0.514674
0.510763
0.513099
0.564714
0.580255
0.516192
0.502836
0.509118
0.512678
0.512813
0.526732
0.535983
0.497409
0.537257
0.515166
0.514648
0.53221
0.526869
0.508624
0.504603
0.519491
0.513456
0.515024
0.516368
0.498667
0.499634
0.505126
0.512336
0.512135
0.513703
0.511797
0.493855
0.501325
0.518296
0.49346
0.49499
0.511395
0.513879
0.511327
0.526676
0.528709
0.52875
0.552164
0.553854
0.546684
0.525918
0.500387
0.492001
0.494396
0.530276
0.524483
0.533885
0.504293
0.525989
0.507762
0.50164
0.504066
0.510222
0.511959
0.52435
0.517509
0.514532
0.515579
0.516114
0.515154
0.493418
0.514866
0.51549
0.519394
0.519322
0.520662
0.520203
0.5258
0.520485
0.521271
0.509231
0.52124
0.519359
0.538918
0.535212
0.535265
0.517638
0.521822
0.538582
0.535051
0.531629
0.509962
0.509586
0.524553
0.531406
0.532504
0.521088
0.52124
0.504068
0.515032
0.499354
0.513415
0.512813
0.514817
0.535294
0.534403
0.531741
0.523663
0.513467
0.521147
0.513848
0.536636
0.514992
0.520218
0.5402
0.514529
0.52672
0.523555
0.505997
0.512539
0.507338
0.517179
0.512416
0.510912
0.512553
0.511502
0.512991
0.511957
0.512291
0.529475
0.512495
0.50804
0.517103
0.534367
0.518172
0.524388
0.520436
0.628044
0.518913
0.516522
0.523644
0.624163
0.629262
0.629694
0.507657
0.536394
0.528726
0.523855
0.51281
0.500705
0.507433
0.520071
0.525466
0.493608
0.500167
0.532225
0.527799
0.513413
0.513584
0.516988
0.521139
0.494604
0.503002
0.504708
0.512433
0.512822
0.519591
0.521017
0.517012
0.514552
0.517839
0.514678
0.542676
0.514901
0.511547
0.507468
0.523832
0.532082
0.529016
0.51341
0.5079
0.509475
0.514242
0.638511
0.500859
0.506242
0.501681
0.515563
0.506417
0.546151
0.518028
0.518801
0.570554
0.520504
0.518492
0.51516
0.522179
0.517611
0.53643
0.527959
0.539613
0.53521
0.53887
0.536814
0.518192
0.595764
0.529346
0.505174
0.510729
0.500615
0.508063
0.511109
0.546154
0.517017
0.516094
0.502312
0.492667
0.512987
0.507604
0.518374
0.50687
0.510495
0.492999
0.496029
0.516242
0.517187
0.635881
0.606103
0.556264
0.503751
0.491412
0.533943
0.512392
0.503694
0.509011
0.505469
0.535936
0.532543
0.540342
0.614499
0.589824
0.575631
0.531126
0.501036
0.525679
0.518975
0.525375
0.513691
0.512979
0.515176
0.517677
0.517286
0.518428
0.511072
0.524537
0.52754
0.547986
0.603461
0.495844
0.499475
0.507683
0.501737
0.525325
0.524577
0.524995
0.528466
0.529554
0.533253
0.524548
0.521755
0.526086
0.519345
0.518899
0.49297
0.511995
0.501025
0.506716
0.501548
0.494708
0.530641
0.549078
0.513411
0.592752
0.613336
0.526755
0.516439
0.515962
0.512945
0.512791
0.517598
0.517862
0.524033
0.523408
0.525744
0.52372
0.503584
0.496833
0.514154
0.526897
0.528337
0.523351
0.517364
0.510408
0.511219
0.52016
0.520987
0.515489
0.51493
0.549561
0.552493
0.523907
0.520491
0.523826
0.521052
0.538199
0.543661
0.514043
0.514573
0.515558
0.506048
0.538098
0.541237
0.537841
0.530969
0.533403
0.506848
0.576767
0.570947
0.496004
0.552038
0.55954
0.558058
0.5182
0.505256
0.513461
0.513967
0.536004
0.522172
0.56633
0.575343
0.582104
0.575335
0.577348
0.526387
0.529338
0.532229
0.540602
0.512679
0.508881
0.493503
0.511654
0.507954
0.514453
0.519285
0.525955
0.513448
0.538775
0.53918
0.548126
0.543559
0.512188
0.511545
0.519903
0.520751
0.528675
0.528945
0.586097
0.579252
0.514973
0.514629
0.518212
0.524771
0.552114
0.511573
0.489014
0.492323
0.519975
0.519941
0.496236
0.516132
0.637389
0.53196
0.513657
0.522386
0.524523
0.516493
0.523147
0.519596
0.522734
0.601716
0.61651
0.590246
0.554561
0.546613
0.5631
0.530479
0.534492
0.536883
0.518627
0.526708
0.508783
0.521284
0.521604
0.517682
0.512154
0.50842
0.523529
0.511781
0.512963
0.510317
0.511506
0.517585
0.519866
0.530652
0.528384
0.516203
0.527497
0.602609
0.536313
0.50445
0.531514
0.532773
0.525548
0.561873
0.577651
0.514057
0.519932
0.523242
0.530912
0.499018
0.510873
0.510577
0.510796
0.59524
0.637468
0.626401
0.539101
0.527994
0.639439
0.662412
0.515013
0.54356
0.536474
0.516807
0.596672
0.579315
0.498105
0.504022
0.503183
0.530125
0.528966
0.543805
0.516491
0.528788
0.523067
0.524757
0.529012
0.495207
0.509097
0.509495
0.505676
0.504971
0.507049
0.536854
0.535181
0.501563
0.510482
0.528054
0.520561
0.522222
0.524353
0.504218
0.50002
0.539006
0.533476
0.494663
0.491921
0.497069
0.521251
0.524272
0.538463
0.511532
0.511581
0.507531
0.509126
0.503354
0.512848
0.515898
0.490803
0.508806
0.503035
0.515733
0.52466
0.517118
0.493247
0.523815
0.619285
0.617561
0.530398
0.524221
0.52724
0.522548
0.50583
0.534003
0.582257
0.590344
0.535555
0.514628
0.502344
0.527201
0.515586
0.513396
0.516456
0.511596
0.51764
0.529275
0.513608
0.513907
0.513255
0.515106
0.499129
0.513269
0.524058
0.510784
0.511736
0.510584
0.52206
0.525671
0.513863
0.513471
0.5044
0.500302
0.503252
0.500191
0.517035
0.520042
0.521006
0.513863
0.514433
0.533057
0.531886
0.510637
0.546434
0.508163
0.52885
0.51695
0.530933
0.542956
0.539792
0.527829
0.507413
0.507467
0.515671
0.510887
0.488142
0.497567
0.513986
0.518015
0.514237
0.527338
0.539631
0.50965
0.526791
0.504784
0.506836
0.502447
0.5083
0.508016
0.512529
0.511982
0.518063
0.530432
0.533698
0.531358
0.497487
0.502196
0.52176
0.511248
0.512027
0.505294
0.510119
0.514159
0.514901
0.508328
0.509598
0.52948
0.530649
0.658213
0.636555
0.61944
0.511025
0.508182
0.642267
0.529008
0.510269
0.577989
0.526733
0.496996
0.512646
0.51076
0.517778
0.530425
0.524369
0.606833
0.579012
0.506652
0.500841
0.538866
0.520809
0.518122
0.522915
0.523691
0.526377
0.496221
0.531042
0.52642
0.514207
0.50244
0.498405
0.537389
0.539362
0.564732
0.499288
0.526866
0.530664
0.517832
0.539135
0.556271
0.52189
0.524635
0.500707
0.531476
0.519655
0.515137
0.515933
0.521172
0.530061
0.517839
0.608574
0.580643
0.514931
0.502269
0.512654
0.629494
0.590825
0.510758
0.512599
0.514093
0.547415
0.527275
0.526992
0.594589
0.495986
0.594669
0.509714
0.51567
0.511199
0.513632
0.514024
0.514099
0.515443
0.508646
0.494232
0.499985
0.516581
0.522456
0.532189
0.495929
0.52779
0.54663
0.524016
0.525436
0.522954
0.526181
0.526907
0.512871
0.510817
0.510981
0.510483
0.500008
0.501908
0.517353
0.530982
0.513747
0.511678
0.537752
0.532661
0.540272
0.514921
0.520424
0.516424
0.529666
0.529573
0.528533
0.49833
0.602227
0.570872
0.53262
0.518377
0.501864
0.505531
0.524299
0.524245
0.5188
0.522713
0.510352
0.517321
0.510193
0.505602
0.507192
0.536372
0.508743
0.507902
0.54062
0.499556
0.514019
0.52441
0.518124
0.64288
0.510957
0.513571
0.511798
0.511476
0.526969
0.533776
0.512291
0.500998
0.518443
0.54978
0.526369
0.543904
0.519656
0.512387
0.521494
0.518839
0.526735
0.516971
0.516692
0.508345
0.527961
0.601483
0.496345
0.519729
0.533396
0.528223
0.533191
0.525285
0.525445
0.528264
0.52212
0.5073
0.505288
0.600946
0.630824
0.493899
0.527589
0.519878
0.509635
0.523016
0.525578
0.527425
0.498111
0.54217
0.507162
0.54148
0.541668
0.510206
0.508415
0.530101
0.536495
0.521836
0.521605
0.535373
0.528885
0.533653
0.538705
0.521363
0.528325
0.530195
0.622794
0.519307
0.522465
0.556303
0.563488
0.553774
0.514394
0.513897
0.521967
0.63658
0.643582
0.658996
0.52261
0.536026
0.53309
0.513191
0.516749
0.550485
0.552352
0.503207
0.512296
0.493924
0.539605
0.506908
0.514679
0.507413
0.525606
0.507123
0.517951
0.495738
0.505163
0.504621
0.494979
0.493943
0.504044
0.508123
0.539863
0.536542
0.531124
0.5275
0.527759
0.506941
0.50376
0.511874
0.534128
0.512516
0.514355
0.546539
0.525564
0.525568
0.514686
0.503337
0.503664
0.51484
0.543383
0.51044
0.48737
0.516464
0.516308
0.543646
0.526391
0.678377
0.510414
0.511355
0.509602
0.640333
0.508159
0.541427
0.518266
0.51451
0.50085
0.510606
0.570963
0.576329
0.546063
0.558953
0.511438
0.513578
0.513307
0.545828
0.552162
0.509625
0.51685
0.52158
0.512911
0.513368
0.559691
0.542595
0.527378
0.54594
0.514029
0.509306
0.51086
0.513336
0.512404
0.516265
0.523931
0.517294
0.513923
0.515615
0.507201
0.506036
0.523029
0.539972
0.512388
0.511932
0.507453
0.536667
0.532592
0.513558
0.520245
0.515923
0.687072
0.518123
0.499242
0.528347
0.650476
0.519997
0.60799
0.622694
0.559746
0.518133
0.510873
0.514574
0.530594
0.527513
0.543128
0.513243
0.514681
0.493353
0.500466
0.51248
0.544735
0.524359
0.508601
0.513039
0.512131
0.513893
0.641037
0.491604
0.564169
0.514197
0.511007
0.509759
0.500717
0.516269
0.535989
0.542064
0.515734
0.539229
0.532819
0.602387
0.514432
0.538096
0.533959
0.530196
0.513698
0.504108
0.542525
0.519835
0.511276
0.506963
0.513944
0.505211
0.512489
0.512468
0.523998
0.524903
0.517082
0.515758
0.526942
0.51016
0.506051
0.537703
0.514269
0.51458
0.521296
0.530057
0.594455
0.606147
0.521673
0.519557
0.586846
0.509405
0.623637
0.523025
0.529407
0.642448
0.518411
0.582075
0.493386
0.521369
0.520002
0.650528
0.513292
0.509666
0.525155
0.539432
0.538225
0.519604
0.51341
0.516231
0.517631
0.541187
0.518065
0.555572
0.511444
0.532809
0.524345
0.522548
0.527109
0.586264
0.654028
0.621576
0.51365
0.499369
0.501538
0.511863
0.512356
0.514249
0.531057
0.535563
0.529034
0.553176
0.491831
0.492858
0.569839
0.527076
0.510861
0.524405
0.60494
0.519838
0.573672
0.531528
0.530645
0.519824
0.529149
0.51454
0.523865
0.492481
0.505628
0.510845
0.498592
0.512016
0.591043
0.534286
0.527708
0.52382
0.491668
0.504639
0.507192
0.537035
0.519176
0.50461
0.512485
0.498969
0.497182
0.503478
0.500846
0.498125
0.499871
0.554644
0.520222
0.513956
0.515897
0.516147
0.518188
0.504376
0.537246
0.515264
0.5411
0.596607
0.528012
0.526865
0.526052
0.516557
0.524841
0.525176
0.497274
0.500479
0.50059
0.527522
0.525985
0.522422
0.507254
0.514898
0.504155
0.513108
0.514429
0.491
0.512906
0.539859
0.517305
0.52781
0.520343
0.497424
0.50469
0.513123
0.52843
0.526854
0.495217
0.498734
0.673268
0.562855
0.515267
0.515347
0.508598
0.517972
0.644484
0.517388
0.512842
0.612093
0.51513
0.522152
0.516694
0.545321
0.518771
0.509667
0.502896
0.506183
0.507008
0.545536
0.533892
0.536058
0.532285
0.499953
0.500619
0.503188
0.531178
0.513585
0.496727
0.547112
0.543721
0.565546
0.494885
0.495988
0.601146
0.500421
0.516299
0.602679
0.608704
0.499713
0.514844
0.552507
0.563577
0.527076
0.543365
0.581888
0.526523
0.509506
0.514691
0.525649
0.53057
0.496495
0.498799
0.52879
0.522718
0.508411
0.512179
0.544504
0.525152
0.636538
0.528232
0.544545
0.550685
0.540484
0.540108
0.512644
0.519301
0.630831
0.514955
0.517421
0.526552
0.506814
0.505524
0.515468
0.526777
0.506962
0.509439
0.508347
0.512693
0.509527
0.524965
0.512934
0.525029
0.528604
0.519883
0.538147
0.533884
0.533692
0.527413
0.526707
0.513376
0.509213
0.537463
0.515261
0.494865
0.565496
0.531961
0.529728
0.53934
0.508711
0.496281
0.551497
0.516847
0.5362
0.530137
0.517362
0.506518
0.525211
0.525467
0.532494
0.512604
0.519274
0.509801
0.514634
0.516401
0.51709
0.531579
0.530461
0.524854
0.53893
0.500504
0.494258
0.513712
0.499373
0.510854
0.511528
0.516975
0.527684
0.560408
0.525914
0.500823
0.504876
0.519022
0.51988
0.583236
0.538571
0.533483
0.526473
0.534485
0.526066
0.503373
0.537777
0.52125
0.512902
0.487382
0.488707
0.516764
0.63584
0.510675
0.525779
0.508389
0.512838
0.514972
0.511754
0.496445
0.530875
0.522248
0.491336
0.544919
0.512706
0.498757
0.530754
0.497439
0.514705
0.496078
0.525275
0.494205
0.535428
0.536532
0.51044
0.513195
0.522709
0.537576
0.501845
0.544689
0.51024
0.516348
0.495107
0.502302
0.509147
0.532957
0.53588
0.526275
0.596543
0.524265
0.641512
0.514276
0.502812
0.513268
0.53075
0.513963
0.491066
0.507339
0.493751
0.522207
0.527753
0.524791
0.516439
0.546947
0.515379
0.514853
0.496811
0.507654
0.499151
0.515736
0.509568
0.52951
0.544036
0.519929
0.536343
0.518252
0.517559
0.529781
0.563213
0.514436
0.495043
0.513719
0.49386
0.523674
0.508855
0.516805
0.510893
0.498298
0.538963
0.510301
0.513314
0.490928
0.52662
0.49784
0.52751
0.51966
0.527953
0.505407
0.527724
0.532006
0.513922
0.509773
0.514681
0.521323
0.56771
0.530626
0.532527
0.536357
0.494627
0.514843
0.499917
0.495699
0.496852
0.53254
0.561755
0.513059
0.512835
0.521572
0.515126
0.526301
0.51495
0.513139
0.539088
0.529536
0.495123
0.52526
0.514973
0.531306
0.500497
0.500054
0.515154
0.523743
0.499608
0.514038
0.576434
0.519431
0.556366
0.557623
0.537021
0.531967
0.539297
0.528184
0.495824
0.618716
0.538094
0.526547
0.526535
0.592582
0.540193
0.522853
0.619741
0.582409
0.50793
0.52679
0.512278
0.544172
0.641141
0.501598
0.528499
0.521743
0.621113
0.495338
0.49875
0.524802
0.535495
0.51313
0.532615
0.496498
0.501135
0.599803
0.515238
0.547014
0.545417
0.528604
0.608644
0.500249
0.493759
0.529855
0.503308
0.495272
0.510855
0.537477
0.64716
0.525049
0.529091
0.511127
0.540833
0.538
0.523705
0.527241
0.526303
0.531656
0.530403
0.51044
0.493023
0.65817
0.527624
0.524988
0.536126
0.543031
0.539489
0.514447
0.531106
0.538675
0.535569
0.511673
0.649479
0.515478
0.494862
0.512939
0.513623
0.524808
0.508957
0.511225
0.51156
0.619374
0.520414
0.514791
0.525462
0.515455
0.524714
0.522663
0.512089
0.5168
0.519102
0.52392
0.519798
0.53399
0.538989
0.523308
0.527802
0.51565
0.518329
0.514808
0.518585
0.515187
0.520645
0.583676
0.548121
0.513195
0.578622
0.594108
0.519907
0.516913
0.511298
0.514258
0.536129
0.525116
0.516469
0.521504
0.519371
0.499653
0.569033
0.52225
0.519512
0.511589
0.512724
0.510816
0.522716
0.534432
0.541481
0.537646
0.508132
0.559297
0.501414
0.536291
0.527635
0.52166
0.520079
0.5637
0.555857
0.545772
0.631055
0.637701
0.606823
0.518283
0.512255
0.517343
0.518508
0.538291
0.519129
0.535328
0.516181
0.516521
0.518223
0.507712
0.580351
0.509641
0.507653
0.505375
0.523507
0.502093
0.500137
0.511902
0.52664
0.561152
0.519578
0.52964
0.531402
0.525223
0.510856
0.511888
0.589451
0.518327
0.528631
0.500899
0.553582
0.518366
0.526288
0.541772
0.518877
0.515438
0.520577
0.540541
0.543503
0.529184
0.61307
0.517768
0.51161
0.507023
0.507798
0.508531
0.512821
0.519105
0.508789
0.530704
0.515784
0.507565
0.509613
0.510722
0.515259
0.559225
0.522151
0.542578
0.51657
0.515757
0.51115
0.50791
0.514175
0.504662
0.62565
0.615681
0.526887
0.57765
0.523803
0.509513
0.516394
0.51067
0.511074
0.511375
0.524835
0.509033
0.516822
0.620668
0.52377
0.516993
0.607563
0.519729
0.516473
0.537613
0.615012
0.646834
0.532231
0.516733
0.58275
0.519232
0.521058
0.520243
0.498497
0.522971
0.517198
0.51513
0.598501
0.51748
0.506551
0.570081
0.534344
0.517003
0.511023
0.514957
0.512635
0.512235
0.516867
0.517093
0.517446
0.513282
0.545632
0.513562
0.523384
0.513683
0.552936
0.511742
0.515987
0.527427
0.515917
0.522245
0.517734
0.515033
0.514794
0.523466
0.532741
0.511441
0.511522
0.51764
0.509942
0.52909
0.503712
0.502071
0.528852
0.529525
0.523508
0.515818
0.497411
0.509932
0.589906
0.508451
0.513183
0.515864
0.525424
0.493076
0.515646
0.533654
0.523679
0.526408
0.519212
0.520616
0.530657
0.533084
0.510393
0.54645
0.509551
0.509478
0.513564
0.502898
0.522515
0.582878
0.513008
0.51061
0.514471
0.523941
0.512242
0.525215
0.497515
0.516163
0.521113
0.514727
0.594816
0.518342
0.509138
0.511011
0.502682
0.501576
0.50891
0.506496
0.519456
0.512279
0.521013
0.513301
0.505611
0.513036
0.52784
0.514386
0.51396
0.51182
0.524308
0.522492
0.521041
0.508121
0.521523
0.516562
0.515077
0.509801
0.596154
0.512405
0.528622
0.517402
0.509549
0.506336
0.528197
0.522257
0.511653
0.508894
0.528057
0.533436
0.504176
0.512668
0.52519
0.51573
0.512045
0.514516
0.608717
0.587339
0.524107
0.513247
0.518079
0.517422
0.497757
0.560193
0.513169
0.517518
0.511538
0.509295
0.505225
0.531199
0.562849
0.528255
0.523845
0.520399
0.520589
0.515867
0.512412
0.514512
0.514739
0.515328
0.516792
0.527687
0.519887
0.520625
0.512833
0.516423
0.520587
0.576451
0.525076
0.521231
0.503977
0.515538
0.547376
0.520398
0.527912
0.513134
0.509262
0.525615
0.521392
0.509269
0.515962
0.509979
0.566784
0.515803
0.516705
0.516069
0.513434
0.504396
0.503657
0.554217
0.501418
0.55045
0.520092
0.583428
0.513227
0.524088
0.506702
0.498837
0.531974
0.513672
0.520097
0.524499
0.567288
0.506514
0.587135
0.520631
0.512838
0.525931
0.506873
0.510743
0.516126
0.50875
0.508607
0.504192
0.51625
0.517888
0.58538
0.51092
0.503304
0.512001
0.52869
0.585636
0.523409
0.523199
0.500719
0.512299
0.593392
0.536883
0.53501
0.514796
0.515377
0.520022
0.514852
0.511907
0.514347
0.518836
0.501798
0.496937
0.511218
0.519286
0.50766
0.506392
0.510659
0.547955
0.527157
0.490868
0.520102
0.533976
0.5135
0.506667
0.510307
0.514627
0.526369
0.502338
0.513206
0.515054
0.506605
0.512825
0.513516
0.522501
0.512564
0.525354
0.534749
0.516691
0.508808
0.525097
0.524767
0.526497
0.51407
0.513736
0.518155
0.527848
0.507827
0.496035
0.516311
0.519305
0.512322
0.530059
0.510982
0.510431
0.519196
0.536935
0.515522
0.504116
0.514326
0.524843
0.511162
0.51254
0.51856
0.509696
0.510297
0.502491
0.511907
0.524993
0.524352
0.580502
0.509159
0.533799
0.509027
0.598048
0.506905
0.500097
0.511464
0.513626
0.555977
0.520585
0.523723
0.521781
0.522741
0.5802
0.495076
0.51365
0.525774
0.513675
0.521503
0.50356
0.51569
0.522426
0.514802
0.515704
0.539007
0.532611
0.510894
0.520013
0.520107
0.548111
0.509546
0.527354
0.533684
0.515672
0.556979
0.547894
0.512777
0.541228
0.532324
0.513745
0.516359
0.501302
0.518826
0.514738
0.503203
0.592951
0.502291
0.57631
0.514859
0.514682
0.525099
0.510103
0.592645
0.527035
0.534349
0.531807
0.528775
0.52131
0.514147
0.513049
0.498148
0.513337
0.534366
0.501044
0.497494
0.506772
0.514708
0.508336
0.504992
0.554772
0.543265
0.510547
0.503057
0.514206
0.515665
0.495871
0.550597
0.517222
0.514959
0.552177
0.515186
0.501032
0.518356
0.507388
0.501619
0.596268
0.516543
0.538436
0.538035
0.509252
0.554433
0.509756
0.505457
0.526577
0.52704
0.516007
0.524344
0.519077
0.536187
0.512213
0.537519
0.509015
0.528486
0.511329
0.51492
0.499704
0.576206
0.513886
0.517251
0.51259
0.511563
0.529383
0.512949
0.506156
0.597645
0.512242
0.513612
0.514235
0.512434
0.521183
0.569918
0.518694
0.50367
0.527251
0.503621
0.54163
0.497769
0.539898
0.558033
0.531609
0.507833
0.508251
