0.497848
0.496209
0.499172
0.509483
0.523268
0.503095
0.511467
0.50251
0.495096
0.518188
0.513803
0.5135
0.521769
0.506595
0.513882
0.513336
0.553474
0.562582
0.513241
0.511285
0.51304
0.508226
0.50614
0.508134
0.547049
0.544411
0.510769
0.508923
0.510156
0.510859
0.522678
0.521997
0.516545
0.520076
0.497149
0.497965
0.501499
0.507542
0.500574
0.497599
0.529698
0.516985
0.510672
0.508925
0.502363
0.509334
0.500465
0.53646
0.507086
0.510501
0.511242
0.511959
0.518103
0.514506
0.517872
0.512443
0.512573
0.503999
0.523077
0.516978
0.513848
0.514473
0.615158
0.620348
0.494407
0.499599
0.545239
0.538323
0.507677
0.61487
0.606803
0.540641
0.498913
0.502841
0.507886
0.515702
0.508361
0.51778
0.518564
0.515962
0.517152
0.528591
0.507006
0.506993
0.500804
0.514992
0.511204
0.511837
0.509499
0.57708
0.582354
0.574451
0.498745
0.507058
0.506545
0.509787
0.529575
0.516221
0.510759
0.537579
0.53454
0.531347
0.524145
0.523365
0.524649
0.543328
0.546276
0.523645
0.525678
0.521657
0.516292
0.519966
0.519648
0.520434
0.627894
0.616823
0.609895
0.535496
0.541019
0.51577
0.560608
0.554726
0.569495
0.646033
0.494199
0.513148
0.51212
0.514614
0.50036
0.504955
0.511606
0.506361
0.506626
0.512784
0.510302
0.513398
0.528381
0.523147
0.529677
0.501131
0.530019
0.515627
0.514008
0.51682
0.529945
0.531222
0.495937
0.500152
0.522003
0.510751
0.502493
0.513997
0.498528
0.502716
0.510068
0.511514
0.512543
0.49387
0.497638
0.525658
0.512342
0.512835
0.514195
0.515477
0.515181
0.522281
0.525726
0.529434
0.52416
0.58648
0.517163
0.526825
0.517218
0.550593
0.54653
0.516639
0.494791
0.492135
0.49718
0.529214
0.522214
0.529277
0.527228
0.506458
0.502667
0.596871
0.507519
0.50866
0.509972
0.513341
0.511528
0.522187
0.523431
0.515555
0.5139
0.513982
0.513297
0.514116
0.492152
0.511473
0.520008
0.520733
0.519536
0.520488
0.519179
0.519438
0.515256
0.511903
0.51936
0.519178
0.502406
0.502014
0.509852
0.530048
0.533123
0.532163
0.526203
0.541087
0.532563
0.50686
0.508653
0.532566
0.517791
0.524761
0.498564
0.50226
0.508325
0.506132
0.536103
0.533881
0.534266
0.522681
0.517766
0.52025
0.518967
0.52125
0.516689
0.538821
0.521897
0.52494
0.521499
0.533724
0.519298
0.513433
0.501501
0.513222
0.516299
0.516212
0.516264
0.515077
0.518846
0.524576
0.513757
0.51001
0.519069
0.511434
0.502338
0.51125
0.515116
0.515998
0.517095
0.529725
0.517838
0.527162
0.517016
0.510041
0.5136
0.519541
0.522969
0.526465
0.530231
0.533856
0.531259
0.538513
0.510015
0.538986
0.521347
0.495714
0.532041
0.52879
0.51267
0.51378
0.518831
0.523902
0.492547
0.502701
0.536147
0.497324
0.521693
0.51829
0.517633
0.517331
0.518244
0.514671
0.51457
0.532426
0.511442
0.515606
0.512981
0.539519
0.501053
0.501717
0.509811
0.525097
0.530363
0.514985
0.519194
0.519359
0.635548
0.625219
0.524806
0.523118
0.537726
0.527149
0.509612
0.572701
0.516723
0.512702
0.514059
0.520532
0.522675
0.535061
0.536584
0.528654
0.518861
0.519996
0.514665
0.511745
0.622065
0.526241
0.510087
0.541298
0.523918
0.5229
0.520735
0.522373
0.520163
0.51502
0.508784
0.518249
0.508237
0.513011
0.495286
0.498267
0.517371
0.51663
0.630202
0.501164
0.508675
0.509833
0.675423
0.512964
0.510828
0.508172
0.504869
0.49798
0.49432
0.54537
0.539256
0.543024
0.536905
0.631242
0.577596
0.512731
0.52652
0.510975
0.51796
0.509184
0.529327
0.52541
0.619534
0.619228
0.61856
0.509636
0.502855
0.521361
0.524837
0.518696
0.528859
0.529373
0.52213
0.518578
0.517619
0.521036
0.514127
0.500025
0.516829
0.517656
0.506687
0.500059
0.497269
0.53817
0.51174
0.514592
0.627972
0.527955
0.525951
0.515892
0.493464
0.520494
0.516621
0.519832
0.523031
0.524091
0.51702
0.521898
0.532787
0.53647
0.506425
0.504825
0.510183
0.512064
0.498254
0.527634
0.530676
0.494881
0.523666
0.52108
0.514258
0.51365
0.521476
0.522549
0.516204
0.521392
0.513871
0.514964
0.497128
0.518366
0.549756
0.526439
0.524454
0.523297
0.524246
0.542836
0.51475
0.503756
0.537066
0.516653
0.513807
0.569674
0.506952
0.535834
0.542533
0.64761
0.495016
0.502614
0.529661
0.540162
0.54131
0.509519
0.529429
0.514338
0.511632
0.501156
0.551848
0.563932
0.55539
0.52292
0.518223
0.514829
0.51338
0.50913
0.51959
0.519508
0.566963
0.495462
0.498505
0.526211
0.530509
0.532999
0.530034
0.517392
0.516116
0.513925
0.505792
0.509575
0.510759
0.518183
0.514693
0.556918
0.55086
0.568519
0.523432
0.523578
0.528215
0.51818
0.496761
0.497261
0.514034
0.538145
0.53801
0.533797
0.514482
0.514926
0.510964
0.509409
0.519035
0.560592
0.55976
0.551614
0.528585
0.62384
0.602613
0.584319
0.512836
0.51313
0.524244
0.53515
0.54522
0.558742
0.515985
0.515892
0.520732
0.520163
0.52006
0.514349
0.52175
0.521104
0.525631
0.5178
0.523439
0.633651
0.604923
0.541627
0.533824
0.536824
0.529919
0.525364
0.521826
0.527952
0.518201
0.518289
0.51935
0.52387
0.522085
0.526259
0.510789
0.509228
0.517928
0.525241
0.510688
0.510551
0.494742
0.50048
0.50383
0.496272
0.515584
0.638168
0.537474
0.50874
0.52986
0.527952
0.53131
0.537397
0.51996
0.547285
0.556834
0.522984
0.51655
0.51963
0.515208
0.507402
0.634986
0.63541
0.525329
0.542908
0.511739
0.510719
0.51121
0.515407
0.524133
0.640209
0.62688
0.513795
0.512196
0.518187
0.526227
0.541031
0.514657
0.586474
0.576895
0.499262
0.498491
0.498129
0.524472
0.531148
0.500893
0.517238
0.515417
0.525605
0.500366
0.526878
0.536386
0.530218
0.510853
0.513158
0.533797
0.536834
0.498336
0.507484
0.514749
0.509115
0.508137
0.521083
0.519652
0.508056
0.504433
0.543171
0.541921
0.532517
0.529594
0.534019
0.500224
0.522711
0.536645
0.509332
0.510668
0.513571
0.513134
0.513654
0.511403
0.499874
0.507936
0.505777
0.514193
0.508155
0.501424
0.511503
0.520901
0.518535
0.495391
0.524354
0.518002
0.519445
0.533626
0.578753
0.525423
0.523578
0.518891
0.535865
0.537317
0.532975
0.590233
0.615228
0.528465
0.533851
0.537461
0.506792
0.538893
0.515824
0.515517
0.51322
0.515143
0.490863
0.501655
0.518549
0.521713
0.496569
0.499906
0.512261
0.547289
0.530523
0.526576
0.512513
0.498261
0.517762
0.520965
0.522443
0.538058
0.508787
0.512231
0.507464
0.525364
0.520328
0.513956
0.539231
0.537256
0.524078
0.516091
0.606023
0.602627
0.507737
0.513435
0.530781
0.543936
0.506132
0.50016
0.513794
0.519052
0.514821
0.491652
0.51292
0.512977
0.534165
0.519434
0.518931
0.525696
0.549684
0.512427
0.534971
0.516191
0.505238
0.499145
0.504959
0.510722
0.502543
0.509
0.51175
0.526292
0.514404
0.53117
0.528424
0.537155
0.532121
0.497012
0.5024
0.51221
0.506106
0.512623
0.510143
0.550314
0.543342
0.499678
0.566391
0.613497
0.517076
0.512333
0.576751
0.574293
0.568151
0.524089
0.497156
0.511253
0.507758
0.507975
0.516406
0.51614
0.576431
0.584045
0.607968
0.501794
0.500937
0.512377
0.547666
0.523386
0.526675
0.523107
0.495186
0.501182
0.496635
0.534193
0.527911
0.530857
0.537806
0.53619
0.50176
0.510911
0.514681
0.514944
0.538667
0.513095
0.515489
0.496387
0.530255
0.531559
0.542608
0.546553
0.539524
0.525838
0.524488
0.524886
0.530896
0.525256
0.516385
0.519559
0.516593
0.538835
0.535353
0.521473
0.52001
0.522194
0.516913
0.505825
0.623571
0.508165
0.572798
0.52868
0.538694
0.547817
0.525161
0.525062
0.576189
0.499212
0.578081
0.571792
0.511989
0.516445
0.519769
0.511356
0.504276
0.502598
0.515546
0.513344
0.48967
0.514259
0.530446
0.514119
0.496215
0.500451
0.51081
0.494275
0.527506
0.517508
0.527846
0.53683
0.544265
0.52248
0.57422
0.513768
0.512073
0.513222
0.507294
0.499377
0.504402
0.507136
0.538501
0.533759
0.604833
0.520026
0.531286
0.539058
0.495382
0.499492
0.516121
0.4963
0.520923
0.518841
0.526978
0.530083
0.526063
0.495336
0.582865
0.535485
0.522335
0.506376
0.523059
0.518714
0.523564
0.544153
0.547502
0.540092
0.535604
0.510445
0.511107
0.529853
0.520512
0.511962
0.508347
0.510127
0.542837
0.502824
0.52679
0.513805
0.517673
0.523883
0.516259
0.519422
0.60563
0.617994
0.650867
0.514027
0.512114
0.513602
0.509316
0.509432
0.526565
0.534544
0.526343
0.572953
0.588449
0.535392
0.543227
0.499305
0.538401
0.541899
0.543968
0.530937
0.541119
0.521167
0.528325
0.51594
0.51826
0.518085
0.52575
0.588394
0.585171
0.513265
0.518909
0.522025
0.516786
0.529595
0.522749
0.525176
0.581151
0.5101
0.496462
0.498951
0.4925
0.526722
0.523936
0.528915
0.514065
0.51065
0.522799
0.522681
0.521063
0.499024
0.541293
0.50874
0.54041
0.493173
0.50846
0.511893
0.506743
0.527184
0.532093
0.501815
0.524025
0.535016
0.529029
0.523351
0.526464
0.527784
0.532022
0.615544
0.500471
0.51879
0.54394
0.539121
0.496524
0.554385
0.551105
0.513114
0.522534
0.638502
0.513045
0.548767
0.556743
0.507387
0.512218
0.511537
0.510822
0.503538
0.500454
0.502859
0.527428
0.529927
0.50545
0.514651
0.510935
0.505448
0.50616
0.51148
0.509551
0.508228
0.506018
0.601577
0.613216
0.532018
0.527725
0.537297
0.53598
0.532645
0.516069
0.501715
0.508597
0.501849
0.509889
0.511342
0.495919
0.501643
0.501491
0.512294
0.51378
0.515679
0.51593
0.522983
0.498176
0.497146
0.524675
0.503185
0.512186
0.603409
0.512069
0.492825
0.492963
0.518961
0.543905
0.495875
0.510101
0.510451
0.509584
0.515968
0.544736
0.529163
0.50693
0.542422
0.515505
0.50209
0.513937
0.509809
0.571995
0.492691
0.504251
0.5463
0.554899
0.550722
0.532952
0.527936
0.513197
0.514448
0.496407
0.509841
0.526875
0.523261
0.512749
0.512721
0.542349
0.529916
0.54263
0.510332
0.514207
0.519466
0.516124
0.514332
0.518924
0.513138
0.519374
0.514831
0.526409
0.52578
0.527091
0.528113
0.510871
0.511007
0.534775
0.530106
0.621852
0.517411
0.504053
0.537441
0.534455
0.596004
0.523043
0.510753
0.519276
0.531096
0.517015
0.517367
0.506649
0.510313
0.524239
0.530673
0.542729
0.516923
0.49265
0.532693
0.524849
0.511687
0.506465
0.529514
0.508627
0.514009
0.628884
0.51352
0.554204
0.513162
0.508776
0.512556
0.535708
0.541215
0.533314
0.514701
0.530305
0.528242
0.530102
0.508267
0.509958
0.49631
0.513466
0.492067
0.514298
0.505817
0.501934
0.512686
0.5239
0.525799
0.51429
0.515755
0.535187
0.524522
0.538747
0.536275
0.509581
0.509925
0.538073
0.529959
0.512223
0.611058
0.589562
0.525569
0.525004
0.528369
0.513332
0.507812
0.517294
0.511055
0.616342
0.524947
0.527203
0.52864
0.530133
0.521295
0.633215
0.506496
0.497899
0.514925
0.539485
0.518521
0.516057
0.55746
0.514863
0.527777
0.521624
0.518361
0.598847
0.62491
0.64553
0.657554
0.652106
0.497604
0.502219
0.514721
0.514237
0.532809
0.523781
0.512354
0.536397
0.504299
0.530272
0.532634
0.511688
0.513888
0.523725
0.522102
0.611712
0.534961
0.538254
0.581065
0.531546
0.545042
0.520783
0.528189
0.525729
0.49522
0.511614
0.494212
0.523351
0.507708
0.573862
0.512669
0.51187
0.530655
0.5291
0.513483
0.519844
0.5154
0.503785
0.517546
0.514053
0.529458
0.525739
0.506031
0.545207
0.52922
0.532594
0.499053
0.505745
0.494415
0.519755
0.495092
0.512178
0.512321
0.517152
0.590138
0.525244
0.520942
0.512565
0.514999
0.500257
0.538046
0.540176
0.545714
0.522695
0.527336
0.498856
0.510034
0.522602
0.525949
0.497018
0.503062
0.525903
0.520385
0.522551
0.575811
0.501392
0.525914
0.49255
0.536943
0.515676
0.525242
0.504017
0.503731
0.558156
0.525178
0.508413
0.508732
0.529823
0.49715
0.497471
0.500205
0.50741
0.529413
0.534951
0.641126
0.570939
0.533662
0.507585
0.605119
0.630818
0.510371
0.504514
0.510154
0.512395
0.506715
0.515717
0.516546
0.631679
0.619718
0.517788
0.493786
0.51859
0.51539
0.510327
0.532908
0.497664
0.498881
0.504079
0.53209
0.502433
0.511167
0.548333
0.542512
0.508488
0.521002
0.500008
0.602473
0.526126
0.635769
0.514629
0.547501
0.523736
0.5716
0.525844
0.566495
0.51066
0.515863
0.517963
0.514307
0.499435
0.524695
0.52774
0.509495
0.507543
0.541918
0.544509
0.555074
0.509943
0.514621
0.531222
0.530435
0.516212
0.525439
0.525507
0.515195
0.515767
0.514395
0.521857
0.501602
0.515529
0.530829
0.499508
0.509685
0.510001
0.512192
0.54154
0.524882
0.512685
0.523954
0.512453
0.509023
0.518774
0.525576
0.527362
0.525607
0.517399
0.51152
0.515858
0.499102
0.513113
0.514857
0.55672
0.511786
0.495869
0.508556
0.492937
0.516452
0.51392
0.536412
0.533743
0.524976
0.525314
0.512517
0.527489
0.512036
0.603607
0.54896
0.512723
0.499806
0.524167
0.564905
0.561488
0.506153
0.508623
0.514637
0.514027
0.495061
0.502557
0.514004
0.533395
0.585162
0.501015
0.497204
0.62639
0.641321
0.515276
0.524969
0.533475
0.560767
0.508507
0.502447
0.539757
0.523954
0.498004
0.542745
0.504079
0.512723
0.527281
0.54027
0.525779
0.499982
0.512874
0.514347
0.545786
0.50096
0.529959
0.514482
0.573643
0.504722
0.631651
0.539227
0.51777
0.499734
0.524586
0.490906
0.494239
0.506918
0.488759
0.542839
0.510156
0.492884
0.529
0.524134
0.49898
0.53083
0.490979
0.52887
0.491303
0.517329
0.52657
0.522662
0.536553
0.509728
0.533142
0.56053
0.582924
0.513567
0.533468
0.511579
0.510974
0.496612
0.497784
0.525956
0.573444
0.523607
0.505363
0.612561
0.515999
0.528941
0.670962
0.51276
0.530922
0.502315
0.510045
0.49457
0.530027
0.515775
0.517555
0.534559
0.545555
0.491317
0.490494
0.619243
0.515893
0.505909
0.514638
0.59276
0.505045
0.493067
0.621038
0.520111
0.515686
0.571332
0.516313
0.512275
0.551592
0.510541
0.518959
0.510509
0.497324
0.536164
0.512862
0.51245
0.534893
0.495223
0.511609
0.52883
0.502362
0.526451
0.527786
0.51125
0.526002
0.514413
0.572131
0.544857
0.495447
0.534921
0.536449
0.492402
0.510063
0.513355
0.509014
0.524613
0.5328
0.495741
0.527823
0.535565
0.555727
0.514379
0.512346
0.517535
0.515476
0.535494
0.513221
0.540099
0.524924
0.534362
0.512986
0.495413
0.487052
0.494965
0.558712
0.545226
0.493179
0.536872
0.492633
0.51153
0.538925
0.525878
0.586814
0.493171
0.495294
0.545094
0.503981
0.492336
0.542599
0.497576
0.496233
0.612476
0.526202
0.545212
0.53568
0.609392
0.493691
0.5244
0.521912
0.531068
0.530219
0.502586
0.526184
0.537921
0.511276
0.539465
0.546139
0.513885
0.49454
0.600366
0.51462
0.510781
0.495486
0.525189
0.525762
0.532696
0.584855
0.513795
0.514669
0.54071
0.51632
0.537914
0.527412
0.529428
0.519495
0.510174
0.537729
0.515036
0.552355
0.505672
0.510697
0.64568
0.528148
0.491841
0.532245
0.512619
0.54185
0.524952
0.539697
0.524096
0.529918
0.529996
0.53952
0.574711
0.49456
0.515358
0.515174
0.492619
0.532506
0.531623
0.515333
0.517923
0.522622
0.509777
0.517221
0.502101
0.60642
0.514
0.52355
0.525453
0.516818
0.521584
0.524974
0.514369
0.512648
0.53353
0.537676
0.508966
0.514197
0.516051
0.513736
0.520377
0.516197
0.514785
0.588424
0.608067
0.519306
0.521817
0.525654
0.53006
0.522999
0.500107
0.505671
0.58175
0.533431
0.537539
0.523229
0.521123
0.521042
0.527031
0.518163
0.500101
0.529133
0.532248
0.513705
0.555462
0.517513
0.533141
0.532511
0.508658
0.537651
0.53021
0.58361
0.524528
0.523683
0.515705
0.514781
0.576276
0.600102
0.614775
0.608372
0.511103
0.511406
0.514901
0.516114
0.518912
0.505263
0.518374
0.553807
0.517332
0.521236
0.508373
0.566425
0.503965
0.582628
0.509055
0.541492
0.519929
0.521842
0.520598
0.531453
0.517022
0.611037
0.513267
0.581193
0.589366
0.517324
0.499466
0.523774
0.516981
0.512373
0.520837
0.577079
0.546674
0.524635
0.517967
0.503844
0.522747
0.506327
0.649995
0.511252
0.512667
0.526131
0.517723
0.501669
0.511823
0.567505
0.523153
0.510291
0.532948
0.510991
0.512458
0.514193
0.515886
0.512385
0.524786
0.515619
0.512864
0.516933
0.515685
0.520632
0.519096
0.519076
0.575813
0.506602
0.531664
0.518246
0.524271
0.511389
0.5134
0.505266
0.625104
0.532338
0.516571
0.527242
0.529323
0.513325
0.517493
0.532999
0.634812
0.609141
0.523245
0.551766
0.526231
0.513298
0.51008
0.519035
0.511319
0.50735
0.501919
0.520397
0.516872
0.519771
0.517198
0.520706
0.515663
0.571608
0.515903
0.509683
0.519126
0.521511
0.611696
0.523291
0.546648
0.545409
0.516603
0.511997
0.556571
0.506753
0.51894
0.519361
0.522535
0.513407
0.520251
0.509444
0.51291
0.548833
0.515808
0.509671
0.514804
0.575498
0.5154
0.515049
0.514711
0.511148
0.512883
0.519366
0.538073
0.50711
0.517711
0.516488
0.507577
0.51132
0.514796
0.518429
0.532761
0.514188
0.503531
0.514299
0.51033
0.517019
0.502997
0.509983
0.582973
0.526769
0.525374
0.569703
0.527809
0.517138
0.508731
0.505435
0.511735
0.512346
0.515324
0.503434
0.508235
0.513414
0.531362
0.510029
0.518148
0.501205
0.543076
0.522092
0.511937
0.534872
0.507535
0.511336
0.513301
0.514376
0.524073
0.51262
0.511588
0.512091
0.512022
0.509532
0.50627
0.51364
0.504369
0.512674
0.507752
0.529833
0.524773
0.531923
0.513195
0.510943
0.514271
0.552255
0.512797
0.512649
0.512694
0.515037
0.511108
0.512295
0.511568
0.523899
0.525687
0.520319
0.598629
0.509769
0.586787
0.514818
0.500275
0.570444
0.51472
0.525903
0.530297
0.519956
0.505105
0.514585
0.51514
0.5108
0.520745
0.526485
0.567001
0.516716
0.525254
0.533119
0.517589
0.516511
0.524287
0.618449
0.514085
0.51619
0.50895
0.50952
0.511665
0.52717
0.518473
0.5232
0.513283
0.514023
0.517367
0.515037
0.518806
0.576225
0.511535
0.51628
0.559534
0.504031
0.516728
0.516915
0.515454
0.530239
0.523986
0.636031
0.502155
0.507662
0.509148
0.517598
0.518812
0.501084
0.527818
0.518152
0.513905
0.546884
0.497618
0.521583
0.512537
0.520713
0.510875
0.529034
0.508126
0.50244
0.514655
0.513144
0.5567
0.522397
0.520679
0.552244
0.504648
0.499186
0.525914
0.515939
0.509613
0.58522
0.538086
0.513704
0.523691
0.503864
0.522086
0.503199
0.541866
0.500639
0.516141
0.514284
0.49892
0.645515
0.628822
0.507217
0.517605
0.514458
0.527187
0.587467
0.519016
0.503323
0.508421
0.514362
0.533207
0.526486
0.516196
0.525832
0.533922
0.615746
0.518599
0.531386
0.527501
0.587899
0.520835
0.526132
0.569863
0.518254
0.522016
0.529201
0.523874
0.503762
0.512966
0.531673
0.515854
0.50803
0.501787
0.503524
0.520249
0.512389
0.524759
0.564583
0.498551
0.513842
0.51117
0.520407
0.517263
0.527312
0.519324
0.522184
0.562767
0.528819
0.525547
0.514324
0.510006
0.521568
0.517811
0.517239
0.523859
0.512917
0.599743
0.513522
0.508839
0.496033
0.509255
0.529507
0.534398
0.496783
0.501404
0.550236
0.523983
0.522343
0.538263
0.524894
0.501862
0.569658
0.515263
0.539352
0.532091
0.538047
0.520483
0.537461
0.507871
0.518125
0.516291
0.522165
0.520372
0.524896
0.515106
0.533879
0.516324
0.518475
0.514439
0.542447
0.523546
0.510912
0.560168
0.505029
0.515943
0.5146
0.515525
0.560988
0.520137
0.5164
0.517554
0.540389
0.527476
0.500825
0.516673
0.565568
0.512569
0.542177
0.580931
0.520916
0.538665
0.511454
0.527605
0.545381
0.555659
0.510587
0.508722
0.505499
0.513319
0.519046
0.527115
0.510384
0.508035
0.512047
0.547673
0.511321
0.511227
0.530729
0.520037
0.511312
0.511891
0.571869
0.537846
0.524122
0.588863
0.502372
0.563969
0.545201
0.502707
0.52316
0.529845
0.515693
0.541794
0.525908
0.521186
0.51512
0.518852
0.513972
0.533161
0.510919
0.508472
0.510422
0.534964
0.510791
0.503455
0.604908
0.51742
0.506901
0.520138
0.517163
0.501423
0.507045
0.524088
0.604865
0.574708
0.497436
0.521985
0.515153
0.539284
0.537016
0.562299
0.538788
0.509669
0.510826
0.611223
0.51662
0.512894
0.509911
0.509986
0.540623
0.509698
0.511958
0.524476
0.520718
0.516018
0.612334
0.512847
0.536973
0.528265
0.514805
0.523732
0.508757
0.513649
0.516496
0.491227
0.518052
0.512613
0.505388
