0.501509
0.49632
0.502653
0.504152
0.510316
0.50996
0.493418
0.498725
0.497807
0.51596
0.509916
0.514449
0.495711
0.551269
0.570136
0.515375
0.511799
0.507151
0.511263
0.514676
0.511225
0.511287
0.514126
0.513612
0.520333
0.517382
0.515981
0.518981
0.517715
0.501546
0.507131
0.501722
0.524702
0.530519
0.51599
0.505713
0.511991
0.507651
0.505444
0.504388
0.53453
0.50992
0.509443
0.505223
0.514387
0.506204
0.512767
0.517795
0.511322
0.508303
0.505675
0.509412
0.501535
0.507295
0.652388
0.632923
0.524548
0.511194
0.607934
0.495377
0.499636
0.546554
0.543733
0.595409
0.59955
0.499963
0.514858
0.514159
0.513664
0.513358
0.5121
0.51354
0.513256
0.515912
0.500739
0.50775
0.513834
0.503095
0.505423
0.510035
0.510635
0.510509
0.572598
0.573219
0.58017
0.498522
0.53568
0.534693
0.512319
0.512901
0.510393
0.52071
0.540224
0.538468
0.512987
0.514794
0.51545
0.523482
0.523351
0.523212
0.547132
0.516265
0.520558
0.515804
0.517666
0.51695
0.516371
0.517022
0.504672
0.500815
0.656301
0.643038
0.646523
0.533545
0.538901
0.507445
0.501124
0.508155
0.510154
0.556807
0.561897
0.526009
0.607323
0.497305
0.512291
0.511616
0.502969
0.50798
0.509197
0.511978
0.512542
0.524244
0.525541
0.526616
0.502698
0.504561
0.513819
0.514709
0.513799
0.534048
0.531653
0.515992
0.514954
0.515326
0.515192
0.494255
0.512
0.510426
0.511995
0.496771
0.532935
0.529311
0.513718
0.51459
0.513433
0.512675
0.510567
0.512805
0.524062
0.522065
0.52835
0.641444
0.524873
0.52963
0.524163
0.563794
0.558572
0.55138
0.50619
0.52815
0.501491
0.510221
0.603094
0.589608
0.512589
0.511075
0.509217
0.520276
0.514615
0.513677
0.512262
0.512948
0.515907
0.513252
0.510658
0.519048
0.519379
0.518739
0.517092
0.511907
0.512508
0.516068
0.511631
0.525449
0.52026
0.523957
0.511452
0.504001
0.530333
0.532356
0.532225
0.535236
0.534811
0.525182
0.51106
0.510324
0.533991
0.512819
0.496262
0.500583
0.519245
0.519301
0.503452
0.536534
0.531516
0.600658
0.523025
0.503686
0.521487
0.521171
0.558285
0.553457
0.540744
0.540412
0.507694
0.516416
0.503152
0.539074
0.528024
0.518772
0.523817
0.526498
0.51029
0.518996
0.513116
0.502242
0.512279
0.510854
0.508443
0.50675
0.521764
0.51815
0.510404
0.511609
0.504939
0.502801
0.517105
0.516029
0.526177
0.541072
0.519013
0.515956
0.514058
0.525858
0.523245
0.524395
0.528864
0.515368
0.528572
0.526496
0.531298
0.527446
0.50871
0.505944
0.534855
0.533161
0.494725
0.505543
0.532819
0.527027
0.517437
0.522611
0.536724
0.538924
0.531217
0.528944
0.51839
0.515821
0.535468
0.535013
0.511254
0.538588
0.513182
0.507535
0.524589
0.512026
0.630199
0.596156
0.661503
0.52168
0.51932
0.526323
0.510485
0.495138
0.495436
0.584289
0.526688
0.521203
0.529428
0.515929
0.515324
0.53546
0.529877
0.531622
0.528406
0.520393
0.521811
0.598528
0.519504
0.518038
0.513685
0.511574
0.513592
0.615126
0.613858
0.504117
0.515485
0.544657
0.54975
0.525869
0.522022
0.520842
0.519736
0.521733
0.522256
0.632082
0.573463
0.529176
0.515598
0.509151
0.511309
0.49446
0.522634
0.523346
0.513887
0.513546
0.501812
0.50836
0.508816
0.507845
0.505829
0.51144
0.622129
0.508769
0.508815
0.56465
0.576878
0.500816
0.550955
0.54175
0.494363
0.62418
0.496607
0.525874
0.523582
0.501355
0.516429
0.517442
0.517787
0.511816
0.513795
0.513362
0.529933
0.523904
0.524034
0.646379
0.625371
0.508805
0.521108
0.521969
0.518114
0.534154
0.534587
0.515882
0.536858
0.518929
0.520938
0.521578
0.509288
0.516358
0.516174
0.537323
0.54176
0.534809
0.535144
0.5122
0.513447
0.572998
0.524816
0.518023
0.519646
0.524786
0.525254
0.533738
0.530285
0.533582
0.51639
0.515437
0.501455
0.504594
0.512694
0.498765
0.531878
0.519554
0.516823
0.525811
0.513341
0.511469
0.522718
0.522531
0.515107
0.519092
0.514494
0.51401
0.49022
0.498533
0.50386
0.515915
0.517361
0.524871
0.522732
0.523765
0.523027
0.498434
0.513904
0.51269
0.542942
0.518929
0.500592
0.504302
0.543314
0.539974
0.661576
0.502867
0.500537
0.527066
0.528153
0.510514
0.530964
0.5126
0.497386
0.499353
0.50765
0.545998
0.540868
0.49374
0.496578
0.549628
0.568668
0.560104
0.522032
0.530472
0.518518
0.515039
0.519991
0.583216
0.52236
0.519773
0.498558
0.522885
0.526089
0.533156
0.517942
0.59792
0.51033
0.510718
0.512127
0.508349
0.509967
0.516683
0.51594
0.526807
0.558945
0.544082
0.522125
0.525015
0.519793
0.533175
0.496081
0.515274
0.536573
0.537392
0.533769
0.51068
0.509313
0.510241
0.508934
0.524025
0.52149
0.516588
0.506393
0.537557
0.538368
0.638511
0.632553
0.513477
0.512704
0.5154
0.519124
0.508283
0.511755
0.520509
0.540751
0.541754
0.512851
0.520793
0.532079
0.51276
0.510073
0.546604
0.522199
0.545324
0.514587
0.524294
0.521287
0.537439
0.54342
0.529539
0.52434
0.520574
0.513164
0.51857
0.512754
0.515123
0.522204
0.507129
0.51765
0.532279
0.530066
0.510764
0.496201
0.50032
0.50563
0.49854
0.515722
0.520184
0.613442
0.537926
0.508161
0.510466
0.525819
0.51826
0.528715
0.545847
0.529611
0.527887
0.530944
0.525695
0.534223
0.537881
0.514058
0.637309
0.634924
0.560485
0.54854
0.524031
0.515339
0.514692
0.523834
0.530085
0.510596
0.596687
0.595987
0.575282
0.525914
0.496874
0.503809
0.511451
0.512035
0.513008
0.514223
0.510172
0.511548
0.529585
0.525797
0.529844
0.534407
0.536522
0.537513
0.60764
0.594596
0.543547
0.523207
0.531789
0.528755
0.520654
0.498388
0.519334
0.5256
0.510603
0.511325
0.53868
0.530149
0.502244
0.508094
0.506532
0.507697
0.541885
0.539249
0.517408
0.517664
0.501937
0.54017
0.513292
0.51328
0.545321
0.540508
0.50267
0.502266
0.59892
0.599677
0.496674
0.521448
0.521078
0.533772
0.565517
0.524634
0.523132
0.524906
0.524606
0.518546
0.540985
0.539458
0.532335
0.532298
0.586732
0.615913
0.536576
0.532523
0.530436
0.538927
0.532918
0.513683
0.59217
0.521513
0.527835
0.514547
0.511095
0.514318
0.521838
0.50812
0.515017
0.548765
0.542643
0.530597
0.522494
0.500628
0.504509
0.51658
0.520133
0.521083
0.538437
0.518467
0.516925
0.51745
0.514315
0.513925
0.521753
0.515528
0.533743
0.527817
0.500981
0.505667
0.516497
0.514578
0.585253
0.570173
0.512399
0.50752
0.507899
0.508002
0.509851
0.529434
0.515879
0.514798
0.502341
0.51212
0.507744
0.520533
0.49503
0.514797
0.514101
0.4902
0.495941
0.511355
0.51193
0.507032
0.501999
0.503113
0.516239
0.516463
0.52657
0.54967
0.541243
0.536656
0.503356
0.51263
0.507407
0.505501
0.508523
0.510647
0.521853
0.514838
0.537849
0.535088
0.49588
0.50359
0.522617
0.512166
0.500869
0.511882
0.511541
0.511219
0.537274
0.547208
0.501261
0.496265
0.556988
0.657725
0.645879
0.513873
0.513444
0.520995
0.51149
0.603261
0.589895
0.593525
0.511946
0.510967
0.517355
0.518096
0.512981
0.579018
0.590349
0.607923
0.500087
0.510716
0.524401
0.522743
0.520421
0.499506
0.50041
0.533131
0.530768
0.529645
0.526089
0.497836
0.499357
0.508034
0.507273
0.513377
0.51474
0.510643
0.516455
0.529493
0.534199
0.534305
0.588244
0.514248
0.513296
0.493034
0.525369
0.530233
0.542893
0.542074
0.514746
0.562334
0.553629
0.534165
0.517266
0.521146
0.53744
0.514514
0.519618
0.516459
0.519865
0.518358
0.535308
0.520575
0.508106
0.501515
0.582009
0.580119
0.502668
0.644937
0.609447
0.509609
0.560991
0.527454
0.500706
0.533544
0.517097
0.539477
0.51788
0.584687
0.498062
0.593086
0.509774
0.515745
0.526933
0.519362
0.516241
0.513167
0.505295
0.517671
0.511774
0.512951
0.492681
0.525243
0.504141
0.501692
0.503823
0.502608
0.495899
0.521961
0.495224
0.519284
0.536403
0.512196
0.542799
0.524222
0.519604
0.517953
0.51118
0.511099
0.581399
0.506284
0.50808
0.504432
0.511175
0.509445
0.513071
0.537904
0.536915
0.5402
0.534783
0.49545
0.51694
0.49378
0.519106
0.531865
0.540412
0.582987
0.530072
0.513605
0.517028
0.509736
0.508624
0.547563
0.54203
0.501298
0.497461
0.498615
0.537519
0.514391
0.515748
0.510418
0.497413
0.499484
0.501784
0.526518
0.523279
0.532646
0.507528
0.504534
0.509747
0.540031
0.540123
0.527136
0.512024
0.517985
0.524435
0.514905
0.522232
0.505939
0.644481
0.512391
0.510547
0.509836
0.509791
0.506368
0.51142
0.513593
0.538331
0.524994
0.53255
0.513166
0.523122
0.525336
0.521995
0.580772
0.54073
0.534487
0.545783
0.530522
0.520923
0.518201
0.527471
0.513755
0.525188
0.517108
0.518487
0.525141
0.525481
0.546482
0.538806
0.606683
0.513677
0.514627
0.51916
0.531911
0.513143
0.515477
0.537528
0.520367
0.599581
0.613114
0.598641
0.515495
0.497499
0.49979
0.493615
0.521875
0.522875
0.533463
0.529383
0.515042
0.507491
0.555744
0.521444
0.526255
0.575671
0.570585
0.541465
0.494885
0.508047
0.506769
0.509666
0.496388
0.501817
0.521088
0.528
0.524221
0.507172
0.509756
0.530137
0.504405
0.516535
0.545343
0.540378
0.495105
0.48956
0.556396
0.551813
0.550768
0.513747
0.505528
0.500864
0.506974
0.509087
0.506563
0.504123
0.524111
0.529369
0.5077
0.514471
0.512831
0.500428
0.499443
0.502073
0.626917
0.612523
0.530536
0.539997
0.533748
0.531288
0.517935
0.526357
0.505392
0.513775
0.512071
0.515809
0.493029
0.552088
0.654141
0.505842
0.499406
0.504379
0.500842
0.508495
0.527728
0.50179
0.497179
0.522797
0.501631
0.501564
0.509427
0.507702
0.513601
0.574018
0.49376
0.49722
0.508112
0.513002
0.511341
0.54987
0.513708
0.532895
0.519849
0.542465
0.521423
0.516954
0.513198
0.498292
0.514399
0.527923
0.523411
0.512965
0.512611
0.494805
0.516513
0.523202
0.512997
0.522011
0.510997
0.490364
0.51214
0.522346
0.512212
0.516224
0.512902
0.515081
0.525025
0.523248
0.514767
0.526363
0.510708
0.540243
0.499563
0.530551
0.514005
0.536982
0.533218
0.51718
0.502254
0.494016
0.528917
0.51567
0.516477
0.515039
0.500645
0.51044
0.509586
0.514222
0.530389
0.541649
0.517373
0.517949
0.507666
0.509566
0.512203
0.53018
0.510869
0.513866
0.614671
0.577405
0.514755
0.512234
0.511669
0.49925
0.54124
0.513928
0.513204
0.498575
0.503883
0.535754
0.496726
0.501795
0.491934
0.497067
0.511036
0.505548
0.512825
0.524354
0.524147
0.535896
0.519592
0.539417
0.511064
0.505661
0.50918
0.534353
0.527209
0.529393
0.603096
0.523817
0.516659
0.519566
0.521719
0.524548
0.489752
0.497525
0.622466
0.644356
0.513657
0.516171
0.506927
0.606343
0.512983
0.531846
0.527566
0.495662
0.535474
0.519689
0.679904
0.683198
0.506677
0.501471
0.510881
0.494568
0.510499
0.508263
0.518523
0.515564
0.524211
0.507107
0.549347
0.557131
0.515333
0.632456
0.526099
0.602516
0.64102
0.640722
0.513518
0.601458
0.501707
0.503748
0.534756
0.530143
0.526996
0.528079
0.531015
0.53187
0.546269
0.512666
0.522634
0.613446
0.563458
0.574484
0.529223
0.546222
0.523686
0.513282
0.496763
0.500717
0.596114
0.509612
0.51204
0.521118
0.529513
0.534535
0.514743
0.516976
0.504123
0.530743
0.494693
0.498222
0.515189
0.494524
0.514091
0.513561
0.51259
0.520232
0.638549
0.526021
0.536893
0.546052
0.544156
0.546732
0.52146
0.511097
0.548076
0.529613
0.508227
0.509596
0.525645
0.523652
0.513286
0.515615
0.525596
0.522442
0.516495
0.514183
0.549442
0.525483
0.491405
0.622202
0.638037
0.633282
0.542199
0.524891
0.506727
0.510249
0.589049
0.653954
0.523289
0.529681
0.506892
0.507306
0.509707
0.527947
0.495782
0.49973
0.574078
0.541418
0.497688
0.504244
0.530848
0.534706
0.647615
0.56579
0.558953
0.621677
0.509716
0.509704
0.513144
0.51122
0.514675
0.517407
0.603108
0.514139
0.511874
0.548067
0.497239
0.511774
0.508115
0.504253
0.500713
0.539578
0.532542
0.496877
0.497804
0.626049
0.495104
0.532705
0.531503
0.521898
0.548258
0.513186
0.54394
0.520098
0.532502
0.600412
0.58245
0.584847
0.497449
0.517121
0.541871
0.514314
0.523593
0.565907
0.523477
0.566137
0.536047
0.510602
0.515975
0.527129
0.508229
0.508247
0.605587
0.525425
0.656128
0.507292
0.544394
0.534653
0.551315
0.537216
0.560643
0.515476
0.526344
0.552919
0.494495
0.553363
0.509242
0.528814
0.499575
0.508739
0.518845
0.515712
0.499614
0.514254
0.510769
0.528097
0.522398
0.497603
0.504505
0.511066
0.515305
0.495085
0.522099
0.500371
0.505106
0.513136
0.516342
0.491786
0.492027
0.537213
0.520825
0.525803
0.524435
0.520643
0.512736
0.515627
0.513303
0.539003
0.549759
0.513148
0.500748
0.517696
0.556957
0.565474
0.537943
0.51079
0.513483
0.49857
0.50567
0.511821
0.53479
0.513653
0.513574
0.617575
0.500697
0.495181
0.514147
0.578678
0.509855
0.629966
0.52687
0.545312
0.495947
0.495628
0.547257
0.544625
0.515359
0.50582
0.588873
0.531339
0.527854
0.523337
0.538868
0.526241
0.498257
0.495865
0.512495
0.512852
0.501093
0.543758
0.508976
0.515371
0.527877
0.571417
0.511465
0.509497
0.508345
0.544652
0.532128
0.538109
0.545357
0.523969
0.502984
0.532134
0.487898
0.493308
0.537973
0.510458
0.494574
0.529525
0.525438
0.495672
0.531365
0.4896
0.493068
0.5251
0.537904
0.516337
0.537221
0.514127
0.497481
0.523259
0.493482
0.516061
0.51561
0.570179
0.498584
0.504514
0.51509
0.645989
0.501007
0.515201
0.51384
0.514581
0.527456
0.546821
0.54285
0.536172
0.513375
0.499869
0.532742
0.505489
0.50661
0.492954
0.528639
0.528682
0.515552
0.515414
0.530435
0.524422
0.491467
0.620028
0.528583
0.517576
0.524848
0.509161
0.508528
0.505179
0.493556
0.544289
0.541498
0.549837
0.50923
0.512681
0.541295
0.495026
0.50981
0.510461
0.510487
0.533262
0.541737
0.525714
0.532142
0.499103
0.532686
0.590471
0.525505
0.52661
0.527663
0.530133
0.516782
0.498393
0.491625
0.534486
0.567497
0.509364
0.513044
0.505189
0.532206
0.495715
0.532364
0.538501
0.512722
0.49647
0.539366
0.510469
0.535806
0.492945
0.528857
0.512904
0.492397
0.509678
0.509696
0.490114
0.526768
0.525286
0.546506
0.551969
0.508037
0.494541
0.527711
0.490687
0.512529
0.497617
0.526133
0.496172
0.523186
0.49033
0.512263
0.537236
0.502933
0.498768
0.516598
0.500293
0.49129
0.562813
0.533685
0.504251
0.524756
0.510445
0.546347
0.515723
0.528006
0.512886
0.497904
0.52446
0.504382
0.53332
0.57688
0.507226
0.513963
0.534079
0.498206
0.511393
0.536107
0.517355
0.540316
0.537602
0.509048
0.51071
0.511487
0.529074
0.494797
0.533435
0.493993
0.542014
0.525205
0.527694
0.597821
0.530545
0.540687
0.52985
0.574835
0.498341
0.496779
0.514193
0.5316
0.618641
0.533223
0.515924
0.517291
0.504314
0.510785
0.506568
0.59704
0.51043
0.504798
0.508342
0.523797
0.502045
0.509298
0.506186
0.514014
0.513724
0.528368
0.557089
0.542715
0.512156
0.51256
0.516749
0.533251
0.514329
0.515483
0.513003
0.513666
0.513968
0.517955
0.521186
0.530765
0.521904
0.521174
0.511448
0.510061
0.511185
0.510075
0.516335
0.572775
0.619861
0.510803
0.499555
0.509299
0.536666
0.597778
0.514661
0.517548
0.515491
0.525886
0.520087
0.50332
0.511317
0.507012
0.514578
0.519273
0.580762
0.51211
0.522311
0.521803
0.509896
0.521489
0.527225
0.521886
0.547879
0.51642
0.537473
0.623157
0.515668
0.52934
0.516179
0.531685
0.509368
0.513583
0.505008
0.510405
0.517861
0.514403
0.522157
0.527612
0.510552
0.514092
0.513396
0.501156
0.50624
0.532776
0.524984
0.530138
0.518102
0.541355
0.523841
0.517853
0.518653
0.537843
0.516802
0.513846
0.514324
0.514643
0.521736
0.606299
0.618592
0.62437
0.607195
0.584042
0.516788
0.513883
0.511513
0.516319
0.582172
0.518414
0.521384
0.514658
0.513302
0.517175
0.513116
0.54549
0.580332
0.517741
0.522357
0.572526
0.559758
0.516759
0.500415
0.520634
0.521997
0.525648
0.513176
0.531941
0.533669
0.518205
0.517015
0.518855
0.517329
0.516866
0.584656
0.517433
0.508285
0.59035
0.550429
0.522025
0.524463
0.532933
0.614069
0.518573
0.523125
0.518003
0.513894
0.546287
0.505203
0.50962
0.507972
0.571516
0.510182
0.544092
0.52572
0.509724
0.510224
0.507759
0.509956
0.509621
0.512598
0.516539
0.514733
0.509143
0.514143
0.509055
0.511885
0.530609
0.517831
0.519381
0.51927
0.52235
0.51494
0.5084
0.514003
0.574209
0.502626
0.529989
0.521839
0.508688
0.518102
0.529962
0.516846
0.51654
0.507658
0.512977
0.524143
0.559654
0.559564
0.511926
0.515015
0.511534
0.505305
0.502359
0.506725
0.51756
0.516328
0.516648
0.523583
0.510842
0.512204
0.514602
0.503797
0.640665
0.520212
0.511027
0.518642
0.509172
0.519814
0.522057
0.517406
0.508416
0.523438
0.510791
0.51772
0.515971
0.51467
0.522085
0.512127
0.512872
0.510759
0.656571
0.51303
0.522969
0.515232
0.51771
0.596587
0.573223
0.511966
0.512093
0.531341
0.520283
0.56216
0.512611
0.52679
0.505515
0.524844
0.513945
0.494141
0.524931
0.545264
0.514389
0.520785
0.514742
0.523788
0.558209
0.528575
0.513035
0.501733
0.513065
0.542239
0.513184
0.511691
0.511224
0.511836
0.52515
0.51089
0.513275
0.517783
0.509453
0.513846
0.511583
0.50912
0.516405
0.507837
0.503143
0.518601
0.509705
0.518895
0.542001
0.499942
0.528828
0.525658
0.510873
0.513243
0.51586
0.507405
0.508877
0.511728
0.615624
0.512361
0.527412
0.530363
0.529357
0.513684
0.518444
0.506856
0.591796
0.514871
0.507507
0.607716
0.519181
0.524302
0.515856
0.518855
0.519626
0.508702
0.526232
0.512088
0.532521
0.516234
0.513028
0.494103
0.527396
0.51742
0.548298
0.525504
0.527575
0.506378
0.514469
0.514895
0.521929
0.528266
0.507149
0.515393
0.53546
0.501778
0.51192
0.509136
0.520667
0.530297
0.512873
0.511724
0.511668
0.509402
0.514825
0.517509
0.510933
0.523028
0.514226
0.522536
0.564885
0.516636
0.532707
0.523616
0.522596
0.513098
0.513674
0.518246
0.507883
0.511714
0.522246
0.509519
0.563885
0.512316
0.505347
0.517322
0.557137
0.497023
0.512549
0.53156
0.527348
0.524821
0.510549
0.508104
0.513428
0.508448
0.512913
0.531354
0.531473
0.551461
0.51319
0.519384
0.50884
0.511936
0.515314
0.506643
0.510769
0.515942
0.504075
0.511976
0.547334
0.516895
0.536352
0.533441
0.513167
0.499245
0.555314
0.519842
0.514091
0.532535
0.515642
0.519087
0.517945
0.528946
0.51034
0.629969
0.531473
0.547769
0.514238
0.526686
0.579143
0.520043
0.509288
0.518764
0.53445
0.527739
0.524792
0.600313
0.504996
0.509996
0.527346
0.52705
0.511463
0.498371
0.517362
0.523377
0.503329
0.58764
0.515187
0.514625
0.505095
0.507809
0.59295
0.514321
0.556161
0.510414
0.602322
0.501971
0.515002
0.530976
0.569265
0.520552
0.534376
0.526227
0.528871
0.5203
0.511685
0.526447
0.506959
0.527754
0.624601
0.517173
0.526213
0.521631
0.511264
0.502072
0.524879
0.526415
0.523258
0.527115
0.522851
0.50684
0.507912
0.513613
0.530536
0.509887
0.544741
0.51435
0.514008
0.531306
0.517562
0.522243
0.511714
0.507007
0.513481
0.522745
0.508964
0.521086
0.51269
0.527021
0.526387
0.500997
0.535781
0.51853
0.515242
0.5215
0.620995
0.551267
0.508128
0.506423
0.51858
0.505117
0.500657
0.497755
0.645258
0.508441
0.552506
0.529559
0.513073
0.523307
0.512378
0.579228
0.525022
0.571902
0.530086
0.549193
0.503824
0.510327
0.517999
0.512013
0.519758
0.508986
0.517384
0.511702
0.50611
0.638584
0.632833
0.505128
0.506779
0.514639
0.50887
0.515531
0.635529
0.57172
0.524669
0.491769
0.491027
0.52109
0.509625
0.512505
0.52173
0.507451
0.498942
0.515931
0.492651
0.514754
0.511181
0.5105
0.522656
0.520428
0.51747
0.498249
0.530887
0.516715
0.515224
0.511965
0.570412
0.513503
0.519257
0.510608
0.512053
0.555236
0.499439
0.522832
0.505025
0.541703
0.547529
0.541553
0.503593
0.512584
0.512853
0.515164
0.552136
0.532251
0.612277
0.58355
0.529155
0.529908
0.520241
0.512503
0.568926
0.532248
0.521699
0.535391
0.539724
0.522849
0.555631
0.520716
0.52458
0.534752
0.527201
0.514678
0.547381
0.515137
0.507921
0.540816
0.519946
0.523552
0.525378
0.497532
0.506236
0.523479
0.51124
0.514039
0.519089
0.524225
0.532325
0.512388
0.521239
0.514182
0.506554
0.512401
0.510898
0.520297
0.516449
0.503401
0.534878
0.606983
0.512772
0.523031
0.531635
