0.499034
0.502222
0.524738
0.516236
0.527485
0.502112
0.505889
0.50089
0.505421
0.529006
0.524706
0.492809
0.609928
0.608168
0.518353
0.518547
0.498637
0.514995
0.515864
0.512918
0.497138
0.508685
0.511712
0.510261
0.504294
0.511179
0.547287
0.543067
0.562351
0.519478
0.520393
0.515376
0.516538
0.517874
0.501616
0.510702
0.516522
0.516908
0.508584
0.506902
0.503028
0.508478
0.503493
0.531685
0.535978
0.509695
0.508559
0.515332
0.508249
0.508452
0.504243
0.504509
0.587666
0.518517
0.5206
0.511697
0.510151
0.513342
0.588012
0.617807
0.601422
0.529416
0.496249
0.501587
0.526348
0.501953
0.504926
0.622084
0.623916
0.499965
0.515435
0.515266
0.5137
0.514993
0.514426
0.513151
0.513547
0.512729
0.507487
0.512079
0.513708
0.505095
0.507662
0.510519
0.58975
0.593142
0.500231
0.503353
0.502543
0.498946
0.510475
0.535414
0.511479
0.517034
0.515827
0.544855
0.535604
0.519209
0.516275
0.525964
0.524442
0.525176
0.539401
0.512481
0.515495
0.536857
0.529362
0.527217
0.518162
0.516696
0.500809
0.497313
0.525645
0.521239
0.532827
0.537606
0.501009
0.507047
0.629411
0.612549
0.589039
0.493378
0.511473
0.49893
0.504822
0.513433
0.504748
0.50756
0.510965
0.525241
0.581357
0.596383
0.537993
0.533882
0.530949
0.533293
0.529167
0.526442
0.511033
0.514232
0.526217
0.522676
0.523788
0.524373
0.514687
0.530161
0.513779
0.515137
0.512517
0.508349
0.509787
0.512389
0.528482
0.54432
0.530309
0.520565
0.525845
0.561686
0.557252
0.546981
0.552284
0.510564
0.511727
0.52538
0.509755
0.506399
0.505049
0.50613
0.497099
0.501095
0.51043
0.511103
0.508625
0.511868
0.513033
0.51115
0.517643
0.513244
0.525322
0.512388
0.505071
0.527314
0.530637
0.49805
0.502214
0.52018
0.519127
0.534765
0.529633
0.50418
0.527179
0.520016
0.530658
0.532686
0.530784
0.528292
0.588983
0.523305
0.570202
0.558748
0.528317
0.51656
0.523659
0.508672
0.512989
0.502706
0.510678
0.512037
0.506861
0.512234
0.500961
0.508534
0.515173
0.522736
0.517397
0.514147
0.512434
0.511346
0.513575
0.512365
0.500425
0.545686
0.51273
0.510752
0.513961
0.524714
0.518083
0.522966
0.59121
0.588367
0.519747
0.525582
0.527489
0.532268
0.53132
0.508646
0.53198
0.516569
0.527585
0.496478
0.50256
0.500153
0.505085
0.529256
0.524192
0.513844
0.516253
0.515838
0.524177
0.521248
0.539842
0.497434
0.524442
0.520799
0.514299
0.511742
0.535468
0.532132
0.490397
0.503836
0.497439
0.510485
0.513615
0.514897
0.513207
0.518038
0.515647
0.523359
0.520033
0.522986
0.51968
0.522582
0.502188
0.496036
0.498909
0.570585
0.572864
0.518426
0.527891
0.525264
0.52605
0.513787
0.508509
0.535363
0.530962
0.53
0.511086
0.571061
0.518662
0.518204
0.513673
0.513339
0.512616
0.659516
0.492992
0.49913
0.528986
0.529271
0.523414
0.524693
0.509637
0.504568
0.511941
0.513506
0.513625
0.52902
0.521024
0.542309
0.546082
0.539411
0.503004
0.495061
0.502691
0.52473
0.519107
0.522465
0.518179
0.515034
0.611728
0.520608
0.518355
0.50889
0.509161
0.510633
0.65252
0.651958
0.512114
0.507247
0.577646
0.499319
0.581577
0.510751
0.50139
0.51471
0.516625
0.503826
0.521174
0.51314
0.510128
0.624981
0.659209
0.633729
0.503869
0.521081
0.531154
0.528517
0.515145
0.519415
0.53325
0.520832
0.518714
0.513666
0.537705
0.541759
0.535325
0.56184
0.528362
0.522652
0.49669
0.53481
0.495186
0.500749
0.519287
0.518582
0.519778
0.51884
0.509301
0.511114
0.521415
0.521213
0.533094
0.534993
0.515762
0.515158
0.494274
0.501054
0.515516
0.512349
0.530883
0.524799
0.518472
0.514798
0.525526
0.525817
0.52061
0.494698
0.498114
0.501471
0.518769
0.521447
0.524762
0.538891
0.522516
0.522983
0.523516
0.500953
0.512898
0.512103
0.508994
0.590978
0.499452
0.506202
0.499262
0.528543
0.533684
0.510436
0.531308
0.527325
0.517872
0.512129
0.50372
0.505627
0.542024
0.548054
0.537609
0.534053
0.521743
0.527817
0.495379
0.495302
0.526506
0.54969
0.56302
0.521205
0.515401
0.506647
0.543746
0.515655
0.513553
0.518397
0.586879
0.524866
0.52584
0.495485
0.518107
0.529898
0.517816
0.585762
0.51251
0.519234
0.515979
0.524041
0.51119
0.514592
0.507731
0.512047
0.512622
0.514327
0.510682
0.523624
0.547015
0.542591
0.549705
0.520997
0.526516
0.524635
0.510891
0.53128
0.532472
0.491487
0.498765
0.51359
0.535054
0.536241
0.515289
0.511933
0.524955
0.494512
0.537116
0.53826
0.641709
0.631467
0.615074
0.510854
0.501746
0.516348
0.51183
0.518237
0.514371
0.536947
0.539694
0.547951
0.511585
0.515615
0.505393
0.546068
0.540285
0.540733
0.513304
0.511661
0.521837
0.529469
0.544713
0.545393
0.516525
0.602267
0.545624
0.518714
0.514511
0.5178
0.538529
0.536159
0.498203
0.507741
0.500624
0.515086
0.529691
0.509596
0.510536
0.525945
0.525686
0.506426
0.511733
0.518129
0.532156
0.497808
0.503065
0.511789
0.527557
0.515994
0.519117
0.525926
0.541325
0.521886
0.528645
0.534072
0.537502
0.508392
0.51024
0.610063
0.552024
0.572667
0.566228
0.568711
0.569642
0.519674
0.523707
0.530445
0.508587
0.511506
0.535665
0.502994
0.508128
0.607468
0.635973
0.648093
0.530813
0.498613
0.504178
0.527103
0.516328
0.515525
0.531856
0.596055
0.58922
0.541537
0.524543
0.530519
0.528964
0.496142
0.499457
0.517517
0.520623
0.524597
0.536382
0.535581
0.509334
0.50822
0.528575
0.503865
0.508829
0.511105
0.512362
0.507466
0.540219
0.516661
0.532228
0.53253
0.511477
0.512649
0.545462
0.538094
0.580163
0.60237
0.584428
0.526431
0.53339
0.533869
0.519409
0.520199
0.526232
0.522784
0.568561
0.558598
0.559196
0.517827
0.51919
0.523627
0.498798
0.503547
0.518261
0.545946
0.588836
0.611048
0.534102
0.53052
0.528838
0.50842
0.510799
0.506434
0.540813
0.581271
0.517692
0.511356
0.513112
0.51847
0.514699
0.513374
0.516003
0.514482
0.543042
0.538544
0.541014
0.500543
0.522851
0.52584
0.518634
0.518249
0.511387
0.513388
0.509364
0.502242
0.504011
0.497665
0.514888
0.530119
0.508289
0.496457
0.503313
0.614843
0.585438
0.513366
0.507857
0.5092
0.510237
0.509719
0.528129
0.499349
0.514644
0.515062
0.517143
0.514992
0.657121
0.66843
0.673207
0.503919
0.499418
0.500217
0.5119
0.50871
0.503246
0.520506
0.494616
0.499342
0.499461
0.512812
0.519918
0.5118
0.512003
0.513111
0.511305
0.514015
0.513363
0.522341
0.510939
0.517068
0.510096
0.50972
0.502738
0.512597
0.514416
0.519944
0.499537
0.514746
0.537324
0.536757
0.532632
0.522861
0.512815
0.511887
0.514117
0.501566
0.539565
0.512316
0.505661
0.536554
0.508627
0.497507
0.563431
0.537926
0.529423
0.510569
0.510836
0.513975
0.521044
0.588809
0.51005
0.506253
0.514832
0.512711
0.571744
0.598105
0.526079
0.524296
0.546597
0.511827
0.512085
0.512268
0.545864
0.542036
0.547533
0.491339
0.526401
0.524382
0.522021
0.494468
0.503608
0.499507
0.495821
0.531124
0.518524
0.495373
0.507708
0.51468
0.513713
0.526196
0.58059
0.513849
0.513152
0.514611
0.555355
0.530565
0.526804
0.518528
0.533742
0.54018
0.538831
0.511038
0.518269
0.526144
0.538055
0.51962
0.518634
0.516453
0.508757
0.588152
0.582706
0.533738
0.52667
0.497325
0.497019
0.59296
0.595117
0.508778
0.583306
0.504893
0.500729
0.506785
0.535307
0.514953
0.545313
0.538621
0.513094
0.532548
0.494893
0.511282
0.509555
0.5109
0.597328
0.508766
0.525604
0.521808
0.514921
0.503691
0.517521
0.518289
0.512973
0.510674
0.516347
0.532933
0.531911
0.499611
0.505741
0.50191
0.529569
0.503601
0.497357
0.499485
0.511123
0.496554
0.502692
0.530189
0.535466
0.510493
0.51256
0.521218
0.514351
0.516523
0.544983
0.513161
0.510963
0.578542
0.584468
0.574862
0.508231
0.507194
0.509489
0.51254
0.536981
0.513021
0.512155
0.537006
0.544321
0.643529
0.616359
0.517553
0.517842
0.544368
0.51344
0.493277
0.520812
0.51617
0.501628
0.526355
0.525541
0.522945
0.506869
0.507507
0.518434
0.518399
0.537895
0.512894
0.548867
0.498142
0.497519
0.527302
0.496031
0.501667
0.496205
0.528462
0.513706
0.515865
0.506725
0.504912
0.494483
0.517487
0.524051
0.508347
0.510356
0.510387
0.511605
0.540244
0.529067
0.523943
0.516132
0.520927
0.5335
0.521857
0.498327
0.509545
0.511761
0.511979
0.510803
0.510847
0.510957
0.510652
0.5372
0.533831
0.574645
0.512264
0.523714
0.525892
0.541295
0.532834
0.648276
0.675353
0.531381
0.528246
0.512192
0.5303
0.528843
0.52557
0.527246
0.516603
0.518993
0.525791
0.573466
0.545701
0.587699
0.525415
0.510902
0.512224
0.521284
0.516045
0.51794
0.514121
0.515066
0.531836
0.518828
0.587542
0.586729
0.511473
0.498653
0.523489
0.515373
0.529224
0.534524
0.521539
0.50489
0.498938
0.556617
0.518567
0.57359
0.565376
0.505859
0.517972
0.525798
0.525694
0.525413
0.508798
0.506806
0.517046
0.499131
0.520896
0.507596
0.53957
0.510222
0.500932
0.502197
0.551653
0.546207
0.501448
0.523185
0.510764
0.526435
0.530582
0.509978
0.514867
0.518789
0.604449
0.529643
0.535098
0.519406
0.493177
0.515676
0.50318
0.511777
0.514963
0.492233
0.499778
0.623711
0.523988
0.503036
0.505904
0.516978
0.503042
0.496089
0.500637
0.514345
0.492829
0.510042
0.522908
0.498395
0.508599
0.548815
0.496802
0.502102
0.5035
0.513155
0.510651
0.524418
0.519149
0.522577
0.522059
0.519012
0.511852
0.510836
0.517061
0.521099
0.516104
0.514922
0.529198
0.501959
0.515699
0.514769
0.544063
0.51711
0.557719
0.515943
0.515577
0.513081
0.51395
0.512906
0.49492
0.505996
0.509411
0.517538
0.512847
0.513077
0.533205
0.527805
0.523591
0.498252
0.509335
0.517095
0.511753
0.559675
0.512825
0.513396
0.519236
0.496689
0.502556
0.51301
0.527047
0.51375
0.51209
0.515502
0.523327
0.534986
0.526817
0.489513
0.514015
0.52846
0.504959
0.536273
0.511431
0.50296
0.511371
0.511372
0.514665
0.493212
0.515979
0.514953
0.500604
0.499278
0.538155
0.533661
0.511506
0.511615
0.524264
0.54424
0.546327
0.511633
0.501305
0.504872
0.533064
0.510516
0.568306
0.514035
0.511677
0.511993
0.509208
0.514393
0.49274
0.5118
0.521366
0.519755
0.50989
0.601231
0.513473
0.530691
0.5046
0.494141
0.498998
0.523133
0.523361
0.518613
0.511074
0.507953
0.509046
0.531705
0.529919
0.492063
0.514581
0.528801
0.531664
0.540856
0.516989
0.51858
0.494871
0.606693
0.644722
0.492856
0.511405
0.517337
0.509834
0.513668
0.512888
0.528964
0.530588
0.495472
0.487968
0.493888
0.538484
0.519961
0.509992
0.501316
0.49767
0.521401
0.509304
0.500705
0.640699
0.513588
0.524303
0.514205
0.551282
0.617842
0.638856
0.531785
0.536835
0.670764
0.617007
0.650281
0.501743
0.501699
0.526259
0.527885
0.522908
0.526455
0.51961
0.505703
0.512607
0.531492
0.531578
0.533723
0.522717
0.529596
0.55181
0.515626
0.523477
0.577863
0.598503
0.519933
0.495738
0.514702
0.581933
0.51017
0.651334
0.514551
0.540791
0.520347
0.522463
0.516722
0.529974
0.530071
0.530983
0.527292
0.521963
0.509021
0.494764
0.51584
0.518807
0.516132
0.512717
0.59757
0.522458
0.51746
0.521165
0.502258
0.505685
0.535688
0.520303
0.498454
0.545011
0.516596
0.507397
0.50647
0.497036
0.500136
0.524444
0.515832
0.511159
0.521493
0.52032
0.559759
0.512404
0.511439
0.589107
0.621358
0.523691
0.501158
0.497657
0.503327
0.510258
0.579725
0.557341
0.591336
0.528445
0.509255
0.513121
0.65074
0.634612
0.519133
0.512098
0.525119
0.498058
0.501118
0.537788
0.534662
0.51508
0.619146
0.511191
0.535153
0.505109
0.508108
0.624794
0.517582
0.557184
0.495314
0.490811
0.496874
0.501008
0.502673
0.619595
0.493483
0.532426
0.516386
0.512214
0.540133
0.517843
0.516447
0.584382
0.58311
0.51334
0.542362
0.518271
0.521833
0.508089
0.546328
0.520803
0.523339
0.532644
0.553449
0.536665
0.494299
0.579522
0.508394
0.51026
0.510659
0.527245
0.517651
0.535316
0.50915
0.556709
0.562333
0.509651
0.530989
0.515337
0.515033
0.509776
0.533777
0.525011
0.524827
0.49866
0.552205
0.513812
0.509925
0.527869
0.512462
0.545631
0.496214
0.522817
0.510964
0.494906
0.518247
0.537133
0.53868
0.512252
0.516752
0.520181
0.513001
0.583156
0.526658
0.534935
0.506334
0.494941
0.50186
0.524212
0.501538
0.509121
0.514704
0.528603
0.534387
0.531123
0.523728
0.628806
0.491666
0.601185
0.520048
0.512357
0.514884
0.512872
0.515715
0.549889
0.511259
0.515249
0.516665
0.499326
0.518309
0.515813
0.567425
0.515591
0.539273
0.531501
0.511446
0.510972
0.495129
0.511026
0.515067
0.651081
0.520386
0.502718
0.496315
0.516513
0.613855
0.548809
0.512512
0.552894
0.512562
0.5026
0.513372
0.49824
0.52913
0.496757
0.509463
0.511299
0.502475
0.531076
0.508515
0.528839
0.496328
0.528708
0.527019
0.493091
0.497029
0.515083
0.492167
0.542759
0.531297
0.521039
0.545622
0.511287
0.535295
0.524448
0.511418
0.493446
0.491993
0.544626
0.495523
0.499966
0.522119
0.502342
0.528649
0.541895
0.515884
0.535639
0.528502
0.555612
0.517124
0.662438
0.537573
0.513987
0.515691
0.54353
0.492739
0.512777
0.513988
0.535986
0.511354
0.50176
0.509143
0.522625
0.510745
0.512319
0.511386
0.498871
0.501863
0.502622
0.546282
0.492013
0.49113
0.513651
0.680709
0.694973
0.534472
0.527294
0.54791
0.506556
0.52117
0.522305
0.526052
0.51478
0.519656
0.530495
0.52654
0.497653
0.673633
0.537453
0.526493
0.506047
0.51343
0.602817
0.509671
0.496718
0.49959
0.546475
0.526035
0.520014
0.54072
0.558913
0.512911
0.5141
0.552388
0.509731
0.541332
0.513869
0.502483
0.513214
0.536804
0.513403
0.512188
0.512459
0.524211
0.520004
0.530183
0.502773
0.53168
0.593008
0.527977
0.529449
0.502551
0.537651
0.53038
0.49163
0.571478
0.51293
0.508704
0.521836
0.562325
0.574057
0.530189
0.53626
0.532174
0.536863
0.527446
0.509702
0.526323
0.501435
0.510265
0.559984
0.509537
0.488463
0.525835
0.538907
0.530544
0.508242
0.490239
0.497728
0.544843
0.545438
0.529419
0.493751
0.531863
0.513674
0.495983
0.529353
0.526107
0.544271
0.535561
0.526766
0.53758
0.566786
0.532059
0.506026
0.494444
0.49755
0.509596
0.530649
0.638516
0.515528
0.526545
0.510239
0.572384
0.519986
0.611828
0.513217
0.505531
0.511554
0.508865
0.515378
0.57428
0.500788
0.515221
0.544791
0.493211
0.498692
0.508584
0.512659
0.493896
0.536169
0.528102
0.528317
0.545482
0.607859
0.535455
0.534196
0.497776
0.513538
0.490635
0.511756
0.536028
0.535618
0.530577
0.533322
0.507179
0.510267
0.506876
0.512634
0.516481
0.635608
0.599306
0.505172
0.517849
0.518843
0.51167
0.511619
0.513575
0.520483
0.525267
0.51197
0.512184
0.506219
0.518325
0.520081
0.50955
0.510051
0.513312
0.684846
0.526453
0.511572
0.513125
0.517861
0.521654
0.526229
0.509609
0.509812
0.5078
0.516573
0.525643
0.526484
0.533769
0.51961
0.520301
0.520271
0.506078
0.509227
0.5168
0.515893
0.594839
0.509502
0.539658
0.516934
0.527069
0.579172
0.522689
0.521427
0.51565
0.515818
0.538036
0.539582
0.535837
0.513843
0.530811
0.521868
0.511509
0.519142
0.535786
0.534052
0.510378
0.558802
0.515216
0.581499
0.524305
0.528827
0.510532
0.511602
0.511736
0.539125
0.534363
0.527377
0.516648
0.511303
0.518505
0.521553
0.5209
0.521473
0.518894
0.597055
0.515789
0.520386
0.512302
0.51626
0.518219
0.549731
0.534227
0.635852
0.659931
0.634844
0.510744
0.517238
0.509941
0.51617
0.59084
0.59007
0.516513
0.51438
0.516873
0.529718
0.5088
0.516371
0.581071
0.512366
0.519645
0.523789
0.558135
0.565738
0.568013
0.560729
0.551964
0.589214
0.52294
0.519186
0.520291
0.519847
0.532858
0.51931
0.532956
0.514465
0.566872
0.574769
0.58646
0.512878
0.523701
0.512211
0.523554
0.518278
0.52034
0.527993
0.586541
0.509439
0.5205
0.519998
0.639428
0.50768
0.505682
0.537071
0.511105
0.516275
0.519735
0.537719
0.540314
0.505032
0.505733
0.51121
0.499102
0.532819
0.578884
0.526458
0.510113
0.518295
0.515921
0.510027
0.507369
0.511618
0.515877
0.511019
0.515784
0.510196
0.507489
0.509972
0.508369
0.506696
0.521401
0.52409
0.512279
0.633065
0.50501
0.505792
0.509069
0.529318
0.528307
0.510168
0.517002
0.58457
0.510947
0.518344
0.514221
0.518014
0.516399
0.506955
0.494832
0.517529
0.522117
0.508947
0.510028
0.629529
0.515548
0.555395
0.541006
0.56794
0.542089
0.552463
0.514963
0.513277
0.511705
0.52675
0.519814
0.521541
0.511661
0.523648
0.567727
0.510602
0.5341
0.514973
0.518849
0.512061
0.539969
0.510536
0.511447
0.504872
0.512162
0.524733
0.512288
0.525586
0.522368
0.499125
0.51244
0.576762
0.50939
0.527165
0.519918
0.53132
0.56547
0.566205
0.505508
0.530695
0.530688
0.520688
0.63728
0.515692
0.50747
0.51346
0.507561
0.533787
0.514096
0.506182
0.564051
0.509354
0.518131
0.526837
0.650933
0.524119
0.512823
0.535877
0.508004
0.506961
0.510846
0.502999
0.518102
0.512333
0.511038
0.512127
0.511171
0.513001
0.525588
0.511203
0.507422
0.509996
0.547307
0.52628
0.523902
0.511126
0.524319
0.512623
0.532689
0.500702
0.50417
0.50298
0.521975
0.529482
0.525226
0.667745
0.503568
0.522998
0.51031
0.509751
0.506828
0.51627
0.511875
0.598726
0.530252
0.512217
0.504883
0.524823
0.53415
0.515475
0.511441
0.629749
0.513843
0.515158
0.508358
0.645642
0.50244
0.513089
0.520153
0.519449
0.504924
0.503317
0.529795
0.517835
0.516738
0.522976
0.517328
0.523679
0.535349
0.52629
0.705331
0.505929
0.514997
0.509725
0.510293
0.519454
0.514095
0.506651
0.517093
0.518634
0.504763
0.503353
0.510454
0.505261
0.521892
0.511745
0.528288
0.514916
0.550437
0.518474
0.49934
0.520163
0.516695
0.503937
0.508552
0.525965
0.516822
0.515756
0.52246
0.511211
0.51289
0.514529
0.518553
0.496992
0.496766
0.512418
0.514794
0.507986
0.510109
0.519558
0.510494
0.516773
0.510197
0.515139
0.512728
0.512882
0.532446
0.502523
0.553698
0.510448
0.514203
0.565741
0.521576
0.513478
0.525103
0.521044
0.511788
0.504284
0.68664
0.529859
0.524271
0.526687
0.515095
0.513076
0.520692
0.514492
0.522473
0.540922
0.524118
0.503347
0.512708
0.514188
0.517742
0.504572
0.512593
0.511332
0.575404
0.504031
0.505641
0.513688
0.524814
0.515133
0.530511
0.518924
0.562779
0.518364
0.517132
0.60592
0.527103
0.512416
0.508051
0.511139
0.571001
0.517286
0.511708
0.516327
0.574179
0.507339
0.547999
0.510573
0.510092
0.511402
0.516827
0.494784
0.513113
0.524368
0.638931
0.529972
0.525511
0.53061
0.576103
0.511625
0.51728
0.512218
0.507657
0.647611
0.509959
0.512874
0.527486
0.535829
0.513391
0.511651
0.532375
0.508962
0.529566
0.528424
0.512469
0.515188
0.510372
0.522669
0.526792
0.510653
0.507528
0.505434
0.518222
0.510615
0.509358
0.506679
0.519731
0.513602
0.569192
0.519222
0.541713
0.508299
0.53609
0.515469
0.519405
0.498419
0.600374
0.511518
0.621769
0.517664
0.511493
0.524806
0.509846
0.530017
0.522334
0.631519
0.517425
0.524697
0.51238
0.515521
0.516004
0.507607
0.573826
0.511997
0.525671
0.525859
0.497784
0.508672
0.510009
0.516714
0.511617
0.512632
0.510669
0.528185
0.600885
0.521397
0.500127
0.531855
0.523494
0.526382
0.52617
0.500445
0.51326
0.501805
0.519322
0.50264
0.539485
0.541887
0.518542
0.61714
0.528724
0.522296
0.522392
0.529597
0.506239
0.50553
0.528725
0.529446
0.532772
0.499112
0.525309
0.518315
0.529044
0.511332
0.5286
0.522401
0.525821
0.518351
0.534581
0.58499
0.501144
0.558429
0.515312
0.523336
0.507939
0.514335
0.550332
0.507867
0.533791
0.515341
0.515398
0.517535
0.51423
0.525882
0.537064
0.513766
0.51421
0.494085
0.544532
0.523472
0.526539
0.50819
0.516964
0.542766
0.510247
0.513172
0.514464
0.512481
0.527135
0.512874
0.530291
0.525736
0.525631
0.540927
0.503557
0.510128
0.587436
0.513129
0.518564
0.533284
0.618145
0.512495
0.523201
0.515882
0.525453
0.509981
0.533616
0.509773
0.503692
0.510828
0.540778
0.510568
0.513994
0.515111
0.512066
0.503989
0.523951
