0.519117
0.520167
0.524709
0.512692
0.508665
0.529124
0.527334
0.637926
0.614597
0.516743
0.729054
0.492998
0.527323
0.522038
0.518918
0.521306
0.495708
0.502185
0.512505
0.514161
0.518932
0.548708
0.554791
0.510801
0.511666
0.509485
0.507789
0.543612
0.49318
0.49779
0.517055
0.518887
0.509967
0.502727
0.509063
0.512824
0.510181
0.511387
0.507539
0.510031
0.514697
0.515021
0.511148
0.540087
0.511264
0.502305
0.617605
0.601224
0.517288
0.516075
0.519071
0.513884
0.655512
0.659583
0.524351
0.531297
0.616661
0.537582
0.532802
0.627487
0.648808
0.514366
0.513622
0.515568
0.515165
0.513395
0.515998
0.510606
0.528291
0.508679
0.500092
0.510215
0.586937
0.530415
0.500488
0.508463
0.512083
0.515015
0.5124
0.521122
0.53233
0.509358
0.585954
0.607196
0.513011
0.514372
0.51737
0.515146
0.540481
0.534566
0.524257
0.528448
0.52365
0.515611
0.516603
0.49926
0.505421
0.501522
0.507484
0.500539
0.519927
0.532285
0.504522
0.511072
0.50904
0.523533
0.525124
0.522828
0.523798
0.611524
0.607999
0.558182
0.558797
0.659593
0.637747
0.502149
0.493062
0.490613
0.508768
0.504426
0.509867
0.513384
0.503948
0.505364
0.510475
0.579771
0.58021
0.54033
0.527039
0.526728
0.52761
0.512567
0.513801
0.512534
0.543209
0.520963
0.531195
0.531891
0.53147
0.527139
0.523007
0.501657
0.510908
0.517204
0.523408
0.499911
0.507201
0.536557
0.533242
0.512941
0.510113
0.514007
0.513839
0.50334
0.571772
0.577808
0.543891
0.539831
0.526787
0.552941
0.54606
0.563534
0.569049
0.572051
0.526847
0.509804
0.52846
0.527477
0.526247
0.525421
0.666668
0.637115
0.527553
0.524178
0.535538
0.494498
0.498259
0.506688
0.497402
0.501833
0.507365
0.510939
0.506623
0.518187
0.51554
0.517416
0.526962
0.510076
0.511171
0.509131
0.510259
0.542125
0.539339
0.513723
0.530359
0.521965
0.510747
0.503689
0.50817
0.512493
0.510583
0.515919
0.518556
0.498797
0.503397
0.518065
0.517303
0.518921
0.533869
0.505923
0.506039
0.50236
0.528519
0.526597
0.506793
0.507164
0.508068
0.518049
0.560826
0.561592
0.517114
0.520753
0.511444
0.515219
0.511835
0.512069
0.506732
0.520323
0.527356
0.514939
0.518966
0.5007
0.515149
0.512273
0.497068
0.516505
0.503861
0.513858
0.512293
0.499217
0.545631
0.527214
0.523266
0.566479
0.605479
0.518179
0.518017
0.525021
0.528747
0.526416
0.534765
0.530167
0.538122
0.51128
0.506995
0.524663
0.518452
0.524861
0.503424
0.506307
0.529394
0.525295
0.518922
0.515223
0.517066
0.515077
0.505207
0.516585
0.514617
0.536037
0.533834
0.536844
0.517503
0.507937
0.506973
0.499581
0.512385
0.494322
0.504958
0.520216
0.521942
0.515302
0.515297
0.507482
0.511827
0.51599
0.516334
0.51857
0.522608
0.494666
0.50059
0.501928
0.562044
0.504157
0.538077
0.517842
0.520295
0.524612
0.526571
0.514136
0.534814
0.530614
0.530268
0.524921
0.512626
0.575787
0.511308
0.500121
0.504017
0.517734
0.51611
0.528642
0.535105
0.525302
0.51269
0.512316
0.513763
0.531115
0.501829
0.531874
0.526701
0.512305
0.502873
0.528967
0.526142
0.521095
0.522988
0.503765
0.51052
0.503993
0.514253
0.515471
0.514204
0.561665
0.562454
0.537499
0.534313
0.507768
0.516049
0.515297
0.540146
0.546865
0.539205
0.510889
0.504438
0.513019
0.510932
0.51936
0.522325
0.51262
0.642858
0.672371
0.676203
0.522625
0.51563
0.520354
0.497283
0.598576
0.506123
0.505826
0.520145
0.512205
0.513533
0.511736
0.497898
0.498836
0.513797
0.514396
0.511844
0.509478
0.514677
0.512902
0.514345
0.512095
0.513166
0.511188
0.514309
0.519677
0.511783
0.531371
0.515273
0.519605
0.505338
0.508576
0.508831
0.510089
0.515122
0.514629
0.514402
0.5216
0.563255
0.586036
0.529034
0.525277
0.517457
0.517068
0.517603
0.513001
0.513472
0.513673
0.515118
0.512529
0.526009
0.530474
0.523759
0.60942
0.515002
0.524243
0.518872
0.564788
0.585875
0.502978
0.48802
0.494903
0.498522
0.500085
0.500708
0.521054
0.521158
0.522197
0.514744
0.522879
0.524282
0.531991
0.520608
0.521654
0.522824
0.513473
0.513765
0.523378
0.495786
0.556596
0.525305
0.523587
0.5266
0.594694
0.587527
0.495356
0.637585
0.639944
0.511721
0.505536
0.506716
0.51106
0.554347
0.540077
0.521146
0.52769
0.528401
0.522713
0.518956
0.528811
0.549268
0.554768
0.520821
0.52089
0.534696
0.512415
0.508042
0.542653
0.514409
0.509617
0.524979
0.525957
0.518997
0.524046
0.5292
0.528579
0.523276
0.517933
0.517845
0.511017
0.591122
0.57605
0.596335
0.510751
0.508961
0.514364
0.51011
0.523238
0.51215
0.514463
0.512247
0.519209
0.515998
0.517705
0.547191
0.544482
0.524554
0.504511
0.515184
0.530211
0.530782
0.518038
0.499636
0.535324
0.504363
0.513452
0.517777
0.518648
0.500358
0.502945
0.491661
0.543444
0.53743
0.620176
0.661569
0.513067
0.517112
0.517877
0.520924
0.507914
0.511726
0.539793
0.551422
0.54515
0.539634
0.509532
0.594081
0.640647
0.657368
0.522645
0.541918
0.524784
0.519438
0.55323
0.51048
0.518091
0.522269
0.527152
0.531854
0.498427
0.508174
0.509206
0.50909
0.524841
0.519662
0.51755
0.510798
0.515014
0.510524
0.507535
0.49481
0.532696
0.5358
0.528717
0.523752
0.511358
0.589534
0.515785
0.511412
0.511227
0.511573
0.532665
0.522133
0.521439
0.52738
0.526498
0.538544
0.510795
0.511434
0.559957
0.568323
0.573245
0.574803
0.566961
0.52155
0.522737
0.52678
0.527759
0.507128
0.51024
0.569571
0.534791
0.541641
0.517983
0.507257
0.508447
0.530555
0.521767
0.517351
0.52873
0.520508
0.513024
0.534299
0.5265
0.517692
0.494916
0.494755
0.496245
0.520263
0.526453
0.536876
0.536332
0.511323
0.517597
0.517759
0.507876
0.514364
0.514522
0.498261
0.544563
0.539434
0.509234
0.515223
0.529689
0.529991
0.533154
0.523998
0.524607
0.556363
0.500816
0.519642
0.523373
0.522767
0.496993
0.498828
0.515982
0.53274
0.529616
0.513109
0.505419
0.508155
0.537297
0.54615
0.510135
0.510652
0.507365
0.524874
0.514561
0.498801
0.505488
0.504917
0.520573
0.522887
0.517664
0.507892
0.511487
0.514558
0.508223
0.497
0.490202
0.508016
0.496595
0.513814
0.515703
0.500777
0.583088
0.627473
0.631603
0.507264
0.505952
0.498496
0.51807
0.51437
0.537429
0.542995
0.656326
0.498354
0.5134
0.502782
0.512406
0.68079
0.510282
0.50871
0.50471
0.522724
0.520412
0.524875
0.526124
0.510054
0.509016
0.512481
0.497755
0.523063
0.52085
0.508137
0.51257
0.564421
0.586754
0.578242
0.4965
0.539415
0.50874
0.532943
0.498492
0.531251
0.534436
0.529821
0.511991
0.510412
0.516022
0.600678
0.573405
0.600475
0.51848
0.601346
0.524544
0.549788
0.515066
0.513513
0.512579
0.513536
0.512454
0.535686
0.526434
0.521138
0.50368
0.517309
0.525426
0.521573
0.514618
0.495376
0.529435
0.511003
0.512233
0.523703
0.509777
0.506619
0.537644
0.511778
0.54016
0.53439
0.510137
0.510905
0.512588
0.545856
0.538123
0.540307
0.625171
0.526779
0.500241
0.59718
0.526269
0.528683
0.505421
0.589957
0.598831
0.5218
0.604172
0.651063
0.661287
0.515229
0.508502
0.530857
0.498179
0.511793
0.511598
0.514434
0.523372
0.519605
0.513264
0.514468
0.509573
0.517326
0.515062
0.513997
0.514466
0.503446
0.506268
0.532639
0.530544
0.536911
0.52452
0.531199
0.500028
0.497116
0.519058
0.510332
0.509034
0.508462
0.506328
0.66125
0.649897
0.564499
0.532413
0.511575
0.511372
0.513947
0.511507
0.582857
0.543662
0.505452
0.593236
0.559177
0.511624
0.509218
0.533336
0.529728
0.511295
0.518026
0.537712
0.530905
0.632227
0.631203
0.507337
0.51217
0.513707
0.512591
0.503677
0.516936
0.51228
0.518182
0.515101
0.499278
0.503411
0.52137
0.530806
0.622869
0.517334
0.50514
0.5174
0.538304
0.512814
0.491397
0.500341
0.497363
0.531341
0.526974
0.49961
0.497972
0.528333
0.514819
0.514748
0.502825
0.519907
0.509013
0.539853
0.510252
0.510936
0.5227
0.523207
0.523764
0.515637
0.522013
0.521813
0.531374
0.534608
0.498423
0.502667
0.500608
0.532061
0.527446
0.545555
0.546866
0.510358
0.512045
0.679552
0.522868
0.544057
0.622911
0.658502
0.617276
0.502551
0.52852
0.541979
0.507711
0.524439
0.52344
0.526856
0.525224
0.604109
0.646697
0.515317
0.511895
0.545433
0.531552
0.520507
0.509185
0.512675
0.519321
0.513894
0.519226
0.56163
0.556709
0.511939
0.513016
0.491841
0.518058
0.497485
0.513304
0.505193
0.533657
0.522258
0.520857
0.505753
0.506397
0.550458
0.524618
0.514969
0.508783
0.521679
0.526513
0.504842
0.517846
0.507693
0.493583
0.50762
0.497084
0.500184
0.501376
0.507773
0.509235
0.542187
0.504216
0.499478
0.496717
0.535734
0.525683
0.525007
0.50639
0.522198
0.518447
0.517555
0.513119
0.506875
0.513217
0.5126
0.513642
0.525859
0.525057
0.540188
0.507127
0.505162
0.509709
0.528003
0.514949
0.526501
0.51567
0.598726
0.513027
0.515418
0.512965
0.652105
0.51649
0.514058
0.51723
0.553827
0.54388
0.499364
0.668244
0.668133
0.506664
0.513901
0.525364
0.50046
0.513331
0.518136
0.517967
0.522034
0.502986
0.492327
0.533762
0.530559
0.496063
0.510302
0.491012
0.499682
0.520966
0.559153
0.518842
0.498092
0.495311
0.511434
0.510478
0.521877
0.529406
0.53134
0.516613
0.521129
0.513249
0.526089
0.519102
0.521529
0.52493
0.49136
0.51465
0.520959
0.642718
0.55871
0.515224
0.516268
0.51132
0.510922
0.52405
0.513799
0.517642
0.538163
0.511815
0.521824
0.513242
0.522232
0.530263
0.49885
0.497952
0.506876
0.521242
0.509229
0.517122
0.517488
0.521445
0.517437
0.497689
0.502413
0.512858
0.515829
0.544187
0.542509
0.490159
0.504119
0.533004
0.524505
0.509506
0.515169
0.507174
0.489556
0.498699
0.546021
0.513902
0.548103
0.547704
0.510833
0.511122
0.510787
0.499622
0.504822
0.576376
0.513955
0.511835
0.512087
0.52239
0.51847
0.514398
0.523478
0.49652
0.591692
0.512824
0.513
0.524677
0.528901
0.527236
0.500797
0.495528
0.50133
0.575396
0.550546
0.547836
0.5298
0.527157
0.488645
0.520263
0.532058
0.530839
0.546177
0.540595
0.543826
0.515718
0.525028
0.502226
0.499787
0.49379
0.51218
0.513781
0.514032
0.533025
0.527813
0.528718
0.54998
0.526432
0.528544
0.489068
0.517831
0.488134
0.497959
0.542274
0.534264
0.512229
0.498725
0.520413
0.510635
0.607366
0.518025
0.512866
0.508201
0.516306
0.59624
0.499381
0.527099
0.617601
0.622738
0.54496
0.599925
0.621781
0.605637
0.531072
0.536292
0.525372
0.623309
0.528482
0.616124
0.525305
0.520362
0.503322
0.511824
0.5298
0.525597
0.552451
0.509569
0.505643
0.521346
0.520135
0.543062
0.518154
0.535269
0.656739
0.540847
0.523321
0.523993
0.515201
0.670239
0.533162
0.529489
0.528525
0.512609
0.50099
0.507856
0.514024
0.519157
0.536033
0.526282
0.524014
0.512407
0.503815
0.513769
0.514271
0.512763
0.519764
0.520549
0.533147
0.492623
0.540957
0.513196
0.510919
0.501626
0.496757
0.526941
0.52862
0.49578
0.496073
0.52773
0.500783
0.509075
0.510776
0.555295
0.525559
0.513432
0.513324
0.50862
0.510958
0.505012
0.536464
0.5981
0.524713
0.520996
0.653359
0.647086
0.514792
0.509025
0.565145
0.529293
0.523833
0.535479
0.502326
0.515139
0.52006
0.536677
0.502921
0.560075
0.543094
0.521838
0.521551
0.504629
0.500534
0.525325
0.529922
0.501107
0.568842
0.531868
0.518037
0.544734
0.514893
0.527305
0.513308
0.540345
0.538668
0.509226
0.546172
0.530757
0.574063
0.551352
0.495274
0.570825
0.51252
0.528215
0.496069
0.536401
0.530846
0.509575
0.534249
0.518098
0.512778
0.527839
0.518794
0.499957
0.532259
0.524274
0.522322
0.509162
0.553468
0.516711
0.500232
0.498478
0.504396
0.538005
0.499246
0.518811
0.496405
0.515648
0.498902
0.521242
0.512597
0.513194
0.507629
0.523187
0.562678
0.525082
0.515255
0.516178
0.512134
0.529813
0.533465
0.537284
0.540438
0.54032
0.520752
0.532573
0.499244
0.503922
0.51492
0.520464
0.514441
0.537265
0.530023
0.514141
0.5186
0.513978
0.516567
0.515163
0.497004
0.538704
0.529974
0.490946
0.51858
0.512803
0.59158
0.521346
0.523009
0.500205
0.496707
0.530998
0.510359
0.507404
0.504121
0.515983
0.548567
0.515603
0.515693
0.508914
0.583016
0.531251
0.493967
0.51915
0.493843
0.513704
0.533553
0.53298
0.493257
0.529616
0.526296
0.494435
0.508625
0.519521
0.500316
0.530335
0.51424
0.496551
0.516589
0.529055
0.493543
0.513302
0.49565
0.529947
0.524686
0.510576
0.516097
0.537238
0.513082
0.497313
0.537573
0.516139
0.514449
0.519091
0.525347
0.542584
0.539325
0.524438
0.529991
0.552111
0.514649
0.518804
0.528627
0.536346
0.536055
0.534756
0.514967
0.519619
0.516957
0.512331
0.541253
0.491517
0.503506
0.51076
0.506806
0.49517
0.515778
0.513229
0.520893
0.529665
0.502151
0.50767
0.591129
0.66956
0.497745
0.541348
0.531864
0.547122
0.521153
0.506434
0.516408
0.522657
0.526856
0.523818
0.520522
0.529853
0.683084
0.534505
0.571969
0.559298
0.600989
0.492014
0.516825
0.513497
0.494604
0.639723
0.507388
0.513207
0.499775
0.504153
0.544258
0.525086
0.57934
0.637137
0.539264
0.498671
0.511986
0.55221
0.66569
0.532673
0.507927
0.531752
0.506355
0.516775
0.513706
0.510674
0.510454
0.504588
0.530966
0.525287
0.536959
0.495774
0.636221
0.501394
0.502533
0.644378
0.529561
0.532829
0.61779
0.506196
0.508003
0.500629
0.537742
0.529229
0.510841
0.518757
0.495039
0.510738
0.584632
0.518452
0.614428
0.510499
0.525488
0.557286
0.569423
0.532521
0.542487
0.6738
0.512401
0.511104
0.525246
0.527311
0.512527
0.511432
0.526271
0.512848
0.500408
0.499797
0.510059
0.527098
0.539069
0.529382
0.49614
0.544092
0.512781
0.532118
0.512936
0.496127
0.552905
0.554367
0.512985
0.512025
0.511518
0.533238
0.491933
0.526803
0.526024
0.511162
0.545046
0.538087
0.518457
0.487313
0.530086
0.570008
0.512932
0.491353
0.49883
0.53722
0.54317
0.500041
0.525193
0.510623
0.522366
0.559123
0.496229
0.51148
0.514021
0.515111
0.522706
0.518039
0.514209
0.510956
0.515631
0.544099
0.500779
0.550688
0.490505
0.50941
0.541851
0.493109
0.534307
0.530673
0.517012
0.539297
0.51282
0.632385
0.546294
0.540559
0.529281
0.534313
0.497682
0.492777
0.499775
0.54715
0.534478
0.498062
0.527625
0.506375
0.507178
0.521447
0.530982
0.519519
0.5116
0.513864
0.517741
0.514895
0.5069
0.510673
0.513001
0.517769
0.521655
0.507482
0.511346
0.511779
0.526199
0.509087
0.659832
0.52813
0.515103
0.511181
0.513571
0.509741
0.530266
0.507951
0.522221
0.501894
0.517688
0.523285
0.511107
0.524405
0.513975
0.51393
0.510885
0.504267
0.524342
0.525506
0.531078
0.517518
0.534639
0.534318
0.514114
0.514294
0.514287
0.525714
0.509984
0.581717
0.545285
0.518746
0.525933
0.514006
0.517193
0.522255
0.51636
0.516292
0.540615
0.539729
0.536928
0.534624
0.618263
0.521602
0.509262
0.625631
0.524512
0.51229
0.529875
0.518635
0.5225
0.511365
0.532593
0.528297
0.510266
0.518124
0.517483
0.515988
0.512796
0.515437
0.518645
0.521297
0.520458
0.506217
0.501733
0.51705
0.510868
0.674184
0.538909
0.528036
0.512685
0.558039
0.60761
0.514971
0.620959
0.615331
0.527665
0.513879
0.533177
0.513667
0.516997
0.512905
0.51121
0.515614
0.512415
0.520165
0.522042
0.524294
0.512265
0.50928
0.558162
0.514402
0.51632
0.517571
0.523591
0.53477
0.517243
0.579349
0.558333
0.576889
0.549573
0.518564
0.510395
0.512813
0.517463
0.519983
0.534224
0.516681
0.519616
0.503263
0.53037
0.52096
0.515528
0.543772
0.506345
0.510854
0.578839
0.524039
0.523783
0.51985
0.516673
0.51496
0.519829
0.508167
0.512624
0.519446
0.519024
0.512065
0.507473
0.506793
0.505881
0.51043
0.536594
0.506304
0.504398
0.518894
0.506748
0.511777
0.534146
0.556259
0.521228
0.545597
0.511855
0.523066
0.501161
0.528296
0.513713
0.525672
0.528611
0.528711
0.517187
0.517557
0.514232
0.519292
0.525461
0.518025
0.532134
0.509578
0.514832
0.497894
0.550453
0.511939
0.512007
0.647043
0.585146
0.531685
0.525182
0.533397
0.514427
0.506363
0.512391
0.520144
0.539041
0.642558
0.569453
0.51828
0.509804
0.499979
0.514506
0.515473
0.514358
0.520805
0.51927
0.510768
0.521962
0.504162
0.512184
0.512309
0.591643
0.506153
0.528214
0.521285
0.516985
0.532249
0.700044
0.528227
0.513754
0.516284
0.51039
0.534019
0.512999
0.512354
0.517474
0.518482
0.529686
0.627388
0.587992
0.55719
0.523218
0.513179
0.513154
0.52577
0.511453
0.512145
0.530419
0.509582
0.520482
0.512443
0.511886
0.501023
0.511836
0.512241
0.522524
0.524327
0.511996
0.616384
0.521396
0.52896
0.524903
0.527074
0.516519
0.547684
0.646514
0.503302
0.524849
0.515225
0.525988
0.705538
0.541741
0.502616
0.507156
0.529612
0.562823
0.52667
0.512474
0.511662
0.504864
0.521449
0.528453
0.511507
0.522548
0.620792
0.509654
0.509045
0.51514
0.518211
0.514918
0.517017
0.512353
0.70425
0.538081
0.499281
0.503944
0.520279
0.517501
0.53122
0.520804
0.515593
0.504634
0.514319
0.515786
0.513931
0.523007
0.522125
0.522087
0.52361
0.526964
0.52567
0.526077
0.523031
0.511001
0.509122
0.513789
0.515205
0.514089
0.53631
0.508188
0.509669
0.504733
0.518277
0.540496
0.518335
0.513015
0.509688
0.54635
0.516968
0.524076
0.525845
0.514546
0.513952
0.520855
0.520025
0.521107
0.526803
0.520578
0.509529
0.507027
0.516895
0.519637
0.517059
0.497235
0.509973
0.523771
0.516479
0.519903
0.708655
0.51305
0.550711
0.512799
0.51316
0.526897
0.516491
0.578814
0.55348
0.513383
0.537977
0.511021
0.524589
0.51105
0.518233
0.516329
0.507397
0.519014
0.52317
0.506295
0.517384
0.511179
0.510254
0.513566
0.552822
0.520624
0.532423
0.517997
0.511915
0.525299
0.53205
0.528925
0.515915
0.518966
0.532425
0.504744
0.515728
0.495164
0.517843
0.516664
0.514713
0.519244
0.519545
0.509799
0.513774
0.521098
0.505057
0.540222
0.511268
0.516634
0.513569
0.520275
0.520251
0.549895
0.509719
0.57665
0.590364
0.512614
0.520099
0.518084
0.510929
0.517263
0.506001
0.53328
0.497516
0.514124
0.522715
0.527557
0.508786
0.620362
0.535808
0.513182
0.52209
0.517528
0.511179
0.526422
0.518115
0.512089
0.507544
0.509956
0.551163
0.508824
0.51207
0.512235
0.520058
0.516266
0.510158
0.521925
0.508502
0.509657
0.502441
0.51699
0.515211
0.510778
0.515413
0.519112
0.509834
0.511176
0.519313
0.517953
0.512955
0.542066
0.518453
0.516119
0.515724
0.510093
0.509872
0.522981
0.51476
0.520055
0.545487
0.511997
0.541352
0.516071
0.512029
0.53595
0.506758
0.524346
0.604854
0.509916
0.514706
0.528249
0.513633
0.510105
0.514025
0.515808
0.504261
0.511584
0.515412
0.532449
0.526779
0.565369
0.502471
0.502072
0.539632
0.505453
0.524424
0.523741
0.509111
0.510665
0.651769
0.507271
0.497662
0.508271
0.510558
0.506537
0.517441
0.502722
0.515634
0.512785
0.509853
0.511728
0.510664
0.508442
0.514453
0.519194
0.512428
0.514122
0.521758
0.507215
0.523193
0.50789
0.544221
0.500493
0.50229
0.518799
0.50786
0.518818
0.499919
0.516661
0.509197
0.552533
0.517936
0.51896
0.521783
0.52989
0.515946
0.676813
0.524032
0.505462
0.539305
0.516292
0.51913
0.533708
0.504997
0.506579
0.507449
0.522884
0.516335
0.511993
0.517424
0.51681
0.503105
0.502177
0.512394
0.515984
0.518681
0.517918
0.513539
0.502266
0.514478
0.499949
0.523513
0.553658
0.518181
0.516116
0.508945
0.520918
0.530199
0.51199
0.508176
0.517515
0.525706
0.565823
0.51456
0.51536
0.497561
0.512126
0.535317
0.616056
0.550249
0.5021
0.514958
0.514121
0.533538
0.522507
0.511841
0.545967
0.510772
0.544257
0.554401
0.530104
0.510218
0.52113
0.663617
0.517907
0.536855
0.549731
0.53226
0.523973
0.500905
0.518549
0.538975
0.505131
0.50342
0.533187
0.5079
0.508835
0.517313
0.535638
0.507221
0.560804
0.500429
0.510992
0.646754
0.504587
0.526235
0.510759
0.635832
0.511489
0.511738
0.586517
0.500801
0.505879
0.508419
0.532024
0.497726
0.596925
0.530831
0.528214
0.531393
0.50463
0.518249
0.514027
0.636444
0.517486
0.509016
0.514299
0.503874
0.529175
0.505498
0.51871
0.520786
0.510473
0.507505
0.512717
0.595399
0.504274
0.501268
0.503355
0.542157
0.499901
0.514845
0.515985
0.520984
0.526772
