0.508133
0.508145
0.520687
0.521957
0.505385
0.499528
0.529324
0.527054
0.512468
0.51275
0.511604
0.586484
0.517848
0.517525
0.51717
0.611893
0.634141
0.590856
0.493014
0.496201
0.509611
0.508833
0.504056
0.516211
0.517737
0.500438
0.506526
0.513214
0.517902
0.547746
0.544138
0.509008
0.511066
0.501174
0.525933
0.521343
0.493713
0.502003
0.524281
0.517155
0.524787
0.514278
0.555368
0.495913
0.50082
0.514845
0.533231
0.528631
0.499383
0.508234
0.499027
0.509022
0.497107
0.516296
0.510933
0.510652
0.511914
0.511082
0.51288
0.638385
0.607787
0.519325
0.514858
0.519973
0.525198
0.54282
0.542647
0.602667
0.606303
0.597227
0.54133
0.609798
0.627682
0.512129
0.512541
0.514478
0.516274
0.51104
0.518151
0.529897
0.512643
0.503521
0.506679
0.498865
0.50144
0.529547
0.527375
0.560797
0.496266
0.502757
0.501249
0.527126
0.51112
0.563147
0.577755
0.51418
0.512523
0.514943
0.510189
0.536641
0.52839
0.52528
0.515096
0.516502
0.494701
0.507956
0.500904
0.502912
0.495845
0.505265
0.501818
0.52029
0.523722
0.517736
0.535038
0.529854
0.525116
0.522977
0.522104
0.516345
0.595958
0.541844
0.537105
0.554019
0.552238
0.638897
0.507403
0.503688
0.510965
0.50395
0.508073
0.502942
0.660075
0.508226
0.50943
0.50887
0.510933
0.516865
0.594006
0.57201
0.535776
0.544034
0.539973
0.538473
0.528087
0.528062
0.521402
0.544937
0.535899
0.514566
0.520948
0.516039
0.516784
0.514927
0.543695
0.534026
0.531775
0.528401
0.528689
0.513866
0.513166
0.512931
0.512833
0.507872
0.515229
0.517798
0.497354
0.510046
0.508935
0.520358
0.513944
0.507606
0.582523
0.562197
0.544165
0.539508
0.561383
0.563397
0.552349
0.56099
0.569108
0.564305
0.572303
0.526397
0.526092
0.597926
0.521717
0.520084
0.533078
0.613329
0.495517
0.503755
0.528887
0.498853
0.503571
0.501292
0.507102
0.512292
0.526801
0.507944
0.538029
0.539925
0.512056
0.497256
0.499466
0.517921
0.523467
0.518946
0.522705
0.511602
0.510241
0.520383
0.502838
0.501819
0.517474
0.515364
0.534209
0.505872
0.50643
0.50237
0.5088
0.526831
0.528417
0.511835
0.511217
0.511528
0.557677
0.560297
0.517063
0.516168
0.52022
0.513403
0.513634
0.509374
0.508703
0.513055
0.508605
0.52676
0.525591
0.52787
0.52093
0.512518
0.5178
0.515782
0.511639
0.509249
0.504843
0.503367
0.514171
0.512591
0.512923
0.496247
0.503357
0.521038
0.521757
0.519024
0.538697
0.502055
0.525875
0.522943
0.520015
0.522766
0.519999
0.535423
0.496765
0.518668
0.514758
0.520604
0.538259
0.534506
0.502935
0.493934
0.502988
0.529255
0.524701
0.515624
0.515609
0.513547
0.527421
0.516079
0.534412
0.530184
0.530254
0.51543
0.521957
0.505637
0.503369
0.502154
0.498465
0.548463
0.494586
0.499753
0.517806
0.522268
0.513883
0.514523
0.517176
0.504931
0.509477
0.515359
0.50108
0.602983
0.568087
0.520032
0.535374
0.536264
0.518844
0.521939
0.523446
0.529754
0.51845
0.494605
0.507311
0.501821
0.533034
0.536566
0.531422
0.64923
0.625609
0.513209
0.512134
0.528075
0.529993
0.524959
0.506956
0.511253
0.529479
0.512053
0.510047
0.504646
0.51155
0.514091
0.514674
0.50844
0.55055
0.530119
0.534999
0.503561
0.516951
0.512592
0.5525
0.508199
0.510496
0.503642
0.511236
0.50817
0.512834
0.496856
0.571158
0.554633
0.531745
0.538021
0.602988
0.506782
0.523009
0.514955
0.520078
0.51728
0.51837
0.543526
0.516448
0.512448
0.51823
0.512335
0.513945
0.521128
0.51687
0.516651
0.6775
0.657315
0.510289
0.509918
0.511016
0.512629
0.519338
0.520554
0.50643
0.512084
0.51136
0.512921
0.51223
0.512476
0.521211
0.583868
0.49594
0.52645
0.51483
0.515264
0.514053
0.510198
0.514197
0.514042
0.509741
0.590315
0.510186
0.524301
0.527714
0.529605
0.522358
0.516283
0.520156
0.496267
0.505972
0.49586
0.620656
0.594602
0.623893
0.501543
0.49908
0.516511
0.52285
0.521725
0.5209
0.522224
0.523523
0.523319
0.524969
0.521899
0.522684
0.52204
0.509795
0.514167
0.510752
0.510014
0.586438
0.524571
0.507383
0.527215
0.521918
0.517682
0.51457
0.526949
0.522153
0.596501
0.532495
0.497249
0.610667
0.514152
0.518435
0.510161
0.501082
0.513544
0.600339
0.631771
0.606325
0.542618
0.545517
0.526162
0.518115
0.496303
0.50094
0.5266
0.553994
0.554295
0.520915
0.520889
0.521037
0.513203
0.507508
0.503933
0.511764
0.512536
0.52448
0.521568
0.516076
0.5151
0.530214
0.531952
0.531745
0.522936
0.524509
0.521087
0.521194
0.518314
0.512789
0.512938
0.572603
0.600742
0.511212
0.510885
0.508629
0.537861
0.50774
0.52002
0.521257
0.516495
0.517776
0.520639
0.52269
0.517148
0.509276
0.529723
0.533392
0.516217
0.496894
0.525858
0.550641
0.542717
0.506053
0.508188
0.509776
0.494233
0.563684
0.55553
0.498698
0.508336
0.543523
0.54046
0.535914
0.544065
0.54477
0.548517
0.515469
0.543845
0.537582
0.544684
0.600253
0.588786
0.51998
0.519365
0.509463
0.502117
0.511828
0.511131
0.508872
0.521092
0.519791
0.520436
0.522476
0.493082
0.494025
0.54828
0.510903
0.516821
0.518741
0.526169
0.517216
0.523584
0.528025
0.529705
0.499738
0.52062
0.512565
0.513612
0.516064
0.51018
0.510539
0.509567
0.508028
0.536655
0.538758
0.499395
0.528045
0.519265
0.520454
0.561639
0.511979
0.511884
0.531911
0.499803
0.504046
0.522965
0.525863
0.530373
0.509086
0.512135
0.550547
0.581651
0.563019
0.579468
0.593289
0.513288
0.517619
0.523268
0.525591
0.527248
0.537354
0.536745
0.544925
0.504054
0.509763
0.523839
0.507528
0.520712
0.528852
0.524527
0.528076
0.523278
0.532022
0.627174
0.508092
0.52354
0.517402
0.508851
0.52125
0.492288
0.513688
0.499454
0.495906
0.495009
0.532957
0.536375
0.511819
0.513996
0.509617
0.540022
0.514793
0.514659
0.507825
0.510931
0.521323
0.522668
0.533436
0.52917
0.515232
0.523114
0.523789
0.500709
0.522738
0.523835
0.517327
0.705574
0.693394
0.521758
0.520826
0.53342
0.538238
0.51649
0.506336
0.507708
0.538137
0.497689
0.494189
0.535246
0.50353
0.50709
0.566883
0.574536
0.50409
0.521274
0.522764
0.563962
0.511794
0.511454
0.508115
0.489167
0.490899
0.489643
0.500306
0.514403
0.501241
0.584732
0.505252
0.502607
0.650503
0.650596
0.681592
0.507632
0.507713
0.541686
0.536992
0.544992
0.696693
0.694379
0.498308
0.49589
0.499628
0.538477
0.522862
0.521773
0.508073
0.511611
0.601651
0.679364
0.504504
0.502218
0.507903
0.519284
0.526135
0.50911
0.50624
0.509754
0.497991
0.538721
0.512772
0.510761
0.508697
0.512178
0.510295
0.564215
0.511951
0.514719
0.53972
0.534092
0.528377
0.536925
0.526345
0.51279
0.514808
0.559651
0.51217
0.52746
0.530434
0.528705
0.541805
0.510979
0.511002
0.66031
0.644274
0.597778
0.615126
0.511902
0.512683
0.515251
0.547886
0.519183
0.523422
0.508955
0.511167
0.510271
0.503744
0.518997
0.51871
0.524934
0.494606
0.526194
0.509264
0.513863
0.507538
0.509536
0.51633
0.51071
0.509966
0.509696
0.509796
0.519652
0.508159
0.512706
0.542805
0.537636
0.607036
0.524117
0.536766
0.52837
0.509463
0.513841
0.530059
0.523997
0.528515
0.524511
0.522685
0.618906
0.600468
0.527836
0.496566
0.496642
0.512703
0.515044
0.495833
0.519781
0.516909
0.514028
0.514142
0.510331
0.507309
0.508657
0.532221
0.531691
0.525397
0.534153
0.507453
0.501755
0.512893
0.512203
0.519209
0.518947
0.510807
0.510353
0.507434
0.510112
0.512635
0.505708
0.596162
0.610157
0.566233
0.511219
0.535694
0.508838
0.506416
0.507791
0.54165
0.535366
0.534892
0.507077
0.507985
0.579177
0.575668
0.533449
0.524765
0.533426
0.533014
0.518523
0.515568
0.515212
0.515409
0.531087
0.528956
0.618086
0.512023
0.510905
0.516904
0.492883
0.503437
0.502764
0.502363
0.529854
0.528041
0.641145
0.532689
0.518296
0.520877
0.511607
0.517302
0.513671
0.540826
0.493884
0.492626
0.496927
0.528216
0.51442
0.514356
0.501871
0.521502
0.522882
0.519075
0.513371
0.522783
0.595781
0.532486
0.50842
0.533546
0.543006
0.498572
0.511565
0.507003
0.49373
0.498698
0.524378
0.522094
0.538645
0.542485
0.511217
0.511202
0.619552
0.635875
0.524523
0.553132
0.629605
0.501534
0.529789
0.529862
0.508975
0.509825
0.526231
0.65135
0.693559
0.696532
0.580766
0.590101
0.515923
0.515131
0.512972
0.50778
0.509277
0.517637
0.514616
0.514593
0.513353
0.535423
0.563213
0.55585
0.511163
0.513184
0.495664
0.510324
0.510214
0.516654
0.49612
0.509892
0.516179
0.532521
0.522408
0.51204
0.564594
0.527919
0.522573
0.515043
0.525181
0.509984
0.509369
0.513891
0.584876
0.511315
0.546143
0.504473
0.506193
0.502127
0.523649
0.508593
0.505252
0.50342
0.501668
0.518831
0.528912
0.5244
0.524737
0.50222
0.499973
0.517974
0.51124
0.506626
0.509346
0.516985
0.523269
0.526385
0.522899
0.510003
0.513526
0.507075
0.527852
0.515351
0.531479
0.526495
0.518687
0.604998
0.517587
0.516762
0.612248
0.5139
0.511186
0.496533
0.503168
0.513611
0.523074
0.522061
0.519678
0.502681
0.533939
0.528223
0.496393
0.508789
0.502986
0.57395
0.496843
0.495489
0.536706
0.51379
0.518514
0.519856
0.528932
0.529341
0.529935
0.516377
0.519635
0.514747
0.515577
0.491392
0.513213
0.511944
0.588429
0.511325
0.519901
0.514693
0.533122
0.504802
0.521404
0.514256
0.514032
0.497196
0.503548
0.502442
0.511927
0.515682
0.511174
0.489221
0.494223
0.507846
0.533206
0.525128
0.511549
0.510941
0.506989
0.512014
0.498621
0.543717
0.537986
0.550926
0.506603
0.597685
0.536913
0.542934
0.538807
0.511537
0.512347
0.50227
0.505008
0.507116
0.514033
0.512113
0.535284
0.512113
0.512053
0.505125
0.52689
0.661437
0.5156
0.523222
0.52081
0.528673
0.523823
0.634394
0.503608
0.516364
0.498845
0.496145
0.526033
0.499607
0.511516
0.555776
0.551123
0.530999
0.52853
0.490223
0.49214
0.513561
0.519348
0.530366
0.531611
0.542078
0.493877
0.525899
0.525164
0.518732
0.536305
0.525154
0.504733
0.60802
0.495099
0.512694
0.511239
0.528397
0.531668
0.529748
0.527233
0.552425
0.52583
0.513404
0.510501
0.498727
0.684147
0.509281
0.628421
0.517427
0.523583
0.507694
0.513849
0.578582
0.521282
0.622959
0.542198
0.613946
0.603342
0.52437
0.522155
0.642614
0.541823
0.537753
0.591845
0.516066
0.515793
0.524835
0.520698
0.526141
0.51343
0.512549
0.507599
0.550746
0.550776
0.50997
0.523101
0.518567
0.547937
0.496716
0.527681
0.521523
0.518882
0.508657
0.508626
0.521267
0.529522
0.642165
0.532757
0.528279
0.507242
0.497752
0.493867
0.503128
0.531019
0.523962
0.526947
0.521291
0.517475
0.517346
0.510462
0.49691
0.542671
0.514731
0.511718
0.520588
0.531985
0.512944
0.518728
0.506569
0.509789
0.528768
0.500136
0.529529
0.527644
0.495273
0.499363
0.52348
0.505491
0.521963
0.527425
0.500868
0.515095
0.497086
0.501474
0.552218
0.558795
0.527671
0.509051
0.512415
0.523422
0.525059
0.619864
0.532058
0.514126
0.6807
0.630917
0.520152
0.513144
0.556501
0.529509
0.526147
0.541244
0.539283
0.519124
0.522668
0.534595
0.531692
0.507947
0.512557
0.521411
0.55655
0.515292
0.557187
0.503419
0.545525
0.520267
0.511943
0.506762
0.499695
0.526675
0.501341
0.497114
0.527971
0.613101
0.529034
0.516108
0.542353
0.516256
0.509389
0.543144
0.50965
0.532744
0.564205
0.515793
0.523432
0.524563
0.532931
0.510864
0.649766
0.515222
0.577342
0.54632
0.550247
0.517964
0.532434
0.526594
0.515451
0.515429
0.526885
0.51653
0.49748
0.536772
0.52339
0.496339
0.515806
0.569782
0.564679
0.555128
0.513616
0.50269
0.512373
0.507699
0.539237
0.536379
0.517268
0.497557
0.512729
0.514383
0.515611
0.66018
0.527297
0.496337
0.521117
0.514938
0.513651
0.519021
0.515298
0.572407
0.517074
0.522274
0.495258
0.510436
0.507213
0.5227
0.513401
0.52984
0.532615
0.651965
0.544864
0.498889
0.520913
0.514311
0.540932
0.500489
0.499376
0.525437
0.514323
0.533421
0.529248
0.515839
0.51985
0.527772
0.52187
0.495532
0.494257
0.501309
0.523583
0.527789
0.508395
0.586486
0.52182
0.520788
0.515613
0.515548
0.537881
0.506626
0.509525
0.509917
0.515805
0.497634
0.498787
0.494892
0.520827
0.506723
0.532432
0.515529
0.493362
0.533133
0.505358
0.505354
0.532081
0.493935
0.529574
0.525405
0.51385
0.520371
0.491792
0.506877
0.498171
0.504668
0.514949
0.53267
0.530029
0.524836
0.50955
0.533191
0.495357
0.516809
0.528281
0.512684
0.492012
0.514383
0.49546
0.539792
0.524497
0.509418
0.509675
0.583095
0.532441
0.496191
0.529152
0.53028
0.537115
0.539564
0.532411
0.515165
0.519164
0.585027
0.508117
0.512431
0.544657
0.527913
0.530021
0.521332
0.526202
0.519392
0.534935
0.531848
0.514593
0.515563
0.51594
0.513698
0.538714
0.492129
0.517082
0.5148
0.502439
0.521634
0.513529
0.508385
0.541444
0.688546
0.684068
0.514552
0.512988
0.582164
0.508948
0.527616
0.521501
0.523718
0.526651
0.511146
0.553259
0.498274
0.655145
0.500639
0.525784
0.544131
0.554073
0.51183
0.501815
0.518689
0.525667
0.523835
0.529603
0.53402
0.559737
0.570646
0.572358
0.498788
0.49828
0.503868
0.517967
0.579957
0.550602
0.495883
0.487056
0.494266
0.515765
0.591136
0.533213
0.507232
0.530977
0.516218
0.509177
0.505044
0.518272
0.539073
0.538636
0.541087
0.497714
0.603076
0.516663
0.497621
0.497879
0.612081
0.637305
0.687963
0.512225
0.513023
0.508098
0.50368
0.508228
0.529126
0.512871
0.495415
0.512811
0.542549
0.52205
0.631444
0.511067
0.53136
0.511073
0.530838
0.50353
0.502078
0.540869
0.529046
0.509131
0.526603
0.5173
0.522096
0.498132
0.498856
0.497915
0.526288
0.541241
0.513771
0.527776
0.51018
0.511621
0.499511
0.558631
0.561223
0.513045
0.492421
0.511322
0.513921
0.533911
0.501602
0.512408
0.492494
0.523374
0.524588
0.673995
0.503185
0.512039
0.502516
0.536948
0.514116
0.517707
0.489072
0.514166
0.520457
0.502429
0.510401
0.497851
0.49507
0.536445
0.489357
0.5002
0.635278
0.521882
0.519797
0.513493
0.522551
0.510207
0.520756
0.543259
0.516137
0.50925
0.514374
0.493176
0.492985
0.510595
0.528388
0.522085
0.5308
0.506066
0.499109
0.530421
0.528256
0.545338
0.499362
0.515434
0.515809
0.515404
0.612992
0.529992
0.529177
0.537825
0.490626
0.50304
0.54598
0.546923
0.497353
0.507965
0.507793
0.530803
0.516835
0.515198
0.513252
0.506754
0.516468
0.515476
0.511218
0.498709
0.509973
0.512549
0.517282
0.517615
0.515428
0.514707
0.513561
0.510466
0.518699
0.511142
0.521866
0.504246
0.614406
0.513023
0.527179
0.522403
0.53359
0.518102
0.523814
0.494379
0.511241
0.50841
0.512403
0.509905
0.51075
0.543215
0.500557
0.518162
0.586918
0.514422
0.524262
0.512252
0.510036
0.515182
0.51716
0.522891
0.520294
0.526727
0.514993
0.520453
0.514806
0.521306
0.51088
0.54237
0.543937
0.538473
0.539199
0.520426
0.514022
0.589087
0.508693
0.519909
0.492332
0.519882
0.513556
0.518037
0.524944
0.53372
0.529063
0.511016
0.590736
0.57686
0.517293
0.522391
0.530987
0.52091
0.499791
0.510911
0.518961
0.522965
0.516918
0.498102
0.520779
0.522625
0.508413
0.581573
0.519672
0.531802
0.539323
0.513985
0.602496
0.509828
0.514598
0.493882
0.510751
0.504664
0.513076
0.513111
0.510239
0.522382
0.521639
0.507837
0.50397
0.505525
0.510276
0.551365
0.507013
0.519126
0.519092
0.513697
0.524492
0.59262
0.533446
0.516222
0.515387
0.510001
0.571449
0.580875
0.649847
0.521209
0.513945
0.513817
0.534557
0.510468
0.513339
0.51124
0.501252
0.515973
0.506991
0.527131
0.52321
0.512564
0.51714
0.527884
0.524082
0.520901
0.515321
0.515347
0.497215
0.54669
0.562555
0.553942
0.530445
0.512919
0.520847
0.514669
0.517229
0.510136
0.509962
0.512214
0.511796
0.508742
0.508458
0.535342
0.528252
0.547094
0.543114
0.517994
0.520787
0.557226
0.553313
0.520353
0.519231
0.498662
0.51084
0.516515
0.512379
0.519782
0.510102
0.523786
0.528253
0.60286
0.523358
0.498549
0.52867
0.533721
0.528727
0.516912
0.51413
0.517884
0.535071
0.512323
0.512024
0.526382
0.602253
0.64102
0.530779
0.530253
0.523068
0.515163
0.510652
0.559194
0.514851
0.516711
0.516453
0.510149
0.534467
0.496396
0.508757
0.531161
0.52829
0.519887
0.512218
0.512075
0.533298
0.509765
0.513955
0.520935
0.62518
0.512919
0.538254
0.513847
0.496724
0.511572
0.518786
0.516847
0.560406
0.515716
0.527478
0.516289
0.519917
0.503048
0.508136
0.514643
0.604574
0.51228
0.513094
0.507179
0.522084
0.521534
0.519418
0.516764
0.51729
0.519731
0.542212
0.535494
0.512859
0.513639
0.507711
0.520253
0.652363
0.559977
0.527788
0.516641
0.509856
0.512783
0.512654
0.511779
0.512541
0.510192
0.532317
0.521584
0.524434
0.52682
0.511288
0.511427
0.510468
0.513342
0.521856
0.510159
0.524011
0.521964
0.522724
0.512774
0.511564
0.518885
0.518352
0.524244
0.517664
0.516956
0.513896
0.521866
0.522575
0.525839
0.506834
0.517004
0.552462
0.544426
0.496373
0.514187
0.516816
0.516637
0.520639
0.509897
0.558054
0.523592
0.507011
0.522711
0.515855
0.52579
0.526707
0.530428
0.517682
0.515616
0.525022
0.522078
0.531717
0.510306
0.516218
0.515266
0.506267
0.59064
0.503934
0.503472
0.5355
0.514808
0.53461
0.525442
0.507873
0.516248
0.518229
0.516955
0.512937
0.527161
0.518928
0.526421
0.518098
0.522758
0.620745
0.50904
0.513046
0.513437
0.517379
0.540713
0.516263
0.51109
0.507353
0.520044
0.51664
0.513356
0.619159
0.53039
0.550576
0.514526
0.518588
0.52437
0.513301
0.506236
0.510332
0.518534
0.518572
0.514978
0.5195
0.507871
0.515416
0.527669
0.518287
0.5099
0.504552
0.518622
0.50003
0.50952
0.509654
0.515834
0.521249
0.506566
0.507004
0.599289
0.630786
0.533473
0.520518
0.554477
0.522059
0.538704
0.516133
0.509247
0.524205
0.556615
0.528888
0.531382
0.512518
0.508156
0.502119
0.51016
0.504797
0.513052
0.51857
0.514091
0.51233
0.527208
0.519106
0.500281
0.506953
0.509595
0.618239
0.513506
0.508322
0.518398
0.522615
0.522874
0.502125
0.511841
0.510086
0.530601
0.509538
0.687275
0.535434
0.521254
0.529579
0.508128
0.51344
0.518486
0.528189
0.503647
0.539105
0.525104
0.515662
0.512318
0.501714
0.522707
0.526318
0.514499
0.520245
0.519697
0.512207
0.511509
0.501976
0.506122
0.524722
0.502774
0.522208
0.509062
0.511561
0.52995
0.510502
0.523172
0.533242
0.512512
0.510326
0.510618
0.514075
0.524637
0.500274
0.613438
0.53279
0.537958
0.506369
0.519796
0.516237
0.515457
0.510508
0.53429
0.525507
0.509224
0.524876
0.521628
0.499279
0.502526
0.512996
0.511393
0.517257
0.535526
0.572457
0.512216
0.518318
0.514564
0.513061
0.517836
0.50741
0.508613
0.515577
0.520033
0.55057
0.51288
0.504494
0.501787
0.50325
0.593898
0.534685
0.511224
0.53357
0.516585
0.523445
0.531501
0.537105
0.522977
0.51276
0.526086
0.623567
0.531873
0.523998
0.512099
0.513602
0.502355
0.521205
0.518662
0.515783
0.512524
0.516373
0.521941
0.509592
0.493386
0.532717
0.560293
0.521211
0.507003
0.516093
0.536764
0.511352
0.628399
0.522675
0.516346
0.515441
0.505318
0.499114
0.51733
0.523229
0.518139
0.522921
0.50067
0.511223
0.533345
0.51586
0.519582
0.52045
0.509472
0.530098
0.512314
0.517851
0.576662
0.52881
0.51475
0.51381
0.522037
0.512436
0.620679
0.527451
0.526773
0.515615
0.502141
0.498495
0.513109
0.528403
0.512531
0.534575
0.519531
0.529097
0.53619
0.537372
0.50908
0.504751
0.516642
0.546611
0.530202
0.512792
0.528117
0.517231
0.52618
0.550588
0.514977
0.522503
0.589812
0.569111
0.511876
0.502934
0.512563
0.525655
0.526068
0.508426
0.529541
0.512698
0.505852
0.508724
0.528812
0.515983
0.508959
0.508797
0.511522
0.51774
0.507609
0.630001
0.515615
0.639605
0.523601
0.567598
0.494442
0.530791
0.552121
0.506624
0.522572
0.521752
0.55502
0.514614
0.525137
0.524063
0.612882
0.587663
0.590079
0.568174
0.52217
0.515941
0.515148
0.502447
0.509889
0.523351
0.50854
0.516841
0.519307
0.520131
0.502224
0.511606
0.517998
0.527776
0.50977
0.509997
0.518314
0.536334
0.522094
0.51294
0.519431
0.510951
0.514281
0.505968
0.512984
0.51433
0.528663
0.558893
0.518793
0.583205
0.515965
0.50823
0.517348
0.531708
