0.509283
0.506231
0.522293
0.523926
0.519876
0.517007
0.516731
0.519769
0.517905
0.521165
0.50901
0.512299
0.504299
0.513069
0.513725
0.513835
0.611673
0.603826
0.514206
0.513396
0.511784
0.515134
0.512157
0.551902
0.502989
0.615614
0.687091
0.57535
0.526236
0.526158
0.525244
0.516708
0.518294
0.524907
0.507004
0.504909
0.501217
0.515498
0.512892
0.51589
0.512569
0.543968
0.546529
0.541053
0.505758
0.506085
0.505824
0.525051
0.520389
0.494325
0.527756
0.515243
0.522541
0.516392
0.493363
0.501104
0.531854
0.529038
0.509208
0.527928
0.523017
0.509758
0.545488
0.537479
0.529917
0.505413
0.508996
0.545351
0.523134
0.532972
0.502604
0.498392
0.514876
0.515506
0.51428
0.513453
0.515426
0.51005
0.515677
0.503707
0.509535
0.511117
0.512814
0.623918
0.633472
0.518006
0.513024
0.5139
0.591384
0.643028
0.596936
0.524903
0.533758
0.537889
0.528641
0.663807
0.658164
0.540276
0.53593
0.536023
0.539617
0.530531
0.515174
0.517164
0.516191
0.513738
0.511598
0.513302
0.499195
0.50293
0.527138
0.559599
0.56702
0.55233
0.513161
0.508203
0.522021
0.521965
0.527854
0.512196
0.565033
0.527516
0.521398
0.530042
0.514847
0.514402
0.513004
0.512758
0.51458
0.512118
0.523508
0.497816
0.516532
0.517562
0.518076
0.540184
0.534419
0.50022
0.500774
0.498831
0.5026
0.510828
0.51
0.521675
0.516976
0.525448
0.52537
0.523421
0.539172
0.549333
0.528631
0.526787
0.516556
0.596978
0.50892
0.5093
0.529956
0.497319
0.505267
0.536814
0.53236
0.542677
0.53887
0.518869
0.510419
0.512115
0.526536
0.528785
0.499416
0.503392
0.506975
0.516144
0.51339
0.513291
0.510993
0.518018
0.515386
0.510796
0.514146
0.498162
0.510807
0.503235
0.49239
0.502843
0.517511
0.510858
0.50993
0.511055
0.509098
0.509468
0.525484
0.52138
0.513412
0.511567
0.587708
0.575137
0.549942
0.526498
0.527248
0.576768
0.5805
0.522421
0.522597
0.514785
0.513384
0.51626
0.530983
0.533649
0.527054
0.522754
0.510386
0.507808
0.50402
0.526577
0.626535
0.639911
0.528897
0.526561
0.513774
0.537035
0.539378
0.496352
0.503844
0.508774
0.512563
0.492378
0.497418
0.498456
0.52938
0.526804
0.519431
0.514312
0.512806
0.511711
0.531784
0.514481
0.527353
0.519013
0.50959
0.511939
0.509295
0.502841
0.510287
0.504623
0.500465
0.523789
0.521569
0.529151
0.511022
0.512529
0.519922
0.515894
0.514163
0.51033
0.507063
0.506068
0.513373
0.525726
0.52291
0.52595
0.520441
0.512889
0.513792
0.496746
0.507019
0.506936
0.502433
0.517504
0.510448
0.512078
0.497409
0.50322
0.516212
0.505751
0.506841
0.531363
0.529098
0.509604
0.525544
0.523084
0.51601
0.522288
0.524116
0.521739
0.544103
0.506443
0.518781
0.510622
0.542679
0.535192
0.499688
0.494106
0.509917
0.528548
0.515145
0.512294
0.524725
0.528289
0.519458
0.510283
0.52965
0.509442
0.512802
0.499997
0.547005
0.517414
0.518077
0.506453
0.517952
0.521314
0.515311
0.514946
0.516922
0.524022
0.523502
0.618158
0.595097
0.51
0.568951
0.571128
0.515186
0.53399
0.518594
0.522432
0.535913
0.534962
0.685622
0.666712
0.515221
0.515301
0.508647
0.511393
0.495913
0.510971
0.505777
0.532729
0.539851
0.529045
0.614378
0.598827
0.652062
0.528554
0.522824
0.514117
0.532786
0.532009
0.520331
0.524691
0.502471
0.505416
0.500315
0.515641
0.518166
0.510762
0.51074
0.512513
0.509458
0.513391
0.508528
0.549958
0.551878
0.533323
0.534896
0.49588
0.507434
0.503496
0.518607
0.526141
0.538176
0.549245
0.539646
0.512195
0.511841
0.50707
0.518879
0.512017
0.515942
0.502276
0.549065
0.546056
0.531263
0.532002
0.504467
0.505403
0.524403
0.530589
0.517287
0.521976
0.53221
0.520048
0.516052
0.53447
0.52768
0.54358
0.538124
0.494031
0.558192
0.543542
0.543834
0.529738
0.515933
0.512758
0.670071
0.728676
0.514225
0.507386
0.507717
0.501159
0.521074
0.518336
0.519399
0.504413
0.510486
0.507054
0.51193
0.532248
0.521143
0.514803
0.520913
0.509847
0.517284
0.504521
0.525784
0.531135
0.514611
0.512895
0.513296
0.512783
0.585109
0.566589
0.515577
0.506057
0.510088
0.516111
0.509507
0.536031
0.525242
0.5137
0.501633
0.500121
0.591854
0.566576
0.593407
0.505502
0.519563
0.522087
0.533386
0.521489
0.51237
0.506224
0.51058
0.526029
0.514321
0.520764
0.515892
0.517643
0.517732
0.607359
0.498042
0.619857
0.622808
0.629091
0.518947
0.520045
0.526734
0.510585
0.500672
0.512665
0.593444
0.613314
0.61413
0.536549
0.543328
0.538617
0.53251
0.517619
0.52236
0.518161
0.518918
0.530311
0.525949
0.49755
0.522925
0.521154
0.521855
0.515846
0.511122
0.531506
0.530639
0.514078
0.513201
0.508844
0.507112
0.533502
0.514781
0.514664
0.508512
0.545815
0.518586
0.524353
0.514706
0.514935
0.528578
0.53151
0.518832
0.521633
0.52103
0.521415
0.522605
0.783871
0.51252
0.512375
0.509405
0.515068
0.520015
0.52498
0.520446
0.522531
0.523981
0.522597
0.601526
0.530932
0.532339
0.517111
0.49904
0.524466
0.50476
0.506679
0.507599
0.558378
0.544491
0.539053
0.534978
0.544719
0.551059
0.512324
0.522309
0.542763
0.541698
0.535018
0.593636
0.593778
0.545342
0.566955
0.521233
0.520627
0.500432
0.514323
0.514356
0.514953
0.513439
0.522167
0.516857
0.520547
0.520305
0.500022
0.498768
0.55336
0.545496
0.515865
0.519085
0.531139
0.522581
0.511234
0.513824
0.531802
0.536908
0.508521
0.508416
0.511895
0.53769
0.534608
0.538765
0.534618
0.515803
0.609663
0.566664
0.510772
0.514696
0.513752
0.523595
0.518488
0.503697
0.510826
0.533401
0.552345
0.561334
0.546717
0.512109
0.51783
0.523574
0.522707
0.523116
0.544211
0.531428
0.530063
0.532763
0.503404
0.513522
0.521973
0.520195
0.518804
0.522073
0.526669
0.523466
0.638902
0.683191
0.505485
0.503346
0.520149
0.524934
0.511546
0.499954
0.523381
0.495029
0.501636
0.497958
0.53414
0.532302
0.53492
0.515468
0.509071
0.512798
0.51258
0.508866
0.516124
0.513199
0.511212
0.512297
0.522345
0.517547
0.515713
0.524377
0.656129
0.644702
0.532749
0.528335
0.51515
0.522571
0.553235
0.520583
0.520791
0.521721
0.518982
0.521613
0.5226
0.535729
0.532084
0.538644
0.509008
0.512053
0.515215
0.539619
0.510119
0.501222
0.497802
0.535432
0.506789
0.558803
0.503531
0.514698
0.506929
0.50226
0.514532
0.561819
0.512908
0.501224
0.506793
0.512601
0.522934
0.535143
0.500341
0.500164
0.503226
0.616453
0.606085
0.591134
0.541638
0.530563
0.539133
0.543244
0.534941
0.567358
0.543127
0.535698
0.507952
0.667404
0.499475
0.656018
0.507993
0.51178
0.53076
0.524838
0.504132
0.505955
0.510975
0.514089
0.513155
0.518618
0.515622
0.513819
0.517494
0.569534
0.575487
0.578693
0.514257
0.511927
0.522459
0.509279
0.501707
0.497911
0.559252
0.51434
0.525145
0.529326
0.542216
0.537508
0.516916
0.527155
0.619075
0.618771
0.514137
0.513976
0.518157
0.516753
0.513837
0.493896
0.499109
0.551991
0.524865
0.512908
0.542168
0.517285
0.530351
0.515729
0.520261
0.502581
0.52651
0.517686
0.512407
0.575078
0.522789
0.508073
0.508244
0.507737
0.650253
0.520262
0.514489
0.511847
0.510026
0.51587
0.501553
0.505901
0.531593
0.493846
0.542829
0.507235
0.504515
0.608314
0.522927
0.519904
0.527502
0.510911
0.49935
0.515595
0.512803
0.486153
0.496114
0.593417
0.517853
0.51999
0.504433
0.495733
0.531906
0.526444
0.497788
0.49732
0.500326
0.511886
0.627321
0.629041
0.499247
0.584416
0.496533
0.531502
0.525618
0.536052
0.534711
0.611909
0.503261
0.499
0.512337
0.510236
0.512131
0.50991
0.514015
0.514362
0.511253
0.567699
0.521633
0.654847
0.516122
0.531391
0.539695
0.528636
0.51097
0.541755
0.536226
0.50752
0.509913
0.514176
0.62309
0.562211
0.567953
0.575358
0.531369
0.52789
0.517191
0.516432
0.517613
0.532192
0.511773
0.512231
0.512768
0.504189
0.512715
0.503042
0.504405
0.503583
0.494577
0.499595
0.525273
0.518015
0.677088
0.515378
0.515234
0.515269
0.515577
0.518737
0.519595
0.533496
0.532106
0.520399
0.51964
0.516908
0.511786
0.540451
0.510845
0.509524
0.506685
0.512643
0.512606
0.520994
0.520217
0.520312
0.508436
0.51219
0.508648
0.506765
0.522916
0.532203
0.559706
0.494491
0.495767
0.504025
0.499821
0.520704
0.516855
0.522659
0.536193
0.531278
0.559473
0.636487
0.497642
0.498757
0.509745
0.507085
0.501661
0.559046
0.51245
0.521324
0.523752
0.587901
0.593407
0.5624
0.517695
0.597497
0.592365
0.601296
0.568224
0.511637
0.535291
0.514688
0.527653
0.591506
0.506789
0.508883
0.520619
0.513516
0.518545
0.514372
0.513748
0.533776
0.507509
0.512253
0.55222
0.50983
0.496064
0.500974
0.509109
0.512297
0.493774
0.497092
0.521299
0.512023
0.510664
0.525798
0.52214
0.509263
0.567266
0.517275
0.508235
0.530201
0.508505
0.513901
0.508353
0.506015
0.511171
0.506232
0.512669
0.599654
0.546855
0.538879
0.495759
0.509307
0.50361
0.506354
0.538375
0.521821
0.503935
0.501942
0.532328
0.525756
0.499142
0.523283
0.513543
0.497928
0.509924
0.516839
0.508078
0.50779
0.517842
0.525028
0.525447
0.521782
0.502684
0.506739
0.510716
0.527725
0.516413
0.529921
0.528392
0.525727
0.524263
0.519883
0.577137
0.604793
0.65122
0.535702
0.499884
0.526556
0.641319
0.510618
0.501447
0.53228
0.506657
0.509348
0.519033
0.520113
0.532809
0.51649
0.52304
0.495315
0.500137
0.508906
0.507
0.501759
0.568014
0.503176
0.546466
0.532033
0.497525
0.512968
0.512845
0.522193
0.51775
0.520589
0.528887
0.518218
0.519694
0.511233
0.553102
0.5199
0.513551
0.603134
0.512999
0.51706
0.518664
0.527644
0.520944
0.520169
0.532523
0.537823
0.536994
0.516021
0.521077
0.538624
0.675935
0.74286
0.511433
0.539809
0.510211
0.490942
0.545001
0.509413
0.494765
0.520342
0.521946
0.509775
0.506425
0.508049
0.512206
0.51108
0.544814
0.53763
0.544735
0.545593
0.538588
0.534456
0.521937
0.542492
0.536852
0.51837
0.514181
0.501804
0.508142
0.57
0.519386
0.540096
0.535368
0.512044
0.512038
0.496352
0.525253
0.524152
0.49416
0.617574
0.495808
0.515841
0.586334
0.525629
0.501439
0.504038
0.498165
0.507985
0.643709
0.642937
0.497228
0.523416
0.495358
0.524343
0.530947
0.52481
0.511369
0.562221
0.548787
0.506454
0.506561
0.499442
0.526702
0.498516
0.515673
0.516648
0.52262
0.538356
0.494194
0.522482
0.512366
0.5116
0.544796
0.511404
0.523372
0.534188
0.55966
0.500665
0.528884
0.53081
0.529455
0.514331
0.516845
0.522096
0.520047
0.512623
0.501242
0.524851
0.503555
0.500265
0.508222
0.541587
0.536008
0.507402
0.664747
0.516609
0.508273
0.509038
0.515272
0.524443
0.522135
0.606396
0.543553
0.515298
0.527322
0.567561
0.516662
0.534313
0.529915
0.6081
0.524392
0.510222
0.512983
0.520861
0.517267
0.548071
0.543304
0.56251
0.523813
0.52607
0.497234
0.535333
0.516164
0.515979
0.514793
0.51601
0.534201
0.525898
0.631886
0.520272
0.521723
0.521825
0.528598
0.534622
0.534103
0.524608
0.618461
0.642368
0.582251
0.500891
0.507994
0.520159
0.497369
0.522886
0.519315
0.52579
0.514582
0.508713
0.517628
0.500273
0.542117
0.52285
0.507326
0.511459
0.513473
0.512282
0.531478
0.513534
0.500114
0.494086
0.509574
0.514031
0.529733
0.536027
0.514235
0.502247
0.493609
0.497788
0.516248
0.522837
0.522375
0.502873
0.627057
0.509274
0.525919
0.544389
0.546102
0.517627
0.51121
0.512174
0.520239
0.517428
0.514176
0.511931
0.655917
0.521019
0.511642
0.533034
0.514619
0.516083
0.541254
0.543884
0.531467
0.509256
0.523725
0.519011
0.507176
0.508145
0.522783
0.512214
0.509271
0.525104
0.547534
0.514389
0.545335
0.545307
0.536632
0.504893
0.539533
0.520204
0.520368
0.520149
0.522184
0.734914
0.501557
0.492513
0.528666
0.517781
0.518701
0.49263
0.517072
0.531178
0.53106
0.515856
0.517748
0.544807
0.533865
0.5172
0.511581
0.499699
0.572498
0.500031
0.492545
0.515219
0.513966
0.543259
0.541838
0.544999
0.536104
0.530907
0.522631
0.531653
0.514508
0.515467
0.517134
0.539007
0.503595
0.497617
0.513029
0.514453
0.494677
0.564109
0.561204
0.527906
0.515772
0.6034
0.513708
0.609721
0.513551
0.526898
0.519863
0.493262
0.498302
0.51934
0.504641
0.514173
0.573585
0.521512
0.507249
0.496631
0.515303
0.528416
0.615352
0.545873
0.534759
0.607955
0.539512
0.502935
0.52849
0.494741
0.497612
0.537404
0.51196
0.522693
0.51728
0.516476
0.529321
0.51131
0.508102
0.517072
0.494772
0.503826
0.537949
0.634898
0.540097
0.536383
0.629899
0.526963
0.521218
0.51595
0.516628
0.528753
0.54035
0.516954
0.512156
0.50886
0.514968
0.494225
0.493655
0.514603
0.538908
0.532088
0.515245
0.541294
0.521001
0.586786
0.528842
0.513738
0.511996
0.551142
0.532246
0.493223
0.513957
0.524346
0.50927
0.514766
0.518156
0.507346
0.49673
0.537265
0.529683
0.515128
0.490492
0.51233
0.517944
0.492031
0.527653
0.513425
0.513849
0.571502
0.513799
0.518182
0.515458
0.517076
0.514417
0.531271
0.523671
0.514127
0.520473
0.498175
0.574667
0.511586
0.493266
0.522703
0.489881
0.640746
0.496775
0.520291
0.521579
0.51137
0.531529
0.510873
0.515071
0.49165
0.527948
0.518039
0.505783
0.507409
0.658639
0.494861
0.515342
0.523578
0.510681
0.528189
0.512687
0.678173
0.512838
0.565766
0.502462
0.526578
0.518993
0.533275
0.526738
0.521318
0.555627
0.510276
0.52492
0.496825
0.498879
0.499749
0.521937
0.521721
0.520398
0.511247
0.512193
0.528565
0.545661
0.498432
0.49788
0.523209
0.535216
0.509815
0.592344
0.511957
0.521276
0.511439
0.591237
0.50251
0.558301
0.567486
0.498352
0.491828
0.491894
0.490914
0.497434
0.510893
0.665488
0.696047
0.668451
0.509787
0.598129
0.513412
0.539261
0.539799
0.497097
0.491969
0.499343
0.495609
0.519819
0.513732
0.49887
0.518211
0.522974
0.518271
0.508053
0.516222
0.515869
0.523752
0.493948
0.509365
0.53797
0.543401
0.508335
0.509713
0.510936
0.507887
0.53369
0.530366
0.529142
0.511598
0.533469
0.525765
0.503572
0.54462
0.539434
0.506722
0.49931
0.494015
0.524197
0.567807
0.54349
0.497775
0.495409
0.5309
0.50976
0.521816
0.510316
0.512298
0.495775
0.553227
0.562702
0.495613
0.620092
0.515374
0.513586
0.521439
0.511947
0.52975
0.518993
0.516032
0.511561
0.650035
0.534555
0.624681
0.527183
0.546141
0.511079
0.499744
0.516717
0.494093
0.516149
0.525968
0.52401
0.520525
0.490263
0.497062
0.514766
0.51662
0.520137
0.513092
0.519712
0.500525
0.525557
0.522731
0.511936
0.493557
0.500795
0.514098
0.510115
0.527921
0.524328
0.522952
0.525714
0.512219
0.506942
0.495874
0.519937
0.525745
0.541712
0.49857
0.541284
0.514311
0.557782
0.515145
0.529656
0.530004
0.519235
0.501553
0.498063
0.498275
0.500906
0.508192
0.529935
0.503261
0.514276
0.609414
0.508554
0.516928
0.504133
0.513937
0.536396
0.516045
0.509323
0.513083
0.516539
0.515269
0.51711
0.515001
0.512842
0.512478
0.518861
0.515957
0.517332
0.510883
0.579135
0.509947
0.515841
0.524587
0.528119
0.508102
0.53209
0.505187
0.504805
0.524967
0.518262
0.519974
0.516036
0.51118
0.507925
0.508961
0.509134
0.515457
0.511347
0.511039
0.517472
0.539695
0.517554
0.520364
0.523237
0.515587
0.521341
0.525818
0.601004
0.50633
0.567938
0.510428
0.506859
0.535046
0.515343
0.519029
0.522281
0.52764
0.611283
0.52592
0.521649
0.517594
0.520134
0.521054
0.517559
0.53868
0.541364
0.536801
0.507626
0.516831
0.514588
0.510067
0.511307
0.52038
0.503616
0.578895
0.511099
0.510139
0.518346
0.518186
0.522734
0.522124
0.512235
0.514183
0.513043
0.517192
0.51933
0.514161
0.535802
0.502011
0.50901
0.505683
0.637652
0.704907
0.517123
0.514178
0.528344
0.517449
0.518204
0.518842
0.507943
0.505312
0.49254
0.512374
0.512873
0.507902
0.506867
0.507297
0.504628
0.513377
0.530626
0.522151
0.513384
0.515785
0.508886
0.657638
0.551316
0.510791
0.505527
0.515648
0.510116
0.519606
0.521544
0.512388
0.508468
0.514933
0.535106
0.514491
0.509955
0.529874
0.529746
0.514193
0.520479
0.526955
0.523689
0.520605
0.522368
0.510414
0.512811
0.542294
0.545558
0.552594
0.519446
0.519147
0.515196
0.514706
0.511219
0.501229
0.517471
0.5125
0.723458
0.500794
0.513032
0.508144
0.534623
0.520612
0.50998
0.518291
0.511462
0.51501
0.505967
0.505632
0.500966
0.5209
0.536557
0.536359
0.50467
0.518137
0.534676
0.516085
0.669882
0.514568
0.51607
0.59292
0.514342
0.504176
0.507505
0.527863
0.516886
0.514532
0.515619
0.51269
0.511176
0.514417
0.513564
0.518862
0.498382
0.528773
0.524864
0.536244
0.516446
0.52985
0.51621
0.5313
0.518962
0.515077
0.534066
0.509613
0.514736
0.515014
0.514706
0.522144
0.514693
0.654696
0.531298
0.530922
0.524082
0.519927
0.515218
0.551755
0.524334
0.509801
0.513759
0.704338
0.520101
0.523994
0.512515
0.519079
0.512501
0.50735
0.509741
0.522791
0.512457
0.538314
0.519673
0.565047
0.527205
0.505919
0.519661
0.511268
0.513017
0.523562
0.511804
0.504967
0.508132
0.621779
0.508124
0.514948
0.516254
0.51243
0.528986
0.511354
0.502486
0.526924
0.514693
0.518813
0.517985
0.5268
0.523403
0.518273
0.5154
0.517562
0.51585
0.515325
0.528425
0.519726
0.511764
0.516381
0.516724
0.515829
0.508326
0.514096
0.521624
0.507532
0.561877
0.50808
0.522723
0.527026
0.514469
0.520242
0.515168
0.52802
0.526275
0.525127
0.506162
0.515162
0.540537
0.527429
0.517163
0.520637
0.520172
0.525466
0.526739
0.521033
0.516746
0.559937
0.555036
0.507077
0.505298
0.525439
0.533481
0.519801
0.512383
0.509429
0.505599
0.532149
0.51697
0.512353
0.516848
0.579453
0.50471
0.519273
0.520414
0.523741
0.532393
0.519856
0.518544
0.514772
0.525811
0.508959
0.515345
0.513171
0.51546
0.5805
0.503224
0.528953
0.512994
0.560635
0.509174
0.512297
0.509099
0.513715
0.521167
0.647687
0.516635
0.507394
0.529929
0.516363
0.545197
0.509448
0.514251
0.514188
0.532655
0.515066
0.518241
0.56624
0.513978
0.522101
0.530744
0.511706
0.519864
0.515298
0.522374
0.499782
0.514648
0.511607
0.519377
0.521312
0.509997
0.53664
0.52791
0.506628
0.517471
0.510294
0.504292
0.526086
0.514762
0.627641
0.509324
0.533498
0.541045
0.530249
0.546883
0.550865
0.507328
0.506704
0.532789
0.512735
0.507805
0.522992
0.511595
0.511277
0.510432
0.522961
0.505981
0.515172
0.519065
0.515197
0.526535
0.505099
0.512914
0.518524
0.510911
0.518338
0.601442
0.522173
0.520241
0.514283
0.521243
0.500737
0.519739
0.512733
0.499877
0.525184
0.702276
0.601292
0.514096
0.526499
0.514629
0.516343
0.514102
0.527392
0.502779
0.504474
0.554101
0.498565
0.553433
0.503357
0.510429
0.5121
0.526924
0.502392
0.515682
0.519278
0.514036
0.523248
0.51314
0.525358
0.5423
0.510049
0.509329
0.503979
0.506263
0.514533
0.513758
0.526258
0.499213
0.525268
0.518044
0.501968
0.513276
0.505874
0.527229
0.51522
0.512737
0.531483
0.515614
0.562166
0.507263
0.513559
0.504226
0.518592
0.511965
0.538814
0.511016
0.508662
0.53737
0.515426
0.509657
0.504452
0.525665
0.520729
0.505725
0.522255
0.529201
0.512022
0.538166
0.521535
0.537156
0.511591
0.524239
0.51432
0.539733
0.520232
0.496095
0.51433
0.511724
0.53397
0.53267
0.523477
0.50814
0.52433
0.509242
0.662114
0.531418
0.513595
0.51528
0.516269
0.532351
0.527532
0.517196
0.620236
0.515478
0.526927
0.512338
0.512165
0.506104
0.516131
0.508134
0.513282
0.595412
0.512881
0.545361
0.515487
0.520696
0.521736
0.535352
0.573544
0.525009
0.535131
0.511013
0.514225
0.51391
0.525584
0.500409
0.513454
0.506237
0.516733
0.515268
0.509797
0.519376
0.517856
0.502443
0.520945
0.521753
0.509239
0.767858
0.515235
0.512324
0.524254
0.517283
0.513303
0.529003
0.512805
0.505599
0.521267
0.504814
0.513713
0.51115
0.535851
0.520642
0.516884
0.515746
0.563909
0.525463
0.511436
0.515921
0.511908
0.513854
0.523219
0.50406
0.522953
0.532176
0.52431
0.524668
0.513593
0.526233
0.511058
0.514261
0.523112
0.497975
0.537715
0.512268
0.513666
0.512281
0.512462
0.533938
0.505719
0.528092
0.523616
0.524165
0.521439
0.520199
0.510841
0.524379
0.509044
0.515132
0.514454
0.545017
0.512002
0.515694
0.528757
0.509515
0.499258
0.51092
0.530033
0.506863
0.528503
0.62371
0.508179
0.513588
0.523602
0.513122
0.514799
0.511671
0.51521
0.561056
0.50442
0.571987
0.521762
0.508235
0.62009
0.540248
0.514309
0.528595
0.536062
0.562888
0.526497
0.518198
0.513256
0.514753
