0.507935
0.508064
0.508451
0.520965
0.522301
0.518664
0.526381
0.524454
0.5175
0.524857
0.518787
0.502292
0.506917
0.499971
0.512012
0.512052
0.581714
0.616529
0.508627
0.512511
0.509928
0.51341
0.512578
0.513071
0.565015
0.560028
0.49624
0.499081
0.626814
0.525804
0.506878
0.500401
0.516249
0.515963
0.51701
0.523938
0.519809
0.51111
0.508347
0.522208
0.517759
0.5229
0.517197
0.520902
0.516008
0.50018
0.530755
0.503161
0.507908
0.544957
0.540845
0.508942
0.512609
0.540043
0.545575
0.511661
0.538474
0.534322
0.513685
0.513843
0.514905
0.512133
0.558404
0.554469
0.510681
0.511348
0.529319
0.536006
0.523205
0.52813
0.517434
0.523317
0.605795
0.576338
0.590592
0.567293
0.520885
0.526931
0.525567
0.528905
0.538293
0.536609
0.532378
0.537441
0.516884
0.513473
0.516
0.526984
0.512574
0.511633
0.496262
0.50296
0.506202
0.499551
0.505699
0.522826
0.527385
0.555773
0.55144
0.651512
0.650173
0.503392
0.508325
0.503639
0.511686
0.515827
0.569537
0.557744
0.525927
0.52668
0.533779
0.531019
0.514592
0.515723
0.514711
0.516116
0.516779
0.524756
0.513497
0.532797
0.528779
0.516501
0.516189
0.515197
0.51623
0.522332
0.520396
0.501678
0.514026
0.512753
0.516768
0.520463
0.523426
0.521491
0.538206
0.522656
0.525253
0.526471
0.531291
0.627369
0.520513
0.520612
0.527414
0.499839
0.541642
0.537487
0.53956
0.535536
0.495407
0.50537
0.520276
0.524698
0.520864
0.509968
0.509345
0.511304
0.511462
0.57751
0.590444
0.535609
0.524737
0.527466
0.497389
0.499541
0.512676
0.519167
0.524194
0.521016
0.510599
0.510631
0.513734
0.516228
0.511995
0.513138
0.51228
0.510247
0.512216
0.515108
0.491658
0.494468
0.513261
0.510596
0.511177
0.511657
0.511839
0.519208
0.522592
0.569981
0.583823
0.540701
0.534688
0.526424
0.525267
0.523952
0.559775
0.519178
0.521387
0.511779
0.514618
0.518212
0.517388
0.531178
0.531047
0.524149
0.514483
0.510678
0.50379
0.531726
0.621795
0.527791
0.527607
0.527446
0.493703
0.49534
0.507686
0.49337
0.52997
0.528635
0.514859
0.51268
0.509949
0.509167
0.525507
0.519497
0.515916
0.528445
0.525402
0.520687
0.521994
0.521169
0.508313
0.523027
0.523217
0.529176
0.51174
0.512488
0.518815
0.514333
0.50912
0.504071
0.509938
0.52168
0.526617
0.520231
0.5136
0.508797
0.518948
0.497161
0.514146
0.498007
0.50394
0.515101
0.516451
0.539479
0.528544
0.497528
0.512328
0.521198
0.525671
0.548837
0.533815
0.503039
0.516573
0.52304
0.505862
0.541459
0.497812
0.501757
0.51113
0.513476
0.522922
0.527791
0.522795
0.523355
0.510958
0.506594
0.509239
0.531333
0.534271
0.515382
0.512796
0.51402
0.500777
0.517558
0.517876
0.501322
0.505845
0.545207
0.522376
0.516054
0.49778
0.51838
0.524284
0.521902
0.531674
0.51315
0.546426
0.512919
0.511191
0.532638
0.522609
0.519222
0.507066
0.511455
0.504909
0.526653
0.565696
0.563776
0.617818
0.511648
0.515221
0.511752
0.50774
0.531015
0.534305
0.528778
0.624755
0.605077
0.52977
0.524872
0.510986
0.531625
0.531773
0.520298
0.618593
0.500728
0.507081
0.514002
0.516814
0.509408
0.505165
0.510625
0.512919
0.509021
0.512358
0.554642
0.553439
0.556666
0.551255
0.493749
0.50521
0.520653
0.516823
0.506402
0.513543
0.512251
0.54367
0.539447
0.518576
0.517521
0.514796
0.516784
0.514119
0.502089
0.497223
0.500078
0.534509
0.548545
0.532278
0.52462
0.510971
0.514262
0.513155
0.510744
0.523912
0.529455
0.513991
0.518118
0.533269
0.520664
0.538841
0.530316
0.544087
0.547267
0.536629
0.51107
0.531594
0.529449
0.513801
0.514658
0.511659
0.512654
0.511701
0.510164
0.508691
0.528455
0.532224
0.520214
0.521034
0.508605
0.503685
0.509869
0.516358
0.515606
0.517624
0.512578
0.521546
0.539642
0.512237
0.519925
0.533018
0.527182
0.50922
0.511472
0.510254
0.501782
0.507851
0.528303
0.523912
0.53313
0.536826
0.579635
0.573831
0.50708
0.526589
0.523329
0.534438
0.523726
0.5201
0.527386
0.502092
0.497992
0.507602
0.509492
0.498274
0.497666
0.556542
0.506154
0.520795
0.520514
0.524711
0.520358
0.503264
0.521979
0.520237
0.516331
0.517315
0.501892
0.519673
0.514387
0.648882
0.65239
0.514928
0.518544
0.508614
0.503347
0.511105
0.569761
0.605352
0.593714
0.536753
0.51825
0.514589
0.532634
0.529146
0.496162
0.502876
0.522744
0.519461
0.519989
0.510558
0.506283
0.535307
0.532707
0.512279
0.510771
0.514228
0.513483
0.51604
0.543056
0.516273
0.512863
0.522462
0.518547
0.533608
0.528703
0.512168
0.513096
0.513422
0.520278
0.518246
0.527662
0.521169
0.59947
0.518609
0.522717
0.518526
0.6906
0.653415
0.512986
0.505058
0.514558
0.52205
0.535713
0.518228
0.522143
0.524239
0.520763
0.520359
0.515991
0.516591
0.515165
0.519848
0.593698
0.566936
0.589528
0.528534
0.53112
0.529105
0.509979
0.498919
0.494646
0.509043
0.510352
0.49072
0.52334
0.544422
0.543675
0.538258
0.535384
0.502244
0.499109
0.502265
0.54565
0.515201
0.530701
0.510526
0.525764
0.542062
0.515927
0.514414
0.508736
0.510384
0.509808
0.511974
0.514247
0.518018
0.519722
0.518987
0.541591
0.514447
0.529375
0.518415
0.511832
0.512009
0.514692
0.540075
0.538686
0.540284
0.569357
0.57288
0.511895
0.536981
0.541323
0.502706
0.536613
0.534824
0.498326
0.533283
0.517121
0.588676
0.515037
0.518324
0.511048
0.525648
0.523839
0.530973
0.522818
0.523423
0.506563
0.508559
0.501944
0.555973
0.559954
0.553178
0.525182
0.521007
0.523114
0.527306
0.550609
0.531669
0.531869
0.535043
0.518234
0.531559
0.50909
0.517445
0.527784
0.516799
0.520076
0.526975
0.526285
0.52964
0.509725
0.625935
0.533179
0.505375
0.523123
0.511591
0.51505
0.512265
0.494814
0.503389
0.498709
0.515506
0.525464
0.510244
0.513671
0.565159
0.512601
0.508566
0.510838
0.506523
0.521896
0.516212
0.582046
0.515419
0.562652
0.627555
0.624816
0.519386
0.518145
0.524985
0.523344
0.529057
0.514345
0.512552
0.533258
0.531655
0.495448
0.494778
0.518447
0.517701
0.538812
0.511748
0.504015
0.592021
0.562956
0.537019
0.511827
0.506864
0.508881
0.509218
0.494197
0.515396
0.510759
0.522799
0.539358
0.496757
0.502767
0.589955
0.500694
0.503573
0.623136
0.624303
0.606652
0.539018
0.5373
0.542558
0.54289
0.521017
0.637529
0.648164
0.624042
0.501611
0.67319
0.499796
0.506248
0.525684
0.525711
0.509279
0.515821
0.514721
0.498611
0.497812
0.502065
0.519406
0.515565
0.517529
0.531815
0.530324
0.515604
0.514866
0.512808
0.566699
0.571385
0.509756
0.512164
0.510555
0.524422
0.519523
0.543677
0.524048
0.523679
0.528929
0.510316
0.539373
0.516592
0.51961
0.512616
0.51507
0.514984
0.516543
0.519944
0.523026
0.52508
0.520366
0.4952
0.497843
0.499621
0.516307
0.510964
0.535433
0.503352
0.520019
0.510168
0.639213
0.524394
0.509397
0.509583
0.513093
0.513875
0.513953
0.511554
0.517013
0.503999
0.507819
0.531318
0.496992
0.502829
0.520788
0.504965
0.525561
0.528339
0.500018
0.517215
0.511802
0.506562
0.566384
0.503168
0.50008
0.601342
0.494734
0.530551
0.525747
0.497474
0.49939
0.511827
0.505778
0.497316
0.550817
0.558983
0.502948
0.506085
0.514654
0.624491
0.538933
0.505455
0.537034
0.53353
0.616964
0.502445
0.50408
0.523577
0.507982
0.510429
0.507561
0.511758
0.512271
0.530106
0.511883
0.512026
0.545101
0.532075
0.520872
0.528824
0.548653
0.511506
0.509572
0.511299
0.511568
0.596988
0.515838
0.529465
0.526401
0.518643
0.518786
0.516598
0.516437
0.525361
0.513036
0.511213
0.512503
0.510717
0.511913
0.513702
0.503304
0.502973
0.496363
0.492125
0.497748
0.512794
0.509413
0.510705
0.523589
0.65868
0.535279
0.51565
0.515114
0.511651
0.494328
0.495091
0.495059
0.523644
0.523259
0.516339
0.510476
0.516792
0.517566
0.490037
0.525455
0.510573
0.514856
0.522176
0.519178
0.505942
0.519319
0.531267
0.557061
0.541055
0.536614
0.54105
0.537337
0.491783
0.53254
0.507754
0.507389
0.507398
0.501591
0.518697
0.523285
0.553893
0.550095
0.66402
0.53095
0.510499
0.508596
0.563037
0.513621
0.534539
0.607671
0.622001
0.622153
0.608263
0.512555
0.604712
0.584867
0.563351
0.512799
0.520742
0.533312
0.505712
0.51296
0.518841
0.524621
0.521772
0.583453
0.518341
0.517405
0.51706
0.522196
0.516027
0.508901
0.532032
0.513185
0.518956
0.551826
0.563056
0.511479
0.518328
0.511502
0.495293
0.49972
0.509441
0.51051
0.514203
0.525703
0.663983
0.669501
0.518025
0.514223
0.528322
0.506997
0.509526
0.512929
0.512156
0.523327
0.510545
0.588129
0.510926
0.546816
0.543128
0.504996
0.504099
0.540785
0.537784
0.532942
0.511483
0.523237
0.509607
0.538004
0.50541
0.500415
0.523591
0.523157
0.498286
0.513754
0.492689
0.49682
0.49258
0.509523
0.50845
0.512592
0.517268
0.520932
0.512101
0.524567
0.505756
0.55625
0.542477
0.550359
0.527737
0.513538
0.529279
0.528262
0.521676
0.627185
0.509973
0.511576
0.514924
0.603301
0.500397
0.526041
0.521717
0.525823
0.54282
0.541191
0.717836
0.50029
0.62395
0.67151
0.526823
0.527189
0.511872
0.501382
0.507423
0.516613
0.509813
0.518714
0.634067
0.646455
0.50499
0.509112
0.515193
0.515238
0.497125
0.515701
0.504214
0.504775
0.503953
0.569712
0.552183
0.514475
0.51551
0.553961
0.52566
0.506452
0.512568
0.517767
0.521944
0.519403
0.515475
0.542582
0.520226
0.502677
0.676949
0.537907
0.533974
0.513882
0.507346
0.521936
0.516953
0.503562
0.529799
0.511596
0.517661
0.538083
0.515229
0.515334
0.535199
0.541892
0.673675
0.52361
0.51081
0.502722
0.511132
0.496425
0.510037
0.521464
0.515175
0.507804
0.503469
0.511431
0.511146
0.533521
0.496149
0.497594
0.52342
0.540438
0.534355
0.521929
0.545454
0.53939
0.534658
0.512752
0.546038
0.516352
0.538698
0.534227
0.537389
0.505414
0.512711
0.513516
0.520607
0.510826
0.513199
0.493046
0.497779
0.538608
0.580611
0.524548
0.50204
0.496623
0.503904
0.513262
0.507682
0.656745
0.498641
0.521619
0.509238
0.511942
0.525803
0.56877
0.548694
0.508795
0.499245
0.522211
0.52535
0.515933
0.517676
0.515867
0.525122
0.513271
0.509898
0.545696
0.539171
0.518137
0.497085
0.508412
0.545885
0.502082
0.569665
0.53024
0.546491
0.512106
0.511764
0.539229
0.526411
0.51813
0.509445
0.500093
0.505935
0.500958
0.539172
0.533871
0.679799
0.519144
0.497987
0.497355
0.507169
0.509645
0.492712
0.511859
0.618694
0.520189
0.545401
0.538507
0.515747
0.529181
0.575635
0.582005
0.538815
0.515184
0.63955
0.529374
0.623364
0.517864
0.579701
0.509799
0.511806
0.545319
0.556162
0.513934
0.520948
0.5104
0.528625
0.49863
0.543629
0.540163
0.53396
0.515641
0.512649
0.511814
0.511404
0.519332
0.527467
0.674003
0.510404
0.528217
0.517533
0.524035
0.57017
0.516525
0.520924
0.507791
0.527513
0.520585
0.499079
0.496638
0.528077
0.524048
0.524752
0.532035
0.511163
0.505243
0.511807
0.541619
0.512348
0.529795
0.538681
0.510168
0.517186
0.529141
0.511188
0.513567
0.51724
0.56157
0.528947
0.504561
0.521928
0.529398
0.521429
0.525306
0.497634
0.528625
0.532449
0.521793
0.500045
0.612815
0.529676
0.498203
0.506838
0.526196
0.524758
0.54824
0.548967
0.519115
0.491948
0.517438
0.517491
0.514014
0.515621
0.513585
0.514034
0.635625
0.517583
0.519203
0.54285
0.519751
0.577533
0.529166
0.531794
0.534764
0.512905
0.508815
0.502519
0.525091
0.570547
0.54896
0.546139
0.54612
0.53695
0.536845
0.533858
0.495238
0.615443
0.541832
0.495246
0.50358
0.494114
0.528225
0.509017
0.508376
0.523302
0.537673
0.534465
0.493562
0.528756
0.529347
0.537357
0.522379
0.516273
0.512384
0.519498
0.523056
0.524778
0.495666
0.642979
0.530255
0.498787
0.514934
0.512916
0.617542
0.545302
0.539618
0.535858
0.529216
0.523457
0.524097
0.517296
0.521906
0.501708
0.507681
0.506707
0.506183
0.49495
0.49651
0.556396
0.498344
0.496099
0.5514
0.510677
0.538491
0.506517
0.528102
0.51606
0.523496
0.546591
0.547825
0.500251
0.525364
0.501542
0.521412
0.533462
0.529514
0.509672
0.510873
0.497033
0.492794
0.509384
0.529081
0.608847
0.528223
0.536623
0.604643
0.529271
0.539175
0.629271
0.52891
0.517015
0.540196
0.511325
0.512494
0.536327
0.503195
0.504414
0.509179
0.510931
0.521662
0.534674
0.494701
0.506003
0.614707
0.630025
0.532986
0.622043
0.522525
0.49946
0.529433
0.564743
0.523488
0.524642
0.501577
0.504357
0.510727
0.510955
0.527253
0.493178
0.498125
0.510896
0.523427
0.519246
0.538787
0.511424
0.532741
0.506089
0.512694
0.518493
0.523339
0.510624
0.603364
0.517927
0.516739
0.526102
0.524743
0.526129
0.502655
0.507632
0.498512
0.515482
0.493991
0.498002
0.509027
0.541317
0.511565
0.527624
0.574187
0.494134
0.512658
0.522583
0.527982
0.517167
0.515328
0.519169
0.521503
0.51341
0.515465
0.530588
0.525582
0.564153
0.493151
0.525475
0.522629
0.526994
0.493045
0.501035
0.623426
0.528234
0.510208
0.646437
0.522097
0.520123
0.522928
0.515329
0.543452
0.533531
0.511299
0.515997
0.512036
0.528868
0.508927
0.512219
0.650254
0.49616
0.49745
0.519596
0.513709
0.515363
0.528866
0.534101
0.508225
0.524478
0.51572
0.5222
0.512928
0.504084
0.520259
0.535852
0.525683
0.526467
0.522286
0.512342
0.524363
0.530442
0.494697
0.495821
0.516308
0.544371
0.499072
0.54491
0.497534
0.534624
0.539066
0.50944
0.561191
0.5033
0.505313
0.672875
0.532367
0.524722
0.567806
0.685728
0.497906
0.492334
0.494917
0.51508
0.498618
0.526988
0.609176
0.529886
0.543002
0.52713
0.5378
0.497139
0.496697
0.517316
0.496502
0.507991
0.516622
0.511765
0.497713
0.512422
0.509385
0.538804
0.524953
0.625688
0.542791
0.511279
0.511765
0.535274
0.54093
0.512201
0.542464
0.510782
0.526371
0.525716
0.538772
0.497022
0.652139
0.522229
0.509944
0.513097
0.498516
0.503764
0.502821
0.524879
0.544618
0.506238
0.52887
0.56087
0.543983
0.529889
0.511272
0.508671
0.523758
0.630462
0.513111
0.513244
0.511263
0.514663
0.50069
0.529521
0.529854
0.527163
0.51641
0.654235
0.511078
0.509681
0.520576
0.538216
0.499544
0.528014
0.538822
0.502008
0.502815
0.513222
0.525187
0.523688
0.518894
0.488583
0.493789
0.494448
0.513414
0.511941
0.507977
0.524773
0.515564
0.511787
0.517115
0.522573
0.492075
0.488776
0.530344
0.518254
0.507848
0.513798
0.50964
0.565155
0.513662
0.50933
0.5227
0.511767
0.498707
0.496031
0.547645
0.525268
0.544237
0.511744
0.51133
0.528268
0.647452
0.499533
0.518757
0.52712
0.510037
0.539214
0.496819
0.513489
0.558928
0.502752
0.531628
0.521927
0.532467
0.53088
0.497714
0.54491
0.497745
0.492367
0.501538
0.514144
0.627169
0.601434
0.513923
0.514322
0.532557
0.513771
0.516138
0.511838
0.510038
0.514177
0.577013
0.599944
0.525815
0.519289
0.513323
0.525991
0.53298
0.511213
0.505255
0.517833
0.508518
0.514226
0.500358
0.513708
0.511102
0.519219
0.505282
0.538949
0.520577
0.520816
0.537768
0.513936
0.512322
0.522184
0.530738
0.522618
0.528816
0.500693
0.568025
0.510951
0.523432
0.53724
0.510896
0.513769
0.532035
0.518535
0.519981
0.525977
0.51203
0.522061
0.542424
0.540179
0.506752
0.518791
0.514143
0.517377
0.517239
0.518161
0.511118
0.511973
0.515915
0.514485
0.510285
0.50248
0.510984
0.518536
0.516074
0.5201
0.508345
0.501499
0.515021
0.516081
0.516075
0.516583
0.511841
0.5103
0.510808
0.50712
0.509898
0.512619
0.515473
0.527352
0.514785
0.520291
0.533483
0.511577
0.528311
0.51035
0.50627
0.507061
0.508115
0.50731
0.556024
0.513742
0.512734
0.500192
0.661978
0.542424
0.512735
0.50348
0.511956
0.516329
0.521311
0.515577
0.514388
0.51458
0.512983
0.517641
0.578154
0.510721
0.536228
0.535252
0.532173
0.530085
0.573649
0.526069
0.512791
0.511338
0.513942
0.538251
0.508073
0.509186
0.517244
0.511626
0.53665
0.562188
0.550277
0.552131
0.527186
0.511325
0.504005
0.660548
0.506206
0.520048
0.510505
0.519414
0.526115
0.518754
0.51999
0.515164
0.507566
0.514439
0.508144
0.507045
0.51036
0.522714
0.538098
0.514478
0.505792
0.512372
0.509977
0.536509
0.544367
0.515254
0.511858
0.493469
0.513871
0.512846
0.596104
0.509958
0.528914
0.507924
0.511442
0.508901
0.510632
0.514446
0.513256
0.544584
0.5212
0.509461
0.519089
0.516223
0.534921
0.51263
0.517408
0.511233
0.510346
0.525011
0.516548
0.508545
0.506234
0.51848
0.513261
0.51082
0.522753
0.514369
0.513416
0.532298
0.514453
0.519899
0.504044
0.512747
0.520622
0.51099
0.506563
0.501373
0.533117
0.524618
0.514282
0.512263
0.509166
0.644923
0.518935
0.511471
0.514461
0.510429
0.542869
0.507069
0.502186
0.514157
0.536153
0.518222
0.511216
0.498729
0.526838
0.523288
0.594832
0.527576
0.517726
0.514698
0.529764
0.511457
0.520499
0.505085
0.512243
0.510158
0.512971
0.531859
0.568712
0.604047
0.516505
0.522643
0.528505
0.521297
0.51774
0.535742
0.513963
0.514615
0.513948
0.533584
0.552557
0.504881
0.539796
0.50643
0.524245
0.512314
0.511032
0.51751
0.525313
0.51172
0.512549
0.511109
0.51107
0.514295
0.501982
0.548696
0.519865
0.509009
0.515225
0.524269
0.509874
0.526386
0.560547
0.531329
0.512954
0.52269
0.521931
0.50997
0.521573
0.524255
0.516274
0.51153
0.52795
0.502562
0.51782
0.519571
0.525067
0.512783
0.509098
0.517005
0.602041
0.543232
0.520548
0.521219
0.518547
0.523336
0.51404
0.513828
0.515982
0.510928
0.512479
0.513734
0.515854
0.512715
0.511799
0.520969
0.511276
0.511683
0.512709
0.594098
0.612722
0.523405
0.518679
0.521778
0.515621
0.537244
0.535518
0.512304
0.523366
0.520768
0.524391
0.509804
0.516532
0.545652
0.526692
0.5457
0.506419
0.560172
0.629483
0.515048
0.517075
0.584064
0.514042
0.512162
0.538871
0.521458
0.571497
0.523423
0.521942
0.529931
0.513176
0.510531
0.512083
0.513692
0.510703
0.515299
0.528851
0.552481
0.512945
0.507459
0.519665
0.51509
0.532707
0.515009
0.524251
0.512157
0.519955
0.511964
0.510197
0.516526
0.502033
0.519962
0.510579
0.511063
0.526661
0.547458
0.62361
0.53543
0.540148
0.512485
0.529724
0.539894
0.517529
0.555813
0.515302
0.526327
0.522254
0.511336
0.532095
0.517343
0.506386
0.509158
0.509163
0.512653
0.522446
0.511406
0.520247
0.513406
0.542614
0.526349
0.513074
0.512235
0.50617
0.521456
0.513515
0.501565
0.502317
0.503613
0.50884
0.516465
0.530839
0.505186
0.550203
0.509842
0.504697
0.513318
0.639097
0.510045
0.537497
0.504136
0.530513
0.574877
0.521381
0.518114
0.513842
0.505783
0.526326
0.566273
0.510135
0.521097
0.519445
0.537013
0.526858
0.526374
0.506734
0.519346
0.501649
0.538007
0.521231
0.507088
0.51062
0.563901
0.584273
0.588305
0.533976
0.515148
0.508382
0.499465
0.521951
0.644641
0.53201
0.502645
0.503071
0.518596
0.519927
0.494688
0.517651
0.518141
0.506987
0.511241
0.510476
0.546163
0.518927
0.514073
0.611806
0.516819
0.511736
0.5716
0.516218
0.5048
0.507192
0.52806
0.511059
0.512615
0.516595
0.519582
0.55548
0.513598
0.511915
0.507011
0.513743
0.526357
0.514615
0.512233
0.514188
0.498426
0.511009
0.525891
0.510772
0.525999
0.51006
0.517281
0.578387
0.517114
0.509356
0.523857
0.513886
0.506873
0.510362
0.545584
0.536415
0.516351
0.523567
0.502702
0.508181
0.504506
0.512348
0.532812
0.510668
0.519409
0.522811
0.512088
0.518902
0.529283
0.547801
0.499344
0.592568
0.510844
0.508273
0.516653
0.496311
0.511266
0.522216
0.514852
0.564322
0.510506
0.570324
0.54317
0.517008
0.531017
0.519497
0.520918
0.510327
0.514478
0.531792
0.527012
0.513411
0.519872
0.511106
0.513571
0.528313
0.509481
0.530515
0.514113
0.505392
0.525276
0.514124
0.503342
0.521866
0.505119
0.510093
0.51237
0.516501
0.511814
0.512425
0.517752
0.514253
0.510249
0.497173
0.513861
0.525271
0.51904
0.543414
0.526648
0.50197
0.496868
0.49872
0.516253
0.515714
0.518758
0.515459
0.508727
0.506452
0.535631
0.519769
0.517709
0.522997
0.514913
0.508109
0.532097
0.511075
0.516861
0.510474
0.535268
0.517255
0.521096
0.667164
0.521845
0.507297
0.520566
0.572081
0.609879
0.540637
0.522678
0.511293
0.523334
0.505641
0.508371
0.500756
0.514677
0.505342
0.515493
0.516032
0.538662
0.527158
0.547521
0.498259
0.511403
0.5129
0.562011
0.549369
0.508395
0.507999
0.518159
0.541068
0.505496
0.526282
0.518537
0.497204
0.520754
0.510095
0.501027
0.509034
0.580156
0.498901
