0.52832
0.529524
0.524767
0.523349
0.517736
0.529181
0.526381
0.538047
0.526311
0.525373
0.524132
0.521583
0.526286
0.524074
0.523649
0.516023
0.527494
0.546843
0.546674
0.533305
0.539732
0.53203
0.533255
0.523423
0.525184
0.53355
0.512483
0.537407
0.527593
0.536029
0.52621
0.528281
0.526318
0.533048
0.527899
0.524993
0.522335
0.518919
0.520817
0.531934
0.543315
0.538484
0.527075
0.523045
0.527348
0.524021
0.52416
0.523439
0.524724
0.517292
0.52022
0.520383
0.528875
0.528475
0.530917
0.527305
0.525411
0.528175
0.528537
0.527725
0.523149
0.55057
0.557274
0.546885
0.50649
0.523204
0.529655
0.528314
0.527222
0.529892
0.527182
0.532583
0.522303
0.525445
0.523807
0.542203
0.52137
0.524603
0.525062
0.525094
0.528331
0.523381
0.545528
0.535065
0.526447
0.527389
0.523925
0.53432
0.528953
0.532867
0.534546
0.522254
0.529109
0.533583
0.519987
0.518106
0.516567
0.517393
0.522301
0.520802
0.518774
0.527925
0.530116
0.53201
0.522985
0.522235
0.519582
0.5295
0.524775
0.532687
0.531793
0.530504
0.529504
0.526057
0.525505
0.527671
0.521735
0.522123
0.541122
0.524062
0.523004
0.522326
0.521744
0.522444
0.527121
0.529328
0.525569
0.522548
0.533646
0.534878
0.522035
0.53082
0.526368
0.524373
0.528597
0.524806
0.509842
0.518269
0.519503
0.519612
0.51156
0.522767
0.535254
0.528442
0.533991
0.524683
0.548426
0.542877
0.521863
0.525355
0.518799
0.533542
0.532963
0.529055
0.535843
0.534807
0.532443
0.522017
0.52202
0.521335
0.526936
0.522923
0.528925
0.525351
0.522628
0.522353
0.526155
0.532105
0.534322
0.532197
0.520298
0.516404
0.509146
0.525734
0.526321
0.524467
0.515534
0.514738
0.525991
0.525443
0.542587
0.559992
0.531995
0.525382
0.526702
0.527788
0.524304
0.527924
0.52297
0.559172
0.556354
0.548709
0.519095
0.51883
0.525334
0.531118
0.541099
0.517119
0.513679
0.515319
0.544646
0.538145
0.540102
0.518389
0.518225
0.524079
0.537444
0.540667
0.5297
0.516419
0.521281
0.523484
0.525266
0.518588
0.526198
0.542598
0.541495
0.526684
0.527479
0.52205
0.534722
0.516748
0.520117
0.522712
0.519109
0.52768
0.522488
0.520233
0.52905
0.530049
0.527934
0.538064
0.527032
0.527267
0.55101
0.556218
0.537876
0.522609
0.520868
0.516692
0.5174
0.526147
0.536329
0.529451
0.526057
0.527141
0.521213
0.527933
0.529162
0.524544
0.527401
0.525883
0.521345
0.52165
0.521707
0.546697
0.537966
0.528364
0.527933
0.519344
0.520315
0.521767
0.52534
0.521992
0.523301
0.522175
0.518651
0.517973
0.525171
0.524925
0.530008
0.521094
0.526716
0.52408
0.514872
0.521283
0.526585
0.512644
0.522036
0.521246
0.520627
0.524137
0.514748
0.520303
0.522218
0.530467
0.520751
0.526991
0.523507
0.52182
0.524622
0.522783
0.517769
0.52723
0.527954
0.521665
0.523053
0.515588
0.522943
0.52376
0.524348
0.530609
0.522331
0.541335
0.544064
0.527531
0.529867
0.527522
0.531691
0.516208
0.517913
0.525992
0.524966
0.536588
0.527875
0.519327
0.52373
0.555115
0.523187
0.522125
0.521355
0.52212
0.517992
0.520696
0.522303
0.525785
0.525939
0.524381
0.532596
0.52698
0.532863
0.528491
0.537259
0.526823
0.508444
0.515521
0.531779
0.521306
0.509082
0.517015
0.512934
0.523367
0.523964
0.52291
0.523879
0.514146
0.519416
0.515098
0.522489
0.523148
0.52745
0.525051
0.532613
0.513229
0.521257
0.510325
0.514294
0.521346
0.523572
0.520544
0.523965
0.521794
0.519248
0.528507
0.519395
0.522101
0.544894
0.536058
0.524945
0.511637
0.547283
0.535424
0.534735
0.530084
0.528856
0.5346
0.521818
0.520883
0.521377
0.519368
0.5287
0.53834
0.524422
0.523458
0.523935
0.521872
0.52234
0.531031
0.520682
0.529422
0.52443
0.528036
0.529039
0.536816
0.547436
0.523812
0.52275
0.520626
0.525122
0.524823
0.529496
0.531758
0.525512
0.537403
0.529007
0.525291
0.524763
0.528136
0.525269
0.528627
0.511127
0.519016
0.523363
0.52302
0.560586
0.523861
0.520994
0.530192
0.525199
0.525067
0.527299
0.525164
0.529094
0.528719
0.522859
0.524011
0.527351
0.53018
0.537955
0.540115
0.523712
0.523348
0.531144
0.524589
0.514101
0.522413
0.528635
0.525069
0.52381
0.5268
0.524435
0.520465
0.527549
0.521545
0.530066
0.52212
0.522679
0.524945
0.529819
0.52464
0.523406
0.524405
0.524968
0.51686
0.526875
0.527867
0.5256
0.549391
0.52158
0.521657
0.520833
0.523763
0.511789
0.516179
0.522629
0.521645
0.525145
0.526618
0.524393
0.524985
0.523256
0.525747
0.520324
0.52754
0.556472
0.551714
0.540426
0.52531
0.525851
0.52477
0.524678
0.522245
0.524692
0.522688
0.523737
0.548569
0.542218
0.528427
0.535574
0.526818
0.525947
0.515365
0.541428
0.532175
0.521808
0.523343
0.52527
0.55155
0.537179
0.528526
0.524085
0.521978
0.524173
0.519944
0.531936
0.526418
0.524133
0.530126
0.511916
0.522551
0.515582
0.528105
0.530239
0.524927
0.538849
0.551466
0.53723
0.528152
0.529422
0.527479
0.521486
0.521739
0.539426
0.52032
0.516758
0.523055
0.525092
0.527065
0.518098
0.526398
0.520836
0.528406
0.531374
0.518159
0.539865
0.527031
0.532102
0.522459
0.527446
0.530307
0.5309
0.537014
0.522175
0.522989
0.531721
0.531953
0.526054
0.552736
0.542839
0.558894
0.559859
0.517053
0.517281
0.520707
0.525712
0.529772
0.528622
0.520138
0.522438
0.520209
0.530535
0.529808
0.521397
0.521179
0.520825
0.528249
0.522826
0.532007
0.519672
0.527205
0.524
0.52325
0.528214
0.526169
0.52394
0.514995
0.519573
0.528518
0.527369
0.529474
0.520525
0.53342
0.536211
0.523766
0.523908
0.527441
0.53257
0.532697
0.522654
0.526392
0.527895
0.529673
0.522565
0.522208
0.521947
0.532148
0.524963
0.508345
0.522403
0.524699
0.519448
0.520567
0.526854
0.525073
0.524781
0.522101
0.522185
0.538726
0.538463
0.529654
0.533539
0.515435
0.529909
0.530436
0.511852
0.515345
0.521484
0.523903
0.523135
0.52297
0.513525
0.52327
0.53305
0.538849
0.510928
0.526331
0.530767
0.530522
0.525501
0.518836
0.519449
0.522586
0.530843
0.529197
0.521104
0.523816
0.52759
0.523119
0.524445
0.539385
0.527494
0.534338
0.527008
0.523808
0.523334
0.533163
0.523345
0.51996
0.526792
0.534245
0.518766
0.527617
0.516798
0.527235
0.52003
0.513444
0.510974
0.513838
0.527249
0.522645
0.533267
0.510277
0.512516
0.521883
0.52153
0.537233
0.531364
0.526678
0.521434
0.522142
0.527577
0.529074
0.527504
0.529689
0.52305
0.52381
0.521336
0.525338
0.532388
0.531865
0.52589
0.52083
0.526052
0.532092
0.521773
0.534364
0.524001
0.519372
0.517522
0.528496
0.524109
0.523461
0.525154
0.538375
0.522872
0.518101
0.518295
0.519334
0.519519
0.523647
0.52431
0.516921
0.526265
0.541061
0.523239
0.535864
0.525894
0.518484
0.532103
0.523765
0.526007
0.522118
0.526764
0.525539
0.52285
0.531924
0.53416
0.533905
0.52256
0.521709
0.52666
0.533951
0.522375
0.520599
0.524529
0.516264
0.526111
0.524568
0.525233
0.52611
0.518831
0.547107
0.542217
0.535653
0.52213
0.529896
0.531792
0.52133
0.527233
0.538463
0.561103
0.516871
0.523087
0.524891
0.52632
0.524073
0.547139
0.5386
0.523674
0.526609
0.53598
0.530586
0.526395
0.521621
0.520237
0.519822
0.546905
0.530118
0.545989
0.530729
0.526825
0.529933
0.53168
0.52547
0.526949
0.53702
0.529653
0.519
0.525358
0.552555
0.543532
0.521703
0.518606
0.507134
0.521026
0.527065
0.516603
0.519932
0.52419
0.525829
0.528251
0.522903
0.529036
0.518463
0.535926
0.529988
0.524088
0.519517
0.555641
0.529274
0.52782
0.532065
0.518175
0.521404
0.521502
0.519136
0.525531
0.517215
0.521846
0.517981
0.561903
0.522477
0.52194
0.529123
0.532891
0.537257
0.518934
0.526546
0.528028
0.524971
0.527936
0.528674
0.527092
0.519534
0.521984
0.530202
0.522866
0.528744
0.52087
0.517879
0.530317
0.531786
0.527781
0.517317
0.51921
0.526789
0.522711
0.514542
0.51185
0.521759
0.520723
0.521591
0.520793
0.530772
0.522382
0.520457
0.519123
0.527999
0.537964
0.527811
0.514181
0.529319
0.517661
0.519244
0.528871
0.518157
0.516932
0.542705
0.547907
0.539837
0.539121
0.516277
0.515726
0.516394
0.53729
0.531129
0.5175
0.549675
0.516535
0.512637
0.519006
0.520091
0.524947
0.535953
0.515444
0.519158
0.520232
0.527174
0.527085
0.527295
0.504189
0.534861
0.554652
0.522807
0.523199
0.526529
0.527656
0.532632
0.527182
0.531561
0.521041
0.526838
0.525192
0.519289
0.522031
0.521424
0.519362
0.523923
0.512336
0.522979
0.520759
0.520019
0.520675
0.508169
0.50888
0.526307
0.525483
0.529041
0.521845
0.538496
0.527046
0.522621
0.527871
0.523015
0.520556
0.526074
0.533162
0.528968
0.534403
0.52483
0.514632
0.549533
0.521677
0.526469
0.526091
0.530834
0.521446
0.510315
0.520547
0.519928
0.520863
0.520019
0.522022
0.528995
0.525868
0.534451
0.537751
0.527322
0.517326
0.539327
0.52837
0.526097
0.525072
0.534161
0.517422
0.514471
0.523452
0.526359
0.522539
0.516719
0.535711
0.525135
0.52414
0.51665
0.529809
0.524795
0.523748
0.520922
0.521284
0.525931
0.535432
0.529217
0.536558
0.524529
0.520573
0.518359
0.516631
0.531232
0.529947
0.51731
0.517493
0.508736
0.52696
0.523092
0.509526
0.519971
0.524013
0.524674
0.511604
0.512902
0.510977
0.516603
0.533604
0.521375
0.529539
0.52481
0.514781
0.5574
0.537841
0.532856
0.52686
0.51731
0.527649
0.521841
0.521077
0.522611
0.521314
0.513398
0.524108
0.51885
0.511848
0.504819
0.520636
0.520455
0.564398
0.515816
0.523037
0.523034
0.532804
0.526445
0.52108
0.518385
0.534419
0.538211
0.517989
0.511177
0.521196
0.528831
0.526653
0.526005
0.52126
0.52591
0.518371
0.548572
0.518819
0.519184
0.520282
0.521238
0.504622
0.517575
0.522543
0.515991
0.532674
0.52306
0.519131
0.511174
0.523535
0.507835
0.505936
0.529204
0.519062
0.52176
0.516651
0.511732
0.521262
0.525732
0.539887
0.525797
0.523274
0.509682
0.518185
0.522958
0.519692
0.530355
0.519746
0.517477
0.526648
0.527034
0.529604
0.523002
0.507128
0.525907
0.52933
0.528383
0.526737
0.527513
0.521503
0.526321
0.518853
0.522637
0.532965
0.518957
0.529757
0.527108
0.52778
0.530126
0.534432
0.513865
0.524288
0.52612
0.525829
0.52518
0.528134
0.51896
0.526745
0.530708
0.518666
0.517737
0.529184
0.529279
0.52982
0.52016
0.525581
0.526811
0.530676
0.528754
0.525466
0.526
0.561083
0.510976
0.527904
0.52776
0.517087
0.50442
0.534504
0.520829
0.52144
0.524781
0.521851
0.525417
0.527069
0.524231
0.530931
0.5214
0.541851
0.527427
0.52844
0.532801
0.525187
0.525914
0.522266
0.52373
0.526907
0.526678
0.522819
0.524983
0.524974
0.521994
0.52085
0.52041
0.526274
0.521107
0.522084
0.524173
0.536072
0.52608
0.546356
0.533613
0.531985
0.522377
0.521172
0.517592
0.534675
0.523936
0.521532
0.525035
0.509366
0.533419
0.536529
0.528093
0.525463
0.524159
0.546931
0.543703
0.543682
0.523651
0.527077
0.522197
0.521913
0.526182
0.521318
0.519746
0.521443
0.526754
0.538202
0.528711
0.524709
0.527932
0.527221
0.513417
0.526689
0.520683
0.522911
0.519995
0.521907
0.530351
0.53652
0.524299
0.522087
0.521885
0.523772
0.52066
0.528094
0.540704
0.522373
0.523692
0.523191
0.533172
0.52109
0.525795
0.544232
0.52639
0.521429
0.534879
0.517413
0.52121
0.522473
0.549158
0.521918
0.526816
0.534976
0.527438
0.51313
0.544404
0.52086
0.532899
0.524511
0.529386
0.524828
0.522609
0.522975
0.529811
0.521451
0.522248
0.522623
0.526744
0.52281
0.528278
0.526816
0.527973
0.519729
0.522341
0.534443
0.525754
0.523225
0.510627
0.527877
0.526905
0.539363
0.52467
0.522297
0.534773
0.537534
0.523286
0.519101
0.516167
0.526139
0.543201
0.542189
0.545139
0.526071
0.524272
0.525288
0.522365
0.527868
0.518524
0.522482
0.531733
0.534092
0.530952
0.526099
0.525602
0.50201
0.526373
0.550438
0.525083
0.524764
0.529057
0.529114
0.526977
0.526427
0.529764
0.531795
0.520515
0.522492
0.536173
0.523056
0.520054
0.526787
0.527497
0.524369
0.530197
0.525486
0.527563
0.521675
0.522811
0.52648
0.524756
0.52615
0.521952
0.526964
0.527202
0.525261
0.524537
0.532487
0.531697
0.525449
0.529426
0.519581
0.522779
0.526029
0.523578
0.530228
0.520158
0.534342
0.523205
0.524398
0.545807
0.531369
0.540444
0.531962
0.520314
0.528575
0.522139
0.534011
0.525515
0.524091
0.523126
0.529483
0.521837
0.527595
0.525056
0.529502
0.529913
0.525701
0.531552
0.526709
0.527443
0.530963
0.528673
0.525899
