0.518244
0.517197
0.516685
0.51816
0.527273
0.520835
0.517285
0.50921
0.523641
0.5155
0.521572
0.522817
0.505397
0.508143
0.507267
0.511071
0.513565
0.510192
0.511984
0.513403
0.51321
0.515806
0.573379
0.559616
0.560906
0.500908
0.655244
0.504624
0.50117
0.514488
0.513388
0.517787
0.509046
0.504937
0.511605
0.543771
0.538729
0.51528
0.516518
0.514539
0.511038
0.527024
0.525551
0.500896
0.505622
0.502959
0.50908
0.513251
0.540351
0.535158
0.540018
0.540402
0.510591
0.531837
0.511338
0.510976
0.51266
0.512425
0.510533
0.511849
0.507294
0.516294
0.505543
0.508555
0.512837
0.543534
0.547866
0.513178
0.51149
0.530958
0.534255
0.525367
0.529747
0.521421
0.601795
0.601621
0.599612
0.537968
0.597561
0.55524
0.529116
0.535867
0.527594
0.502981
0.498085
0.501539
0.514185
0.51138
0.524396
0.527876
0.529101
0.554642
0.512455
0.514243
0.496308
0.512619
0.496306
0.497575
0.524479
0.524436
0.516376
0.514211
0.58564
0.580149
0.523982
0.524248
0.526266
0.532392
0.53652
0.512196
0.511638
0.510727
0.526539
0.511209
0.610068
0.642414
0.646753
0.521047
0.527804
0.530783
0.531094
0.505855
0.515574
0.539177
0.538968
0.527251
0.533488
0.514149
0.513917
0.534137
0.526377
0.500855
0.498464
0.502952
0.511322
0.511626
0.518294
0.524958
0.521311
0.538713
0.540962
0.534624
0.523406
0.530836
0.530368
0.523997
0.518463
0.527681
0.5389
0.496591
0.501805
0.52473
0.5184
0.533455
0.517927
0.519905
0.524422
0.508201
0.510483
0.510336
0.684874
0.594538
0.575868
0.522789
0.524345
0.496998
0.501647
0.510546
0.507593
0.525201
0.507869
0.509947
0.510315
0.514062
0.512002
0.504974
0.512801
0.510049
0.52903
0.583317
0.498362
0.512032
0.510952
0.51085
0.511663
0.519693
0.580581
0.539169
0.547299
0.540262
0.542015
0.534842
0.526003
0.525591
0.575456
0.589459
0.508154
0.507076
0.622884
0.605272
0.513732
0.516234
0.533931
0.527415
0.512584
0.511773
0.508903
0.512852
0.516715
0.51013
0.51045
0.529414
0.536593
0.526421
0.527208
0.526287
0.604617
0.491373
0.509667
0.494533
0.50045
0.529533
0.52765
0.526826
0.494683
0.522726
0.51258
0.509457
0.510187
0.522919
0.517129
0.518702
0.520307
0.516672
0.531813
0.528574
0.51046
0.510804
0.519439
0.521497
0.519337
0.519566
0.513428
0.517731
0.519711
0.498673
0.495627
0.517334
0.516748
0.534369
0.537204
0.508483
0.509013
0.503487
0.497992
0.527119
0.529343
0.524391
0.524839
0.539409
0.533111
0.519564
0.524862
0.495294
0.513877
0.515131
0.519557
0.5104
0.512671
0.514316
0.51253
0.501836
0.542167
0.548898
0.552555
0.51063
0.515109
0.520309
0.501075
0.502187
0.543815
0.522258
0.504521
0.527632
0.509019
0.521181
0.529814
0.529459
0.531474
0.536038
0.539945
0.510171
0.511426
0.523035
0.534471
0.508801
0.513693
0.50988
0.510337
0.512458
0.523788
0.58657
0.599449
0.630732
0.51143
0.512081
0.513468
0.512394
0.529388
0.528153
0.60387
0.509852
0.50908
0.530422
0.533353
0.525816
0.627946
0.50217
0.508626
0.502778
0.512437
0.511918
0.516765
0.511801
0.509609
0.510328
0.554707
0.49541
0.508391
0.505789
0.512431
0.53561
0.516515
0.507671
0.511658
0.545655
0.540824
0.517235
0.515258
0.513273
0.524563
0.494516
0.491472
0.537514
0.531881
0.529201
0.518523
0.511326
0.511322
0.512779
0.510169
0.51155
0.521788
0.53215
0.514405
0.518234
0.527785
0.519671
0.519679
0.536474
0.536599
0.512344
0.531366
0.525423
0.513265
0.511469
0.514464
0.510913
0.517079
0.509394
0.510282
0.515154
0.530841
0.515119
0.509346
0.51676
0.508273
0.508944
0.515416
0.514952
0.51736
0.536907
0.534371
0.513165
0.516744
0.49545
0.503164
0.522949
0.533705
0.515025
0.512125
0.518558
0.501207
0.500554
0.501387
0.501386
0.535287
0.582891
0.511269
0.533978
0.520676
0.519231
0.520516
0.531089
0.528427
0.506618
0.498898
0.511543
0.513284
0.510971
0.513602
0.506194
0.574695
0.533989
0.53031
0.496146
0.498779
0.513787
0.516936
0.519406
0.517289
0.506205
0.504438
0.510333
0.521512
0.495563
0.502766
0.516031
0.502564
0.519011
0.515911
0.510134
0.508713
0.624011
0.65713
0.509512
0.497532
0.616757
0.632101
0.624252
0.529999
0.517949
0.532273
0.528266
0.520739
0.519624
0.519822
0.510341
0.537389
0.512259
0.509309
0.545849
0.545815
0.501552
0.542755
0.513835
0.514109
0.512984
0.514649
0.519182
0.523124
0.531071
0.527122
0.513263
0.512772
0.511523
0.520405
0.517808
0.527096
0.597198
0.589016
0.522898
0.5211
0.627652
0.633056
0.639331
0.530623
0.528472
0.523017
0.516193
0.520351
0.522073
0.523877
0.516044
0.512531
0.509918
0.516051
0.576246
0.565579
0.507938
0.525896
0.518582
0.506739
0.51038
0.494836
0.497524
0.524753
0.544296
0.538709
0.505494
0.501654
0.505674
0.513324
0.521965
0.531651
0.586577
0.607601
0.54372
0.541948
0.525572
0.670216
0.719076
0.673901
0.522926
0.503029
0.515337
0.513773
0.515496
0.513121
0.516258
0.520274
0.535828
0.538273
0.539197
0.537993
0.515755
0.524556
0.515099
0.51288
0.511281
0.531386
0.529809
0.541328
0.533422
0.520236
0.519401
0.516363
0.550282
0.509343
0.508258
0.536171
0.504171
0.508205
0.516555
0.572284
0.513326
0.511265
0.515119
0.513506
0.527646
0.524249
0.527039
0.521625
0.510748
0.512819
0.507616
0.523917
0.525879
0.580917
0.575656
0.528928
0.530669
0.534808
0.503817
0.495487
0.530533
0.51756
0.527514
0.519306
0.534618
0.53458
0.532258
0.527282
0.523285
0.519734
0.523359
0.61334
0.537763
0.515198
0.507254
0.544335
0.538589
0.50783
0.502741
0.506088
0.500137
0.517514
0.501441
0.506052
0.512977
0.51234
0.494396
0.499287
0.520904
0.559478
0.513497
0.504581
0.514473
0.515877
0.622212
0.510337
0.510536
0.499303
0.516486
0.514128
0.49384
0.51175
0.527354
0.49437
0.511223
0.510926
0.558237
0.565722
0.614406
0.634631
0.518831
0.514333
0.5263
0.523125
0.532282
0.539175
0.53341
0.608816
0.5129
0.514063
0.512045
0.510603
0.511729
0.503064
0.494287
0.518411
0.514237
0.509239
0.51175
0.510767
0.49533
0.549957
0.537755
0.50326
0.512693
0.516272
0.568506
0.506366
0.512616
0.512613
0.511021
0.511415
0.491356
0.496245
0.575195
0.572308
0.52705
0.501109
0.502985
0.62478
0.663741
0.648094
0.522392
0.53657
0.52842
0.519105
0.520125
0.523419
0.522905
0.495728
0.502535
0.532126
0.525738
0.524079
0.509718
0.514717
0.510932
0.498338
0.500345
0.49745
0.504085
0.503238
0.516615
0.516168
0.53114
0.527711
0.530412
0.544587
0.576237
0.584511
0.521838
0.520582
0.525583
0.645029
0.646472
0.511077
0.502715
0.509233
0.508553
0.527166
0.523125
0.651492
0.51001
0.512539
0.515719
0.516751
0.513929
0.512889
0.582926
0.57254
0.516244
0.492746
0.497287
0.493507
0.499668
0.535634
0.53244
0.514075
0.49859
0.514463
0.513279
0.505644
0.521476
0.511858
0.524418
0.556073
0.556607
0.565088
0.509456
0.509417
0.518068
0.510853
0.508889
0.529927
0.524788
0.491538
0.518509
0.522869
0.514626
0.513316
0.507727
0.604726
0.526043
0.494835
0.509852
0.498424
0.51117
0.494661
0.51311
0.573236
0.519121
0.513949
0.516445
0.622386
0.508532
0.524259
0.52163
0.504363
0.530451
0.525328
0.501727
0.510781
0.505194
0.546579
0.554929
0.502037
0.511084
0.549374
0.545552
0.511747
0.513076
0.50978
0.514175
0.524968
0.520653
0.545644
0.538661
0.51546
0.652329
0.624201
0.510784
0.51212
0.513462
0.5049
0.52879
0.526638
0.51146
0.510612
0.543826
0.534391
0.530129
0.533574
0.519151
0.518625
0.519243
0.500111
0.509552
0.519661
0.512166
0.529079
0.51748
0.515071
0.514208
0.524945
0.530133
0.527368
0.513155
0.517194
0.51495
0.511168
0.511273
0.510304
0.501138
0.524802
0.520076
0.516897
0.497375
0.5083
0.507776
0.514058
0.52036
0.512393
0.536635
0.534862
0.512613
0.514131
0.495496
0.488873
0.524314
0.512165
0.515155
0.51803
0.678051
0.499802
0.522988
0.527861
0.509582
0.510626
0.562022
0.548876
0.508371
0.532946
0.534156
0.537015
0.539484
0.53817
0.491846
0.531527
0.511533
0.5145
0.515624
0.512223
0.516507
0.501127
0.51955
0.522403
0.510498
0.537847
0.539837
0.5273
0.507887
0.51239
0.508989
0.507639
0.498875
0.50481
0.512502
0.534248
0.602473
0.667478
0.647048
0.512991
0.513774
0.4994
0.502389
0.518798
0.522899
0.51979
0.510045
0.503788
0.518375
0.518779
0.619864
0.516261
0.532041
0.532511
0.513628
0.511909
0.512726
0.742425
0.52042
0.555804
0.51933
0.500207
0.502387
0.531014
0.526275
0.514045
0.52562
0.513223
0.531542
0.531507
0.658639
0.643117
0.519121
0.500129
0.521437
0.509358
0.513891
0.509578
0.530891
0.508356
0.512502
0.509247
0.504687
0.504319
0.540717
0.541106
0.524103
0.531453
0.530717
0.512958
0.513351
0.533516
0.524164
0.519521
0.498043
0.499772
0.49089
0.512978
0.501491
0.501124
0.492423
0.509351
0.508692
0.517451
0.511203
0.509243
0.50812
0.5335
0.531056
0.516439
0.508068
0.50087
0.571905
0.546591
0.551725
0.527624
0.588037
0.583743
0.50897
0.50944
0.512558
0.51367
0.541103
0.532167
0.508766
0.500764
0.521398
0.541532
0.544961
0.670404
0.508266
0.527806
0.526248
0.525722
0.512149
0.543609
0.517031
0.628004
0.590162
0.516054
0.517713
0.495758
0.500485
0.498949
0.51199
0.505369
0.506505
0.578154
0.513634
0.513677
0.528379
0.52464
0.536166
0.511254
0.518158
0.489575
0.49462
0.503045
0.498467
0.62589
0.520131
0.539221
0.536756
0.516269
0.523949
0.507883
0.543996
0.532616
0.512175
0.525929
0.530674
0.52946
0.526531
0.531031
0.517033
0.521602
0.497924
0.538058
0.535127
0.520568
0.507563
0.49973
0.571896
0.557147
0.512055
0.496334
0.517867
0.506631
0.507947
0.504009
0.532782
0.542991
0.525928
0.498501
0.504554
0.528907
0.544015
0.54197
0.513792
0.512878
0.534356
0.513412
0.541554
0.497509
0.532432
0.511281
0.512274
0.516372
0.50993
0.512532
0.51384
0.493926
0.489149
0.49226
0.503507
0.575681
0.582839
0.49705
0.500484
0.509176
0.503726
0.520027
0.544514
0.526898
0.514982
0.510788
0.578544
0.570327
0.550083
0.616941
0.504034
0.510255
0.506651
0.513762
0.505762
0.512041
0.525329
0.511856
0.494335
0.512408
0.494432
0.501363
0.568537
0.531919
0.539507
0.512329
0.513023
0.514319
0.512365
0.537227
0.524441
0.502594
0.698228
0.694408
0.698465
0.538778
0.533533
0.501746
0.501221
0.511333
0.510813
0.492726
0.51015
0.520928
0.545272
0.54043
0.52892
0.525391
0.535258
0.531742
0.514247
0.520065
0.510893
0.51393
0.507455
0.616828
0.497962
0.572176
0.537088
0.65356
0.541521
0.549083
0.554797
0.539827
0.511316
0.658901
0.519707
0.518694
0.509378
0.530393
0.523208
0.520458
0.564949
0.54041
0.533167
0.511001
0.510376
0.526403
0.518536
0.511836
0.520141
0.569022
0.517534
0.516654
0.525246
0.523318
0.503984
0.527622
0.528569
0.519709
0.54552
0.510391
0.509779
0.511123
0.509947
0.531469
0.5099
0.509856
0.508664
0.530311
0.510121
0.511677
0.497675
0.49922
0.523923
0.513329
0.513091
0.514625
0.514268
0.55104
0.629538
0.528087
0.513537
0.513977
0.522124
0.511314
0.519469
0.49948
0.520401
0.512311
0.498265
0.505415
0.543855
0.527766
0.523826
0.52033
0.508766
0.508786
0.505268
0.493366
0.516523
0.517328
0.510348
0.513028
0.513357
0.512028
0.514313
0.616567
0.516026
0.517564
0.512842
0.603071
0.655112
0.495445
0.528665
0.529355
0.511273
0.518113
0.546215
0.518984
0.538139
0.496857
0.527591
0.520274
0.524435
0.530338
0.506999
0.49546
0.495365
0.509261
0.50116
0.523027
0.513276
0.509235
0.503888
0.498088
0.538256
0.534212
0.517664
0.528628
0.523328
0.518165
0.51446
0.513511
0.503793
0.507433
0.524364
0.521276
0.545259
0.514401
0.565211
0.492076
0.520848
0.524103
0.525107
0.514552
0.525278
0.497419
0.651703
0.51441
0.587581
0.543809
0.534015
0.505266
0.52439
0.542343
0.542349
0.644305
0.516063
0.490886
0.515129
0.519446
0.53322
0.50078
0.520657
0.497719
0.5022
0.514542
0.500551
0.510231
0.531104
0.525923
0.542166
0.495984
0.528952
0.526435
0.519291
0.574166
0.54017
0.510547
0.517181
0.498974
0.541052
0.499825
0.52204
0.549154
0.504816
0.51463
0.502078
0.663823
0.524823
0.520379
0.502122
0.529112
0.537734
0.532385
0.509112
0.508414
0.510059
0.49364
0.524479
0.544336
0.511446
0.64492
0.520244
0.511761
0.529086
0.587456
0.498377
0.494283
0.500171
0.501057
0.509624
0.509907
0.54172
0.519253
0.51404
0.525913
0.509907
0.509879
0.507154
0.494498
0.61941
0.523107
0.507205
0.663689
0.52247
0.528955
0.51548
0.51822
0.498321
0.507455
0.511365
0.513819
0.528492
0.516544
0.496716
0.525545
0.519654
0.539173
0.514239
0.528172
0.511698
0.513562
0.522699
0.518203
0.587785
0.622201
0.518652
0.522132
0.524053
0.514334
0.528521
0.526441
0.5084
0.531464
0.527893
0.491291
0.494376
0.512125
0.538593
0.509078
0.501818
0.523985
0.496797
0.510415
0.641805
0.527879
0.520489
0.514921
0.515214
0.497691
0.581077
0.523675
0.542569
0.526866
0.516003
0.527437
0.49825
0.512104
0.508612
0.500204
0.501502
0.51323
0.505134
0.538496
0.523929
0.513717
0.518693
0.496217
0.510577
0.539123
0.501167
0.5233
0.524342
0.522638
0.512853
0.506928
0.62099
0.560484
0.516639
0.526556
0.521736
0.528619
0.510806
0.529499
0.602165
0.546693
0.49487
0.530634
0.515453
0.543794
0.536146
0.538138
0.49735
0.533982
0.520571
0.515404
0.508564
0.514504
0.556542
0.663925
0.511896
0.510164
0.683536
0.539289
0.532923
0.495167
0.525583
0.525536
0.635618
0.51662
0.490462
0.499664
0.489474
0.497698
0.525982
0.523606
0.629882
0.501749
0.513996
0.542965
0.525672
0.527179
0.495527
0.51644
0.513215
0.525687
0.506126
0.495141
0.496733
0.535676
0.521523
0.527555
0.511582
0.530635
0.553944
0.509907
0.513148
0.536772
0.563349
0.533944
0.510885
0.509443
0.534453
0.513061
0.51631
0.511041
0.505669
0.525169
0.654393
0.518737
0.497884
0.526619
0.533802
0.511552
0.50461
0.497834
0.534071
0.532285
0.50728
0.526101
0.53345
0.505343
0.561843
0.515321
0.545825
0.531566
0.521137
0.509178
0.523411
0.512419
0.512558
0.529894
0.509284
0.571662
0.536392
0.528287
0.527291
0.515732
0.508808
0.537166
0.511205
0.499683
0.526956
0.507901
0.502831
0.501237
0.493852
0.511892
0.493177
0.508094
0.510029
0.593914
0.529097
0.515591
0.49933
0.493049
0.527594
0.516828
0.507862
0.493604
0.495474
0.517604
0.51821
0.510973
0.499961
0.530441
0.551924
0.524515
0.528732
0.499397
0.510201
0.493947
0.513151
0.510897
0.498198
0.530855
0.528046
0.498776
0.499828
0.497268
0.514457
0.519411
0.545763
0.511871
0.541326
0.612782
0.500639
0.539884
0.541577
0.57413
0.531561
0.532611
0.512177
0.507556
0.54326
0.52525
0.592115
0.514203
0.517527
0.522063
0.523286
0.511825
0.519739
0.500209
0.502824
0.53859
0.524985
0.519792
0.549205
0.512675
0.524413
0.523945
0.507192
0.579697
0.506744
0.506515
0.510448
0.519103
0.538001
0.535046
0.514856
0.514285
0.512489
0.535244
0.532356
0.532442
0.519394
0.515463
0.511635
0.518087
0.520742
0.499409
0.513355
0.620067
0.515004
0.51945
0.508029
0.51896
0.513551
0.519448
0.537728
0.509006
0.516806
0.581979
0.522447
0.531298
0.513796
0.610708
0.511663
0.512541
0.517243
0.512333
0.514563
0.517567
0.601522
0.518481
0.510028
0.530163
0.513431
0.513185
0.514371
0.514709
0.511893
0.566854
0.5193
0.506707
0.522599
0.527974
0.511913
0.512713
0.509567
0.504502
0.572131
0.516745
0.519256
0.504704
0.511366
0.510323
0.504106
0.506969
0.555916
0.512561
0.504494
0.524468
0.510758
0.523922
0.509399
0.510828
0.5134
0.510279
0.508877
0.576423
0.54538
0.514097
0.516919
0.522095
0.536034
0.526336
0.595143
0.650213
0.526426
0.527373
0.569405
0.536435
0.510868
0.512372
0.55406
0.516327
0.525653
0.5384
0.513713
0.523761
0.524942
0.517335
0.506437
0.522863
0.507412
0.510951
0.527693
0.537951
0.518591
0.513517
0.511641
0.516794
0.514424
0.514077
0.516106
0.536268
0.540565
0.512199
0.512039
0.507093
0.545952
0.634722
0.519734
0.507221
0.513573
0.538216
0.515061
0.511263
0.499703
0.518903
0.512423
0.508293
0.541004
0.516873
0.524543
0.587341
0.572676
0.503642
0.527569
0.509357
0.511507
0.52766
0.52665
0.504478
0.510676
0.53102
0.524859
0.509214
0.519898
0.524254
0.505459
0.522747
0.514468
0.514727
0.515163
0.514045
0.514597
0.516395
0.523532
0.531582
0.531661
0.520865
0.513612
0.525323
0.514465
0.520135
0.508861
0.512391
0.528975
0.514345
0.51193
0.515971
0.536088
0.498132
0.520685
0.510115
0.509506
0.508942
0.518184
0.510808
0.523563
0.528091
0.521427
0.5179
0.507867
0.51378
0.54305
0.511864
0.516667
0.53913
0.50756
0.503569
0.520404
0.520691
0.511891
0.586522
0.531786
0.533681
0.522605
0.5124
0.514549
0.507147
0.522522
0.521309
0.515203
0.511122
0.532237
0.535959
0.511469
0.511692
0.522491
0.50741
0.584276
0.516412
0.514414
0.515928
0.513506
0.547555
0.514154
0.51776
0.51973
0.522268
0.496478
0.516315
0.510912
0.515641
0.540592
0.508427
0.514735
0.514272
0.519593
0.507672
0.527046
0.512921
0.513672
0.510607
0.511869
0.512202
0.51045
0.517164
0.533437
0.535545
0.525514
0.629179
0.49869
0.587426
0.536528
0.619883
0.512374
0.579757
0.516648
0.513661
0.524764
0.563144
0.514827
0.51761
0.521066
0.510648
0.528378
0.529395
0.528875
0.546827
0.5152
0.503091
0.511879
0.519143
0.509704
0.50103
0.515745
0.638379
0.558744
0.514557
0.519633
0.51522
0.523493
0.511209
0.513557
0.503695
0.510477
0.517362
0.51154
0.513451
0.515353
0.496704
0.513231
0.511487
0.512677
0.518645
0.519112
0.507431
0.51393
0.504953
0.666204
0.516895
0.570944
0.5182
0.515375
0.524945
0.536192
0.513175
0.513506
0.517092
0.514439
0.506527
0.553562
0.544023
0.542863
0.515194
0.560963
0.521035
0.516913
0.591201
0.589036
0.524543
0.635916
0.517903
0.519006
0.517228
0.510942
0.511965
0.512745
0.511445
0.521619
0.5128
0.510005
0.534856
0.517573
0.561314
0.559087
0.51408
0.545963
0.521638
0.508848
0.509812
0.519216
0.512712
0.504171
0.513421
0.506178
0.49951
0.505161
0.542488
0.546295
0.512605
0.524356
0.516694
0.509874
0.503712
0.541448
0.51238
0.510392
0.52408
0.50986
0.508755
0.513713
0.520162
0.510277
0.511519
0.525178
0.510818
0.504052
0.538763
0.501451
0.511176
0.577562
0.513512
0.508793
0.50788
0.510821
0.512596
0.524895
0.51871
0.525977
0.502603
0.495181
0.514396
0.532003
0.524367
0.505199
0.530755
0.524713
0.581621
0.520909
0.530628
0.54199
0.507302
0.523814
0.510251
0.518556
0.510928
0.52852
0.651027
0.519248
0.511847
0.517025
0.517564
0.512107
0.514259
0.509749
0.499285
0.522046
0.529915
0.513607
0.507338
0.510845
0.503973
0.527822
0.522538
0.511741
0.51469
0.621483
0.531972
0.592064
0.514848
0.49743
0.502578
0.523747
0.50978
0.616285
0.513676
0.507788
0.518439
0.57482
0.511544
0.516664
0.514486
0.541288
0.519844
0.596735
0.507238
0.518735
0.539705
0.512761
0.532051
0.532855
0.497101
0.520242
0.511637
0.504172
0.547126
0.512273
0.518279
0.510179
0.519224
0.524766
0.513407
0.516347
0.522788
0.512358
0.523928
0.518782
0.507272
0.529009
0.511799
0.507903
0.518218
0.537518
0.514134
0.529684
0.515529
0.533446
0.5032
0.555568
0.517607
0.514051
0.513803
0.536231
0.513505
0.532171
0.525383
0.520325
0.529915
0.509491
0.541513
0.506703
0.524524
0.554609
0.514948
0.515655
0.517555
0.518475
0.517419
0.501335
0.510131
0.648991
0.550363
0.523666
0.515572
0.525932
0.533343
0.525631
0.5369
0.532128
0.511876
0.591574
0.505753
0.50104
0.503978
0.503521
0.505503
0.531662
0.503228
0.510453
0.519494
0.518326
0.561118
0.518773
0.665211
0.502068
0.517612
0.508962
0.588927
0.514008
0.50049
0.52806
0.509511
0.515214
0.514962
0.537458
0.501595
0.515561
0.509699
0.514865
0.511049
0.517522
0.510545
0.508795
0.509828
0.628419
0.501409
0.526565
0.521338
0.502609
0.53343
0.510776
0.537566
0.622122
0.499262
0.563179
0.510271
0.515204
0.546501
0.514989
0.515467
0.511418
0.513407
0.513152
0.514788
0.497135
0.518583
0.491426
0.509069
0.538915
0.516774
0.583106
0.508224
0.516575
0.501554
0.523771
0.509993
0.559243
0.498598
0.524693
0.524252
0.51078
0.519543
0.50239
0.605781
0.508886
0.525069
0.499765
0.522991
0.516615
0.508637
0.51431
0.519531
0.512269
0.521516
0.556982
0.569146
0.514739
0.531991
