0.517915
0.5174
0.520011
0.51986
0.510246
0.510753
0.5121
0.507994
0.511367
0.513408
0.575221
0.564824
0.56232
0.603965
0.513153
0.508739
0.496601
0.51107
0.514222
0.505294
0.51483
0.544191
0.53838
0.522749
0.516192
0.518742
0.51454
0.52747
0.525364
0.526435
0.500473
0.511668
0.508876
0.513208
0.522584
0.509057
0.511148
0.507516
0.534374
0.50624
0.509008
0.509314
0.509849
0.511039
0.506752
0.503188
0.510458
0.547317
0.546711
0.530964
0.539356
0.531358
0.529566
0.533913
0.524441
0.526775
0.601112
0.594607
0.533523
0.535501
0.584046
0.557325
0.521766
0.519821
0.52909
0.529763
0.511426
0.510372
0.494841
0.494348
0.496733
0.506705
0.506419
0.505619
0.500755
0.517158
0.512833
0.512042
0.560018
0.551992
0.659699
0.708606
0.503229
0.498515
0.496944
0.511279
0.509774
0.50557
0.500975
0.497787
0.499704
0.524842
0.525176
0.523829
0.525366
0.527094
0.526342
0.528804
0.534307
0.532141
0.513127
0.569316
0.597567
0.518947
0.536024
0.530849
0.504469
0.513255
0.513996
0.537976
0.513428
0.526733
0.494877
0.495492
0.501566
0.523845
0.536886
0.529382
0.529006
0.530019
0.518357
0.51858
0.520406
0.536777
0.509021
0.500233
0.501969
0.529761
0.52665
0.517419
0.535611
0.526875
0.521914
0.520773
0.519175
0.509293
0.512947
0.50658
0.508995
0.558216
0.5086
0.506046
0.511626
0.578115
0.584017
0.588576
0.520069
0.523317
0.501878
0.502557
0.507176
0.508584
0.508914
0.508803
0.529356
0.534431
0.527696
0.518513
0.514057
0.512019
0.545022
0.542101
0.503555
0.508468
0.505823
0.532634
0.578032
0.58661
0.495979
0.501971
0.508621
0.512415
0.510567
0.511138
0.538485
0.533985
0.537883
0.555355
0.531779
0.5254
0.526453
0.592564
0.565283
0.506164
0.503452
0.597667
0.619603
0.515085
0.515017
0.536316
0.533021
0.513426
0.511024
0.522388
0.506265
0.515095
0.511271
0.509526
0.508395
0.52266
0.522024
0.528584
0.542072
0.526454
0.606473
0.573464
0.509995
0.500774
0.512218
0.508604
0.527766
0.527284
0.495765
0.513654
0.507591
0.508649
0.521337
0.521097
0.523617
0.518268
0.531328
0.523321
0.530975
0.507253
0.522598
0.523003
0.589285
0.530544
0.519541
0.532612
0.520415
0.502868
0.517152
0.514429
0.512592
0.534145
0.503272
0.501538
0.494134
0.497488
0.499866
0.509547
0.525839
0.515817
0.547282
0.545541
0.512637
0.513541
0.508339
0.51274
0.516309
0.533771
0.514136
0.501097
0.542699
0.535185
0.537131
0.542868
0.512936
0.508598
0.509622
0.520577
0.51847
0.496176
0.503545
0.50597
0.523069
0.526851
0.519908
0.528143
0.528013
0.531818
0.532267
0.538108
0.507652
0.517621
0.520115
0.522913
0.524515
0.524
0.530924
0.506044
0.510512
0.512175
0.513511
0.514036
0.526607
0.523424
0.530296
0.513806
0.578804
0.594335
0.595797
0.513756
0.510943
0.508166
0.512819
0.512097
0.522211
0.521006
0.529437
0.504571
0.522293
0.514923
0.507825
0.515713
0.515241
0.547642
0.517556
0.528467
0.515807
0.525119
0.499998
0.501834
0.51064
0.505304
0.497975
0.542916
0.528054
0.518276
0.511288
0.513379
0.511027
0.500584
0.513409
0.510501
0.526944
0.526733
0.514185
0.516894
0.521037
0.516203
0.518487
0.535038
0.535611
0.541774
0.510352
0.513892
0.529301
0.511947
0.515891
0.505634
0.517796
0.521938
0.516072
0.527306
0.527448
0.514974
0.512325
0.51363
0.50332
0.510056
0.515489
0.514003
0.538234
0.508748
0.515381
0.493794
0.522608
0.519365
0.51149
0.532834
0.529544
0.513078
0.512022
0.517376
0.508431
0.501791
0.510847
0.535886
0.584539
0.510825
0.509442
0.534963
0.519124
0.517529
0.525599
0.498688
0.497932
0.51254
0.513884
0.511256
0.511586
0.507187
0.532523
0.528939
0.540016
0.538144
0.508011
0.497805
0.507132
0.510349
0.507055
0.524952
0.512293
0.51139
0.500898
0.500875
0.495492
0.499004
0.522358
0.514029
0.514763
0.512734
0.515794
0.515369
0.514279
0.512122
0.521783
0.624501
0.64223
0.515426
0.513858
0.627033
0.583418
0.592518
0.538505
0.535403
0.517022
0.51989
0.52315
0.536207
0.524932
0.54368
0.542773
0.502469
0.50854
0.513816
0.514059
0.515046
0.523982
0.521249
0.516849
0.518232
0.501069
0.520489
0.53116
0.528142
0.512503
0.512077
0.51137
0.529252
0.525076
0.52051
0.520473
0.5144
0.520392
0.522661
0.520669
0.524433
0.690367
0.654822
0.653636
0.529748
0.528521
0.535378
0.524278
0.51366
0.511655
0.538196
0.53433
0.515808
0.519971
0.523276
0.524512
0.522196
0.512578
0.49841
0.573402
0.600645
0.512915
0.50812
0.516235
0.515286
0.521735
0.495831
0.511713
0.496551
0.496023
0.496249
0.515195
0.498419
0.502643
0.507232
0.501677
0.503976
0.507095
0.510578
0.511123
0.519735
0.528308
0.608512
0.623372
0.606639
0.509621
0.520357
0.507458
0.51285
0.507757
0.514542
0.513032
0.512534
0.512423
0.513034
0.516586
0.51787
0.533738
0.542122
0.537257
0.518244
0.525751
0.518252
0.536531
0.531969
0.532258
0.511572
0.512969
0.495516
0.535155
0.530564
0.541932
0.537986
0.51709
0.516035
0.558913
0.573938
0.508673
0.508971
0.535914
0.502851
0.502821
0.49275
0.497929
0.509572
0.510927
0.51541
0.510725
0.527436
0.521434
0.526309
0.512004
0.513362
0.532749
0.535879
0.524041
0.530234
0.498268
0.528281
0.531137
0.527766
0.53057
0.533889
0.509502
0.526447
0.528983
0.525944
0.526261
0.527029
0.51861
0.501092
0.503393
0.507289
0.500996
0.514253
0.651398
0.530533
0.511657
0.543695
0.538212
0.500295
0.500619
0.500545
0.510209
0.506651
0.518089
0.51463
0.512789
0.514152
0.525347
0.56543
0.520515
0.513733
0.51299
0.498895
0.503457
0.513736
0.51351
0.511289
0.517937
0.516195
0.61962
0.512459
0.515453
0.588877
0.502618
0.519893
0.521657
0.49996
0.52686
0.519924
0.507788
0.516481
0.527844
0.492968
0.512526
0.548801
0.51262
0.525478
0.524025
0.534738
0.625061
0.512949
0.514684
0.514555
0.509412
0.501834
0.508563
0.499033
0.500997
0.519567
0.522728
0.601769
0.586477
0.608632
0.525716
0.511373
0.509053
0.506804
0.511909
0.510152
0.520551
0.518686
0.519472
0.524297
0.512696
0.492302
0.524191
0.601641
0.619382
0.539982
0.522559
0.520521
0.504473
0.529925
0.52741
0.525802
0.523581
0.511888
0.506872
0.509316
0.51127
0.504957
0.502746
0.497898
0.503289
0.526243
0.506794
0.510433
0.528275
0.51939
0.530121
0.527178
0.531061
0.546524
0.538135
0.523378
0.515883
0.519444
0.524438
0.494698
0.49495
0.620655
0.511009
0.505015
0.508437
0.511927
0.511465
0.526465
0.512601
0.610562
0.509039
0.511542
0.519095
0.51647
0.571573
0.570618
0.519538
0.500548
0.501017
0.501904
0.520256
0.51384
0.510857
0.512479
0.53896
0.547723
0.544593
0.509408
0.510427
0.500974
0.502517
0.514994
0.511793
0.514278
0.522156
0.511436
0.507623
0.523302
0.516033
0.601934
0.556886
0.523482
0.509031
0.509749
0.520001
0.513745
0.512253
0.523096
0.516787
0.514844
0.504906
0.508493
0.590527
0.521589
0.494623
0.497017
0.503563
0.583474
0.563846
0.591667
0.509608
0.559946
0.576667
0.527356
0.51606
0.513343
0.511255
0.603325
0.517914
0.525812
0.503045
0.504568
0.516398
0.510064
0.54789
0.511099
0.511987
0.570919
0.553786
0.51142
0.526892
0.513053
0.511585
0.512731
0.512453
0.524892
0.520622
0.546514
0.516111
0.50253
0.6171
0.593
0.617639
0.526716
0.506234
0.58371
0.590138
0.512757
0.503175
0.53195
0.509299
0.51144
0.543542
0.535991
0.540098
0.524256
0.518246
0.500224
0.511989
0.512795
0.520586
0.514378
0.526125
0.518984
0.51137
0.511115
0.524264
0.527725
0.51857
0.526212
0.514147
0.524055
0.503817
0.498899
0.51463
0.515137
0.513147
0.517884
0.509178
0.509268
0.523591
0.518164
0.516989
0.507815
0.492775
0.494694
0.536326
0.534224
0.512276
0.513285
0.495542
0.524495
0.56122
0.541546
0.527078
0.522935
0.514745
0.666377
0.562565
0.563564
0.50041
0.509825
0.526183
0.554006
0.512303
0.513151
0.558082
0.5523
0.508418
0.532953
0.53165
0.536512
0.54027
0.527997
0.538821
0.491108
0.529908
0.526586
0.509735
0.518774
0.515433
0.515555
0.519073
0.498417
0.50093
0.502416
0.523288
0.523705
0.509023
0.534129
0.537036
0.55002
0.550039
0.648071
0.606999
0.6772
0.528726
0.50882
0.512323
0.515278
0.50834
0.511899
0.509411
0.512067
0.49662
0.497413
0.508926
0.514406
0.551973
0.513987
0.510608
0.525799
0.5254
0.518822
0.517889
0.512915
0.50852
0.594352
0.529376
0.533885
0.51474
0.515097
0.516217
0.617268
0.555228
0.520294
0.493088
0.505314
0.531405
0.513758
0.513125
0.515243
0.526069
0.541565
0.507252
0.531182
0.594827
0.525605
0.496189
0.507733
0.510708
0.517481
0.529954
0.500172
0.504449
0.512698
0.520433
0.522791
0.557671
0.589158
0.524859
0.536858
0.544202
0.530045
0.531976
0.495236
0.498311
0.493613
0.499207
0.497817
0.508047
0.513832
0.513887
0.597161
0.518116
0.530903
0.520331
0.513172
0.52591
0.495763
0.518215
0.508703
0.537036
0.51005
0.497341
0.497358
0.531842
0.522008
0.543333
0.523389
0.501781
0.505363
0.503673
0.524634
0.516487
0.52815
0.527472
0.524315
0.522058
0.511912
0.532827
0.516324
0.510427
0.567863
0.633645
0.50416
0.520622
0.584243
0.508095
0.516101
0.516007
0.51694
0.513141
0.510484
0.513531
0.513999
0.514107
0.504785
0.510577
0.512371
0.506621
0.590821
0.630558
0.520575
0.516713
0.54114
0.537515
0.53274
0.51657
0.515719
0.514409
0.524323
0.530598
0.517553
0.536596
0.504278
0.517702
0.495986
0.510754
0.546693
0.52482
0.668506
0.508906
0.536251
0.521335
0.541513
0.54288
0.540243
0.513074
0.511687
0.524577
0.528696
0.517989
0.531425
0.517318
0.494851
0.498023
0.497216
0.507568
0.509473
0.526002
0.516486
0.526887
0.522778
0.508414
0.568857
0.545237
0.522492
0.518641
0.529116
0.507211
0.499787
0.562781
0.505342
0.4942
0.498168
0.533326
0.541378
0.523942
0.501076
0.507562
0.495331
0.537176
0.535089
0.532155
0.546947
0.497482
0.540326
0.51322
0.509877
0.512195
0.541433
0.531574
0.507663
0.508767
0.509951
0.532866
0.51688
0.50447
0.553107
0.525539
0.525193
0.496058
0.546329
0.542173
0.494659
0.508155
0.502965
0.520931
0.519643
0.498831
0.505583
0.505466
0.528962
0.523202
0.600657
0.507169
0.503042
0.525898
0.540317
0.525507
0.508878
0.513665
0.512692
0.512827
0.541941
0.53162
0.589534
0.505538
0.514521
0.498432
0.504792
0.513022
0.515976
0.526334
0.525112
0.689801
0.508896
0.498777
0.563495
0.5412
0.513199
0.515587
0.536228
0.516077
0.513595
0.511136
0.578713
0.500221
0.608579
0.606436
0.636613
0.534474
0.535879
0.500699
0.510311
0.492433
0.513628
0.515345
0.505254
0.500116
0.510658
0.513492
0.516272
0.523902
0.546782
0.514301
0.525207
0.526571
0.527722
0.523654
0.535143
0.52815
0.51483
0.517584
0.639998
0.518452
0.510059
0.686478
0.539458
0.526741
0.526421
0.522142
0.523962
0.520964
0.493771
0.538834
0.546729
0.509467
0.508823
0.509979
0.521616
0.520528
0.524044
0.51663
0.507619
0.52289
0.500821
0.518289
0.524572
0.530944
0.504085
0.529016
0.52374
0.532665
0.51066
0.531729
0.511002
0.530168
0.525196
0.498537
0.682592
0.512032
0.513042
0.512108
0.514393
0.639568
0.529848
0.5141
0.554976
0.51622
0.522543
0.527415
0.530243
0.512475
0.542037
0.503134
0.533843
0.538303
0.515964
0.509048
0.512905
0.498193
0.510568
0.515089
0.513343
0.598055
0.590305
0.513088
0.494409
0.529102
0.630367
0.509133
0.557703
0.506226
0.530261
0.523662
0.528439
0.518093
0.514355
0.495041
0.512059
0.518803
0.526753
0.520123
0.520328
0.491211
0.499289
0.496357
0.538787
0.5083
0.526353
0.510176
0.512978
0.507342
0.537465
0.543561
0.536134
0.538172
0.5295
0.511959
0.510801
0.516418
0.514791
0.502752
0.509465
0.523261
0.545456
0.512821
0.547417
0.490567
0.519526
0.522406
0.513579
0.514123
0.51243
0.525274
0.502003
0.567949
0.530998
0.534049
0.501177
0.550074
0.506777
0.502894
0.539872
0.539591
0.540015
0.60753
0.514617
0.497263
0.534386
0.500639
0.520209
0.498006
0.500071
0.513232
0.502089
0.505256
0.536067
0.541724
0.499148
0.528185
0.530925
0.52444
0.512333
0.510465
0.512738
0.54072
0.523459
0.516613
0.510794
0.505699
0.498179
0.520717
0.521749
0.513866
0.506463
0.681236
0.521783
0.526701
0.538153
0.68491
0.526313
0.523691
0.550885
0.51056
0.527348
0.507738
0.522623
0.511653
0.517184
0.529902
0.494393
0.499645
0.536561
0.50995
0.507877
0.509552
0.522573
0.513363
0.566671
0.51555
0.527313
0.507833
0.493977
0.514974
0.586133
0.582948
0.523888
0.616789
0.498845
0.511252
0.51706
0.51833
0.516791
0.530976
0.529208
0.515474
0.513981
0.521621
0.543733
0.518285
0.497207
0.516965
0.524664
0.51502
0.513313
0.538012
0.531637
0.514156
0.509455
0.518387
0.544882
0.516693
0.522771
0.514762
0.509865
0.505823
0.498231
0.493696
0.509437
0.499943
0.521563
0.497877
0.499833
0.507744
0.538244
0.510265
0.508761
0.500914
0.521709
0.536585
0.574841
0.508886
0.621543
0.516753
0.527791
0.499361
0.513327
0.528319
0.576643
0.596887
0.550022
0.499963
0.495
0.515156
0.513885
0.533414
0.524807
0.496946
0.498714
0.519517
0.511745
0.523356
0.513597
0.519513
0.50915
0.516784
0.506642
0.525936
0.541187
0.520873
0.515011
0.519821
0.529973
0.531759
0.584552
0.513178
0.518664
0.507335
0.523751
0.635244
0.570542
0.56569
0.519158
0.520162
0.509861
0.501826
0.527126
0.521634
0.496113
0.547302
0.532712
0.499241
0.513369
0.537268
0.512167
0.539066
0.537891
0.503095
0.504788
0.515544
0.516285
0.555275
0.510659
0.529352
0.545784
0.675856
0.538829
0.53206
0.522753
0.522949
0.527429
0.50052
0.523273
0.507396
0.658787
0.501059
0.518277
0.51942
0.530063
0.498079
0.514838
0.599158
0.52591
0.523685
0.498498
0.518598
0.522928
0.64522
0.544299
0.52176
0.531789
0.530018
0.494367
0.552355
0.569795
0.531967
0.545979
0.542928
0.512417
0.554921
0.539216
0.527105
0.533014
0.527609
0.563675
0.531214
0.572226
0.509979
0.508539
0.534203
0.497882
0.625249
0.492151
0.533557
0.528581
0.604996
0.498149
0.527657
0.506826
0.506591
0.531177
0.51637
0.524443
0.532757
0.53408
0.500315
0.577261
0.558495
0.516465
0.496662
0.520335
0.520967
0.511124
0.513447
0.528896
0.59452
0.523743
0.531839
0.500574
0.513083
0.495131
0.575893
0.529786
0.532052
0.510258
0.49966
0.530305
0.497735
0.498554
0.635929
0.497957
0.527954
0.518092
0.505215
0.509819
0.509939
0.496954
0.553137
0.513613
0.520714
0.498292
0.513602
0.511556
0.513458
0.493588
0.496893
0.51294
0.500548
0.511795
0.517289
0.513589
0.506821
0.500833
0.495403
0.516685
0.499557
0.518567
0.542909
0.555067
0.497639
0.543742
0.533675
0.624379
0.537165
0.58193
0.57178
0.57604
0.510572
0.5633
0.530134
0.528978
0.512452
0.536611
0.505291
0.525324
0.510605
0.514589
0.521354
0.517455
0.51873
0.522229
0.509451
0.529169
0.526283
0.50787
0.503941
0.51911
0.514164
0.516407
0.511854
0.512038
0.524237
0.510885
0.514115
0.523466
0.540108
0.517654
0.53815
0.512589
0.516869
0.521257
0.528731
0.515344
0.538678
0.504759
0.515966
0.517858
0.510998
0.599565
0.531195
0.514386
0.515391
0.530569
0.513569
0.521173
0.523072
0.528527
0.514585
0.524498
0.556282
0.512614
0.544759
0.609286
0.510945
0.514861
0.505384
0.513645
0.514177
0.510912
0.506019
0.533226
0.517959
0.515498
0.520754
0.508211
0.626565
0.533706
0.519431
0.50985
0.515998
0.516919
0.508574
0.512355
0.511918
0.517791
0.516279
0.511945
0.505491
0.586783
0.589295
0.508664
0.527213
0.508237
0.541112
0.506194
0.527917
0.512792
0.511427
0.518827
0.505795
0.510502
0.524058
0.511512
0.509015
0.599878
0.509755
0.528652
0.511361
0.510074
0.527001
0.513301
0.522995
0.508269
0.525159
0.53125
0.522564
0.520778
0.519255
0.513437
0.51281
0.504146
0.518205
0.509378
0.510295
0.534049
0.509436
0.507245
0.521759
0.561803
0.515887
0.514502
0.52107
0.520765
0.522092
0.525443
0.531074
0.526929
0.515974
0.512157
0.520924
0.526057
0.608782
0.504243
0.521725
0.551983
0.589358
0.53456
0.509884
0.522227
0.524645
0.507714
0.505135
0.516627
0.530524
0.512881
0.56917
0.525837
0.540839
0.508994
0.506153
0.511451
0.517495
0.516812
0.51072
0.525911
0.514152
0.515364
0.511628
0.514521
0.505588
0.515757
0.541208
0.509657
0.503527
0.506797
0.521055
0.516644
0.532611
0.516075
0.516428
0.515822
0.514601
0.511026
0.534411
0.591932
0.564693
0.685067
0.510796
0.513125
0.524478
0.544336
0.611903
0.519747
0.522869
0.507566
0.507448
0.516041
0.519888
0.524114
0.513834
0.527643
0.521439
0.521126
0.509528
0.52071
0.502337
0.528718
0.513188
0.50989
0.531077
0.534339
0.623659
0.511936
0.503502
0.519215
0.513323
0.508648
0.549977
0.512636
0.526143
0.522846
0.502206
0.506628
0.517298
0.539783
0.533088
0.509407
0.524601
0.516965
0.522608
0.5147
0.519866
0.529329
0.523484
0.512498
0.525373
0.511759
0.522126
0.51082
0.512838
0.515794
0.528633
0.513683
0.549836
0.547952
0.620381
0.517277
0.518512
0.513121
0.60403
0.506685
0.50681
0.49855
0.522187
0.516083
0.510573
0.517614
0.505307
0.526809
0.512981
0.512562
0.509514
0.509491
0.504831
0.507637
0.524135
0.674922
0.520141
0.533363
0.511126
0.525425
0.526325
0.578862
0.518418
0.517183
0.520603
0.505297
0.516132
0.524559
0.508558
0.536799
0.505424
0.522939
0.529421
0.515553
0.641948
0.514274
0.516622
0.514567
0.545281
0.528413
0.52678
0.501551
0.508563
0.516578
0.510553
0.515716
0.513472
0.51622
0.510328
0.523944
0.51287
0.59704
0.515468
0.519324
0.535454
0.518012
0.6096
0.570069
0.517931
0.519099
0.514565
0.520555
0.511519
0.51477
0.515036
0.510592
0.520244
0.525092
0.520819
0.515521
0.55126
0.499967
0.516548
0.515455
0.524709
0.512053
0.527031
0.552139
0.590906
0.523813
0.502994
0.569504
0.504138
0.523994
0.511992
0.506405
0.521786
0.512537
0.624348
0.520194
0.514612
0.516097
0.558755
0.560876
0.509688
0.509991
0.602334
0.509676
0.514691
0.506788
0.509504
0.520783
0.569991
0.520884
0.520215
0.507609
0.493557
0.514235
0.517171
0.512649
0.546194
0.525217
0.509459
0.542895
0.511326
0.51082
0.513182
0.515149
0.510383
0.521792
0.531136
0.511154
0.534439
0.535299
0.513355
0.517971
0.512092
0.508317
0.525346
0.51921
0.514855
0.521814
0.531051
0.511891
0.515665
0.512023
0.584972
0.510582
0.506208
0.53662
0.515514
0.520023
0.521439
0.524735
0.517382
0.519219
0.530522
0.513638
0.517821
0.527488
0.528163
0.510357
0.545493
0.544676
0.505999
0.526005
0.513781
0.522461
0.529747
0.515711
0.52956
0.515503
0.496591
0.524416
0.509656
0.517774
0.515883
0.510374
0.524728
0.521163
0.510305
0.536649
0.504105
0.50975
0.512762
0.507273
0.533907
0.497633
0.502649
0.526425
0.526943
0.516518
0.514668
0.533639
0.505085
0.517127
0.523837
0.502033
0.512477
0.517409
0.517942
0.53595
0.521466
0.517862
0.529813
0.501904
0.516572
0.50017
0.525493
0.512574
0.527843
0.523841
0.522095
0.514624
0.500018
0.516261
0.506868
0.507123
0.504934
0.50692
0.544445
0.518484
0.50971
0.570434
0.50892
0.5235
0.509793
0.510397
0.524644
0.511888
0.512911
0.50999
0.511169
0.516842
0.510169
0.527075
0.526343
0.534943
0.530403
0.519056
0.590178
0.516628
0.504687
0.511046
0.520828
0.505957
0.515304
0.519354
0.502493
0.524129
0.591163
0.503887
0.533734
0.516452
0.517075
0.522112
0.601026
0.500208
0.521705
0.518661
0.503813
0.518947
0.538653
0.529363
0.600679
0.576653
0.517412
0.519111
0.50554
0.532908
0.509442
0.518993
0.509174
0.509499
0.50457
0.503735
0.618617
0.517923
0.534947
0.514197
0.506109
0.501413
0.499759
0.517643
0.578831
0.532714
0.555565
0.653168
0.513254
0.674759
0.659599
0.527069
0.514596
0.511212
0.510817
0.516475
0.517667
0.534606
0.499173
0.520865
0.517818
0.532124
0.621577
0.541379
0.496115
0.541798
0.51937
0.520653
0.512897
0.513572
0.517328
0.519525
0.51292
0.585525
0.51808
0.513191
0.515239
0.514264
0.519758
0.513273
0.516302
0.55402
0.515223
0.524119
0.518684
0.514472
0.500155
0.521006
0.532684
0.522913
0.511603
0.540902
0.523799
0.515644
0.505206
0.511693
0.513317
0.52493
0.532584
0.50386
0.515101
0.516517
0.567718
0.541382
0.531427
0.499405
0.502107
0.505701
0.505499
0.508399
0.525677
0.520677
0.515739
0.512438
0.512984
0.520206
0.51496
