0.522642
0.520528
0.51174
0.512493
0.510969
0.567706
0.580192
0.558481
0.651166
0.649093
0.646279
0.518076
0.517673
0.501351
0.502586
0.501225
0.537854
0.505757
0.533617
0.533411
0.515125
0.506464
0.513788
0.526357
0.499238
0.502006
0.510382
0.511191
0.517213
0.521288
0.534636
0.531039
0.515282
0.501696
0.53414
0.499537
0.524161
0.519675
0.533803
0.528584
0.530601
0.514879
0.514847
0.504538
0.509975
0.550528
0.532852
0.530111
0.523135
0.537004
0.533661
0.607796
0.625859
0.586499
0.591787
0.520467
0.519821
0.513323
0.512627
0.5069
0.505535
0.503932
0.49324
0.500045
0.507431
0.505012
0.503038
0.505258
0.510303
0.510761
0.511977
0.508195
0.554759
0.552657
0.65335
0.530177
0.527392
0.497809
0.497286
0.506741
0.509046
0.504088
0.502342
0.498454
0.524598
0.520633
0.494486
0.518819
0.525843
0.537811
0.522356
0.530089
0.523278
0.53209
0.53166
0.535523
0.593252
0.628499
0.601055
0.50699
0.527605
0.526208
0.534998
0.528065
0.537717
0.525751
0.506529
0.569148
0.559492
0.500742
0.524947
0.530397
0.529841
0.527491
0.510842
0.508065
0.513999
0.536034
0.503069
0.499881
0.528882
0.523508
0.518786
0.533962
0.533434
0.532827
0.53099
0.587599
0.521481
0.518707
0.519115
0.51034
0.506934
0.580673
0.514407
0.583401
0.625209
0.579656
0.617801
0.504295
0.508165
0.508978
0.508464
0.527846
0.532208
0.517827
0.537079
0.539258
0.506963
0.513443
0.53071
0.510071
0.525332
0.523729
0.531139
0.532763
0.549781
0.534786
0.533266
0.535541
0.535429
0.525642
0.526312
0.552473
0.552097
0.505727
0.505004
0.506372
0.526373
0.609483
0.617526
0.510059
0.50856
0.512892
0.514826
0.509765
0.508097
0.508609
0.521632
0.524537
0.542493
0.597289
0.505293
0.516057
0.513086
0.510814
0.527039
0.503945
0.5221
0.522294
0.522898
0.521158
0.513046
0.511575
0.509493
0.530793
0.528522
0.512173
0.512335
0.518205
0.518361
0.515629
0.584838
0.610462
0.539816
0.524187
0.550146
0.524231
0.537556
0.517759
0.513742
0.511034
0.530761
0.511495
0.520227
0.50135
0.494568
0.496994
0.529456
0.510058
0.502221
0.521986
0.515777
0.514284
0.518357
0.542612
0.536876
0.512997
0.503847
0.515175
0.504928
0.495715
0.514853
0.514024
0.495474
0.507621
0.524739
0.508676
0.510919
0.509746
0.535138
0.540074
0.546853
0.547403
0.511451
0.508887
0.509127
0.519068
0.518683
0.503845
0.533966
0.526862
0.53158
0.52926
0.528986
0.509525
0.511265
0.512693
0.522953
0.525896
0.522774
0.527889
0.515645
0.512472
0.52628
0.522627
0.514118
0.511352
0.511442
0.510454
0.510399
0.509102
0.526198
0.606004
0.526606
0.529031
0.629125
0.608296
0.511891
0.522695
0.511981
0.508626
0.534158
0.527829
0.520813
0.520331
0.522456
0.513986
0.508371
0.50886
0.520967
0.522406
0.495675
0.501878
0.508478
0.511522
0.51356
0.509588
0.515171
0.527144
0.523888
0.525712
0.498947
0.50792
0.512313
0.527639
0.523124
0.498876
0.494395
0.539618
0.512347
0.5104
0.509161
0.500688
0.506539
0.512458
0.512832
0.498676
0.502315
0.526833
0.527797
0.544559
0.558379
0.522547
0.525958
0.512495
0.512286
0.513707
0.517356
0.519166
0.516761
0.538586
0.555776
0.544069
0.511006
0.513858
0.51261
0.527456
0.535752
0.510106
0.512006
0.513225
0.512245
0.50412
0.508114
0.510349
0.528339
0.521755
0.516446
0.523663
0.513508
0.602691
0.511089
0.515451
0.53467
0.528445
0.501089
0.504866
0.52339
0.522699
0.515494
0.515795
0.512205
0.508609
0.513009
0.510764
0.507933
0.508902
0.631886
0.506912
0.500703
0.502861
0.513652
0.514685
0.517895
0.517452
0.515667
0.53277
0.531154
0.505583
0.516308
0.518258
0.523082
0.524994
0.5187
0.505084
0.510898
0.511173
0.526215
0.541962
0.535889
0.492013
0.50379
0.500638
0.513284
0.516304
0.506159
0.510574
0.515965
0.512547
0.509677
0.502315
0.498818
0.504053
0.501054
0.513907
0.514891
0.506473
0.50467
0.525698
0.516026
0.640014
0.516459
0.534033
0.516871
0.517128
0.510116
0.512904
0.513102
0.539056
0.511447
0.51254
0.512841
0.51255
0.51617
0.520085
0.525449
0.518639
0.499941
0.502414
0.500441
0.518202
0.512848
0.512497
0.52903
0.524484
0.519619
0.515409
0.509796
0.515415
0.682895
0.638979
0.501361
0.494778
0.530405
0.523541
0.52264
0.501216
0.507534
0.515534
0.538527
0.530774
0.517078
0.518453
0.521904
0.517285
0.543097
0.498241
0.51092
0.509507
0.514538
0.520884
0.499028
0.509824
0.515679
0.508348
0.546469
0.544439
0.507194
0.510786
0.515191
0.516764
0.497609
0.511204
0.51811
0.607421
0.549106
0.648014
0.612836
0.654961
0.501275
0.508248
0.508055
0.535649
0.513305
0.521921
0.512014
0.512564
0.511449
0.515065
0.516658
0.53227
0.537631
0.537286
0.518313
0.498509
0.504298
0.529229
0.530482
0.496265
0.652494
0.51919
0.514141
0.512271
0.530625
0.535068
0.525121
0.521161
0.561917
0.509662
0.508233
0.519418
0.504757
0.504717
0.508726
0.494985
0.62455
0.520356
0.496387
0.501609
0.506247
0.510326
0.526068
0.52164
0.525025
0.52118
0.522519
0.521671
0.524863
0.522894
0.508882
0.502128
0.529466
0.599871
0.52544
0.526401
0.532137
0.50953
0.51616
0.525796
0.517998
0.502141
0.508212
0.503372
0.499741
0.511603
0.535399
0.534778
0.514475
0.511892
0.54023
0.501849
0.496864
0.503826
0.499564
0.514505
0.506119
0.520944
0.521007
0.521594
0.512022
0.510349
0.525679
0.525355
0.520452
0.504527
0.509526
0.507048
0.52128
0.638153
0.512132
0.514976
0.617409
0.506674
0.5091
0.511164
0.614296
0.599707
0.499587
0.496126
0.512838
0.512536
0.495262
0.514929
0.521576
0.516696
0.51581
0.513683
0.539049
0.533915
0.509831
0.51072
0.510585
0.517384
0.492109
0.492317
0.52954
0.534107
0.536043
0.529989
0.499498
0.491841
0.501693
0.512352
0.517533
0.582117
0.525062
0.52837
0.51231
0.509663
0.501663
0.503969
0.528553
0.512394
0.526061
0.529153
0.510905
0.519998
0.519769
0.522611
0.519013
0.535191
0.511869
0.495731
0.509865
0.515131
0.523861
0.680412
0.65439
0.513512
0.502544
0.506951
0.51182
0.509695
0.499025
0.67362
0.517256
0.522845
0.520572
0.526772
0.525297
0.507166
0.506565
0.509939
0.516944
0.515532
0.505781
0.523243
0.514201
0.523198
0.507793
0.527383
0.518124
0.545646
0.542083
0.527567
0.514588
0.511278
0.51323
0.546269
0.519894
0.517422
0.633373
0.522828
0.647596
0.645695
0.500494
0.507792
0.523862
0.510324
0.509293
0.511236
0.521158
0.503825
0.640685
0.5095
0.511345
0.509557
0.518444
0.509344
0.516371
0.516716
0.594344
0.605842
0.574041
0.588873
0.51652
0.532732
0.49993
0.514394
0.510663
0.516449
0.549178
0.50987
0.499274
0.523905
0.539101
0.508564
0.509884
0.523121
0.516954
0.632592
0.55063
0.509905
0.511246
0.521377
0.514369
0.514613
0.515225
0.504765
0.533755
0.529433
0.525657
0.498835
0.513266
0.566003
0.555189
0.609365
0.583031
0.510903
0.51016
0.544455
0.554093
0.636252
0.512975
0.534657
0.527689
0.581836
0.512377
0.51581
0.501488
0.614856
0.51372
0.506585
0.529168
0.528448
0.525324
0.633984
0.592251
0.508603
0.506883
0.510707
0.542765
0.5467
0.567313
0.509864
0.53636
0.519387
0.519614
0.512319
0.517619
0.509536
0.535633
0.513606
0.510196
0.520869
0.504272
0.681436
0.515411
0.546108
0.525679
0.52599
0.495716
0.501493
0.570971
0.559498
0.531049
0.537004
0.533378
0.53978
0.536195
0.524605
0.51836
0.517055
0.499673
0.508074
0.512907
0.518762
0.515278
0.524284
0.529281
0.524778
0.520245
0.519848
0.499869
0.497956
0.50166
0.49751
0.516298
0.515074
0.514008
0.511984
0.511946
0.523097
0.516512
0.507556
0.493721
0.517054
0.520417
0.538376
0.532045
0.522431
0.571864
0.593906
0.607982
0.523809
0.519793
0.514168
0.50105
0.672983
0.665058
0.505391
0.499633
0.506575
0.518776
0.522381
0.512999
0.511554
0.557818
0.550261
0.535359
0.522906
0.509575
0.526413
0.513282
0.516373
0.529173
0.528387
0.518397
0.514684
0.515063
0.513984
0.515839
0.528083
0.509105
0.498392
0.501453
0.502499
0.526033
0.527959
0.509525
0.534149
0.537985
0.611083
0.512612
0.530124
0.507997
0.522169
0.511195
0.512482
0.510573
0.508877
0.509768
0.491167
0.514142
0.517305
0.513133
0.527763
0.562616
0.534029
0.528608
0.515203
0.51192
0.524488
0.522737
0.524193
0.509101
0.523847
0.517178
0.505756
0.511324
0.526805
0.518367
0.524717
0.511478
0.512447
0.518973
0.511115
0.556299
0.51677
0.496301
0.498968
0.50362
0.510884
0.526733
0.541717
0.507841
0.623963
0.529356
0.521403
0.521163
0.524451
0.506071
0.522456
0.50044
0.505931
0.529801
0.552866
0.558353
0.507707
0.512881
0.51207
0.507619
0.524617
0.519536
0.537145
0.529591
0.539012
0.542639
0.540493
0.529263
0.497984
0.49465
0.500895
0.551132
0.508417
0.508759
0.621258
0.518793
0.52727
0.516074
0.508025
0.550707
0.52517
0.507528
0.501749
0.548038
0.508678
0.510877
0.497584
0.537899
0.533937
0.532267
0.514593
0.541173
0.53345
0.524747
0.525539
0.511387
0.506988
0.524999
0.527372
0.531383
0.609047
0.615142
0.518588
0.512685
0.518696
0.530751
0.516515
0.516374
0.518137
0.516071
0.626094
0.634599
0.636268
0.504845
0.52124
0.588617
0.519351
0.517838
0.516359
0.515676
0.497838
0.514409
0.514611
0.50345
0.493146
0.497514
0.507955
0.515144
0.510334
0.539804
0.539948
0.516451
0.519504
0.52241
0.537808
0.523301
0.53567
0.511451
0.490942
0.501783
0.515005
0.519298
0.517823
0.548721
0.521479
0.536372
0.64817
0.531279
0.516166
0.545118
0.543155
0.506093
0.502727
0.512938
0.51057
0.523388
0.529055
0.517947
0.503019
0.508478
0.509659
0.497192
0.525062
0.515492
0.515991
0.501079
0.506197
0.63283
0.51619
0.51342
0.520764
0.505126
0.509315
0.504314
0.563167
0.509191
0.495048
0.504457
0.548427
0.523781
0.495861
0.534062
0.527473
0.53383
0.546827
0.512271
0.512969
0.557214
0.637371
0.493962
0.509132
0.506158
0.512977
0.509138
0.510038
0.531247
0.510292
0.507308
0.515068
0.509958
0.553206
0.575137
0.526977
0.522102
0.523501
0.495193
0.518519
0.546742
0.542829
0.521202
0.517873
0.503196
0.502007
0.507775
0.515763
0.527557
0.614022
0.634152
0.508541
0.526165
0.539246
0.52095
0.525083
0.507059
0.514027
0.511718
0.51273
0.564227
0.532633
0.60038
0.636563
0.506189
0.509633
0.511512
0.510597
0.50101
0.506731
0.509756
0.496499
0.507177
0.515584
0.514117
0.512026
0.527114
0.525188
0.527042
0.509884
0.649713
0.492343
0.496233
0.514401
0.56364
0.532498
0.508929
0.511959
0.511427
0.513709
0.513489
0.514463
0.513686
0.527666
0.532965
0.509889
0.599037
0.664085
0.656683
0.670913
0.541897
0.509531
0.510858
0.514255
0.51984
0.511495
0.50863
0.499873
0.498592
0.501
0.529481
0.513829
0.496443
0.513981
0.515688
0.509618
0.513484
0.502503
0.66244
0.668004
0.647489
0.4938
0.540284
0.498766
0.540703
0.524147
0.51052
0.495722
0.500934
0.524441
0.523236
0.499125
0.54501
0.521456
0.5201
0.494225
0.499829
0.503425
0.54575
0.528778
0.506353
0.504973
0.508275
0.650062
0.524982
0.522686
0.542016
0.525838
0.542799
0.510424
0.630211
0.522581
0.502825
0.523536
0.526637
0.531797
0.521291
0.505716
0.527375
0.542518
0.524001
0.539587
0.534136
0.510012
0.510778
0.530713
0.51551
0.569544
0.505524
0.523797
0.511708
0.526202
0.509018
0.653017
0.509192
0.511693
0.519053
0.512154
0.522591
0.521105
0.511829
0.541697
0.560843
0.52835
0.509741
0.51125
0.511559
0.596277
0.523631
0.635349
0.633822
0.495131
0.52852
0.509705
0.549403
0.50981
0.494358
0.522438
0.521696
0.52488
0.532471
0.52605
0.531931
0.523793
0.507361
0.500942
0.500318
0.542028
0.525532
0.511543
0.511145
0.516808
0.520301
0.490059
0.51848
0.495541
0.496409
0.503404
0.499522
0.512657
0.512959
0.543428
0.510628
0.529301
0.512974
0.54554
0.505897
0.492955
0.535473
0.51318
0.514145
0.51581
0.50694
0.511992
0.511017
0.52087
0.546824
0.515118
0.501849
0.535209
0.525899
0.504659
0.593718
0.532403
0.526103
0.517906
0.545838
0.55015
0.508268
0.507737
0.53719
0.539137
0.621414
0.51567
0.537145
0.533819
0.504905
0.526598
0.503996
0.530406
0.504991
0.527351
0.522447
0.511947
0.555694
0.517098
0.496449
0.539963
0.517728
0.511786
0.518634
0.524885
0.497816
0.519649
0.511706
0.508175
0.49898
0.507745
0.526863
0.521254
0.518868
0.498895
0.542821
0.506616
0.526393
0.528536
0.538046
0.533047
0.50955
0.503327
0.521599
0.514288
0.514886
0.513938
0.517703
0.536766
0.518354
0.5122
0.511227
0.523287
0.515767
0.528464
0.50558
0.511137
0.515323
0.526575
0.513346
0.509267
0.508944
0.504233
0.646834
0.514939
0.524358
0.522809
0.504117
0.501017
0.539339
0.534053
0.537003
0.5166
0.518002
0.517189
0.682678
0.51368
0.497728
0.516148
0.522996
0.517503
0.499224
0.513396
0.526293
0.529184
0.51915
0.509305
0.513887
0.514285
0.512685
0.509085
0.537554
0.515706
0.530406
0.523573
0.524255
0.519219
0.516921
0.528269
0.531278
0.530824
0.509431
0.494958
0.500294
0.497827
0.502004
0.498623
0.566489
0.509421
0.510464
0.499334
0.518339
0.544061
0.598284
0.544448
0.525113
0.494694
0.503433
0.513343
0.514717
0.53174
0.514302
0.511558
0.512037
0.553921
0.516779
0.517268
0.512645
0.520272
0.511268
0.524054
0.511499
0.52174
0.526643
0.51478
0.520371
0.514369
0.49553
0.532468
0.611596
0.495197
0.51259
0.523105
0.575523
0.51882
0.524785
0.539311
0.523896
0.506724
0.527333
0.632557
0.53028
0.548889
0.529931
0.530526
0.493026
0.534476
0.539071
0.511995
0.53704
0.501835
0.507255
0.515599
0.545261
0.515451
0.509433
0.529665
0.529864
0.498414
0.544892
0.535648
0.498979
0.52418
0.495025
0.524386
0.5121
0.511417
0.513176
0.522898
0.526647
0.527069
0.495813
0.512753
0.572293
0.525027
0.495048
0.498297
0.516019
0.515527
0.604254
0.519378
0.655463
0.523978
0.56621
0.529794
0.525117
0.525741
0.552659
0.541244
0.517205
0.527117
0.555692
0.5311
0.575043
0.504236
0.498176
0.511972
0.50008
0.496235
0.526352
0.507083
0.599081
0.502186
0.506946
0.502906
0.495643
0.594257
0.499489
0.515689
0.529292
0.499822
0.520797
0.516357
0.513352
0.56812
0.529787
0.562676
0.526804
0.522095
0.525049
0.540402
0.540826
0.523956
0.516393
0.505456
0.522883
0.531129
0.493428
0.530025
0.497745
0.499565
0.535585
0.520908
0.60759
0.498815
0.528494
0.504907
0.541375
0.49737
0.501173
0.513362
0.529265
0.510664
0.512335
0.520152
0.514529
0.655328
0.497972
0.53003
0.544458
0.497236
0.500407
0.514268
0.524736
0.520045
0.502912
0.51102
0.499164
0.534575
0.556653
0.510983
0.539803
0.49714
0.543227
0.532122
0.663817
0.520354
0.537826
0.602508
0.514135
0.502273
0.522084
0.526613
0.518631
0.581033
0.512515
0.510185
0.544181
0.543541
0.525097
0.512971
0.514719
0.513855
0.524409
0.512627
0.511446
0.54067
0.530333
0.510178
0.514032
0.538374
0.508228
0.502299
0.502082
0.515214
0.509691
0.519449
0.515866
0.536721
0.550726
0.516982
0.521499
0.515558
0.513903
0.500401
0.530982
0.537592
0.508894
0.507341
0.512332
0.505898
0.51038
0.507549
0.512784
0.514676
0.514229
0.505184
0.512507
0.51225
0.52184
0.518286
0.519133
0.512156
0.520748
0.505092
0.506326
0.606157
0.564109
0.646277
0.618835
0.507146
0.514866
0.507634
0.509459
0.532979
0.53281
0.514675
0.507409
0.636443
0.530196
0.50423
0.512684
0.518049
0.521153
0.514599
0.522857
0.511987
0.512734
0.510921
0.51477
0.512785
0.512554
0.610909
0.611158
0.503263
0.523257
0.52178
0.508349
0.52967
0.510049
0.506811
0.509955
0.513439
0.515585
0.501918
0.517204
0.508932
0.515592
0.517364
0.521812
0.513038
0.511331
0.513528
0.529268
0.644093
0.514061
0.497482
0.520746
0.561902
0.52682
0.511262
0.509831
0.51622
0.530574
0.524546
0.529318
0.511229
0.510611
0.55578
0.505869
0.524657
0.522862
0.526803
0.516194
0.505622
0.507841
0.509965
0.563779
0.551074
0.549121
0.507107
0.511199
0.50585
0.509734
0.576938
0.507562
0.515329
0.508461
0.510052
0.539751
0.540014
0.51738
0.513926
0.521215
0.519574
0.520062
0.516653
0.523576
0.514401
0.530335
0.528994
0.504288
0.621371
0.666804
0.502854
0.520934
0.51782
0.51515
0.517988
0.502817
0.558973
0.525247
0.511809
0.510771
0.509199
0.523407
0.521629
0.513604
0.521793
0.522713
0.503438
0.501824
0.518839
0.502421
0.51759
0.529911
0.514147
0.520966
0.583309
0.506614
0.51746
0.520833
0.510391
0.515878
0.510989
0.524767
0.518025
0.516072
0.550624
0.542405
0.513325
0.511533
0.504258
0.500943
0.639311
0.510584
0.513012
0.521486
0.51518
0.514316
0.514177
0.510925
0.508751
0.536395
0.514514
0.515151
0.52538
0.527847
0.508668
0.502244
0.514191
0.522945
0.517683
0.541182
0.542044
0.511905
0.518908
0.519018
0.511645
0.515391
0.512137
0.512543
0.515031
0.507737
0.523585
0.514219
0.513115
0.516167
0.52192
0.512507
0.513172
0.51717
0.533552
0.645051
0.510766
0.510797
0.508256
0.525186
0.551991
0.525225
0.519495
0.515955
0.509314
0.513561
0.530098
0.508668
0.519742
0.512212
0.522877
0.524001
0.527277
0.51282
0.510966
0.507556
0.504651
0.522754
0.512281
0.512227
0.513678
0.525124
0.514042
0.509623
0.510732
0.547623
0.646417
0.522925
0.521653
0.510405
0.518492
0.509223
0.562851
0.510456
0.513949
0.510562
0.503693
0.510536
0.521094
0.531096
0.52911
0.511585
0.511106
0.514221
0.508541
0.506576
0.504427
0.524889
0.521909
0.521544
0.534551
0.523837
0.507716
0.514704
0.521186
0.581507
0.513432
0.531774
0.557418
0.51114
0.512008
0.515846
0.514733
0.515846
0.510354
0.514101
0.647196
0.519411
0.540627
0.51051
0.509615
0.523252
0.518385
0.516131
0.501354
0.513895
0.520487
0.525748
0.523817
0.500993
0.524944
0.518356
0.521126
0.518182
0.51448
0.505521
0.512621
0.50696
0.514209
0.546972
0.520219
0.518884
0.511732
0.574646
0.503233
0.518064
0.521252
0.552708
0.562964
0.516237
0.568077
0.514556
0.525496
0.513616
0.527748
0.520791
0.605008
0.522714
0.501225
0.584239
0.580614
0.524166
0.51265
0.512006
0.515622
0.513921
0.505862
0.499006
0.513672
0.572196
0.513075
0.511843
0.53109
0.528963
0.522693
0.526782
0.532627
0.562695
0.496873
0.509981
0.51771
0.51407
0.514353
0.547604
0.525056
0.511425
0.507976
0.653011
0.532578
0.506893
0.510314
0.535756
0.508579
0.515879
0.529744
0.512154
0.507668
0.510938
0.664019
0.527395
0.521201
0.539446
0.501455
0.544943
0.601669
0.505806
0.534343
0.522803
0.519145
0.525869
0.529004
0.504781
0.516921
0.538254
0.513994
0.510501
0.509245
0.510844
0.52491
0.52101
0.519918
0.516303
0.504798
0.524304
0.512824
0.509181
0.524796
0.51125
0.512415
0.522219
0.545133
0.69893
0.520214
0.524396
0.513523
0.525232
0.507834
0.541501
0.512935
0.508393
0.505794
0.506427
0.509032
0.511487
0.577058
0.518182
0.51112
0.516405
0.510667
0.524718
0.510747
0.505975
0.504896
0.512499
0.52327
0.509247
0.520339
0.524732
0.511125
0.52176
0.589655
0.531085
0.503772
0.5178
0.509464
0.515764
0.512083
0.508421
0.516286
0.539865
0.535413
0.620993
0.532573
0.517059
0.592234
0.592736
0.513308
0.540014
0.528078
0.51629
0.511372
0.544746
0.510483
0.657421
0.516216
0.510665
0.534978
0.520236
0.505547
0.516883
0.518091
0.514435
0.511273
0.513737
0.537286
0.524684
0.524822
0.511028
0.513044
0.503762
0.603735
0.515217
0.525488
0.56114
0.502576
0.517221
0.514103
0.521025
0.52241
0.511558
0.513944
0.512914
0.512293
0.522085
0.527299
0.520394
0.534198
0.639548
0.511
0.510286
0.521024
0.522186
0.51032
0.507976
0.517574
0.516303
0.511616
0.512543
0.617677
0.511862
0.571555
0.516619
0.514942
0.526478
0.515522
0.508028
0.514056
0.534669
0.504385
0.63169
0.508287
0.517308
0.513591
0.519219
0.499047
0.507173
0.497227
0.53893
0.514743
0.511287
0.515081
0.51098
0.525457
0.513662
0.525025
0.508821
0.501741
0.5115
0.656279
0.522596
0.50631
0.51084
0.535136
0.529901
0.52253
0.521338
0.522044
0.628767
0.496566
0.532863
0.514071
0.515352
0.512675
0.513159
0.513768
0.510399
0.512176
0.522427
0.519461
0.508736
0.508642
0.50943
0.511706
0.517731
0.570314
0.508187
0.52406
0.50595
0.517197
0.511162
0.511982
0.519594
0.506904
0.532242
0.518273
0.513205
0.531712
0.532215
0.513103
0.528113
0.515032
0.510489
0.500025
0.54923
0.510567
0.501931
0.498761
0.524477
0.496374
0.516542
0.51258
