0.511286
0.49407
0.512265
0.524703
0.547744
0.552217
0.52819
0.616281
0.645873
0.561658
0.620909
0.510056
0.508778
0.515876
0.513829
0.530939
0.510774
0.50236
0.50277
0.534867
0.529349
0.520468
0.515321
0.499677
0.503203
0.510169
0.512004
0.524707
0.532471
0.528773
0.512497
0.511658
0.508673
0.517781
0.525109
0.519055
0.53909
0.533904
0.50009
0.52459
0.520814
0.527123
0.530044
0.540081
0.515004
0.513043
0.515328
0.508749
0.527891
0.536328
0.538822
0.511985
0.509195
0.546874
0.553102
0.52278
0.518151
0.520758
0.513152
0.513111
0.510841
0.512698
0.51528
0.514242
0.509044
0.503466
0.504046
0.504465
0.492807
0.501765
0.508712
0.50592
0.506175
0.505785
0.514432
0.512166
0.568237
0.552249
0.528677
0.531163
0.527228
0.498426
0.502804
0.512731
0.508147
0.494879
0.497786
0.497024
0.542507
0.535795
0.521483
0.535317
0.533405
0.528103
0.533582
0.54077
0.545642
0.538889
0.634046
0.652547
0.681735
0.5298
0.525089
0.524846
0.523359
0.506954
0.513291
0.516487
0.557953
0.50016
0.505829
0.60591
0.600732
0.52546
0.520843
0.528469
0.521813
0.533926
0.512035
0.532638
0.56103
0.517167
0.544449
0.592464
0.503195
0.510507
0.508749
0.572207
0.590326
0.506361
0.534036
0.53551
0.5313
0.519932
0.531922
0.532593
0.518079
0.519352
0.546987
0.536327
0.528947
0.533229
0.529938
0.523241
0.522533
0.512156
0.513726
0.511905
0.550393
0.533578
0.623077
0.649873
0.60951
0.506128
0.502988
0.502479
0.512638
0.512353
0.50765
0.507785
0.506606
0.523713
0.522382
0.525021
0.544108
0.540799
0.531734
0.506382
0.514244
0.506123
0.514325
0.511049
0.508838
0.500926
0.535665
0.530317
0.52747
0.526917
0.516335
0.509662
0.516923
0.505586
0.499882
0.519977
0.518164
0.518289
0.529733
0.513399
0.513287
0.528665
0.521494
0.524616
0.510794
0.511747
0.527263
0.53204
0.524121
0.519933
0.520453
0.519931
0.518206
0.510188
0.504695
0.521386
0.582101
0.597392
0.516844
0.515863
0.545641
0.518725
0.526739
0.522602
0.5114
0.514033
0.510691
0.521726
0.497638
0.502082
0.528264
0.496905
0.500921
0.515469
0.515649
0.546373
0.545333
0.515874
0.51878
0.502382
0.507722
0.502823
0.502484
0.514199
0.500466
0.502109
0.506615
0.507061
0.506588
0.541754
0.536834
0.542664
0.55023
0.559441
0.509524
0.506429
0.502699
0.50356
0.519411
0.520205
0.520005
0.501368
0.506925
0.509617
0.508793
0.514582
0.510957
0.510075
0.506071
0.503717
0.513637
0.521941
0.511627
0.511336
0.507242
0.509531
0.510523
0.511214
0.530643
0.531388
0.638895
0.527098
0.523095
0.526515
0.634667
0.512877
0.616216
0.527798
0.532883
0.527776
0.528965
0.573486
0.520691
0.521215
0.501025
0.504867
0.524285
0.516441
0.511619
0.509944
0.516091
0.522577
0.507228
0.514224
0.507753
0.522802
0.503151
0.501233
0.531092
0.511969
0.507917
0.514242
0.517498
0.513118
0.524809
0.499108
0.539242
0.528534
0.516042
0.516471
0.533927
0.542892
0.543062
0.511222
0.512764
0.50983
0.512586
0.546742
0.504504
0.508097
0.526645
0.52231
0.518414
0.522514
0.509935
0.514032
0.506294
0.508932
0.637922
0.63984
0.511783
0.511921
0.516136
0.511942
0.506452
0.523061
0.517664
0.511989
0.512214
0.501174
0.514319
0.512605
0.517605
0.513855
0.51337
0.509495
0.522203
0.508701
0.507856
0.711211
0.651847
0.508381
0.645115
0.50412
0.511711
0.514823
0.521518
0.516007
0.512178
0.500337
0.504081
0.500835
0.531897
0.531946
0.531349
0.539767
0.526495
0.523833
0.495747
0.494108
0.513802
0.528102
0.509415
0.511146
0.513031
0.511953
0.511023
0.510726
0.513287
0.517718
0.50469
0.496405
0.509393
0.513059
0.509847
0.514219
0.515763
0.513595
0.510694
0.508387
0.516556
0.521586
0.524554
0.531562
0.517779
0.516016
0.540235
0.538266
0.515636
0.512097
0.512682
0.514983
0.540973
0.510612
0.514641
0.512244
0.513167
0.511381
0.519059
0.501725
0.504021
0.510143
0.510738
0.521223
0.521744
0.515342
0.515504
0.516459
0.513488
0.709268
0.508187
0.499939
0.502022
0.529842
0.522062
0.522626
0.51968
0.497824
0.506378
0.519488
0.542571
0.497226
0.506916
0.515076
0.514375
0.50216
0.509373
0.503166
0.498472
0.531435
0.531312
0.525892
0.548529
0.511863
0.507633
0.585513
0.636545
0.527757
0.523659
0.525037
0.528618
0.503541
0.514812
0.534943
0.496112
0.666937
0.639786
0.646515
0.515012
0.501093
0.538848
0.509553
0.51375
0.522462
0.520091
0.506159
0.510131
0.527477
0.52302
0.526585
0.536617
0.542409
0.518901
0.501075
0.502102
0.53556
0.530887
0.532463
0.496129
0.503965
0.623981
0.513621
0.519257
0.517243
0.515317
0.532265
0.532922
0.524031
0.518387
0.563955
0.505799
0.619131
0.62914
0.497161
0.517244
0.555664
0.567954
0.537521
0.636173
0.531749
0.521324
0.520174
0.521398
0.516878
0.523102
0.523519
0.522993
0.511864
0.516103
0.598474
0.511762
0.511602
0.531427
0.513097
0.598635
0.51
0.495379
0.505001
0.502321
0.526204
0.517938
0.522108
0.514602
0.502642
0.507622
0.505134
0.499424
0.514623
0.539309
0.533153
0.51734
0.499904
0.499007
0.503826
0.652437
0.509471
0.502791
0.520099
0.522254
0.516649
0.502863
0.499432
0.497167
0.502493
0.58991
0.511072
0.645807
0.512771
0.508479
0.5253
0.513099
0.492944
0.500543
0.497723
0.51515
0.516089
0.494423
0.494535
0.499659
0.519688
0.523504
0.521944
0.514232
0.50855
0.513915
0.507332
0.535129
0.52872
0.508516
0.511337
0.513362
0.532224
0.514608
0.625317
0.631219
0.511025
0.51275
0.506256
0.512168
0.507683
0.507272
0.515123
0.509695
0.504723
0.510806
0.505317
0.527562
0.511733
0.521576
0.518862
0.520786
0.659602
0.521621
0.524349
0.511801
0.504639
0.510315
0.511309
0.516197
0.513878
0.534018
0.508521
0.514042
0.514473
0.513511
0.54894
0.549474
0.596195
0.661369
0.515331
0.513211
0.68033
0.658794
0.517312
0.523157
0.516403
0.520968
0.506754
0.507306
0.518491
0.501011
0.505047
0.523086
0.514426
0.522412
0.535988
0.50706
0.506085
0.520294
0.513362
0.544349
0.509853
0.518285
0.647861
0.657597
0.509249
0.507322
0.530508
0.513046
0.510741
0.510281
0.504513
0.513498
0.50612
0.640665
0.638736
0.510044
0.510758
0.516128
0.516234
0.517647
0.504248
0.49919
0.505087
0.564725
0.511374
0.52108
0.539761
0.522677
0.511483
0.523348
0.509671
0.495874
0.500472
0.519197
0.498494
0.501284
0.50608
0.508361
0.515227
0.541177
0.531618
0.507576
0.520102
0.636316
0.556979
0.515196
0.505138
0.508773
0.523162
0.518551
0.51208
0.5095
0.522088
0.508922
0.519947
0.523809
0.503321
0.512322
0.56647
0.559358
0.583984
0.573792
0.547871
0.554064
0.550624
0.527618
0.623092
0.684246
0.534496
0.525926
0.528713
0.580123
0.508416
0.507893
0.508256
0.496786
0.514515
0.529088
0.517843
0.517607
0.638597
0.616206
0.539347
0.536598
0.516238
0.514672
0.514174
0.513483
0.510389
0.542317
0.543964
0.547839
0.550269
0.554544
0.510485
0.543574
0.534241
0.537863
0.520485
0.521522
0.526682
0.528347
0.510084
0.511296
0.519673
0.526247
0.535054
0.52605
0.512073
0.51106
0.522388
0.518271
0.499719
0.502984
0.508624
0.515738
0.525837
0.49846
0.572072
0.561115
0.530579
0.523486
0.53427
0.527823
0.536624
0.536801
0.525543
0.511748
0.518495
0.521225
0.51046
0.526145
0.530872
0.523718
0.526212
0.506112
0.503045
0.510915
0.515657
0.512282
0.514275
0.492315
0.51922
0.511758
0.579969
0.609617
0.512397
0.51029
0.50415
0.512258
0.562738
0.555096
0.499179
0.506823
0.517273
0.517681
0.525562
0.545052
0.51094
0.511516
0.509452
0.509495
0.526867
0.497361
0.56856
0.516054
0.527063
0.513096
0.513552
0.516291
0.528897
0.508251
0.530579
0.502342
0.499206
0.505564
0.511458
0.506275
0.537859
0.617283
0.648595
0.511127
0.507194
0.521668
0.518727
0.514913
0.508124
0.510122
0.510949
0.507517
0.506962
0.497164
0.512132
0.511839
0.509687
0.518328
0.526835
0.548304
0.557028
0.51241
0.511563
0.512185
0.534163
0.511716
0.511934
0.52356
0.522906
0.563394
0.53097
0.531742
0.506439
0.516461
0.5085
0.528679
0.525477
0.520687
0.521526
0.519236
0.51788
0.52021
0.515456
0.499141
0.496733
0.510737
0.504669
0.600227
0.511642
0.511918
0.514725
0.515539
0.524695
0.541922
0.512222
0.508706
0.651961
0.528436
0.51179
0.517709
0.540004
0.534536
0.523039
0.52075
0.499352
0.498524
0.639081
0.554478
0.514908
0.537609
0.505663
0.619397
0.503711
0.517874
0.49998
0.503069
0.550254
0.504546
0.50704
0.506537
0.512433
0.635502
0.513519
0.549714
0.504894
0.533883
0.508011
0.503489
0.5184
0.53901
0.495566
0.498522
0.544349
0.532559
0.540857
0.501397
0.521375
0.508684
0.53015
0.524277
0.590265
0.512978
0.518009
0.518004
0.516432
0.517868
0.521033
0.606757
0.517338
0.51602
0.510488
0.518952
0.521935
0.505109
0.513465
0.499796
0.51669
0.514746
0.518739
0.518232
0.515013
0.542761
0.519406
0.522355
0.510187
0.503447
0.53141
0.519033
0.521321
0.512064
0.509698
0.546742
0.521417
0.498732
0.501022
0.53224
0.668469
0.509642
0.530781
0.545017
0.543587
0.526721
0.521656
0.632899
0.524903
0.527261
0.526328
0.523298
0.49869
0.507586
0.524094
0.525817
0.521552
0.519436
0.517939
0.739216
0.629396
0.511665
0.51784
0.523141
0.506739
0.500564
0.506255
0.495464
0.493865
0.538396
0.544758
0.529273
0.542554
0.497873
0.512808
0.509472
0.556155
0.522588
0.514067
0.50784
0.508103
0.502597
0.50812
0.573642
0.575501
0.52522
0.523459
0.490963
0.520184
0.546961
0.549967
0.545183
0.513864
0.514919
0.513716
0.51014
0.513038
0.516111
0.52021
0.521952
0.528466
0.676721
0.509372
0.534716
0.529331
0.543987
0.538837
0.532616
0.499316
0.533094
0.509361
0.507825
0.509273
0.562811
0.572319
0.575524
0.535542
0.526075
0.513828
0.506575
0.50574
0.506327
0.515001
0.50063
0.50737
0.514166
0.500826
0.524342
0.523518
0.524348
0.522285
0.514047
0.66204
0.538792
0.508337
0.5061
0.508712
0.498867
0.579193
0.509591
0.546769
0.506915
0.531355
0.514739
0.514168
0.513851
0.516198
0.516863
0.509447
0.530278
0.521338
0.520369
0.512978
0.526418
0.608591
0.652655
0.539871
0.542439
0.513765
0.514599
0.507257
0.504089
0.502727
0.521702
0.514616
0.515356
0.55088
0.555315
0.513075
0.49913
0.515484
0.524336
0.501059
0.529824
0.496719
0.512052
0.516801
0.636403
0.54073
0.498511
0.535166
0.536535
0.502487
0.534166
0.500835
0.511263
0.509189
0.506719
0.519948
0.524694
0.520962
0.506227
0.540779
0.520112
0.525036
0.524772
0.519428
0.493609
0.518453
0.513812
0.499703
0.504428
0.499381
0.543963
0.513171
0.519361
0.540015
0.524505
0.542524
0.520927
0.54078
0.599096
0.615012
0.525858
0.509271
0.500602
0.501848
0.522292
0.52485
0.502696
0.509179
0.521701
0.525096
0.49641
0.522076
0.533265
0.513851
0.508531
0.558689
0.588749
0.57473
0.527985
0.506867
0.504264
0.518181
0.515043
0.555125
0.512735
0.522435
0.535866
0.511014
0.524804
0.50311
0.529714
0.530458
0.560443
0.57378
0.512625
0.51348
0.519205
0.512273
0.616619
0.608377
0.6678
0.650994
0.495103
0.532073
0.541569
0.512737
0.521278
0.496561
0.524626
0.530123
0.532796
0.521753
0.525946
0.521032
0.531819
0.526875
0.515197
0.530763
0.535965
0.517936
0.518079
0.506916
0.498616
0.516125
0.502946
0.510122
0.534831
0.531254
0.52867
0.52609
0.519703
0.522226
0.518956
0.523728
0.493591
0.496273
0.517601
0.495889
0.51347
0.512459
0.512108
0.514219
0.540985
0.614173
0.509164
0.522575
0.536781
0.534586
0.524864
0.543509
0.620985
0.54166
0.535154
0.59421
0.512298
0.513993
0.508953
0.506346
0.543877
0.523364
0.524055
0.516732
0.51698
0.502251
0.523361
0.557513
0.510697
0.506191
0.586421
0.512406
0.517436
0.531731
0.532536
0.526153
0.521624
0.503928
0.544718
0.539165
0.668448
0.576635
0.513092
0.495925
0.493429
0.537536
0.506171
0.61855
0.516891
0.496249
0.523523
0.555063
0.637073
0.640978
0.541441
0.516508
0.518469
0.497291
0.514296
0.517351
0.521099
0.497263
0.518763
0.510481
0.504799
0.503214
0.505632
0.520912
0.514456
0.542686
0.527996
0.523445
0.530017
0.51705
0.503734
0.50232
0.498297
0.539281
0.537569
0.536351
0.519388
0.514569
0.51618
0.515286
0.53007
0.496846
0.51274
0.517273
0.511972
0.533278
0.526418
0.586619
0.50522
0.516299
0.527317
0.521773
0.520325
0.516578
0.511266
0.506078
0.505204
0.501624
0.617703
0.499611
0.524487
0.535766
0.499256
0.500331
0.539283
0.538819
0.53751
0.653778
0.619269
0.514373
0.5127
0.527285
0.520396
0.52444
0.508982
0.514166
0.509902
0.497413
0.515225
0.523844
0.519734
0.501512
0.517339
0.520137
0.67972
0.513731
0.51351
0.536426
0.539531
0.538039
0.525678
0.543332
0.526851
0.517761
0.513463
0.533311
0.506486
0.495281
0.525368
0.512906
0.498322
0.507245
0.521284
0.527901
0.518106
0.517775
0.494248
0.535893
0.539358
0.543108
0.504869
0.634777
0.510769
0.507043
0.505524
0.513612
0.514763
0.510347
0.522668
0.520588
0.528888
0.511497
0.496004
0.533667
0.522139
0.502675
0.500835
0.565223
0.530654
0.500643
0.524329
0.540121
0.522613
0.522414
0.53443
0.601484
0.508298
0.527336
0.529138
0.613745
0.530922
0.543456
0.511967
0.510216
0.503371
0.515601
0.500154
0.503638
0.509428
0.504395
0.529786
0.529503
0.499832
0.518319
0.540203
0.529595
0.498525
0.52239
0.51575
0.531856
0.520397
0.519414
0.521695
0.523859
0.527172
0.622882
0.612076
0.499165
0.523385
0.52711
0.519851
0.524252
0.577601
0.540427
0.51506
0.59812
0.52926
0.497641
0.522134
0.504658
0.519435
0.519432
0.521757
0.595056
0.499635
0.542625
0.512885
0.516183
0.544336
0.526031
0.526681
0.518864
0.529375
0.514853
0.510366
0.511521
0.506055
0.510438
0.507386
0.523645
0.527798
0.517347
0.550991
0.516091
0.504714
0.497288
0.646531
0.653943
0.517892
0.526836
0.49808
0.522845
0.566687
0.526817
0.553358
0.525721
0.496467
0.494942
0.519095
0.543725
0.646399
0.502943
0.522916
0.531414
0.521841
0.541234
0.528074
0.500005
0.518668
0.513398
0.495684
0.51277
0.523679
0.550305
0.497569
0.536452
0.533243
0.515225
0.538781
0.616545
0.536022
0.521782
0.50545
0.498612
0.545887
0.503333
0.516192
0.512199
0.512601
0.516372
0.53019
0.67956
0.521627
0.520363
0.529562
0.498666
0.51199
0.512179
0.510518
0.497778
0.524652
0.517308
0.510394
0.529537
0.540121
0.497793
0.547201
0.535474
0.510046
0.541678
0.510747
0.530127
0.501078
0.508184
0.5815
0.533831
0.539191
0.498138
0.531869
0.518159
0.507991
0.517343
0.526835
0.585854
0.520378
0.515465
0.537397
0.577621
0.515466
0.508383
0.513691
0.515594
0.507265
0.650847
0.534071
0.503105
0.527173
0.537212
0.541218
0.539219
0.53309
0.535803
0.523412
0.512383
0.510729
0.509767
0.515052
0.513304
0.518015
0.521496
0.535906
0.513873
0.511211
0.517318
0.513664
0.512699
0.507259
0.509871
0.512197
0.501674
0.523034
0.534808
0.514202
0.509898
0.524357
0.532181
0.532296
0.522489
0.517025
0.544239
0.512594
0.516295
0.522057
0.521568
0.513135
0.508446
0.514482
0.525624
0.503525
0.531635
0.532426
0.523939
0.518418
0.512276
0.511257
0.520955
0.533629
0.512034
0.512606
0.530422
0.514118
0.516101
0.522142
0.516358
0.519638
0.508963
0.527022
0.505039
0.524156
0.51232
0.505483
0.654797
0.657111
0.505809
0.503867
0.513751
0.512226
0.508164
0.532919
0.538044
0.577667
0.509603
0.528611
0.512089
0.5104
0.512823
0.514334
0.511788
0.509612
0.599877
0.607764
0.506966
0.506384
0.508698
0.52345
0.546126
0.529418
0.513116
0.513715
0.521032
0.5191
0.52364
0.512849
0.503078
0.520988
0.573443
0.545618
0.552044
0.527507
0.502726
0.500459
0.614073
0.523128
0.527743
0.509588
0.553766
0.507924
0.535511
0.531974
0.513427
0.515864
0.507332
0.62126
0.520684
0.514196
0.562971
0.520224
0.515539
0.518748
0.510698
0.519507
0.557594
0.515961
0.514329
0.51889
0.511346
0.517938
0.54015
0.511198
0.522791
0.514469
0.517557
0.512418
0.531801
0.633281
0.513938
0.510127
0.52423
0.501049
0.516948
0.527156
0.516506
0.510695
0.557914
0.517226
0.518882
0.509124
0.504449
0.513397
0.515681
0.503049
0.508266
0.511101
0.526923
0.510846
0.515509
0.510199
0.50939
0.5434
0.522194
0.517578
0.536968
0.525604
0.516307
0.511091
0.525088
0.517206
0.509704
0.591933
0.521294
0.516048
0.510354
0.514616
0.522016
0.511674
0.544573
0.522167
0.582928
0.513598
0.507037
0.530342
0.523335
0.646988
0.517002
0.512295
0.515199
0.510349
0.536332
0.500097
0.517557
0.512024
0.524978
0.521
0.5526
0.51191
0.518731
0.512871
0.517288
0.513904
0.512173
0.514882
0.514918
0.516905
0.517977
0.518898
0.655674
0.512472
0.5276
0.535007
0.526613
0.527047
0.524851
0.513884
0.520477
0.525109
0.523037
0.493584
0.511727
0.512949
0.511905
0.516296
0.576169
0.523557
0.501471
0.540984
0.507344
0.515111
0.562566
0.515913
0.515294
0.535463
0.514844
0.514236
0.510981
0.512805
0.521148
0.513537
0.509256
0.52252
0.510485
0.514167
0.547032
0.52031
0.507262
0.516143
0.516509
0.509957
0.508015
0.51203
0.513465
0.518377
0.526726
0.511376
0.51002
0.519378
0.512047
0.516165
0.51415
0.508896
0.513396
0.513944
0.520944
0.518061
0.530451
0.527542
0.506827
0.583361
0.512228
0.512923
0.504839
0.511037
0.536939
0.524613
0.513695
0.512216
0.514505
0.517806
0.517653
0.512082
0.507317
0.522412
0.516322
0.543712
0.514376
0.507356
0.51688
0.523687
0.522073
0.524664
0.511867
0.50661
0.510496
0.520783
0.52666
0.538111
0.512043
0.520667
0.533613
0.526389
0.54365
0.539074
0.522686
0.509362
0.518124
0.5145
0.511078
0.518039
0.521667
0.551094
0.526591
0.536428
0.520772
0.540134
0.524862
0.521922
0.525719
0.523455
0.513021
0.510231
0.526777
0.509846
0.557519
0.555895
0.507453
0.52348
0.511923
0.523881
0.514315
0.509619
0.509974
0.522418
0.517382
0.52172
0.531076
0.503799
0.516985
0.509915
0.506008
0.517159
0.553725
0.504229
0.541065
0.519767
0.514379
0.52166
0.513258
0.518117
0.517458
0.519486
0.5199
0.543335
0.574072
0.570648
0.53278
0.512625
0.521511
0.525811
0.520002
0.556621
0.524997
0.511298
0.516271
0.511522
0.557091
0.507996
0.644927
0.521162
0.539151
0.612007
0.512818
0.506221
0.521193
0.512048
0.512602
0.515549
0.515083
0.51201
0.516706
0.532993
0.512682
0.546927
0.508233
0.500997
0.5155
0.536379
0.520294
0.519901
0.507694
0.516964
0.513356
0.509369
0.515136
0.511313
0.502386
0.520633
0.533961
0.508851
0.534137
0.537187
0.516277
0.52258
0.689673
0.509736
0.508643
0.514223
0.503236
0.514641
0.511691
0.53766
0.652476
0.517413
0.514932
0.558802
0.576991
0.537757
0.529005
0.523503
0.553568
0.51713
0.515583
0.504196
0.590892
0.520003
0.523987
0.509109
0.516196
0.51238
0.517918
0.642996
0.51783
0.512722
0.511769
0.51512
0.517576
0.503813
0.51772
0.637733
0.514082
0.511582
0.506243
0.515754
0.501141
0.533742
0.530722
0.517936
0.533531
0.525651
0.595415
0.543115
0.522251
0.515354
0.51604
0.513135
0.512447
0.516346
0.510698
0.593271
0.512609
0.572468
0.503654
0.514296
0.506458
0.512182
0.511731
0.514645
0.525811
0.53828
0.51081
0.506602
0.531429
0.50833
0.53337
0.503136
0.656161
0.529586
0.530186
0.544655
0.514106
0.513893
0.519315
0.512634
0.513508
0.516115
0.520598
0.515409
0.537461
0.523704
0.527333
0.504059
0.513095
0.50689
0.524458
0.594585
0.507064
0.509351
0.518068
0.510477
0.516561
0.508151
0.618694
0.518796
0.507879
0.535879
0.525711
0.507864
0.507327
0.516877
0.529354
0.532592
0.523514
0.525153
0.528323
0.500969
0.525231
0.56041
0.510103
0.516004
0.514868
0.52317
0.520984
0.537127
0.513481
0.507411
0.511334
0.510169
0.513132
0.5171
0.503728
0.509076
0.509341
0.51883
0.519315
0.505905
0.511711
0.523458
0.527899
0.519976
0.509812
0.509601
0.526982
0.516896
0.506141
0.500619
0.531584
0.510805
0.511283
0.548062
0.518378
0.509349
0.510637
0.514468
0.643223
0.513058
0.519971
0.515879
0.508252
0.51235
0.512563
0.518275
0.526851
0.513766
0.519333
0.500379
0.509297
0.51338
0.517638
0.505246
0.510757
0.511923
0.500134
0.592344
0.51134
0.534772
0.506694
0.516097
0.523975
0.529819
0.5127
0.513235
0.516766
0.518531
0.510717
0.526108
0.529469
0.527949
0.509471
0.515395
0.523778
0.512397
0.521185
0.522223
0.511288
0.531553
0.527332
0.505008
0.513708
