0.513052
0.515139
0.494944
0.495888
0.499871
0.514896
0.554057
0.554866
0.514702
0.506329
0.512799
0.513432
0.512405
0.515119
0.515565
0.516187
0.531259
0.516425
0.536694
0.530514
0.510544
0.517592
0.500997
0.502452
0.501755
0.521832
0.600475
0.614531
0.525389
0.515236
0.50842
0.512856
0.503082
0.498756
0.508255
0.506694
0.508932
0.523579
0.524869
0.518642
0.534377
0.529769
0.514571
0.512222
0.512326
0.522845
0.510394
0.518574
0.532058
0.53355
0.531283
0.500291
0.515413
0.515848
0.513954
0.520563
0.515243
0.512247
0.511903
0.520073
0.534615
0.532053
0.525972
0.553758
0.554155
0.550462
0.514204
0.517996
0.521844
0.518552
0.500208
0.500482
0.508152
0.4987
0.504869
0.50857
0.511154
0.484327
0.491498
0.494561
0.500682
0.503956
0.506063
0.509243
0.50947
0.506172
0.56741
0.558592
0.510728
0.639423
0.531566
0.53599
0.502986
0.503826
0.493662
0.49806
0.50643
0.538503
0.538483
0.534394
0.527574
0.52955
0.519254
0.529327
0.589371
0.653964
0.665232
0.522611
0.518472
0.528131
0.523769
0.509247
0.507525
0.497985
0.496426
0.51131
0.51427
0.561453
0.565824
0.56597
0.546242
0.525913
0.523221
0.50714
0.514256
0.511667
0.619657
0.607463
0.585347
0.520552
0.522064
0.528271
0.532976
0.535127
0.54019
0.515045
0.561406
0.512045
0.507338
0.531844
0.533671
0.603281
0.593538
0.5087
0.502998
0.578768
0.592424
0.566812
0.619992
0.604446
0.642588
0.636983
0.508549
0.504864
0.525977
0.527262
0.523355
0.540322
0.548181
0.510699
0.517277
0.511246
0.505357
0.530378
0.52036
0.520653
0.519408
0.52442
0.522112
0.51068
0.521506
0.510172
0.518775
0.536567
0.520289
0.533011
0.52976
0.524655
0.523891
0.511986
0.513312
0.673126
0.534982
0.530834
0.52752
0.507405
0.502891
0.49712
0.500048
0.526302
0.509802
0.509029
0.511077
0.50624
0.510627
0.506824
0.507291
0.506716
0.523962
0.522867
0.542633
0.537758
0.53101
0.509607
0.514769
0.514779
0.511251
0.519352
0.516829
0.517968
0.504716
0.531047
0.536003
0.529584
0.527627
0.526976
0.524966
0.526008
0.509579
0.517305
0.518891
0.518704
0.497372
0.499629
0.497643
0.500241
0.517877
0.515383
0.517769
0.518886
0.525587
0.520665
0.511992
0.512646
0.531864
0.534597
0.536423
0.535836
0.510276
0.495438
0.592715
0.508833
0.509546
0.531877
0.526517
0.525002
0.508011
0.515575
0.63192
0.541169
0.536733
0.544258
0.521443
0.518087
0.518279
0.517497
0.508434
0.519127
0.522684
0.516533
0.509078
0.50855
0.537128
0.520783
0.524307
0.502642
0.52788
0.495792
0.533928
0.511694
0.498993
0.501151
0.505837
0.501984
0.537597
0.549234
0.556392
0.535014
0.510589
0.497348
0.504058
0.521003
0.626589
0.509301
0.509967
0.512255
0.519366
0.528235
0.511168
0.510006
0.51312
0.51778
0.507297
0.511054
0.511302
0.511297
0.515172
0.525021
0.525262
0.561313
0.595083
0.526254
0.523791
0.516089
0.604638
0.571044
0.575406
0.512945
0.606469
0.528897
0.492419
0.528346
0.528642
0.530479
0.64277
0.69149
0.592352
0.499659
0.516677
0.523213
0.522856
0.505153
0.517374
0.501511
0.522465
0.500734
0.505354
0.534263
0.533662
0.511873
0.509707
0.514834
0.511288
0.499366
0.501588
0.51324
0.542111
0.528953
0.514494
0.516849
0.518166
0.57631
0.506615
0.508561
0.543037
0.508021
0.510682
0.527036
0.520157
0.518277
0.526103
0.510176
0.512844
0.51189
0.53752
0.625107
0.517072
0.516798
0.515803
0.535591
0.523241
0.522423
0.512712
0.512867
0.510239
0.513997
0.513767
0.514392
0.516557
0.516404
0.508899
0.507304
0.514444
0.506887
0.504785
0.521266
0.592085
0.617212
0.504472
0.5152
0.514758
0.514558
0.514971
0.517029
0.536261
0.530352
0.503633
0.519238
0.659592
0.655422
0.52451
0.502207
0.53218
0.530514
0.527288
0.526662
0.511357
0.496222
0.497646
0.502429
0.51576
0.50971
0.508749
0.512566
0.5115
0.514916
0.512506
0.502648
0.503183
0.507119
0.52088
0.514869
0.515904
0.509407
0.514682
0.515897
0.516237
0.508772
0.507365
0.504449
0.513074
0.526417
0.523434
0.513953
0.521
0.517116
0.520647
0.510306
0.519816
0.518594
0.519019
0.536132
0.536449
0.53208
0.514589
0.505929
0.509925
0.510194
0.513109
0.513034
0.513439
0.513125
0.516244
0.502168
0.499576
0.497262
0.499264
0.507258
0.515778
0.513368
0.510727
0.531128
0.524541
0.520167
0.49547
0.497458
0.526067
0.523181
0.500517
0.50938
0.532143
0.518003
0.51603
0.49933
0.507757
0.506157
0.513378
0.53187
0.511129
0.520676
0.502996
0.503388
0.50613
0.49819
0.536375
0.526294
0.508433
0.507909
0.515502
0.508045
0.51899
0.52875
0.518642
0.50625
0.500419
0.49941
0.503616
0.51534
0.512381
0.515457
0.499226
0.606235
0.571149
0.504905
0.509268
0.538157
0.539908
0.534615
0.542206
0.535072
0.52065
0.518535
0.5242
0.508191
0.505693
0.523504
0.523806
0.526879
0.496895
0.502954
0.539665
0.530576
0.533846
0.497605
0.502634
0.6156
0.518186
0.515765
0.509849
0.503036
0.53181
0.533023
0.516569
0.523697
0.518309
0.533681
0.567887
0.507006
0.603244
0.496764
0.575138
0.556316
0.562763
0.518343
0.515286
0.591613
0.519893
0.514591
0.515024
0.518903
0.52382
0.520815
0.520857
0.51259
0.523914
0.508871
0.522632
0.524311
0.522347
0.638116
0.526755
0.530214
0.514519
0.62371
0.57486
0.500518
0.495769
0.502804
0.624806
0.641274
0.582292
0.643846
0.49765
0.51209
0.509823
0.520978
0.512957
0.504708
0.532988
0.538978
0.533314
0.515333
0.509558
0.619286
0.518163
0.519423
0.520717
0.517858
0.512058
0.503768
0.497672
0.603044
0.642094
0.523147
0.519204
0.546971
0.517927
0.515286
0.524232
0.514843
0.511693
0.514464
0.508667
0.526017
0.513453
0.495169
0.496599
0.516503
0.512706
0.510517
0.510052
0.51907
0.516421
0.512661
0.508568
0.533618
0.51722
0.506474
0.526803
0.521574
0.512941
0.523528
0.523712
0.521794
0.518446
0.522776
0.509945
0.509731
0.514456
0.510971
0.504055
0.505392
0.503109
0.503322
0.505642
0.513044
0.504672
0.510529
0.512114
0.510595
0.528546
0.509103
0.514116
0.519265
0.516489
0.518905
0.517028
0.504311
0.51032
0.5132
0.513804
0.511652
0.522517
0.512732
0.514329
0.495617
0.492458
0.51024
0.502029
0.507957
0.550499
0.551528
0.506778
0.525207
0.51129
0.525835
0.526047
0.520611
0.667746
0.663681
0.510997
0.50138
0.507278
0.524477
0.58561
0.505795
0.520107
0.514572
0.509333
0.525857
0.523916
0.537882
0.505929
0.514908
0.515406
0.519658
0.511732
0.50961
0.527988
0.51023
0.53829
0.547335
0.515706
0.512191
0.501166
0.669008
0.686941
0.508709
0.50288
0.52301
0.508249
0.499696
0.504996
0.631033
0.63841
0.509332
0.509793
0.514879
0.522776
0.514459
0.515256
0.502685
0.498501
0.593951
0.510739
0.657946
0.538831
0.515708
0.50797
0.517964
0.536186
0.533623
0.494742
0.527966
0.506922
0.508257
0.508875
0.512693
0.53674
0.533865
0.559076
0.516225
0.515098
0.53359
0.529138
0.521878
0.516723
0.515224
0.522382
0.511911
0.510329
0.506673
0.507971
0.572709
0.562342
0.510268
0.510552
0.513152
0.512348
0.550046
0.554218
0.649608
0.511166
0.510334
0.539326
0.539669
0.49912
0.662708
0.533788
0.513642
0.530514
0.525484
0.525157
0.526795
0.624081
0.664988
0.544973
0.538072
0.512881
0.513313
0.512492
0.496346
0.502955
0.50692
0.543948
0.51209
0.548806
0.528516
0.523291
0.52676
0.511578
0.513089
0.521066
0.510541
0.517723
0.503676
0.538471
0.499634
0.508226
0.523546
0.53074
0.53244
0.51041
0.519226
0.524748
0.589442
0.637692
0.508727
0.581142
0.584542
0.567649
0.514813
0.53429
0.537228
0.522709
0.514273
0.512511
0.511919
0.50756
0.50946
0.500739
0.526551
0.529812
0.526443
0.511824
0.502387
0.507313
0.511365
0.515527
0.527296
0.514694
0.509975
0.522155
0.519773
0.577767
0.595231
0.494427
0.507658
0.525551
0.51311
0.512589
0.489674
0.495981
0.536537
0.535671
0.567878
0.51763
0.509376
0.547294
0.512619
0.514479
0.513646
0.507358
0.522604
0.498256
0.499916
0.563934
0.523903
0.523243
0.52749
0.508605
0.518622
0.519121
0.519168
0.506403
0.512191
0.514499
0.522154
0.521933
0.524336
0.522646
0.509806
0.499057
0.502232
0.500832
0.507644
0.513844
0.537218
0.51926
0.516372
0.642625
0.510726
0.512416
0.512347
0.509252
0.527155
0.559266
0.532877
0.511314
0.522743
0.520833
0.54208
0.565589
0.5348
0.530406
0.531158
0.527713
0.516685
0.515915
0.521826
0.523773
0.520935
0.526024
0.526152
0.520598
0.51797
0.500208
0.50874
0.522798
0.506336
0.572018
0.522131
0.519168
0.522442
0.524712
0.551857
0.51039
0.510065
0.642463
0.687478
0.529245
0.519559
0.510508
0.539684
0.533452
0.521175
0.521663
0.504095
0.498001
0.499783
0.609006
0.510196
0.510091
0.521189
0.513688
0.553295
0.514654
0.547577
0.538558
0.544373
0.514342
0.639524
0.601476
0.499677
0.507126
0.502309
0.518289
0.49744
0.50347
0.589259
0.52369
0.549119
0.537839
0.513542
0.507357
0.507333
0.630498
0.608645
0.512511
0.506692
0.497892
0.511693
0.503946
0.501756
0.505321
0.540298
0.501866
0.506779
0.53283
0.542022
0.513789
0.527697
0.524305
0.527507
0.567595
0.528663
0.517898
0.512171
0.516585
0.512721
0.510527
0.519949
0.521686
0.511458
0.616284
0.613816
0.518675
0.508077
0.504329
0.493317
0.492869
0.509855
0.516192
0.517319
0.517045
0.544751
0.517468
0.520492
0.520003
0.500635
0.510283
0.509949
0.513524
0.520773
0.514145
0.512545
0.518475
0.508601
0.524879
0.524786
0.546308
0.518718
0.50336
0.536344
0.532235
0.542145
0.509981
0.507511
0.532224
0.496106
0.521946
0.517372
0.521224
0.526391
0.528317
0.52902
0.52583
0.58163
0.543442
0.522932
0.514451
0.519486
0.602315
0.642792
0.622136
0.521841
0.517496
0.517628
0.50788
0.52198
0.523667
0.522285
0.51316
0.506139
0.517379
0.500915
0.499167
0.5267
0.520442
0.510982
0.529941
0.510232
0.510459
0.508684
0.641383
0.525557
0.529676
0.511086
0.509681
0.507248
0.5066
0.530484
0.504544
0.507477
0.496549
0.525372
0.516599
0.511251
0.513386
0.51194
0.516302
0.510128
0.50246
0.518702
0.513676
0.513805
0.552734
0.518856
0.519725
0.522591
0.502832
0.50812
0.529079
0.524213
0.546225
0.540353
0.541282
0.53741
0.498907
0.521221
0.499577
0.497729
0.505882
0.507302
0.513474
0.516584
0.506222
0.536086
0.531657
0.50957
0.507159
0.508183
0.504958
0.50929
0.513569
0.604105
0.507362
0.595417
0.506039
0.526498
0.524273
0.525358
0.514138
0.512273
0.511588
0.514794
0.539723
0.572065
0.598109
0.527542
0.508427
0.496527
0.503898
0.517222
0.507908
0.503826
0.512457
0.509423
0.518268
0.51853
0.524968
0.506975
0.510143
0.521774
0.515978
0.520588
0.524531
0.668337
0.656323
0.50172
0.541155
0.534236
0.518717
0.542341
0.539859
0.511188
0.50451
0.513801
0.50328
0.504271
0.586472
0.523541
0.522032
0.525191
0.500918
0.520684
0.50653
0.514086
0.511578
0.549428
0.513117
0.531847
0.522287
0.523298
0.524073
0.505142
0.497837
0.512817
0.503886
0.495715
0.515416
0.519159
0.523232
0.540184
0.539792
0.505393
0.52049
0.522297
0.53711
0.553731
0.514857
0.49933
0.499422
0.499876
0.536931
0.53089
0.539504
0.500951
0.511264
0.505206
0.517006
0.537967
0.510214
0.541948
0.51006
0.506076
0.50035
0.543193
0.618319
0.514502
0.52141
0.508596
0.586785
0.561555
0.526244
0.527201
0.525594
0.498207
0.537261
0.523175
0.524401
0.519843
0.50311
0.516809
0.530528
0.510572
0.511677
0.52149
0.497413
0.532061
0.501998
0.504728
0.568543
0.510004
0.574589
0.497097
0.519862
0.497273
0.532144
0.527797
0.514062
0.499133
0.531813
0.496255
0.498467
0.509083
0.51263
0.509497
0.503824
0.529474
0.511043
0.538244
0.515306
0.517645
0.513542
0.526841
0.529969
0.529186
0.556999
0.558448
0.527849
0.51249
0.512572
0.51026
0.510096
0.535704
0.510857
0.520428
0.680538
0.525019
0.527096
0.512417
0.523911
0.519322
0.529722
0.531097
0.499478
0.53181
0.500671
0.517299
0.496727
0.51657
0.515517
0.510709
0.528905
0.520401
0.523024
0.517572
0.517977
0.519749
0.517253
0.539038
0.497455
0.518752
0.498941
0.512468
0.512883
0.511011
0.50991
0.517738
0.52659
0.592517
0.511032
0.509786
0.542457
0.542817
0.601299
0.522096
0.538468
0.515084
0.510657
0.511175
0.548349
0.537516
0.525899
0.516734
0.511195
0.516483
0.50035
0.517984
0.514633
0.511195
0.576279
0.501664
0.513081
0.509862
0.533938
0.509933
0.52014
0.507943
0.566873
0.511771
0.498745
0.51105
0.512993
0.509649
0.611511
0.520266
0.51045
0.552236
0.654473
0.627512
0.516535
0.516947
0.517173
0.504122
0.512824
0.510965
0.513271
0.493064
0.515524
0.506188
0.508521
0.510254
0.52162
0.510358
0.525684
0.515006
0.518904
0.527899
0.513381
0.50892
0.499998
0.49856
0.533621
0.535108
0.533116
0.520194
0.520611
0.526644
0.532878
0.497138
0.495806
0.540323
0.498433
0.520541
0.509064
0.531815
0.525754
0.582335
0.508962
0.498884
0.525398
0.520909
0.51648
0.509463
0.50238
0.533631
0.502454
0.522471
0.53299
0.503867
0.500568
0.509363
0.614104
0.504244
0.508089
0.516774
0.530082
0.521984
0.523311
0.51397
0.4968
0.572191
0.516033
0.523554
0.52227
0.501409
0.509828
0.513654
0.521489
0.526946
0.512175
0.511333
0.525088
0.512552
0.512374
0.535456
0.529695
0.511493
0.517071
0.541117
0.517621
0.512504
0.532738
0.501487
0.504011
0.516412
0.517041
0.501755
0.538363
0.512973
0.536428
0.511577
0.561948
0.568712
0.508058
0.524525
0.528668
0.5007
0.517506
0.552792
0.516363
0.52426
0.515093
0.493809
0.511834
0.668427
0.535404
0.537599
0.510692
0.503859
0.610357
0.513263
0.508526
0.510953
0.514449
0.509412
0.509517
0.522357
0.515054
0.5198
0.504153
0.54304
0.534343
0.52159
0.502741
0.499754
0.503084
0.523674
0.497407
0.500975
0.504382
0.525908
0.516826
0.528875
0.520262
0.520428
0.50746
0.525133
0.526216
0.528477
0.534639
0.527179
0.53986
0.511096
0.536689
0.51161
0.512149
0.515136
0.510131
0.49453
0.507421
0.532657
0.519096
0.528414
0.526482
0.526664
0.503997
0.521954
0.536502
0.509292
0.5301
0.517148
0.524295
0.508939
0.546527
0.5045
0.522287
0.525537
0.519585
0.520581
0.496291
0.589306
0.530104
0.506289
0.501392
0.500412
0.516421
0.544122
0.519001
0.517068
0.496115
0.515414
0.543925
0.524875
0.517904
0.521294
0.543972
0.516451
0.51435
0.510943
0.513725
0.571841
0.570442
0.540761
0.511033
0.522608
0.564879
0.498193
0.498684
0.514247
0.520475
0.501274
0.692271
0.518783
0.524939
0.513854
0.54021
0.511299
0.639481
0.56978
0.507604
0.514696
0.525184
0.574162
0.524253
0.534327
0.52627
0.499433
0.494316
0.532635
0.541576
0.52547
0.497774
0.513274
0.496842
0.497395
0.496582
0.546967
0.513129
0.51199
0.522736
0.537303
0.500743
0.535798
0.533307
0.513268
0.521791
0.540409
0.503987
0.544653
0.499005
0.541387
0.53003
0.513823
0.498708
0.549382
0.516039
0.520709
0.518431
0.557437
0.511895
0.531001
0.497434
0.512395
0.498419
0.547552
0.525024
0.532993
0.70264
0.522645
0.545556
0.542518
0.511136
0.508599
0.496504
0.533855
0.514812
0.508746
0.517711
0.516981
0.518225
0.512763
0.508023
0.513389
0.520417
0.515489
0.520358
0.529671
0.499984
0.50782
0.507716
0.508257
0.506471
0.516895
0.532022
0.51622
0.54155
0.53199
0.511099
0.507684
0.510889
0.506351
0.516652
0.515345
0.503699
0.520441
0.512984
0.527486
0.520977
0.509227
0.511223
0.508977
0.540704
0.514387
0.512336
0.505489
0.513085
0.519896
0.562851
0.576681
0.532146
0.641026
0.512017
0.521438
0.528261
0.525114
0.526702
0.524006
0.515007
0.515197
0.520401
0.515178
0.507015
0.531107
0.53011
0.51633
0.513018
0.513148
0.521275
0.52186
0.518365
0.511129
0.513099
0.512361
0.522123
0.519809
0.512558
0.499241
0.521161
0.511351
0.602996
0.505291
0.534469
0.500143
0.51738
0.526697
0.5132
0.513323
0.517458
0.614218
0.520489
0.511543
0.509589
0.512133
0.51032
0.509358
0.508043
0.506005
0.502567
0.525806
0.528173
0.563682
0.529731
0.541579
0.537086
0.506018
0.51089
0.513403
0.507539
0.517371
0.521979
0.518614
0.510115
0.51743
0.518835
0.515494
0.515326
0.506925
0.52084
0.513644
0.526243
0.530849
0.530439
0.527893
0.614019
0.506519
0.502747
0.513945
0.514444
0.510797
0.569019
0.575797
0.505319
0.523394
0.522327
0.558832
0.519078
0.514744
0.54024
0.542271
0.511717
0.510331
0.523778
0.513313
0.522788
0.517071
0.508597
0.556045
0.503454
0.51441
0.530305
0.539876
0.514545
0.509515
0.554151
0.546789
0.540293
0.521347
0.513851
0.512603
0.520784
0.508794
0.506134
0.54018
0.5329
0.515159
0.531316
0.534442
0.519913
0.515839
0.514143
0.516789
0.513532
0.519266
0.512818
0.525543
0.522239
0.521395
0.51645
0.603296
0.597123
0.704394
0.511529
0.547289
0.600546
0.519596
0.505246
0.511563
0.512991
0.518112
0.496253
0.513598
0.521574
0.513715
0.518391
0.516687
0.542074
0.510122
0.506946
0.518941
0.517038
0.510763
0.510319
0.513823
0.513503
0.538833
0.517558
0.517928
0.51003
0.558493
0.525601
0.50549
0.517742
0.526319
0.512508
0.503053
0.507214
0.509939
0.51224
0.500321
0.527471
0.522749
0.500947
0.51297
0.510735
0.554917
0.51003
0.531834
0.51414
0.512668
0.505794
0.51107
0.513249
0.530784
0.523283
0.510695
0.519136
0.508987
0.509123
0.510245
0.519714
0.509703
0.516676
0.525662
0.687213
0.64716
0.51307
0.518653
0.517753
0.516429
0.517908
0.511948
0.510969
0.515178
0.509353
0.519045
0.527079
0.537891
0.508155
0.512496
0.597197
0.506379
0.515595
0.508059
0.512178
0.506336
0.557903
0.533176
0.500587
0.558521
0.52749
0.508684
0.512605
0.514875
0.514786
0.497279
0.505168
0.518112
0.518829
0.52456
0.511935
0.510599
0.509718
0.511402
0.51889
0.530369
0.524154
0.549401
0.511019
0.627591
0.513035
0.514669
0.519792
0.513577
0.511882
0.55593
0.519926
0.578798
0.606659
0.582703
0.534668
0.508368
0.519101
0.527877
0.508444
0.51113
0.524801
0.524555
0.524539
0.520832
0.502906
0.621358
0.511266
0.513863
0.511917
0.528564
0.555692
0.511037
0.513597
0.535813
0.675153
0.548194
0.518711
0.514555
0.518731
0.515443
0.521885
0.513919
0.509851
0.516449
0.536454
0.513651
0.59134
0.513546
0.512805
0.513526
0.517418
0.555832
0.525922
0.576678
0.498437
0.517054
0.546898
0.514896
0.513821
0.538106
0.512166
0.50756
0.51997
0.531594
0.507547
0.512221
0.608997
0.521765
0.530922
0.523486
0.515434
0.672883
0.519072
0.529952
0.509003
0.512777
0.51855
0.514848
0.507059
0.516079
0.514194
0.526537
0.507856
0.508893
0.643108
0.507038
0.524154
0.507803
0.610414
0.524978
0.530538
0.511996
0.530673
0.514701
0.508924
0.529189
0.53196
0.531838
0.530596
0.505212
0.546846
0.557233
0.522558
0.510605
0.505238
0.521345
0.513351
0.50931
0.511488
0.505269
0.515003
0.517078
0.50785
0.511393
0.525461
0.502244
0.521228
0.499556
0.530499
0.518071
0.511516
0.518081
0.529464
0.511741
0.506932
0.529756
0.512385
0.514077
0.502714
0.51366
0.50361
0.529025
0.549882
0.518887
0.511356
0.508702
0.510433
0.69641
0.51705
0.50918
0.525994
0.518201
0.51189
0.502555
0.511275
0.518602
0.594387
0.511718
0.525694
0.523261
0.513933
0.552244
0.516387
0.517149
0.566625
0.51421
0.62138
0.544554
0.516584
0.518639
0.522295
0.530162
0.598566
0.527285
0.52401
0.52108
0.567199
0.51928
0.549157
0.498024
0.555235
0.509826
0.529454
0.500933
0.653756
0.512539
0.542164
0.625049
0.512372
0.507337
0.507141
0.514282
0.517712
0.49744
0.509513
0.500495
0.523957
0.516809
0.509357
0.512248
0.539995
0.513536
0.507226
0.507016
0.515793
0.510796
0.532685
0.522318
0.530156
0.579212
0.511393
0.503703
0.505842
0.515876
0.50187
0.559044
0.503259
0.518765
0.515797
0.515559
0.51329
0.506301
0.510784
0.516228
0.565754
0.605353
0.498804
0.513112
0.518712
0.5152
0.51295
0.511412
0.506242
0.512144
0.513622
0.513237
0.516837
0.527579
0.519809
0.50782
0.54584
0.512583
0.512404
0.515767
0.508086
0.502406
0.507118
0.522546
0.511358
0.527222
0.525267
0.510014
0.561914
0.511306
0.508986
0.518945
0.507402
0.525489
0.56497
0.51557
0.511915
0.533828
0.509598
0.506119
0.516674
0.508413
0.509913
0.509845
0.50992
0.514198
0.522635
0.510776
0.528537
0.542858
0.517948
0.557752
0.508518
0.511967
0.505065
0.502322
0.504534
0.504211
0.57745
0.510242
0.514209
0.505179
0.61419
0.513007
0.557653
0.563541
0.53119
0.513231
0.528985
0.51297
0.511992
0.52535
0.515657
0.513322
0.504077
0.502089
0.5046
0.57057
0.505017
0.50987
0.531444
0.512239
0.502282
0.51791
0.500461
