0.514604
0.494985
0.499237
0.498555
0.548622
0.501015
0.505275
0.526014
0.523207
0.52974
0.510349
0.510495
0.510457
0.514838
0.510281
0.51525
0.514912
0.514828
0.497051
0.507945
0.640745
0.654978
0.515312
0.524402
0.497473
0.49932
0.502227
0.523173
0.522769
0.576956
0.524425
0.522371
0.523796
0.572309
0.508217
0.505776
0.503322
0.506156
0.541959
0.534926
0.512747
0.505761
0.538976
0.53273
0.506448
0.533366
0.528727
0.503505
0.517911
0.521148
0.597014
0.521191
0.511074
0.498149
0.51844
0.519616
0.518375
0.524573
0.539414
0.607508
0.584136
0.514969
0.514049
0.523843
0.522128
0.669885
0.620536
0.524361
0.527266
0.536982
0.540247
0.541966
0.512382
0.509891
0.512504
0.523929
0.521306
0.521852
0.523342
0.520645
0.518667
0.508885
0.502934
0.514454
0.514778
0.500857
0.502438
0.507794
0.504615
0.543468
0.546656
0.549062
0.512367
0.514318
0.505669
0.510612
0.506936
0.629734
0.501488
0.505539
0.510048
0.505558
0.50114
0.501171
0.515593
0.533188
0.509772
0.503501
0.504956
0.511586
0.50489
0.555446
0.548235
0.557481
0.562032
0.5632
0.513106
0.508161
0.50211
0.523678
0.541986
0.542514
0.50759
0.514788
0.511232
0.581763
0.517736
0.518939
0.512023
0.525148
0.520534
0.519206
0.520258
0.535939
0.540279
0.512064
0.521375
0.532905
0.525267
0.525548
0.571676
0.515184
0.515506
0.510018
0.510835
0.554602
0.5056
0.510955
0.59609
0.605627
0.600457
0.586293
0.582178
0.531236
0.532578
0.532059
0.514088
0.510918
0.518223
0.534197
0.594282
0.63503
0.497522
0.523907
0.512183
0.511237
0.514898
0.521212
0.518288
0.525933
0.51239
0.510801
0.511688
0.512796
0.518103
0.542436
0.540943
0.529727
0.515492
0.515057
0.511373
0.513862
0.530077
0.619858
0.509529
0.506439
0.506415
0.528091
0.530301
0.505476
0.584421
0.633747
0.521074
0.510327
0.514336
0.514817
0.518739
0.518042
0.514211
0.518309
0.50812
0.537355
0.532252
0.527006
0.526173
0.527337
0.51753
0.510323
0.519632
0.519969
0.496133
0.521549
0.52076
0.519658
0.52613
0.522319
0.521724
0.521023
0.532489
0.528845
0.538981
0.54235
0.536506
0.505709
0.494757
0.584383
0.528352
0.527543
0.525493
0.512306
0.508572
0.538167
0.543815
0.541151
0.544448
0.519389
0.521243
0.51645
0.51949
0.518809
0.529684
0.525116
0.504452
0.510631
0.540431
0.54733
0.509961
0.51661
0.613316
0.500587
0.527775
0.527625
0.530204
0.498812
0.51548
0.515319
0.51402
0.51995
0.516191
0.522677
0.522098
0.524925
0.543853
0.541682
0.539109
0.543398
0.546363
0.523138
0.508684
0.506598
0.502279
0.525131
0.523001
0.521845
0.542663
0.520829
0.530135
0.514195
0.505814
0.616039
0.594365
0.532713
0.52756
0.533662
0.60245
0.507584
0.526821
0.523711
0.515722
0.50992
0.513424
0.511941
0.519522
0.523009
0.51076
0.506094
0.508824
0.532523
0.544056
0.499191
0.511433
0.511486
0.514523
0.519497
0.577299
0.570459
0.532343
0.541777
0.525882
0.51546
0.50895
0.504914
0.50057
0.505956
0.51492
0.555758
0.558592
0.558845
0.502302
0.518239
0.621502
0.524211
0.4977
0.528358
0.513993
0.619375
0.583194
0.521241
0.552722
0.515347
0.506795
0.508853
0.534913
0.528754
0.521154
0.531301
0.509284
0.523135
0.519194
0.531708
0.528352
0.511952
0.638319
0.515935
0.512784
0.513568
0.525952
0.530246
0.519528
0.514108
0.592828
0.601255
0.500553
0.505021
0.508655
0.518656
0.53906
0.540105
0.648391
0.6502
0.524968
0.524974
0.522019
0.519469
0.537789
0.519509
0.519231
0.512999
0.511619
0.512479
0.504898
0.529536
0.51394
0.51459
0.513066
0.505091
0.522841
0.521033
0.518874
0.501255
0.538717
0.522842
0.524044
0.524713
0.522929
0.53252
0.52739
0.527126
0.520452
0.518465
0.518255
0.508751
0.497459
0.499932
0.490661
0.497716
0.517424
0.510089
0.510371
0.524479
0.508487
0.505103
0.528209
0.513974
0.518158
0.512011
0.513015
0.518216
0.51827
0.519294
0.502077
0.511366
0.515167
0.513337
0.511762
0.506264
0.532924
0.523385
0.5224
0.525142
0.520126
0.508963
0.518453
0.532339
0.533729
0.521889
0.527477
0.507994
0.506868
0.52304
0.514868
0.51174
0.510022
0.51854
0.506933
0.509679
0.517456
0.523127
0.527151
0.529077
0.525325
0.525821
0.521677
0.520546
0.517267
0.504984
0.50437
0.503025
0.519011
0.520934
0.52636
0.529562
0.519026
0.520145
0.516525
0.517245
0.49557
0.496881
0.496327
0.530777
0.5279
0.496945
0.504399
0.503035
0.516423
0.515125
0.518947
0.500284
0.5069
0.508362
0.509589
0.518223
0.517003
0.513755
0.511684
0.509876
0.694771
0.645797
0.653171
0.605788
0.535553
0.517703
0.520241
0.505683
0.523891
0.521686
0.524909
0.526294
0.504788
0.500978
0.53387
0.528641
0.502248
0.55686
0.554157
0.495167
0.492085
0.527488
0.527408
0.53081
0.515818
0.512698
0.512366
0.572605
0.56177
0.57812
0.517812
0.533089
0.528903
0.539752
0.536395
0.519751
0.521187
0.627518
0.599338
0.631308
0.527392
0.50067
0.506925
0.525067
0.511064
0.493522
0.498537
0.53979
0.528724
0.523477
0.522058
0.521412
0.508354
0.508217
0.517093
0.520813
0.519093
0.51174
0.515971
0.559016
0.502516
0.508431
0.513968
0.51398
0.51981
0.523917
0.528728
0.528187
0.610016
0.522313
0.524668
0.642095
0.678234
0.524315
0.521031
0.521124
0.540809
0.544609
0.510526
0.514019
0.512037
0.513652
0.514879
0.50675
0.511797
0.502541
0.4975
0.581353
0.568363
0.661885
0.508642
0.516582
0.520519
0.660561
0.529458
0.525527
0.528854
0.528888
0.507534
0.522996
0.522748
0.527844
0.512798
0.514521
0.516767
0.51248
0.511297
0.517618
0.513852
0.514515
0.514505
0.514953
0.500316
0.516819
0.515584
0.502947
0.515718
0.495173
0.49838
0.508833
0.514543
0.502964
0.504228
0.511443
0.503358
0.51087
0.506047
0.509948
0.509498
0.526749
0.517684
0.510763
0.524495
0.521474
0.516945
0.52045
0.502044
0.524369
0.521682
0.531464
0.500776
0.513488
0.528002
0.524971
0.499031
0.513369
0.505196
0.547798
0.5012
0.5069
0.549379
0.507756
0.574516
0.518333
0.533987
0.529588
0.528101
0.522941
0.647686
0.689448
0.660409
0.520802
0.520564
0.510867
0.498511
0.513886
0.510231
0.510766
0.527073
0.511229
0.511687
0.522966
0.602001
0.546516
0.516528
0.531638
0.514562
0.517361
0.515743
0.516161
0.525535
0.513825
0.643506
0.684888
0.505158
0.684576
0.524599
0.52703
0.521219
0.500446
0.514691
0.591035
0.592583
0.581796
0.586755
0.509894
0.50424
0.492049
0.515783
0.511237
0.511029
0.513241
0.516
0.531812
0.523324
0.510288
0.507304
0.519787
0.525094
0.527743
0.522447
0.535514
0.534829
0.525357
0.506999
0.504201
0.597064
0.603344
0.51476
0.527694
0.513752
0.504414
0.516621
0.513726
0.507475
0.507814
0.510398
0.511811
0.51094
0.518886
0.513241
0.51631
0.51216
0.523977
0.554657
0.516089
0.513694
0.502153
0.543263
0.502047
0.529784
0.532745
0.496223
0.660805
0.513872
0.517042
0.525781
0.521545
0.497436
0.498535
0.502385
0.605148
0.513189
0.513304
0.511273
0.498413
0.518599
0.51245
0.502548
0.503787
0.508539
0.510203
0.51156
0.511276
0.529277
0.531654
0.524308
0.524967
0.525617
0.510196
0.520465
0.509744
0.511245
0.509366
0.524985
0.52905
0.522906
0.552844
0.560652
0.520425
0.519314
0.519301
0.519974
0.530089
0.528273
0.500675
0.513598
0.553045
0.507392
0.508506
0.508882
0.512657
0.518583
0.501114
0.502753
0.544108
0.527082
0.525847
0.524865
0.502523
0.505413
0.516337
0.509158
0.511288
0.513912
0.522375
0.595396
0.591944
0.607726
0.602524
0.528313
0.501639
0.51294
0.530772
0.514446
0.493168
0.534234
0.509394
0.514083
0.520842
0.50799
0.505043
0.517038
0.52026
0.511536
0.511905
0.51327
0.524361
0.523355
0.577323
0.506418
0.517728
0.534097
0.523594
0.520752
0.518451
0.521579
0.527922
0.554175
0.550212
0.501988
0.574827
0.566472
0.568742
0.517476
0.509458
0.516167
0.53334
0.509207
0.521694
0.606005
0.597482
0.521008
0.529116
0.513069
0.515435
0.530337
0.533305
0.527236
0.528863
0.520559
0.520403
0.524083
0.51567
0.510782
0.513963
0.512952
0.522716
0.50833
0.508074
0.518161
0.516037
0.521306
0.516512
0.521122
0.531381
0.502936
0.520525
0.654056
0.622863
0.513402
0.508726
0.511763
0.524742
0.519605
0.522077
0.513463
0.503714
0.521585
0.521597
0.541433
0.514707
0.514412
0.513125
0.502501
0.500746
0.519179
0.546508
0.523006
0.518118
0.500406
0.500552
0.507991
0.505809
0.519744
0.523235
0.505494
0.503465
0.508607
0.507739
0.525581
0.52572
0.522273
0.500858
0.529714
0.507535
0.536493
0.533142
0.527751
0.529549
0.505411
0.510866
0.530393
0.527559
0.523109
0.524548
0.538861
0.51238
0.569944
0.503386
0.51004
0.517282
0.518579
0.509685
0.517841
0.521502
0.516386
0.516127
0.494253
0.529994
0.510838
0.514225
0.501738
0.500662
0.502677
0.500768
0.528598
0.52454
0.528095
0.522673
0.5213
0.533001
0.644533
0.528834
0.514892
0.521143
0.548043
0.549929
0.511431
0.510268
0.499993
0.52187
0.509012
0.570567
0.51876
0.525697
0.519824
0.524912
0.512608
0.521041
0.505966
0.52612
0.522679
0.516289
0.530467
0.514573
0.522425
0.514928
0.506302
0.512979
0.537783
0.52443
0.503899
0.499456
0.532143
0.542456
0.634132
0.531973
0.512343
0.514874
0.514204
0.519491
0.517422
0.532761
0.5188
0.511085
0.503516
0.515371
0.51681
0.51776
0.515863
0.514168
0.523464
0.520271
0.520991
0.514402
0.512886
0.50162
0.511577
0.557058
0.564361
0.514551
0.511644
0.514496
0.524569
0.508597
0.518321
0.496266
0.514642
0.513988
0.51198
0.503802
0.61096
0.503695
0.518237
0.517038
0.515179
0.514569
0.514994
0.52389
0.531952
0.497527
0.507554
0.521042
0.518742
0.686642
0.510175
0.515088
0.547687
0.522473
0.539522
0.523674
0.503139
0.515263
0.517573
0.516789
0.543317
0.538918
0.536302
0.529165
0.501901
0.504003
0.558769
0.512663
0.521986
0.522319
0.517955
0.499984
0.655647
0.6476
0.587506
0.530276
0.520936
0.524208
0.508767
0.532152
0.595302
0.514411
0.529311
0.525257
0.527314
0.511724
0.5068
0.535558
0.508953
0.523435
0.517784
0.516691
0.514344
0.497105
0.495838
0.591394
0.505736
0.523005
0.527481
0.499948
0.517891
0.535377
0.536154
0.509694
0.507379
0.513189
0.511389
0.499896
0.532589
0.531502
0.526005
0.507201
0.524782
0.508859
0.494106
0.507982
0.536852
0.497332
0.521273
0.532006
0.51444
0.512818
0.494221
0.515365
0.511988
0.512369
0.516856
0.636099
0.644581
0.515781
0.518817
0.500862
0.496191
0.502639
0.513543
0.509938
0.503843
0.49702
0.503388
0.515963
0.526942
0.517473
0.506024
0.504021
0.525231
0.524264
0.502458
0.509043
0.506327
0.501721
0.506288
0.578688
0.520453
0.520012
0.51397
0.527714
0.508695
0.516962
0.503233
0.507398
0.512498
0.493254
0.503953
0.512677
0.495944
0.502204
0.519138
0.524277
0.501659
0.513934
0.499014
0.525392
0.52342
0.517528
0.60984
0.531405
0.509268
0.516282
0.566317
0.514242
0.514877
0.512879
0.510716
0.503109
0.51261
0.506553
0.543011
0.517337
0.515968
0.494919
0.501146
0.511761
0.499919
0.52108
0.512401
0.527278
0.564319
0.564861
0.497112
0.530417
0.512223
0.509682
0.512124
0.508729
0.513191
0.533881
0.51327
0.509649
0.521876
0.535082
0.528303
0.510619
0.531371
0.517282
0.516946
0.535589
0.51787
0.627748
0.51784
0.501909
0.520943
0.496738
0.52088
0.521779
0.518073
0.519085
0.517017
0.499391
0.519821
0.526375
0.524649
0.562426
0.497633
0.536188
0.534668
0.521446
0.526143
0.500653
0.5613
0.5607
0.50625
0.51258
0.518712
0.494544
0.536084
0.500144
0.522095
0.502955
0.512902
0.538437
0.507398
0.503505
0.549294
0.512194
0.51031
0.511533
0.509487
0.526317
0.500093
0.532331
0.537847
0.508463
0.510992
0.513629
0.516813
0.518987
0.583183
0.508205
0.514268
0.509007
0.513251
0.519562
0.515898
0.498249
0.525742
0.494965
0.513037
0.512866
0.492537
0.517712
0.516494
0.51416
0.495707
0.517768
0.503032
0.498323
0.50509
0.527303
0.533828
0.536185
0.531853
0.517286
0.499929
0.535279
0.524982
0.516089
0.539896
0.512935
0.51536
0.516604
0.506404
0.512532
0.511882
0.526997
0.524777
0.521392
0.514875
0.513382
0.629492
0.510788
0.513907
0.542965
0.513691
0.505589
0.537906
0.536967
0.636603
0.515439
0.522731
0.495156
0.513746
0.518391
0.524665
0.500357
0.51416
0.516768
0.634234
0.505228
0.513746
0.515129
0.514413
0.520801
0.521638
0.53091
0.530139
0.508313
0.51808
0.49942
0.496955
0.682197
0.49585
0.523671
0.539856
0.517262
0.513726
0.528926
0.500646
0.507102
0.510167
0.508877
0.499292
0.525657
0.524446
0.507621
0.523925
0.546622
0.511478
0.497096
0.512935
0.520986
0.511775
0.52246
0.521254
0.516154
0.515808
0.532743
0.549804
0.504657
0.503496
0.541588
0.526055
0.525494
0.513344
0.498062
0.508082
0.511058
0.517603
0.532241
0.526648
0.518678
0.517435
0.501008
0.532845
0.496865
0.500376
0.526818
0.500391
0.568887
0.497273
0.523169
0.51115
0.538557
0.498325
0.507537
0.497901
0.514902
0.541214
0.542743
0.557187
0.532786
0.531193
0.524674
0.525325
0.531055
0.537957
0.540892
0.512321
0.520662
0.52535
0.514063
0.49805
0.501995
0.504399
0.496923
0.518757
0.522117
0.493871
0.508637
0.528127
0.497692
0.497555
0.496442
0.511946
0.501416
0.513061
0.535296
0.506315
0.500163
0.498981
0.514438
0.500015
0.512709
0.515755
0.503163
0.509019
0.509922
0.512179
0.538089
0.515145
0.513992
0.527212
0.536465
0.56707
0.611475
0.554646
0.523145
0.52168
0.556064
0.530241
0.494546
0.514974
0.491405
0.498274
0.520715
0.561015
0.496582
0.525271
0.527074
0.527348
0.514973
0.494212
0.555839
0.51962
0.517395
0.525803
0.494817
0.517123
0.511064
0.601202
0.519659
0.520836
0.514122
0.534699
0.496641
0.663146
0.636833
0.511157
0.639178
0.513665
0.563718
0.506437
0.516874
0.51443
0.51616
0.507581
0.507818
0.529562
0.527055
0.512544
0.530013
0.493933
0.582538
0.517003
0.529512
0.511304
0.496388
0.527311
0.520865
0.542733
0.523051
0.543295
0.645819
0.541599
0.533444
0.525275
0.536315
0.499422
0.526599
0.54119
0.502751
0.534089
0.541847
0.499457
0.500986
0.532661
0.552442
0.517383
0.515014
0.521341
0.54059
0.508035
0.511822
0.510918
0.505143
0.534968
0.559485
0.515076
0.514219
0.517959
0.706966
0.621649
0.542025
0.523766
0.524495
0.528763
0.508997
0.537623
0.526595
0.536892
0.52657
0.53786
0.516042
0.534167
0.500825
0.523648
0.528117
0.55507
0.522816
0.514007
0.525773
0.525034
0.518047
0.522075
0.512659
0.511811
0.519721
0.521513
0.49986
0.513758
0.545987
0.512743
0.514479
0.515445
0.557225
0.605827
0.505414
0.518292
0.534751
0.520525
0.509628
0.507775
0.533675
0.508526
0.512604
0.514642
0.514968
0.577858
0.535295
0.514902
0.51299
0.522952
0.525121
0.605494
0.520939
0.513931
0.512083
0.522938
0.522554
0.512849
0.529273
0.515804
0.514336
0.513179
0.513716
0.526189
0.515794
0.515672
0.522505
0.51835
0.515684
0.669496
0.51217
0.515336
0.514558
0.565115
0.527157
0.587379
0.576526
0.509019
0.519241
0.512408
0.548614
0.514114
0.513794
0.522466
0.508682
0.518027
0.524209
0.508729
0.50636
0.5136
0.528297
0.531516
0.542738
0.510754
0.512775
0.518521
0.519851
0.515282
0.509962
0.526002
0.509654
0.518413
0.55248
0.509382
0.515923
0.615872
0.557685
0.517412
0.525545
0.58946
0.526769
0.525778
0.523174
0.587399
0.572411
0.517154
0.514508
0.51399
0.569716
0.587914
0.517824
0.514044
0.533672
0.514024
0.543572
0.53735
0.50853
0.522707
0.514081
0.511526
0.51362
0.593231
0.513425
0.511496
0.504012
0.511126
0.505759
0.527675
0.512888
0.514374
0.507539
0.524983
0.524188
0.526995
0.523629
0.513754
0.516956
0.603277
0.623217
0.51186
0.514687
0.51363
0.517374
0.521392
0.520748
0.513179
0.510221
0.515671
0.512599
0.508442
0.513516
0.510862
0.514769
0.53307
0.523378
0.675623
0.499944
0.53043
0.523691
0.529591
0.539821
0.534181
0.525227
0.527631
0.510057
0.518808
0.515348
0.504548
0.508262
0.515001
0.52695
0.519432
0.523827
0.527652
0.513483
0.540962
0.538353
0.509615
0.530639
0.534153
0.513661
0.513898
0.519252
0.503908
0.523509
0.518984
0.505224
0.523982
0.512408
0.673537
0.514887
0.504421
0.532096
0.516897
0.53011
0.515219
0.511001
0.506607
0.512532
0.528663
0.514858
0.514192
0.653355
0.521371
0.576502
0.510439
0.518581
0.508758
0.62261
0.524497
0.5246
0.512242
0.512286
0.525214
0.52338
0.52379
0.519226
0.510618
0.505809
0.512748
0.514688
0.501807
0.523741
0.52059
0.522457
0.513115
0.548635
0.566952
0.503029
0.505157
0.624165
0.512422
0.524984
0.517784
0.512395
0.512508
0.506285
0.523088
0.526124
0.516598
0.516482
0.512455
0.50944
0.530613
0.608803
0.512838
0.513407
0.513651
0.514444
0.518817
0.511523
0.519596
0.515047
0.515268
0.522099
0.512223
0.5126
0.513318
0.529107
0.517137
0.529568
0.526268
0.509553
0.51485
0.569976
0.518282
0.516412
0.522577
0.522949
0.518036
0.524261
0.525651
0.503349
0.526033
0.624412
0.5182
0.513724
0.541749
0.525748
0.517192
0.518548
0.508952
0.52047
0.514253
0.511413
0.507499
0.51888
0.577441
0.516635
0.522719
0.598636
0.522004
0.558269
0.511912
0.525664
0.516288
0.511785
0.514598
0.517096
0.513943
0.513253
0.514939
0.510496
0.51708
0.515727
0.509819
0.522937
0.510119
0.502583
0.514599
0.512798
0.556829
0.515235
0.569284
0.560431
0.574763
0.508775
0.513741
0.520544
0.515607
0.521284
0.524161
0.506311
0.513375
0.523847
0.509761
0.510959
0.550133
0.513023
0.506637
0.501968
0.611747
0.519402
0.52451
0.522061
0.545067
0.509364
0.510407
0.521174
0.516484
0.512697
0.511253
0.511666
0.508587
0.549581
0.512945
0.508223
0.508411
0.513923
0.512026
0.541458
0.538632
0.514917
0.515885
0.514887
0.519936
0.520419
0.512899
0.512865
0.538999
0.523125
0.514615
0.520472
0.516527
0.516519
0.515965
0.510416
0.514202
0.521765
0.517957
0.530253
0.529898
0.540309
0.529998
0.521843
0.52082
0.514793
0.525509
0.515083
0.607184
0.510702
0.59638
0.501734
0.518202
0.522878
0.515513
0.539209
0.550556
0.517895
0.51055
0.590147
0.506083
0.511066
0.51378
0.516033
0.510836
0.506703
0.519065
0.515931
0.506601
0.510759
0.528118
0.513047
0.513018
0.505886
0.531386
0.533372
0.514514
0.515479
0.593043
0.507227
0.506589
0.528344
0.526629
0.535451
0.524626
0.531299
0.51417
0.531055
0.515151
0.510959
0.521832
0.673486
0.534983
0.524865
0.527597
0.568436
0.527406
0.596564
0.524611
0.514445
0.519071
0.513838
0.531495
0.506022
0.526526
0.515262
0.526673
0.533469
0.508184
0.577043
0.507048
0.519735
0.530412
0.520968
0.524543
0.507324
0.512959
0.567505
0.523928
0.515904
0.512506
0.521541
0.517652
0.507961
0.506274
0.521662
0.519662
0.507675
0.509843
0.631028
0.519064
0.50672
0.51844
0.673495
0.512835
0.520364
0.51509
0.523541
0.633041
0.540687
0.520546
0.516183
0.531322
0.524091
0.513479
0.620401
0.515758
0.513799
0.514283
0.506109
0.52664
0.512105
0.512666
0.507838
0.506331
0.509845
0.531143
0.512294
0.518165
0.532596
0.51955
0.508631
0.553027
0.506176
0.510124
0.500068
0.532828
0.498924
0.529515
0.538044
0.505656
0.594453
0.524337
0.517424
0.517142
0.518029
0.514815
0.519995
0.590058
0.55242
0.503574
0.551037
0.517064
0.537696
0.521819
0.518623
0.515565
0.605994
0.502893
0.510695
0.511182
0.638852
0.509328
0.510584
0.512908
0.510909
0.517687
0.519603
0.651992
0.51121
0.524165
0.522996
0.549837
0.534122
0.575626
0.550384
0.518716
0.515016
0.519399
0.516587
0.538415
0.517964
0.510995
0.528668
0.554399
0.599273
0.516422
0.508286
0.505569
0.585308
0.527816
0.522063
0.53251
0.519187
0.501965
0.526712
0.510587
0.520962
0.526866
0.517581
0.500155
0.503645
0.505388
0.504422
0.561771
0.505194
0.511807
0.508779
0.503839
0.511789
0.515735
0.525618
0.528614
0.519169
0.504539
0.618679
0.510698
0.522117
0.511725
0.523187
0.516973
0.512919
0.521689
0.513721
0.512852
0.524504
0.510798
0.524313
0.508267
0.517797
0.525761
0.517503
0.514141
0.51502
0.540064
0.516105
0.531823
0.534249
0.536512
0.532681
0.519783
0.512874
0.510976
0.511601
0.519019
0.499345
0.540247
0.526046
0.532371
0.507864
0.514342
0.513932
0.510558
0.498129
0.513359
0.513744
0.513877
0.508084
0.499958
0.521802
0.513135
0.522856
0.517532
0.513056
0.513142
0.516568
0.514165
0.49944
0.506952
0.52014
0.532652
0.507524
0.518202
