0.511518
0.531414
0.52631
0.497087
0.499035
0.553601
0.553312
0.505887
0.508609
0.521243
0.525857
0.522839
0.521854
0.523703
0.511043
0.511059
0.512782
0.521705
0.516626
0.516729
0.511984
0.524442
0.525194
0.523893
0.501298
0.50294
0.628564
0.672463
0.51386
0.504507
0.520345
0.527417
0.56373
0.551309
0.510574
0.511562
0.508777
0.540531
0.534004
0.513104
0.535052
0.71368
0.508989
0.510157
0.514108
0.520056
0.574301
0.573184
0.500911
0.517821
0.519604
0.516344
0.527817
0.541471
0.53445
0.597661
0.512618
0.50966
0.51357
0.527325
0.528438
0.536592
0.539246
0.541738
0.512129
0.516351
0.512076
0.510217
0.522985
0.51831
0.523234
0.519197
0.516798
0.503488
0.50403
0.506315
0.51468
0.508829
0.5096
0.498336
0.525746
0.506746
0.543631
0.545572
0.549394
0.514319
0.51315
0.505022
0.507339
0.50661
0.510035
0.507405
0.50449
0.51057
0.507834
0.50442
0.501926
0.495595
0.533076
0.524033
0.503452
0.501395
0.552346
0.551254
0.544934
0.553397
0.513448
0.508215
0.502613
0.549044
0.506071
0.512907
0.640855
0.517378
0.511451
0.537642
0.532177
0.525118
0.529631
0.52607
0.531481
0.525666
0.574333
0.590518
0.573973
0.520905
0.507319
0.509681
0.514273
0.514644
0.511636
0.557416
0.568209
0.508581
0.507118
0.588249
0.586142
0.586864
0.506544
0.62714
0.674246
0.531264
0.530185
0.513882
0.514865
0.511117
0.509675
0.65228
0.634727
0.649085
0.494008
0.716536
0.67728
0.524894
0.526611
0.517554
0.528419
0.520216
0.521782
0.513244
0.52258
0.510179
0.512151
0.51175
0.521036
0.545175
0.543447
0.534786
0.524283
0.52103
0.501543
0.497221
0.510961
0.635472
0.595927
0.504692
0.499068
0.510335
0.517509
0.517151
0.516735
0.53087
0.52734
0.505844
0.501144
0.516986
0.518682
0.618924
0.515251
0.607808
0.668314
0.515804
0.514016
0.510222
0.520522
0.510274
0.509626
0.512967
0.525693
0.519065
0.520408
0.521357
0.541227
0.53491
0.536259
0.522214
0.515788
0.517652
0.520924
0.521532
0.521262
0.509934
0.508612
0.5132
0.52746
0.495802
0.526248
0.526085
0.52442
0.505474
0.517909
0.499581
0.506162
0.544132
0.544808
0.518099
0.515481
0.517689
0.619694
0.512697
0.516703
0.525453
0.497762
0.508065
0.508254
0.510364
0.526334
0.63799
0.496439
0.497202
0.505514
0.511077
0.5292
0.526004
0.492596
0.497208
0.516944
0.517183
0.513089
0.511757
0.516892
0.516508
0.52178
0.507817
0.522709
0.515545
0.517215
0.523844
0.538016
0.537275
0.546451
0.537847
0.541626
0.5248
0.533694
0.495791
0.509994
0.506086
0.526195
0.52651
0.527754
0.52416
0.536268
0.508785
0.506021
0.506179
0.506998
0.629885
0.529342
0.529317
0.522295
0.520671
0.529791
0.510405
0.506541
0.512781
0.53397
0.528455
0.663537
0.520056
0.524848
0.51866
0.51052
0.518892
0.523377
0.511404
0.509671
0.507612
0.536378
0.534841
0.544932
0.511967
0.509506
0.509719
0.513578
0.510942
0.500588
0.502803
0.524172
0.503761
0.500948
0.508405
0.57536
0.552798
0.494369
0.524655
0.525847
0.52285
0.599614
0.524371
0.527767
0.504785
0.620873
0.563047
0.553701
0.512705
0.515191
0.506069
0.533672
0.530481
0.532421
0.521388
0.526175
0.517044
0.527412
0.6407
0.525047
0.517714
0.517642
0.51609
0.532175
0.531833
0.531386
0.528987
0.526184
0.511878
0.526634
0.524659
0.535266
0.517877
0.517323
0.513915
0.692758
0.503749
0.508225
0.512566
0.507946
0.516714
0.529577
0.538257
0.539246
0.520696
0.51751
0.520071
0.516506
0.516246
0.5173
0.515529
0.591396
0.618043
0.51169
0.540068
0.513166
0.510319
0.51194
0.504846
0.535855
0.515644
0.515271
0.520683
0.521074
0.519639
0.514922
0.497294
0.501099
0.49887
0.522801
0.540672
0.515246
0.520686
0.533791
0.533278
0.514562
0.520302
0.502397
0.514222
0.512236
0.509318
0.509813
0.52196
0.533648
0.499636
0.503716
0.510014
0.508314
0.516217
0.510892
0.511578
0.510847
0.509698
0.510652
0.523825
0.513526
0.513018
0.507261
0.530975
0.521906
0.514519
0.512685
0.515812
0.508369
0.507413
0.508128
0.508256
0.509133
0.510294
0.52044
0.527861
0.523039
0.515158
0.499564
0.508387
0.498693
0.500297
0.515824
0.519725
0.52416
0.527645
0.509119
0.517332
0.50354
0.506956
0.50667
0.520369
0.52472
0.529535
0.530598
0.534976
0.518775
0.517935
0.520216
0.517562
0.519369
0.498055
0.498984
0.531816
0.530422
0.527725
0.527676
0.515205
0.507858
0.500012
0.515233
0.502079
0.509077
0.511414
0.510775
0.514535
0.516758
0.512875
0.507529
0.512616
0.602105
0.631112
0.556065
0.662137
0.522872
0.5214
0.522698
0.50589
0.506414
0.523124
0.524324
0.508723
0.499349
0.51759
0.499009
0.532302
0.502616
0.551827
0.551143
0.497127
0.530632
0.514852
0.579108
0.586932
0.588285
0.71118
0.513243
0.514681
0.577684
0.594289
0.560014
0.531488
0.524104
0.518737
0.519316
0.529629
0.643826
0.662433
0.641837
0.529969
0.500363
0.507226
0.526975
0.52042
0.511445
0.491451
0.501487
0.526195
0.527477
0.541045
0.534188
0.520298
0.519293
0.518942
0.506688
0.51449
0.51706
0.540922
0.535965
0.517159
0.517582
0.543603
0.562806
0.584581
0.508987
0.505464
0.519658
0.522336
0.520909
0.535515
0.715862
0.66197
0.517419
0.522921
0.526378
0.549994
0.544053
0.546932
0.521443
0.510897
0.520226
0.510636
0.514975
0.498108
0.502183
0.572638
0.679233
0.528361
0.528369
0.528601
0.527957
0.531534
0.50559
0.507343
0.4943
0.525145
0.521575
0.505128
0.518767
0.514413
0.515975
0.519619
0.569188
0.566896
0.561271
0.511871
0.510284
0.512461
0.513671
0.518018
0.514953
0.521133
0.508967
0.67357
0.667879
0.514438
0.514402
0.513893
0.505594
0.512488
0.511251
0.513407
0.5104
0.532917
0.505095
0.510693
0.513238
0.510846
0.511461
0.508603
0.526277
0.653301
0.51631
0.514645
0.510919
0.508708
0.509253
0.507316
0.50869
0.523866
0.522201
0.495209
0.494645
0.496239
0.528977
0.503258
0.507616
0.509662
0.545331
0.510945
0.505309
0.546897
0.506218
0.555168
0.536413
0.535461
0.528553
0.526071
0.533996
0.662722
0.688926
0.705546
0.707423
0.517665
0.499755
0.612321
0.680327
0.533585
0.519425
0.521002
0.531067
0.507443
0.542547
0.530889
0.531862
0.515998
0.519905
0.514058
0.518395
0.513798
0.522992
0.51352
0.506228
0.536701
0.531686
0.527575
0.522569
0.515715
0.517697
0.540132
0.603969
0.612868
0.592477
0.503072
0.493217
0.50018
0.517904
0.510329
0.511443
0.51403
0.516814
0.524065
0.52141
0.525604
0.506667
0.518885
0.525057
0.529104
0.517438
0.534204
0.5336
0.682854
0.504028
0.505047
0.586457
0.593549
0.51566
0.52789
0.525155
0.528132
0.497752
0.522593
0.511122
0.513033
0.51065
0.510891
0.510162
0.50778
0.525215
0.517222
0.51294
0.512906
0.50728
0.508125
0.510248
0.511334
0.515658
0.515432
0.517744
0.510692
0.508363
0.51267
0.558819
0.515187
0.517141
0.502667
0.540234
0.535758
0.536179
0.532669
0.512585
0.527127
0.521228
0.500674
0.504928
0.499843
0.522593
0.522505
0.497957
0.502108
0.49333
0.507724
0.516168
0.510548
0.509566
0.525585
0.509695
0.519413
0.540392
0.531331
0.532681
0.520754
0.50288
0.509895
0.530204
0.518333
0.524809
0.523363
0.531534
0.513492
0.514736
0.514312
0.523014
0.529336
0.525987
0.555576
0.583469
0.522692
0.518783
0.519171
0.520728
0.519076
0.600365
0.519029
0.520467
0.535354
0.530601
0.535902
0.527274
0.53241
0.537506
0.501234
0.496982
0.513257
0.550619
0.547591
0.510758
0.508329
0.515254
0.520014
0.509021
0.500889
0.500769
0.582138
0.562782
0.507667
0.526856
0.52723
0.52639
0.563889
0.504547
0.519821
0.515703
0.512661
0.586857
0.578147
0.599717
0.534791
0.534181
0.504215
0.500511
0.528678
0.512292
0.534637
0.535556
0.518965
0.505155
0.509755
0.518113
0.515082
0.520617
0.522107
0.511366
0.522638
0.508865
0.509585
0.514518
0.525274
0.523697
0.510883
0.504246
0.532747
0.52552
0.511501
0.553512
0.569398
0.510607
0.60254
0.516895
0.529746
0.520451
0.518009
0.509193
0.529531
0.586174
0.518193
0.53246
0.526161
0.514096
0.514633
0.530114
0.528023
0.521782
0.524218
0.519077
0.522068
0.539928
0.510133
0.511342
0.566381
0.516465
0.505292
0.524348
0.517676
0.51679
0.515331
0.534794
0.503808
0.536832
0.505912
0.525268
0.519025
0.664277
0.606871
0.526991
0.537829
0.511374
0.511605
0.510898
0.522555
0.518036
0.511468
0.534108
0.51705
0.516478
0.512028
0.516454
0.519214
0.52182
0.520546
0.51363
0.523828
0.526662
0.499636
0.501499
0.512513
0.506035
0.50091
0.500411
0.54858
0.519586
0.508274
0.500291
0.502331
0.50299
0.538949
0.53993
0.505063
0.51186
0.522151
0.505825
0.509064
0.514543
0.520445
0.500611
0.511213
0.511059
0.523804
0.537502
0.534506
0.546342
0.529328
0.512567
0.510474
0.510541
0.50735
0.506171
0.527308
0.527335
0.496838
0.52318
0.522856
0.511077
0.512121
0.510741
0.50529
0.524859
0.51264
0.516416
0.507545
0.543225
0.5197
0.52164
0.517903
0.517178
0.522022
0.511204
0.501944
0.524045
0.528849
0.525061
0.520666
0.628212
0.682741
0.528592
0.61959
0.657423
0.515262
0.545273
0.546346
0.511476
0.509942
0.499291
0.689766
0.514587
0.516058
0.555817
0.513027
0.518541
0.518214
0.524048
0.511324
0.520563
0.508784
0.516478
0.537972
0.538436
0.534206
0.508796
0.529003
0.504255
0.508624
0.509308
0.535031
0.520815
0.527246
0.728495
0.507478
0.503843
0.591959
0.515562
0.514059
0.513431
0.517433
0.518765
0.516009
0.529397
0.532701
0.520942
0.515707
0.507859
0.503983
0.518944
0.618658
0.522293
0.516311
0.514466
0.521222
0.52358
0.520586
0.510127
0.524429
0.513324
0.501198
0.513515
0.513038
0.510507
0.506097
0.509376
0.555722
0.567993
0.524616
0.526495
0.509425
0.513118
0.507764
0.519383
0.507989
0.498884
0.496692
0.501271
0.511975
0.54399
0.607481
0.532256
0.513918
0.511585
0.513853
0.511372
0.521054
0.496635
0.508851
0.534581
0.520508
0.530847
0.556148
0.499758
0.511721
0.514167
0.545417
0.522107
0.507932
0.521579
0.523208
0.515847
0.515516
0.516245
0.52664
0.506095
0.49508
0.511605
0.505828
0.506634
0.512136
0.518371
0.524217
0.519774
0.535944
0.602698
0.650993
0.513663
0.52609
0.522792
0.51845
0.522235
0.532032
0.527591
0.531578
0.517953
0.51039
0.51113
0.540921
0.523367
0.506514
0.51501
0.508057
0.513179
0.535445
0.50966
0.498224
0.520551
0.526906
0.512643
0.495097
0.497954
0.522996
0.526577
0.538612
0.53013
0.540301
0.509531
0.523895
0.537795
0.528289
0.508363
0.50723
0.503757
0.507132
0.531319
0.495405
0.509538
0.504552
0.508158
0.539511
0.491996
0.496283
0.535439
0.51162
0.509462
0.510857
0.500332
0.508577
0.511654
0.510132
0.515594
0.507139
0.512818
0.506976
0.501851
0.501542
0.526609
0.533809
0.516694
0.516966
0.512438
0.512852
0.504092
0.508979
0.507253
0.521589
0.523355
0.524578
0.510034
0.516936
0.499809
0.591731
0.569682
0.514836
0.528824
0.505717
0.510784
0.501247
0.520597
0.507475
0.525205
0.497129
0.498074
0.510381
0.498171
0.524954
0.523148
0.515327
0.613623
0.507729
0.521723
0.570294
0.581778
0.504827
0.530291
0.513717
0.515351
0.50878
0.505524
0.539807
0.515648
0.51702
0.519004
0.497355
0.503806
0.52319
0.522559
0.51884
0.525429
0.517849
0.678695
0.637693
0.576611
0.504591
0.508942
0.509759
0.506949
0.514439
0.535451
0.532156
0.514235
0.508771
0.507014
0.520594
0.526258
0.52719
0.497853
0.506921
0.533777
0.523471
0.538267
0.539661
0.515414
0.5261
0.525355
0.524466
0.501619
0.518561
0.514778
0.491894
0.538226
0.495876
0.512288
0.531283
0.500632
0.516157
0.516243
0.513214
0.51072
0.557516
0.495802
0.529971
0.562147
0.564142
0.497225
0.493932
0.512385
0.526937
0.500302
0.522689
0.51051
0.504525
0.513197
0.510976
0.500965
0.538522
0.540316
0.533742
0.529111
0.501315
0.505502
0.510517
0.51734
0.518128
0.518814
0.496571
0.506613
0.513528
0.515053
0.542588
0.519319
0.517173
0.507607
0.626857
0.502988
0.501382
0.504303
0.525433
0.496654
0.512007
0.525088
0.523099
0.515396
0.513669
0.521813
0.514766
0.511354
0.531764
0.497446
0.503146
0.657599
0.533379
0.529971
0.512953
0.49964
0.525105
0.523684
0.497288
0.511539
0.510521
0.519002
0.497059
0.539925
0.507092
0.510204
0.512281
0.511938
0.539494
0.531394
0.519347
0.510495
0.505454
0.50527
0.505351
0.597763
0.513217
0.542759
0.514461
0.513372
0.517679
0.506025
0.512232
0.53768
0.537435
0.533517
0.511757
0.638653
0.513751
0.526132
0.523704
0.520707
0.495067
0.519986
0.50649
0.507652
0.49698
0.509376
0.527058
0.514009
0.510802
0.51447
0.514562
0.525122
0.503063
0.526845
0.496053
0.495842
0.537143
0.53171
0.520455
0.540764
0.542077
0.508752
0.515705
0.501466
0.511476
0.497783
0.514063
0.529694
0.500983
0.508455
0.495296
0.499802
0.501862
0.502287
0.512904
0.537286
0.516222
0.549189
0.509537
0.514475
0.513969
0.510939
0.513616
0.500505
0.535404
0.530058
0.543787
0.522927
0.516111
0.51914
0.521315
0.519938
0.50185
0.508755
0.531966
0.497342
0.518014
0.529414
0.519972
0.523552
0.498461
0.532669
0.666282
0.625956
0.502742
0.544977
0.538882
0.507692
0.536236
0.508126
0.604584
0.499372
0.525055
0.523594
0.539259
0.49315
0.508689
0.502488
0.498804
0.501406
0.507659
0.511694
0.541641
0.530608
0.532988
0.532001
0.518222
0.504502
0.499621
0.523115
0.519943
0.537043
0.499996
0.509961
0.511588
0.531117
0.649236
0.524321
0.525266
0.509225
0.519251
0.520865
0.523394
0.518737
0.492884
0.508563
0.666634
0.495818
0.49229
0.507119
0.505019
0.494107
0.494637
0.512038
0.504279
0.52626
0.550224
0.554227
0.520542
0.525433
0.516033
0.514803
0.529567
0.501412
0.526505
0.504022
0.497577
0.499746
0.560402
0.516483
0.512446
0.523403
0.533643
0.555907
0.495187
0.50146
0.520847
0.495704
0.530998
0.532162
0.529307
0.629408
0.500532
0.510759
0.494758
0.553105
0.517728
0.531323
0.508062
0.632927
0.498626
0.603762
0.506664
0.53571
0.495584
0.49568
0.493425
0.506157
0.514817
0.507337
0.504571
0.507942
0.511495
0.514719
0.520576
0.509793
0.525956
0.513225
0.514076
0.525903
0.54237
0.526673
0.543594
0.543114
0.541429
0.508388
0.52131
0.510882
0.496096
0.49906
0.541446
0.507274
0.529317
0.523845
0.501864
0.533334
0.533616
0.511478
0.520719
0.515237
0.541961
0.507248
0.53081
0.520615
0.512037
0.497565
0.506697
0.524537
0.524797
0.523986
0.499424
0.529379
0.522606
0.509245
0.524619
0.661053
0.507981
0.531421
0.53722
0.524677
0.53737
0.533537
0.531413
0.514623
0.500342
0.515119
0.513273
0.545692
0.598121
0.497911
0.495366
0.517057
0.524121
0.512267
0.523082
0.517976
0.50525
0.519799
0.513819
0.522789
0.517935
0.510432
0.548216
0.535484
0.547272
0.552718
0.563004
0.51516
0.513804
0.516753
0.514062
0.557125
0.652186
0.522803
0.5201
0.511845
0.517172
0.505207
0.509254
0.512331
0.505627
0.510345
0.525961
0.524061
0.658346
0.689637
0.625929
0.524956
0.508971
0.559488
0.502989
0.515251
0.634098
0.618494
0.522136
0.5166
0.51526
0.507232
0.523266
0.529687
0.511021
0.514509
0.510217
0.515043
0.517193
0.515318
0.516607
0.56653
0.51868
0.517542
0.550932
0.513747
0.530737
0.515431
0.508211
0.612599
0.529997
0.509033
0.530869
0.543798
0.508112
0.511983
0.515254
0.60678
0.583865
0.618985
0.509785
0.513662
0.594595
0.513626
0.512825
0.518177
0.505839
0.549765
0.556552
0.507788
0.508952
0.510587
0.515892
0.53691
0.511626
0.52366
0.567463
0.583416
0.51436
0.509711
0.575621
0.506563
0.570535
0.578033
0.515973
0.513796
0.521196
0.514826
0.518406
0.543942
0.530565
0.53141
0.514601
0.611289
0.520737
0.518608
0.512938
0.520718
0.522206
0.506004
0.518108
0.511137
0.510675
0.51603
0.506928
0.524424
0.519093
0.512812
0.513808
0.517091
0.522891
0.515915
0.528099
0.525245
0.646682
0.518531
0.519199
0.519454
0.512412
0.528057
0.526191
0.515503
0.520666
0.5333
0.538518
0.536075
0.516622
0.510846
0.54181
0.507932
0.506645
0.527244
0.519105
0.523253
0.528827
0.527889
0.541295
0.507543
0.517348
0.530993
0.539283
0.507134
0.515347
0.508523
0.507809
0.519941
0.51621
0.514062
0.535595
0.509169
0.512094
0.49396
0.521127
0.515974
0.514631
0.514292
0.512105
0.524377
0.50773
0.536657
0.510083
0.519803
0.529518
0.518684
0.512735
0.510792
0.512562
0.510932
0.522568
0.527784
0.619431
0.511429
0.517248
0.507232
0.520902
0.52336
0.518414
0.518661
0.506301
0.50898
0.510436
0.520199
0.582078
0.502466
0.50802
0.519028
0.522164
0.568282
0.510048
0.508117
0.524377
0.5254
0.525332
0.521614
0.531295
0.520199
0.518016
0.513011
0.505987
0.52436
0.516175
0.511292
0.662029
0.524975
0.52227
0.654025
0.641599
0.655892
0.507048
0.515858
0.516493
0.521865
0.519712
0.517091
0.513683
0.50603
0.507172
0.516562
0.506029
0.545726
0.50762
0.515574
0.511818
0.505304
0.514195
0.510711
0.507011
0.498611
0.518214
0.519573
0.522931
0.516347
0.515956
0.540611
0.512826
0.591035
0.530739
0.529003
0.524187
0.525885
0.512408
0.516926
0.51732
0.515824
0.504261
0.520488
0.515086
0.509175
0.512605
0.510265
0.51124
0.513047
0.508343
0.571799
0.629461
0.522473
0.530488
0.500345
0.500758
0.50798
0.512876
0.512016
0.541922
0.515312
0.510031
0.523786
0.569091
0.519571
0.584345
0.554779
0.563786
0.52183
0.522254
0.517307
0.515627
0.527547
0.522339
0.533256
0.509563
0.506008
0.536656
0.506873
0.527562
0.52004
0.533966
0.525741
0.508367
0.514914
0.537857
0.508755
0.520338
0.508453
0.518098
0.507002
0.512378
0.505119
0.510226
0.544886
0.511847
0.513915
0.515904
0.52142
0.530324
0.505291
0.53585
0.528414
0.523777
0.548958
0.539886
0.509584
0.524378
0.520163
0.513109
0.519117
0.50988
0.519191
0.527773
0.52086
0.524435
0.505173
0.587523
0.525755
0.519783
0.520089
0.511352
0.513971
0.516761
0.50749
0.510913
0.623166
0.506194
0.562095
0.51682
0.514377
0.514755
0.513868
0.503555
0.50385
0.511842
0.512685
0.511073
0.523786
0.505072
0.518888
0.515138
0.509887
0.515553
0.512892
0.512829
0.521006
0.516394
0.507685
0.497199
0.542713
0.509192
0.531289
0.552889
0.527622
0.533373
0.510869
0.720181
0.505837
0.514498
0.524939
0.520696
0.51219
0.73813
0.515405
0.527743
0.506106
0.513808
0.529665
0.511198
0.525599
0.613945
0.515936
0.513991
0.518154
0.511946
0.505756
0.535023
0.5248
0.512757
0.525706
0.510594
0.538916
0.506745
0.521926
0.513739
0.525554
0.522878
0.50639
0.509946
0.649206
0.537028
0.508026
0.523809
0.494977
0.505279
0.514387
0.643743
0.535923
0.519904
0.534274
0.659946
0.51101
0.513768
0.533571
0.512664
0.512244
0.516975
0.514636
0.514202
0.602927
0.522616
0.532864
0.526572
0.513983
0.515409
0.519546
0.553023
0.502965
0.503809
0.683542
0.511813
0.505781
0.514982
0.512738
0.526579
0.518487
0.585665
0.537591
0.525131
0.530034
0.513846
0.51359
0.637328
0.522891
0.511729
0.536398
0.510948
0.509508
0.58832
0.50239
0.523647
0.523547
0.638532
0.684831
0.51262
0.539925
0.511858
0.586457
0.507079
0.597032
0.520237
0.517467
0.515594
0.513302
0.531941
0.509677
0.692577
0.518041
0.508408
0.504351
0.506093
0.516462
0.540073
0.688628
0.502612
0.516355
0.528283
0.511528
0.511684
0.514778
0.498665
0.52888
0.527737
0.518695
0.591018
0.509414
0.612232
0.646946
0.621875
0.524587
0.538413
0.51224
0.515292
0.530435
0.511175
0.5159
0.511452
0.526327
0.526768
0.510257
0.533374
0.535029
0.547414
0.517289
0.518701
0.505037
0.67474
0.524207
0.501339
0.535318
0.503949
0.512111
0.512959
0.528864
0.516158
0.504493
0.519873
0.515853
0.514969
0.514314
0.51986
0.527026
0.620223
0.511251
0.537023
0.597665
0.516484
0.524795
0.520795
0.514737
0.512142
0.520223
0.520933
0.510632
0.513463
0.688458
0.513501
0.508049
0.558473
0.601809
0.513165
0.512024
0.528579
0.508215
0.517606
0.513498
0.512357
0.514716
0.520066
0.517657
0.513106
0.50772
0.536509
0.514984
0.547306
0.511528
0.512501
0.499512
0.514147
0.519949
0.51868
0.513319
0.510903
0.50323
0.506386
0.513498
0.517306
0.523406
0.511698
0.509161
0.51428
0.51122
0.559107
0.511296
0.507031
0.515043
0.50962
0.512004
0.523065
0.515227
0.503675
0.528338
0.520859
0.519367
0.516955
0.505251
0.5109
0.521886
0.530782
0.643824
0.507941
0.530329
0.536581
0.517929
0.517498
0.581261
0.503359
0.523199
0.521365
0.512662
0.520541
0.527931
0.566251
0.529323
0.522892
0.52311
