0.530076
0.574353
0.567987
0.54202
0.537191
0.553716
0.516718
0.518416
0.576436
0.581643
0.511619
0.509849
0.51093
0.518793
0.51003
0.522607
0.521576
0.513028
0.511412
0.515981
0.538227
0.513536
0.515379
0.517845
0.67086
0.522906
0.521817
0.506085
0.513708
0.514245
0.514098
0.518193
0.526518
0.517763
0.516344
0.540423
0.547491
0.54662
0.532204
0.524574
0.508248
0.521727
0.521348
0.562636
0.510793
0.511493
0.505653
0.514461
0.628025
0.578995
0.605364
0.524231
0.522723
0.508767
0.521458
0.520853
0.523112
0.515945
0.518007
0.521656
0.515314
0.507162
0.498214
0.51552
0.523448
0.514819
0.514445
0.534231
0.537746
0.519287
0.519892
0.515613
0.51288
0.516246
0.517936
0.529366
0.520591
0.519953
0.521838
0.520925
0.516925
0.517393
0.512173
0.521615
0.518475
0.525035
0.523685
0.510008
0.511037
0.50849
0.52385
0.522251
0.526745
0.52376
0.503735
0.509011
0.513196
0.511966
0.51204
0.512258
0.509512
0.510234
0.499872
0.52449
0.572906
0.584739
0.521905
0.520767
0.519553
0.519524
0.519481
0.509493
0.508919
0.505919
0.530659
0.534079
0.520023
0.511483
0.514147
0.515087
0.516984
0.555269
0.552379
0.568982
0.503697
0.506565
0.506075
0.510868
0.504011
0.541197
0.582465
0.512749
0.515565
0.525377
0.530514
0.516925
0.515283
0.504556
0.519649
0.521197
0.53484
0.531842
0.581948
0.508974
0.511649
0.52748
0.515553
0.513391
0.511675
0.50885
0.509683
0.513116
0.516019
0.513039
0.512242
0.514263
0.520077
0.53652
0.537606
0.522777
0.634414
0.512718
0.51319
0.514726
0.520354
0.515956
0.511918
0.509025
0.513736
0.512694
0.617943
0.656013
0.651226
0.596401
0.689391
0.521375
0.520993
0.516883
0.519856
0.528249
0.514167
0.499169
0.505532
0.504172
0.5088
0.509046
0.520943
0.521854
0.524586
0.521152
0.516853
0.519744
0.521889
0.521598
0.52703
0.496565
0.501375
0.513281
0.520417
0.518499
0.518538
0.517813
0.539357
0.54105
0.536527
0.513752
0.509327
0.506013
0.510361
0.527513
0.523684
0.509326
0.511827
0.517405
0.498702
0.502089
0.538743
0.506699
0.518997
0.51781
0.498202
0.5099
0.521839
0.520765
0.642242
0.510954
0.511139
0.525339
0.524761
0.523857
0.509403
0.513785
0.501137
0.516712
0.507782
0.506605
0.506425
0.508444
0.517631
0.517624
0.516403
0.51593
0.512414
0.632765
0.598196
0.661117
0.654947
0.508341
0.513362
0.527709
0.502245
0.515722
0.513117
0.513077
0.536354
0.531872
0.526961
0.517976
0.514245
0.518939
0.529375
0.509077
0.517564
0.512416
0.517788
0.522068
0.515173
0.510802
0.512213
0.493998
0.510317
0.520058
0.516793
0.506351
0.510257
0.50975
0.516032
0.527425
0.501927
0.508351
0.507399
0.512188
0.541736
0.538423
0.535091
0.513596
0.520221
0.528278
0.527461
0.622225
0.516132
0.522394
0.517082
0.50575
0.503614
0.519219
0.522914
0.503408
0.505286
0.508688
0.540123
0.526544
0.508189
0.499843
0.499142
0.517654
0.520426
0.507829
0.540608
0.515066
0.515387
0.537915
0.516809
0.511237
0.513133
0.510766
0.508595
0.510279
0.502305
0.51527
0.515111
0.562087
0.525108
0.522994
0.521353
0.517316
0.50625
0.515729
0.514145
0.513847
0.511855
0.513911
0.525226
0.523771
0.556419
0.562116
0.504829
0.497839
0.504978
0.529159
0.529022
0.52989
0.514383
0.518582
0.501467
0.50469
0.52433
0.523774
0.511968
0.510023
0.514151
0.502785
0.505719
0.511786
0.590422
0.496503
0.525411
0.510523
0.509273
0.506719
0.51246
0.536206
0.501717
0.504166
0.508657
0.521985
0.520262
0.52273
0.518392
0.523708
0.508947
0.51554
0.516288
0.579133
0.494405
0.504945
0.506356
0.511098
0.510992
0.520642
0.533972
0.517241
0.517076
0.520856
0.522837
0.523862
0.540411
0.53663
0.525828
0.524753
0.51638
0.533472
0.531887
0.532046
0.500449
0.503523
0.519812
0.520037
0.515884
0.515821
0.509544
0.507986
0.507375
0.53244
0.522875
0.507612
0.501284
0.529664
0.525129
0.524544
0.534073
0.547987
0.563455
0.521434
0.517541
0.521849
0.534023
0.526956
0.519908
0.497805
0.50429
0.507534
0.51681
0.514621
0.563226
0.520384
0.525392
0.514129
0.519484
0.521034
0.522169
0.523029
0.525913
0.527037
0.513764
0.514155
0.515645
0.500771
0.504256
0.496395
0.506446
0.521339
0.513626
0.505779
0.5209
0.516632
0.519867
0.526163
0.508981
0.514977
0.520502
0.526156
0.508366
0.516326
0.492149
0.497977
0.528368
0.532628
0.518049
0.509029
0.508636
0.511046
0.574387
0.55798
0.514661
0.52271
0.515182
0.515063
0.514517
0.517915
0.517358
0.51154
0.584561
0.51172
0.657638
0.515753
0.691183
0.656287
0.515809
0.50822
0.505681
0.512253
0.511291
0.523386
0.502425
0.503001
0.51298
0.515109
0.532702
0.525331
0.52729
0.545023
0.559156
0.503387
0.505753
0.518604
0.512518
0.51209
0.515333
0.527476
0.510529
0.516525
0.515246
0.513006
0.615002
0.680561
0.524546
0.529831
0.515458
0.508311
0.523423
0.528288
0.522883
0.522741
0.521424
0.524108
0.524734
0.516158
0.536722
0.532635
0.522
0.518186
0.513624
0.504248
0.528374
0.536882
0.516244
0.519107
0.545888
0.531385
0.529909
0.516126
0.509521
0.503011
0.523946
0.526626
0.528292
0.520806
0.504792
0.532199
0.540632
0.534874
0.538044
0.532387
0.531024
0.529288
0.504711
0.512055
0.516035
0.519649
0.513828
0.507136
0.499967
0.502086
0.51546
0.513286
0.49806
0.498133
0.494104
0.493136
0.529219
0.527089
0.513401
0.519361
0.523908
0.500497
0.524069
0.516416
0.505138
0.560538
0.553509
0.501431
0.494928
0.500496
0.51573
0.512279
0.538637
0.534486
0.537542
0.539167
0.535154
0.500598
0.51605
0.511538
0.515615
0.511226
0.518125
0.514043
0.516164
0.511776
0.50789
0.506193
0.505874
0.532224
0.53105
0.503069
0.513283
0.510813
0.522867
0.556349
0.519097
0.520318
0.51819
0.514674
0.511372
0.512513
0.510941
0.50913
0.538923
0.529267
0.524388
0.499423
0.52413
0.526007
0.509119
0.514543
0.582952
0.500725
0.540941
0.533435
0.53171
0.638076
0.656824
0.516255
0.534553
0.525497
0.520053
0.555325
0.56965
0.514817
0.518864
0.510802
0.509457
0.509656
0.509175
0.547734
0.577007
0.606674
0.518608
0.501754
0.509938
0.511435
0.516456
0.53462
0.513885
0.509481
0.523793
0.49895
0.535257
0.531387
0.49247
0.491838
0.524367
0.517037
0.515898
0.590355
0.579374
0.517243
0.510349
0.539098
0.600267
0.507708
0.502263
0.507854
0.594468
0.5169
0.51785
0.512558
0.510296
0.513359
0.506743
0.510721
0.519163
0.517606
0.515099
0.523669
0.516133
0.516792
0.541366
0.51069
0.503699
0.503213
0.510873
0.507915
0.524286
0.498661
0.50425
0.509547
0.509199
0.514131
0.511952
0.510051
0.52623
0.517182
0.514359
0.513923
0.514941
0.509284
0.523021
0.523119
0.511647
0.506832
0.512639
0.512428
0.513764
0.513669
0.515158
0.506454
0.506074
0.506065
0.511864
0.50592
0.501235
0.50259
0.507955
0.518303
0.513068
0.532866
0.519487
0.517252
0.520001
0.538226
0.505685
0.507672
0.512009
0.519557
0.518117
0.51207
0.521445
0.543612
0.510732
0.512625
0.500864
0.524552
0.540923
0.533736
0.518873
0.513103
0.515104
0.513976
0.502425
0.512321
0.510647
0.522185
0.522531
0.505126
0.509189
0.520596
0.518965
0.509353
0.581673
0.518626
0.522744
0.520459
0.528895
0.586452
0.531875
0.532905
0.523222
0.515281
0.51126
0.533081
0.536456
0.542564
0.537427
0.525055
0.528318
0.500794
0.500046
0.510616
0.50605
0.52528
0.599852
0.53765
0.559805
0.559427
0.548121
0.540321
0.505108
0.504194
0.524978
0.525909
0.705363
0.658494
0.53257
0.635939
0.63726
0.573746
0.54056
0.514737
0.517815
0.527099
0.526061
0.514404
0.511687
0.531061
0.518558
0.513799
0.533244
0.499196
0.538469
0.499626
0.50759
0.531492
0.516175
0.544006
0.620651
0.5104
0.518536
0.506961
0.527142
0.527122
0.506187
0.504526
0.507485
0.526082
0.527757
0.579107
0.549638
0.560246
0.533555
0.524494
0.518932
0.524775
0.516836
0.506685
0.509087
0.514024
0.51508
0.563115
0.593173
0.516933
0.51694
0.498637
0.528192
0.51354
0.505479
0.503657
0.530907
0.528749
0.509067
0.515549
0.539202
0.526939
0.52637
0.660912
0.654236
0.515613
0.514947
0.513393
0.527636
0.524061
0.528391
0.518912
0.517465
0.51275
0.51486
0.516161
0.52137
0.507918
0.500003
0.51081
0.512454
0.496566
0.522556
0.518988
0.506051
0.506322
0.512053
0.517203
0.527643
0.523502
0.524557
0.50483
0.513049
0.50661
0.508579
0.512418
0.558132
0.590212
0.582357
0.556847
0.528377
0.56779
0.506683
0.504755
0.510453
0.52277
0.510235
0.510078
0.517602
0.633967
0.519479
0.52539
0.527476
0.502137
0.50367
0.510484
0.508476
0.511714
0.531688
0.513921
0.517223
0.525569
0.509429
0.513983
0.507473
0.518751
0.523303
0.506861
0.500524
0.51303
0.511587
0.522678
0.524185
0.519985
0.538078
0.534786
0.63108
0.520912
0.514938
0.513038
0.507206
0.512032
0.507052
0.508607
0.538266
0.544654
0.540426
0.509892
0.529615
0.505428
0.527697
0.534366
0.544766
0.525583
0.506361
0.621411
0.510282
0.511718
0.531209
0.509808
0.540167
0.538511
0.513381
0.514015
0.528645
0.522564
0.516321
0.522893
0.693985
0.512461
0.519729
0.519649
0.508365
0.52477
0.523469
0.502055
0.526976
0.524973
0.625861
0.600167
0.52764
0.573503
0.51869
0.554502
0.51251
0.514425
0.527733
0.530525
0.527675
0.593077
0.59819
0.517138
0.520959
0.5108
0.746631
0.758933
0.526588
0.511479
0.511528
0.514994
0.524241
0.516874
0.509443
0.628921
0.503573
0.525856
0.512268
0.586603
0.510489
0.515293
0.519133
0.530393
0.507626
0.509701
0.505069
0.524414
0.499358
0.528981
0.514958
0.561689
0.516777
0.521117
0.520174
0.520077
0.522524
0.50081
0.509507
0.513099
0.513854
0.513672
0.506808
0.521659
0.496494
0.496037
0.498388
0.501442
0.501919
0.512076
0.512189
0.5165
0.511704
0.512562
0.507518
0.512122
0.529561
0.511053
0.543974
0.552143
0.507089
0.51737
0.531188
0.5435
0.537976
0.530867
0.508018
0.506893
0.531198
0.505845
0.500703
0.510126
0.520618
0.608849
0.644244
0.519543
0.513759
0.524501
0.514402
0.516204
0.523904
0.527515
0.4961
0.507675
0.502453
0.517148
0.511945
0.498275
0.520963
0.507111
0.533945
0.537942
0.570314
0.519596
0.517361
0.49709
0.515178
0.511102
0.534884
0.497514
0.519784
0.696003
0.732626
0.515014
0.515045
0.540168
0.506924
0.51109
0.741106
0.785767
0.50005
0.505951
0.540285
0.506947
0.529026
0.519227
0.507979
0.525017
0.493718
0.510056
0.519143
0.503753
0.502964
0.521737
0.674343
0.536792
0.534857
0.505294
0.526195
0.533769
0.505053
0.509607
0.529641
0.524435
0.525002
0.512996
0.510894
0.507717
0.5334
0.507631
0.495544
0.509724
0.507444
0.660241
0.661865
0.503982
0.512954
0.508776
0.512795
0.544677
0.504363
0.498406
0.500668
0.518107
0.528001
0.510998
0.529127
0.508283
0.509065
0.506
0.541401
0.514534
0.56631
0.51412
0.514674
0.520378
0.514677
0.511825
0.510411
0.516238
0.503298
0.494664
0.537115
0.517321
0.501606
0.516229
0.514401
0.524576
0.513027
0.523294
0.511412
0.5083
0.52103
0.568528
0.514027
0.528343
0.527334
0.521657
0.507817
0.514533
0.516948
0.521747
0.523162
0.514281
0.535025
0.506365
0.509406
0.513292
0.515363
0.516957
0.522744
0.52777
0.523825
0.510782
0.517015
0.502988
0.512819
0.516627
0.515012
0.515177
0.514144
0.503883
0.513934
0.520593
0.519319
0.536667
0.505836
0.7257
0.703154
0.574544
0.503274
0.50808
0.514709
0.512688
0.525387
0.676506
0.50864
0.503282
0.579749
0.582139
0.533606
0.511793
0.501012
0.499098
0.524454
0.539382
0.518388
0.515332
0.515485
0.517031
0.499388
0.509275
0.507904
0.518057
0.658853
0.502109
0.498803
0.579966
0.586075
0.499462
0.527982
0.514329
0.595703
0.523163
0.511039
0.525054
0.517718
0.497711
0.513324
0.514702
0.543879
0.497904
0.526923
0.520265
0.54714
0.544756
0.540155
0.504932
0.507002
0.513958
0.508145
0.502214
0.587212
0.548478
0.513938
0.528756
0.506561
0.514909
0.505853
0.496781
0.540311
0.511637
0.510859
0.519131
0.703179
0.538724
0.507807
0.512034
0.511963
0.514516
0.517146
0.532525
0.529028
0.77019
0.492984
0.510658
0.497073
0.703065
0.51015
0.513875
0.518697
0.50646
0.50712
0.511773
0.511721
0.502923
0.508662
0.532892
0.529892
0.520494
0.507341
0.521392
0.517398
0.508951
0.530763
0.4987
0.512104
0.527143
0.517789
0.514495
0.511005
0.514553
0.5005
0.508131
0.535074
0.521519
0.497932
0.541291
0.500153
0.512708
0.513938
0.51241
0.513902
0.508991
0.511542
0.513349
0.51866
0.53341
0.508964
0.520965
0.522045
0.529227
0.520173
0.517756
0.561298
0.492684
0.534305
0.527642
0.597544
0.518541
0.513473
0.56939
0.498104
0.51492
0.522679
0.556558
0.505051
0.524402
0.530987
0.521475
0.526041
0.509497
0.509159
0.530277
0.518448
0.524196
0.516623
0.533617
0.512159
0.519452
0.517268
0.510229
0.499338
0.515626
0.500608
0.520386
0.525202
0.52082
0.508928
0.51403
0.53194
0.534884
0.491334
0.598954
0.619404
0.497621
0.523445
0.533614
0.533741
0.528771
0.534978
0.516253
0.506319
0.531322
0.534795
0.529054
0.514743
0.529508
0.541153
0.536093
0.492942
0.532009
0.53528
0.542492
0.532491
0.51947
0.521039
0.523122
0.525513
0.522142
0.520731
0.516177
0.516041
0.534415
0.536521
0.493578
0.558524
0.539855
0.498917
0.498916
0.500762
0.540947
0.528591
0.510727
0.511161
0.526976
0.510327
0.515061
0.505236
0.523476
0.548471
0.521181
0.501482
0.496978
0.501915
0.511281
0.521628
0.53829
0.500921
0.515859
0.516782
0.544239
0.536302
0.752322
0.49169
0.507259
0.532204
0.531269
0.514814
0.506649
0.502136
0.630296
0.554284
0.599999
0.542215
0.524545
0.512893
0.499858
0.520483
0.491875
0.494358
0.538585
0.541123
0.541426
0.534672
0.504337
0.539464
0.51151
0.566854
0.527237
0.500863
0.507057
0.631031
0.529521
0.501715
0.510945
0.502127
0.524953
0.535403
0.537623
0.506142
0.511532
0.524539
0.531009
0.513806
0.514235
0.53844
0.5124
0.522077
0.525175
0.655817
0.520961
0.527511
0.52738
0.522238
0.530908
0.530952
0.61738
0.524287
0.527335
0.503132
0.50025
0.520875
0.544463
0.492426
0.516226
0.498428
0.501229
0.511387
0.49511
0.623483
0.513478
0.503016
0.51359
0.520127
0.506153
0.52243
0.543207
0.513153
0.606753
0.514284
0.526213
0.494467
0.535072
0.534813
0.513975
0.510545
0.497238
0.646107
0.519375
0.534724
0.519906
0.68519
0.653392
0.52217
0.50264
0.572033
0.609858
0.512951
0.621957
0.541014
0.521365
0.498786
0.533731
0.498605
0.541264
0.506914
0.496989
0.531427
0.517618
0.499616
0.50808
0.539499
0.536144
0.524427
0.517693
0.520941
0.496253
0.495686
0.532216
0.512937
0.530248
0.539969
0.539248
0.499497
0.658372
0.51809
0.532435
0.523201
0.521749
0.531033
0.547932
0.507317
0.514051
0.505837
0.508066
0.515696
0.570891
0.53343
0.627018
0.540917
0.624095
0.50811
0.515748
0.521656
0.574936
0.55925
0.518113
0.510074
0.649037
0.521113
0.534178
0.513873
0.514512
0.509999
0.517628
0.520658
0.505261
0.510862
0.520123
0.510342
0.506331
0.516906
0.51494
0.509468
0.516095
0.529213
0.511438
0.518022
0.518286
0.547723
0.508128
0.515828
0.517495
0.517105
0.521792
0.628048
0.52093
0.52105
0.519816
0.529022
0.512818
0.513356
0.522785
0.514251
0.515414
0.527359
0.52742
0.516174
0.51713
0.514226
0.599378
0.533553
0.54152
0.534405
0.534246
0.513485
0.51601
0.511567
0.514518
0.502827
0.514264
0.510658
0.510761
0.505417
0.50714
0.506933
0.517022
0.517337
0.517517
0.516317
0.514874
0.509628
0.522338
0.516725
0.526175
0.550322
0.55562
0.549193
0.594147
0.517261
0.51477
0.512091
0.506265
0.52824
0.532751
0.639718
0.52196
0.514517
0.532777
0.510498
0.526491
0.550048
0.588869
0.61347
0.582004
0.530047
0.51378
0.528051
0.522851
0.518258
0.633588
0.519261
0.510701
0.511863
0.518201
0.515139
0.518741
0.519468
0.636837
0.515373
0.519994
0.566812
0.578993
0.575436
0.524932
0.509731
0.513817
0.575405
0.526988
0.525664
0.511753
0.510049
0.499808
0.511864
0.511175
0.512927
0.517185
0.523782
0.529633
0.521734
0.532755
0.534128
0.512852
0.529527
0.511446
0.501753
0.545963
0.51331
0.534459
0.505726
0.538803
0.536124
0.509337
0.522306
0.50511
0.529304
0.511816
0.514039
0.574407
0.529441
0.507974
0.528807
0.504755
0.514985
0.51564
0.530343
0.520523
0.511101
0.515207
0.510011
0.512825
0.528093
0.520701
0.56402
0.514401
0.516991
0.515776
0.525849
0.525042
0.523529
0.514235
0.517161
0.640361
0.509696
0.508269
0.523971
0.529093
0.52407
0.524468
0.525197
0.527936
0.513347
0.514632
0.512659
0.513119
0.515243
0.516601
0.512528
0.513498
0.511699
0.515296
0.522118
0.519323
0.510413
0.513685
0.510744
0.519333
0.510174
0.50534
0.507184
0.502075
0.521324
0.509989
0.510763
0.511655
0.516775
0.664224
0.522393
0.523183
0.505143
0.52534
0.519648
0.519023
0.524632
0.517048
0.540043
0.532648
0.512021
0.515085
0.679078
0.510464
0.523081
0.5169
0.513045
0.51699
0.510704
0.512953
0.522765
0.511335
0.513402
0.508548
0.581089
0.557572
0.512982
0.5276
0.524688
0.519784
0.518227
0.516155
0.53231
0.5197
0.546398
0.526744
0.513491
0.515228
0.514109
0.566796
0.519061
0.508657
0.514528
0.519798
0.515298
0.512763
0.509825
0.531063
0.534247
0.548038
0.537857
0.54526
0.517364
0.523777
0.517983
0.517716
0.524341
0.572598
0.527979
0.514853
0.605385
0.511933
0.513866
0.510043
0.513192
0.517575
0.514706
0.519274
0.509395
0.511984
0.511057
0.579908
0.571329
0.514
0.510196
0.520839
0.528446
0.529026
0.515969
0.510833
0.508259
0.519636
0.537779
0.514288
0.514273
0.526714
0.522204
0.514933
0.538823
0.513632
0.510161
0.512132
0.530644
0.509078
0.535563
0.512351
0.523043
0.529192
0.637912
0.505738
0.516807
0.510804
0.514847
0.513084
0.50932
0.504931
0.520175
0.530461
0.547519
0.553773
0.511875
0.570209
0.532247
0.507633
0.510495
0.508512
0.521322
0.520524
0.51805
0.507751
0.537044
0.530266
0.511014
0.515577
0.510239
0.547334
0.497616
0.525736
0.522496
0.519982
0.513409
0.509594
0.508209
0.539289
0.516901
0.542079
0.516959
0.541729
0.521984
0.692416
0.512618
0.520272
0.515716
0.525955
0.507436
0.504707
0.512771
0.530581
0.505881
0.50995
0.57873
0.575012
0.561747
0.521421
0.523609
0.511041
0.518789
0.523843
0.516499
0.528936
0.516116
0.536706
0.504285
0.505383
0.532308
0.533565
0.504947
0.531687
0.507898
0.506854
0.503234
0.60638
0.570268
0.520535
0.525746
0.521413
0.528534
0.516653
0.51442
0.514177
0.522557
0.508828
0.577731
0.523686
0.578436
0.514873
0.50966
0.578516
0.51546
0.529311
0.499511
0.510177
0.550381
0.525544
0.503515
0.526643
0.516563
0.523397
0.515687
0.517525
0.518151
0.527644
0.509467
0.509196
0.538879
0.533387
0.521877
0.499894
0.510211
0.563511
0.509059
0.50965
0.516424
0.512475
0.521621
0.537216
0.516356
0.529454
0.530801
0.515313
0.519502
0.532542
0.52518
0.525382
0.509193
0.534526
0.521711
0.521139
0.517749
0.521202
0.520019
0.514231
0.531787
0.537845
0.592652
0.516293
0.585522
0.51421
0.515943
0.507246
0.49662
0.504093
0.512856
0.5736
0.579531
0.65948
0.499881
0.631742
0.50828
0.57284
0.526223
0.515617
0.510863
0.51749
0.521829
0.508649
0.520526
0.547264
0.545331
0.575954
0.573782
0.52167
0.516028
0.515168
0.63928
0.562163
0.551172
0.596014
0.519941
0.519678
0.508784
0.512699
0.528469
0.514097
0.499775
0.587945
0.504466
0.523861
0.501544
0.517372
0.512836
0.519712
0.514976
0.510562
0.515536
0.511914
0.524708
0.523649
0.520044
0.571942
0.508226
0.493783
0.516277
0.505376
0.502704
0.504851
0.51194
0.505679
0.522766
0.492135
0.536225
0.500923
0.511273
0.509456
0.492334
0.504429
0.509799
0.513855
0.506217
0.503994
0.526532
0.566778
0.541491
0.515817
0.517148
0.51635
0.510112
0.509328
0.516497
0.511462
0.520028
0.499322
0.510505
0.532083
0.512005
0.507466
0.552264
0.653487
0.561229
0.524122
0.49605
0.57167
0.514548
0.504057
0.499837
0.520007
0.520166
0.509321
0.51241
0.511014
0.521378
0.513708
0.647551
0.510996
0.507831
0.518115
0.584088
0.514898
0.516073
0.523704
0.519229
0.494747
0.522039
0.507944
0.51159
0.524418
0.52781
0.499813
0.522815
0.503098
0.510371
0.513139
0.503436
0.520499
0.519147
0.517129
0.507858
0.513233
0.509255
0.51512
0.623277
0.511584
0.514765
0.508876
0.509518
0.515535
0.502752
0.515176
0.514571
0.518219
0.520992
0.518269
0.53377
0.513812
0.514027
0.513066
0.51597
0.513632
