0.521145
0.522869
0.506913
0.524053
0.535008
0.535735
0.524079
0.522023
0.509882
0.510464
0.520963
0.521708
0.512415
0.510801
0.509764
0.514296
0.534558
0.518927
0.516011
0.673807
0.506826
0.508719
0.513762
0.518531
0.517824
0.518354
0.540323
0.536809
0.540948
0.544296
0.540374
0.533199
0.511861
0.516497
0.508178
0.520893
0.515096
0.519651
0.520856
0.518005
0.509319
0.512226
0.525703
0.530314
0.504745
0.507551
0.501276
0.508539
0.633789
0.6185
0.523439
0.514128
0.518016
0.520389
0.508637
0.521604
0.522232
0.514725
0.518178
0.528277
0.520446
0.516276
0.516902
0.514818
0.52236
0.500652
0.494124
0.514049
0.513772
0.5156
0.509042
0.524171
0.533665
0.518166
0.521296
0.511542
0.510349
0.513358
0.519983
0.513973
0.5211
0.516191
0.522888
0.520189
0.53134
0.510588
0.509471
0.525154
0.522255
0.529454
0.530593
0.523196
0.5217
0.5434
0.511914
0.509091
0.509828
0.509879
0.49886
0.502776
0.525011
0.572725
0.559284
0.526722
0.5177
0.52018
0.520391
0.513493
0.524186
0.528711
0.513038
0.511472
0.506276
0.554101
0.554767
0.543441
0.555843
0.546874
0.56024
0.508068
0.513682
0.514073
0.516214
0.636829
0.608688
0.510902
0.511627
0.526191
0.517286
0.510918
0.517171
0.519717
0.524661
0.529783
0.521393
0.513412
0.51932
0.559544
0.590959
0.503542
0.509547
0.509374
0.533329
0.535206
0.521313
0.523942
0.514504
0.51365
0.510463
0.507025
0.506463
0.506838
0.509239
0.556333
0.565733
0.518636
0.515552
0.533168
0.53783
0.537053
0.537464
0.622703
0.58504
0.511246
0.515235
0.529859
0.52676
0.529304
0.517319
0.517907
0.509928
0.51306
0.51125
0.600708
0.605189
0.62742
0.594105
0.615917
0.592184
0.514603
0.520041
0.518665
0.514318
0.520833
0.517256
0.528672
0.524862
0.510616
0.511356
0.51293
0.499044
0.504098
0.508887
0.509631
0.50971
0.522036
0.521699
0.516549
0.510034
0.52199
0.513126
0.51858
0.531837
0.50468
0.496633
0.504295
0.509774
0.514097
0.513519
0.519695
0.535667
0.54177
0.539228
0.511824
0.513808
0.532977
0.511953
0.507194
0.503914
0.506558
0.531456
0.5012
0.507127
0.496532
0.508077
0.512376
0.500287
0.505011
0.517747
0.498539
0.505482
0.508995
0.516026
0.518034
0.640678
0.512881
0.514301
0.524865
0.522092
0.525004
0.528888
0.507147
0.506417
0.506097
0.516223
0.514535
0.515321
0.512581
0.57891
0.610164
0.631308
0.513183
0.512279
0.516094
0.524544
0.51311
0.513172
0.532155
0.528916
0.508751
0.508548
0.534966
0.515488
0.523953
0.515708
0.512652
0.512804
0.510667
0.660362
0.665727
0.6711
0.534204
0.522311
0.527876
0.518728
0.518807
0.500536
0.519827
0.51687
0.522426
0.510189
0.568916
0.569328
0.554081
0.501893
0.50526
0.505893
0.514406
0.521744
0.525781
0.522109
0.53877
0.53394
0.531946
0.498831
0.518109
0.522979
0.56002
0.544839
0.506999
0.499597
0.499602
0.513117
0.52061
0.505877
0.539412
0.53233
0.526182
0.569606
0.496186
0.501443
0.513346
0.516516
0.524935
0.518576
0.54821
0.540963
0.520637
0.512416
0.512536
0.51148
0.540071
0.516843
0.515993
0.514084
0.524983
0.665848
0.632733
0.507167
0.520371
0.512471
0.509845
0.511391
0.527877
0.525018
0.546242
0.554389
0.513303
0.514608
0.512126
0.504809
0.505708
0.528874
0.529161
0.51737
0.520937
0.520937
0.511055
0.506611
0.51096
0.504152
0.505506
0.502808
0.503981
0.567571
0.496229
0.500378
0.518955
0.514518
0.50709
0.508288
0.518103
0.517284
0.525605
0.503089
0.495196
0.517758
0.519297
0.527933
0.502379
0.510576
0.510326
0.521152
0.515307
0.519193
0.513095
0.51178
0.516353
0.510624
0.50872
0.580964
0.509689
0.502014
0.528465
0.495373
0.507275
0.511992
0.509249
0.511856
0.517772
0.517773
0.527484
0.523502
0.522857
0.514285
0.517116
0.506773
0.525938
0.525886
0.524793
0.523067
0.50552
0.510561
0.511182
0.505881
0.53356
0.527464
0.500134
0.502409
0.517055
0.516803
0.508243
0.505863
0.508108
0.500462
0.496399
0.50002
0.524582
0.531664
0.543579
0.51573
0.518944
0.535052
0.507372
0.50702
0.511967
0.512448
0.521379
0.525966
0.517326
0.526619
0.524357
0.537858
0.538363
0.516683
0.522652
0.519304
0.521113
0.520994
0.524527
0.514556
0.515399
0.512465
0.525898
0.524073
0.528604
0.529392
0.507495
0.514597
0.514354
0.505702
0.499353
0.500406
0.496141
0.523149
0.505961
0.504353
0.514452
0.513806
0.52028
0.512643
0.515154
0.509606
0.514641
0.518682
0.51372
0.490264
0.531236
0.532603
0.531623
0.513801
0.511296
0.513241
0.499647
0.520644
0.515052
0.585313
0.6015
0.5192
0.520366
0.515275
0.515118
0.515679
0.516116
0.512339
0.538733
0.540898
0.536121
0.573592
0.52178
0.517375
0.522
0.515994
0.508564
0.511058
0.509647
0.514195
0.509265
0.520116
0.525577
0.665541
0.682724
0.514078
0.501941
0.50309
0.680821
0.657901
0.513585
0.512943
0.502683
0.509903
0.5089
0.50681
0.529381
0.50342
0.505628
0.509539
0.557193
0.558858
0.511249
0.51877
0.514888
0.544018
0.552958
0.504923
0.515058
0.528281
0.515028
0.515607
0.510371
0.667899
0.633596
0.518057
0.523279
0.503291
0.499817
0.526385
0.517518
0.558782
0.518786
0.52211
0.690418
0.532072
0.525621
0.520552
0.520592
0.515516
0.523609
0.534589
0.516519
0.51955
0.513221
0.517114
0.512674
0.530141
0.501737
0.502542
0.501669
0.502583
0.503866
0.523403
0.525686
0.50894
0.512851
0.515975
0.519373
0.517044
0.516427
0.518637
0.509395
0.499728
0.509682
0.505371
0.53573
0.54078
0.536745
0.526775
0.530728
0.498775
0.517375
0.50683
0.515559
0.514407
0.52355
0.51431
0.519063
0.505327
0.5014
0.523694
0.526425
0.513525
0.495206
0.494963
0.496189
0.529453
0.519672
0.52043
0.517825
0.51396
0.507473
0.502488
0.517595
0.504407
0.512846
0.507914
0.518408
0.553033
0.529246
0.530734
0.506534
0.51289
0.517659
0.50474
0.541155
0.529239
0.532288
0.536988
0.525928
0.49953
0.524662
0.527822
0.523485
0.512851
0.572494
0.517355
0.513481
0.502731
0.513385
0.507562
0.513415
0.519054
0.521336
0.505879
0.504594
0.521312
0.505146
0.504105
0.512655
0.532493
0.554338
0.562571
0.510038
0.51058
0.503755
0.5102
0.506558
0.528089
0.525611
0.509735
0.50798
0.512835
0.523105
0.5258
0.501279
0.511981
0.588983
0.539585
0.535474
0.665661
0.51289
0.538321
0.533904
0.530691
0.565175
0.535032
0.567845
0.518929
0.517043
0.523476
0.508843
0.512344
0.518536
0.519058
0.534947
0.511757
0.506747
0.535227
0.532121
0.526176
0.529848
0.523008
0.500156
0.496948
0.498698
0.520392
0.524062
0.515109
0.51423
0.582764
0.513003
0.534279
0.58966
0.602254
0.514388
0.513245
0.512623
0.535628
0.520283
0.514065
0.509401
0.513931
0.511289
0.522713
0.523188
0.524278
0.517683
0.516722
0.517488
0.528653
0.511948
0.501821
0.512217
0.521264
0.513702
0.519112
0.508979
0.511741
0.51378
0.509478
0.526785
0.515829
0.517775
0.515908
0.511216
0.514379
0.513706
0.502689
0.52411
0.507805
0.504826
0.512389
0.512301
0.50768
0.506175
0.501216
0.496408
0.502981
0.523732
0.51565
0.512697
0.523346
0.510967
0.515302
0.517571
0.519594
0.508952
0.50316
0.511126
0.492402
0.499637
0.511794
0.515796
0.514045
0.515712
0.539106
0.50635
0.53329
0.509003
0.525238
0.538998
0.520035
0.513977
0.51043
0.505905
0.501884
0.510047
0.50433
0.509229
0.524169
0.524302
0.511961
0.507211
0.505601
0.575387
0.526591
0.580593
0.531698
0.523129
0.515971
0.513571
0.536087
0.538473
0.542148
0.537241
0.533171
0.528485
0.52567
0.508623
0.502881
0.508466
0.505161
0.539141
0.538531
0.597857
0.57778
0.582487
0.538128
0.539693
0.541024
0.504228
0.504906
0.517594
0.621154
0.661801
0.53161
0.51791
0.5251
0.516042
0.529472
0.521411
0.527284
0.521379
0.52492
0.521091
0.513285
0.514367
0.541219
0.53784
0.511114
0.510671
0.501612
0.530192
0.530419
0.516197
0.514294
0.54704
0.510646
0.509993
0.506958
0.509529
0.513496
0.524459
0.527444
0.607243
0.635433
0.61216
0.554554
0.523765
0.528429
0.522806
0.516868
0.51534
0.507042
0.626612
0.516707
0.525164
0.512738
0.586091
0.500119
0.525115
0.532588
0.52112
0.530241
0.536523
0.500026
0.516029
0.505554
0.525258
0.526744
0.612705
0.512095
0.527785
0.528517
0.528113
0.52215
0.519687
0.51014
0.509116
0.515201
0.517288
0.51632
0.516385
0.51692
0.512449
0.508174
0.509275
0.501685
0.513645
0.508012
0.505328
0.518583
0.51901
0.515135
0.51711
0.52745
0.528415
0.524178
0.521749
0.49818
0.497302
0.513328
0.502292
0.509384
0.513564
0.50566
0.556741
0.568058
0.554569
0.573242
0.505458
0.509179
0.512374
0.513639
0.503808
0.51248
0.535111
0.505789
0.50739
0.515486
0.653458
0.635013
0.511994
0.510031
0.532684
0.515051
0.517538
0.50861
0.499976
0.500699
0.512369
0.522842
0.522476
0.503775
0.492304
0.500234
0.504566
0.507797
0.51761
0.514777
0.522787
0.523539
0.515649
0.51082
0.511678
0.523252
0.562502
0.528206
0.506748
0.544232
0.515021
0.515322
0.506462
0.528548
0.616575
0.518708
0.504143
0.50471
0.506438
0.582025
0.512281
0.512308
0.519559
0.530883
0.541753
0.535194
0.509882
0.513015
0.514143
0.511304
0.662866
0.499688
0.496624
0.518527
0.519561
0.506739
0.518957
0.503287
0.512471
0.504943
0.519352
0.535324
0.51833
0.572092
0.602936
0.532259
0.527874
0.503295
0.575311
0.584014
0.512463
0.517097
0.510481
0.670734
0.525124
0.532385
0.523786
0.514171
0.51631
0.521177
0.52407
0.512016
0.532173
0.629334
0.517885
0.51574
0.522102
0.520244
0.529438
0.507451
0.513496
0.538092
0.524657
0.528917
0.517051
0.554595
0.508157
0.516679
0.515721
0.511503
0.519625
0.501953
0.499426
0.511429
0.54929
0.507309
0.522914
0.519977
0.495318
0.519135
0.49693
0.500791
0.511676
0.507798
0.511191
0.520104
0.521949
0.51396
0.512198
0.511484
0.509771
0.525761
0.526838
0.53386
0.636138
0.509525
0.536166
0.506721
0.523544
0.533745
0.544376
0.539133
0.527629
0.50882
0.507298
0.626084
0.532212
0.54428
0.505906
0.499659
0.517032
0.556571
0.563226
0.608071
0.522522
0.519137
0.519779
0.523511
0.512387
0.514923
0.515602
0.512851
0.513951
0.53566
0.528375
0.531772
0.527119
0.527616
0.544117
0.513568
0.514696
0.50093
0.512545
0.505102
0.518127
0.504696
0.512947
0.533402
0.529224
0.513205
0.522296
0.507858
0.518881
0.524644
0.494782
0.511334
0.532815
0.496874
0.517304
0.518887
0.640127
0.651613
0.678217
0.514924
0.514578
0.513749
0.507533
0.638802
0.54701
0.508206
0.520638
0.522966
0.525852
0.513392
0.503496
0.524582
0.510304
0.50057
0.49659
0.533748
0.502827
0.504714
0.496791
0.505221
0.523664
0.526706
0.513654
0.510318
0.51066
0.509536
0.530055
0.523636
0.522019
0.507436
0.541877
0.498374
0.509045
0.506518
0.507487
0.520432
0.660391
0.502871
0.557147
0.526471
0.504805
0.502208
0.51512
0.532917
0.509705
0.51052
0.507602
0.502087
0.529045
0.504391
0.505519
0.551774
0.519796
0.518248
0.514488
0.515687
0.513911
0.518101
0.517914
0.518159
0.49963
0.538851
0.496887
0.515645
0.506498
0.511249
0.541073
0.540578
0.502913
0.524357
0.54122
0.573681
0.514445
0.520897
0.504704
0.525508
0.535567
0.505358
0.505446
0.510307
0.508718
0.51287
0.516229
0.515089
0.506572
0.517266
0.528096
0.526684
0.516239
0.527332
0.497865
0.527776
0.511566
0.504689
0.570714
0.501379
0.499538
0.523581
0.510807
0.514421
0.509606
0.527412
0.638724
0.551186
0.588742
0.58245
0.511139
0.510195
0.495576
0.522996
0.514192
0.514811
0.516546
0.521123
0.513899
0.510758
0.510418
0.631404
0.49925
0.565777
0.562983
0.590938
0.52425
0.532968
0.499822
0.514105
0.512943
0.603585
0.522736
0.514838
0.522247
0.497404
0.513989
0.503205
0.538087
0.517443
0.623806
0.630935
0.51715
0.541289
0.54326
0.50732
0.549906
0.505941
0.521124
0.517509
0.514949
0.513757
0.504343
0.51034
0.541983
0.54521
0.514763
0.529062
0.519832
0.513181
0.518845
0.496069
0.512881
0.737086
0.538024
0.535563
0.510637
0.512681
0.51298
0.552861
0.532113
0.531868
0.636355
0.4908
0.48925
0.505293
0.639312
0.498015
0.512951
0.498557
0.508524
0.509533
0.496118
0.532159
0.496827
0.510489
0.501527
0.518467
0.506802
0.526963
0.51985
0.51816
0.519691
0.541262
0.514336
0.52171
0.525558
0.519477
0.517778
0.515716
0.521493
0.520733
0.500225
0.505334
0.525957
0.529216
0.52406
0.517156
0.514886
0.520772
0.500291
0.509334
0.521209
0.587309
0.507243
0.501468
0.506058
0.508254
0.51403
0.523785
0.514075
0.515275
0.520572
0.535045
0.519889
0.515892
0.639753
0.497376
0.504702
0.502706
0.502212
0.521211
0.514804
0.524367
0.511269
0.507996
0.530755
0.508732
0.56285
0.51185
0.510411
0.509906
0.517505
0.497047
0.499427
0.532787
0.505825
0.544217
0.515997
0.522234
0.521103
0.555922
0.516389
0.521199
0.533818
0.537085
0.5102
0.51103
0.510685
0.532396
0.533588
0.528992
0.51419
0.502304
0.543924
0.511531
0.51307
0.507304
0.498874
0.514039
0.500388
0.524735
0.512099
0.512473
0.532029
0.585946
0.590854
0.518676
0.498136
0.531911
0.524953
0.525155
0.534395
0.532001
0.498532
0.512409
0.53542
0.522716
0.538038
0.524231
0.551094
0.533776
0.537665
0.514423
0.543283
0.534392
0.526623
0.53238
0.51897
0.532986
0.536528
0.524927
0.528095
0.525848
0.522828
0.509233
0.514838
0.51535
0.494785
0.535907
0.500401
0.541147
0.516836
0.493803
0.520762
0.526921
0.491654
0.498241
0.499373
0.53929
0.542368
0.526099
0.497747
0.509416
0.512265
0.500779
0.499999
0.532319
0.521207
0.50086
0.512449
0.57332
0.544911
0.544932
0.521251
0.494357
0.527023
0.497956
0.525098
0.518068
0.516581
0.53864
0.516593
0.620029
0.544558
0.535476
0.612978
0.68473
0.504517
0.530042
0.534307
0.531799
0.506548
0.501196
0.602045
0.507431
0.530352
0.654088
0.498316
0.529581
0.508334
0.515639
0.512815
0.500937
0.51121
0.52839
0.496942
0.535587
0.498522
0.532438
0.536237
0.507234
0.633297
0.504879
0.527974
0.531521
0.537701
0.509182
0.52879
0.515532
0.535469
0.538494
0.502743
0.498631
0.538185
0.520988
0.522155
0.518316
0.685404
0.538346
0.498293
0.526135
0.519998
0.539756
0.540479
0.52077
0.502542
0.498782
0.544634
0.52652
0.534437
0.605528
0.523742
0.48946
0.513551
0.522838
0.60539
0.522545
0.496664
0.545829
0.589881
0.500212
0.53463
0.513251
0.496924
0.535668
0.518159
0.502676
0.536624
0.494027
0.519591
0.69987
0.525875
0.497539
0.525789
0.520292
0.511533
0.526583
0.506117
0.528446
0.611811
0.503037
0.501056
0.542934
0.542944
0.506095
0.498306
0.5357
0.536915
0.53511
0.515239
0.501822
0.493052
0.542828
0.496846
0.533552
0.540075
0.497795
0.56275
0.520905
0.52424
0.514529
0.529577
0.511054
0.50999
0.506577
0.515667
0.547027
0.510002
0.530251
0.64989
0.530904
0.642421
0.633826
0.661823
0.508066
0.502946
0.508449
0.516796
0.518516
0.525965
0.513785
0.558189
0.513947
0.551486
0.504604
0.513218
0.526481
0.512797
0.509896
0.510861
0.522868
0.580893
0.513098
0.519845
0.514213
0.530449
0.52861
0.519942
0.511063
0.509351
0.513003
0.528756
0.519154
0.510671
0.509351
0.513018
0.518668
0.504701
0.528373
0.499269
0.518526
0.624274
0.509073
0.50948
0.509667
0.505237
0.521015
0.530972
0.514072
0.516447
0.514933
0.520143
0.518348
0.501553
0.520771
0.515759
0.505307
0.532132
0.526201
0.516774
0.521442
0.510966
0.512087
0.534029
0.671767
0.517665
0.534547
0.539864
0.510839
0.65453
0.532391
0.542708
0.533932
0.584135
0.50913
0.545988
0.5125
0.513005
0.518443
0.505036
0.504481
0.508569
0.509351
0.513557
0.510225
0.511239
0.509917
0.518933
0.52578
0.520053
0.521065
0.512842
0.532343
0.535346
0.532672
0.509452
0.572661
0.556124
0.579699
0.554138
0.561151
0.506204
0.511944
0.508934
0.536319
0.512001
0.511306
0.508954
0.642898
0.520573
0.51642
0.514892
0.516834
0.525932
0.525558
0.536764
0.533575
0.507355
0.509444
0.642431
0.65384
0.628406
0.519601
0.508286
0.528519
0.50851
0.514785
0.496659
0.51234
0.550031
0.515699
0.512117
0.516092
0.530765
0.519948
0.51389
0.518468
0.65157
0.513392
0.563579
0.52787
0.574758
0.569133
0.513079
0.505036
0.513345
0.514063
0.569094
0.524583
0.572782
0.569558
0.522568
0.508554
0.511533
0.51223
0.524182
0.52445
0.518327
0.530527
0.530731
0.522352
0.530493
0.528083
0.578567
0.512035
0.510462
0.520425
0.497407
0.499761
0.522426
0.532996
0.517945
0.598052
0.505772
0.50619
0.549448
0.524056
0.519432
0.511411
0.568745
0.518618
0.51729
0.518068
0.521458
0.648221
0.503949
0.514128
0.525502
0.523383
0.511583
0.511785
0.512399
0.514575
0.512765
0.513838
0.524332
0.512137
0.510638
0.510875
0.511569
0.513854
0.508874
0.5177
0.510041
0.509238
0.516667
0.532407
0.508999
0.650962
0.496641
0.510173
0.518921
0.522096
0.544657
0.540483
0.536942
0.514897
0.521537
0.589761
0.529541
0.516523
0.521009
0.512329
0.615894
0.506565
0.519143
0.508789
0.514485
0.519112
0.521635
0.511557
0.510798
0.526018
0.525606
0.538669
0.510503
0.52531
0.53502
0.514556
0.599244
0.608155
0.648196
0.50345
0.505604
0.49966
0.513271
0.529346
0.533462
0.53473
0.519385
0.520703
0.512707
0.537693
0.507598
0.506434
0.514926
0.519707
0.511699
0.509578
0.518444
0.505997
0.53495
0.517164
0.505263
0.504945
0.50591
0.53352
0.515959
0.524587
0.56024
0.572228
0.522614
0.519042
0.670392
0.522235
0.51246
0.512832
0.509155
0.51206
0.518289
0.511497
0.510931
0.513248
0.517231
0.519095
0.513989
0.522415
0.521335
0.510283
0.512132
0.510352
0.512951
0.519222
0.512631
0.523528
0.527616
0.527874
0.512655
0.527211
0.526929
0.509364
0.506663
0.518836
0.517788
0.53766
0.510678
0.536034
0.507023
0.528601
0.501155
0.508822
0.537033
0.542377
0.511382
0.500804
0.527436
0.51752
0.513468
0.528909
0.518553
0.512737
0.49046
0.510935
0.529245
0.507716
0.552021
0.511143
0.528919
0.5397
0.540151
0.512569
0.529081
0.538544
0.504613
0.518332
0.498413
0.528503
0.51903
0.532244
0.514553
0.52003
0.516072
0.50408
0.522783
0.543067
0.517205
0.52907
0.499536
0.52488
0.53481
0.503529
0.527402
0.521398
0.511964
0.51403
0.512573
0.523713
0.5339
0.534911
0.502558
0.508819
0.511548
0.509597
0.512668
0.514533
0.501561
0.509916
0.5145
0.56823
0.527779
0.510528
0.525401
0.507109
0.529975
0.607631
0.547722
0.521028
0.523542
0.538222
0.517301
0.53236
0.51624
0.504699
0.510477
0.516517
0.514965
0.512102
0.52766
0.514965
0.515769
0.51189
0.506804
0.518779
0.586371
0.511736
0.677042
0.5271
0.509481
0.509704
0.513313
0.507112
0.525469
0.528925
0.517052
0.537535
0.510042
0.50592
0.526688
0.515976
0.521687
0.643489
0.503504
0.518611
0.512942
0.521454
0.517136
0.504841
0.503023
0.519471
0.511015
0.530245
0.505226
0.507058
0.527821
0.51465
0.503914
0.513853
0.571655
0.502733
0.525916
0.515486
0.496251
0.518911
0.536239
0.530024
0.514662
0.520902
0.519701
0.515466
0.507631
0.509688
0.540173
0.504579
0.509498
0.515938
0.565444
0.520734
0.518111
0.508272
0.510297
0.520384
0.512791
0.512406
0.51412
0.520206
0.536402
0.524755
0.514176
0.515726
0.52618
0.514886
0.513519
0.507564
0.511995
0.524188
0.550648
0.504338
0.522128
0.512833
0.521411
0.551627
0.508867
0.527937
0.548619
0.567584
0.504584
0.50181
0.560138
0.511908
0.518831
0.544306
0.505589
0.514921
0.603292
0.517592
0.502724
0.505256
0.510772
0.514892
0.507044
0.524023
0.505695
0.522144
0.507677
0.523638
0.530148
0.506137
0.530369
0.506355
0.515391
0.513691
0.517221
0.516185
0.525766
0.509373
0.556616
0.509809
0.643386
0.515602
0.538406
0.525475
0.503672
0.518774
0.509615
0.493774
0.499803
0.552543
0.505082
0.521775
0.560686
0.521957
0.509123
0.51632
0.505553
0.528437
0.512223
0.652566
0.527107
0.504981
0.511972
0.514247
0.51481
0.509522
0.50976
0.508898
0.512995
0.520469
0.516136
0.529865
0.558502
0.507087
0.522345
0.515147
0.536602
0.522126
0.508929
0.524676
0.528575
0.517617
0.50013
0.514671
0.510377
0.607115
0.511629
0.512193
0.512856
0.496172
0.515166
0.508877
0.497929
0.5167
0.680714
0.518484
0.545876
0.516667
0.567147
0.518881
0.533326
0.510306
0.624388
0.510819
0.498954
0.518867
0.643985
0.535496
0.521986
0.53437
0.562822
0.521483
0.585609
0.514217
0.532871
0.517706
0.529857
0.53418
0.531724
0.513741
0.534917
0.501318
0.507638
