0.521948
0.505779
0.508083
0.555836
0.542653
0.541846
0.534902
0.539805
0.523444
0.519357
0.604537
0.580275
0.586746
0.510035
0.509015
0.511175
0.523162
0.525468
0.536945
0.528003
0.532778
0.518916
0.688519
0.51024
0.546905
0.55467
0.543648
0.515977
0.518356
0.544809
0.538718
0.544327
0.538882
0.532271
0.512962
0.510837
0.518413
0.510478
0.524218
0.531852
0.53005
0.500268
0.504926
0.50928
0.518798
0.519369
0.505912
0.502328
0.529706
0.52588
0.520618
0.520866
0.521755
0.514358
0.518129
0.52933
0.521287
0.519263
0.518655
0.524008
0.514559
0.51427
0.51564
0.515815
0.49571
0.492331
0.499083
0.515108
0.51606
0.514615
0.525712
0.52227
0.53475
0.538581
0.52005
0.516355
0.528615
0.512823
0.522331
0.505723
0.516392
0.503661
0.51171
0.514472
0.51351
0.509138
0.508145
0.524551
0.518669
0.528649
0.522543
0.524843
0.52315
0.525575
0.529452
0.530774
0.523956
0.520271
0.54154
0.533575
0.508343
0.505209
0.512547
0.507298
0.522658
0.576312
0.527192
0.518772
0.517331
0.5189
0.520363
0.51815
0.516179
0.514035
0.523587
0.529722
0.497615
0.503163
0.511237
0.51231
0.51191
0.527884
0.514604
0.550892
0.551806
0.508929
0.5432
0.549298
0.550883
0.514848
0.501717
0.507239
0.509381
0.511613
0.609968
0.514692
0.508684
0.511695
0.52649
0.516051
0.513757
0.537919
0.51751
0.517253
0.511306
0.524076
0.528715
0.518066
0.524052
0.520063
0.527618
0.518328
0.514051
0.59347
0.511807
0.512032
0.513662
0.531509
0.535039
0.52434
0.536213
0.516834
0.510614
0.514047
0.513474
0.506883
0.505066
0.506142
0.512059
0.514536
0.500075
0.50384
0.50622
0.531112
0.511907
0.513277
0.648519
0.5104
0.517745
0.52863
0.518552
0.517147
0.509444
0.512067
0.506492
0.61615
0.621208
0.643462
0.60629
0.629627
0.592807
0.512527
0.513058
0.516677
0.518438
0.513668
0.506538
0.502474
0.506582
0.519548
0.665864
0.659863
0.633337
0.514481
0.524654
0.515869
0.501699
0.493275
0.501056
0.522488
0.51257
0.512492
0.511816
0.514085
0.513129
0.529312
0.53354
0.514138
0.495048
0.509258
0.508499
0.530078
0.502261
0.502937
0.504651
0.506504
0.501004
0.498913
0.507587
0.49651
0.50378
0.506978
0.510033
0.519603
0.518115
0.507686
0.503965
0.506454
0.505586
0.514319
0.607271
0.624093
0.509358
0.526398
0.509907
0.516588
0.516263
0.506583
0.507985
0.496711
0.500553
0.506395
0.51212
0.510554
0.511197
0.509018
0.505985
0.515929
0.514751
0.586666
0.582671
0.511062
0.512047
0.738379
0.596062
0.51367
0.515478
0.849936
0.511819
0.519132
0.533904
0.532219
0.507686
0.763865
0.509439
0.508771
0.534918
0.517442
0.508858
0.513769
0.514896
0.509033
0.509656
0.512756
0.51089
0.673274
0.685599
0.520748
0.511057
0.51217
0.51841
0.518142
0.527287
0.527904
0.520199
0.516202
0.520718
0.568376
0.560177
0.55817
0.510017
0.510433
0.504926
0.504952
0.504563
0.524842
0.528899
0.524985
0.53626
0.50522
0.501917
0.515323
0.518453
0.554524
0.501474
0.508432
0.514731
0.521905
0.513781
0.515825
0.501721
0.50618
0.531256
0.527075
0.57046
0.508431
0.510672
0.515654
0.516105
0.5176
0.517332
0.511705
0.541473
0.527056
0.527341
0.52576
0.514548
0.514384
0.512314
0.616687
0.521407
0.520998
0.52319
0.630483
0.520741
0.505417
0.527309
0.522298
0.526377
0.524944
0.516208
0.513078
0.512332
0.506343
0.507003
0.519395
0.515212
0.525389
0.526753
0.526398
0.524985
0.521394
0.520854
0.51071
0.502926
0.505741
0.513336
0.514449
0.51019
0.506284
0.506342
0.599091
0.515597
0.517634
0.504546
0.501819
0.511943
0.5143
0.509161
0.520119
0.520618
0.523466
0.512972
0.514454
0.516864
0.511253
0.527134
0.512336
0.512976
0.514205
0.512959
0.50886
0.523976
0.520605
0.517843
0.513487
0.519418
0.516197
0.614085
0.52015
0.517972
0.513793
0.521739
0.528588
0.512253
0.508323
0.511393
0.504029
0.513331
0.519634
0.50373
0.529678
0.527419
0.516142
0.531972
0.525453
0.52951
0.521759
0.521437
0.521912
0.505386
0.510897
0.505558
0.520701
0.515151
0.522192
0.51521
0.507998
0.504098
0.511185
0.510247
0.506137
0.521926
0.526187
0.522598
0.515977
0.515407
0.516056
0.510957
0.499648
0.502957
0.50008
0.530375
0.522446
0.519629
0.522417
0.53145
0.504304
0.532926
0.511264
0.511372
0.519172
0.525188
0.520299
0.527377
0.538092
0.517995
0.522213
0.532926
0.525869
0.515403
0.515293
0.526643
0.525953
0.529644
0.504952
0.512664
0.498037
0.504358
0.522342
0.501473
0.514047
0.514721
0.519863
0.516824
0.501615
0.508256
0.514231
0.515154
0.520166
0.513654
0.534859
0.531521
0.528031
0.51872
0.514388
0.616417
0.633189
0.500476
0.521622
0.517533
0.799954
0.629278
0.519845
0.520483
0.512807
0.51574
0.515206
0.51504
0.537425
0.540768
0.534338
0.575268
0.523247
0.516834
0.512453
0.509318
0.517294
0.515794
0.530212
0.648027
0.671401
0.514159
0.519414
0.503646
0.506846
0.515297
0.509348
0.506428
0.502994
0.507486
0.509196
0.535296
0.502137
0.511022
0.648802
0.554056
0.589608
0.557784
0.515021
0.514942
0.527676
0.522534
0.514893
0.513341
0.549676
0.549601
0.503608
0.506326
0.510718
0.51746
0.513843
0.523202
0.515619
0.515118
0.516708
0.519226
0.504091
0.508219
0.515297
0.519993
0.518089
0.516841
0.546772
0.516342
0.677925
0.51853
0.523592
0.52136
0.523811
0.531533
0.505486
0.511748
0.529682
0.501179
0.519141
0.496479
0.503103
0.5125
0.504224
0.509054
0.516156
0.506378
0.499632
0.540389
0.53498
0.506401
0.507376
0.501956
0.528192
0.518266
0.506605
0.497371
0.522054
0.523797
0.517919
0.498499
0.500795
0.588573
0.512016
0.512087
0.497081
0.522799
0.518803
0.518022
0.512859
0.506911
0.510831
0.51761
0.517104
0.523738
0.49601
0.504873
0.516633
0.533621
0.537581
0.531868
0.533289
0.523592
0.529243
0.520292
0.512261
0.538535
0.514726
0.506345
0.682682
0.505363
0.504401
0.54035
0.532392
0.523983
0.525808
0.523468
0.566612
0.511909
0.511595
0.506313
0.505087
0.510192
0.507296
0.513398
0.502663
0.507492
0.516228
0.505381
0.532878
0.534578
0.554621
0.517918
0.512444
0.513897
0.512993
0.527351
0.532307
0.529593
0.510315
0.5191
0.498476
0.499803
0.504925
0.515964
0.515374
0.630023
0.519052
0.671755
0.513973
0.561537
0.55606
0.513552
0.524242
0.532963
0.543044
0.517731
0.518769
0.527111
0.516784
0.518871
0.537069
0.508262
0.52535
0.535032
0.53548
0.515301
0.517434
0.530043
0.525914
0.497299
0.501925
0.495806
0.505589
0.521299
0.609931
0.585538
0.519641
0.549208
0.60467
0.529308
0.511716
0.516442
0.51416
0.539861
0.520789
0.522749
0.52287
0.507066
0.506381
0.503348
0.517126
0.511527
0.525715
0.538695
0.545197
0.54777
0.513239
0.514134
0.528535
0.510124
0.504334
0.503535
0.510297
0.525824
0.516309
0.512489
0.523666
0.516889
0.514873
0.515377
0.522587
0.508366
0.512208
0.512345
0.500676
0.499519
0.499883
0.498741
0.504312
0.499956
0.495764
0.502806
0.520202
0.510435
0.517656
0.516709
0.523709
0.521378
0.507289
0.507031
0.511285
0.510336
0.508343
0.508492
0.51193
0.509496
0.508996
0.510084
0.520552
0.518886
0.509097
0.524573
0.517888
0.517272
0.533865
0.513611
0.522541
0.521343
0.520127
0.500414
0.510569
0.504039
0.509796
0.523002
0.509727
0.513011
0.510614
0.499497
0.600328
0.533358
0.534209
0.535854
0.523817
0.519741
0.51023
0.512068
0.532818
0.514061
0.532924
0.528332
0.52726
0.505814
0.496537
0.502503
0.52269
0.612595
0.59886
0.600074
0.580151
0.543637
0.51654
0.527449
0.510979
0.509697
0.531033
0.522561
0.530831
0.523054
0.52465
0.513107
0.510472
0.535461
0.532092
0.514324
0.51575
0.503732
0.512981
0.509033
0.51096
0.520605
0.51622
0.544428
0.509995
0.526586
0.501668
0.497522
0.52564
0.540403
0.634824
0.525776
0.520126
0.530804
0.514995
0.515587
0.516765
0.500979
0.517591
0.516332
0.509186
0.515865
0.526173
0.507842
0.510559
0.558565
0.509538
0.503162
0.51528
0.596416
0.605599
0.636793
0.50518
0.659896
0.684443
0.531532
0.512461
0.511735
0.528346
0.526315
0.515203
0.514307
0.535487
0.526545
0.526956
0.509818
0.512281
0.515106
0.516608
0.518161
0.516509
0.513977
0.511661
0.510401
0.503237
0.510389
0.510493
0.499169
0.527879
0.525513
0.5087
0.509866
0.51866
0.519172
0.524485
0.531438
0.500675
0.597983
0.494732
0.512431
0.505561
0.508982
0.513474
0.505439
0.555877
0.584966
0.551304
0.662345
0.642284
0.56952
0.523785
0.511375
0.536627
0.547759
0.537627
0.532271
0.514112
0.511588
0.499401
0.506967
0.510894
0.513761
0.514457
0.507949
0.705999
0.725318
0.507835
0.505348
0.533555
0.503954
0.511501
0.517495
0.497375
0.504804
0.515763
0.512387
0.501951
0.559084
0.50825
0.516724
0.567071
0.527299
0.508583
0.543351
0.541666
0.513453
0.505999
0.523174
0.509677
0.619653
0.599129
0.513252
0.500122
0.495339
0.499668
0.504874
0.574754
0.514888
0.519133
0.538114
0.53517
0.530664
0.511272
0.513082
0.679013
0.498566
0.522586
0.509383
0.516124
0.516058
0.514013
0.51145
0.511792
0.523517
0.636429
0.524744
0.503875
0.516774
0.516902
0.519153
0.527978
0.506713
0.527701
0.686718
0.579091
0.522331
0.561912
0.573615
0.533218
0.503085
0.518831
0.534158
0.583835
0.515089
0.514538
0.510018
0.705342
0.693681
0.53195
0.524677
0.525294
0.512881
0.510851
0.509383
0.530155
0.530056
0.504856
0.656631
0.638473
0.52298
0.524882
0.53476
0.563706
0.515575
0.50568
0.519723
0.517357
0.575874
0.527438
0.509328
0.540423
0.529034
0.511145
0.513435
0.57755
0.508642
0.512704
0.520517
0.500627
0.503171
0.505817
0.547131
0.523276
0.522334
0.521746
0.509825
0.521709
0.496818
0.500935
0.508189
0.508467
0.524339
0.521479
0.517723
0.514938
0.530996
0.509074
0.550788
0.536057
0.532675
0.537746
0.534063
0.53952
0.525052
0.496495
0.508023
0.495973
0.532254
0.543066
0.54838
0.565837
0.513646
0.522806
0.524614
0.511667
0.515367
0.530287
0.517858
0.525179
0.51623
0.537642
0.544447
0.512995
0.529625
0.51061
0.505692
0.575258
0.499103
0.502
0.509847
0.508796
0.53696
0.532615
0.510667
0.525488
0.525509
0.511603
0.507066
0.527979
0.497695
0.504643
0.503444
0.496429
0.657533
0.669781
0.514923
0.515055
0.520849
0.520449
0.541354
0.528698
0.680111
0.540035
0.509008
0.520342
0.524286
0.514269
0.541129
0.53462
0.519657
0.499451
0.506358
0.522984
0.513875
0.511452
0.51142
0.506344
0.504776
0.499303
0.526975
0.584268
0.517322
0.525222
0.507844
0.520421
0.681159
0.49961
0.500274
0.524518
0.498564
0.509819
0.51851
0.521941
0.506244
0.540965
0.50832
0.568742
0.511569
0.513152
0.509718
0.498245
0.506648
0.499413
0.505443
0.526012
0.521139
0.516035
0.62422
0.508052
0.520797
0.514516
0.520881
0.641822
0.51607
0.517096
0.499396
0.518878
0.513083
0.514395
0.508702
0.51343
0.540177
0.62861
0.52588
0.524862
0.501996
0.548785
0.506046
0.545453
0.524576
0.513019
0.507742
0.503092
0.509555
0.628543
0.515782
0.513661
0.508554
0.518045
0.518575
0.51992
0.49716
0.527989
0.533491
0.595886
0.512026
0.534155
0.53592
0.503329
0.532671
0.504848
0.503199
0.502341
0.504748
0.514976
0.523358
0.513536
0.526202
0.500977
0.543883
0.524127
0.500363
0.50312
0.585746
0.518799
0.525509
0.637155
0.527378
0.542926
0.538002
0.511959
0.518488
0.516534
0.588596
0.497067
0.504044
0.534501
0.513199
0.514791
0.505972
0.51517
0.510728
0.507394
0.506669
0.568761
0.569396
0.5221
0.512389
0.501119
0.509052
0.525257
0.524964
0.512607
0.515243
0.510505
0.515282
0.540856
0.539799
0.511341
0.504749
0.540448
0.521936
0.607268
0.647348
0.518279
0.548236
0.549695
0.523294
0.508569
0.521278
0.521822
0.515823
0.511699
0.512227
0.593884
0.508221
0.51474
0.509198
0.528419
0.502266
0.70276
0.518794
0.516036
0.506724
0.530154
0.510186
0.499305
0.510974
0.512745
0.552281
0.531946
0.707919
0.77491
0.530514
0.646514
0.512675
0.511808
0.513359
0.515683
0.495078
0.50854
0.507297
0.499378
0.538457
0.520861
0.532871
0.511519
0.496177
0.51944
0.519398
0.501839
0.507561
0.520388
0.526912
0.576192
0.515601
0.516269
0.522075
0.521787
0.544115
0.513645
0.525864
0.505346
0.526216
0.51405
0.519162
0.500725
0.529608
0.519299
0.508409
0.505225
0.511364
0.514565
0.515558
0.515746
0.51788
0.534539
0.515305
0.517957
0.500504
0.500601
0.507806
0.556027
0.547027
0.504182
0.504008
0.501139
0.514888
0.522884
0.516595
0.513654
0.530529
0.513727
0.51416
0.510421
0.536336
0.512003
0.515976
0.520289
0.537992
0.500466
0.494361
0.494358
0.55363
0.553727
0.516031
0.521862
0.545398
0.516311
0.53335
0.533232
0.499542
0.509988
0.510583
0.503883
0.533608
0.516264
0.523192
0.539454
0.536984
0.516311
0.710766
0.513811
0.510811
0.515303
0.510068
0.491337
0.524592
0.55394
0.510843
0.587312
0.543418
0.524064
0.518923
0.527068
0.497806
0.535304
0.539567
0.521393
0.508767
0.536624
0.517034
0.534525
0.529878
0.55562
0.534648
0.525096
0.52919
0.535201
0.536828
0.571421
0.541081
0.505742
0.515764
0.524163
0.509681
0.52345
0.523238
0.501249
0.779169
0.494625
0.496935
0.500145
0.54125
0.516497
0.530007
0.494582
0.519142
0.522611
0.496026
0.561116
0.52256
0.506971
0.509702
0.499379
0.497541
0.531051
0.500379
0.528311
0.513972
0.55041
0.518479
0.499091
0.514671
0.547382
0.523645
0.535246
0.520389
0.492795
0.498731
0.525781
0.522078
0.516613
0.509709
0.539515
0.500623
0.641205
0.508341
0.633454
0.508786
0.504681
0.531005
0.534368
0.514667
0.514305
0.491223
0.494912
0.501443
0.513238
0.533266
0.528935
0.679875
0.513694
0.52599
0.506233
0.529376
0.502718
0.518409
0.512388
0.514245
0.533906
0.528078
0.505731
0.538254
0.532928
0.498213
0.532832
0.493437
0.51112
0.499937
0.514804
0.508186
0.644059
0.501337
0.501091
0.524552
0.524355
0.514916
0.506729
0.504501
0.507743
0.535464
0.498508
0.536891
0.520615
0.522738
0.505044
0.519214
0.63757
0.538147
0.541725
0.531986
0.527702
0.496221
0.510208
0.528746
0.509858
0.538825
0.541339
0.526243
0.534394
0.518858
0.500105
0.499725
0.524611
0.499296
0.498414
0.547131
0.506799
0.504965
0.578191
0.521814
0.515665
0.514301
0.537338
0.517722
0.529995
0.531085
0.506737
0.621525
0.499048
0.533823
0.531212
0.494786
0.534322
0.494693
0.511841
0.536773
0.529828
0.521682
0.525347
0.527607
0.68619
0.514704
0.523017
0.501231
0.52057
0.512172
0.532648
0.493857
0.524281
0.540424
0.499534
0.523316
0.535872
0.589561
0.523094
0.518025
0.500549
0.512682
0.533254
0.495969
0.532851
0.665546
0.521934
0.515407
0.568848
0.504128
0.521205
0.516227
0.515188
0.524318
0.509834
0.545918
0.542821
0.549375
0.529146
0.685229
0.526297
0.5152
0.49809
0.51625
0.511145
0.513198
0.51651
0.522294
0.523822
0.527092
0.555491
0.513657
0.509556
0.515203
0.512075
0.532987
0.616052
0.524734
0.512401
0.617701
0.514617
0.520793
0.525424
0.526311
0.519083
0.517657
0.510396
0.510712
0.546936
0.512119
0.631609
0.51683
0.514483
0.518918
0.515758
0.516737
0.519741
0.509764
0.525324
0.514447
0.509799
0.515883
0.526824
0.51564
0.52747
0.529187
0.524354
0.505037
0.51646
0.51454
0.615725
0.508328
0.515034
0.516628
0.513867
0.529405
0.531942
0.514494
0.514045
0.523088
0.517116
0.513855
0.509438
0.520637
0.518392
0.521781
0.51757
0.517833
0.510812
0.521523
0.51047
0.516035
0.559644
0.516217
0.513351
0.512608
0.560853
0.514931
0.513774
0.532122
0.674715
0.536536
0.537179
0.539802
0.550672
0.508011
0.504172
0.512518
0.522933
0.514652
0.521657
0.517283
0.519443
0.517732
0.523598
0.522289
0.508091
0.515034
0.587717
0.571161
0.508955
0.508264
0.50547
0.511569
0.510848
0.510712
0.531777
0.619881
0.520134
0.514817
0.536871
0.535738
0.64552
0.521935
0.528926
0.609028
0.515936
0.515196
0.504748
0.50808
0.513287
0.511947
0.527574
0.506911
0.513267
0.515073
0.551453
0.529517
0.529097
0.514963
0.516168
0.527666
0.500361
0.513697
0.518449
0.530264
0.524129
0.582503
0.577671
0.508259
0.513501
0.513913
0.586017
0.603342
0.509247
0.51831
0.51439
0.508527
0.506665
0.510978
0.538578
0.512276
0.509598
0.504719
0.523886
0.515607
0.515442
0.504834
0.516615
0.523897
0.53068
0.521338
0.527721
0.524935
0.517226
0.548657
0.51224
0.501196
0.544535
0.513577
0.524489
0.507819
0.505185
0.506407
0.518434
0.510115
0.511597
0.518519
0.525646
0.512249
0.53357
0.515749
0.498744
0.505475
0.506243
0.509209
0.51286
0.513033
0.504366
0.508153
0.513646
0.509471
0.524118
0.521066
0.509755
0.512498
0.518747
0.525076
0.514039
0.51462
0.509583
0.672813
0.511102
0.523477
0.523674
0.533089
0.504873
0.517942
0.528986
0.519082
0.519235
0.522241
0.510729
0.545115
0.538763
0.540667
0.512368
0.531175
0.518698
0.514846
0.528499
0.520674
0.509678
0.505445
0.517042
0.509353
0.507021
0.518817
0.523125
0.519315
0.535093
0.545328
0.515568
0.52348
0.526887
0.519841
0.612071
0.631292
0.512928
0.511596
0.49483
0.511955
0.517205
0.507206
0.509719
0.518442
0.513515
0.534684
0.537084
0.515698
0.513547
0.511518
0.681571
0.592569
0.520631
0.505969
0.510951
0.496531
0.507554
0.509507
0.512299
0.506961
0.529738
0.529242
0.536396
0.519951
0.557156
0.517173
0.510617
0.510259
0.50837
0.556078
0.52461
0.52113
0.509991
0.510568
0.511429
0.510163
0.513056
0.515636
0.52132
0.619398
0.527878
0.515204
0.511899
0.513742
0.514436
0.543695
0.509923
0.509713
0.520953
0.518245
0.533037
0.502164
0.517652
0.508969
0.508262
0.515954
0.505015
0.512952
0.525716
0.505689
0.525183
0.603459
0.669041
0.538823
0.542347
0.540399
0.503715
0.500713
0.504467
0.4983
0.506116
0.514524
0.515019
0.520726
0.509937
0.558192
0.518157
0.513287
0.529876
0.528369
0.537885
0.511412
0.534852
0.508325
0.502795
0.530018
0.513289
0.519082
0.510778
0.516446
0.531411
0.519828
0.529177
0.532994
0.522381
0.514725
0.518567
0.523551
0.515092
0.529451
0.527456
0.508465
0.528531
0.533126
0.527769
0.516865
0.511044
0.536103
0.52976
0.505138
0.683491
0.636658
0.513106
0.506351
0.523203
0.503112
0.584585
0.5251
0.561737
0.538813
0.513483
0.513739
0.526454
0.514256
0.688453
0.50927
0.516292
0.510755
0.512593
0.773327
0.512108
0.502274
0.516659
0.53228
0.512806
0.514288
0.532374
0.512142
0.525565
0.516914
0.503939
0.526959
0.519298
0.506789
0.511381
0.501299
0.52262
0.573456
0.531953
0.579545
0.505469
0.516944
0.511851
0.528247
0.506013
0.511167
0.566833
0.516671
0.515305
0.52887
0.669158
0.51643
0.527019
0.517543
0.506694
0.493283
0.510786
0.518883
0.505118
0.532421
0.505941
0.514942
0.530387
0.526524
0.536201
0.506165
0.565674
0.568781
0.518466
0.523619
0.515632
0.522371
0.523269
0.51159
0.517754
0.506059
0.513706
0.663074
0.517333
0.521177
0.511932
0.530919
0.511182
0.518158
0.605245
0.510523
0.530215
0.510021
0.528365
0.584954
0.52954
0.521987
0.508223
0.511084
0.50831
0.516571
0.564238
0.511125
0.517695
0.501449
0.527593
0.51301
0.526254
0.523791
0.511469
0.516129
0.651666
0.508401
0.509336
0.678982
0.538601
0.514838
0.524837
0.530091
0.509059
0.520139
0.645729
0.503274
0.516391
0.503302
0.496127
0.520003
0.529438
0.510321
0.516066
0.604512
0.506316
0.514965
0.519753
0.512353
0.526878
0.530807
0.634904
0.560225
0.522837
0.507911
0.50848
0.504704
0.520629
0.509308
0.506072
0.51614
0.507618
0.518367
0.525198
0.520032
0.522951
0.518872
0.514514
0.514038
0.531212
0.512534
0.508942
0.510854
0.517865
0.520249
0.510472
0.521303
0.530621
0.514608
0.510464
0.514475
0.540918
0.515215
0.515575
0.501326
0.521571
0.51205
0.513775
0.511292
0.515569
0.51509
0.513371
0.51217
0.509759
0.520308
0.702021
0.656136
0.513044
0.511415
0.52165
0.502688
0.524917
0.5138
0.514172
0.523953
0.541461
0.53257
0.57388
0.585558
0.562404
0.513865
0.517161
0.507884
0.527126
0.554568
0.549144
0.518659
0.544631
0.523457
0.528274
0.50252
0.517576
0.507762
0.554923
0.519007
0.510794
0.511016
0.533472
0.518426
0.50206
0.523551
0.53412
0.509562
0.536275
0.515793
0.516414
0.507599
0.530461
0.511206
0.521699
0.50685
0.530172
0.514958
0.521097
0.525936
0.516754
0.505619
0.521155
0.507081
0.514063
0.515218
0.513507
0.525306
0.506337
0.523335
0.502006
0.532331
0.511647
0.524754
0.522212
0.527183
0.584532
0.533852
0.642259
0.536082
0.510626
0.505134
0.508428
0.503929
0.510406
0.524791
0.511916
0.516544
0.510042
