0.522119
0.522199
0.504484
0.505386
0.505753
0.578136
0.538584
0.568466
0.519411
0.532759
0.526725
0.534125
0.514978
0.517176
0.597349
0.506565
0.5145
0.528033
0.526787
0.524122
0.529352
0.500346
0.510217
0.503809
0.655288
0.646211
0.660875
0.506245
0.506239
0.502517
0.510022
0.504512
0.509696
0.546586
0.543829
0.522461
0.517436
0.504246
0.536068
0.536245
0.546233
0.540278
0.52748
0.511237
0.515481
0.510193
0.519699
0.5299
0.531637
0.511399
0.498916
0.50388
0.504843
0.52428
0.52535
0.526097
0.519647
0.53083
0.513843
0.514567
0.517926
0.52182
0.518003
0.522208
0.525781
0.51161
0.514807
0.53951
0.541402
0.538951
0.498391
0.505363
0.513779
0.514175
0.512391
0.519855
0.526333
0.520901
0.517313
0.524169
0.512219
0.513133
0.518298
0.52528
0.514707
0.524416
0.509923
0.51322
0.510903
0.508016
0.525376
0.51789
0.528457
0.521983
0.527122
0.527013
0.535868
0.50567
0.509196
0.506187
0.605258
0.509058
0.515588
0.502034
0.503088
0.516586
0.514794
0.519869
0.505734
0.509774
0.510095
0.514052
0.528544
0.528835
0.527557
0.511771
0.513657
0.55112
0.554889
0.498218
0.502762
0.508715
0.506617
0.510954
0.513928
0.515965
0.510343
0.511632
0.512944
0.515414
0.512944
0.51359
0.514257
0.514493
0.537603
0.546464
0.503886
0.509786
0.51876
0.519362
0.522828
0.516737
0.519506
0.524624
0.521216
0.525929
0.500701
0.497378
0.49289
0.494496
0.515375
0.516169
0.517009
0.531338
0.525474
0.536608
0.529724
0.51927
0.512596
0.51029
0.511032
0.511125
0.506394
0.507637
0.505503
0.506292
0.505683
0.504425
0.511717
0.508083
0.51159
0.500227
0.504929
0.505411
0.50887
0.519378
0.517264
0.514333
0.59875
0.608241
0.62133
0.62997
0.609909
0.611381
0.529304
0.602925
0.516782
0.521209
0.509698
0.510272
0.511505
0.505959
0.511399
0.498973
0.520643
0.625724
0.601818
0.605337
0.513878
0.510631
0.516295
0.514647
0.523209
0.52428
0.508496
0.554591
0.576028
0.514803
0.515025
0.528261
0.511081
0.495881
0.501642
0.510918
0.508825
0.521296
0.517693
0.515319
0.501949
0.50243
0.506977
0.515246
0.524792
0.500355
0.503456
0.673157
0.711644
0.52049
0.520491
0.508114
0.508994
0.505416
0.524441
0.509378
0.505129
0.516227
0.515146
0.600661
0.505541
0.509327
0.506301
0.512245
0.574473
0.583679
0.509725
0.598332
0.637446
0.512546
0.511588
0.512291
0.517476
0.517117
0.557065
0.485948
0.517846
0.698484
0.643758
0.66355
0.516937
0.515819
0.506553
0.550558
0.505998
0.535855
0.518505
0.517548
0.516665
0.513758
0.509066
0.512188
0.642256
0.694911
0.610422
0.529528
0.522653
0.512506
0.513343
0.528936
0.530336
0.528015
0.519739
0.515446
0.521154
0.564243
0.560673
0.556989
0.516878
0.512341
0.515952
0.504046
0.510724
0.521583
0.523504
0.538116
0.539535
0.539521
0.503226
0.520456
0.514108
0.567363
0.550961
0.517671
0.520192
0.517568
0.516504
0.50236
0.570062
0.501097
0.497944
0.500124
0.510135
0.512199
0.508996
0.517502
0.525585
0.528029
0.518396
0.516975
0.514742
0.514123
0.503603
0.529619
0.531289
0.5309
0.540936
0.53375
0.527138
0.540273
0.513994
0.514488
0.620631
0.616311
0.520842
0.519661
0.525439
0.529081
0.68234
0.522762
0.509489
0.528446
0.522858
0.521229
0.526684
0.51613
0.514858
0.509064
0.507488
0.51275
0.508683
0.508712
0.521851
0.520467
0.515191
0.526304
0.527439
0.527898
0.526528
0.523928
0.525505
0.51874
0.51483
0.514282
0.513981
0.517003
0.505321
0.503632
0.507008
0.508665
0.591878
0.510551
0.515574
0.51068
0.505656
0.499869
0.518629
0.518206
0.516079
0.507096
0.509349
0.522941
0.51214
0.514224
0.502351
0.515706
0.514565
0.512066
0.523366
0.508136
0.510125
0.513662
0.516648
0.508995
0.508844
0.513984
0.497612
0.520014
0.51525
0.511227
0.510627
0.583772
0.594187
0.509262
0.506662
0.518376
0.531126
0.523468
0.506413
0.50172
0.506145
0.508141
0.512951
0.51669
0.60661
0.506524
0.510852
0.528394
0.514127
0.68146
0.687829
0.506452
0.503462
0.530194
0.525357
0.52724
0.518564
0.517688
0.518624
0.520841
0.532154
0.504551
0.507645
0.515916
0.513141
0.518987
0.516321
0.512977
0.522005
0.523194
0.502159
0.507756
0.512737
0.514114
0.507052
0.513695
0.518845
0.516314
0.513231
0.513706
0.502471
0.504748
0.524814
0.495766
0.500396
0.513601
0.515555
0.530051
0.521126
0.521215
0.517371
0.521446
0.523691
0.521286
0.516767
0.51584
0.652785
0.529171
0.499481
0.522522
0.520727
0.583823
0.505974
0.506528
0.52534
0.529157
0.518266
0.538083
0.539591
0.525258
0.530329
0.521183
0.521031
0.514836
0.514878
0.523969
0.510331
0.51451
0.521221
0.519665
0.515687
0.515358
0.505131
0.498427
0.501637
0.513848
0.514315
0.519023
0.512789
0.527002
0.52886
0.52587
0.508237
0.513408
0.515216
0.514984
0.513401
0.51426
0.512067
0.504854
0.513227
0.596725
0.572303
0.587981
0.594384
0.519958
0.521644
0.519706
0.523221
0.512955
0.517995
0.54003
0.53443
0.572522
0.52055
0.517574
0.591394
0.513611
0.511442
0.509432
0.527401
0.521732
0.51287
0.519853
0.505712
0.51507
0.505526
0.50021
0.506815
0.529962
0.527894
0.518514
0.503368
0.510757
0.644664
0.641466
0.609953
0.513199
0.524558
0.518795
0.547916
0.515469
0.514947
0.516273
0.514149
0.510002
0.510719
0.53325
0.513868
0.513181
0.514426
0.504296
0.507408
0.527939
0.529138
0.517274
0.516611
0.518381
0.515627
0.517059
0.517305
0.516645
0.515238
0.527988
0.529869
0.519113
0.518126
0.517243
0.507696
0.509764
0.511487
0.515025
0.509894
0.510843
0.515632
0.510142
0.507009
0.516846
0.498924
0.506926
0.510914
0.503138
0.543437
0.538722
0.541493
0.50308
0.505071
0.503967
0.51864
0.514941
0.534081
0.503925
0.507222
0.524731
0.520593
0.492227
0.500183
0.52286
0.51879
0.517367
0.505237
0.506867
0.585115
0.582316
0.571158
0.513246
0.513079
0.514351
0.496955
0.525623
0.564466
0.514376
0.512892
0.520928
0.515521
0.508755
0.502798
0.514455
0.512334
0.505875
0.510559
0.511011
0.502138
0.517526
0.533653
0.535615
0.499381
0.504253
0.530382
0.505896
0.524101
0.522076
0.535986
0.513624
0.515092
0.515309
0.505403
0.508871
0.506201
0.53656
0.527174
0.533992
0.526775
0.508813
0.530528
0.529354
0.532468
0.623114
0.516436
0.51826
0.510652
0.50462
0.508381
0.511377
0.503778
0.50363
0.537593
0.533035
0.534177
0.512589
0.526661
0.523697
0.548247
0.525282
0.509456
0.515767
0.499803
0.502903
0.513258
0.514404
0.514132
0.523059
0.637109
0.515971
0.520746
0.521429
0.533719
0.513428
0.536679
0.534002
0.52705
0.627976
0.597094
0.539706
0.542938
0.514948
0.514718
0.523465
0.51789
0.5545
0.516449
0.516712
0.527416
0.495379
0.513145
0.537368
0.513093
0.525442
0.531009
0.528254
0.53352
0.636114
0.63708
0.527451
0.520062
0.518056
0.507995
0.528681
0.525381
0.516482
0.494607
0.528824
0.520989
0.516609
0.513982
0.524066
0.594002
0.59666
0.529209
0.525383
0.514971
0.524402
0.517862
0.519246
0.507931
0.505744
0.535325
0.532466
0.517567
0.529344
0.536887
0.543389
0.52156
0.537105
0.515786
0.515583
0.530479
0.503311
0.507156
0.636874
0.634736
0.526874
0.515597
0.523196
0.507126
0.523555
0.516632
0.514141
0.51503
0.517157
0.512792
0.669398
0.70255
0.504191
0.50076
0.512847
0.500971
0.49957
0.503805
0.501416
0.520368
0.517864
0.521506
0.515747
0.516485
0.613487
0.501446
0.507187
0.505811
0.506405
0.534028
0.506802
0.505398
0.509606
0.512546
0.510134
0.521131
0.513406
0.514636
0.515335
0.51861
0.520937
0.509715
0.525677
0.513013
0.533306
0.513529
0.51957
0.521494
0.513236
0.49678
0.506852
0.520707
0.520567
0.520186
0.504524
0.512876
0.515067
0.513524
0.497047
0.50088
0.525922
0.520014
0.517299
0.531939
0.534283
0.514395
0.518535
0.501068
0.510656
0.509891
0.503139
0.53433
0.535433
0.657942
0.627543
0.541605
0.546723
0.538365
0.520806
0.529226
0.520685
0.512931
0.520671
0.531232
0.513087
0.536393
0.531913
0.515992
0.51053
0.505196
0.514768
0.5222
0.516633
0.602111
0.506142
0.519162
0.524314
0.527762
0.501374
0.510843
0.505694
0.523857
0.686165
0.690382
0.593968
0.519992
0.530285
0.523522
0.509851
0.49718
0.513921
0.525701
0.520539
0.518645
0.501408
0.500106
0.530776
0.518015
0.517576
0.517318
0.667143
0.506545
0.515003
0.532091
0.508691
0.523021
0.554745
0.510185
0.507202
0.502915
0.591868
0.638704
0.512326
0.513793
0.512364
0.508101
0.52657
0.519249
0.525922
0.517415
0.524003
0.521209
0.532834
0.526025
0.530875
0.511149
0.515096
0.514772
0.513557
0.506275
0.505022
0.514582
0.509699
0.512801
0.518392
0.501336
0.503102
0.608301
0.495619
0.504467
0.51107
0.516493
0.620411
0.626439
0.517436
0.513805
0.498909
0.538389
0.544101
0.544793
0.511629
0.538458
0.533341
0.531875
0.51255
0.723409
0.49662
0.506881
0.704744
0.618812
0.508291
0.510173
0.526657
0.534392
0.511254
0.517009
0.516036
0.51198
0.685459
0.555612
0.543324
0.544134
0.513177
0.508952
0.524167
0.646893
0.511017
0.515602
0.50328
0.517361
0.518633
0.509372
0.513251
0.530866
0.519617
0.509891
0.50801
0.527447
0.5144
0.513888
0.512799
0.635307
0.509633
0.502494
0.498438
0.503564
0.519045
0.522596
0.507717
0.513931
0.510718
0.505095
0.522209
0.628325
0.634307
0.523891
0.504407
0.530436
0.514273
0.510089
0.509945
0.506509
0.510447
0.527532
0.499762
0.592305
0.523901
0.501676
0.504589
0.522706
0.521434
0.523401
0.642261
0.513956
0.669558
0.498935
0.502588
0.50127
0.506854
0.529532
0.496974
0.674524
0.521021
0.534596
0.55118
0.510385
0.514786
0.496303
0.50347
0.515861
0.515306
0.562836
0.543384
0.528046
0.538737
0.52472
0.511829
0.51239
0.5729
0.597035
0.509756
0.507462
0.512117
0.513414
0.521147
0.500612
0.502915
0.507173
0.539151
0.534175
0.644087
0.509877
0.521352
0.502985
0.505435
0.509638
0.508415
0.506353
0.514345
0.52492
0.526852
0.539119
0.495827
0.522776
0.535977
0.50404
0.491998
0.507363
0.500483
0.540526
0.53149
0.51996
0.567334
0.589301
0.510588
0.529335
0.517972
0.514683
0.516002
0.516303
0.521016
0.540852
0.565624
0.5276
0.506152
0.573016
0.583753
0.517078
0.514399
0.513994
0.522872
0.521641
0.51035
0.612691
0.506261
0.497456
0.513784
0.512394
0.505382
0.494082
0.495179
0.520093
0.513569
0.510684
0.516193
0.51092
0.515374
0.532635
0.524061
0.533097
0.604947
0.505113
0.51864
0.522393
0.521756
0.538785
0.533677
0.502153
0.524656
0.508035
0.501775
0.515769
0.516892
0.513507
0.509862
0.508805
0.505627
0.521993
0.51829
0.510673
0.524409
0.511847
0.658005
0.504211
0.522103
0.513352
0.498227
0.517581
0.512636
0.51196
0.50882
0.492015
0.49664
0.551551
0.5198
0.519097
0.513319
0.647833
0.50642
0.517418
0.504167
0.527434
0.516954
0.52325
0.512873
0.512934
0.630487
0.498043
0.515723
0.49766
0.511842
0.615732
0.521417
0.520539
0.502766
0.563569
0.539336
0.501654
0.516145
0.52176
0.531862
0.520776
0.503608
0.510296
0.522234
0.514719
0.515118
0.515625
0.512312
0.659098
0.643078
0.55843
0.511724
0.513985
0.509899
0.519865
0.494657
0.527642
0.531147
0.605926
0.538637
0.513822
0.51433
0.534799
0.51956
0.504378
0.492239
0.637816
0.524237
0.520047
0.526486
0.510028
0.509083
0.558978
0.519451
0.514158
0.5024
0.512856
0.5529
0.542686
0.511359
0.501835
0.52817
0.524227
0.505608
0.524698
0.519252
0.514497
0.497532
0.617819
0.528236
0.540557
0.50804
0.502193
0.507868
0.517448
0.588225
0.547578
0.496547
0.51403
0.532212
0.539187
0.496206
0.513896
0.525256
0.513154
0.511325
0.516208
0.516533
0.60248
0.508404
0.510764
0.56257
0.50464
0.524297
0.52134
0.519233
0.515977
0.51953
0.506461
0.53448
0.539267
0.534416
0.513982
0.513436
0.518832
0.611141
0.524751
0.509083
0.513564
0.509166
0.509607
0.509284
0.515855
0.540781
0.512596
0.506149
0.615285
0.499445
0.4992
0.501175
0.655549
0.673822
0.517962
0.517856
0.520664
0.522765
0.506387
0.520654
0.500671
0.511194
0.515592
0.679417
0.643948
0.649337
0.500851
0.526896
0.513034
0.51058
0.51001
0.502094
0.537839
0.515643
0.531269
0.510878
0.539242
0.525735
0.499219
0.536965
0.52046
0.564681
0.532509
0.502225
0.509668
0.519423
0.564982
0.515043
0.542225
0.514202
0.585969
0.525915
0.511672
0.498129
0.498746
0.511706
0.508469
0.511416
0.520511
0.523631
0.573945
0.50959
0.504743
0.51098
0.520543
0.527319
0.525863
0.516362
0.505406
0.497509
0.513847
0.506418
0.538053
0.633266
0.501681
0.521954
0.500187
0.501565
0.513427
0.513288
0.515676
0.528984
0.528773
0.512844
0.511951
0.550288
0.534067
0.50352
0.539281
0.49996
0.491257
0.495973
0.512117
0.518514
0.507565
0.514637
0.541534
0.528979
0.530018
0.53238
0.497469
0.555436
0.512306
0.514083
0.538107
0.536191
0.508354
0.547183
0.500457
0.528794
0.531074
0.506009
0.516996
0.546301
0.518273
0.509089
0.538773
0.529957
0.532588
0.585047
0.597354
0.504737
0.501195
0.550893
0.532847
0.51394
0.526736
0.515765
0.497169
0.508387
0.536309
0.56143
0.524743
0.513746
0.491131
0.531657
0.529936
0.529829
0.514947
0.509661
0.503118
0.639738
0.50253
0.512253
0.515811
0.539251
0.497055
0.494041
0.502848
0.498518
0.515733
0.52751
0.515271
0.537867
0.523141
0.547813
0.500269
0.509227
0.516117
0.51392
0.641159
0.527419
0.554372
0.518215
0.522876
0.514855
0.535089
0.542155
0.540265
0.494059
0.526372
0.562012
0.510237
0.541657
0.540793
0.500699
0.518382
0.514136
0.512982
0.497622
0.502934
0.499276
0.51524
0.511072
0.490957
0.528681
0.496822
0.531036
0.498589
0.523818
0.533033
0.528408
0.537799
0.533985
0.50012
0.514364
0.511354
0.51431
0.533131
0.502863
0.538213
0.499601
0.531089
0.528995
0.533423
0.511715
0.500095
0.514478
0.515878
0.521169
0.498444
0.523394
0.525334
0.533001
0.517304
0.516323
0.514793
0.504711
0.535502
0.613108
0.49693
0.508012
0.524989
0.508819
0.518206
0.499701
0.671673
0.537354
0.53162
0.513297
0.520498
0.526525
0.509489
0.527972
0.540599
0.528553
0.541546
0.499766
0.525701
0.5463
0.510053
0.502127
0.518123
0.492875
0.515872
0.514298
0.535071
0.514317
0.529731
0.617912
0.679193
0.534358
0.498644
0.533376
0.514291
0.497267
0.53192
0.516178
0.52934
0.523824
0.492763
0.526549
0.660225
0.514616
0.513357
0.511414
0.501822
0.514901
0.500018
0.492297
0.525218
0.503066
0.53118
0.539659
0.503579
0.509315
0.539448
0.514395
0.51751
0.497462
0.51422
0.533339
0.576624
0.52222
0.517288
0.50675
0.499887
0.498928
0.511482
0.532943
0.52297
0.534284
0.519881
0.495438
0.504457
0.527668
0.513629
0.562808
0.53206
0.50865
0.496683
0.520511
0.507431
0.496
0.524588
0.553569
0.550891
0.572334
0.527913
0.527517
0.500004
0.514784
0.523037
0.521568
0.509364
0.5183
0.516314
0.523988
0.585718
0.511221
0.504948
0.515207
0.550235
0.54561
0.499931
0.512644
0.499792
0.611844
0.505999
0.511381
0.660282
0.513485
0.526195
0.522956
0.514542
0.547787
0.502726
0.493204
0.51914
0.658378
0.519543
0.529897
0.516671
0.521007
0.511225
0.513554
0.513547
0.515301
0.51088
0.518052
0.588426
0.503974
0.495679
0.514729
0.508674
0.500829
0.522455
0.521808
0.507979
0.515705
0.510758
0.515854
0.516618
0.511199
0.511585
0.514399
0.562152
0.515705
0.51478
0.518476
0.514484
0.518523
0.515429
0.513442
0.506056
0.523377
0.58927
0.574839
0.613085
0.519874
0.51079
0.513159
0.514626
0.509264
0.524779
0.530215
0.534872
0.527775
0.515797
0.512496
0.510885
0.51326
0.514992
0.512296
0.503664
0.513729
0.51397
0.521282
0.514812
0.516699
0.519752
0.520181
0.514716
0.515629
0.513272
0.515865
0.513434
0.507695
0.613685
0.566935
0.516084
0.506583
0.50872
0.511213
0.530975
0.517918
0.659727
0.508242
0.513085
0.516387
0.517904
0.51468
0.511316
0.509846
0.503204
0.539257
0.510247
0.513247
0.561487
0.513097
0.515261
0.651871
0.509686
0.523715
0.515594
0.50721
0.510478
0.515007
0.507603
0.512081
0.514329
0.525123
0.515983
0.518457
0.529336
0.511633
0.511838
0.510808
0.512654
0.518262
0.580595
0.622494
0.512074
0.52607
0.514009
0.504869
0.513824
0.506902
0.532061
0.514747
0.506576
0.514449
0.515218
0.51107
0.636406
0.640037
0.554672
0.514813
0.513953
0.51209
0.520983
0.518902
0.5069
0.504364
0.512311
0.520636
0.502496
0.508279
0.522877
0.510431
0.635027
0.523292
0.510871
0.520223
0.519581
0.52201
0.51294
0.51406
0.512505
0.507365
0.518866
0.625991
0.504789
0.502521
0.512601
0.515722
0.506458
0.520013
0.516439
0.517189
0.525376
0.51419
0.509825
0.504567
0.514665
0.513099
0.513932
0.51593
0.503791
0.624009
0.517552
0.542044
0.501945
0.505233
0.505189
0.515669
0.570589
0.548026
0.510269
0.511096
0.525293
0.520324
0.547248
0.523584
0.522592
0.513004
0.677089
0.499269
0.505661
0.511126
0.503294
0.522344
0.522333
0.50856
0.515333
0.503426
0.513911
0.509819
0.524982
0.526177
0.514475
0.513904
0.516529
0.522971
0.512877
0.523969
0.532504
0.511014
0.52891
0.552191
0.554944
0.504393
0.510789
0.502685
0.514842
0.526925
0.509436
0.512264
0.511592
0.617321
0.602509
0.518992
0.512171
0.51781
0.513629
0.511764
0.51608
0.516616
0.518196
0.499718
0.530217
0.519105
0.509702
0.5095
0.508372
0.528483
0.511849
0.534971
0.5375
0.521585
0.522514
0.574635
0.509597
0.513298
0.512306
0.511131
0.512632
0.507504
0.51695
0.540004
0.509331
0.514809
0.509413
0.499182
0.515097
0.519085
0.598764
0.501198
0.513241
0.514895
0.512353
0.515005
0.511954
0.512322
0.509557
0.520218
0.514989
0.517577
0.514751
0.520486
0.538365
0.514203
0.518882
0.50305
0.552813
0.513792
0.517488
0.511854
0.576861
0.524019
0.529616
0.511029
0.523719
0.542579
0.538654
0.50957
0.504355
0.533692
0.512459
0.52416
0.531097
0.528437
0.510532
0.516305
0.515879
0.593647
0.511475
0.547944
0.551904
0.526059
0.504197
0.503346
0.515626
0.502374
0.520216
0.515702
0.521884
0.523391
0.528115
0.512202
0.544035
0.5185
0.51328
0.524705
0.524001
0.509806
0.506189
0.521611
0.516426
0.510073
0.521622
0.528787
0.517245
0.685275
0.593166
0.528162
0.511165
0.537026
0.533523
0.512812
0.507015
0.516744
0.500998
0.515934
0.510168
0.559435
0.521502
0.513401
0.524651
0.519109
0.575305
0.510431
0.51767
0.539723
0.524198
0.511889
0.518072
0.50635
0.518485
0.517896
0.511828
0.515594
0.543765
0.560895
0.499026
0.509574
0.500651
0.51458
0.508813
0.50903
0.514068
0.517068
0.515848
0.545068
0.520699
0.511602
0.526198
0.526388
0.541705
0.509643
0.51428
0.504372
0.506262
0.652468
0.523192
0.510858
0.528049
0.509265
0.525385
0.517143
0.584106
0.507457
0.51292
0.514603
0.536132
0.517216
0.568041
0.513338
0.508537
0.517564
0.529469
0.526728
0.514376
0.506884
0.513187
0.516906
0.517177
0.513458
0.533268
0.551391
0.528683
0.515301
0.510413
0.508153
0.533664
0.510876
0.499605
0.518747
0.522955
0.5369
0.512858
0.56662
0.512856
0.529293
0.606222
0.508075
0.517172
0.511821
0.520155
0.529504
0.512687
0.519039
0.504112
0.518057
0.518015
0.526861
0.513116
0.508834
0.518498
0.524252
0.514407
0.630407
0.509679
0.524486
0.518986
0.514194
0.514098
0.501645
0.517255
0.513355
0.512181
0.50806
0.505891
0.515221
0.514197
0.512397
0.514093
0.532908
0.511209
0.508478
0.517989
0.521154
0.51209
0.512095
0.511276
0.566115
0.526079
0.521709
0.514594
0.512144
0.51735
0.528482
0.517788
0.516734
0.511015
0.510386
0.511077
0.525936
0.523328
0.515922
0.502964
0.536094
0.514741
0.512459
0.517566
0.524111
0.528428
0.509966
0.499855
0.523937
0.523145
0.525491
0.509655
0.511567
0.50659
0.508652
0.514366
0.509853
0.513347
0.512085
0.516425
0.519306
0.523785
0.506518
0.501829
0.612163
0.512586
0.607329
0.505152
0.635277
0.509118
0.5155
0.585742
0.514368
0.525151
0.502421
0.507421
0.511664
0.529165
0.547421
0.512091
0.522584
0.498825
0.525657
0.509441
0.573713
0.51327
0.613035
0.512766
0.527705
0.518205
0.512618
0.515623
0.517496
0.507843
0.515875
0.522782
0.535121
0.527347
0.511035
0.514254
0.525806
0.515504
0.51295
0.508774
0.521586
0.636882
0.524894
0.531497
0.514911
0.525827
0.530681
0.510556
0.513448
0.525294
0.520992
0.529716
0.510559
0.533423
0.522511
0.527784
0.51419
0.526501
0.527891
0.541581
0.516813
0.5185
0.512444
0.510733
0.523277
0.521659
0.521637
0.50832
