0.514628
0.510168
0.507688
0.521061
0.510181
0.513902
0.550937
0.535005
0.541248
0.524702
0.505894
0.507456
0.54491
0.524345
0.523627
0.525666
0.526644
0.5047
0.498291
0.666892
0.71384
0.698982
0.506401
0.507131
0.504439
0.508207
0.543136
0.506013
0.518213
0.516985
0.50589
0.505282
0.499475
0.500476
0.534654
0.53932
0.543503
0.538574
0.655658
0.614728
0.654957
0.529673
0.513309
0.540873
0.507905
0.504847
0.520657
0.530382
0.530167
0.509348
0.504053
0.518207
0.521025
0.525268
0.518756
0.504068
0.517268
0.516805
0.521137
0.515887
0.519991
0.524633
0.516378
0.538277
0.513427
0.497308
0.506002
0.533912
0.536158
0.51096
0.512886
0.5131
0.516742
0.513999
0.50754
0.522699
0.51726
0.529311
0.539664
0.539351
0.525477
0.528427
0.511142
0.51523
0.523956
0.521182
0.518854
0.507414
0.510554
0.50962
0.511114
0.508416
0.523464
0.520292
0.523767
0.548665
0.560262
0.52943
0.610217
0.500302
0.504837
0.505968
0.509414
0.604426
0.594249
0.505562
0.505891
0.529466
0.525635
0.508914
0.508539
0.661809
0.602127
0.503606
0.503981
0.499249
0.515381
0.505347
0.509785
0.522004
0.49156
0.514496
0.513188
0.52141
0.541755
0.539539
0.542883
0.533834
0.503434
0.502467
0.505138
0.520261
0.524913
0.521444
0.522441
0.522669
0.523515
0.519098
0.524876
0.525757
0.524371
0.510972
0.514086
0.507325
0.520746
0.519597
0.537213
0.532879
0.510943
0.509483
0.510902
0.50933
0.506501
0.509733
0.504138
0.505581
0.51593
0.51105
0.519113
0.499809
0.502997
0.504152
0.510293
0.518267
0.530115
0.528793
0.515379
0.519171
0.510737
0.511653
0.511673
0.51173
0.512727
0.684027
0.512419
0.516326
0.511652
0.523211
0.520286
0.522408
0.515339
0.555829
0.514584
0.51625
0.511571
0.508875
0.533366
0.492958
0.493852
0.498913
0.497958
0.508036
0.503875
0.517734
0.522415
0.511523
0.516731
0.501464
0.503263
0.499861
0.512223
0.512054
0.503548
0.509383
0.504923
0.695069
0.514237
0.513803
0.523232
0.523384
0.499667
0.504453
0.773458
0.519568
0.522102
0.526867
0.524003
0.518697
0.508919
0.516766
0.515127
0.517595
0.581123
0.588423
0.515695
0.5163
0.510213
0.577638
0.571018
0.609119
0.585344
0.612535
0.506483
0.502193
0.635677
0.587326
0.511008
0.509746
0.518581
0.515813
0.615184
0.687038
0.660039
0.625448
0.660546
0.606773
0.521792
0.527374
0.505255
0.505403
0.507583
0.534756
0.518659
0.589201
0.697782
0.745164
0.513799
0.504735
0.512486
0.668491
0.512324
0.52937
0.520397
0.522863
0.514922
0.512344
0.512426
0.527799
0.528175
0.499592
0.505519
0.501285
0.519829
0.516399
0.519525
0.554023
0.551092
0.513484
0.512444
0.505296
0.522116
0.522245
0.525271
0.535447
0.538301
0.535044
0.537151
0.495991
0.505272
0.514242
0.512374
0.582011
0.572769
0.542421
0.564074
0.502668
0.498476
0.499581
0.517249
0.513982
0.509123
0.501639
0.51018
0.508987
0.519992
0.522923
0.518123
0.517276
0.514915
0.513072
0.518566
0.506395
0.502214
0.565664
0.525645
0.531182
0.526916
0.523249
0.524538
0.540743
0.5144
0.521044
0.520447
0.521963
0.524404
0.52408
0.52854
0.521001
0.507922
0.529083
0.52608
0.52048
0.632636
0.598787
0.519004
0.52497
0.513479
0.512039
0.515119
0.498432
0.503834
0.526596
0.529975
0.530743
0.522635
0.526051
0.527287
0.524524
0.524815
0.523395
0.52029
0.51883
0.514666
0.513257
0.512325
0.513699
0.514086
0.519627
0.506255
0.508833
0.507791
0.509421
0.513321
0.516438
0.515689
0.509642
0.527906
0.522294
0.509228
0.503038
0.504336
0.505646
0.513557
0.512728
0.513732
0.507573
0.503205
0.51008
0.508026
0.514636
0.509659
0.517594
0.514299
0.51528
0.51221
0.50872
0.507552
0.526219
0.530008
0.523988
0.517635
0.617657
0.623693
0.586992
0.593616
0.507998
0.510347
0.512986
0.513183
0.52003
0.541377
0.531332
0.535682
0.522513
0.509002
0.513677
0.524936
0.516699
0.512136
0.653073
0.605858
0.508705
0.509552
0.660299
0.729621
0.504819
0.509626
0.508591
0.524052
0.512971
0.517515
0.520871
0.522158
0.533077
0.502738
0.517972
0.516019
0.520898
0.516101
0.514716
0.52293
0.521267
0.507284
0.503444
0.506677
0.512165
0.508683
0.516862
0.507102
0.508644
0.508877
0.526256
0.496298
0.502184
0.537772
0.515822
0.513726
0.532096
0.521204
0.519273
0.523168
0.522049
0.51191
0.510209
0.524282
0.52197
0.518643
0.588654
0.518084
0.517897
0.522565
0.57475
0.524188
0.524288
0.557087
0.507689
0.504497
0.50449
0.515546
0.512957
0.52581
0.525167
0.516214
0.523138
0.533356
0.521546
0.524465
0.520149
0.515583
0.525071
0.51214
0.512422
0.512891
0.515711
0.504984
0.513592
0.514552
0.504534
0.514812
0.512262
0.518318
0.521039
0.500626
0.499325
0.525127
0.508185
0.512833
0.514522
0.514332
0.508366
0.507841
0.64029
0.629083
0.575019
0.598523
0.559904
0.589076
0.521557
0.520971
0.533131
0.536343
0.521334
0.505784
0.523787
0.533901
0.500211
0.584801
0.512149
0.518246
0.51812
0.507184
0.503481
0.506074
0.531146
0.528678
0.515569
0.51823
0.511233
0.538457
0.516499
0.506398
0.531043
0.53239
0.502907
0.502096
0.507918
0.626504
0.65802
0.513209
0.514683
0.525574
0.52386
0.525176
0.522872
0.512245
0.513957
0.513657
0.51367
0.514987
0.532074
0.510286
0.509146
0.51996
0.518846
0.514418
0.513203
0.524661
0.501987
0.532229
0.529964
0.534042
0.515035
0.513684
0.516522
0.508419
0.516335
0.513919
0.511429
0.513243
0.53169
0.540762
0.527687
0.529508
0.509907
0.512856
0.516091
0.508374
0.519868
0.512264
0.513348
0.514525
0.518209
0.500588
0.501916
0.509384
0.508349
0.513151
0.509879
0.511094
0.512794
0.755045
0.51184
0.513793
0.538051
0.538593
0.645832
0.505451
0.497629
0.52905
0.503016
0.507993
0.492035
0.502169
0.497393
0.516777
0.517981
0.518925
0.519771
0.504964
0.503519
0.587307
0.496532
0.513784
0.514099
0.514186
0.516023
0.506963
0.545827
0.573414
0.533293
0.51392
0.506474
0.510732
0.509401
0.526395
0.501595
0.535016
0.499375
0.503497
0.520732
0.519997
0.52879
0.506106
0.55197
0.510342
0.524568
0.5295
0.515913
0.511927
0.530469
0.53272
0.530715
0.528583
0.568491
0.512094
0.520274
0.499973
0.508391
0.51247
0.506251
0.502249
0.539308
0.53477
0.687012
0.520578
0.514348
0.525851
0.52396
0.522819
0.544247
0.547902
0.512681
0.525727
0.521625
0.537876
0.535906
0.510627
0.523108
0.510336
0.50592
0.513003
0.514498
0.512017
0.515859
0.518559
0.519868
0.52168
0.521271
0.530678
0.493076
0.51737
0.519141
0.519089
0.53318
0.533437
0.506351
0.506398
0.530956
0.526166
0.524307
0.536269
0.53399
0.525184
0.531277
0.598699
0.597245
0.611152
0.537229
0.53649
0.514378
0.515769
0.515206
0.525664
0.521937
0.527242
0.512184
0.504374
0.549874
0.520942
0.522306
0.709701
0.510015
0.505134
0.534265
0.533028
0.52701
0.535759
0.513057
0.523749
0.533693
0.533775
0.530135
0.53634
0.635029
0.528439
0.519406
0.517614
0.509411
0.522887
0.509945
0.512897
0.509238
0.508081
0.526553
0.504688
0.528491
0.512815
0.524087
0.538541
0.517605
0.509172
0.538948
0.533219
0.532198
0.536469
0.545595
0.516708
0.52824
0.512247
0.507398
0.601043
0.513603
0.519546
0.508685
0.509835
0.78881
0.512064
0.51069
0.640678
0.664981
0.506701
0.499907
0.546452
0.502713
0.508051
0.594946
0.519356
0.537415
0.51779
0.521963
0.636869
0.500749
0.505679
0.508276
0.533325
0.527968
0.520769
0.504396
0.504206
0.507883
0.51482
0.539822
0.508971
0.509825
0.512735
0.514031
0.519441
0.523926
0.520778
0.505383
0.515594
0.51684
0.508316
0.500111
0.50153
0.507531
0.519401
0.517783
0.518925
0.512794
0.513365
0.551938
0.523238
0.519091
0.502085
0.520078
0.534237
0.534624
0.530957
0.525999
0.499467
0.509586
0.509797
0.509295
0.505181
0.496262
0.526829
0.516542
0.537861
0.535599
0.541618
0.541976
0.53792
0.519682
0.520711
0.500519
0.506454
0.527096
0.520482
0.514448
0.516625
0.526683
0.514717
0.50666
0.511715
0.505247
0.626659
0.522713
0.519718
0.521959
0.5103
0.615393
0.597629
0.510276
0.511338
0.517765
0.515148
0.532584
0.540487
0.526994
0.502537
0.506608
0.534966
0.543488
0.532617
0.518471
0.50574
0.49807
0.51542
0.491387
0.520864
0.525324
0.513428
0.500125
0.504342
0.528797
0.51711
0.703808
0.509976
0.513013
0.533721
0.511422
0.614361
0.521761
0.536559
0.532576
0.508055
0.501889
0.534934
0.525338
0.514239
0.527064
0.528634
0.5162
0.526442
0.525767
0.527575
0.528402
0.530044
0.51306
0.514186
0.506674
0.508975
0.507887
0.506926
0.509912
0.510986
0.511393
0.51355
0.515602
0.506264
0.509725
0.509818
0.554068
0.517202
0.510211
0.520112
0.578479
0.493926
0.572756
0.501991
0.504413
0.511472
0.496641
0.538167
0.542149
0.541547
0.511047
0.536366
0.529796
0.512493
0.689897
0.692998
0.689826
0.660186
0.616463
0.540475
0.534388
0.598317
0.503232
0.529122
0.533221
0.510777
0.51206
0.510581
0.512069
0.509399
0.492501
0.654583
0.734121
0.525858
0.578954
0.541006
0.5064
0.511605
0.50446
0.552516
0.547718
0.50133
0.528204
0.518054
0.520133
0.513003
0.516145
0.507708
0.519072
0.514599
0.504144
0.514376
0.513684
0.512632
0.513596
0.727826
0.734055
0.517199
0.511256
0.513322
0.537187
0.506137
0.498549
0.512885
0.512471
0.515529
0.522258
0.641749
0.638619
0.519729
0.533514
0.509033
0.524494
0.54374
0.529825
0.525338
0.514034
0.503478
0.509855
0.511568
0.546794
0.746787
0.499683
0.543757
0.597182
0.521571
0.507217
0.503745
0.503623
0.507873
0.527431
0.521071
0.502131
0.517031
0.522999
0.4953
0.499503
0.513363
0.534278
0.529398
0.759026
0.75755
0.561226
0.531367
0.504697
0.508076
0.500093
0.507182
0.499022
0.586215
0.520506
0.497845
0.499209
0.531386
0.54018
0.509165
0.510086
0.511126
0.504978
0.513048
0.559095
0.564426
0.518009
0.509842
0.56832
0.509405
0.515111
0.518151
0.498237
0.504397
0.540134
0.510159
0.596098
0.506582
0.508274
0.506486
0.522603
0.506465
0.520907
0.506213
0.558433
0.498107
0.521545
0.507099
0.503257
0.505255
0.501416
0.538756
0.524584
0.572929
0.596279
0.604242
0.518832
0.499021
0.515091
0.51219
0.517107
0.521009
0.528918
0.503389
0.506316
0.514689
0.534048
0.52799
0.512186
0.507521
0.513645
0.617369
0.509897
0.51683
0.517555
0.510815
0.50771
0.535069
0.510552
0.518496
0.515313
0.517753
0.504259
0.533035
0.528519
0.525677
0.497711
0.715808
0.521904
0.512139
0.501113
0.525623
0.519908
0.52023
0.523282
0.492694
0.525195
0.505885
0.518034
0.51536
0.50993
0.534534
0.509645
0.523224
0.514473
0.505674
0.496463
0.509201
0.633137
0.504891
0.510242
0.503549
0.509486
0.510615
0.522749
0.519827
0.528647
0.51543
0.50918
0.58206
0.511934
0.499282
0.504851
0.514425
0.518156
0.500347
0.506913
0.497076
0.525808
0.525066
0.498335
0.513838
0.518875
0.521412
0.498659
0.505048
0.523638
0.522993
0.519511
0.522481
0.502376
0.520601
0.518305
0.535485
0.534993
0.522623
0.505243
0.512602
0.515408
0.5159
0.626559
0.503098
0.528892
0.492341
0.499843
0.529616
0.513834
0.562905
0.558513
0.499046
0.638554
0.539055
0.5308
0.519288
0.498718
0.513879
0.515053
0.536012
0.532429
0.49756
0.501672
0.4929
0.64648
0.52213
0.516691
0.580645
0.513221
0.514615
0.510456
0.547994
0.520222
0.542047
0.501939
0.527363
0.525882
0.503767
0.504254
0.523174
0.518623
0.502018
0.507331
0.627105
0.528799
0.540294
0.512865
0.505369
0.508402
0.515869
0.548573
0.548888
0.664914
0.52478
0.523929
0.532745
0.515303
0.521359
0.533124
0.568757
0.500745
0.522561
0.511853
0.508212
0.522882
0.497522
0.498485
0.543505
0.510544
0.519653
0.517626
0.521301
0.539865
0.535009
0.509279
0.534236
0.500821
0.51221
0.611038
0.514255
0.512934
0.51336
0.505293
0.514171
0.509772
0.506873
0.501901
0.506942
0.519984
0.515306
0.50888
0.51086
0.507643
0.582569
0.517871
0.517219
0.49949
0.514861
0.522328
0.679375
0.533912
0.521848
0.515096
0.498962
0.507432
0.51231
0.721246
0.50911
0.510852
0.501759
0.532075
0.510646
0.534589
0.498429
0.526074
0.609749
0.55791
0.499989
0.515056
0.510283
0.501207
0.519311
0.51367
0.570097
0.513754
0.523924
0.59502
0.498057
0.551569
0.543101
0.496992
0.519338
0.511145
0.499202
0.510846
0.509545
0.51061
0.528682
0.521795
0.513133
0.737548
0.593211
0.522009
0.526562
0.523736
0.505779
0.713072
0.649696
0.5059
0.498474
0.634151
0.53617
0.501421
0.522761
0.500474
0.503608
0.510674
0.515466
0.513252
0.546466
0.509634
0.534136
0.526998
0.541266
0.507309
0.503135
0.536595
0.53151
0.539041
0.613981
0.523735
0.500761
0.522623
0.512536
0.520558
0.5211
0.532333
0.530881
0.500201
0.526334
0.558993
0.499817
0.514287
0.578551
0.491171
0.509981
0.530262
0.504054
0.527577
0.532865
0.5154
0.501839
0.505199
0.520125
0.509879
0.509667
0.56666
0.509857
0.545867
0.497352
0.500463
0.532433
0.53516
0.53757
0.537322
0.511456
0.521223
0.502151
0.497059
0.531164
0.519224
0.511079
0.518691
0.521594
0.498783
0.521578
0.501222
0.611618
0.492758
0.520331
0.507989
0.52003
0.524335
0.532685
0.528214
0.524988
0.509483
0.517434
0.508354
0.747156
0.497497
0.51342
0.540766
0.541936
0.492035
0.506711
0.514288
0.528808
0.52363
0.515082
0.538674
0.522617
0.497405
0.525974
0.493766
0.497579
0.5832
0.58234
0.575543
0.533044
0.50995
0.513383
0.50199
0.541134
0.52085
0.654796
0.537635
0.506649
0.655841
0.559033
0.519323
0.517955
0.507529
0.497089
0.514876
0.519767
0.538618
0.53045
0.49277
0.527341
0.523429
0.514093
0.511882
0.539963
0.512191
0.512598
0.500546
0.505247
0.54135
0.527234
0.525831
0.517078
0.497676
0.515356
0.49985
0.505549
0.528592
0.499326
0.512993
0.533007
0.492955
0.494974
0.525845
0.543085
0.531925
0.524181
0.538517
0.533386
0.512728
0.500517
0.514613
0.505633
0.539644
0.576294
0.529173
0.529359
0.529569
0.534567
0.51796
0.520347
0.580462
0.510144
0.524848
0.53274
0.530586
0.509777
0.535501
0.496621
0.510087
0.5213
0.507221
0.520514
0.501663
0.539131
0.5168
0.519745
0.502332
0.528284
0.527779
0.498671
0.497642
0.533966
0.510798
0.541144
0.528629
0.551911
0.528388
0.516976
0.543899
0.503084
0.543349
0.539043
0.530675
0.498475
0.533366
0.496063
0.496575
0.717618
0.498914
0.515798
0.532178
0.538539
0.509781
0.529145
0.675461
0.523487
0.511145
0.521249
0.535113
0.514041
0.500798
0.492975
0.511967
0.504357
0.500486
0.510846
0.506673
0.520048
0.508226
0.532691
0.521534
0.516598
0.514221
0.526552
0.513754
0.505886
0.501643
0.500208
0.540853
0.529173
0.522149
0.603101
0.503761
0.527081
0.50367
0.568645
0.532078
0.50131
0.514132
0.507862
0.525279
0.563403
0.557605
0.539785
0.539094
0.527507
0.509842
0.541294
0.511474
0.51653
0.513204
0.5212
0.52023
0.523499
0.514387
0.511676
0.514431
0.524232
0.509972
0.508881
0.517021
0.517254
0.545828
0.541855
0.544395
0.519222
0.521825
0.520265
0.513691
0.516418
0.523223
0.611756
0.5069
0.507756
0.510476
0.644842
0.698422
0.630422
0.610109
0.524363
0.509101
0.509276
0.564211
0.519193
0.521366
0.525876
0.51134
0.556372
0.537764
0.507067
0.517323
0.517217
0.516301
0.519237
0.512763
0.512963
0.508447
0.51936
0.511086
0.635887
0.516751
0.523022
0.522148
0.518772
0.514868
0.508005
0.522942
0.528255
0.515593
0.526675
0.512227
0.520235
0.520928
0.506615
0.519141
0.512927
0.526384
0.515567
0.516136
0.547329
0.506251
0.523067
0.509128
0.508209
0.510281
0.513007
0.512684
0.511821
0.514753
0.559376
0.513752
0.514129
0.508166
0.532525
0.516771
0.524898
0.63256
0.510271
0.509198
0.592994
0.524445
0.505471
0.51574
0.518596
0.513742
0.517249
0.514063
0.5171
0.502656
0.516029
0.511004
0.515274
0.515279
0.514108
0.51035
0.509898
0.509399
0.52813
0.503718
0.508868
0.519322
0.527019
0.529989
0.512745
0.518888
0.516107
0.519762
0.533728
0.506748
0.520558
0.51398
0.518067
0.504526
0.504918
0.522773
0.677016
0.511381
0.5067
0.513791
0.527682
0.529499
0.505183
0.498752
0.509607
0.510186
0.50242
0.514564
0.524494
0.519782
0.523593
0.548541
0.613685
0.515513
0.53143
0.521884
0.606515
0.524265
0.511885
0.513077
0.512813
0.515367
0.511717
0.507177
0.517498
0.514387
0.554221
0.508493
0.504149
0.532346
0.519004
0.524985
0.512515
0.509173
0.525701
0.513294
0.516058
0.51584
0.51366
0.514312
0.519007
0.515382
0.544939
0.534847
0.509706
0.506436
0.507677
0.500826
0.511439
0.509263
0.529913
0.510103
0.515145
0.506095
0.505249
0.519076
0.526586
0.518818
0.522162
0.521655
0.510516
0.512544
0.521147
0.508004
0.513872
0.509455
0.522354
0.608932
0.540406
0.5067
0.525516
0.515182
0.518266
0.532845
0.519786
0.516156
0.515038
0.523316
0.511803
0.510849
0.512462
0.508862
0.510591
0.55146
0.517569
0.511267
0.506062
0.543562
0.558043
0.52741
0.528086
0.511374
0.521993
0.511509
0.518552
0.511289
0.512854
0.508981
0.529146
0.52524
0.513409
0.510942
0.586825
0.526069
0.510228
0.56472
0.504692
0.527479
0.512299
0.506113
0.518364
0.52282
0.528898
0.53278
0.512919
0.652101
0.654468
0.665339
0.516107
0.520117
0.514105
0.513616
0.509628
0.516362
0.636819
0.619568
0.511156
0.514813
0.513663
0.511667
0.512435
0.517434
0.513393
0.505603
0.532072
0.516485
0.514712
0.524912
0.521214
0.518969
0.520661
0.5504
0.51065
0.507103
0.512657
0.513547
0.512098
0.513365
0.567781
0.515235
0.550379
0.561103
0.524871
0.530936
0.510494
0.530257
0.527647
0.561323
0.540985
0.512384
0.509545
0.511624
0.521432
0.519294
0.518988
0.507685
0.58283
0.521885
0.519578
0.528275
0.505174
0.525942
0.517851
0.524978
0.536662
0.515494
0.512399
0.513982
0.52158
0.553377
0.542881
0.556114
0.51741
0.515509
0.517862
0.512404
0.526308
0.519273
0.52793
0.511725
0.510933
0.536236
0.5207
0.526127
0.507973
0.523385
0.52938
0.519017
0.524374
0.515717
0.512141
0.526662
0.521423
0.520795
0.509848
0.507174
0.513922
0.518642
0.510545
0.53147
0.509396
0.520706
0.513747
0.523214
0.504491
0.507405
0.511109
0.515484
0.516078
0.530312
0.511844
0.574838
0.524917
0.544173
0.501573
0.525419
0.516951
0.52212
0.578737
0.507837
0.521183
0.528847
0.526143
0.519638
0.64827
0.513907
0.500194
0.525587
0.512993
0.521336
0.520538
0.50708
0.503213
0.685225
0.513073
0.511932
0.514702
0.505433
0.505995
0.52314
0.510394
0.518477
0.507561
0.524155
0.510362
0.521771
0.538381
0.507434
0.521201
0.564535
0.522716
0.751518
0.522858
0.507418
0.529347
0.509871
0.515995
0.529881
0.527518
0.511571
0.681143
0.509924
0.528147
0.536032
0.529709
0.502298
0.503085
0.571312
0.522523
0.520425
0.53901
0.510436
0.516202
0.509497
0.526623
0.508205
0.508468
0.508145
0.51689
0.50839
0.511089
0.516699
0.512164
0.526385
0.510516
0.509578
0.514373
0.512729
0.509115
0.529575
0.518273
0.499229
0.513096
0.614801
0.521202
0.536994
0.531448
0.512529
0.509784
0.590782
0.503656
0.517053
0.500599
0.527075
0.517003
0.514452
0.589508
0.525821
0.702652
0.510597
0.523424
0.512605
0.514307
0.534967
0.511478
0.520685
0.514768
0.528944
0.524392
0.515774
0.505123
0.519562
0.516525
0.509728
0.514047
0.531772
0.50875
0.513347
0.504375
0.533764
0.524028
0.512011
0.548163
0.509681
0.517561
0.741285
0.507052
0.512517
0.636552
0.518785
0.52929
0.55743
0.50549
0.499687
0.507011
0.518698
0.52318
0.506298
0.521766
0.509891
0.527452
0.524089
0.509336
0.518183
0.504395
0.538086
0.511429
0.522883
0.512892
0.509613
0.508835
0.519278
0.569759
0.524334
0.512355
0.528548
0.509987
0.508204
0.5157
0.525287
0.513236
0.514072
0.523368
0.563407
0.508686
0.508749
0.590492
0.520881
0.51298
0.515738
0.507473
0.523233
0.545801
0.56335
0.511789
0.509603
0.517949
0.5222
0.523849
0.510218
0.535235
0.510293
0.509882
0.638097
0.513588
0.507497
0.528988
0.504777
0.514416
0.519268
0.514067
0.542503
0.518676
0.511531
0.507042
0.51053
0.503656
0.532484
0.521628
0.519536
0.507843
0.527923
0.527706
0.511747
0.523431
0.504454
0.509609
0.511637
0.51377
0.521044
0.530312
0.527685
0.539147
0.502789
0.515167
0.507751
0.522341
0.528829
0.518543
0.50772
0.58612
0.51423
0.511576
0.562065
0.663969
0.527456
0.513352
0.531015
0.508554
0.521622
0.512313
0.519487
0.531437
0.568107
0.513641
0.525047
0.51651
0.529243
0.561529
0.520268
0.511199
0.521288
0.531151
0.521224
0.50862
0.523552
0.513977
0.591222
0.519937
0.502691
0.513684
0.507631
0.511311
0.506064
0.520133
0.50294
0.517679
0.524251
0.520084
0.520437
