0.509095
0.512363
0.508248
0.511112
0.519506
0.517305
0.610409
0.625489
0.555306
0.54396
0.55656
0.526507
0.528645
0.540188
0.529304
0.506538
0.553788
0.524985
0.522868
0.522748
0.523498
0.521091
0.499824
0.502685
0.507168
0.506402
0.507981
0.505993
0.512527
0.508803
0.511249
0.529811
0.527479
0.504848
0.505586
0.500759
0.538762
0.537585
0.538599
0.591906
0.601367
0.581402
0.525262
0.51126
0.510144
0.540827
0.498869
0.502667
0.50452
0.512602
0.516772
0.543343
0.5403
0.537938
0.539547
0.49935
0.530206
0.525068
0.522102
0.51552
0.520904
0.517873
0.525247
0.524795
0.53065
0.514309
0.509178
0.531222
0.526152
0.516572
0.516747
0.530886
0.525059
0.524181
0.516397
0.524654
0.535093
0.540263
0.533173
0.489996
0.511442
0.512155
0.659549
0.613877
0.629439
0.510152
0.50747
0.507881
0.524773
0.515504
0.528361
0.516933
0.575912
0.572246
0.569585
0.53739
0.532203
0.53221
0.528805
0.531075
0.524904
0.528662
0.517742
0.515166
0.525353
0.508336
0.505725
0.511882
0.508956
0.494141
0.496819
0.515925
0.516503
0.512415
0.532737
0.530869
0.524111
0.526038
0.565191
0.517938
0.519531
0.562358
0.499089
0.506783
0.593215
0.609525
0.58629
0.50395
0.531745
0.523927
0.521808
0.525216
0.528214
0.525539
0.527237
0.516509
0.51382
0.496036
0.502476
0.696355
0.65619
0.624146
0.506642
0.505643
0.513131
0.512663
0.504533
0.504659
0.5245
0.527179
0.51323
0.512071
0.523212
0.529076
0.592194
0.49033
0.510124
0.511564
0.523454
0.519335
0.51921
0.507971
0.54255
0.549477
0.538541
0.535083
0.506266
0.506867
0.504347
0.508126
0.518522
0.519571
0.519931
0.516595
0.52091
0.527984
0.522094
0.52634
0.526419
0.501993
0.509547
0.502521
0.509255
0.512658
0.52614
0.538936
0.5208
0.51799
0.506361
0.509487
0.50768
0.505647
0.509152
0.514609
0.513669
0.518103
0.506742
0.506569
0.512852
0.502345
0.51762
0.517076
0.511437
0.512804
0.511616
0.508456
0.520665
0.526101
0.778288
0.516302
0.52023
0.522306
0.516916
0.524067
0.511275
0.517928
0.523406
0.523708
0.530736
0.529115
0.554256
0.513741
0.511424
0.510918
0.524339
0.529364
0.495974
0.499805
0.506967
0.50324
0.506405
0.517017
0.519037
0.520244
0.511221
0.517087
0.501645
0.512205
0.514045
0.509496
0.597898
0.522722
0.520743
0.49985
0.677741
0.739661
0.517279
0.499777
0.501388
0.505383
0.53738
0.518579
0.515002
0.516
0.513659
0.50548
0.503798
0.509473
0.514763
0.585829
0.574168
0.591702
0.520508
0.512717
0.606087
0.565577
0.564723
0.507936
0.516961
0.516067
0.527196
0.526175
0.532262
0.616812
0.631988
0.517989
0.52386
0.500431
0.513411
0.509118
0.761373
0.5149
0.51352
0.631944
0.62623
0.508326
0.506838
0.504448
0.533614
0.518134
0.521705
0.541053
0.522039
0.619939
0.618159
0.503632
0.50949
0.523057
0.522684
0.59794
0.518294
0.515244
0.529704
0.514076
0.511869
0.512712
0.524349
0.518504
0.509676
0.51065
0.516503
0.516116
0.519028
0.512887
0.513993
0.519756
0.522519
0.50028
0.504865
0.503117
0.517067
0.581613
0.506476
0.496288
0.499233
0.517641
0.514533
0.506
0.509213
0.507994
0.502915
0.498201
0.506387
0.516798
0.522576
0.524816
0.512299
0.513904
0.498833
0.515125
0.565457
0.520673
0.515862
0.535895
0.545371
0.519833
0.528887
0.526356
0.516011
0.516295
0.521205
0.522233
0.521005
0.523353
0.522656
0.525916
0.523074
0.503473
0.520444
0.645423
0.535265
0.523771
0.524141
0.511619
0.510473
0.496968
0.500475
0.519912
0.531042
0.526545
0.515349
0.523912
0.525926
0.51142
0.510024
0.528843
0.512942
0.505754
0.515153
0.517899
0.504027
0.506088
0.517013
0.505032
0.505605
0.513008
0.516299
0.506804
0.503935
0.527571
0.531532
0.531058
0.516997
0.5205
0.520317
0.504993
0.498358
0.5014
0.659561
0.704046
0.510127
0.509352
0.506138
0.514528
0.504418
0.50498
0.508443
0.516853
0.503685
0.513296
0.5073
0.522858
0.522026
0.523747
0.523248
0.521593
0.559092
0.564237
0.520691
0.540184
0.539303
0.531571
0.527736
0.523215
0.504181
0.50846
0.504285
0.515089
0.514832
0.508994
0.597016
0.612633
0.508872
0.50973
0.5061
0.50817
0.625572
0.669673
0.508604
0.502821
0.511958
0.521483
0.510559
0.515576
0.519317
0.522114
0.532943
0.494583
0.517491
0.517774
0.517937
0.514499
0.518574
0.509089
0.506758
0.509188
0.502902
0.503184
0.515185
0.512016
0.506455
0.50671
0.506445
0.519584
0.500293
0.500197
0.541795
0.534563
0.528537
0.517041
0.51371
0.508999
0.504467
0.52114
0.521029
0.627552
0.525059
0.519038
0.517835
0.583288
0.527067
0.569878
0.572785
0.557265
0.513395
0.509322
0.511499
0.51252
0.512446
0.524347
0.524175
0.523126
0.522509
0.512997
0.521344
0.520599
0.519752
0.511275
0.51352
0.514628
0.520771
0.522143
0.515871
0.519631
0.49819
0.508516
0.536302
0.5306
0.513654
0.511888
0.521684
0.523282
0.51891
0.514404
0.51288
0.516676
0.495782
0.507152
0.507451
0.535032
0.512606
0.510611
0.514876
0.513828
0.51425
0.57193
0.521211
0.518802
0.523093
0.530628
0.538299
0.496841
0.509977
0.520939
0.517879
0.500231
0.602535
0.580498
0.517938
0.512672
0.506372
0.508877
0.528191
0.521194
0.525356
0.513149
0.512051
0.511098
0.535864
0.515253
0.503155
0.504408
0.507773
0.503439
0.50359
0.623979
0.516742
0.514088
0.520317
0.519058
0.524844
0.516067
0.530333
0.53672
0.532364
0.515544
0.514597
0.502964
0.509144
0.501141
0.532123
0.532134
0.527424
0.519966
0.520769
0.528347
0.511714
0.511921
0.515129
0.511649
0.515991
0.524287
0.529057
0.531639
0.526003
0.512617
0.518844
0.506281
0.507174
0.666968
0.704683
0.509364
0.511163
0.512886
0.50461
0.508566
0.512508
0.508556
0.503442
0.508821
0.509879
0.67265
0.650489
0.684119
0.504639
0.512017
0.502637
0.524403
0.53792
0.535155
0.504381
0.508912
0.624933
0.63818
0.619063
0.500011
0.524631
0.520435
0.491834
0.503708
0.495672
0.516323
0.518422
0.518257
0.518439
0.518411
0.504543
0.4988
0.500157
0.509473
0.505705
0.536172
0.532062
0.510863
0.517195
0.517217
0.501571
0.502483
0.524571
0.571375
0.556109
0.498265
0.504774
0.529218
0.509272
0.550291
0.507332
0.504909
0.511375
0.52911
0.53195
0.517846
0.520158
0.569094
0.519352
0.530746
0.520847
0.51714
0.523266
0.494707
0.511853
0.503695
0.540351
0.535651
0.503963
0.509241
0.508044
0.515591
0.516347
0.515191
0.498455
0.511916
0.526183
0.548893
0.52179
0.522125
0.543513
0.545026
0.548807
0.509221
0.535918
0.523335
0.515297
0.512297
0.523329
0.511001
0.507668
0.502333
0.512792
0.512974
0.515683
0.515793
0.515397
0.518155
0.521432
0.492161
0.508251
0.513366
0.530282
0.529233
0.529258
0.524524
0.524089
0.533726
0.57416
0.5284
0.59482
0.535231
0.536134
0.521638
0.517029
0.5175
0.516509
0.520188
0.507523
0.548929
0.548053
0.521388
0.519709
0.670684
0.650897
0.506702
0.541141
0.525895
0.533351
0.535146
0.510168
0.514683
0.532387
0.534024
0.533021
0.528428
0.533941
0.622955
0.612889
0.521791
0.514832
0.506637
0.517542
0.506468
0.527152
0.579359
0.570593
0.496809
0.51332
0.525205
0.509365
0.53123
0.526508
0.546663
0.522278
0.539893
0.53196
0.49759
0.525113
0.525025
0.507114
0.522034
0.513617
0.518776
0.509224
0.510124
0.516461
0.509769
0.651611
0.588402
0.501661
0.543794
0.544305
0.541747
0.529352
0.523254
0.500933
0.564633
0.515545
0.51756
0.535718
0.533699
0.522142
0.587368
0.497913
0.504985
0.508453
0.513677
0.517414
0.506769
0.50379
0.508875
0.507671
0.514087
0.512944
0.532185
0.521345
0.519666
0.504638
0.510032
0.513749
0.518489
0.518098
0.500279
0.506012
0.505131
0.51943
0.535197
0.552418
0.522171
0.526156
0.531734
0.516202
0.5325
0.534052
0.533545
0.527532
0.503433
0.508163
0.507945
0.524467
0.509138
0.51049
0.503727
0.509501
0.527021
0.516019
0.515184
0.54048
0.539923
0.519234
0.519822
0.532415
0.504591
0.505231
0.501692
0.509943
0.524872
0.520353
0.525567
0.543168
0.500213
0.517028
0.517452
0.505878
0.504621
0.66508
0.51103
0.522714
0.520018
0.497987
0.515849
0.521589
0.510342
0.519173
0.513558
0.518751
0.591127
0.586577
0.506486
0.52027
0.519008
0.511303
0.526699
0.535233
0.52199
0.526497
0.529855
0.5086
0.524632
0.522114
0.528541
0.514473
0.500455
0.50918
0.492072
0.512332
0.492069
0.518803
0.519865
0.518542
0.52156
0.505179
0.522274
0.537458
0.506361
0.520809
0.641866
0.504059
0.517995
0.510414
0.503865
0.518519
0.520392
0.575587
0.521424
0.519821
0.539665
0.529688
0.518723
0.519041
0.50977
0.537077
0.513586
0.515074
0.529079
0.55687
0.571378
0.5276
0.525199
0.52751
0.509789
0.525771
0.514254
0.511928
0.507299
0.509843
0.496988
0.511921
0.507259
0.509886
0.508018
0.50762
0.508296
0.542553
0.507987
0.518088
0.507539
0.546597
0.518455
0.504736
0.493459
0.517885
0.50446
0.514245
0.493544
0.547912
0.511404
0.53014
0.512976
0.533644
0.536573
0.503873
0.619528
0.652697
0.531837
0.522669
0.525759
0.571821
0.524954
0.552798
0.511363
0.515192
0.512236
0.517971
0.509429
0.510332
0.515453
0.498806
0.540354
0.552806
0.510668
0.515218
0.50386
0.517484
0.518264
0.516205
0.584475
0.602988
0.51381
0.528953
0.695848
0.718372
0.500475
0.503703
0.511636
0.509455
0.556263
0.558762
0.506028
0.532885
0.528456
0.524957
0.537412
0.505688
0.501829
0.511282
0.524304
0.521446
0.52626
0.497077
0.532589
0.499259
0.527661
0.529545
0.554169
0.550452
0.572505
0.530365
0.510228
0.510232
0.525493
0.511334
0.503631
0.495809
0.496199
0.510111
0.509719
0.509631
0.515916
0.557557
0.541567
0.584006
0.51815
0.518343
0.503612
0.502169
0.502905
0.499468
0.508632
0.531161
0.515224
0.528339
0.494886
0.49623
0.515551
0.517688
0.535459
0.652261
0.623024
0.523217
0.560034
0.565621
0.503805
0.505141
0.498828
0.528102
0.504799
0.522204
0.518093
0.515528
0.513964
0.557449
0.512303
0.510013
0.506006
0.507882
0.504504
0.539964
0.679301
0.702444
0.513758
0.510343
0.516618
0.520298
0.528569
0.521127
0.527398
0.616659
0.519288
0.518211
0.504198
0.520854
0.505001
0.507381
0.509596
0.51943
0.50951
0.530537
0.521452
0.508473
0.515045
0.500497
0.508636
0.53126
0.534355
0.517928
0.518188
0.537221
0.52449
0.566359
0.56621
0.560501
0.530026
0.501458
0.512819
0.517235
0.532391
0.522701
0.503436
0.512348
0.533405
0.504972
0.522372
0.539966
0.516495
0.516796
0.50635
0.561327
0.574994
0.514536
0.506718
0.516176
0.501083
0.505778
0.531575
0.531299
0.523401
0.524111
0.69345
0.519407
0.506848
0.510215
0.524857
0.517571
0.550447
0.512727
0.510266
0.597851
0.523938
0.506395
0.518328
0.518503
0.510963
0.505581
0.509699
0.51162
0.517653
0.498594
0.494465
0.520107
0.504333
0.539229
0.60475
0.664038
0.514058
0.526039
0.509396
0.508345
0.498599
0.49543
0.528208
0.512784
0.50272
0.502276
0.689322
0.511182
0.509876
0.507478
0.506456
0.52611
0.521651
0.509359
0.509144
0.513357
0.515698
0.517688
0.519958
0.501147
0.517277
0.557587
0.520751
0.536217
0.543843
0.538033
0.535597
0.49827
0.499323
0.511842
0.51531
0.531771
0.531153
0.50609
0.49512
0.525734
0.545682
0.562524
0.578386
0.501607
0.538786
0.529406
0.679699
0.502877
0.51366
0.514272
0.498304
0.503336
0.490402
0.520025
0.499356
0.518356
0.517438
0.510587
0.548865
0.520782
0.512336
0.505167
0.500084
0.511501
0.502537
0.499027
0.591155
0.49874
0.503022
0.527134
0.526709
0.519985
0.593357
0.50743
0.511612
0.499583
0.539476
0.519339
0.527807
0.513503
0.58108
0.522829
0.52958
0.493504
0.522508
0.501068
0.561291
0.513765
0.509508
0.504645
0.523193
0.493999
0.536523
0.499004
0.540094
0.514591
0.51722
0.51022
0.513778
0.508506
0.534063
0.501904
0.527795
0.527622
0.530473
0.51375
0.512806
0.535256
0.489776
0.542297
0.510088
0.510624
0.515438
0.51283
0.513877
0.50791
0.520312
0.530516
0.518791
0.513833
0.509691
0.510407
0.516974
0.515955
0.498398
0.51708
0.533619
0.519116
0.649368
0.522377
0.510576
0.51309
0.497674
0.497824
0.528018
0.502387
0.505317
0.523779
0.529803
0.575318
0.51238
0.515356
0.512381
0.537728
0.533398
0.511496
0.503602
0.554847
0.524157
0.521281
0.52185
0.512306
0.514508
0.526039
0.49963
0.504672
0.501825
0.507054
0.51107
0.517154
0.499698
0.53307
0.50803
0.522844
0.512719
0.522873
0.494308
0.539083
0.510634
0.546027
0.499282
0.51069
0.509995
0.510124
0.57128
0.528971
0.520951
0.579007
0.723277
0.731884
0.493461
0.547359
0.542262
0.536264
0.513276
0.540157
0.501405
0.522702
0.529134
0.508892
0.536885
0.537665
0.721107
0.509584
0.552161
0.58529
0.503818
0.527703
0.503422
0.504663
0.520172
0.532154
0.5406
0.520241
0.556547
0.516788
0.512278
0.520908
0.56911
0.520167
0.518274
0.506314
0.496854
0.504022
0.522429
0.530496
0.513073
0.499674
0.646761
0.532512
0.510978
0.510135
0.500302
0.503431
0.50438
0.537967
0.516784
0.519688
0.521595
0.52184
0.494386
0.519278
0.511849
0.520103
0.521968
0.521769
0.50143
0.521116
0.517774
0.514489
0.58336
0.510113
0.49215
0.518616
0.507754
0.518645
0.577607
0.514065
0.526109
0.517678
0.516621
0.508948
0.518827
0.5207
0.523569
0.516763
0.541172
0.541303
0.488572
0.498151
0.495358
0.528011
0.523403
0.515897
0.518014
0.538626
0.522226
0.536806
0.49909
0.52252
0.530388
0.571355
0.530938
0.510498
0.517572
0.493832
0.502391
0.51313
0.513578
0.609464
0.534998
0.517515
0.544398
0.514331
0.512802
0.511415
0.522026
0.492381
0.602987
0.516921
0.515784
0.487553
0.510549
0.506921
0.512836
0.531686
0.524578
0.539794
0.501602
0.500315
0.517002
0.511731
0.499061
0.531193
0.536681
0.496456
0.521775
0.523486
0.761452
0.502443
0.506977
0.518172
0.513432
0.497631
0.500737
0.545717
0.514468
0.507175
0.528094
0.589991
0.501016
0.531496
0.496515
0.518118
0.519643
0.571121
0.510756
0.638795
0.520973
0.50853
0.536757
0.507727
0.577507
0.494267
0.509189
0.663613
0.506652
0.500474
0.512232
0.53678
0.518377
0.549177
0.517137
0.495376
0.50919
0.499023
0.582326
0.525276
0.534358
0.542645
0.543955
0.514673
0.509878
0.52654
0.529879
0.552303
0.534424
0.514237
0.51238
0.535224
0.516544
0.510997
0.545465
0.534397
0.498902
0.515775
0.529115
0.519516
0.524783
0.492973
0.53073
0.525493
0.51774
0.534858
0.497797
0.530519
0.522675
0.509884
0.50437
0.533094
0.538576
0.498349
0.524966
0.50983
0.540533
0.518744
0.519025
0.51285
0.49941
0.521067
0.514399
0.515091
0.52715
0.515403
0.499867
0.495598
0.515655
0.534989
0.492959
0.505296
0.507098
0.524954
0.588178
0.577501
0.522313
0.671693
0.498375
0.554173
0.524042
0.53017
0.522475
0.521639
0.753522
0.514576
0.501764
0.502398
0.513824
0.537207
0.632132
0.516873
0.506392
0.495231
0.571221
0.549407
0.551634
0.55659
0.532487
0.501957
0.511274
0.503898
0.514449
0.521457
0.524958
0.518186
0.521488
0.515596
0.51568
0.51953
0.524548
0.525548
0.510817
0.50613
0.505212
0.524879
0.529186
0.510772
0.508815
0.543307
0.542687
0.515136
0.519254
0.514968
0.518054
0.526742
0.50873
0.508739
0.507119
0.517039
0.675897
0.516028
0.515171
0.508358
0.516214
0.672228
0.509908
0.676408
0.669574
0.496746
0.509869
0.503685
0.577661
0.613627
0.571569
0.517197
0.525981
0.518317
0.519533
0.525172
0.515114
0.572667
0.533974
0.527441
0.516685
0.513905
0.514212
0.526233
0.519255
0.513031
0.51744
0.515088
0.532612
0.518833
0.509292
0.508543
0.518843
0.521684
0.520448
0.52136
0.516847
0.517831
0.507606
0.527363
0.519926
0.526118
0.516894
0.521183
0.518216
0.514517
0.522052
0.518158
0.524571
0.52201
0.517448
0.514131
0.514503
0.518607
0.511321
0.522786
0.610173
0.539933
0.513694
0.513247
0.507076
0.506524
0.552476
0.508661
0.511381
0.513201
0.510952
0.530432
0.522907
0.582676
0.530442
0.516806
0.529549
0.51792
0.534969
0.514288
0.517563
0.515745
0.511836
0.513912
0.537913
0.551943
0.556838
0.534791
0.573433
0.56457
0.513344
0.508372
0.515006
0.51077
0.516082
0.516724
0.516489
0.521965
0.523831
0.513723
0.513798
0.511892
0.511766
0.518556
0.519064
0.534595
0.520721
0.515338
0.537731
0.527204
0.514006
0.513855
0.513086
0.513887
0.519661
0.509154
0.527926
0.74816
0.516948
0.520543
0.513235
0.532597
0.512318
0.510637
0.513218
0.524067
0.516128
0.526416
0.507332
0.518005
0.517679
0.517371
0.521969
0.521413
0.508043
0.51224
0.516684
0.517833
0.511553
0.507378
0.520208
0.541171
0.580594
0.531706
0.51673
0.524296
0.503213
0.519173
0.511606
0.526614
0.510915
0.514063
0.509299
0.57217
0.523243
0.518039
0.517791
0.519141
0.510647
0.511909
0.509893
0.518229
0.511015
0.531411
0.512265
0.510346
0.510755
0.540974
0.527938
0.508396
0.512983
0.514462
0.511324
0.520651
0.549872
0.512367
0.530019
0.524543
0.515498
0.515304
0.525223
0.513922
0.50523
0.508937
0.511985
0.515325
0.508149
0.507836
0.501638
0.511487
0.507679
0.525944
0.515538
0.529519
0.511458
0.516607
0.522322
0.557757
0.515099
0.530975
0.531546
0.523169
0.521638
0.512184
0.510208
0.515191
0.564408
0.634793
0.680692
0.530319
0.615425
0.514902
0.517347
0.517124
0.524244
0.52844
0.526033
0.526738
0.544202
0.504641
0.514505
0.533862
0.529772
0.547632
0.514125
0.530791
0.508938
0.513642
0.515702
0.524677
0.529823
0.513056
0.50925
0.516331
0.516144
0.510673
0.511113
0.518591
0.520847
0.518646
0.53188
0.505786
0.557153
0.511236
0.523189
0.540812
0.511146
0.521229
0.534147
0.559121
0.525976
0.518671
0.629408
0.523842
0.664427
0.519003
0.509718
0.511428
0.582027
0.511932
0.515899
0.515228
0.517063
0.506934
0.505326
0.515023
0.514267
0.52539
0.522746
0.503752
0.509124
0.510333
0.510099
0.514488
0.506599
0.511776
0.504267
0.516135
0.562187
0.561038
0.509334
0.511677
0.523878
0.557004
0.508648
0.528168
0.711093
0.659059
0.518377
0.509601
0.529533
0.506447
0.513771
0.695131
0.522709
0.524815
0.518305
0.580207
0.53234
0.544073
0.513278
0.513587
0.520474
0.511882
0.514292
0.524644
0.526263
0.515217
0.525497
0.535942
0.552975
0.508571
0.511977
0.518955
0.507999
0.509382
0.515663
0.512304
0.511583
0.529822
0.514023
0.518041
0.518437
0.527214
0.52474
0.50676
0.507299
0.523198
0.527943
0.511598
0.508522
0.507577
0.525
0.551805
0.508137
0.520923
0.514779
0.538008
0.506332
0.531623
0.512264
0.516712
0.517991
0.512287
0.536804
0.500726
0.514311
0.520883
0.515963
0.51882
0.546006
0.520561
0.497097
0.506092
0.501157
0.513941
0.510203
0.517193
0.5097
0.518389
0.511122
0.504191
0.510219
0.554168
0.520256
0.520754
0.514653
0.50808
0.516988
0.527153
0.508402
0.536546
0.534038
0.497354
0.5086
0.511148
0.515152
0.507887
0.513474
0.518266
0.514746
0.51562
0.51952
0.520218
0.509111
0.508738
0.514138
0.524085
0.576017
0.757096
0.534132
0.509827
0.524928
0.532747
0.559894
0.510968
0.51385
0.501739
0.523178
0.513447
0.503079
0.5174
0.516103
0.516393
0.515874
0.533706
0.519347
0.50358
0.521981
0.632313
0.512731
0.502653
0.512183
0.580378
0.508564
0.511818
0.568855
0.509764
0.510293
0.530963
0.512187
0.511922
0.51978
0.525873
0.520616
0.535442
0.498024
0.50668
0.554257
0.509398
0.521525
0.512486
0.527776
0.508793
0.514071
0.508467
0.520029
0.513133
0.533765
0.680838
0.592186
0.508542
0.549955
0.500676
0.520722
0.508551
0.521971
0.52023
0.526965
0.575117
0.523478
0.532847
0.505275
0.503852
0.706178
0.533551
0.51702
0.510881
0.535047
0.627659
0.50481
0.5137
0.514631
0.503839
0.512362
0.592501
0.55974
0.556144
0.517152
0.504393
0.501092
0.518224
0.553419
0.526424
0.510856
0.511471
0.516469
0.522412
0.525401
0.5238
0.546983
0.517625
0.517829
0.492245
0.530836
0.5123
0.526741
0.509201
0.522301
0.515006
0.504085
0.515067
0.519216
0.517957
0.510156
0.506271
0.511131
0.51427
0.513598
0.520166
0.503935
0.507724
0.536627
0.533216
0.647333
0.507654
0.531763
0.507547
0.511916
0.523773
0.524764
0.527597
0.5269
0.513215
0.506826
0.522887
0.519798
0.534412
0.543056
0.532245
0.512267
0.584219
0.51907
0.523711
0.529974
0.52692
0.540746
0.507195
0.501415
0.516438
0.516107
0.590922
0.519496
0.52046
0.514871
0.506277
0.510986
0.514149
0.5409
0.513863
0.62557
0.503559
0.520539
0.518278
0.511824
0.51359
0.513965
0.501096
0.507914
0.507979
0.511074
0.516348
0.521162
0.516928
0.538836
0.502871
0.515787
0.517191
0.509384
0.529704
0.502954
0.514065
0.516171
0.510872
