0.52368
0.521433
0.508678
0.504593
0.514594
0.513225
0.516484
0.51821
0.514007
0.523215
0.520572
0.611716
0.621979
0.516261
0.516283
0.515085
0.534514
0.528778
0.513201
0.513773
0.519768
0.519345
0.517605
0.515008
0.506088
0.511573
0.5069
0.50467
0.502795
0.506429
0.608093
0.504949
0.506859
0.535965
0.530593
0.529316
0.529815
0.531726
0.523721
0.501509
0.506893
0.50795
0.514459
0.527742
0.526245
0.490887
0.50556
0.498834
0.508908
0.518861
0.653593
0.713398
0.712193
0.555469
0.523045
0.524113
0.517808
0.518603
0.510208
0.504796
0.507426
0.536096
0.543295
0.542973
0.498807
0.507426
0.508409
0.515137
0.514015
0.515831
0.512164
0.539487
0.512528
0.511055
0.527177
0.547165
0.519925
0.517806
0.521108
0.538405
0.531721
0.522441
0.526355
0.514713
0.510268
0.509862
0.528247
0.525914
0.523028
0.524331
0.524651
0.521762
0.525168
0.528993
0.508466
0.517848
0.501215
0.506872
0.503508
0.521958
0.521244
0.523069
0.52282
0.529227
0.534956
0.533827
0.518059
0.514269
0.517102
0.514759
0.522442
0.52186
0.528219
0.527316
0.665275
0.516019
0.509466
0.510693
0.520151
0.513733
0.524246
0.580421
0.597174
0.589277
0.555576
0.529601
0.520601
0.563115
0.523292
0.526962
0.522887
0.506294
0.50378
0.506838
0.502439
0.514396
0.515164
0.516179
0.52713
0.521877
0.520042
0.500367
0.503285
0.71056
0.661505
0.56464
0.518318
0.618827
0.523208
0.520758
0.519126
0.506063
0.511011
0.52122
0.588551
0.60773
0.519898
0.514629
0.522629
0.526694
0.52618
0.527083
0.53131
0.52247
0.517467
0.510447
0.519463
0.51984
0.525382
0.527309
0.52324
0.524543
0.524606
0.521929
0.499718
0.527963
0.505218
0.510876
0.506959
0.541211
0.538276
0.528405
0.5327
0.52568
0.523842
0.523015
0.517484
0.513504
0.51665
0.531152
0.530253
0.539479
0.495972
0.495107
0.508192
0.50919
0.505849
0.507386
0.5195
0.514078
0.50083
0.501289
0.531416
0.515804
0.517977
0.523889
0.522019
0.515893
0.509524
0.501275
0.507518
0.540737
0.541133
0.541846
0.522256
0.521729
0.49932
0.508881
0.507427
0.528475
0.506622
0.504168
0.51466
0.501159
0.512052
0.505468
0.512131
0.520441
0.500066
0.499256
0.518762
0.521392
0.514993
0.513415
0.518514
0.510779
0.509175
0.510984
0.510696
0.509604
0.504712
0.515805
0.519946
0.513024
0.517425
0.524648
0.522999
0.598717
0.530328
0.526177
0.529139
0.539159
0.540665
0.524204
0.494605
0.492859
0.510426
0.50471
0.514657
0.509336
0.515702
0.504916
0.509634
0.511581
0.610385
0.523808
0.524155
0.509899
0.499502
0.505562
0.510934
0.539994
0.537706
0.538681
0.536449
0.56684
0.518274
0.514778
0.53438
0.533265
0.535019
0.527817
0.70973
0.619328
0.590123
0.636098
0.664876
0.520076
0.520097
0.522189
0.508427
0.508978
0.596272
0.546929
0.521042
0.526784
0.662934
0.620145
0.512643
0.513766
0.5093
0.499384
0.510987
0.503084
0.51462
0.514612
0.735491
0.682607
0.530389
0.512796
0.747581
0.522083
0.537837
0.545331
0.537379
0.532528
0.525501
0.504332
0.502909
0.511631
0.504735
0.521206
0.522878
0.626726
0.61504
0.515744
0.514695
0.521973
0.523653
0.512531
0.511047
0.509144
0.514337
0.509685
0.515634
0.509851
0.513754
0.517169
0.50031
0.500064
0.501835
0.498681
0.498332
0.539741
0.533986
0.521297
0.537302
0.495944
0.501049
0.505368
0.64843
0.501205
0.503202
0.544409
0.502254
0.514651
0.507374
0.506712
0.504753
0.532167
0.496898
0.513278
0.514579
0.514196
0.515447
0.529672
0.521988
0.517654
0.511187
0.500634
0.50713
0.508002
0.512818
0.56058
0.567911
0.526743
0.517886
0.516598
0.513023
0.515168
0.512311
0.521354
0.527784
0.502408
0.504269
0.514856
0.508927
0.526901
0.517102
0.517314
0.515949
0.515975
0.508471
0.507508
0.509257
0.53193
0.534144
0.533405
0.614193
0.51102
0.508836
0.498758
0.507246
0.518893
0.516097
0.522093
0.527405
0.52442
0.507715
0.508343
0.515938
0.51088
0.523865
0.508761
0.507553
0.530095
0.517947
0.516691
0.492785
0.499586
0.498944
0.661117
0.513154
0.51139
0.516835
0.515212
0.513603
0.509915
0.510048
0.515592
0.514112
0.514744
0.530937
0.53923
0.53528
0.506344
0.503717
0.505199
0.508985
0.52805
0.510126
0.51311
0.512228
0.529638
0.617635
0.503337
0.518432
0.51265
0.517521
0.517128
0.516216
0.516663
0.52367
0.517558
0.516582
0.510092
0.51465
0.53027
0.535442
0.524835
0.530131
0.509398
0.500377
0.504516
0.516214
0.503058
0.50786
0.530076
0.525869
0.510814
0.560581
0.595793
0.506679
0.509523
0.519079
0.507111
0.512527
0.508787
0.510031
0.610557
0.51004
0.509105
0.531696
0.513515
0.517004
0.510995
0.508709
0.505809
0.535359
0.496552
0.502233
0.501866
0.510853
0.504774
0.518172
0.514596
0.521214
0.517928
0.516367
0.511221
0.511875
0.515973
0.513606
0.516558
0.517048
0.522193
0.51702
0.518613
0.508334
0.53177
0.534854
0.523723
0.488488
0.491363
0.570424
0.520222
0.519779
0.557226
0.562209
0.50641
0.538985
0.507018
0.507664
0.589655
0.525709
0.525064
0.706725
0.527058
0.511848
0.510662
0.523717
0.515594
0.518385
0.500878
0.508541
0.548413
0.516267
0.508762
0.517048
0.511447
0.517926
0.510857
0.536503
0.515483
0.516828
0.522252
0.520802
0.522789
0.512236
0.514956
0.515266
0.497177
0.508394
0.5115
0.510462
0.511833
0.513627
0.502942
0.508932
0.705028
0.560864
0.545159
0.52446
0.516778
0.517991
0.514459
0.495871
0.519612
0.520224
0.505992
0.521086
0.504666
0.513379
0.519098
0.504559
0.505212
0.58197
0.523335
0.52998
0.497069
0.526653
0.52903
0.552439
0.51502
0.514176
0.516347
0.519505
0.524348
0.521503
0.526947
0.50223
0.517289
0.519879
0.540215
0.50164
0.517076
0.499152
0.508733
0.514252
0.515709
0.526035
0.51902
0.510304
0.510398
0.522477
0.536332
0.509681
0.537001
0.532191
0.531857
0.526899
0.507357
0.510335
0.519729
0.5112
0.533886
0.528726
0.522694
0.498869
0.501494
0.501853
0.523925
0.654979
0.511289
0.512927
0.513134
0.508322
0.51821
0.502178
0.543932
0.552112
0.500292
0.508116
0.504658
0.513265
0.515286
0.512927
0.496615
0.50159
0.523058
0.513148
0.513593
0.512156
0.539974
0.497927
0.508075
0.512219
0.512831
0.505913
0.505592
0.501126
0.540802
0.52776
0.513131
0.576364
0.632413
0.52055
0.520404
0.518667
0.516399
0.517646
0.513807
0.508831
0.500107
0.500608
0.502356
0.50619
0.507041
0.501337
0.506492
0.509003
0.511316
0.510688
0.528198
0.504509
0.495629
0.500339
0.515319
0.508468
0.500205
0.509833
0.505173
0.510389
0.510824
0.510623
0.538062
0.530349
0.53174
0.501139
0.551431
0.543436
0.548537
0.50766
0.527404
0.524354
0.530002
0.499523
0.50208
0.538627
0.534807
0.53655
0.511316
0.50431
0.5046
0.51812
0.515804
0.515436
0.510989
0.522579
0.51516
0.525623
0.526012
0.686348
0.531063
0.520677
0.499841
0.529693
0.526131
0.514028
0.513433
0.50811
0.499271
0.505788
0.504595
0.507951
0.504557
0.512713
0.516161
0.530011
0.523431
0.522052
0.533712
0.555277
0.543228
0.519557
0.515454
0.53108
0.511686
0.556329
0.551839
0.551436
0.511519
0.508764
0.510267
0.509592
0.512671
0.512209
0.517345
0.516335
0.523643
0.527696
0.521152
0.531393
0.613352
0.531698
0.509311
0.51329
0.498156
0.525087
0.522237
0.520938
0.529433
0.537182
0.522634
0.511475
0.511882
0.520408
0.521061
0.505586
0.502118
0.504817
0.511684
0.513054
0.513193
0.528085
0.521761
0.510964
0.515347
0.547145
0.511555
0.512243
0.508634
0.527466
0.567163
0.511107
0.536166
0.508236
0.509237
0.509979
0.528207
0.52475
0.525999
0.51121
0.515963
0.52905
0.527901
0.528807
0.532964
0.527189
0.504819
0.514996
0.534157
0.549365
0.562944
0.501799
0.517034
0.497725
0.522078
0.529473
0.511352
0.493576
0.498824
0.513078
0.522104
0.644641
0.510275
0.529505
0.522684
0.507839
0.518288
0.525044
0.523962
0.515884
0.517197
0.515868
0.593149
0.516663
0.517874
0.503399
0.507417
0.535122
0.530406
0.659315
0.513034
0.514026
0.514726
0.568466
0.529233
0.508529
0.508002
0.511962
0.5317
0.526123
0.50064
0.522761
0.530854
0.512579
0.526638
0.528215
0.513472
0.500017
0.506958
0.51037
0.530365
0.52759
0.507779
0.533235
0.528546
0.505942
0.50244
0.535517
0.518819
0.51242
0.499839
0.505504
0.546942
0.513762
0.561385
0.533808
0.510382
0.528189
0.527119
0.524297
0.521773
0.513863
0.532165
0.517818
0.547183
0.515507
0.515676
0.500207
0.501157
0.511375
0.514563
0.521446
0.513163
0.510601
0.516587
0.514625
0.507289
0.628459
0.631919
0.524673
0.518817
0.528647
0.523828
0.494768
0.52738
0.510903
0.525517
0.521856
0.52067
0.527311
0.50491
0.516374
0.519026
0.500179
0.525945
0.508244
0.520398
0.520771
0.516143
0.523183
0.532345
0.506373
0.503797
0.512353
0.542146
0.499284
0.572254
0.50704
0.509182
0.496869
0.49715
0.516695
0.520282
0.510927
0.514779
0.508069
0.511682
0.538543
0.505688
0.716547
0.506642
0.510168
0.517795
0.495244
0.610275
0.52594
0.501103
0.512158
0.512953
0.522186
0.534473
0.509933
0.510451
0.499
0.513866
0.515549
0.599783
0.55295
0.526723
0.565788
0.57198
0.521238
0.544269
0.549714
0.522971
0.522753
0.524071
0.513066
0.514657
0.518326
0.519439
0.612075
0.652704
0.520514
0.525065
0.513473
0.507589
0.510229
0.508973
0.504064
0.514461
0.499907
0.511033
0.523987
0.52269
0.501569
0.507899
0.511711
0.51986
0.515649
0.519124
0.527185
0.509409
0.610518
0.619208
0.538553
0.710241
0.526573
0.513659
0.522003
0.575808
0.567881
0.503417
0.52632
0.532765
0.512083
0.510457
0.553007
0.591676
0.516142
0.5134
0.491734
0.530945
0.50453
0.493684
0.69125
0.516217
0.515848
0.518135
0.511645
0.5151
0.525795
0.494112
0.503587
0.516355
0.53789
0.498369
0.527939
0.507864
0.529267
0.511989
0.523069
0.550333
0.511766
0.52038
0.516858
0.516303
0.517307
0.545425
0.510383
0.510456
0.509613
0.51248
0.548982
0.524806
0.51477
0.517814
0.514031
0.493879
0.533493
0.517086
0.518226
0.517829
0.503596
0.529767
0.51247
0.525908
0.533186
0.527668
0.541039
0.537501
0.501744
0.637674
0.534844
0.6495
0.681611
0.669644
0.525777
0.514078
0.509536
0.518437
0.49683
0.502708
0.503491
0.499246
0.513058
0.506393
0.517292
0.507356
0.498884
0.709019
0.706009
0.517188
0.507783
0.537756
0.499797
0.531558
0.490973
0.512352
0.530818
0.524555
0.50745
0.550556
0.53146
0.659927
0.538389
0.534606
0.504047
0.517051
0.515135
0.523053
0.641781
0.643955
0.542485
0.496607
0.51477
0.517929
0.506627
0.495811
0.530957
0.49585
0.50122
0.495719
0.518576
0.517739
0.506589
0.558353
0.508573
0.508344
0.518398
0.516853
0.501945
0.515045
0.502001
0.520509
0.528274
0.513389
0.511571
0.549471
0.671655
0.522543
0.50209
0.498739
0.512661
0.512569
0.517563
0.523192
0.582823
0.5182
0.507682
0.514766
0.535282
0.510044
0.511265
0.556969
0.517224
0.518944
0.502887
0.504079
0.505275
0.512548
0.522332
0.518957
0.51789
0.511495
0.517552
0.569144
0.53098
0.51035
0.51483
0.567594
0.509717
0.605268
0.532295
0.635178
0.500795
0.505113
0.500814
0.518205
0.51648
0.553766
0.530717
0.533434
0.545682
0.588351
0.491114
0.495961
0.514505
0.517251
0.516144
0.511717
0.510999
0.638791
0.539037
0.530533
0.529248
0.529587
0.515149
0.505147
0.511469
0.501458
0.51143
0.517735
0.502352
0.510461
0.535044
0.526181
0.518745
0.523018
0.548681
0.540248
0.500725
0.675505
0.535925
0.523309
0.513803
0.509588
0.57727
0.518069
0.524387
0.511437
0.543347
0.502975
0.529631
0.536101
0.51219
0.533039
0.526998
0.503859
0.538895
0.520613
0.508319
0.518843
0.511328
0.512846
0.512615
0.496912
0.501075
0.525174
0.522071
0.644208
0.496707
0.516616
0.51734
0.493543
0.514555
0.533732
0.535885
0.526108
0.507098
0.519156
0.508525
0.537595
0.509808
0.507245
0.508499
0.518255
0.517392
0.497902
0.515523
0.51549
0.507081
0.507522
0.514483
0.53593
0.523247
0.520451
0.568238
0.526294
0.531102
0.518588
0.515812
0.504126
0.526392
0.528858
0.523546
0.517804
0.525013
0.49559
0.509675
0.51155
0.526761
0.732884
0.510702
0.510889
0.52361
0.495372
0.499699
0.51629
0.508602
0.529178
0.528669
0.494175
0.517098
0.496461
0.515652
0.518163
0.52534
0.527397
0.640394
0.567857
0.494091
0.499807
0.51229
0.695175
0.65041
0.526789
0.53861
0.539851
0.510621
0.506003
0.513358
0.514757
0.500149
0.50659
0.523604
0.530263
0.517912
0.522689
0.497927
0.525434
0.596955
0.511155
0.532654
0.514364
0.610144
0.533027
0.49293
0.492837
0.532464
0.507403
0.513067
0.645167
0.529702
0.497224
0.497171
0.51325
0.50996
0.520625
0.522036
0.495145
0.533067
0.663405
0.521385
0.522775
0.515344
0.497746
0.506486
0.501739
0.511684
0.511652
0.511374
0.530687
0.525947
0.516013
0.491688
0.502013
0.547458
0.509988
0.508658
0.504974
0.502778
0.503639
0.505733
0.51466
0.501731
0.50534
0.517587
0.511642
0.503032
0.554202
0.499762
0.512117
0.509071
0.593059
0.513312
0.532934
0.527568
0.693396
0.61584
0.6445
0.536026
0.517626
0.528883
0.493369
0.514429
0.531242
0.616587
0.499989
0.507758
0.51699
0.541669
0.526543
0.537925
0.520806
0.530463
0.513874
0.51201
0.529058
0.531353
0.506275
0.537889
0.531867
0.510964
0.496301
0.539649
0.493674
0.525256
0.505742
0.508019
0.513937
0.516386
0.526285
0.526878
0.498533
0.526963
0.586823
0.601418
0.516283
0.543427
0.523135
0.518515
0.509023
0.500972
0.489739
0.508263
0.623841
0.512863
0.503652
0.497894
0.536919
0.538412
0.524757
0.512612
0.604757
0.513199
0.513683
0.51362
0.51084
0.509736
0.500204
0.529362
0.516033
0.518408
0.508024
0.518115
0.506659
0.511731
0.517687
0.509682
0.525528
0.635997
0.498545
0.511993
0.527986
0.514171
0.514553
0.49742
0.53417
0.500516
0.489437
0.516298
0.523762
0.527589
0.530815
0.501087
0.503416
0.507433
0.515009
0.634468
0.583394
0.522824
0.518436
0.505648
0.536333
0.622748
0.514942
0.515131
0.511555
0.536417
0.550036
0.513672
0.51494
0.505723
0.56182
0.496442
0.519708
0.514041
0.5172
0.566761
0.539939
0.508892
0.516854
0.507434
0.516286
0.51506
0.592117
0.535791
0.511514
0.53997
0.496937
0.520584
0.621626
0.626731
0.58161
0.512662
0.498649
0.503584
0.525862
0.523019
0.582037
0.507489
0.529092
0.532949
0.489553
0.672761
0.570484
0.516692
0.539065
0.529547
0.526515
0.519623
0.514104
0.498983
0.506483
0.508558
0.534404
0.516872
0.530849
0.522751
0.512591
0.614866
0.520418
0.523285
0.50588
0.523281
0.525383
0.518914
0.518294
0.526043
0.675576
0.513607
0.52812
0.507849
0.53552
0.532318
0.510824
0.512108
0.588685
0.718433
0.52621
0.545545
0.525699
0.512575
0.519032
0.523306
0.508819
0.500765
0.529435
0.496401
0.516683
0.497637
0.489269
0.504771
0.518294
0.513289
0.51895
0.496334
0.542489
0.526066
0.507568
0.523121
0.567715
0.497476
0.514188
0.496474
0.528699
0.511319
0.511996
0.519318
0.543014
0.519026
0.515629
0.696926
0.513897
0.517282
0.513536
0.531009
0.514535
0.511467
0.517982
0.50401
0.653109
0.508184
0.50514
0.514929
0.514182
0.522297
0.52004
0.553164
0.548568
0.526704
0.523721
0.523393
0.504622
0.518679
0.512425
0.523693
0.507689
0.515099
0.602175
0.518576
0.507285
0.65732
0.647494
0.514305
0.520731
0.517482
0.514055
0.510811
0.511016
0.58275
0.525095
0.516945
0.512629
0.508065
0.512149
0.522083
0.531565
0.519481
0.51426
0.516804
0.51339
0.508727
0.530931
0.525082
0.510521
0.495846
0.525769
0.51811
0.514908
0.517026
0.509869
0.516471
0.507198
0.520635
0.506257
0.509903
0.526922
0.520442
0.521224
0.522873
0.544608
0.517821
0.512346
0.513307
0.515281
0.505774
0.524833
0.519825
0.505866
0.515861
0.506817
0.51665
0.571765
0.5116
0.515444
0.515335
0.516986
0.510454
0.535983
0.518293
0.514395
0.515718
0.517012
0.523712
0.503082
0.539446
0.53131
0.526756
0.520855
0.514513
0.510213
0.518094
0.518453
0.612371
0.521986
0.51165
0.512182
0.515338
0.515249
0.528477
0.528305
0.513937
0.58024
0.516686
0.51452
0.536603
0.532775
0.524443
0.508325
0.597035
0.515553
0.512523
0.507325
0.509752
0.505899
0.522232
0.519777
0.50972
0.526242
0.518687
0.508691
0.507165
0.512778
0.516852
0.515621
0.517441
0.516662
0.507487
0.521796
0.510529
0.516618
0.522858
0.525352
0.520722
0.519648
0.69866
0.522797
0.518542
0.509839
0.537932
0.535509
0.532701
0.522732
0.51511
0.51649
0.511277
0.51611
0.525091
0.500764
0.535637
0.732318
0.716866
0.704425
0.516674
0.517818
0.514354
0.522386
0.501089
0.521947
0.510273
0.612773
0.610599
0.527536
0.526648
0.513351
0.517678
0.520498
0.513429
0.521704
0.511349
0.516643
0.516396
0.516344
0.716642
0.527375
0.53834
0.517444
0.514409
0.51314
0.514308
0.525912
0.522967
0.510533
0.516065
0.500584
0.513478
0.533462
0.506135
0.509192
0.526357
0.542992
0.515636
0.514718
0.534515
0.519948
0.527709
0.622887
0.533274
0.508241
0.509709
0.539685
0.531219
0.53361
0.529289
0.507552
0.522613
0.540314
0.523529
0.52021
0.505801
0.619233
0.517779
0.500845
0.518029
0.554768
0.514016
0.510925
0.514482
0.515333
0.513237
0.612161
0.509753
0.51289
0.515253
0.509712
0.514828
0.512427
0.623085
0.508223
0.515154
0.50942
0.511733
0.524582
0.519792
0.509913
0.538898
0.536146
0.532367
0.528247
0.528106
0.516778
0.526256
0.709175
0.516694
0.55773
0.512795
0.518771
0.518302
0.522574
0.511288
0.518409
0.51834
0.517925
0.53275
0.510961
0.507331
0.511727
0.513974
0.512543
0.525944
0.517603
0.540283
0.536196
0.514058
0.511353
0.64137
0.510266
0.504181
0.509185
0.51446
0.605265
0.527846
0.571839
0.516683
0.525568
0.507883
0.611032
0.59115
0.535
0.519571
0.513021
0.516367
0.582196
0.513999
0.50566
0.513104
0.514659
0.514101
0.514902
0.532685
0.58438
0.519498
0.526256
0.516221
0.510438
0.515329
0.575664
0.502812
0.497501
0.512803
0.513448
0.509441
0.516423
0.510782
0.514495
0.519123
0.516748
0.513504
0.520845
0.51262
0.503709
0.508522
0.519658
0.67401
0.512342
0.526347
0.55961
0.518091
0.512307
0.510764
0.707416
0.497971
0.511707
0.519214
0.520686
0.514335
0.515565
0.595677
0.514215
0.506432
0.515903
0.526146
0.521378
0.564962
0.529891
0.513189
0.525319
0.511238
0.510862
0.510124
0.513474
0.513885
0.519029
0.521567
0.508122
0.512746
0.523468
0.505354
0.521664
0.518996
0.526406
0.523893
0.519119
0.523983
0.508756
0.508407
0.523793
0.51428
0.522291
0.55363
0.51479
0.510768
0.512232
0.506989
0.521954
0.525846
0.513998
0.532326
0.519072
0.520001
0.511837
0.526497
0.514633
0.519294
0.512466
0.521799
0.508469
0.519715
0.514374
0.5098
0.529961
0.517104
0.508884
0.514079
0.509254
0.510731
0.517564
0.508762
0.5189
0.527316
0.505386
0.532859
0.515223
0.514524
0.507436
0.530063
0.61236
0.517403
0.502366
0.529224
0.530609
0.507181
0.512502
0.505543
0.507107
0.523306
0.513515
0.521063
0.501782
0.510748
0.513038
0.546482
0.494189
0.518711
0.507486
0.716959
0.521773
0.536695
0.520518
0.504855
0.511171
0.712859
0.512188
0.518958
0.526445
0.514827
0.499109
0.506789
0.520551
0.51634
0.516189
0.509928
0.522894
0.523697
0.511329
0.520626
0.510092
0.510746
0.511745
0.516001
0.49414
0.513048
0.515172
0.517698
0.522933
0.520299
0.525873
0.512442
0.510535
0.520272
0.525077
0.510014
0.512136
0.512906
0.529436
0.517763
0.533288
0.503584
0.544958
0.568154
0.508986
0.508265
0.51855
0.639451
0.520775
0.517224
0.542034
0.532409
0.652429
0.517626
0.725593
0.525003
0.522307
0.507882
0.50929
0.524931
0.513957
0.571631
0.528392
0.634288
0.529231
0.524188
0.495566
0.502129
0.520337
0.521588
0.525375
0.511068
0.517282
0.519283
0.52653
0.514895
0.629585
0.532302
0.503729
0.542287
0.508126
0.541967
0.515317
0.510276
0.521289
0.589403
0.533506
0.507979
0.513381
0.66246
0.518605
0.515715
0.495093
0.51352
0.502922
0.513464
0.511964
0.512482
0.522628
0.505094
0.51674
0.520985
0.60176
0.513908
0.513749
0.509242
0.544694
0.523355
0.513874
0.506875
0.509968
0.524936
0.511364
0.5326
0.509741
0.530672
0.499395
0.602132
0.505844
0.508467
0.630713
0.523907
0.51145
0.508023
0.511273
0.508656
0.513953
0.534633
0.513403
0.59911
0.549099
0.502876
0.531637
0.524535
0.498835
0.544243
0.516896
0.635485
0.511695
0.510596
0.637721
0.511314
0.505389
0.508677
0.547254
0.522881
0.558892
0.503749
0.528494
0.620809
0.524111
0.512368
0.612001
0.511672
0.549846
0.518721
0.513527
0.502548
0.497009
0.614893
0.511499
0.515017
0.511664
0.50178
0.500478
0.548505
0.516507
0.509253
0.513639
0.51995
0.581298
0.521791
0.496796
0.508936
0.531933
0.496043
0.583751
0.511063
0.51322
0.506329
0.519344
0.519315
0.533115
0.520873
0.519256
0.51588
