0.521553
0.519854
0.515733
0.51316
0.516968
0.515539
0.514561
0.512581
0.517743
0.521307
0.514365
0.514915
0.513554
0.515673
0.515021
0.699113
0.668577
0.782398
0.522748
0.50688
0.505253
0.505617
0.592174
0.5037
0.504031
0.54106
0.530013
0.528657
0.53146
0.53187
0.523412
0.521551
0.52053
0.514388
0.524591
0.525361
0.503477
0.500418
0.502973
0.518088
0.520546
0.627832
0.555565
0.551377
0.520238
0.525386
0.51343
0.511863
0.506577
0.508175
0.535489
0.541072
0.503641
0.497318
0.507465
0.516568
0.512762
0.509328
0.510506
0.513788
0.519879
0.540404
0.513706
0.517308
0.519324
0.523142
0.518866
0.509311
0.536907
0.543678
0.528568
0.5239
0.517888
0.509286
0.508005
0.509924
0.526876
0.525586
0.716027
0.521665
0.51975
0.505144
0.523276
0.528533
0.521869
0.526678
0.52012
0.514377
0.507689
0.517456
0.498873
0.506
0.522245
0.517084
0.51782
0.516743
0.529115
0.531615
0.529649
0.533389
0.510625
0.509357
0.510525
0.515823
0.516171
0.524756
0.529812
0.533381
0.723535
0.663748
0.517795
0.523764
0.519781
0.548527
0.55165
0.527885
0.523242
0.52338
0.517593
0.57506
0.648496
0.63358
0.656416
0.563074
0.552495
0.542857
0.543196
0.522165
0.524464
0.522623
0.52085
0.523911
0.501597
0.498945
0.636734
0.515031
0.515648
0.522489
0.519229
0.519326
0.500598
0.504601
0.698328
0.689076
0.730163
0.531211
0.520754
0.518798
0.516025
0.513014
0.517307
0.51551
0.519456
0.519302
0.507119
0.508958
0.515002
0.589957
0.591292
0.502514
0.520989
0.528749
0.526547
0.522133
0.525915
0.519626
0.520547
0.512703
0.517585
0.511623
0.51132
0.53251
0.522137
0.519599
0.523455
0.501447
0.522563
0.502059
0.509845
0.509767
0.501748
0.540065
0.527997
0.532932
0.51391
0.531827
0.552273
0.516278
0.499587
0.508335
0.509085
0.506227
0.512576
0.513776
0.520039
0.516821
0.517376
0.495214
0.505108
0.529643
0.518608
0.535475
0.517913
0.516349
0.513022
0.511856
0.499597
0.506252
0.507771
0.505835
0.527623
0.513286
0.495709
0.509525
0.518448
0.517037
0.511422
0.502514
0.498807
0.512408
0.493545
0.496834
0.497873
0.521164
0.509411
0.508541
0.510646
0.509295
0.507818
0.538361
0.51716
0.521931
0.51109
0.518893
0.572865
0.573276
0.577573
0.526362
0.526122
0.530308
0.537363
0.536662
0.529812
0.527615
0.525144
0.50969
0.518185
0.516993
0.50504
0.510321
0.5089
0.511668
0.520541
0.685585
0.638446
0.711972
0.502789
0.497923
0.509808
0.513985
0.506582
0.506116
0.513738
0.542081
0.561474
0.562549
0.520771
0.510843
0.533366
0.53575
0.530819
0.60544
0.58373
0.602701
0.54054
0.517804
0.523378
0.508452
0.506974
0.599531
0.62838
0.546106
0.545986
0.538111
0.495775
0.497915
0.510496
0.510728
0.512739
0.505395
0.513928
0.725118
0.531481
0.528768
0.522556
0.509804
0.516915
0.520061
0.518913
0.510004
0.50973
0.536492
0.534859
0.528512
0.533967
0.503008
0.504444
0.510953
0.504943
0.515842
0.513561
0.540238
0.536936
0.508206
0.5053
0.504908
0.510558
0.510199
0.505229
0.520111
0.500351
0.500825
0.502497
0.501004
0.499409
0.501789
0.534476
0.533529
0.492751
0.499695
0.509302
0.514604
0.519757
0.558693
0.580935
0.51342
0.50925
0.504725
0.504052
0.524972
0.498336
0.51384
0.514326
0.516366
0.52053
0.510678
0.507509
0.49919
0.511259
0.566025
0.561294
0.553484
0.543468
0.52335
0.51883
0.525523
0.514888
0.515542
0.514874
0.515451
0.513919
0.841111
0.516589
0.519322
0.508495
0.521435
0.520496
0.514973
0.537903
0.505888
0.503219
0.511549
0.516114
0.531838
0.532903
0.534256
0.531878
0.602614
0.509177
0.509698
0.499302
0.50826
0.519176
0.521634
0.503903
0.509542
0.505374
0.514818
0.508145
0.535907
0.527167
0.5109
0.508543
0.51341
0.522948
0.518382
0.490793
0.494341
0.498053
0.503466
0.504589
0.609851
0.51733
0.512352
0.510102
0.521672
0.511836
0.508394
0.508532
0.502785
0.509478
0.512663
0.514194
0.531575
0.525679
0.538184
0.533487
0.506984
0.506135
0.504839
0.525146
0.514228
0.529884
0.765155
0.504829
0.529615
0.49891
0.5009
0.515236
0.515779
0.51866
0.515006
0.50785
0.51275
0.508741
0.5222
0.522811
0.505909
0.506844
0.503999
0.50408
0.50718
0.509295
0.504572
0.516027
0.564485
0.607274
0.508608
0.509062
0.505756
0.514548
0.507123
0.506482
0.527263
0.527289
0.525369
0.525147
0.51707
0.511543
0.514804
0.505124
0.508741
0.524603
0.511886
0.504953
0.512454
0.501472
0.510674
0.503519
0.51626
0.515495
0.515954
0.5191
0.517375
0.517913
0.496023
0.505242
0.518771
0.519378
0.535565
0.53116
0.514807
0.518094
0.512022
0.518615
0.507742
0.50453
0.505232
0.54031
0.527407
0.530055
0.633952
0.516071
0.519082
0.571958
0.493339
0.49236
0.528552
0.504738
0.505066
0.505563
0.575211
0.539268
0.52673
0.510087
0.510294
0.534466
0.515352
0.516484
0.504611
0.537216
0.514401
0.51963
0.509965
0.504909
0.527175
0.512926
0.500576
0.509891
0.50617
0.515362
0.515858
0.531779
0.513462
0.503974
0.498041
0.522704
0.516529
0.516838
0.504112
0.495338
0.504529
0.507661
0.510542
0.508346
0.512582
0.510956
0.506543
0.50626
0.574313
0.518277
0.515117
0.516131
0.523707
0.607292
0.517881
0.516946
0.517959
0.591196
0.517207
0.525463
0.505621
0.501939
0.509569
0.52036
0.508881
0.49291
0.511977
0.512091
0.515155
0.505965
0.506602
0.505389
0.518931
0.523863
0.495965
0.504887
0.525547
0.524536
0.529345
0.526041
0.557445
0.517454
0.504581
0.513258
0.515597
0.516918
0.50696
0.503426
0.514244
0.51116
0.541046
0.534259
0.527368
0.521971
0.495621
0.514054
0.514389
0.502002
0.531601
0.522379
0.513025
0.523587
0.511246
0.514045
0.516886
0.510175
0.51024
0.521354
0.502819
0.507913
0.5071
0.5241
0.533064
0.525984
0.53693
0.507589
0.512902
0.510032
0.539341
0.535312
0.533808
0.503818
0.504381
0.504065
0.513931
0.717085
0.509507
0.507523
0.539876
0.501107
0.502648
0.503179
0.511187
0.515625
0.515601
0.523965
0.522287
0.618951
0.676936
0.511812
0.513409
0.511898
0.538563
0.534419
0.501418
0.497287
0.513598
0.517041
0.501953
0.523612
0.511305
0.508327
0.624941
0.616143
0.587788
0.504865
0.504442
0.519317
0.520713
0.516829
0.518115
0.516584
0.51759
0.501761
0.506568
0.499652
0.506148
0.514611
0.630849
0.500283
0.502445
0.509321
0.505536
0.513048
0.513231
0.510397
0.539391
0.53129
0.502097
0.545895
0.546264
0.523186
0.527563
0.510832
0.517409
0.51819
0.499953
0.519975
0.515156
0.511849
0.542228
0.539113
0.53571
0.515343
0.516751
0.513048
0.530642
0.527568
0.52704
0.513351
0.522719
0.524858
0.510276
0.522956
0.5807
0.511091
0.523283
0.520182
0.498196
0.531706
0.531508
0.516013
0.539958
0.503209
0.508157
0.517081
0.5098
0.526514
0.519913
0.537235
0.540989
0.514283
0.525488
0.503483
0.51157
0.512478
0.554711
0.552213
0.513508
0.509238
0.509962
0.509869
0.525879
0.51467
0.512048
0.517574
0.517807
0.528622
0.510204
0.519738
0.518846
0.528901
0.626493
0.674354
0.674321
0.625093
0.52921
0.511344
0.509448
0.505853
0.513081
0.518547
0.524166
0.524122
0.526694
0.511051
0.519842
0.526177
0.508864
0.516491
0.519033
0.500378
0.512564
0.515693
0.51336
0.519351
0.510909
0.510778
0.510056
0.505829
0.563238
0.501018
0.513566
0.526255
0.528663
0.52796
0.524795
0.535433
0.510517
0.511583
0.515005
0.526619
0.528933
0.508765
0.525882
0.517232
0.519687
0.506901
0.584218
0.507141
0.509294
0.51506
0.521583
0.526549
0.512625
0.493133
0.496575
0.500237
0.523666
0.519635
0.678386
0.529342
0.518453
0.522817
0.518804
0.523411
0.520739
0.51973
0.52016
0.515247
0.51371
0.51071
0.514498
0.510474
0.513182
0.504977
0.50978
0.538427
0.531538
0.555704
0.549129
0.51172
0.515222
0.523018
0.511794
0.508416
0.505389
0.520347
0.498943
0.507884
0.513168
0.504682
0.514791
0.517416
0.527318
0.508766
0.519662
0.52601
0.663579
0.514593
0.513601
0.529736
0.522272
0.51082
0.514069
0.52639
0.500433
0.535584
0.528141
0.526141
0.516232
0.515211
0.527783
0.549075
0.513834
0.499253
0.5345
0.532415
0.551211
0.615222
0.511014
0.64758
0.528813
0.520134
0.508142
0.507495
0.507722
0.526088
0.528531
0.511894
0.516799
0.52019
0.514515
0.516921
0.50906
0.528347
0.53211
0.503048
0.510203
0.511898
0.512265
0.508505
0.615729
0.622234
0.514216
0.532777
0.524371
0.515488
0.517559
0.521391
0.52694
0.516566
0.527097
0.531274
0.521904
0.520329
0.524512
0.518579
0.52748
0.511037
0.509738
0.514546
0.521475
0.521368
0.530282
0.526887
0.50892
0.512583
0.541371
0.535627
0.505553
0.49775
0.517188
0.512593
0.520024
0.523898
0.687106
0.517812
0.515912
0.57132
0.498332
0.524458
0.53005
0.509074
0.51134
0.499574
0.513166
0.512572
0.525378
0.512767
0.515904
0.5147
0.513432
0.519743
0.518107
0.518278
0.591551
0.605529
0.523262
0.516097
0.505641
0.504082
0.516241
0.517936
0.514396
0.522894
0.523271
0.523634
0.514386
0.785502
0.7472
0.510433
0.520566
0.511177
0.508754
0.517145
0.514188
0.516294
0.510685
0.506361
0.512944
0.511523
0.515863
0.528791
0.528323
0.696941
0.520563
0.537337
0.622858
0.663632
0.52621
0.547248
0.512145
0.521931
0.52197
0.565995
0.566368
0.504508
0.520886
0.528779
0.516114
0.520293
0.680724
0.57387
0.55248
0.569204
0.515424
0.511395
0.489929
0.528947
0.499095
0.49941
0.846467
0.515148
0.515054
0.52643
0.539433
0.549546
0.503904
0.507437
0.516026
0.515928
0.528026
0.52757
0.538235
0.499743
0.526665
0.526935
0.500403
0.500459
0.520415
0.513534
0.519181
0.511081
0.52623
0.515226
0.53386
0.510402
0.508337
0.500541
0.547874
0.52207
0.543628
0.496725
0.510393
0.525402
0.523458
0.51444
0.514717
0.511008
0.51181
0.526332
0.533248
0.531998
0.53945
0.534159
0.507014
0.500037
0.598928
0.619874
0.649471
0.671947
0.51991
0.516224
0.516541
0.507108
0.514302
0.535473
0.535427
0.500819
0.504049
0.501888
0.496845
0.538733
0.510591
0.518933
0.543548
0.510206
0.51457
0.53244
0.521471
0.504179
0.506556
0.4971
0.506363
0.537869
0.500836
0.527068
0.531003
0.491282
0.499035
0.524522
0.517868
0.509741
0.530795
0.506269
0.527868
0.570934
0.65579
0.725491
0.537839
0.533635
0.517652
0.517877
0.517481
0.500341
0.51298
0.666772
0.683743
0.543902
0.515341
0.516134
0.518795
0.504738
0.495772
0.530858
0.497606
0.503406
0.503251
0.502846
0.522972
0.491142
0.511724
0.510052
0.51754
0.517838
0.528076
0.518902
0.514656
0.509502
0.515631
0.532967
0.529716
0.545917
0.517404
0.655994
0.537709
0.530487
0.501435
0.534049
0.514922
0.512721
0.605738
0.516721
0.515215
0.512869
0.51545
0.524315
0.601258
0.501463
0.52403
0.510233
0.498137
0.515579
0.514248
0.51617
0.500904
0.521731
0.506147
0.508632
0.518205
0.518813
0.521808
0.519494
0.563053
0.510945
0.588157
0.532098
0.595028
0.513181
0.507397
0.503249
0.525794
0.509052
0.550898
0.534632
0.526998
0.492317
0.510723
0.51807
0.512157
0.508461
0.511612
0.512792
0.512709
0.539535
0.537031
0.529508
0.512363
0.50367
0.528807
0.514619
0.506259
0.50593
0.506089
0.502749
0.502795
0.506547
0.508658
0.536663
0.515677
0.513739
0.523113
0.513952
0.524106
0.52843
0.52555
0.543657
0.544042
0.546508
0.525257
0.520612
0.497778
0.509181
0.505466
0.512892
0.512926
0.508568
0.506473
0.51142
0.505448
0.516581
0.576491
0.516873
0.510453
0.505593
0.540923
0.538005
0.502761
0.502991
0.505902
0.510898
0.526475
0.501227
0.538107
0.523209
0.522224
0.508272
0.518027
0.512025
0.548091
0.499632
0.615753
0.51744
0.531536
0.514474
0.490999
0.535692
0.535697
0.502357
0.508861
0.510346
0.509938
0.510026
0.513692
0.508122
0.506899
0.535718
0.522928
0.576178
0.524442
0.517138
0.517843
0.516134
0.540206
0.50717
0.500524
0.50286
0.515901
0.523398
0.520849
0.486591
0.526517
0.525519
0.705982
0.512797
0.502539
0.510749
0.512563
0.511481
0.510265
0.650009
0.502982
0.511925
0.522508
0.526891
0.494719
0.50085
0.517862
0.526331
0.518901
0.504313
0.520847
0.528242
0.544398
0.552562
0.531021
0.49719
0.628473
0.5156
0.591532
0.494998
0.491406
0.495308
0.66293
0.537993
0.599257
0.607157
0.507349
0.512645
0.510244
0.499822
0.504598
0.496951
0.502241
0.51126
0.523576
0.497797
0.526158
0.521764
0.520941
0.743888
0.510271
0.530968
0.514195
0.616156
0.611251
0.496629
0.511848
0.630518
0.532544
0.527498
0.502506
0.527945
0.509719
0.519181
0.495117
0.531022
0.521734
0.521587
0.497242
0.513118
0.501661
0.512202
0.511064
0.509356
0.508987
0.510345
0.498346
0.512206
0.54286
0.524756
0.521455
0.524672
0.504671
0.505138
0.514247
0.53362
0.497683
0.512008
0.538016
0.53302
0.530189
0.524646
0.511293
0.508326
0.536019
0.656308
0.514472
0.529888
0.696044
0.513771
0.625947
0.670755
0.516359
0.534082
0.538701
0.516679
0.509327
0.538786
0.56087
0.534778
0.508999
0.537435
0.528788
0.529816
0.499881
0.503021
0.529354
0.49901
0.501519
0.53121
0.52616
0.539044
0.495678
0.500371
0.674125
0.51437
0.517642
0.513105
0.643231
0.526379
0.498813
0.524076
0.57598
0.566032
0.572596
0.546941
0.523701
0.54021
0.518848
0.518657
0.508034
0.522094
0.506622
0.685716
0.513725
0.508259
0.63285
0.629426
0.502879
0.504817
0.535943
0.515926
0.523803
0.500255
0.550655
0.499893
0.512546
0.51717
0.512254
0.516485
0.500623
0.497315
0.51273
0.71913
0.520188
0.507313
0.511457
0.517901
0.50301
0.533263
0.562559
0.518488
0.504388
0.51002
0.523755
0.513321
0.513271
0.504854
0.503651
0.50109
0.530803
0.499622
0.509681
0.516883
0.511898
0.583785
0.516212
0.52949
0.514609
0.519989
0.531928
0.508033
0.581952
0.514431
0.515192
0.518349
0.520528
0.515432
0.494804
0.513469
0.535985
0.51981
0.518416
0.513814
0.502881
0.513238
0.523578
0.518211
0.529071
0.564569
0.514152
0.496341
0.512093
0.497526
0.509456
0.56347
0.510432
0.520238
0.51497
0.516543
0.513116
0.523865
0.55581
0.539859
0.539371
0.510208
0.504291
0.527453
0.518389
0.519969
0.514144
0.613924
0.536703
0.515976
0.540504
0.496504
0.506668
0.608113
0.507294
0.515788
0.498803
0.502988
0.523048
0.523732
0.537824
0.512837
0.533737
0.581664
0.515272
0.646649
0.512005
0.57941
0.501993
0.545533
0.533116
0.527954
0.511936
0.516382
0.521585
0.517298
0.513168
0.501127
0.506357
0.502578
0.516503
0.503767
0.511892
0.509078
0.489789
0.521425
0.518243
0.518949
0.536186
0.512056
0.490641
0.515023
0.514344
0.503374
0.497564
0.514585
0.540535
0.515522
0.527015
0.542271
0.491879
0.493308
0.519434
0.522665
0.501439
0.52789
0.495205
0.502368
0.520207
0.671082
0.529753
0.520251
0.501764
0.513752
0.499633
0.497073
0.513003
0.536596
0.559281
0.518105
0.534215
0.507848
0.526878
0.514994
0.509571
0.519749
0.517817
0.526079
0.512186
0.51174
0.514475
0.495681
0.490311
0.51301
0.509336
0.514254
0.513208
0.517365
0.516247
0.518832
0.54852
0.540691
0.522684
0.504072
0.614862
0.517631
0.528478
0.523649
0.51419
0.512736
0.512743
0.505282
0.509564
0.514174
0.52242
0.517874
0.518264
0.568844
0.506755
0.532342
0.511964
0.512697
0.506836
0.509487
0.51501
0.526646
0.523473
0.517104
0.508853
0.509162
0.531529
0.50667
0.516462
0.515204
0.506372
0.526502
0.524797
0.528936
0.513218
0.517581
0.522885
0.512661
0.511195
0.513062
0.525569
0.518212
0.526664
0.525588
0.5403
0.507217
0.520318
0.528359
0.49836
0.555369
0.546129
0.517916
0.510803
0.514329
0.567591
0.585859
0.516457
0.515319
0.547363
0.532462
0.513411
0.502295
0.514663
0.514723
0.510383
0.512768
0.512325
0.512156
0.514676
0.507251
0.514372
0.516771
0.514099
0.532944
0.509946
0.508479
0.514489
0.51109
0.509277
0.511972
0.516988
0.513507
0.507665
0.509537
0.526784
0.510967
0.534927
0.528481
0.520011
0.526297
0.51999
0.513022
0.533197
0.511428
0.531736
0.525937
0.51806
0.526834
0.51275
0.542988
0.544368
0.525312
0.509113
0.505532
0.522956
0.521986
0.515273
0.659021
0.510029
0.502703
0.505294
0.513146
0.516656
0.523121
0.514473
0.514216
0.510878
0.517695
0.515899
0.633987
0.543211
0.51001
0.514322
0.517183
0.519027
0.504048
0.543241
0.529467
0.503521
0.507685
0.515028
0.51669
0.506648
0.598204
0.606797
0.537868
0.520607
0.521852
0.530216
0.511077
0.511341
0.513588
0.516027
0.531299
0.524431
0.52382
0.51143
0.50276
0.535648
0.512422
0.529736
0.53115
0.522753
0.743005
0.511682
0.526474
0.508754
0.493324
0.513006
0.511898
0.525095
0.525834
0.52085
0.52982
0.51604
0.515358
0.50799
0.831147
0.52228
0.519961
0.519646
0.502793
0.510641
0.518486
0.520194
0.51707
0.524282
0.516073
0.513671
0.512756
0.511091
0.507537
0.508603
0.495489
0.514304
0.522062
0.50698
0.515928
0.588243
0.513087
0.519389
0.532008
0.519625
0.507186
0.508602
0.525513
0.517691
0.527493
0.538077
0.575617
0.525544
0.528163
0.513485
0.773897
0.52265
0.517692
0.516249
0.513775
0.514052
0.516563
0.514888
0.52002
0.548888
0.512767
0.511217
0.558679
0.591364
0.508027
0.514896
0.509867
0.512591
0.510222
0.626121
0.504866
0.51288
0.509115
0.517134
0.514131
0.526172
0.510032
0.520908
0.509765
0.509863
0.507109
0.506004
0.519476
0.515084
0.535131
0.520491
0.507946
0.673806
0.541088
0.527767
0.500675
0.505923
0.511593
0.551103
0.516277
0.513206
0.511242
0.51364
0.511119
0.511685
0.56479
0.522266
0.522012
0.511436
0.507301
0.510418
0.512438
0.543272
0.561938
0.511155
0.527806
0.518236
0.605181
0.512126
0.512461
0.544677
0.516524
0.514543
0.526472
0.511387
0.51794
0.51423
0.51439
0.511297
0.50742
0.512704
0.551864
0.541275
0.500388
0.523115
0.523915
0.511131
0.513438
0.528054
0.505824
0.524718
0.516425
0.555284
0.514702
0.527403
0.521356
0.521698
0.508656
0.511495
0.52235
0.524168
0.51716
0.527945
0.517022
0.506054
0.518381
0.506028
0.514229
0.508261
0.529256
0.515474
0.513593
0.515579
0.51147
0.525375
0.494755
0.511283
0.516778
0.513027
0.508669
0.513723
0.508423
0.510693
0.511828
0.530194
0.529971
0.527108
0.596786
0.514479
0.507338
0.548493
0.518584
0.5104
0.511653
0.513233
0.505964
0.509904
0.515067
0.526439
0.512475
0.518455
0.531747
0.611436
0.543064
0.515707
0.514251
0.513788
0.513166
0.512632
0.499162
0.530987
0.516166
0.521323
0.505906
0.505574
0.5054
0.514563
0.543161
0.502422
0.541486
0.514106
0.514674
0.521667
0.535877
0.515915
0.523664
0.542276
0.516112
0.528728
0.527097
0.512079
0.514916
0.515377
0.513615
0.520086
0.527684
0.516176
0.515848
0.527082
0.529963
0.511441
0.515229
0.515335
0.49977
0.503355
0.501171
0.515732
0.513781
0.535443
0.511587
0.503451
0.510792
0.521721
0.530942
0.509922
0.510612
0.518544
0.543408
0.506521
0.512292
0.523629
0.516607
0.619635
0.611741
0.52126
0.523145
0.503019
0.511602
0.505015
0.534457
0.624159
0.526713
0.507466
0.507859
0.527897
0.510298
0.513902
0.519422
0.520669
0.517604
0.513811
0.517412
0.677652
0.512781
0.519486
0.544326
0.522159
0.51268
0.572364
0.513556
0.505983
0.512829
0.538927
0.522661
0.590458
0.522536
0.507111
0.516201
0.520539
0.508268
0.548794
0.542247
0.527908
0.524038
0.510236
0.517549
0.538131
0.511871
0.536769
0.527447
0.597928
0.526823
0.508178
0.617766
0.510892
0.506578
0.502718
0.507779
0.516447
0.526484
0.512983
0.518479
0.512742
0.504227
0.53662
0.584864
0.524573
0.521284
0.551239
0.504993
0.517763
0.511287
0.506352
0.504408
0.508635
0.522282
0.510665
0.511675
0.503521
0.529833
0.513374
0.670247
0.512325
0.522753
0.530026
0.565436
0.526295
0.513885
0.510984
0.4969
0.511838
0.509239
0.536466
0.520907
0.529109
0.508924
0.517975
0.518169
0.50622
0.704219
0.512183
0.504101
0.502064
0.512595
0.50655
0.509004
0.52348
0.513221
0.509253
0.621156
0.5134
0.538883
0.643867
0.52019
0.515905
0.516649
0.507399
0.514417
0.498695
0.509287
0.519928
0.517809
0.509669
0.50891
0.522951
0.528025
0.524214
0.532279
0.527901
0.51328
0.522944
0.518944
0.519851
0.511146
0.519209
0.528043
0.515706
0.510199
0.51484
0.536887
0.685603
0.511181
0.53313
0.511339
0.514473
0.514186
0.518064
0.533615
0.557447
0.509666
0.509252
0.519574
0.524664
0.51015
0.511191
0.503304
0.510826
0.510916
0.534254
0.513293
0.531594
0.514297
0.51887
0.508823
0.505123
0.531961
0.641176
0.512223
0.511058
0.52053
0.510739
0.501953
0.518025
0.528884
0.514456
0.527976
0.505655
0.513194
0.512954
0.604016
0.508889
0.574516
0.512412
0.506975
0.515057
0.523222
0.497032
0.493564
0.520276
0.502936
0.494743
0.534792
0.581617
0.536328
0.495697
0.62272
0.502593
0.510162
0.508136
0.515059
0.504571
0.562862
0.721632
0.506705
0.622953
0.506122
0.513469
0.505334
0.515296
