0.520052
0.516746
0.519439
0.515869
0.515387
0.51352
0.520706
0.525392
0.512576
0.512325
0.511683
0.512158
0.513239
0.773779
0.643266
0.516423
0.503404
0.506664
0.502137
0.505791
0.537144
0.506805
0.52592
0.529718
0.519351
0.51732
0.51902
0.518292
0.501827
0.502684
0.520971
0.515585
0.55094
0.690531
0.685134
0.686052
0.690793
0.518841
0.519307
0.503835
0.50965
0.534791
0.53388
0.501629
0.505365
0.510799
0.513438
0.515416
0.511501
0.521728
0.526032
0.526031
0.491053
0.499324
0.514552
0.513132
0.51498
0.514937
0.519675
0.519883
0.515293
0.504422
0.520806
0.516551
0.511815
0.515452
0.515527
0.511794
0.509475
0.513981
0.509107
0.510346
0.706039
0.504504
0.529423
0.525862
0.516523
0.514219
0.515417
0.516694
0.497031
0.502914
0.522244
0.515074
0.516225
0.52482
0.529809
0.53616
0.508598
0.511646
0.507494
0.509051
0.516087
0.507491
0.508928
0.525229
0.525263
0.529218
0.527517
0.51937
0.517375
0.517964
0.550811
0.550295
0.566242
0.581397
0.561027
0.541962
0.545811
0.522232
0.517725
0.520917
0.521055
0.521019
0.516949
0.565713
0.583703
0.519763
0.514092
0.499591
0.501047
0.505245
0.505977
0.51447
0.517528
0.512305
0.509876
0.520154
0.52268
0.583916
0.604934
0.630829
0.519094
0.518889
0.516714
0.539783
0.533285
0.506131
0.506859
0.513216
0.51726
0.516645
0.499347
0.531639
0.505191
0.505593
0.523878
0.523473
0.520461
0.516181
0.509796
0.510931
0.509894
0.52774
0.521375
0.52582
0.503728
0.498427
0.501226
0.517894
0.514716
0.520654
0.788017
0.515037
0.500023
0.50374
0.536501
0.538938
0.526405
0.530672
0.525005
0.531022
0.529497
0.514297
0.511529
0.511596
0.510172
0.511707
0.547175
0.569152
0.517752
0.510158
0.511874
0.507952
0.50646
0.506192
0.514113
0.521293
0.511191
0.512294
0.504973
0.512126
0.518613
0.527686
0.5325
0.5366
0.518019
0.518775
0.517212
0.50321
0.507793
0.50689
0.50634
0.500232
0.498487
0.518499
0.511811
0.511562
0.674994
0.520975
0.511542
0.516103
0.491904
0.49534
0.518496
0.524216
0.524423
0.513682
0.650345
0.624821
0.512425
0.512935
0.506727
0.536669
0.51765
0.533717
0.53696
0.573435
0.575931
0.581794
0.528715
0.527884
0.518978
0.517625
0.53736
0.536179
0.503497
0.525905
0.529387
0.516441
0.522927
0.523145
0.526693
0.519697
0.515512
0.503551
0.5046
0.508276
0.50929
0.512889
0.507924
0.507562
0.510249
0.50991
0.616632
0.643999
0.510437
0.529336
0.505663
0.49991
0.504695
0.542007
0.550625
0.569495
0.525903
0.510104
0.515914
0.58116
0.575089
0.530725
0.508043
0.503253
0.523839
0.539398
0.533354
0.493148
0.494573
0.511755
0.513081
0.510903
0.502843
0.505096
0.529793
0.537886
0.524982
0.521329
0.520071
0.518194
0.510338
0.511445
0.530787
0.53194
0.509236
0.513111
0.507325
0.504984
0.504202
0.509768
0.515016
0.513042
0.542695
0.521022
0.513011
0.509007
0.506278
0.505917
0.523304
0.521266
0.515235
0.516966
0.502834
0.502798
0.499435
0.504561
0.502884
0.50321
0.537858
0.536596
0.521921
0.520699
0.504939
0.49797
0.502797
0.51419
0.511007
0.524513
0.564083
0.571038
0.600203
0.576918
0.506739
0.52665
0.512556
0.515648
0.509026
0.501303
0.512661
0.515827
0.509706
0.527786
0.504147
0.506872
0.507743
0.511368
0.566005
0.565934
0.532482
0.533817
0.518769
0.520411
0.516881
0.524847
0.52103
0.5609
0.569743
0.560883
0.515034
0.518922
0.514478
0.710923
0.655064
0.498788
0.522953
0.515427
0.517204
0.5168
0.51749
0.506188
0.540221
0.534376
0.506621
0.506968
0.518197
0.531171
0.533136
0.534227
0.514212
0.540476
0.623005
0.508705
0.509772
0.508294
0.513786
0.507932
0.513699
0.510255
0.510243
0.510481
0.510593
0.531941
0.531683
0.52577
0.521228
0.509444
0.519992
0.523148
0.498714
0.502741
0.62239
0.511964
0.512569
0.511434
0.516983
0.514881
0.514223
0.509908
0.519736
0.511313
0.505615
0.499
0.516909
0.532856
0.524084
0.527337
0.536802
0.50572
0.507252
0.525302
0.518681
0.525365
0.515178
0.518839
0.513595
0.505229
0.510449
0.529887
0.688632
0.503446
0.5194
0.526469
0.516118
0.518561
0.51742
0.516311
0.506954
0.510387
0.510917
0.506241
0.50794
0.508594
0.508687
0.505531
0.532574
0.503534
0.504848
0.538105
0.513406
0.506863
0.517642
0.51726
0.516918
0.509795
0.515705
0.50719
0.516685
0.508799
0.516717
0.50868
0.530488
0.524768
0.525523
0.525482
0.528668
0.51846
0.515974
0.518447
0.506301
0.520961
0.521131
0.499314
0.505701
0.513191
0.531429
0.50918
0.663413
0.518191
0.516037
0.535241
0.512916
0.515561
0.517948
0.541243
0.517055
0.510226
0.50227
0.500338
0.510804
0.509778
0.540021
0.539914
0.522499
0.640157
0.621514
0.709804
0.515892
0.511856
0.498908
0.516895
0.516417
0.503024
0.507694
0.503565
0.641704
0.612263
0.528766
0.51032
0.507194
0.531681
0.536079
0.511015
0.50322
0.522284
0.526799
0.499094
0.505665
0.501157
0.513387
0.511948
0.51338
0.515908
0.514713
0.533223
0.536377
0.516512
0.519537
0.505296
0.504045
0.506695
0.506536
0.508893
0.507177
0.560354
0.533669
0.522421
0.533601
0.52216
0.52148
0.523136
0.518713
0.531211
0.532223
0.534131
0.51655
0.520765
0.505078
0.512116
0.506317
0.501465
0.509631
0.513869
0.504562
0.512751
0.512525
0.509632
0.509043
0.504758
0.690031
0.749822
0.518158
0.519547
0.521244
0.561373
0.602054
0.50789
0.500515
0.531393
0.523694
0.510481
0.51221
0.529392
0.525053
0.545708
0.517161
0.513143
0.515
0.520283
0.520342
0.504127
0.513657
0.540659
0.53053
0.512805
0.512855
0.514583
0.509703
0.51142
0.528465
0.511636
0.502833
0.516843
0.523332
0.511293
0.516386
0.510641
0.520565
0.50587
0.514172
0.52438
0.531291
0.531441
0.511406
0.506714
0.514981
0.541067
0.541734
0.513651
0.532268
0.501059
0.513556
0.513777
0.509918
0.511915
0.515786
0.540842
0.496278
0.498827
0.504528
0.505911
0.502047
0.506494
0.517427
0.512898
0.509951
0.50989
0.517966
0.520738
0.619843
0.530403
0.501464
0.50646
0.511025
0.516246
0.519406
0.502326
0.53374
0.507528
0.600685
0.508876
0.505465
0.506917
0.517836
0.515472
0.521351
0.51973
0.51733
0.510647
0.506976
0.510331
0.498991
0.504213
0.517075
0.519609
0.515917
0.51377
0.683169
0.651302
0.704091
0.679924
0.521639
0.521659
0.52515
0.509559
0.51001
0.507199
0.504666
0.504127
0.513703
0.511235
0.518137
0.514338
0.539524
0.537552
0.50245
0.504172
0.545759
0.543784
0.508777
0.527853
0.523704
0.520124
0.51991
0.51906
0.512036
0.517932
0.512007
0.539828
0.53667
0.511813
0.516734
0.512591
0.516661
0.514284
0.633034
0.526791
0.528317
0.516302
0.5122
0.513052
0.517557
0.515255
0.513343
0.521819
0.528684
0.52227
0.52782
0.52824
0.665615
0.720044
0.540708
0.511683
0.507948
0.634916
0.533841
0.515712
0.536065
0.498494
0.504319
0.557482
0.530099
0.531236
0.528092
0.506898
0.510407
0.511439
0.529216
0.516227
0.517101
0.528557
0.526271
0.542925
0.512635
0.513145
0.575038
0.619948
0.600814
0.537952
0.516172
0.500298
0.517265
0.488669
0.494551
0.518235
0.516492
0.52371
0.519654
0.527511
0.525293
0.524474
0.515355
0.508809
0.510941
0.521931
0.495776
0.495412
0.493927
0.516169
0.50704
0.509362
0.507646
0.552576
0.52266
0.501878
0.512267
0.512377
0.509987
0.522009
0.532675
0.513759
0.531115
0.524824
0.524541
0.496206
0.522075
0.525217
0.525166
0.521333
0.519784
0.505417
0.507462
0.521199
0.522484
0.561728
0.508645
0.509763
0.503986
0.501873
0.499163
0.505767
0.503976
0.528624
0.521212
0.524909
0.510938
0.508734
0.495368
0.502814
0.490648
0.516602
0.518576
0.515942
0.514019
0.537621
0.511055
0.529725
0.521117
0.521452
0.513773
0.526048
0.522045
0.526269
0.528245
0.5433
0.534198
0.518437
0.518582
0.524902
0.511791
0.51352
0.509793
0.510451
0.528341
0.517984
0.5167
0.698362
0.552984
0.546197
0.555535
0.504623
0.506693
0.546655
0.523718
0.519979
0.508391
0.528269
0.511947
0.529109
0.521054
0.510142
0.500885
0.519911
0.510403
0.52606
0.524797
0.525571
0.660648
0.509666
0.517409
0.526869
0.509029
0.51332
0.528696
0.524665
0.521016
0.525466
0.524421
0.505969
0.523204
0.553499
0.517805
0.496792
0.670294
0.642887
0.511368
0.529821
0.526473
0.509822
0.526755
0.511531
0.513918
0.51423
0.510453
0.503607
0.511135
0.598402
0.590792
0.520773
0.516111
0.513778
0.517792
0.514668
0.517624
0.517292
0.521696
0.52546
0.514543
0.504193
0.503711
0.518317
0.520203
0.52028
0.516823
0.627704
0.512427
0.513103
0.498135
0.529568
0.505664
0.540156
0.507366
0.501636
0.54248
0.543953
0.511493
0.515319
0.517949
0.515245
0.517431
0.515998
0.518643
0.518157
0.512766
0.513869
0.526298
0.512067
0.513029
0.500039
0.503478
0.524126
0.532174
0.513947
0.510728
0.570643
0.522783
0.696597
0.514827
0.517118
0.512758
0.512426
0.518778
0.515316
0.518372
0.525183
0.505796
0.507311
0.514775
0.513948
0.629628
0.519993
0.511444
0.615884
0.510582
0.526927
0.518865
0.510649
0.511695
0.512064
0.511107
0.513546
0.512936
0.508608
0.533319
0.621227
0.510843
0.542234
0.490295
0.523457
0.523364
0.523292
0.645996
0.648558
0.525428
0.510064
0.52088
0.519174
0.498273
0.520068
0.525838
0.644002
0.626826
0.55927
0.575659
0.51571
0.510582
0.525831
0.490802
0.5152
0.501258
0.526325
0.496611
0.524546
0.511733
0.524144
0.530893
0.506377
0.508505
0.518435
0.724319
0.835638
0.515403
0.515888
0.524412
0.525804
0.506414
0.503285
0.526059
0.521157
0.499114
0.502743
0.507079
0.497421
0.517558
0.514665
0.513493
0.518555
0.518435
0.579699
0.491256
0.518508
0.507376
0.499258
0.606965
0.605054
0.526031
0.622492
0.52392
0.540319
0.510861
0.49943
0.502644
0.522196
0.524722
0.594723
0.515765
0.501241
0.50915
0.533797
0.535192
0.694858
0.501053
0.501802
0.503687
0.53699
0.510789
0.492197
0.499123
0.503969
0.524211
0.519852
0.511391
0.51586
0.510808
0.513829
0.507907
0.584965
0.580974
0.533137
0.519362
0.50215
0.507205
0.534993
0.500189
0.525681
0.530092
0.531873
0.525514
0.505485
0.514827
0.529287
0.51892
0.517052
0.545287
0.543151
0.526831
0.60734
0.512761
0.658346
0.661999
0.513793
0.515057
0.509033
0.509464
0.654889
0.723492
0.678186
0.548556
0.509606
0.525004
0.497762
0.502417
0.504955
0.504421
0.587811
0.511576
0.52054
0.540324
0.494611
0.504371
0.499187
0.518831
0.514942
0.568934
0.518079
0.50295
0.50113
0.50714
0.529882
0.509519
0.532174
0.544988
0.519975
0.517147
0.518472
0.53763
0.515826
0.515648
0.517282
0.502236
0.520724
0.536645
0.51696
0.517337
0.516391
0.51214
0.514443
0.527687
0.653805
0.586341
0.501917
0.501807
0.518524
0.501312
0.496722
0.510939
0.510276
0.768804
0.522614
0.500099
0.522326
0.509638
0.504099
0.518825
0.519976
0.509773
0.574159
0.533642
0.670944
0.512964
0.505712
0.507571
0.506205
0.519186
0.51173
0.508502
0.511359
0.534522
0.549604
0.507628
0.535024
0.510193
0.513539
0.508854
0.517127
0.513719
0.508842
0.515982
0.531052
0.538918
0.527375
0.512914
0.508227
0.530419
0.517522
0.507362
0.521139
0.502997
0.524978
0.535446
0.497867
0.501523
0.542492
0.521532
0.517648
0.542392
0.544844
0.518641
0.492815
0.497337
0.520439
0.616409
0.514968
0.501492
0.511576
0.511116
0.51575
0.515529
0.512177
0.510792
0.512393
0.506182
0.622887
0.513902
0.507589
0.504158
0.536738
0.501686
0.50405
0.509227
0.527678
0.509597
0.505762
0.527168
0.521328
0.521389
0.510836
0.509537
0.522525
0.54335
0.501089
0.523309
0.523309
0.539241
0.535106
0.511799
0.518414
0.532253
0.501126
0.50763
0.51093
0.516928
0.506666
0.514244
0.51977
0.513089
0.724134
0.509472
0.514746
0.51794
0.507726
0.50662
0.607697
0.558555
0.525716
0.518292
0.516912
0.541194
0.506892
0.502468
0.517271
0.518632
0.514926
0.509535
0.514044
0.496717
0.510069
0.601356
0.51497
0.509214
0.517828
0.510168
0.512199
0.544799
0.634454
0.557651
0.509421
0.506759
0.515797
0.529791
0.528204
0.516867
0.495686
0.504513
0.531759
0.536945
0.496405
0.513786
0.554972
0.546231
0.565351
0.501229
0.505998
0.512653
0.513058
0.500201
0.564032
0.565278
0.520652
0.637793
0.657276
0.506444
0.509259
0.527399
0.554563
0.495725
0.498757
0.511226
0.523859
0.5143
0.520035
0.527852
0.512883
0.515864
0.496095
0.631971
0.522756
0.513438
0.487257
0.494887
0.510345
0.694435
0.531803
0.526005
0.50813
0.520023
0.535841
0.532901
0.513424
0.51117
0.495405
0.53116
0.537804
0.517571
0.518972
0.557757
0.501872
0.505126
0.531688
0.537283
0.508365
0.529188
0.524329
0.52377
0.525037
0.719536
0.517663
0.533874
0.526886
0.514132
0.511145
0.507977
0.51511
0.530082
0.532323
0.509851
0.527672
0.528798
0.50527
0.500021
0.502786
0.531578
0.510517
0.492248
0.495745
0.543311
0.514081
0.521892
0.493971
0.520653
0.512626
0.518664
0.521711
0.510504
0.523945
0.585404
0.511021
0.543986
0.540649
0.516055
0.518775
0.516591
0.513418
0.517386
0.511246
0.502068
0.611309
0.504888
0.508382
0.503466
0.511548
0.499965
0.4998
0.552135
0.529055
0.513622
0.492166
0.507898
0.520887
0.518602
0.498405
0.536313
0.522579
0.527527
0.526239
0.516777
0.691757
0.653204
0.494674
0.503893
0.517119
0.517116
0.506469
0.514524
0.532812
0.503516
0.50346
0.507112
0.529622
0.52424
0.512671
0.504499
0.493781
0.498554
0.499412
0.53448
0.528341
0.507939
0.49892
0.508831
0.565014
0.573404
0.514582
0.530225
0.514793
0.516091
0.510773
0.535081
0.540709
0.508724
0.515298
0.526016
0.51255
0.517424
0.51104
0.518759
0.522376
0.517022
0.517536
0.524502
0.512243
0.529592
0.513618
0.512711
0.512523
0.51143
0.523887
0.570501
0.520941
0.528201
0.539844
0.724609
0.52849
0.539443
0.531315
0.514084
0.601621
0.538428
0.595368
0.535596
0.537761
0.505651
0.582779
0.526495
0.507705
0.52152
0.492552
0.525883
0.512404
0.504718
0.518525
0.521759
0.675749
0.515467
0.510955
0.51364
0.571048
0.504165
0.542841
0.532928
0.537993
0.524555
0.525275
0.516277
0.517472
0.52668
0.562471
0.506541
0.507227
0.537468
0.51395
0.532103
0.502891
0.517663
0.507943
0.636288
0.534821
0.511042
0.49498
0.537921
0.518846
0.519105
0.502867
0.4981
0.502144
0.529929
0.523808
0.523767
0.509358
0.538674
0.501493
0.515663
0.524871
0.492154
0.529461
0.495215
0.521256
0.500716
0.501141
0.541011
0.520277
0.502826
0.511209
0.517475
0.494532
0.560662
0.508372
0.514483
0.536996
0.520144
0.532566
0.511766
0.499637
0.547376
0.529724
0.519578
0.521524
0.511265
0.520098
0.513723
0.510781
0.65858
0.499792
0.505302
0.508532
0.490422
0.524104
0.538551
0.507277
0.502303
0.518447
0.533982
0.530896
0.527303
0.535961
0.496765
0.511828
0.523362
0.497205
0.518181
0.519246
0.507649
0.515056
0.518497
0.517489
0.534172
0.525813
0.512202
0.527259
0.552203
0.592151
0.547632
0.522373
0.50928
0.564074
0.589907
0.56998
0.508435
0.516401
0.522394
0.524413
0.544526
0.531578
0.51256
0.521608
0.521969
0.512724
0.621923
0.51497
0.509713
0.577988
0.512795
0.512524
0.513859
0.510246
0.528365
0.511962
0.511578
0.532453
0.532867
0.539349
0.513736
0.511608
0.511071
0.503761
0.507712
0.520376
0.521534
0.511948
0.523044
0.528652
0.519781
0.514735
0.518439
0.505245
0.51286
0.51173
0.514107
0.512326
0.507367
0.510099
0.540765
0.508817
0.51417
0.520091
0.521679
0.557301
0.547612
0.532325
0.52391
0.513385
0.517943
0.579641
0.598883
0.515999
0.560726
0.548436
0.515391
0.518252
0.508803
0.510396
0.508069
0.508201
0.515924
0.668428
0.511391
0.510569
0.516651
0.517876
0.504617
0.506589
0.513678
0.510865
0.518746
0.51502
0.526816
0.515826
0.513597
0.59544
0.528451
0.512787
0.499939
0.511333
0.509573
0.513194
0.511561
0.533682
0.506631
0.525029
0.523863
0.517384
0.509824
0.51747
0.509835
0.528192
0.530465
0.526651
0.520885
0.544628
0.549037
0.524295
0.522822
0.508857
0.516626
0.513108
0.508609
0.51059
0.504979
0.518797
0.522637
0.513787
0.510298
0.520224
0.509239
0.503711
0.514637
0.517683
0.515072
0.596803
0.586169
0.522622
0.528663
0.531059
0.524393
0.510946
0.524115
0.51341
0.519903
0.586528
0.597792
0.518793
0.527312
0.522437
0.641429
0.51606
0.521337
0.517154
0.516893
0.528353
0.529032
0.521079
0.517287
0.516258
0.519737
0.508767
0.599815
0.507287
0.499228
0.510469
0.514704
0.511286
0.505315
0.516692
0.514764
0.517558
0.512065
0.514256
0.509472
0.516109
0.516136
0.508476
0.5155
0.627569
0.510706
0.516963
0.529475
0.509009
0.511842
0.511359
0.511119
0.516401
0.514695
0.51046
0.566232
0.513282
0.512368
0.531264
0.521704
0.528144
0.516314
0.609473
0.509008
0.505676
0.525542
0.516507
0.517674
0.51125
0.534661
0.508559
0.555314
0.55602
0.518937
0.522141
0.519047
0.517722
0.525359
0.512962
0.512674
0.516355
0.508617
0.513045
0.511572
0.511854
0.51613
0.559904
0.569072
0.50749
0.656514
0.643975
0.509836
0.515603
0.507198
0.513395
0.518165
0.514576
0.506181
0.52606
0.520147
0.512482
0.513414
0.504402
0.538093
0.517039
0.542686
0.510285
0.652975
0.541249
0.525235
0.515456
0.525536
0.518898
0.524661
0.507722
0.508795
0.511607
0.554697
0.510946
0.511495
0.506442
0.514531
0.506967
0.518188
0.515868
0.517512
0.699472
0.560397
0.552355
0.508079
0.541439
0.558502
0.511888
0.512551
0.518969
0.517066
0.530462
0.717876
0.513362
0.51401
0.550634
0.512604
0.523964
0.512178
0.510743
0.554887
0.522235
0.507711
0.512357
0.573722
0.557982
0.563853
0.518747
0.520069
0.506116
0.50918
0.558895
0.522945
0.49627
0.522743
0.518225
0.518042
0.526062
0.528095
0.522166
0.515049
0.515237
0.510797
0.590612
0.511392
0.527423
0.515329
0.683049
0.509481
0.52731
0.51409
0.506223
0.632978
0.533933
0.505733
0.519095
0.510866
0.509665
0.51233
0.504484
0.510118
0.500072
0.527098
0.527828
0.498899
0.517385
0.512348
0.511812
0.513619
0.509825
0.515656
0.520222
0.507486
0.506616
0.51081
0.52972
0.528401
0.656539
0.517266
0.517391
0.507442
0.576148
0.523071
0.522062
0.510194
0.511066
0.511033
0.50258
0.519109
0.51932
0.537336
0.514314
0.51535
0.508737
0.506853
0.541516
0.53812
0.533938
0.518595
0.724385
0.618827
0.512686
0.511813
0.526194
0.512766
0.506555
0.515366
0.522593
0.518115
0.520262
0.505341
0.513674
0.522555
0.51212
0.506284
0.516806
0.506036
0.516297
0.508527
0.507683
0.513392
0.521017
0.511965
0.513862
0.547307
0.518515
0.511097
0.516476
0.517885
0.515764
0.513021
0.50904
0.512071
0.506756
0.537157
0.516847
0.522219
0.503055
0.509634
0.524153
0.502577
0.527193
0.541037
0.519823
0.498029
0.502937
0.521881
0.510571
0.561037
0.518143
0.569993
0.556862
0.519369
0.515246
0.500058
0.508463
0.510947
0.506209
0.510677
0.518464
0.508175
0.509128
0.521207
0.518005
0.528449
0.52984
0.518713
0.507064
0.512922
0.728971
0.531248
0.535855
0.531209
0.513676
0.516326
0.515639
0.517889
0.517558
0.522017
0.532257
0.529109
0.505328
0.508944
0.51165
0.515592
0.508756
0.528192
0.498627
0.524277
0.530522
0.515203
0.524571
0.623233
0.521132
0.511365
0.514132
0.520093
0.513035
0.519753
0.515245
0.506643
0.525774
0.509888
0.520754
0.506698
0.514413
0.547135
0.510194
0.516918
0.503222
0.513619
0.512276
0.520516
0.54973
0.507586
0.502313
0.505203
0.540181
0.544986
0.507067
0.521327
0.516786
0.506532
0.549971
0.509706
0.51641
0.537787
0.515604
0.522096
0.510898
0.664303
0.517576
0.534301
0.515876
0.540832
0.506592
0.5089
0.514353
0.531096
0.595343
0.52567
0.512912
0.504262
0.515483
0.508762
0.515293
0.512385
0.515267
0.506908
0.523115
0.549092
0.51588
0.506553
0.521681
0.517864
0.508734
0.515899
0.509681
0.526115
0.522933
0.516412
0.512293
0.512162
0.709178
0.520792
0.520062
0.503458
0.503656
0.515529
0.512856
0.521991
0.538133
0.516298
0.504195
0.507362
0.503649
0.51525
0.53464
0.507129
0.517906
0.536677
0.646599
0.619751
0.515452
0.593055
0.516105
0.524371
0.511694
0.532553
0.51331
0.530635
0.507624
0.499107
0.508327
0.521902
0.50835
0.572189
0.513658
0.528947
0.514145
0.519838
0.532886
0.510995
0.514628
0.529164
0.522335
0.515916
0.515734
0.555458
0.507899
0.539808
0.511904
0.517479
0.51746
0.530999
0.507786
0.517481
0.508332
0.518815
0.520066
0.520836
0.51532
0.532919
0.610812
0.520879
0.51284
0.512647
0.524215
0.529646
0.531125
0.533639
0.518279
0.523526
0.512553
0.507005
0.510014
0.535161
0.52055
0.503012
0.49812
0.505175
0.514072
0.513675
0.519767
0.506248
0.509289
0.496388
0.509764
0.515213
0.516886
0.61984
0.51857
0.513982
0.503867
0.516587
0.533604
0.517094
0.521495
0.502842
0.537914
0.522218
0.504816
0.502778
0.510321
