0.529009
0.535801
0.55198
0.54839
0.523927
0.531271
0.530387
0.525916
0.510683
0.5296
0.529146
0.528809
0.51549
0.513859
0.52111
0.514426
0.518334
0.533497
0.535313
0.532962
0.53844
0.537898
0.539859
0.542016
0.531232
0.530297
0.526273
0.524627
0.520594
0.520129
0.525637
0.522778
0.536985
0.512647
0.530478
0.546713
0.526116
0.531032
0.526973
0.524594
0.516232
0.532825
0.531671
0.52617
0.530254
0.523047
0.517847
0.518187
0.528403
0.518513
0.518291
0.534205
0.526027
0.526806
0.539049
0.528277
0.521756
0.525143
0.524581
0.525917
0.524588
0.5197
0.528013
0.528265
0.527759
0.526764
0.521712
0.525615
0.527969
0.517407
0.527616
0.524077
0.53063
0.538491
0.517038
0.528429
0.52559
0.508426
0.518206
0.537806
0.532848
0.527697
0.505019
0.505012
0.524759
0.522068
0.527026
0.526531
0.532294
0.524175
0.522776
0.517137
0.517349
0.527976
0.52847
0.528481
0.54091
0.523812
0.524402
0.543776
0.519571
0.521887
0.515702
0.51757
0.526921
0.528623
0.52107
0.526057
0.522025
0.528191
0.526312
0.525203
0.521062
0.526378
0.523631
0.519814
0.522507
0.527526
0.531362
0.555964
0.526176
0.520532
0.52277
0.525395
0.526749
0.532014
0.514824
0.517889
0.524311
0.535519
0.55001
0.508077
0.520464
0.514033
0.522103
0.519727
0.526472
0.523722
0.518883
0.52755
0.521868
0.518084
0.51656
0.527757
0.520061
0.522469
0.520621
0.534411
0.534936
0.532564
0.531265
0.527973
0.514708
0.530564
0.539269
0.542562
0.530571
0.529099
0.508717
0.523053
0.524739
0.527344
0.520948
0.522832
0.522336
0.524174
0.524412
0.522889
0.517514
0.532334
0.5201
0.521148
0.525706
0.53744
0.536608
0.536351
0.522803
0.538698
0.540947
0.543601
0.530684
0.519696
0.531104
0.525498
0.526924
0.523834
0.524301
0.527457
0.529756
0.523788
0.522969
0.531659
0.532591
0.527378
0.509983
0.531373
0.529972
0.527693
0.513549
0.522133
0.525408
0.521093
0.518589
0.521905
0.524417
0.523496
0.532659
0.52691
0.530119
0.52643
0.53052
0.545507
0.523934
0.551337
0.511993
0.524449
0.529475
0.526423
0.525733
0.526677
0.527192
0.527822
0.520153
0.539918
0.535709
0.527772
0.519275
0.513849
0.521166
0.528544
0.528855
0.527227
0.515674
0.522327
0.527889
0.528169
0.520815
0.518656
0.536685
0.522583
0.515082
0.519599
0.525234
0.52047
0.522743
0.519253
0.528048
0.526446
0.525802
0.518916
0.521788
0.530508
0.531956
0.526148
0.519037
0.515679
0.521524
0.51919
0.531901
0.525892
0.540413
0.540653
0.52157
0.520519
0.515289
0.507716
0.526191
0.52598
0.528118
0.525342
0.526414
0.530431
0.5307
0.529412
0.527505
0.530082
0.527593
0.52494
0.536387
0.510396
0.520746
0.514431
0.520959
0.514072
0.523027
0.512055
0.522756
0.524075
0.522888
0.534384
0.521129
0.521854
0.531776
0.522597
0.526624
0.531918
0.524451
0.525189
0.533763
0.529961
0.503241
0.512567
0.526703
0.506051
0.51787
0.538652
0.533139
0.525662
0.516766
0.517616
0.523215
0.51654
0.532157
0.526701
0.526393
0.526147
0.527103
0.52422
0.520102
0.522519
0.528982
0.523473
0.517604
0.522282
0.526524
0.52542
0.529272
0.531118
0.515727
0.527512
0.528397
0.508226
0.521024
0.522185
0.520766
0.526506
0.51926
0.529969
0.505051
0.527035
0.528833
0.527975
0.524256
0.529672
0.52523
0.525408
0.526016
0.523988
0.530395
0.5323
0.53061
0.517822
0.518237
0.532257
0.528467
0.531848
0.527243
0.521948
0.522249
0.526641
0.529023
0.532293
0.535894
0.53422
0.532417
0.538681
0.531667
0.525305
0.524689
0.522565
0.528607
0.531296
0.521571
0.528729
0.527752
0.522933
0.521393
0.523494
0.511283
0.523524
0.523948
0.525158
0.522851
0.531581
0.522698
0.52197
0.525791
0.522165
0.525239
0.525685
0.518692
0.518654
0.525576
0.524376
0.515198
0.519318
0.531383
0.510084
0.519158
0.522459
0.526104
0.522699
0.514782
0.516397
0.530886
0.52801
0.538453
0.541302
0.515314
0.534891
0.519903
0.521262
0.519977
0.520196
0.524012
0.523114
0.527694
0.527679
0.528337
0.516593
0.521025
0.52451
0.548344
0.553661
0.524743
0.523849
0.527946
0.525443
0.525182
0.52446
0.522487
0.522653
0.525796
0.524032
0.515876
0.51684
0.527935
0.525592
0.524787
0.510115
0.504451
0.539384
0.525333
0.522512
0.510914
0.537863
0.538418
0.540458
0.53549
0.523445
0.522735
0.529484
0.52159
0.532671
0.529677
0.5247
0.526824
0.528052
0.524668
0.521076
0.526013
0.518892
0.527538
0.527391
0.522387
0.524311
0.523616
0.552633
0.545625
0.528638
0.534614
0.533118
0.527728
0.532479
0.522785
0.528301
0.528159
0.526211
0.527738
0.527821
0.524899
0.522854
0.519199
0.524824
0.526046
0.524473
0.524506
0.51854
0.529514
0.531219
0.530202
0.522035
0.520705
0.511788
0.512895
0.525466
0.525529
0.527832
0.521834
0.524278
0.530987
0.527893
0.526796
0.52853
0.526136
0.527354
0.527119
0.526216
0.532071
0.537835
0.539638
0.522225
0.528571
0.527507
0.530995
0.527108
0.532046
0.530261
0.526774
0.526008
0.512481
0.52193
0.521624
0.529357
0.522447
0.522687
0.529818
0.530508
0.568779
0.530876
0.528228
0.527522
0.525674
0.520772
0.522819
0.521669
0.525349
0.5348
0.520302
0.545615
0.512203
0.538235
0.535898
0.526265
0.521468
0.522383
0.52745
0.531473
0.530052
0.528684
0.527735
0.522467
0.530196
0.527072
0.529146
0.516316
0.512881
0.528488
0.515824
0.530735
0.521512
0.52431
0.52602
0.541635
0.536114
0.518932
0.520934
0.529228
0.529153
0.523851
0.521419
0.531417
0.521843
0.530533
0.520255
0.518199
0.528503
0.530475
0.521039
0.528454
0.526701
0.523098
0.521543
0.532845
0.532023
0.527318
0.519037
0.52177
0.532669
0.524045
0.524443
0.523173
0.523214
0.522855
0.528396
0.525743
0.504648
0.523002
0.531878
0.519593
0.530335
0.522393
0.522768
0.522486
0.519504
0.533168
0.533104
0.529807
0.521522
0.518085
0.527562
0.527173
0.520716
0.525341
0.523329
0.524915
0.519463
0.523987
0.536331
0.529015
0.534837
0.539341
0.528074
0.52702
0.522832
0.52527
0.525776
0.528199
0.519724
0.517056
0.523991
0.529337
0.533848
0.537222
0.540989
0.517822
0.529238
0.510946
0.524051
0.522884
0.525864
0.520712
0.523599
0.524261
0.525373
0.543745
0.526857
0.540727
0.526584
0.530019
0.533901
0.520468
0.507021
0.516557
0.529554
0.529885
0.53454
0.525312
0.526955
0.505591
0.512013
0.531364
0.53086
0.522766
0.516967
0.524184
0.520983
0.533708
0.520735
0.520298
0.522176
0.521283
0.525029
0.52322
0.529592
0.516989
0.539929
0.526326
0.525008
0.526423
0.526098
0.506835
0.51961
0.520411
0.515446
0.522399
0.520425
0.537023
0.507022
0.514896
0.531746
0.529114
0.522387
0.522797
0.527903
0.526184
0.52666
0.524183
0.526507
0.535114
0.517956
0.526257
0.519314
0.527514
0.530537
0.537714
0.528876
0.527667
0.5367
0.537873
0.527267
0.523351
0.527831
0.518627
0.523028
0.512567
0.540623
0.530719
0.526969
0.514053
0.533001
0.527841
0.529252
0.529878
0.524905
0.528635
0.526936
0.505961
0.525911
0.531644
0.528974
0.525334
0.522484
0.516499
0.526248
0.532788
0.533568
0.513006
0.50734
0.519179
0.523743
0.521542
0.531712
0.529763
0.523081
0.527852
0.526425
0.526117
0.523978
0.525661
0.519372
0.520869
0.52503
0.51596
0.5216
0.511942
0.525957
0.53168
0.516046
0.521918
0.52174
0.530549
0.526275
0.506827
0.510804
0.534072
0.513001
0.525799
0.526937
0.537553
0.542453
0.532265
0.533389
0.522142
0.526196
0.527997
0.519475
0.543735
0.541794
0.522402
0.521465
0.52023
0.525165
0.522572
0.528589
0.524845
0.551708
0.527271
0.53046
0.526165
0.526391
0.519781
0.527556
0.52603
0.52727
0.530913
0.521537
0.531509
0.522204
0.531679
0.543625
0.524834
0.530075
0.529042
0.528729
0.525459
0.527499
0.519425
0.543574
0.540313
0.528563
0.525987
0.527294
0.520686
0.519719
0.531514
0.530455
0.527823
0.528457
0.520005
0.515016
0.538795
0.532141
0.515526
0.506072
0.51807
0.523895
0.527747
0.52528
0.523538
0.525318
0.525267
0.525119
0.52432
0.545518
0.533722
0.522037
0.522482
0.52217
0.516719
0.521396
0.524814
0.525363
0.522602
0.515702
0.512202
0.525413
0.532383
0.534325
0.529897
0.528335
0.53076
0.516553
0.515784
0.516729
0.533403
0.524885
0.521853
0.534792
0.52472
0.53383
0.530815
0.533468
0.5378
0.522578
0.533261
0.506995
0.523221
0.52204
0.534054
0.556885
0.5194
0.520038
0.521532
0.521125
0.528699
0.528634
0.525833
0.528055
0.525788
0.526094
0.553791
0.531292
0.526346
0.512661
0.523848
0.521361
0.527034
0.527646
0.536999
0.532623
0.517076
0.527144
0.524817
0.521
0.531347
0.522514
0.52377
0.522034
0.533068
0.534002
0.513831
0.527501
0.525122
0.528238
0.523181
0.520569
0.531578
0.534791
0.518784
0.519775
0.521209
0.521303
0.532202
0.522838
0.508841
0.532132
0.530845
0.529541
0.526397
0.529489
0.519333
0.505224
0.532036
0.520972
0.519638
0.527679
0.525849
0.531444
0.538757
0.526606
0.520324
0.516251
0.522341
0.522383
0.519937
0.524333
0.538355
0.525174
0.545712
0.526483
0.541607
0.519455
0.527233
0.521567
0.525878
0.526488
0.530012
0.526785
0.532829
0.515554
0.526592
0.519079
0.523228
0.517101
0.510874
0.52602
0.522224
0.523771
0.523856
0.522141
0.52349
0.505714
0.511206
0.524991
0.543465
0.516571
0.52061
0.53213
0.530391
0.52471
0.525386
0.534127
0.523994
0.521192
0.527959
0.531338
0.512541
0.510868
0.52386
0.528457
0.522466
0.522129
0.522934
0.526096
0.52801
0.519933
0.520379
0.521971
0.526523
0.528949
0.506726
0.512795
0.540249
0.528241
0.528235
0.515759
0.519942
0.520584
0.527784
0.526628
0.509884
0.513045
0.518964
0.528227
0.517854
0.525621
0.520387
0.517626
0.517395
0.519456
0.528765
0.524071
0.527021
0.515098
0.526862
0.534992
0.513452
0.527743
0.523174
0.521526
0.522137
0.524888
0.527134
0.521541
0.529869
0.522533
0.530231
0.531071
0.519282
0.522053
0.520157
0.527025
0.529434
0.521573
0.522296
0.521863
0.524425
0.531795
0.523533
0.533149
0.517662
0.523974
0.521981
0.518154
0.529463
0.522437
0.534484
0.530658
0.526655
0.52526
0.526989
0.526419
0.522637
0.526303
0.526204
0.53043
0.520151
0.522326
0.539119
0.539237
0.520228
0.522442
0.520476
0.536422
0.528038
0.532013
0.53115
0.526552
0.524631
0.520607
0.520811
0.535223
0.529635
0.539464
0.536626
0.549219
0.528183
0.505286
0.513112
0.527266
0.526629
0.521964
0.517756
0.529035
0.519013
0.51273
0.546246
0.5171
0.526548
0.525414
0.50829
0.520039
0.508384
0.517332
0.53168
0.523222
0.51815
0.515541
0.515925
0.523461
0.51326
0.521361
0.51129
0.528361
0.519186
0.519616
0.520088
0.531251
0.522208
0.519339
0.520086
0.505246
0.510727
0.515304
0.523648
0.524867
0.526642
0.521887
0.529754
0.527459
0.516581
0.53334
0.52642
0.527018
0.535217
0.537351
0.525327
0.50115
0.505351
0.531688
0.529654
0.519424
0.525451
0.516032
0.519852
0.518373
0.518262
0.51878
0.518703
0.519047
0.516571
0.517488
0.517359
0.517617
0.512369
0.516824
0.521535
0.537525
0.518007
0.526959
0.522228
0.538744
0.524692
0.530623
0.532267
0.560044
0.500404
0.512314
0.540648
0.516971
0.52634
0.530904
0.527621
0.53295
0.532891
0.528847
0.524022
0.521248
0.525658
0.529172
0.512078
0.52001
0.514778
0.513362
0.509029
0.530895
0.524266
0.503353
0.520085
0.517164
0.517462
0.519706
0.51032
0.492921
0.492832
0.519633
0.529301
0.520668
0.531113
0.52276
0.52069
0.521442
0.522577
0.503098
0.533967
0.547818
0.524105
0.526008
0.518309
0.537886
0.521562
0.552312
0.551965
0.525026
0.51456
0.525842
0.529245
0.513903
0.529483
0.537043
0.516364
0.539358
0.521502
0.508519
0.522122
0.510806
0.535102
0.521016
0.517506
0.507737
0.52746
0.522544
0.508759
0.521353
0.527624
0.519819
0.527601
0.537302
0.521467
0.525509
0.526107
0.525653
0.533699
0.518403
0.524887
0.494434
0.518456
0.515665
0.523544
0.51021
0.525253
0.52385
0.529098
0.536706
0.517144
0.525632
0.523672
0.524201
0.516064
0.527448
0.49126
0.524896
0.526794
0.53227
0.535465
0.521501
0.516114
0.540549
0.520371
0.517453
0.515166
0.519528
0.519617
0.515415
0.524033
0.5262
0.50329
0.5099
0.539804
0.512468
0.534308
0.517491
0.530466
0.525431
0.533285
0.520981
0.522817
0.528062
0.520846
0.534827
0.520416
0.519065
0.522898
0.525377
0.523172
0.521765
0.522606
0.523606
0.521994
0.520167
0.531541
0.524353
0.520578
0.525288
0.523828
0.517515
0.529478
0.532267
0.522542
0.517195
0.514889
0.516452
0.525081
0.528811
0.528538
0.520462
0.524416
0.519609
0.521316
0.525891
0.520547
0.52582
0.519889
0.531089
0.534313
0.521564
0.525477
0.525094
0.526178
0.535534
0.521708
0.525404
0.527575
0.520231
0.512759
0.528101
0.521744
0.514039
0.525779
0.521105
0.520155
0.522223
0.520097
0.526072
0.519419
0.513458
0.530847
0.522505
0.528009
0.531752
0.554527
0.536099
0.531921
0.525248
0.527888
0.530145
0.536043
0.524076
0.526284
0.52847
0.521394
0.522183
0.518124
0.524121
0.526749
0.541992
0.521682
0.51551
0.52209
0.541574
0.525608
0.520834
0.532054
0.488137
0.528137
0.524248
0.52807
0.519408
0.52476
0.515817
0.524813
0.517388
0.521636
0.524526
0.512245
0.522543
0.531795
0.526279
0.526077
0.525219
0.527586
0.520647
0.529348
0.534222
0.531393
0.522646
0.528377
0.519077
0.52087
0.524966
0.526993
0.526896
0.503942
0.525068
0.53673
0.520185
0.523499
0.533625
0.527318
0.528932
0.522154
0.525818
0.522267
0.533016
0.52238
0.530333
0.527087
0.522414
0.531142
0.522671
0.529852
0.524577
0.510578
0.521726
0.521768
0.510372
0.527791
0.519817
0.535471
0.528236
0.51464
0.519747
0.528211
0.526022
0.529791
0.520946
0.532434
0.528677
0.519717
0.521092
0.527172
0.520042
0.531072
0.530972
0.539616
0.527639
0.518349
0.525379
0.530367
0.522634
0.528635
0.522927
0.530049
0.51432
0.517855
0.511532
0.522993
0.520306
