0.51228
0.521105
0.52663
0.523898
0.525921
0.499684
0.505778
0.523721
0.526685
0.52153
0.500035
0.522754
0.528246
0.513341
0.541443
0.527014
0.522866
0.493531
0.504431
0.495784
0.512216
0.512663
0.51052
0.515986
0.515904
0.51267
0.717444
0.729057
0.681031
0.532541
0.500504
0.504997
0.507212
0.51033
0.537382
0.532624
0.524367
0.52822
0.52462
0.524292
0.509914
0.508789
0.531111
0.533809
0.530805
0.523592
0.521149
0.507086
0.501747
0.510533
0.736352
0.605332
0.639474
0.507472
0.511909
0.516676
0.515183
0.515395
0.516174
0.511377
0.507677
0.51088
0.51821
0.528605
0.52006
0.501216
0.505874
0.529011
0.507287
0.506891
0.508011
0.512764
0.520883
0.518566
0.51788
0.517301
0.521298
0.520239
0.522019
0.521469
0.672138
0.609239
0.662359
0.650288
0.50075
0.515924
0.517834
0.586823
0.523325
0.497645
0.509217
0.510721
0.51176
0.578221
0.588735
0.507752
0.532488
0.51928
0.527674
0.53301
0.514526
0.515342
0.509174
0.504831
0.513821
0.514301
0.515328
0.512587
0.509193
0.513401
0.512573
0.510759
0.514188
0.525427
0.522158
0.51311
0.516637
0.640475
0.638743
0.508927
0.504914
0.52392
0.524982
0.524351
0.527873
0.511204
0.541292
0.546123
0.551188
0.511866
0.510254
0.509965
0.511112
0.507577
0.518698
0.521364
0.523862
0.52648
0.523949
0.516783
0.523972
0.525566
0.518849
0.515263
0.502215
0.528103
0.525689
0.521598
0.529026
0.529983
0.523411
0.515274
0.516612
0.512773
0.511309
0.512146
0.513255
0.515488
0.517473
0.51648
0.516462
0.504644
0.504456
0.50704
0.51527
0.516377
0.77388
0.733025
0.514184
0.525349
0.524746
0.528255
0.520542
0.52631
0.515902
0.516105
0.526247
0.516101
0.515239
0.52022
0.511218
0.514177
0.547884
0.518188
0.5844
0.588769
0.612791
0.5138
0.514851
0.507691
0.506815
0.508353
0.52224
0.527571
0.51605
0.512195
0.518554
0.507865
0.512024
0.510281
0.510069
0.504739
0.502081
0.504601
0.504963
0.504842
0.529788
0.527836
0.665154
0.735964
0.513322
0.514274
0.506163
0.506099
0.507037
0.511071
0.517138
0.508553
0.507503
0.509734
0.525284
0.519951
0.522842
0.517409
0.523865
0.515562
0.712353
0.516376
0.513509
0.509931
0.508406
0.52999
0.527822
0.513558
0.513292
0.509008
0.520308
0.508561
0.539655
0.510751
0.514435
0.505093
0.506303
0.51741
0.523229
0.619379
0.521573
0.516573
0.516193
0.496149
0.500869
0.494478
0.502385
0.507648
0.626491
0.512453
0.509597
0.521963
0.512817
0.514777
0.521225
0.497624
0.527464
0.526658
0.512728
0.522369
0.523206
0.516007
0.514616
0.517366
0.5118
0.501714
0.507159
0.504275
0.517784
0.523949
0.51441
0.525424
0.532664
0.528092
0.530956
0.559147
0.519437
0.519142
0.508817
0.511626
0.512222
0.526136
0.515767
0.527691
0.52247
0.529463
0.546365
0.517631
0.526382
0.528491
0.589621
0.565562
0.565582
0.514669
0.553754
0.551169
0.556261
0.516496
0.60914
0.526712
0.523452
0.526687
0.524608
0.521352
0.533759
0.5942
0.6462
0.613784
0.505842
0.508109
0.511906
0.508781
0.516162
0.509998
0.523234
0.519672
0.517034
0.503754
0.521611
0.519165
0.51956
0.516755
0.545863
0.557444
0.557901
0.514568
0.508811
0.496282
0.50022
0.519356
0.513092
0.52026
0.498998
0.50461
0.590992
0.512645
0.512624
0.499005
0.504475
0.500674
0.515118
0.508347
0.529955
0.522106
0.530822
0.528568
0.519426
0.513076
0.55161
0.528263
0.523389
0.495082
0.501043
0.509561
0.531317
0.527687
0.526141
0.508437
0.526552
0.528625
0.508973
0.507408
0.51476
0.535624
0.531166
0.508854
0.502925
0.514544
0.513194
0.516845
0.509678
0.51259
0.507165
0.506352
0.50206
0.513487
0.508439
0.525381
0.520104
0.516323
0.525163
0.524649
0.505155
0.505781
0.508502
0.52571
0.527017
0.525695
0.530516
0.529977
0.524799
0.511601
0.512366
0.515467
0.505717
0.499092
0.505965
0.499348
0.499549
0.511417
0.513226
0.52125
0.514431
0.512859
0.509443
0.516839
0.506577
0.530291
0.507903
0.515265
0.512312
0.516644
0.500083
0.503626
0.59573
0.609923
0.51023
0.504133
0.506448
0.507512
0.513159
0.514111
0.511876
0.507431
0.506384
0.542059
0.537095
0.511522
0.562043
0.519995
0.51477
0.542479
0.542792
0.641993
0.521375
0.514452
0.520161
0.522759
0.502689
0.503924
0.50812
0.500044
0.502061
0.513564
0.51729
0.518768
0.509455
0.515703
0.551359
0.537273
0.517112
0.513057
0.514155
0.5159
0.51268
0.49943
0.504538
0.516973
0.499409
0.49801
0.502602
0.504524
0.530818
0.524749
0.620993
0.509183
0.539794
0.510341
0.515878
0.512276
0.53748
0.499262
0.511367
0.508702
0.499446
0.499394
0.504103
0.501923
0.649915
0.514776
0.51003
0.624401
0.619651
0.50624
0.518335
0.517804
0.517905
0.518002
0.513233
0.510259
0.506409
0.511442
0.51115
0.503638
0.50304
0.690403
0.711083
0.510554
0.508595
0.513184
0.526764
0.50132
0.494979
0.514711
0.514029
0.513424
0.51483
0.519633
0.518389
0.512099
0.509496
0.51817
0.514195
0.512772
0.511961
0.519997
0.523408
0.510188
0.516472
0.577328
0.53788
0.510355
0.506895
0.507587
0.507693
0.577102
0.527467
0.512676
0.513864
0.514472
0.530798
0.501151
0.525505
0.504558
0.512612
0.512504
0.534439
0.517563
0.514882
0.505628
0.501529
0.514089
0.515335
0.526137
0.627143
0.515462
0.501277
0.507068
0.523683
0.528154
0.50144
0.513118
0.510734
0.515548
0.514292
0.498472
0.512837
0.513401
0.508587
0.508554
0.517717
0.504283
0.536657
0.52143
0.510045
0.508757
0.529179
0.538728
0.500105
0.517779
0.520305
0.537221
0.539138
0.50811
0.511962
0.507048
0.516645
0.510971
0.631768
0.666696
0.512908
0.525086
0.516308
0.507774
0.515852
0.523266
0.53016
0.551827
0.506538
0.512584
0.513065
0.514994
0.506895
0.506462
0.516662
0.517904
0.516725
0.511266
0.567565
0.526618
0.525005
0.502136
0.515796
0.515673
0.507248
0.509217
0.513141
0.565744
0.51345
0.527602
0.513302
0.515568
0.603264
0.706139
0.492324
0.498638
0.503457
0.563987
0.555172
0.519293
0.521757
0.677597
0.721025
0.517751
0.757846
0.737453
0.557133
0.520029
0.523209
0.569985
0.525556
0.521013
0.52286
0.519863
0.522055
0.510584
0.509299
0.522241
0.527519
0.534028
0.505813
0.568884
0.680274
0.625031
0.632847
0.5124
0.49978
0.526636
0.517451
0.502745
0.519469
0.509474
0.506264
0.524827
0.503769
0.507905
0.510448
0.501578
0.515481
0.523283
0.520597
0.510595
0.507632
0.512534
0.50818
0.508971
0.498653
0.500064
0.514198
0.510222
0.537945
0.533077
0.531899
0.517481
0.49914
0.500451
0.5099
0.508267
0.508183
0.532019
0.530831
0.501045
0.503919
0.520592
0.52027
0.530611
0.505504
0.509703
0.495256
0.508015
0.538259
0.537343
0.538234
0.515358
0.520598
0.517091
0.528041
0.525068
0.513449
0.508163
0.523991
0.521999
0.521835
0.611891
0.589225
0.50613
0.517149
0.517982
0.514803
0.489852
0.50567
0.511317
0.535196
0.53418
0.530492
0.527204
0.526169
0.520725
0.515882
0.519193
0.520283
0.528788
0.537033
0.503933
0.517045
0.516312
0.511342
0.510757
0.738079
0.737531
0.725292
0.491748
0.515282
0.51367
0.511769
0.516129
0.506194
0.499524
0.509807
0.81205
0.505367
0.508638
0.525468
0.520413
0.684621
0.525944
0.526791
0.518181
0.502328
0.517162
0.514544
0.529157
0.512338
0.516721
0.515627
0.528039
0.529074
0.520487
0.516758
0.518876
0.505449
0.524881
0.507575
0.511923
0.72961
0.497762
0.529789
0.531226
0.534493
0.530143
0.51362
0.51089
0.511881
0.511036
0.509768
0.520119
0.515161
0.518003
0.51631
0.516969
0.534615
0.501869
0.517814
0.512405
0.514668
0.643769
0.646706
0.502362
0.504083
0.538512
0.523418
0.524218
0.523808
0.556342
0.524996
0.525376
0.51265
0.522291
0.505099
0.532049
0.524525
0.517842
0.501501
0.529118
0.521155
0.512996
0.513216
0.540768
0.505059
0.512727
0.51314
0.508221
0.514514
0.50988
0.512389
0.5162
0.512816
0.643859
0.50312
0.515993
0.512484
0.517952
0.515312
0.520127
0.516709
0.504527
0.510993
0.825174
0.537286
0.528607
0.511939
0.512438
0.5117
0.521878
0.518219
0.516948
0.675346
0.517252
0.536522
0.517067
0.519401
0.514734
0.512865
0.528625
0.525544
0.521384
0.502774
0.504014
0.524616
0.531319
0.530096
0.50321
0.631253
0.513256
0.534215
0.504725
0.508474
0.53857
0.517209
0.510146
0.696325
0.515333
0.501995
0.516995
0.504022
0.517641
0.546391
0.546003
0.518761
0.519996
0.495463
0.51921
0.50981
0.510411
0.534116
0.506284
0.507714
0.509431
0.664989
0.716591
0.526234
0.52336
0.513579
0.513078
0.509306
0.537487
0.541346
0.536174
0.494284
0.504083
0.527145
0.505557
0.505823
0.533112
0.521102
0.532354
0.5342
0.506652
0.516399
0.520438
0.516162
0.516096
0.502979
0.532659
0.503225
0.530272
0.505271
0.507843
0.510001
0.520956
0.512118
0.539836
0.537623
0.525029
0.512058
0.509924
0.523919
0.5373
0.544051
0.539019
0.501483
0.590057
0.554748
0.50304
0.694343
0.512257
0.522207
0.515127
0.631754
0.511823
0.515171
0.501011
0.566501
0.644439
0.510547
0.534319
0.531779
0.498708
0.500883
0.519243
0.527771
0.539629
0.506626
0.509743
0.51536
0.5105
0.508956
0.511297
0.524997
0.525364
0.530865
0.503056
0.50373
0.507132
0.495801
0.496647
0.530219
0.548371
0.542359
0.515124
0.494556
0.506025
0.501416
0.502137
0.610222
0.508542
0.517319
0.497362
0.521352
0.511281
0.511286
0.598034
0.571404
0.525815
0.523843
0.517491
0.517426
0.639327
0.502721
0.536652
0.738771
0.519129
0.52706
0.507857
0.513558
0.513252
0.528702
0.530088
0.528283
0.546276
0.497076
0.533058
0.528099
0.5277
0.530798
0.507606
0.515302
0.516875
0.712822
0.665244
0.508935
0.516287
0.520624
0.511188
0.510325
0.516906
0.516841
0.49945
0.510743
0.526717
0.591405
0.541351
0.514647
0.519978
0.526626
0.523036
0.50233
0.515889
0.520211
0.510563
0.525932
0.51591
0.519076
0.503473
0.519821
0.500151
0.501896
0.528262
0.50549
0.53678
0.512684
0.505732
0.528371
0.516316
0.507171
0.570828
0.508157
0.512549
0.512071
0.511978
0.510469
0.510502
0.507578
0.53176
0.526918
0.512667
0.520835
0.516803
0.512241
0.524077
0.513632
0.533784
0.528566
0.527187
0.525232
0.5049
0.514206
0.513175
0.509894
0.514349
0.527307
0.530457
0.513596
0.520771
0.525882
0.519343
0.545126
0.542087
0.517344
0.501012
0.492155
0.51453
0.657554
0.638023
0.686403
0.52637
0.501671
0.497387
0.497083
0.688893
0.529607
0.517
0.593829
0.504746
0.517105
0.517251
0.542537
0.502361
0.499446
0.514279
0.540358
0.525563
0.528609
0.534323
0.532593
0.52914
0.519033
0.500994
0.527371
0.526108
0.49995
0.512978
0.517733
0.519182
0.499052
0.513847
0.514805
0.513354
0.520531
0.540511
0.557544
0.545296
0.544206
0.572488
0.510585
0.508576
0.510891
0.517651
0.51601
0.517656
0.517361
0.539827
0.539647
0.50546
0.501215
0.574174
0.514221
0.516488
0.514958
0.518196
0.504501
0.617058
0.496292
0.496546
0.508727
0.544907
0.522875
0.498547
0.511669
0.509996
0.520776
0.520819
0.532367
0.529425
0.534787
0.52436
0.517749
0.508868
0.524122
0.531276
0.588907
0.57094
0.521849
0.700131
0.501842
0.542958
0.536517
0.496976
0.50957
0.517694
0.513761
0.535891
0.515772
0.517476
0.660248
0.516872
0.568598
0.523208
0.511997
0.525661
0.500377
0.506938
0.511999
0.505883
0.527618
0.529023
0.534607
0.69733
0.683933
0.535374
0.712146
0.644644
0.726169
0.662381
0.577535
0.512619
0.527206
0.594815
0.589198
0.59106
0.491761
0.515751
0.494849
0.53061
0.510441
0.512669
0.516517
0.734575
0.542092
0.519
0.513169
0.510231
0.507341
0.520775
0.498966
0.51806
0.522558
0.514907
0.581751
0.51162
0.551704
0.534722
0.521054
0.49856
0.506971
0.500174
0.511103
0.536957
0.502841
0.504696
0.541238
0.52215
0.496995
0.535868
0.538797
0.528985
0.521119
0.51608
0.514062
0.518809
0.53235
0.499798
0.573182
0.520146
0.510711
0.525741
0.495621
0.515739
0.516191
0.662815
0.513694
0.524314
0.498595
0.503941
0.502801
0.524164
0.526142
0.50003
0.518202
0.524253
0.545902
0.50713
0.517987
0.499078
0.509951
0.532726
0.514681
0.515984
0.500977
0.515247
0.520691
0.538907
0.511698
0.515779
0.535357
0.525941
0.553739
0.520646
0.527566
0.518946
0.497198
0.506801
0.518557
0.512044
0.512335
0.600502
0.674054
0.519205
0.528692
0.510205
0.513694
0.505221
0.518161
0.655489
0.498288
0.525828
0.507511
0.518517
0.517287
0.517609
0.503629
0.536893
0.519363
0.522624
0.505292
0.506003
0.514569
0.514491
0.537934
0.514371
0.500656
0.510052
0.508246
0.527251
0.511621
0.51406
0.511205
0.507421
0.538089
0.525759
0.50268
0.512091
0.511809
0.513232
0.511692
0.500998
0.514083
0.497073
0.511929
0.508735
0.531687
0.509759
0.650275
0.509977
0.510918
0.505681
0.505215
0.509664
0.53311
0.530102
0.559098
0.5159
0.499054
0.519058
0.537561
0.680835
0.500964
0.509924
0.521075
0.51182
0.498267
0.535087
0.520936
0.557946
0.525189
0.540294
0.53398
0.540028
0.623753
0.509498
0.500853
0.502576
0.517217
0.502554
0.640053
0.628933
0.512566
0.512682
0.510882
0.512865
0.500562
0.514216
0.52014
0.53433
0.503849
0.51701
0.518105
0.587701
0.568267
0.518439
0.535287
0.518433
0.522353
0.506065
0.498182
0.518336
0.568002
0.531075
0.525929
0.514267
0.513807
0.491135
0.511953
0.574762
0.543986
0.633363
0.510429
0.503895
0.50976
0.524851
0.525908
0.496152
0.516557
0.520513
0.517823
0.548699
0.495959
0.532811
0.523354
0.526734
0.522622
0.516741
0.497443
0.51602
0.494756
0.60988
0.528467
0.523238
0.501167
0.504505
0.530696
0.532465
0.508857
0.531177
0.526453
0.501426
0.507202
0.507916
0.529371
0.532896
0.537779
0.512379
0.495703
0.526773
0.501949
0.535389
0.510673
0.512242
0.534115
0.531193
0.522067
0.522222
0.538603
0.549404
0.52582
0.51271
0.538071
0.540572
0.502292
0.507225
0.515844
0.517949
0.51551
0.534499
0.500481
0.52108
0.51726
0.499619
0.500941
0.511462
0.498903
0.513914
0.501689
0.525346
0.49858
0.512763
0.517452
0.51973
0.512871
0.646588
0.509954
0.538906
0.510054
0.531291
0.496215
0.513397
0.515494
0.5624
0.507887
0.526954
0.603637
0.508434
0.507264
0.674466
0.52104
0.524889
0.521756
0.516796
0.591739
0.52506
0.493429
0.528947
0.501196
0.505387
0.516426
0.573741
0.530502
0.529631
0.537891
0.536373
0.521792
0.526878
0.535239
0.628411
0.496416
0.506594
0.557094
0.503073
0.496628
0.501819
0.689426
0.522322
0.541905
0.547806
0.537133
0.510335
0.570387
0.533897
0.522904
0.687069
0.524406
0.511465
0.642072
0.498618
0.508651
0.513331
0.516478
0.509246
0.529411
0.522352
0.512142
0.516773
0.492228
0.517108
0.539135
0.534817
0.512069
0.540361
0.501711
0.533758
0.527583
0.506458
0.499785
0.507685
0.527183
0.521548
0.502635
0.53489
0.493847
0.520391
0.524508
0.528134
0.525634
0.51685
0.507967
0.511545
0.52649
0.517091
0.512104
0.519274
0.517139
0.600726
0.62793
0.511413
0.531537
0.512496
0.513039
0.512638
0.519815
0.517538
0.524124
0.52111
0.515063
0.523508
0.514159
0.516784
0.515882
0.514658
0.516989
0.510137
0.519944
0.518797
0.50014
0.510018
0.52648
0.52484
0.516639
0.518272
0.509628
0.499699
0.509353
0.516523
0.524381
0.523809
0.507734
0.512452
0.513289
0.524917
0.525675
0.519513
0.511175
0.511286
0.515581
0.521219
0.517602
0.557627
0.515196
0.512959
0.5095
0.611646
0.510812
0.507444
0.513108
0.512306
0.514603
0.517097
0.507269
0.592367
0.516531
0.50836
0.545229
0.539758
0.516064
0.521435
0.517018
0.512324
0.523791
0.522001
0.530067
0.54916
0.512988
0.507855
0.515627
0.507584
0.530003
0.525224
0.645249
0.51577
0.559116
0.510949
0.593194
0.520335
0.523646
0.51212
0.518273
0.51805
0.510174
0.510648
0.528277
0.505932
0.509344
0.511449
0.511518
0.508434
0.508821
0.509364
0.501284
0.523584
0.520267
0.522217
0.527494
0.518783
0.521688
0.520399
0.513646
0.5243
0.523055
0.522597
0.510788
0.510035
0.517024
0.521137
0.520077
0.52246
0.618221
0.509251
0.535311
0.506974
0.509533
0.50627
0.512823
0.511658
0.538148
0.546226
0.551721
0.499211
0.501141
0.508053
0.513298
0.512462
0.510066
0.512735
0.529793
0.509295
0.519663
0.521449
0.523008
0.510888
0.510948
0.516074
0.524878
0.527327
0.540961
0.523777
0.512526
0.532384
0.499678
0.512106
0.522063
0.511188
0.515443
0.505894
0.510853
0.50901
0.518064
0.513286
0.520438
0.520876
0.515364
0.594131
0.505427
0.520446
0.519107
0.524634
0.628812
0.501964
0.507164
0.51176
0.571542
0.569949
0.507359
0.519161
0.512024
0.519175
0.540007
0.526486
0.519918
0.511128
0.51413
0.525571
0.515255
0.517537
0.519846
0.512553
0.505641
0.504088
0.52941
0.524902
0.520516
0.511275
0.520696
0.524669
0.513395
0.513134
0.516447
0.522547
0.520981
0.516309
0.551513
0.567443
0.512775
0.540714
0.513894
0.530693
0.536126
0.510324
0.510451
0.590982
0.51772
0.519803
0.516931
0.514021
0.517846
0.516452
0.502701
0.526148
0.560793
0.528482
0.515155
0.688804
0.524168
0.514582
0.512599
0.512275
0.509749
0.525148
0.521063
0.53437
0.504055
0.51637
0.520206
0.514976
0.516674
0.524282
0.50066
0.524085
0.517506
0.521194
0.531434
0.512906
0.512871
0.519051
0.528984
0.509122
0.514532
0.508401
0.508691
0.523461
0.495866
0.5115
0.50459
0.538064
0.564886
0.510822
0.519106
0.575672
0.513439
0.514572
0.509505
0.511438
0.505367
0.514655
0.530956
0.516129
0.501267
0.512086
0.514479
0.511343
0.520913
0.516522
0.51309
0.518314
0.541431
0.551155
0.537363
0.508092
0.505981
0.519831
0.559832
0.575858
0.521594
0.514918
0.520981
0.52395
0.522683
0.509532
0.515834
0.514276
0.52045
0.527956
0.504539
0.519132
0.510487
0.568378
0.51891
0.518277
0.524643
0.518688
0.516851
0.5164
0.518271
0.517795
0.523225
0.508538
0.513702
0.521249
0.513778
0.527573
0.519421
0.553143
0.514184
0.516041
0.534599
0.529164
0.514938
0.516889
0.504598
0.541743
0.513345
0.513461
0.512561
0.499614
0.513719
0.535645
0.510216
0.511507
0.5134
0.518614
0.517324
0.513106
0.515007
0.509381
0.503189
0.50884
0.538725
0.522214
0.510701
0.570502
0.557709
0.518936
0.508964
0.520705
0.518719
0.676966
0.512369
0.509363
0.510275
0.51019
0.510935
0.493505
0.536152
0.513302
0.508869
0.537524
0.505909
0.507472
0.513413
0.502625
0.527055
0.508229
0.50526
0.514032
0.512234
0.517735
0.511554
0.512917
0.522553
0.505653
0.511041
0.515945
0.519728
0.512003
0.519098
0.511775
0.539096
0.502043
0.514792
0.517774
0.577266
0.518757
0.517835
0.503053
0.542565
0.516747
0.506286
0.513768
0.505303
0.5319
0.654645
0.513527
0.534468
0.529303
0.626451
0.499292
0.521829
0.504544
0.50054
0.506915
0.519601
0.513206
0.524425
0.525561
0.512745
0.50414
0.512756
0.545896
0.504812
0.547405
0.678964
0.52626
0.508522
0.506093
0.509568
0.510019
0.50425
0.548937
0.545304
0.516851
0.511507
0.510964
0.512638
0.513648
0.506468
0.515542
0.508453
0.501545
0.504918
0.503411
0.507576
0.495118
0.514963
0.700859
0.518611
0.50783
0.533291
0.525409
0.531747
0.505193
0.52452
0.531353
0.509657
0.525506
0.526005
0.499294
0.509031
0.500503
0.515752
0.516428
0.537391
0.529491
0.50707
0.509425
0.512973
0.508446
0.505359
0.509666
0.508379
0.507664
0.545532
0.506782
0.511675
0.518987
0.517224
0.534167
0.557626
0.512968
0.51494
0.515638
0.633539
0.516769
0.528049
0.520253
0.502508
0.531166
0.511035
0.510811
0.535038
0.531418
0.515309
0.532524
0.526246
0.646535
0.510422
0.519298
0.502245
0.55771
0.57633
0.510029
0.521124
0.532939
0.504143
0.524756
0.527244
0.505602
0.522447
0.532439
0.521602
0.519313
0.522885
0.500176
0.524248
0.526293
0.524806
0.56705
0.511574
0.512332
0.526391
0.525278
0.510173
0.511156
0.5149
0.506452
0.502003
0.5199
0.513593
0.537406
0.527803
0.51646
0.517054
0.532334
0.51318
0.504334
0.511514
0.511807
0.507032
0.509728
0.537457
0.52875
0.519123
0.523485
0.504081
0.508033
0.507057
0.551267
0.515847
0.50579
0.534953
0.53551
0.502956
0.522659
0.511056
0.526769
0.503182
0.519506
0.540385
0.519886
0.526854
0.540276
0.535885
0.51307
0.523024
0.519593
0.519271
0.510287
0.528691
0.517239
0.506575
0.52678
0.519487
0.511066
0.509238
0.527378
0.507666
0.527237
0.547397
0.589975
0.509254
0.511556
0.525204
0.546242
0.562606
0.515412
0.517778
0.509144
0.528162
0.514945
0.525837
0.713392
0.525647
0.510078
0.514669
0.506314
0.524527
0.527519
0.513686
0.641351
0.525659
0.508045
0.519237
0.505002
0.52376
0.645137
0.55143
0.516021
0.498306
0.659367
0.564439
0.526543
0.510934
0.518439
0.520012
0.530227
0.513695
0.525987
0.656723
0.503748
0.661236
0.515601
0.525153
0.520971
0.510003
0.526661
0.734429
0.504776
0.529634
0.517696
0.505748
0.507561
0.626046
0.516226
0.529557
