0.520599
0.65433
0.677947
0.525911
0.525731
0.525644
0.501785
0.507476
0.508361
0.508995
0.508222
0.512472
0.525674
0.507119
0.525446
0.527575
0.525345
0.516103
0.516197
0.539829
0.515505
0.511123
0.503813
0.514974
0.50073
0.499027
0.508824
0.510536
0.525164
0.524093
0.519881
0.513784
0.513413
0.537179
0.509582
0.505053
0.532297
0.530839
0.51516
0.504385
0.504117
0.524754
0.530025
0.521989
0.505212
0.502797
0.5151
0.522977
0.524873
0.521286
0.508664
0.688239
0.644084
0.569637
0.557738
0.517527
0.520388
0.517637
0.495857
0.500815
0.510019
0.507261
0.509186
0.508205
0.527166
0.520245
0.523206
0.500783
0.502069
0.531048
0.527004
0.503728
0.516545
0.521838
0.519494
0.515278
0.518155
0.580897
0.523611
0.52006
0.520425
0.585222
0.607718
0.51564
0.523672
0.500712
0.517608
0.515741
0.515374
0.517905
0.519876
0.578078
0.52769
0.521465
0.496986
0.499144
0.560245
0.552989
0.499003
0.524393
0.535547
0.545815
0.516215
0.50104
0.496985
0.515234
0.512943
0.508621
0.514537
0.511726
0.514468
0.51589
0.521136
0.514227
0.511324
0.514978
0.528722
0.529153
0.50571
0.511098
0.518996
0.51273
0.511268
0.512016
0.507515
0.524127
0.506644
0.511495
0.608642
0.582117
0.585816
0.525762
0.521637
0.506635
0.536218
0.532291
0.532449
0.522199
0.524159
0.525787
0.529728
0.538575
0.543464
0.518695
0.515154
0.513612
0.512362
0.51655
0.519643
0.521735
0.517984
0.51701
0.51215
0.51048
0.50502
0.501704
0.502412
0.506193
0.515934
0.520801
0.503986
0.501606
0.505773
0.517792
0.519995
0.526132
0.531399
0.523759
0.518725
0.516218
0.514785
0.51359
0.50195
0.510658
0.514869
0.513671
0.519237
0.50987
0.50573
0.514677
0.516881
0.515416
0.590163
0.512645
0.515499
0.525685
0.523525
0.520723
0.528009
0.530077
0.512565
0.522609
0.526889
0.514756
0.531097
0.528028
0.501844
0.497151
0.502622
0.51269
0.520321
0.509867
0.517604
0.547522
0.512065
0.596833
0.497264
0.513411
0.513048
0.511146
0.516431
0.605011
0.682069
0.682802
0.687349
0.509572
0.508209
0.506672
0.504148
0.511848
0.511947
0.504578
0.509316
0.512221
0.525769
0.499948
0.503864
0.503698
0.506545
0.525659
0.525889
0.694084
0.525824
0.513874
0.503326
0.499739
0.505893
0.50834
0.50504
0.511779
0.5072
0.506145
0.52274
0.518057
0.518578
0.518164
0.583397
0.61107
0.507289
0.529522
0.524711
0.512735
0.520847
0.519258
0.512984
0.511554
0.513939
0.519453
0.50672
0.50743
0.501739
0.535216
0.53319
0.515034
0.525666
0.519808
0.506209
0.506342
0.514351
0.590179
0.560179
0.558204
0.570898
0.520075
0.518745
0.500486
0.495376
0.493071
0.501345
0.50543
0.508238
0.574938
0.579512
0.52133
0.523755
0.524952
0.499948
0.499647
0.522687
0.522176
0.523218
0.51147
0.518745
0.526301
0.514319
0.5134
0.512177
0.51594
0.510143
0.500125
0.50652
0.52497
0.510689
0.517438
0.5181
0.529928
0.524922
0.527157
0.531319
0.526759
0.512837
0.51992
0.507833
0.509189
0.511798
0.513473
0.523774
0.521701
0.5119
0.529847
0.51184
0.501891
0.499539
0.526696
0.522886
0.526458
0.544462
0.545127
0.515024
0.518151
0.535277
0.526943
0.566429
0.546679
0.542304
0.552006
0.513457
0.512569
0.636329
0.592235
0.516055
0.514808
0.521844
0.524619
0.521608
0.519088
0.532177
0.537281
0.534739
0.639784
0.531337
0.526056
0.507214
0.517925
0.510397
0.508079
0.518392
0.522394
0.504222
0.541907
0.551704
0.511749
0.515233
0.515523
0.499934
0.50397
0.501176
0.517361
0.540896
0.530532
0.514745
0.5018
0.502818
0.602734
0.609536
0.512471
0.516119
0.564575
0.506142
0.51263
0.507744
0.501982
0.50103
0.507939
0.510335
0.510438
0.51887
0.518564
0.526718
0.523241
0.511468
0.497121
0.52892
0.524487
0.500715
0.498709
0.501351
0.504963
0.504034
0.524426
0.525204
0.526285
0.52736
0.514471
0.514551
0.513361
0.532748
0.511502
0.521007
0.502317
0.510472
0.498796
0.500685
0.509187
0.509788
0.519515
0.521774
0.515303
0.527145
0.537754
0.508338
0.519663
0.525378
0.530149
0.498784
0.49875
0.506269
0.497982
0.496796
0.494456
0.493868
0.51241
0.509278
0.515984
0.507876
0.529732
0.536106
0.513466
0.51462
0.512752
0.505883
0.501524
0.50581
0.511211
0.514506
0.500476
0.501596
0.509596
0.504422
0.506674
0.502028
0.50665
0.539547
0.510338
0.555724
0.516837
0.51357
0.522105
0.627248
0.512759
0.526904
0.519295
0.521492
0.521639
0.518181
0.566218
0.559775
0.519312
0.521833
0.49956
0.506833
0.50675
0.523458
0.526788
0.51847
0.506031
0.502424
0.505213
0.514531
0.509314
0.510407
0.51306
0.499458
0.502589
0.496753
0.504883
0.613658
0.722011
0.512756
0.504275
0.498168
0.515443
0.508425
0.493767
0.505158
0.520923
0.512765
0.491601
0.502175
0.504901
0.504163
0.507731
0.696219
0.647522
0.511929
0.508819
0.589749
0.588845
0.51957
0.515365
0.519357
0.514381
0.681931
0.663588
0.512515
0.513673
0.50923
0.50888
0.500961
0.613893
0.509281
0.51088
0.494365
0.511001
0.513399
0.515888
0.514965
0.506177
0.512833
0.512351
0.512524
0.523502
0.519564
0.522818
0.512342
0.512914
0.509885
0.510343
0.698756
0.673381
0.526131
0.512227
0.505759
0.505818
0.625021
0.51194
0.513275
0.516148
0.528021
0.513382
0.514135
0.524684
0.528026
0.502362
0.505215
0.517348
0.5109
0.529793
0.534346
0.516508
0.514738
0.504657
0.508396
0.516209
0.516876
0.523014
0.560123
0.514075
0.533304
0.529441
0.50656
0.50583
0.52484
0.527452
0.515214
0.516267
0.513525
0.510494
0.508994
0.518767
0.5185
0.513529
0.510099
0.509166
0.52277
0.511938
0.506222
0.531046
0.52728
0.541722
0.518748
0.508133
0.504645
0.506285
0.507558
0.513198
0.508837
0.613452
0.512332
0.51285
0.502247
0.512555
0.512327
0.511691
0.504269
0.514408
0.512868
0.506073
0.517231
0.501346
0.544186
0.547787
0.529995
0.509678
0.510939
0.512551
0.512942
0.53932
0.514284
0.527655
0.510547
0.58289
0.559029
0.503046
0.518464
0.510918
0.505585
0.504049
0.508227
0.512877
0.525428
0.527856
0.512861
0.513899
0.518763
0.574509
0.587109
0.520047
0.515279
0.563126
0.519743
0.516575
0.511526
0.635226
0.552007
0.555702
0.517551
0.524662
0.566428
0.517019
0.522451
0.508802
0.508705
0.508804
0.509133
0.506153
0.516333
0.514836
0.532521
0.543902
0.511195
0.573296
0.576832
0.622471
0.626405
0.629898
0.512104
0.517698
0.526764
0.527104
0.514398
0.500457
0.50177
0.532227
0.511943
0.506698
0.501674
0.511872
0.506474
0.519895
0.519746
0.522868
0.510769
0.508049
0.509721
0.516017
0.511031
0.522108
0.529209
0.508847
0.515552
0.510385
0.514294
0.51429
0.512951
0.508905
0.537322
0.501574
0.52288
0.498155
0.498174
0.498543
0.534169
0.509059
0.526726
0.521266
0.532411
0.530115
0.517443
0.517971
0.530154
0.511881
0.538318
0.53233
0.54267
0.515407
0.509089
0.509199
0.522092
0.523887
0.523285
0.666631
0.506546
0.510888
0.516265
0.515855
0.516082
0.49041
0.505444
0.5338
0.513975
0.51944
0.521013
0.5235
0.513814
0.502185
0.515938
0.511926
0.499307
0.497141
0.52921
0.514733
0.513835
0.520376
0.603681
0.512161
0.514471
0.510476
0.512008
0.499193
0.512385
0.513297
0.556132
0.636542
0.500799
0.525176
0.521736
0.501005
0.662194
0.507134
0.498435
0.515583
0.517324
0.520555
0.527047
0.517535
0.520893
0.49317
0.511942
0.515784
0.530736
0.52844
0.528863
0.520839
0.519348
0.527037
0.522197
0.524766
0.523512
0.506605
0.514386
0.624469
0.497302
0.500034
0.507706
0.500662
0.530267
0.528769
0.522547
0.517766
0.524377
0.526944
0.509126
0.512806
0.503329
0.495976
0.51121
0.516836
0.530504
0.526938
0.504984
0.530905
0.505266
0.51518
0.527857
0.671745
0.599896
0.577304
0.506463
0.512544
0.522598
0.514513
0.519307
0.525143
0.504893
0.560759
0.564468
0.526162
0.526819
0.531246
0.523941
0.513752
0.496235
0.500489
0.517571
0.50886
0.519141
0.526098
0.512805
0.517301
0.513924
0.512294
0.512675
0.506777
0.507338
0.511015
0.515734
0.515038
0.61023
0.504299
0.50824
0.508039
0.514319
0.51451
0.657346
0.573819
0.536822
0.523774
0.512985
0.514339
0.512977
0.516756
0.514055
0.514212
0.521962
0.519306
0.626136
0.511589
0.518497
0.514527
0.522187
0.522917
0.52249
0.547877
0.531241
0.5306
0.519543
0.697264
0.53005
0.509055
0.520722
0.503077
0.503284
0.539026
0.537085
0.529696
0.533393
0.494641
0.512332
0.647215
0.51469
0.505806
0.516224
0.518419
0.516955
0.548005
0.548794
0.540273
0.502333
0.510029
0.536095
0.53355
0.521891
0.499365
0.51754
0.511168
0.509895
0.511833
0.512092
0.505139
0.50779
0.578878
0.522122
0.52184
0.535417
0.526822
0.532469
0.526296
0.530309
0.497869
0.496784
0.50458
0.52027
0.530991
0.531333
0.509343
0.516251
0.51983
0.513653
0.511009
0.5117
0.517375
0.54561
0.546717
0.506829
0.522174
0.522718
0.519249
0.506368
0.515457
0.515576
0.523057
0.505044
0.50127
0.538339
0.534149
0.527132
0.507317
0.526139
0.533044
0.538956
0.580668
0.551179
0.509109
0.506144
0.519659
0.513237
0.511071
0.516748
0.501953
0.650345
0.525049
0.658451
0.653502
0.532454
0.49823
0.571076
0.519552
0.501728
0.515619
0.512598
0.508812
0.508881
0.49918
0.49951
0.501196
0.511237
0.515128
0.495488
0.506257
0.493051
0.493114
0.499931
0.524577
0.525316
0.500531
0.545863
0.54507
0.503152
0.501463
0.501099
0.638065
0.513241
0.497218
0.504
0.521728
0.513548
0.510106
0.530293
0.506218
0.51304
0.519061
0.508829
0.494763
0.645586
0.679852
0.580193
0.57696
0.519533
0.525788
0.507481
0.530857
0.518767
0.517092
0.503944
0.528025
0.526324
0.543545
0.511893
0.500241
0.515439
0.684973
0.686334
0.508889
0.503194
0.516769
0.518717
0.496562
0.578222
0.500025
0.514989
0.516856
0.530627
0.540865
0.503053
0.526401
0.526765
0.509881
0.512565
0.515822
0.555038
0.565274
0.519138
0.514621
0.521061
0.503643
0.51555
0.500586
0.525451
0.512864
0.522331
0.504101
0.54272
0.543939
0.539292
0.506713
0.530071
0.509252
0.499523
0.559579
0.514856
0.511291
0.512507
0.513359
0.513315
0.508147
0.493437
0.497943
0.517661
0.525775
0.511389
0.520155
0.51915
0.51619
0.604938
0.654794
0.513372
0.511591
0.527275
0.525232
0.502411
0.494765
0.50425
0.517212
0.621553
0.71463
0.531404
0.527903
0.530537
0.51198
0.512875
0.53196
0.525688
0.524009
0.513512
0.545756
0.544842
0.551609
0.560516
0.514198
0.495921
0.514529
0.565805
0.602335
0.515711
0.517984
0.512158
0.511938
0.633605
0.622866
0.527272
0.575082
0.511814
0.509155
0.52677
0.608729
0.625319
0.650046
0.516983
0.524961
0.545498
0.557926
0.532425
0.528145
0.519651
0.513099
0.546005
0.528322
0.529051
0.513261
0.532907
0.527658
0.521817
0.500726
0.554154
0.528766
0.539023
0.512308
0.534666
0.531686
0.506455
0.516297
0.495703
0.513235
0.509007
0.521645
0.549973
0.507845
0.508032
0.520697
0.531425
0.508541
0.51088
0.508971
0.515982
0.504403
0.56026
0.549413
0.512631
0.519512
0.518129
0.505052
0.520581
0.515283
0.502272
0.496663
0.514621
0.508593
0.509088
0.511682
0.502
0.512375
0.521018
0.528478
0.499329
0.525948
0.518936
0.506931
0.521085
0.525949
0.542907
0.517053
0.568701
0.521716
0.542618
0.539446
0.524515
0.510877
0.517969
0.496347
0.534903
0.514256
0.516518
0.59661
0.522439
0.514386
0.531277
0.515771
0.503331
0.506886
0.513502
0.518916
0.526747
0.527698
0.52556
0.522741
0.51642
0.569088
0.531882
0.587637
0.676872
0.720314
0.52438
0.590592
0.573069
0.570311
0.499473
0.499095
0.517139
0.526266
0.531072
0.62669
0.51217
0.512057
0.501336
0.503249
0.516475
0.620021
0.508118
0.506997
0.514311
0.507996
0.511831
0.50398
0.505183
0.51847
0.519658
0.518428
0.498192
0.520968
0.498408
0.523537
0.520418
0.512483
0.636552
0.530848
0.502135
0.538312
0.53692
0.543489
0.536082
0.510633
0.509636
0.536198
0.523157
0.492036
0.494146
0.504655
0.507423
0.515257
0.511858
0.515928
0.514316
0.519195
0.518243
0.532514
0.525928
0.563175
0.524056
0.521249
0.512434
0.523244
0.49384
0.517884
0.515962
0.567596
0.533259
0.512083
0.538545
0.531492
0.535971
0.534028
0.508825
0.512959
0.497446
0.538504
0.537561
0.505027
0.675148
0.641704
0.525425
0.497909
0.537978
0.533406
0.518071
0.508512
0.691663
0.52281
0.545488
0.532823
0.518141
0.514011
0.512286
0.503161
0.515679
0.514193
0.527756
0.52029
0.515965
0.507139
0.538965
0.507705
0.53489
0.548074
0.517992
0.507626
0.50537
0.524248
0.529405
0.542348
0.499584
0.504347
0.512838
0.515438
0.511034
0.508645
0.604579
0.513488
0.501846
0.526259
0.517925
0.507695
0.541949
0.513326
0.493337
0.519879
0.524944
0.516339
0.514193
0.521983
0.504962
0.527229
0.513212
0.517315
0.529067
0.498488
0.505131
0.536857
0.514399
0.513024
0.511188
0.517724
0.526137
0.508531
0.504339
0.541176
0.498422
0.508371
0.634133
0.499853
0.51352
0.508513
0.512019
0.513769
0.51963
0.495974
0.4937
0.523874
0.503106
0.537267
0.511611
0.510668
0.513299
0.532408
0.513668
0.507295
0.510429
0.532219
0.509213
0.539022
0.537987
0.628465
0.501387
0.511334
0.533343
0.51789
0.53384
0.507471
0.538038
0.556062
0.538618
0.535416
0.526198
0.522152
0.611302
0.50951
0.506613
0.512922
0.501906
0.500438
0.537051
0.513795
0.5562
0.568196
0.51553
0.549362
0.501947
0.506646
0.521436
0.517337
0.530877
0.498258
0.512867
0.52656
0.490047
0.500533
0.493639
0.499261
0.569356
0.523232
0.545751
0.61529
0.536415
0.495586
0.504042
0.510244
0.517538
0.518166
0.504356
0.53427
0.515477
0.520676
0.49983
0.531313
0.499959
0.523425
0.50048
0.51384
0.529544
0.533385
0.520903
0.515615
0.520471
0.538652
0.519444
0.501904
0.519472
0.509756
0.524012
0.530133
0.513455
0.678911
0.502224
0.512664
0.511793
0.531622
0.596662
0.523277
0.522796
0.49477
0.519971
0.536733
0.512303
0.511229
0.511688
0.499191
0.502509
0.539401
0.502196
0.505313
0.498952
0.509089
0.516192
0.531154
0.522765
0.517703
0.496653
0.503
0.570624
0.509639
0.512042
0.499282
0.49956
0.526465
0.514618
0.520079
0.657559
0.51295
0.513749
0.514182
0.514975
0.526938
0.513452
0.556325
0.503383
0.497108
0.501192
0.505776
0.512137
0.538549
0.519356
0.507172
0.596318
0.534347
0.568229
0.520644
0.510655
0.512712
0.494612
0.503048
0.514528
0.537699
0.500698
0.525867
0.625936
0.513795
0.519561
0.528987
0.506947
0.507988
0.515721
0.497592
0.542107
0.533135
0.526067
0.525416
0.520573
0.661754
0.523812
0.529456
0.562065
0.608782
0.525161
0.496566
0.513477
0.511857
0.515093
0.512173
0.513148
0.512421
0.516712
0.521988
0.585208
0.513533
0.521539
0.537226
0.510005
0.535742
0.512757
0.528036
0.500574
0.531269
0.532762
0.660598
0.534762
0.528889
0.505331
0.532979
0.505222
0.522902
0.525183
0.527773
0.516281
0.521123
0.515807
0.526464
0.521388
0.519058
0.517494
0.52313
0.503599
0.501343
0.531366
0.529013
0.515322
0.519093
0.523206
0.507422
0.509797
0.51499
0.515727
0.513927
0.515104
0.518513
0.515194
0.50972
0.524384
0.528853
0.515185
0.556933
0.51729
0.524063
0.509647
0.519834
0.502473
0.525694
0.536689
0.515262
0.524994
0.511413
0.513278
0.524262
0.505631
0.515675
0.498486
0.510747
0.507506
0.512069
0.514847
0.52559
0.519842
0.552656
0.501585
0.51213
0.519595
0.516321
0.508859
0.517717
0.511413
0.508988
0.510975
0.512942
0.512233
0.641395
0.512
0.503476
0.50799
0.507566
0.510081
0.513205
0.510351
0.500828
0.512942
0.507096
0.515802
0.525022
0.522998
0.509766
0.498315
0.548988
0.519375
0.516127
0.505604
0.558618
0.55996
0.510112
0.509428
0.519402
0.579344
0.532158
0.509044
0.510053
0.515787
0.530213
0.538125
0.510623
0.510093
0.505612
0.507049
0.511002
0.497596
0.507785
0.513425
0.510456
0.508595
0.511235
0.504752
0.50668
0.521123
0.523115
0.519843
0.525994
0.514214
0.519592
0.511295
0.524483
0.52658
0.520292
0.528539
0.526452
0.52725
0.503262
0.522954
0.538032
0.546143
0.546506
0.528645
0.517545
0.504263
0.510747
0.507215
0.507238
0.513031
0.520009
0.507251
0.524377
0.536526
0.592929
0.515945
0.523812
0.499574
0.528117
0.521292
0.494965
0.512103
0.510759
0.515812
0.508789
0.50687
0.520094
0.561799
0.51132
0.519796
0.518749
0.515756
0.517214
0.513685
0.515135
0.5084
0.524326
0.522521
0.497041
0.510294
0.513837
0.579122
0.517898
0.513299
0.512716
0.512838
0.506757
0.515063
0.519506
0.520875
0.525209
0.509776
0.525134
0.520198
0.505906
0.506167
0.520528
0.52327
0.519436
0.519255
0.527749
0.515194
0.511239
0.509577
0.501137
0.523803
0.519023
0.514268
0.516765
0.52408
0.525806
0.502959
0.530374
0.531506
0.51646
0.671639
0.501866
0.520399
0.5344
0.508385
0.51245
0.514601
0.510424
0.515281
0.557368
0.491693
0.524913
0.518166
0.519109
0.524233
0.509433
0.51364
0.511446
0.505811
0.63304
0.574063
0.514915
0.514155
0.520229
0.498084
0.509317
0.513923
0.526137
0.505559
0.533938
0.534847
0.518508
0.513586
0.520848
0.539682
0.529461
0.516715
0.541449
0.51152
0.520405
0.510095
0.520032
0.50192
0.547748
0.518353
0.514453
0.51416
0.508411
0.614958
0.500658
0.546773
0.577017
0.555145
0.574996
0.514475
0.51885
0.510951
0.502612
0.50543
0.513161
0.49968
0.52635
0.513478
0.513384
0.526512
0.528582
0.525598
0.513876
0.509016
0.510706
0.536269
0.510147
0.524185
0.510606
0.524404
0.527376
0.515876
0.603355
0.627893
0.641061
0.506578
0.520234
0.518272
0.513599
0.528431
0.523545
0.502385
0.497853
0.505705
0.506687
0.513009
0.526396
0.514314
0.525758
0.50181
0.523951
0.511318
0.513591
0.690315
0.52025
0.517943
0.553013
0.561085
0.511401
0.512068
0.506329
0.517431
0.506148
0.52356
0.522831
0.542153
0.51272
0.515795
0.582111
0.502548
0.512021
0.515542
0.517135
0.509087
0.512653
0.510093
0.510618
0.516807
0.511554
0.524789
0.50333
0.509884
0.515077
0.546619
0.543427
0.514216
0.555143
0.553371
0.55204
0.518509
0.513049
0.513711
0.511595
0.508999
0.527138
0.518433
0.519215
0.51233
0.50942
0.491592
0.532078
0.529206
0.530813
0.515288
0.518885
0.512621
0.506308
0.515171
0.532821
0.506327
0.499563
0.513361
0.521994
0.504675
0.512714
0.513861
0.512636
0.524055
0.524998
0.513828
0.522198
0.508512
0.51436
0.532404
0.514555
0.524714
0.510695
0.509538
0.508655
0.510122
0.510641
0.530842
0.511215
0.528169
0.597989
0.516291
0.519468
0.596762
0.510809
0.512828
0.520119
0.516059
0.529903
0.652138
0.519031
0.52821
0.505046
0.518663
0.512694
0.511602
0.522882
0.512225
0.578714
0.510524
0.515468
0.520018
0.553685
0.512655
0.513233
0.491502
0.509897
0.520826
0.510428
0.514201
0.499591
0.523481
0.51291
0.513837
0.522511
0.530667
0.578725
0.526589
0.517691
0.501381
0.510007
0.514669
0.512987
0.502219
0.513134
0.500464
0.557105
0.50861
0.522775
0.510783
0.53973
0.505388
0.520464
0.521506
0.513085
0.508647
0.510903
0.646879
0.526818
0.511791
0.521373
0.555436
0.504535
0.625636
0.501934
0.606348
0.553287
0.512957
0.523073
0.514586
0.510482
0.510079
0.522863
0.516529
0.514557
0.507209
0.53644
0.503791
0.540962
0.521626
0.512821
0.544676
0.50905
0.492664
0.514663
0.514162
0.522145
0.556923
0.518302
0.544138
0.53445
0.528481
0.534246
0.51325
0.510641
0.510835
0.518437
0.517771
0.513572
0.509592
0.52128
0.521788
0.529014
0.514618
0.53426
0.502164
0.500304
0.523559
0.516803
0.522745
0.513167
0.519765
0.50553
0.519639
0.504182
0.507813
0.510677
0.621568
0.629162
0.499054
0.513667
0.571045
0.512399
0.511971
0.51205
0.534068
0.513496
0.583547
0.506682
0.508727
0.536568
0.509245
0.50712
0.513389
0.590256
0.510412
0.500947
0.531355
0.510753
0.547973
0.518774
0.5144
0.508372
0.502713
0.511721
0.509303
0.507731
0.515163
0.524537
0.501833
0.512418
0.519628
0.51285
0.528302
0.514929
0.507109
0.577108
0.527637
0.524918
0.520892
0.505272
0.529639
0.505625
0.514254
0.511209
0.528304
0.510153
0.509512
0.512031
0.510565
0.511454
0.5119
0.516279
0.525518
0.503596
0.592922
0.51891
0.513292
0.520283
0.50248
0.533258
0.510679
0.513185
0.514604
0.504393
0.512993
0.521608
0.524778
0.549981
0.510474
0.512691
0.538616
0.523661
0.514223
0.505334
0.514125
0.507595
0.514032
0.515622
0.510179
0.513563
0.572471
0.511951
0.530689
0.511609
0.510542
0.560509
0.513724
0.504651
0.517489
0.518537
0.633278
0.515588
0.508745
0.519248
0.517439
0.507759
0.525943
0.516734
0.511649
0.512704
0.522639
0.521916
0.51423
0.508505
0.526063
0.50617
0.518287
0.71325
0.52643
0.513182
0.681074
0.553067
0.508595
0.517215
0.53164
0.508279
0.526242
0.514471
0.509383
0.523984
0.52403
0.522895
0.513403
0.653429
0.52501
0.524374
0.532257
0.513767
0.521424
0.514879
0.513043
0.617222
0.51274
0.535839
0.510055
0.515362
0.512621
0.516425
0.508966
0.514051
