0.662969
0.653528
0.687436
0.634495
0.506998
0.509812
0.510954
0.502201
0.503463
0.508719
0.512192
0.514982
0.524573
0.520278
0.515458
0.511841
0.517986
0.518471
0.516049
0.517372
0.504858
0.524047
0.523234
0.523106
0.522436
0.512587
0.519177
0.512565
0.503973
0.506697
0.510062
0.64755
0.661345
0.52449
0.532048
0.524923
0.508357
0.503783
0.506597
0.505029
0.537426
0.532723
0.515085
0.508226
0.530966
0.521503
0.537631
0.526837
0.510283
0.507742
0.506085
0.509297
0.511109
0.557595
0.550143
0.589672
0.516498
0.517184
0.530851
0.523242
0.525553
0.521521
0.497345
0.509494
0.515104
0.540167
0.530852
0.524731
0.524632
0.531553
0.527307
0.52206
0.50939
0.526055
0.521635
0.523618
0.595329
0.55929
0.516795
0.519819
0.491548
0.536308
0.537269
0.613861
0.583627
0.630479
0.523939
0.516239
0.585643
0.507319
0.521871
0.515899
0.524195
0.52121
0.55999
0.500244
0.49709
0.495518
0.545111
0.555567
0.501781
0.502401
0.514765
0.509411
0.521059
0.523581
0.53176
0.519248
0.515427
0.508247
0.511145
0.509587
0.509369
0.515016
0.514101
0.556068
0.511411
0.51613
0.520705
0.590303
0.617119
0.525724
0.504933
0.504966
0.504272
0.509625
0.540004
0.540236
0.536673
0.538658
0.506015
0.503217
0.50785
0.521638
0.523181
0.525817
0.525212
0.516724
0.513496
0.516877
0.514362
0.518676
0.52699
0.537822
0.503006
0.505653
0.516991
0.517074
0.513669
0.517256
0.517287
0.512062
0.509601
0.607603
0.613595
0.521927
0.523524
0.521598
0.524097
0.527364
0.516543
0.511683
0.502317
0.506906
0.535427
0.524458
0.511634
0.51212
0.51194
0.512327
0.507137
0.504838
0.508741
0.510532
0.515561
0.555191
0.552923
0.536097
0.665115
0.584481
0.720259
0.63053
0.51112
0.518371
0.508845
0.521494
0.517185
0.509052
0.506836
0.512806
0.530436
0.52942
0.521475
0.513713
0.528251
0.528486
0.522167
0.528816
0.536431
0.528514
0.527308
0.523988
0.526316
0.520498
0.501601
0.496656
0.500555
0.523316
0.517284
0.516125
0.514296
0.53051
0.52837
0.497319
0.494089
0.635036
0.658115
0.507927
0.50943
0.514231
0.513616
0.513707
0.514467
0.508177
0.500512
0.507124
0.511208
0.503185
0.514606
0.513437
0.525827
0.524145
0.529368
0.513518
0.51203
0.506781
0.510467
0.52484
0.499559
0.518247
0.513757
0.506215
0.517927
0.508827
0.503187
0.516084
0.513376
0.513239
0.597713
0.516594
0.511338
0.506168
0.502351
0.511999
0.522945
0.523108
0.524641
0.51796
0.51731
0.519948
0.63282
0.613592
0.663873
0.513038
0.50598
0.51271
0.512281
0.518333
0.517854
0.517063
0.507675
0.509649
0.534294
0.521554
0.515182
0.513163
0.525435
0.51906
0.512564
0.502639
0.514518
0.550428
0.547332
0.55803
0.495585
0.496759
0.491958
0.558214
0.508103
0.575362
0.511369
0.523689
0.524022
0.524111
0.523824
0.506889
0.50621
0.512369
0.513687
0.513846
0.539783
0.557471
0.63379
0.589778
0.631374
0.516689
0.518123
0.525533
0.516068
0.516328
0.530288
0.528378
0.529034
0.532973
0.521806
0.526063
0.516232
0.515398
0.488886
0.489052
0.497235
0.53629
0.519029
0.517023
0.514398
0.514755
0.51139
0.527681
0.512568
0.53393
0.528183
0.559939
0.534913
0.545609
0.545549
0.514491
0.508975
0.514537
0.523831
0.524649
0.525258
0.525427
0.513042
0.513983
0.51966
0.51462
0.518814
0.532309
0.535425
0.503544
0.528907
0.525044
0.529437
0.513495
0.511352
0.507453
0.509735
0.515673
0.519277
0.523092
0.517077
0.503096
0.506232
0.504219
0.50729
0.50903
0.577433
0.502147
0.508392
0.540297
0.499653
0.507604
0.544599
0.504466
0.508944
0.504292
0.498974
0.50654
0.504855
0.509005
0.514843
0.519314
0.524923
0.52544
0.515574
0.513685
0.544279
0.548372
0.523895
0.51773
0.519739
0.514464
0.50729
0.524527
0.527786
0.536116
0.523668
0.524338
0.513979
0.514238
0.513994
0.513276
0.510929
0.512347
0.516677
0.535225
0.683146
0.659799
0.702375
0.525217
0.519877
0.521135
0.538508
0.520383
0.518693
0.511903
0.522552
0.520965
0.506722
0.510132
0.526636
0.528075
0.509204
0.512433
0.513294
0.512228
0.513278
0.512898
0.509927
0.515341
0.515045
0.67398
0.714729
0.524002
0.513882
0.509204
0.504676
0.533319
0.500904
0.529854
0.508471
0.505554
0.521789
0.527224
0.508016
0.506355
0.504455
0.512218
0.511352
0.513904
0.503314
0.520982
0.520537
0.541797
0.537884
0.6904
0.530658
0.532501
0.529513
0.526521
0.517467
0.55164
0.54551
0.515909
0.518275
0.528118
0.496987
0.499969
0.502301
0.50773
0.52841
0.526653
0.52666
0.512352
0.506841
0.503332
0.526672
0.527414
0.506418
0.502324
0.492307
0.491514
0.49558
0.493671
0.510062
0.70638
0.508863
0.500144
0.55063
0.517313
0.510639
0.512368
0.518264
0.507785
0.501726
0.506863
0.538367
0.530693
0.514028
0.511575
0.510952
0.506344
0.51981
0.512886
0.517575
0.515918
0.585438
0.512517
0.510948
0.508348
0.523626
0.497599
0.4988
0.513248
0.648348
0.511285
0.506323
0.509836
0.524565
0.495931
0.522555
0.520278
0.509189
0.511451
0.509603
0.501134
0.505819
0.561055
0.510948
0.514386
0.509546
0.510463
0.514393
0.514613
0.526509
0.52079
0.510796
0.510822
0.511899
0.515228
0.499877
0.50932
0.509837
0.515862
0.512458
0.52727
0.523103
0.697089
0.51184
0.50957
0.509042
0.502731
0.535046
0.530757
0.69437
0.680197
0.533305
0.538391
0.52726
0.531808
0.542195
0.549297
0.524972
0.503043
0.502042
0.512497
0.511397
0.512232
0.513298
0.504996
0.512665
0.50386
0.509209
0.503564
0.520946
0.515046
0.532036
0.536239
0.5334
0.576288
0.520749
0.515194
0.519483
0.513321
0.510177
0.529594
0.532245
0.497449
0.498708
0.497085
0.507282
0.504275
0.504342
0.63193
0.518102
0.517442
0.533531
0.510996
0.514038
0.513827
0.514024
0.501625
0.516064
0.51251
0.502669
0.513476
0.50361
0.530177
0.507865
0.499896
0.504366
0.5217
0.541841
0.512006
0.51897
0.512382
0.508384
0.61506
0.52249
0.516113
0.513013
0.514178
0.513757
0.529775
0.536909
0.499355
0.508666
0.503956
0.505991
0.496341
0.511487
0.524468
0.514354
0.516058
0.518408
0.5204
0.503785
0.528072
0.524905
0.511211
0.512008
0.52689
0.543977
0.512304
0.511452
0.510914
0.516839
0.51193
0.508378
0.509517
0.502056
0.506063
0.515702
0.495179
0.530315
0.522471
0.519226
0.514128
0.508368
0.50854
0.527631
0.527851
0.511736
0.516318
0.515753
0.517558
0.580011
0.512848
0.558776
0.509955
0.662651
0.633696
0.558692
0.555661
0.518493
0.512111
0.512402
0.513039
0.506275
0.516743
0.51574
0.511365
0.505559
0.494642
0.506702
0.69806
0.497644
0.511857
0.511845
0.512752
0.509488
0.50755
0.530347
0.506313
0.512762
0.513838
0.518626
0.510111
0.517118
0.519659
0.516107
0.507498
0.552438
0.536424
0.519125
0.555637
0.550847
0.523456
0.524025
0.534397
0.537842
0.537841
0.519694
0.514668
0.514501
0.51391
0.515502
0.518605
0.514224
0.505847
0.518927
0.520421
0.521416
0.526241
0.511666
0.511747
0.512927
0.50948
0.505254
0.513083
0.520137
0.51281
0.505821
0.507817
0.532431
0.502558
0.502897
0.507933
0.567089
0.765364
0.668154
0.620552
0.507387
0.501848
0.71333
0.518965
0.526985
0.518782
0.537146
0.514533
0.514409
0.524959
0.518129
0.528843
0.502539
0.519997
0.507639
0.501565
0.509833
0.515839
0.536425
0.502534
0.519022
0.5105
0.506605
0.505961
0.500991
0.504741
0.50705
0.504181
0.513526
0.512219
0.517535
0.518925
0.495213
0.509473
0.509312
0.504911
0.514399
0.518052
0.518096
0.51893
0.517316
0.513349
0.51346
0.517212
0.651394
0.527596
0.509661
0.564833
0.564568
0.694132
0.683701
0.679114
0.519592
0.511627
0.515968
0.523152
0.525769
0.671057
0.669074
0.523663
0.512157
0.513255
0.511009
0.512107
0.507272
0.713625
0.511051
0.50728
0.525286
0.502563
0.509043
0.498332
0.647902
0.621811
0.529111
0.535689
0.526162
0.538866
0.518819
0.501895
0.509746
0.517652
0.511182
0.500431
0.506507
0.494814
0.501733
0.523354
0.504513
0.504844
0.529962
0.687428
0.521483
0.516838
0.516016
0.532108
0.724683
0.51932
0.518043
0.518193
0.502655
0.507089
0.534618
0.527062
0.522737
0.516302
0.510751
0.527093
0.683911
0.512524
0.616648
0.616152
0.593297
0.525669
0.527955
0.509073
0.527184
0.576997
0.574647
0.539154
0.540159
0.502499
0.510787
0.501029
0.502299
0.520911
0.513374
0.50971
0.519004
0.520129
0.527005
0.519262
0.51748
0.512167
0.51247
0.533002
0.511741
0.713637
0.5153
0.515745
0.515757
0.514718
0.626993
0.525156
0.516436
0.510579
0.511633
0.492243
0.703043
0.512178
0.56157
0.513926
0.506159
0.508722
0.511282
0.520172
0.520884
0.519175
0.534609
0.498561
0.495391
0.522522
0.524429
0.527789
0.530084
0.507208
0.508122
0.507136
0.509275
0.520576
0.537412
0.511752
0.528432
0.529733
0.512287
0.512052
0.538274
0.502837
0.545798
0.5034
0.504958
0.497577
0.535209
0.508099
0.511207
0.510906
0.535276
0.506829
0.51106
0.510867
0.512251
0.513188
0.513439
0.682604
0.500077
0.500562
0.59277
0.52024
0.509421
0.641999
0.539843
0.540832
0.527744
0.726905
0.511055
0.51075
0.510395
0.517596
0.51432
0.566132
0.570304
0.519343
0.505264
0.494577
0.495301
0.5111
0.736893
0.511799
0.499859
0.513389
0.511924
0.516799
0.543914
0.501042
0.509998
0.503781
0.520086
0.512599
0.557871
0.549532
0.5178
0.518714
0.524049
0.518171
0.511815
0.51662
0.512715
0.511596
0.504826
0.534017
0.534062
0.51918
0.531969
0.513818
0.549457
0.528971
0.53484
0.539063
0.660488
0.521969
0.511381
0.513727
0.518617
0.511334
0.5094
0.51517
0.508272
0.532809
0.662389
0.638164
0.677535
0.514669
0.514072
0.530031
0.512856
0.510286
0.531142
0.5012
0.525538
0.525755
0.518217
0.501826
0.511492
0.639367
0.51256
0.511239
0.501338
0.523557
0.526761
0.525838
0.503256
0.504203
0.507173
0.525172
0.516663
0.498533
0.511402
0.512365
0.509225
0.643208
0.522934
0.496528
0.529989
0.49875
0.54238
0.504366
0.538426
0.543619
0.545662
0.509678
0.524565
0.522252
0.505196
0.505396
0.508424
0.501966
0.528703
0.569372
0.570049
0.577384
0.49443
0.504731
0.507152
0.511588
0.508856
0.6436
0.512597
0.50617
0.506088
0.510837
0.495099
0.540398
0.510802
0.512343
0.496471
0.503469
0.520495
0.634805
0.536642
0.540205
0.512128
0.513917
0.500605
0.532157
0.712015
0.509699
0.511277
0.50966
0.513114
0.513407
0.493656
0.512397
0.542527
0.542876
0.500045
0.52358
0.512042
0.515213
0.557534
0.506423
0.512159
0.517805
0.523476
0.513894
0.518446
0.513421
0.527983
0.514043
0.513857
0.508387
0.511795
0.533494
0.505212
0.505665
0.499853
0.535984
0.63107
0.535415
0.521638
0.515052
0.508566
0.512572
0.51411
0.501721
0.575405
0.574724
0.522477
0.535652
0.510423
0.512491
0.521963
0.527675
0.500244
0.503953
0.604963
0.522483
0.503114
0.510926
0.525679
0.499725
0.505921
0.520716
0.642707
0.508415
0.533415
0.52875
0.534972
0.542181
0.538781
0.51609
0.510475
0.506768
0.542072
0.51406
0.535945
0.496863
0.503545
0.509028
0.50819
0.505688
0.5116
0.512756
0.516206
0.579938
0.493948
0.667207
0.589184
0.502421
0.510439
0.514558
0.525449
0.531034
0.526447
0.574736
0.57678
0.584395
0.504158
0.526039
0.517393
0.516835
0.517896
0.538258
0.52999
0.532084
0.500253
0.49974
0.512653
0.509976
0.510502
0.55141
0.542959
0.509866
0.529546
0.521906
0.501623
0.505532
0.528391
0.552387
0.538679
0.537205
0.53039
0.504983
0.514227
0.521854
0.524047
0.510995
0.513935
0.51253
0.513897
0.540246
0.538976
0.493502
0.509207
0.514111
0.518573
0.511704
0.505426
0.5076
0.501726
0.512081
0.500849
0.504447
0.517102
0.500469
0.518604
0.51058
0.513035
0.522879
0.513272
0.52803
0.530401
0.515276
0.507534
0.538668
0.53614
0.528148
0.517622
0.49778
0.68539
0.508278
0.509911
0.526637
0.526534
0.518755
0.51483
0.494602
0.567945
0.52704
0.493711
0.522632
0.502748
0.507262
0.501835
0.504103
0.526631
0.515252
0.518327
0.505019
0.510785
0.574982
0.529885
0.500913
0.507502
0.507347
0.510421
0.561409
0.70172
0.505332
0.499151
0.503679
0.504914
0.529365
0.569529
0.522851
0.497743
0.508262
0.505377
0.520411
0.523256
0.628604
0.5136
0.541261
0.535232
0.505602
0.527906
0.515365
0.512083
0.584636
0.513361
0.670516
0.659841
0.507072
0.505574
0.517229
0.522893
0.523481
0.50669
0.51471
0.510605
0.513773
0.514708
0.513574
0.516579
0.515047
0.502764
0.526335
0.539254
0.50861
0.508995
0.51119
0.498988
0.494645
0.527188
0.503785
0.510369
0.512634
0.511897
0.69324
0.525392
0.519989
0.520631
0.497862
0.527389
0.533055
0.588422
0.503118
0.518852
0.518828
0.516294
0.513962
0.507835
0.525013
0.527179
0.53019
0.530288
0.539503
0.515933
0.55575
0.503812
0.515622
0.498905
0.54034
0.532428
0.649609
0.510922
0.518293
0.507146
0.632025
0.620956
0.604449
0.519843
0.535097
0.583543
0.517179
0.513741
0.516284
0.513074
0.509061
0.533529
0.51912
0.511709
0.508942
0.665218
0.507785
0.532397
0.516238
0.496927
0.511786
0.515453
0.510656
0.508599
0.645243
0.503466
0.508223
0.549962
0.513942
0.536588
0.507432
0.518773
0.499214
0.512069
0.502225
0.501039
0.500997
0.513219
0.526729
0.55033
0.515017
0.524519
0.59189
0.511162
0.517856
0.526646
0.53257
0.537215
0.504874
0.553279
0.519036
0.532577
0.528194
0.50102
0.538711
0.502198
0.531371
0.545167
0.504773
0.516477
0.536948
0.521955
0.52707
0.534141
0.511291
0.52668
0.535716
0.509714
0.507396
0.513696
0.516097
0.529268
0.614069
0.515213
0.51567
0.516896
0.505747
0.517939
0.507162
0.57441
0.537907
0.513705
0.519551
0.501651
0.534669
0.51316
0.507328
0.521086
0.520903
0.506765
0.528314
0.534894
0.507455
0.532361
0.68548
0.56109
0.496807
0.495766
0.582087
0.50361
0.518046
0.518755
0.51133
0.512804
0.515955
0.50879
0.517219
0.513397
0.527747
0.52548
0.501083
0.511523
0.499346
0.541896
0.642429
0.518801
0.495424
0.498613
0.522313
0.537335
0.519172
0.516355
0.530372
0.523434
0.522311
0.515784
0.494758
0.501955
0.544419
0.505087
0.519374
0.519934
0.519957
0.513089
0.517907
0.534214
0.520525
0.530177
0.512585
0.645307
0.515253
0.513719
0.500205
0.526794
0.511737
0.510534
0.511059
0.536585
0.494222
0.505172
0.519202
0.511143
0.544696
0.548399
0.538508
0.512485
0.512836
0.530357
0.508466
0.531144
0.517188
0.510953
0.513003
0.58525
0.498135
0.496589
0.527238
0.517302
0.599666
0.53173
0.515309
0.512121
0.506614
0.500255
0.512773
0.529372
0.514679
0.539926
0.495892
0.515178
0.517883
0.496713
0.508584
0.538129
0.501749
0.520168
0.512012
0.564877
0.515879
0.511622
0.500611
0.572372
0.533029
0.538386
0.502107
0.501784
0.503998
0.521463
0.500501
0.524521
0.522783
0.566403
0.516944
0.522465
0.513798
0.509894
0.512715
0.501113
0.502828
0.514791
0.509264
0.500862
0.539107
0.507061
0.524341
0.527039
0.624807
0.510514
0.515867
0.529811
0.527855
0.542166
0.533582
0.585953
0.534983
0.515511
0.525528
0.523832
0.531493
0.522734
0.496634
0.524207
0.521711
0.52645
0.495359
0.510801
0.53703
0.499332
0.626767
0.537412
0.504094
0.49936
0.516253
0.5102
0.514973
0.518776
0.530139
0.528586
0.581845
0.516701
0.502923
0.51059
0.538138
0.530233
0.516781
0.518566
0.511736
0.53785
0.550663
0.507913
0.51809
0.516712
0.513849
0.519385
0.51452
0.537025
0.537071
0.542153
0.520738
0.523358
0.527992
0.60673
0.515331
0.530928
0.524273
0.510834
0.519759
0.508571
0.521787
0.508827
0.5182
0.556159
0.580038
0.519667
0.507678
0.531166
0.514578
0.521465
0.515794
0.511302
0.509876
0.512527
0.509772
0.515232
0.510702
0.51776
0.517327
0.600872
0.513314
0.514892
0.5209
0.506796
0.517738
0.501978
0.50516
0.51223
0.496383
0.502229
0.495429
0.516192
0.505652
0.52731
0.522112
0.517963
0.532936
0.52865
0.520568
0.508314
0.516559
0.580957
0.593547
0.612044
0.513005
0.513061
0.524989
0.523277
0.510658
0.515415
0.518137
0.514148
0.515974
0.513777
0.522212
0.511667
0.521157
0.515944
0.517651
0.518039
0.515579
0.516707
0.50929
0.507481
0.513236
0.522185
0.515554
0.513408
0.529011
0.523743
0.508944
0.50943
0.509263
0.514054
0.518314
0.515953
0.513719
0.516553
0.524549
0.528105
0.517504
0.516755
0.511337
0.591961
0.52279
0.541413
0.517365
0.512868
0.515416
0.516246
0.516525
0.514387
0.520306
0.533264
0.527013
0.529854
0.514415
0.511775
0.580088
0.617059
0.516273
0.544709
0.524644
0.511874
0.508098
0.508832
0.535
0.514286
0.698897
0.665404
0.515105
0.511059
0.517482
0.513453
0.518206
0.510718
0.509943
0.508594
0.632613
0.526129
0.528652
0.5122
0.545354
0.547247
0.504138
0.510361
0.519781
0.542553
0.512223
0.515857
0.533709
0.510292
0.511938
0.508462
0.517995
0.522524
0.511997
0.525241
0.535299
0.509768
0.516078
0.502833
0.512683
0.51659
0.515859
0.517645
0.516994
0.509447
0.508919
0.571045
0.524229
0.526618
0.521262
0.511376
0.507667
0.537356
0.537857
0.499904
0.518284
0.513231
0.51856
0.528522
0.531793
0.523143
0.514244
0.513237
0.530075
0.509502
0.522589
0.554502
0.523135
0.514427
0.510904
0.512679
0.510202
0.522887
0.511244
0.513028
0.514339
0.507638
0.512693
0.518683
0.511679
0.521686
0.529869
0.534098
0.510974
0.650248
0.516208
0.512086
0.510586
0.514006
0.523285
0.513498
0.527651
0.521486
0.519476
0.515185
0.518555
0.553273
0.510573
0.512765
0.520938
0.519095
0.520127
0.543643
0.532188
0.519722
0.511641
0.598645
0.611007
0.612699
0.576855
0.515629
0.528611
0.51465
0.511176
0.524782
0.507104
0.511487
0.524544
0.51264
0.51159
0.510074
0.511568
0.526447
0.510281
0.51441
0.4962
0.520864
0.491969
0.527782
0.524997
0.517604
0.509304
0.518389
0.506198
0.512884
0.516
0.518466
0.542403
0.56513
0.508439
0.515498
0.510351
0.51486
0.511581
0.514793
0.526957
0.512054
0.512112
0.535942
0.520797
0.509304
0.5154
0.509453
0.522537
0.679342
0.535733
0.529019
0.511296
0.517936
0.519686
0.49759
0.521319
0.524837
0.512337
0.5154
0.670014
0.512629
0.575659
0.515149
0.51761
0.527682
0.536675
0.526878
0.582764
0.524244
0.516869
0.519328
0.544798
0.501699
0.506707
0.513214
0.522813
0.51305
0.513713
0.541122
0.50959
0.506975
0.517248
0.539957
0.533691
0.531427
0.572687
0.537831
0.513429
0.539513
0.517509
0.543343
0.50921
0.516931
0.524931
0.521386
0.517701
0.530724
0.514041
0.53325
0.584012
0.566619
0.56062
0.519265
0.504668
0.517225
0.518545
0.53009
0.535259
0.688035
0.513349
0.505482
0.512431
0.525527
0.520616
0.516015
0.510444
0.514213
0.512935
0.512217
0.5105
0.522071
0.522621
0.513564
0.504693
0.511225
0.507006
0.509757
0.506701
0.519052
0.510065
0.524377
0.630048
0.517399
0.515025
0.504
0.560041
0.512469
0.538907
0.510788
0.509208
0.506905
0.514527
0.514344
0.517945
0.51572
0.505999
0.521558
0.516918
0.519278
0.541
0.509179
0.513187
0.515726
0.514703
0.528548
0.528119
0.514118
0.586038
0.508698
0.508489
0.506689
0.590095
0.514974
0.498339
0.626811
0.512533
0.50295
0.514678
0.5125
0.50153
0.5344
0.513239
0.498919
0.514001
0.506999
0.513819
0.518503
0.544044
0.52904
0.517268
0.511769
0.513631
0.520789
0.500229
0.507174
0.616281
0.515682
0.509253
0.530311
0.528136
0.624833
0.516781
0.516092
0.519359
0.513286
0.506904
0.546613
0.511307
0.52266
0.535458
0.50169
0.517332
0.534121
0.523896
0.510692
0.521785
0.509426
0.532804
0.525788
0.505587
0.514629
0.70628
0.509475
0.518743
0.514015
0.509273
0.512641
0.521761
0.508625
0.497051
0.521357
0.500363
0.526063
0.518722
0.502573
0.5116
0.52556
0.507704
0.525354
0.512567
0.513127
0.524166
0.524045
0.611299
0.533025
0.524154
0.505547
0.508065
0.518064
0.507359
0.532009
0.530068
0.531981
0.525832
0.517399
0.506767
0.542573
0.508572
0.521566
0.507606
0.514987
0.51156
0.504456
0.519667
0.553608
0.522333
0.524745
0.522351
0.521303
0.510294
0.515244
0.570087
0.514753
0.511297
0.497994
0.538717
0.513962
0.514175
0.508579
0.529099
0.514188
0.508573
0.669897
0.50936
0.705858
0.505987
0.510022
0.510205
0.497428
0.508806
0.509104
0.509699
0.522243
0.514217
0.502202
0.513791
0.536237
0.51435
0.524982
0.512386
0.512911
0.512925
0.508386
0.517845
0.518062
0.50821
0.515941
0.600074
0.53429
0.494429
0.510131
0.522199
0.525393
0.516087
0.691494
0.517109
0.519557
0.521788
0.522531
0.508801
0.511344
0.517866
0.520227
0.513259
0.563628
0.565964
0.516907
0.511075
0.51706
0.512076
0.507684
0.518035
0.541884
0.524133
0.522303
0.513922
0.515938
0.507973
0.511161
0.507614
0.515844
0.528593
0.509679
0.514399
0.524078
0.527102
0.525616
0.514077
0.518448
0.51131
0.511759
0.5846
0.510779
0.514374
0.506842
0.506574
0.552
0.533738
0.506127
0.509381
0.533901
0.5595
0.519636
0.529535
0.515255
0.581007
0.514534
0.507622
0.511198
0.510676
0.547947
0.499998
0.514545
0.584186
0.657801
0.531898
0.510497
0.526744
0.509273
0.535627
0.530572
0.512527
0.495546
0.518621
0.520775
0.53959
