0.501672
0.507191
0.504829
0.502813
0.507473
0.509622
0.509285
0.526512
0.52345
0.522554
0.515778
0.522446
0.516008
0.513601
0.523011
0.497943
0.524663
0.519335
0.522913
0.514753
0.509904
0.512701
0.505509
0.505365
0.504397
0.697564
0.684079
0.533389
0.526558
0.533528
0.502755
0.500753
0.53521
0.521208
0.516584
0.512095
0.509442
0.519006
0.524123
0.529091
0.520833
0.531406
0.514454
0.522108
0.531089
0.528336
0.512177
0.506445
0.507247
0.510171
0.563431
0.602533
0.515623
0.51252
0.522262
0.525848
0.519729
0.518049
0.524436
0.521246
0.526969
0.538104
0.52803
0.518719
0.515736
0.508942
0.512053
0.509746
0.677758
0.702209
0.613084
0.649493
0.640846
0.515287
0.512822
0.513666
0.527443
0.524123
0.516969
0.516485
0.50303
0.531808
0.519637
0.521577
0.522256
0.534377
0.50343
0.505117
0.516572
0.511329
0.511846
0.553697
0.530267
0.546498
0.530719
0.505984
0.500003
0.532659
0.504962
0.50399
0.500659
0.526697
0.519914
0.512677
0.522478
0.528453
0.524695
0.525169
0.525698
0.531733
0.51935
0.518116
0.51588
0.514148
0.515486
0.515807
0.509882
0.510192
0.511774
0.512396
0.550417
0.513348
0.511886
0.519244
0.532774
0.6398
0.653887
0.525496
0.503252
0.532341
0.537041
0.534529
0.505383
0.507577
0.50779
0.530003
0.52904
0.526973
0.535398
0.531937
0.515532
0.516796
0.515928
0.511972
0.512935
0.513792
0.519464
0.53266
0.504354
0.508487
0.519232
0.522304
0.521219
0.517821
0.516588
0.515403
0.50911
0.515757
0.513822
0.513384
0.512992
0.509328
0.592796
0.521877
0.521235
0.520523
0.520322
0.504764
0.530611
0.51095
0.510908
0.504405
0.507389
0.511753
0.512679
0.516329
0.534099
0.528732
0.586298
0.546846
0.563507
0.560321
0.548933
0.558511
0.679623
0.593694
0.662305
0.51023
0.525673
0.518909
0.513012
0.51495
0.521636
0.521984
0.523148
0.51597
0.510231
0.641396
0.50964
0.525364
0.533306
0.530527
0.527772
0.525648
0.521252
0.499916
0.505922
0.504999
0.520311
0.511202
0.510474
0.524799
0.521376
0.51543
0.525836
0.494646
0.495598
0.506174
0.515968
0.724366
0.667902
0.512554
0.507317
0.508797
0.513293
0.513401
0.513278
0.534154
0.513712
0.514226
0.52381
0.527025
0.504429
0.513122
0.512918
0.636624
0.668673
0.520078
0.511365
0.519948
0.504789
0.509351
0.520862
0.507886
0.534346
0.538443
0.515187
0.587541
0.509765
0.502903
0.502259
0.512959
0.522765
0.544449
0.518659
0.52295
0.523099
0.523486
0.521307
0.51697
0.525223
0.599445
0.601669
0.511917
0.512563
0.517941
0.516638
0.51572
0.526133
0.507661
0.510817
0.532863
0.524263
0.512729
0.501143
0.515642
0.512232
0.543719
0.549693
0.505429
0.504306
0.50966
0.511487
0.566342
0.556979
0.54639
0.510635
0.550394
0.522842
0.519789
0.513157
0.70163
0.524198
0.521714
0.524731
0.503166
0.505658
0.656043
0.513183
0.513436
0.514595
0.565452
0.581359
0.610602
0.641373
0.685209
0.518684
0.513948
0.542667
0.537081
0.625191
0.590705
0.515416
0.528721
0.523217
0.51619
0.513937
0.488444
0.499929
0.501216
0.504702
0.499253
0.536264
0.603689
0.57165
0.51838
0.519859
0.516035
0.716383
0.536361
0.515515
0.514905
0.512439
0.509244
0.509806
0.504747
0.526584
0.521097
0.528001
0.523327
0.530373
0.516372
0.525324
0.524235
0.525091
0.515719
0.514713
0.516335
0.520103
0.516281
0.537528
0.534052
0.527202
0.524078
0.52952
0.51517
0.509714
0.508594
0.501436
0.500909
0.504493
0.503641
0.518703
0.517245
0.49918
0.503133
0.509752
0.505598
0.503833
0.503123
0.511701
0.517269
0.51325
0.509752
0.511005
0.529027
0.519428
0.507589
0.50996
0.504502
0.506639
0.505292
0.508768
0.505134
0.507026
0.50857
0.515916
0.638972
0.60627
0.515883
0.518158
0.547461
0.614853
0.646988
0.510643
0.523426
0.525132
0.519436
0.533602
0.529087
0.526202
0.521597
0.515566
0.515611
0.510154
0.512352
0.526442
0.523683
0.518654
0.519546
0.508586
0.51553
0.505816
0.531697
0.692602
0.696791
0.523569
0.52388
0.522145
0.519321
0.540955
0.521108
0.499643
0.52409
0.523418
0.526345
0.504249
0.52662
0.525949
0.501309
0.512313
0.511854
0.513064
0.514003
0.513929
0.515189
0.632647
0.609002
0.51801
0.525457
0.519669
0.50765
0.507345
0.529454
0.503396
0.502017
0.531316
0.506514
0.503512
0.505679
0.50862
0.525447
0.530121
0.505071
0.50509
0.506695
0.511346
0.504506
0.52081
0.520781
0.53915
0.538481
0.506716
0.519339
0.52602
0.51862
0.531925
0.523028
0.523665
0.530497
0.523957
0.51819
0.643064
0.56084
0.496749
0.52098
0.521331
0.535217
0.529724
0.499263
0.505739
0.526567
0.514424
0.50507
0.518104
0.518179
0.519884
0.53536
0.501045
0.504187
0.702785
0.668638
0.550729
0.558728
0.559372
0.501803
0.537657
0.514839
0.510329
0.511874
0.520162
0.506987
0.495757
0.500085
0.501631
0.507145
0.504805
0.511619
0.536094
0.520198
0.512864
0.513651
0.528065
0.532952
0.512563
0.515329
0.511556
0.510594
0.576673
0.511876
0.511757
0.518311
0.528847
0.529553
0.522918
0.512923
0.510431
0.514023
0.508839
0.506542
0.524216
0.525453
0.492167
0.503943
0.497245
0.523183
0.507909
0.508879
0.503268
0.500316
0.55796
0.50951
0.519489
0.517045
0.506111
0.515596
0.514969
0.525878
0.520385
0.514753
0.504167
0.504011
0.50173
0.500176
0.509494
0.513873
0.51356
0.50428
0.512734
0.529725
0.531892
0.589263
0.594615
0.532256
0.537857
0.532716
0.549069
0.5559
0.528286
0.52459
0.534968
0.500542
0.5011
0.513086
0.512116
0.511722
0.502247
0.507678
0.511898
0.51017
0.527246
0.531806
0.532421
0.573864
0.519661
0.505109
0.512038
0.517484
0.512188
0.50511
0.511692
0.523214
0.523176
0.522198
0.520139
0.507015
0.514624
0.50985
0.621643
0.596855
0.510729
0.517172
0.530551
0.509632
0.549925
0.545002
0.521907
0.509691
0.512114
0.509496
0.512955
0.498496
0.501659
0.510769
0.51227
0.508503
0.51417
0.529276
0.506343
0.504301
0.5156
0.516716
0.520353
0.514264
0.517147
0.51827
0.601165
0.508826
0.516184
0.516482
0.533202
0.50888
0.502594
0.510086
0.508102
0.509636
0.519003
0.51369
0.512803
0.518319
0.502889
0.512304
0.51156
0.512442
0.526817
0.523844
0.651234
0.514383
0.497678
0.509788
0.517794
0.504432
0.500034
0.506359
0.497553
0.496102
0.501196
0.528449
0.531832
0.521726
0.521374
0.509604
0.506467
0.515251
0.521533
0.513111
0.515102
0.622417
0.513992
0.510401
0.508473
0.506756
0.582529
0.596812
0.525334
0.528136
0.515544
0.592575
0.58278
0.5133
0.510184
0.523451
0.512798
0.512436
0.545117
0.539171
0.51378
0.509667
0.489232
0.499582
0.506086
0.513938
0.647282
0.655588
0.493635
0.509049
0.503756
0.511443
0.521253
0.508842
0.511305
0.521762
0.514421
0.546842
0.537648
0.724041
0.524142
0.52365
0.520922
0.521674
0.506936
0.53116
0.537912
0.516371
0.515781
0.513699
0.56032
0.514225
0.512038
0.516397
0.515396
0.594462
0.576329
0.520713
0.522915
0.612694
0.600681
0.515394
0.52326
0.508453
0.50212
0.514904
0.511748
0.528398
0.499238
0.500532
0.506175
0.595565
0.612154
0.510352
0.507015
0.510786
0.50381
0.511429
0.731533
0.500415
0.509002
0.510279
0.50834
0.505783
0.507038
0.527044
0.515725
0.516704
0.518532
0.507799
0.510322
0.510377
0.513271
0.535259
0.499552
0.521257
0.511354
0.517416
0.510435
0.554462
0.555478
0.557974
0.511525
0.507299
0.51765
0.511858
0.523033
0.522632
0.502114
0.50729
0.541255
0.509755
0.513766
0.517372
0.516317
0.510512
0.518232
0.519716
0.515939
0.515965
0.659081
0.494406
0.500116
0.510569
0.553016
0.670068
0.665431
0.522068
0.510766
0.523705
0.522444
0.505761
0.530573
0.518201
0.753322
0.527367
0.511996
0.514735
0.504058
0.699026
0.516782
0.524918
0.519735
0.60272
0.506783
0.646791
0.647562
0.527977
0.529486
0.528818
0.524469
0.537902
0.51693
0.508204
0.50184
0.521392
0.507786
0.531917
0.496954
0.516767
0.490901
0.496801
0.52282
0.525872
0.518006
0.515117
0.528793
0.643423
0.505846
0.506237
0.506616
0.529423
0.514521
0.522342
0.528762
0.521512
0.508491
0.507877
0.524552
0.526405
0.609168
0.62039
0.507905
0.570272
0.510608
0.52857
0.577659
0.559148
0.542777
0.543376
0.540579
0.532958
0.499607
0.502421
0.504427
0.521401
0.519466
0.524932
0.514032
0.498771
0.512514
0.534565
0.509677
0.611674
0.516986
0.518971
0.504349
0.519844
0.671422
0.530091
0.532831
0.530885
0.511931
0.639041
0.65493
0.532403
0.516997
0.512792
0.50836
0.523777
0.525327
0.504378
0.510981
0.490899
0.523317
0.511509
0.514259
0.538746
0.534086
0.520332
0.51814
0.531131
0.514654
0.505677
0.50716
0.512833
0.516087
0.516461
0.519018
0.52114
0.517508
0.529684
0.53206
0.502945
0.509968
0.524631
0.52826
0.524305
0.522034
0.505344
0.504717
0.506803
0.54262
0.536517
0.499409
0.520513
0.623733
0.523005
0.510676
0.510861
0.526454
0.511548
0.539084
0.535705
0.504309
0.524409
0.507786
0.536403
0.532441
0.537559
0.498226
0.5129
0.486157
0.511446
0.674311
0.641849
0.503338
0.500181
0.505478
0.502633
0.52008
0.511935
0.504182
0.501772
0.51507
0.508919
0.512024
0.563395
0.561268
0.526294
0.504878
0.512797
0.640173
0.641662
0.515737
0.500767
0.510409
0.505704
0.544046
0.514103
0.497745
0.504557
0.520164
0.511555
0.54999
0.55353
0.512885
0.513208
0.513835
0.534687
0.53271
0.514503
0.529967
0.528134
0.615909
0.497723
0.501549
0.517266
0.519083
0.51071
0.511978
0.506482
0.533238
0.595178
0.642096
0.503967
0.518819
0.507403
0.51445
0.52523
0.534021
0.512311
0.524333
0.506934
0.524891
0.515225
0.512293
0.536656
0.613441
0.510554
0.513584
0.511224
0.50124
0.522581
0.533882
0.528174
0.502845
0.506229
0.506806
0.52279
0.622778
0.528811
0.514929
0.49581
0.512279
0.510356
0.513239
0.52215
0.511757
0.528993
0.501538
0.517486
0.543655
0.53151
0.55092
0.546827
0.517268
0.526169
0.526486
0.499608
0.508732
0.507532
0.529727
0.514142
0.502419
0.508355
0.511326
0.503821
0.497066
0.568689
0.580678
0.494422
0.500038
0.49838
0.503813
0.50473
0.513495
0.522163
0.52184
0.512422
0.518472
0.60875
0.504123
0.510911
0.505704
0.514659
0.510542
0.510636
0.505075
0.50718
0.563413
0.569099
0.537709
0.512713
0.516789
0.51751
0.503362
0.499908
0.512116
0.50559
0.504054
0.514572
0.493495
0.502594
0.512272
0.503779
0.532585
0.535485
0.538792
0.521999
0.521238
0.52424
0.520802
0.528405
0.512897
0.51459
0.535685
0.508612
0.506101
0.550556
0.499276
0.554848
0.551957
0.524679
0.527851
0.522367
0.516712
0.515864
0.530166
0.513426
0.512716
0.510638
0.496182
0.502561
0.537786
0.641612
0.506446
0.540098
0.525618
0.507662
0.509541
0.511966
0.509955
0.511756
0.505788
0.506333
0.522572
0.522134
0.535163
0.512376
0.512482
0.511514
0.503382
0.500146
0.51226
0.603331
0.524298
0.524612
0.499699
0.497053
0.506363
0.518254
0.528609
0.519092
0.544602
0.541144
0.519567
0.51464
0.526326
0.496315
0.515765
0.535371
0.496777
0.503341
0.508106
0.505879
0.707354
0.506571
0.511527
0.516374
0.499961
0.618024
0.531902
0.513926
0.513717
0.510799
0.522758
0.500499
0.53006
0.531089
0.591845
0.504109
0.50884
0.5134
0.517205
0.527227
0.528893
0.498279
0.500904
0.51282
0.511767
0.509424
0.496896
0.503519
0.511984
0.527107
0.503275
0.505232
0.524887
0.54484
0.501861
0.502749
0.526455
0.524811
0.530578
0.524697
0.523375
0.547252
0.520362
0.536404
0.510975
0.512755
0.53743
0.503329
0.556556
0.516089
0.519603
0.516791
0.509685
0.504135
0.548823
0.510835
0.572437
0.503334
0.519443
0.516724
0.519229
0.503184
0.509975
0.532811
0.522413
0.511886
0.525127
0.51621
0.53953
0.520543
0.531363
0.521378
0.528159
0.529713
0.516563
0.66143
0.509856
0.538975
0.513395
0.540136
0.519272
0.524995
0.523391
0.509949
0.507509
0.66478
0.642484
0.522982
0.527189
0.502781
0.508504
0.512992
0.521143
0.501352
0.506112
0.520917
0.508424
0.499865
0.529335
0.671924
0.51941
0.516823
0.537599
0.534793
0.515066
0.507922
0.510878
0.507698
0.501115
0.509061
0.509635
0.54272
0.512978
0.676382
0.501736
0.505038
0.525882
0.524792
0.494808
0.51395
0.519138
0.504163
0.51395
0.541072
0.525363
0.525244
0.515682
0.510588
0.508202
0.514245
0.50238
0.675414
0.648186
0.664605
0.52714
0.52292
0.503477
0.517411
0.513006
0.513751
0.51808
0.513453
0.5115
0.50409
0.536546
0.55092
0.508582
0.507462
0.512166
0.537469
0.533251
0.525321
0.505537
0.505606
0.51768
0.515327
0.511058
0.50923
0.510543
0.519581
0.518942
0.514539
0.519854
0.503072
0.50313
0.529859
0.512456
0.579851
0.511644
0.516071
0.521818
0.511975
0.512399
0.507543
0.512438
0.522544
0.522915
0.515005
0.534687
0.503808
0.512432
0.514966
0.502113
0.513903
0.509865
0.524344
0.561252
0.503726
0.585027
0.577658
0.519297
0.56136
0.516284
0.51755
0.515654
0.527043
0.524208
0.513608
0.532622
0.575112
0.513384
0.505076
0.502034
0.51585
0.518304
0.497031
0.513107
0.51513
0.510481
0.505612
0.504793
0.516929
0.532794
0.535017
0.504166
0.517862
0.503073
0.545598
0.545184
0.538594
0.536688
0.510749
0.504689
0.517357
0.506463
0.50092
0.501068
0.524431
0.509168
0.519184
0.516282
0.549754
0.52685
0.497221
0.521689
0.509707
0.503521
0.543154
0.537033
0.518254
0.518495
0.511646
0.495327
0.508225
0.531015
0.530675
0.503536
0.512097
0.531842
0.517658
0.537236
0.510497
0.519291
0.520782
0.537134
0.518677
0.507419
0.503572
0.524804
0.532866
0.51042
0.572298
0.496493
0.522378
0.514722
0.517134
0.516777
0.502807
0.570177
0.502745
0.515226
0.499483
0.542301
0.517314
0.594618
0.519474
0.498856
0.507048
0.582477
0.533979
0.583188
0.514439
0.511263
0.528451
0.534522
0.510536
0.51037
0.676087
0.570027
0.698676
0.524863
0.499899
0.521777
0.518275
0.51192
0.521696
0.517139
0.520571
0.508409
0.529341
0.529351
0.516489
0.525304
0.523142
0.520869
0.53489
0.518338
0.500878
0.497346
0.512565
0.531675
0.522885
0.522676
0.522924
0.502821
0.499735
0.495403
0.520579
0.498978
0.519198
0.519276
0.525681
0.519392
0.51532
0.538078
0.531372
0.521146
0.499737
0.523555
0.532344
0.503807
0.51175
0.510659
0.522681
0.506758
0.530082
0.536554
0.504746
0.521797
0.52625
0.530791
0.513288
0.504722
0.529079
0.491859
0.521633
0.509764
0.510933
0.515143
0.521394
0.507584
0.499855
0.497833
0.509282
0.524236
0.530899
0.513104
0.515617
0.583289
0.505215
0.526859
0.550268
0.532937
0.535597
0.515324
0.511277
0.641158
0.528879
0.511735
0.573417
0.509637
0.514411
0.528224
0.53896
0.505307
0.700107
0.514704
0.505524
0.520209
0.504128
0.498761
0.577072
0.642637
0.501408
0.545207
0.511166
0.522443
0.522812
0.52244
0.50002
0.529933
0.516804
0.511964
0.505989
0.676382
0.539936
0.516992
0.490081
0.511266
0.513557
0.527583
0.516194
0.581379
0.523878
0.591677
0.528339
0.533251
0.557298
0.526731
0.495112
0.525711
0.499057
0.516595
0.536677
0.528616
0.578898
0.50534
0.499686
0.515002
0.512488
0.523248
0.52614
0.526145
0.572833
0.514932
0.530837
0.582638
0.514134
0.505896
0.533605
0.537754
0.508255
0.508617
0.515424
0.521828
0.516447
0.533164
0.539103
0.532254
0.517929
0.521062
0.518051
0.577161
0.650544
0.637011
0.510829
0.511201
0.517503
0.521639
0.509412
0.516141
0.522474
0.509019
0.503628
0.529241
0.552627
0.553562
0.564557
0.515337
0.524441
0.52163
0.502893
0.514931
0.509715
0.514446
0.509073
0.504276
0.507268
0.52876
0.524467
0.510002
0.512492
0.514487
0.592252
0.517556
0.534473
0.531639
0.511198
0.504415
0.514999
0.516094
0.499265
0.501749
0.506744
0.531513
0.510554
0.511208
0.507916
0.513763
0.511594
0.509997
0.508025
0.514853
0.510991
0.513318
0.514746
0.522152
0.51993
0.511023
0.521071
0.505398
0.507964
0.514423
0.508378
0.61235
0.511122
0.605501
0.529349
0.521383
0.53268
0.51381
0.556582
0.59903
0.579423
0.506416
0.501518
0.508602
0.510307
0.519934
0.515362
0.511435
0.534416
0.520314
0.506556
0.51222
0.518453
0.511545
0.522287
0.519961
0.505907
0.502358
0.509761
0.515931
0.512695
0.511066
0.509363
0.515117
0.521831
0.504424
0.613661
0.520434
0.506903
0.515658
0.529168
0.527222
0.515223
0.515921
0.518812
0.51562
0.52803
0.51113
0.510984
0.519321
0.5124
0.511714
0.659072
0.522863
0.525744
0.522748
0.524988
0.512913
0.516887
0.517098
0.511577
0.510325
0.513357
0.515159
0.504672
0.514184
0.512891
0.524405
0.606145
0.51089
0.515893
0.524202
0.521252
0.540656
0.549343
0.546725
0.544858
0.525487
0.499774
0.501709
0.507977
0.526346
0.510419
0.519473
0.515969
0.508677
0.510824
0.511131
0.507382
0.507373
0.512954
0.524037
0.522628
0.508749
0.516809
0.524074
0.520926
0.507295
0.527657
0.514117
0.513212
0.498122
0.514894
0.513568
0.523755
0.513194
0.518155
0.515288
0.549262
0.514003
0.527233
0.512588
0.507332
0.52626
0.538808
0.547829
0.502111
0.5043
0.519335
0.527371
0.543206
0.539577
0.511613
0.515175
0.514681
0.509957
0.518354
0.521735
0.5285
0.511644
0.513115
0.528424
0.534146
0.584864
0.556682
0.513839
0.514789
0.517268
0.515507
0.507182
0.516603
0.506316
0.51739
0.537697
0.517064
0.509573
0.515519
0.519933
0.528524
0.501249
0.508899
0.510915
0.652668
0.515005
0.519054
0.514372
0.516656
0.511312
0.523399
0.502283
0.515426
0.510547
0.50248
0.50665
0.563586
0.506854
0.624371
0.512852
0.518367
0.518972
0.524104
0.525703
0.530801
0.513566
0.50563
0.580782
0.586773
0.572514
0.565674
0.570691
0.501356
0.526527
0.509632
0.517658
0.511033
0.506593
0.510944
0.520043
0.520818
0.515406
0.522327
0.524995
0.527289
0.526371
0.504365
0.514632
0.513167
0.514648
0.506849
0.522172
0.505751
0.507092
0.513457
0.50941
0.511848
0.595274
0.566859
0.506494
0.511789
0.502846
0.508271
0.524419
0.534432
0.51124
0.510914
0.527038
0.539822
0.550855
0.504725
0.5163
0.516136
0.51173
0.516782
0.51742
0.513699
0.531492
0.510763
0.508898
0.515151
0.511642
0.511107
0.512434
0.513075
0.525476
0.524824
0.535815
0.583162
0.517066
0.513069
0.519837
0.510124
0.521758
0.531392
0.524806
0.518475
0.513426
0.506936
0.525963
0.526932
0.508037
0.519694
0.525809
0.523818
0.515345
0.535881
0.513858
0.508782
0.511739
0.512966
0.517583
0.520239
0.620517
0.50921
0.514888
0.515555
0.520121
0.524293
0.515871
0.52241
0.515359
0.510203
0.512713
0.542573
0.514803
0.512661
0.51769
0.512853
0.539239
0.500672
0.50961
0.526202
0.511319
0.526239
0.507496
0.528697
0.509952
0.517851
0.520166
0.512683
0.50704
0.51386
0.504466
0.556303
0.520861
0.517363
0.633952
0.523248
0.527823
0.507193
0.518851
0.51613
0.528718
0.507198
0.509238
0.534116
0.576154
0.509617
0.521141
0.512844
0.523748
0.519408
0.516369
0.521173
0.514176
0.50949
0.531738
0.510559
0.689887
0.511142
0.516588
0.519238
0.51807
0.52139
0.518887
0.663468
0.50542
0.50666
0.517643
0.50374
0.514176
0.550577
0.517613
0.624106
0.525622
0.510431
0.514308
0.525542
0.539097
0.522203
0.528254
0.511904
0.520909
0.51481
0.521004
0.498368
0.512948
0.511428
0.512823
0.512504
0.519926
0.524533
0.524136
0.525367
0.51998
0.51205
0.504093
0.511166
0.510875
0.516497
0.554398
0.517323
0.542561
0.517155
0.525591
0.530694
0.534628
0.51272
0.524564
0.509092
0.524891
0.504299
0.524213
0.53024
0.521499
0.508737
0.509403
0.507505
0.516749
0.515357
0.51374
0.511074
0.529719
0.572205
0.513141
0.520999
0.50722
0.5179
0.513579
0.509927
0.534079
0.501477
0.506229
0.525693
0.515693
0.514707
0.523225
0.509778
0.514972
0.514085
0.506515
0.511117
0.520551
0.539546
0.528685
0.501712
0.530816
0.513015
0.520864
0.541871
0.516393
0.504247
0.503523
0.50915
0.51653
0.527324
0.505717
0.562295
0.542459
0.505249
0.507894
0.513148
0.533261
0.509363
0.511363
0.512367
0.524307
0.525123
0.629897
0.514396
0.521506
0.517136
0.565661
0.53114
0.507371
0.528177
0.509622
0.512327
0.52262
0.53557
0.502704
0.514624
0.509393
0.581826
0.512928
0.524596
0.511849
0.499852
0.504804
0.514889
0.513172
0.512322
0.534705
0.510201
0.529575
0.523184
0.519961
0.523668
0.504024
0.596816
0.519339
0.506388
0.519096
0.516317
0.511041
0.507467
0.513389
0.534
0.52949
0.609153
0.596234
0.543321
0.528737
0.533441
0.515609
0.514276
0.520926
0.52017
0.517075
0.513419
0.554903
0.55839
0.520972
0.513674
0.519808
0.608762
0.514783
0.513019
0.545784
0.513976
0.512057
0.52323
0.512174
0.51559
0.515464
0.522202
0.510458
0.511348
0.51241
0.515317
0.521022
0.51436
0.519663
0.511486
0.514717
0.535943
0.513434
0.51051
0.516313
0.520369
0.51719
0.512039
0.515645
0.531083
0.521249
0.5141
0.531265
0.511507
0.517769
0.530087
0.513963
0.512659
0.576649
0.527369
0.505976
0.510701
0.513345
0.517538
0.507448
