0.524664
0.524109
0.518043
0.533416
0.528183
0.522713
0.520715
0.50563
0.505557
0.506355
0.525073
0.525043
0.527126
0.523605
0.521318
0.52158
0.520081
0.586465
0.645758
0.597406
0.505995
0.508167
0.505825
0.517346
0.516245
0.518951
0.692305
0.678955
0.632424
0.506751
0.513247
0.503751
0.499739
0.512345
0.508812
0.683255
0.528928
0.51884
0.522115
0.514293
0.51345
0.651502
0.53665
0.532329
0.574828
0.575199
0.590986
0.507417
0.506687
0.504114
0.523556
0.523376
0.524658
0.51395
0.52053
0.524009
0.519252
0.496102
0.509354
0.501686
0.502689
0.506333
0.644791
0.652241
0.620461
0.55623
0.557611
0.511896
0.530387
0.52714
0.581368
0.586994
0.514047
0.512494
0.508539
0.532396
0.532615
0.516937
0.535863
0.532015
0.524047
0.521739
0.501882
0.502982
0.503969
0.523786
0.526742
0.575347
0.514888
0.511074
0.518265
0.531397
0.510424
0.509889
0.510557
0.531009
0.509411
0.508829
0.51023
0.526811
0.525239
0.530599
0.530177
0.512742
0.523973
0.515047
0.516629
0.51225
0.51041
0.513146
0.508779
0.519041
0.510572
0.511732
0.515373
0.517544
0.512932
0.509018
0.509822
0.510048
0.55406
0.5486
0.525312
0.513392
0.513814
0.514568
0.538114
0.542611
0.539482
0.505428
0.502527
0.536984
0.517425
0.512756
0.510806
0.511416
0.511703
0.515127
0.523545
0.519891
0.530511
0.523575
0.517961
0.516547
0.50103
0.504066
0.533162
0.534799
0.515521
0.515835
0.515121
0.516396
0.521324
0.505887
0.504091
0.501512
0.513506
0.508059
0.508001
0.506455
0.508071
0.511752
0.51893
0.520334
0.51686
0.519905
0.515038
0.519386
0.512088
0.513348
0.505879
0.514381
0.512331
0.503661
0.521447
0.528476
0.55237
0.571086
0.706982
0.799357
0.77389
0.513035
0.510663
0.511087
0.508726
0.512832
0.521807
0.522533
0.50412
0.567231
0.576358
0.585089
0.520882
0.521144
0.521198
0.511778
0.516047
0.527063
0.526464
0.509475
0.51067
0.509531
0.502821
0.507245
0.502268
0.517395
0.519596
0.541542
0.547139
0.54751
0.511777
0.525075
0.525623
0.526189
0.527588
0.515109
0.523009
0.516314
0.503803
0.509493
0.531721
0.538131
0.533993
0.508017
0.505977
0.501192
0.51117
0.513709
0.509339
0.56253
0.553426
0.531213
0.535704
0.519003
0.550141
0.564276
0.503363
0.510644
0.526268
0.522232
0.524843
0.512499
0.513817
0.616305
0.530608
0.534771
0.517944
0.511941
0.516967
0.525516
0.51152
0.514365
0.509345
0.506812
0.520237
0.51875
0.526316
0.527527
0.661089
0.50867
0.513432
0.51429
0.513111
0.590212
0.591525
0.517229
0.523647
0.523943
0.566206
0.531872
0.537004
0.5376
0.52909
0.515854
0.516387
0.54268
0.51346
0.511488
0.519535
0.518089
0.524407
0.516935
0.530425
0.513089
0.515983
0.508689
0.512101
0.514138
0.51283
0.514811
0.51053
0.527561
0.527527
0.525885
0.517736
0.520016
0.519174
0.518096
0.530482
0.524767
0.53043
0.500865
0.525958
0.52469
0.551568
0.510231
0.562005
0.550156
0.554606
0.501196
0.504663
0.574508
0.569849
0.544303
0.552615
0.512133
0.513452
0.519028
0.510104
0.510597
0.671368
0.692082
0.571959
0.572432
0.623499
0.57865
0.530641
0.5147
0.513027
0.503049
0.528931
0.502623
0.501688
0.500132
0.535811
0.532518
0.518203
0.524197
0.573835
0.637761
0.659771
0.633854
0.630606
0.518734
0.515356
0.513108
0.50735
0.506126
0.506725
0.505812
0.507035
0.524882
0.510715
0.600508
0.617544
0.532313
0.497167
0.648874
0.51815
0.522768
0.519255
0.530925
0.522598
0.505065
0.504578
0.502331
0.506905
0.506083
0.505599
0.507955
0.507451
0.511427
0.507348
0.504933
0.52094
0.515196
0.510425
0.510174
0.510625
0.514397
0.514773
0.502109
0.503763
0.500783
0.507592
0.518214
0.524844
0.520365
0.509697
0.507595
0.52419
0.520939
0.60322
0.599334
0.53835
0.510135
0.503754
0.505865
0.507931
0.530299
0.534834
0.532696
0.528873
0.528493
0.526697
0.522578
0.507997
0.520999
0.520256
0.512578
0.508701
0.502118
0.515774
0.512771
0.525717
0.520244
0.6417
0.516173
0.514793
0.510401
0.509501
0.506003
0.517559
0.52018
0.517443
0.509439
0.516301
0.523718
0.517443
0.516077
0.51459
0.518753
0.513793
0.518944
0.516267
0.518556
0.514401
0.510136
0.508994
0.527052
0.526117
0.523725
0.51532
0.512495
0.512662
0.547563
0.621619
0.65613
0.518452
0.514345
0.695976
0.504287
0.516612
0.523401
0.510477
0.505659
0.516689
0.505153
0.530992
0.512527
0.508519
0.500136
0.500045
0.506722
0.57519
0.63279
0.508399
0.538431
0.54662
0.531487
0.521693
0.526568
0.5662
0.5639
0.506656
0.516343
0.518002
0.505119
0.501287
0.532571
0.51394
0.513974
0.509645
0.524235
0.524858
0.500935
0.516338
0.518305
0.511972
0.522239
0.535376
0.526351
0.531292
0.515829
0.52101
0.553344
0.550782
0.52744
0.532046
0.528749
0.517778
0.518053
0.512988
0.503029
0.501919
0.519545
0.514148
0.511932
0.526901
0.514215
0.510157
0.530499
0.523895
0.505938
0.508793
0.511505
0.518415
0.51468
0.515366
0.509389
0.512912
0.516293
0.516068
0.525703
0.509467
0.538376
0.551213
0.561399
0.557472
0.515006
0.5141
0.509164
0.521573
0.503032
0.510582
0.499926
0.519364
0.499893
0.499937
0.520993
0.515191
0.513105
0.510292
0.510999
0.523404
0.524153
0.522497
0.530693
0.518233
0.598394
0.505515
0.527904
0.512879
0.507173
0.490874
0.498351
0.569949
0.560768
0.511683
0.492274
0.495168
0.500792
0.506681
0.503334
0.508338
0.517458
0.514093
0.512489
0.517079
0.534187
0.513561
0.511625
0.513114
0.512039
0.511516
0.535112
0.538214
0.532742
0.520051
0.500665
0.499049
0.520787
0.504144
0.503135
0.52312
0.523092
0.57427
0.501489
0.50773
0.522718
0.524135
0.517953
0.527652
0.520215
0.514731
0.520309
0.495946
0.497877
0.500665
0.510862
0.521155
0.522899
0.522863
0.507511
0.514996
0.530803
0.531271
0.511647
0.515917
0.519107
0.515797
0.505837
0.506055
0.522073
0.520128
0.50225
0.506692
0.504963
0.504756
0.518945
0.534787
0.507637
0.514239
0.509191
0.548989
0.545506
0.506453
0.499947
0.497764
0.500502
0.498208
0.505395
0.506931
0.606183
0.503394
0.515222
0.510767
0.512352
0.521981
0.52752
0.527776
0.518006
0.518488
0.514377
0.498159
0.515281
0.515723
0.509213
0.516853
0.527102
0.531618
0.515587
0.512913
0.524225
0.525282
0.521429
0.515982
0.514032
0.510829
0.510145
0.520793
0.528875
0.518789
0.534689
0.527834
0.515334
0.521765
0.498307
0.505718
0.516081
0.515144
0.498224
0.511424
0.507343
0.502261
0.519921
0.662124
0.520392
0.50556
0.496511
0.507384
0.497154
0.495087
0.530981
0.522693
0.514749
0.536389
0.532238
0.512068
0.508967
0.510689
0.513207
0.509531
0.490217
0.735595
0.521367
0.493455
0.497295
0.519157
0.505014
0.502033
0.505791
0.511123
0.511721
0.518937
0.543998
0.536991
0.513599
0.513629
0.506959
0.508912
0.518029
0.514198
0.526641
0.524716
0.688508
0.489542
0.53209
0.534282
0.511503
0.511138
0.504358
0.513613
0.505338
0.520961
0.515196
0.545783
0.543853
0.551667
0.512738
0.512417
0.517148
0.506562
0.538187
0.537521
0.508125
0.521993
0.519788
0.607576
0.527508
0.509937
0.509547
0.509071
0.508639
0.511733
0.504011
0.498001
0.503521
0.536189
0.506492
0.508556
0.601068
0.629132
0.508674
0.514793
0.502844
0.505476
0.513612
0.504475
0.504426
0.660333
0.70167
0.525246
0.50603
0.515345
0.513806
0.513743
0.555439
0.516246
0.511185
0.511261
0.508727
0.509751
0.510833
0.487907
0.521474
0.503952
0.512316
0.554137
0.536652
0.533746
0.517916
0.513823
0.514177
0.500136
0.500165
0.513325
0.507046
0.508868
0.686461
0.52404
0.520969
0.52756
0.504818
0.509723
0.507594
0.593074
0.502677
0.508979
0.502816
0.512623
0.503045
0.689906
0.518548
0.516535
0.516568
0.513544
0.515984
0.517612
0.514694
0.521656
0.508006
0.509734
0.519202
0.515906
0.531293
0.546929
0.673313
0.659112
0.513224
0.524209
0.530176
0.513629
0.670983
0.647402
0.647539
0.516114
0.514651
0.505849
0.515284
0.51227
0.511917
0.504055
0.522903
0.516975
0.51527
0.51488
0.510523
0.512332
0.529583
0.526565
0.531079
0.515756
0.527693
0.507627
0.589301
0.524206
0.522929
0.510956
0.510126
0.652278
0.508151
0.510603
0.509844
0.508059
0.54854
0.499944
0.500527
0.524974
0.519325
0.542986
0.540329
0.516389
0.509852
0.522716
0.534664
0.531226
0.59498
0.503727
0.516489
0.519048
0.530322
0.529253
0.510128
0.530278
0.513495
0.507235
0.517126
0.506482
0.50242
0.503298
0.507785
0.519724
0.519156
0.518071
0.49432
0.505893
0.508515
0.507192
0.513314
0.669573
0.511814
0.523491
0.517743
0.524886
0.51623
0.517528
0.505322
0.530346
0.507111
0.520458
0.518645
0.58294
0.531622
0.491831
0.494836
0.493414
0.517796
0.512146
0.532113
0.496795
0.495308
0.657398
0.521066
0.500205
0.498083
0.498985
0.521367
0.521522
0.658692
0.507215
0.508154
0.529442
0.54338
0.525589
0.530752
0.512462
0.49369
0.497102
0.544687
0.661148
0.514063
0.519107
0.525444
0.52417
0.526479
0.511591
0.526865
0.525876
0.526831
0.529034
0.511425
0.512929
0.502552
0.537343
0.502496
0.504192
0.529761
0.491058
0.516979
0.509904
0.512235
0.532033
0.523946
0.508177
0.517869
0.510921
0.513833
0.510327
0.513243
0.50104
0.50599
0.497619
0.50342
0.508976
0.5297
0.515376
0.519952
0.526913
0.520405
0.535844
0.548151
0.51416
0.613903
0.544417
0.566218
0.55035
0.516297
0.512754
0.513553
0.508936
0.513945
0.514372
0.513959
0.564955
0.644189
0.500752
0.570156
0.516154
0.513098
0.51306
0.517506
0.502164
0.529113
0.522393
0.510194
0.5076
0.508285
0.537173
0.527147
0.504311
0.505266
0.504181
0.511343
0.511156
0.502164
0.620356
0.525394
0.522141
0.523823
0.497386
0.500707
0.511677
0.519118
0.524207
0.497607
0.524243
0.506777
0.509061
0.510757
0.526636
0.541435
0.53993
0.512003
0.563365
0.558903
0.548769
0.548398
0.527739
0.514041
0.507045
0.514235
0.501665
0.596755
0.499278
0.517842
0.513843
0.488483
0.525809
0.517821
0.518362
0.501634
0.525972
0.502629
0.502201
0.504939
0.522987
0.528842
0.523469
0.512754
0.516686
0.503268
0.512728
0.511111
0.511968
0.512101
0.565415
0.503644
0.518433
0.515499
0.521943
0.517031
0.541394
0.509824
0.529165
0.530994
0.50304
0.53603
0.532973
0.53471
0.538574
0.540755
0.518992
0.52009
0.509082
0.623265
0.509622
0.535621
0.506873
0.519626
0.521825
0.532523
0.493911
0.507832
0.55992
0.512288
0.511969
0.528892
0.516104
0.512199
0.498995
0.502529
0.494746
0.496164
0.518358
0.525341
0.504819
0.537898
0.53857
0.632569
0.530459
0.52579
0.501646
0.533219
0.534425
0.511936
0.498213
0.507614
0.638253
0.562493
0.522896
0.496053
0.508166
0.510709
0.516903
0.51698
0.515867
0.506516
0.555199
0.557898
0.513149
0.54291
0.54327
0.500395
0.516187
0.531078
0.530861
0.512352
0.521231
0.512793
0.517906
0.526381
0.498933
0.508327
0.503248
0.689013
0.503397
0.509994
0.516322
0.514316
0.511611
0.515404
0.52687
0.513113
0.511193
0.517603
0.511463
0.521698
0.514502
0.508975
0.517083
0.520075
0.519064
0.508907
0.512876
0.585566
0.511484
0.504624
0.583033
0.507569
0.524434
0.542584
0.548588
0.49908
0.512541
0.505021
0.4908
0.51301
0.534966
0.522191
0.511898
0.538037
0.520123
0.564696
0.53135
0.507919
0.532324
0.506181
0.503332
0.520251
0.516689
0.526156
0.534967
0.50208
0.548536
0.515566
0.525122
0.502714
0.536667
0.508337
0.503253
0.49149
0.494203
0.520329
0.532483
0.529834
0.512553
0.505865
0.579746
0.511998
0.504294
0.508188
0.517197
0.516868
0.745149
0.522086
0.527434
0.657995
0.514259
0.534451
0.516186
0.499378
0.511849
0.534434
0.528975
0.516766
0.512637
0.533551
0.541337
0.520802
0.508598
0.508002
0.596831
0.502854
0.543771
0.50295
0.511563
0.511533
0.520761
0.524992
0.514162
0.514962
0.512522
0.535474
0.54618
0.536035
0.521876
0.511397
0.511205
0.506347
0.514667
0.504117
0.497182
0.499111
0.50858
0.512031
0.522822
0.517178
0.526098
0.501887
0.505848
0.500976
0.516144
0.524073
0.525553
0.513763
0.506884
0.50923
0.504193
0.524767
0.522732
0.502903
0.503022
0.526665
0.530045
0.531395
0.50841
0.511807
0.664395
0.603979
0.514529
0.522019
0.514633
0.512043
0.642938
0.536223
0.534522
0.513501
0.508622
0.510778
0.508343
0.517961
0.513585
0.506748
0.51991
0.520805
0.517647
0.501835
0.542214
0.517512
0.512589
0.530989
0.509601
0.511071
0.508188
0.514345
0.495159
0.526768
0.596273
0.536878
0.493181
0.492315
0.660159
0.504125
0.513188
0.497798
0.505625
0.501207
0.523336
0.525059
0.526594
0.511656
0.516315
0.51387
0.565071
0.51536
0.522373
0.520492
0.534673
0.530602
0.545739
0.524695
0.510975
0.515452
0.505797
0.519093
0.5207
0.511455
0.536357
0.497642
0.517154
0.591253
0.577829
0.50558
0.505373
0.504168
0.518054
0.51855
0.655353
0.515486
0.536551
0.508317
0.53969
0.539399
0.508752
0.5082
0.502675
0.510948
0.534859
0.512663
0.568075
0.504333
0.523482
0.540031
0.512622
0.715296
0.506121
0.518265
0.512098
0.511013
0.527264
0.504277
0.640942
0.525225
0.51414
0.532337
0.534225
0.504387
0.520887
0.491716
0.531172
0.501283
0.510073
0.518004
0.53636
0.499102
0.499676
0.487086
0.512943
0.503741
0.544676
0.577454
0.514928
0.499821
0.516123
0.509209
0.533904
0.540029
0.518976
0.493916
0.523705
0.612755
0.508548
0.530631
0.519495
0.512833
0.521932
0.503089
0.514333
0.629498
0.514314
0.708056
0.521737
0.504767
0.500587
0.502079
0.534808
0.592053
0.523524
0.522157
0.508489
0.510452
0.514037
0.537151
0.654957
0.514036
0.529233
0.515651
0.50105
0.530883
0.517888
0.517607
0.502704
0.514357
0.512455
0.509158
0.516795
0.519021
0.515889
0.509644
0.50167
0.516227
0.521781
0.51183
0.531565
0.561239
0.509314
0.528296
0.524177
0.51752
0.538805
0.520834
0.487656
0.522339
0.495303
0.637741
0.510608
0.53767
0.534239
0.533397
0.497779
0.526854
0.501151
0.511507
0.505291
0.508309
0.513473
0.518116
0.530956
0.509882
0.51468
0.559387
0.530744
0.520717
0.494379
0.524257
0.672885
0.523872
0.557696
0.515239
0.502044
0.527716
0.523156
0.574218
0.525984
0.520504
0.526206
0.549269
0.548071
0.535179
0.525158
0.502618
0.534864
0.510376
0.498632
0.579337
0.517486
0.507542
0.51856
0.502584
0.498378
0.507326
0.538941
0.495225
0.493135
0.506501
0.505904
0.517883
0.498653
0.516346
0.516087
0.517356
0.534664
0.523816
0.585588
0.510519
0.510293
0.506052
0.509215
0.708791
0.50829
0.535709
0.646476
0.502878
0.508952
0.53001
0.525351
0.522873
0.530207
0.526214
0.485418
0.503447
0.518112
0.493782
0.502586
0.514297
0.513841
0.66151
0.514851
0.504324
0.522688
0.574929
0.609038
0.521327
0.505166
0.510144
0.50452
0.51222
0.503122
0.517971
0.494713
0.508169
0.536303
0.516941
0.531439
0.516924
0.525551
0.496053
0.505537
0.560653
0.524022
0.688795
0.510918
0.524141
0.513422
0.521856
0.533895
0.52529
0.516148
0.516289
0.519489
0.518484
0.498277
0.525237
0.526056
0.514034
0.62162
0.588931
0.516653
0.521856
0.56114
0.522786
0.518127
0.518635
0.50867
0.518801
0.517858
0.523945
0.50839
0.514615
0.510778
0.52035
0.541705
0.549202
0.502535
0.508015
0.514039
0.519716
0.507086
0.531293
0.533308
0.508434
0.506173
0.522944
0.526013
0.510269
0.508292
0.514035
0.522174
0.49752
0.517134
0.50758
0.68362
0.509426
0.525992
0.530641
0.508373
0.514484
0.516319
0.523363
0.528093
0.531394
0.525567
0.546977
0.518467
0.522457
0.511109
0.521865
0.503753
0.510461
0.502808
0.516986
0.537789
0.6201
0.51578
0.522993
0.533072
0.504106
0.507567
0.510345
0.508832
0.507348
0.51234
0.514206
0.51434
0.523754
0.530274
0.532068
0.533886
0.517829
0.510348
0.504748
0.506959
0.516572
0.501296
0.515022
0.517622
0.518126
0.514127
0.517572
0.501295
0.519181
0.516239
0.49081
0.516668
0.505079
0.524531
0.515267
0.514891
0.515582
0.535567
0.507717
0.512765
0.518573
0.525587
0.528125
0.518557
0.531658
0.511688
0.514246
0.505434
0.519973
0.519727
0.527169
0.601205
0.513048
0.500398
0.505722
0.510077
0.535914
0.516978
0.517461
0.513688
0.507197
0.520801
0.511682
0.517228
0.52182
0.540896
0.503676
0.518311
0.514116
0.518871
0.512964
0.631427
0.51803
0.527087
0.526697
0.514188
0.507807
0.553082
0.543929
0.530675
0.515803
0.496445
0.50305
0.515727
0.51666
0.499577
0.50619
0.508964
0.516349
0.507914
0.519571
0.509708
0.516532
0.502379
0.564646
0.509679
0.499787
0.511504
0.530814
0.513455
0.516421
0.512689
0.513537
0.502503
0.520658
0.515303
0.517488
0.505377
0.527456
0.515133
0.523643
0.519486
0.525729
0.518782
0.514398
0.517688
0.513991
0.513471
0.514702
0.633761
0.664891
0.51806
0.513949
0.553241
0.510143
0.513199
0.510804
0.507224
0.533736
0.528216
0.512227
0.499157
0.511997
0.510253
0.517864
0.519865
0.510644
0.52547
0.510445
0.51783
0.52198
0.513332
0.526176
0.527097
0.520293
0.531509
0.520876
0.524389
0.518709
0.518211
0.520908
0.524987
0.497228
0.513717
0.518003
0.520811
0.501697
0.51527
0.512969
0.582637
0.595308
0.523507
0.51916
0.51371
0.510126
0.505442
0.54419
0.509051
0.537262
0.513765
0.511225
0.514858
0.510148
0.512663
0.576056
0.509522
0.507626
0.520158
0.523169
0.517396
0.511823
0.516645
0.511376
0.539425
0.510246
0.5337
0.560198
0.513401
0.542086
0.526737
0.508256
0.522087
0.536716
0.51768
0.745814
0.508596
0.559078
0.527071
0.512106
0.514637
0.514396
0.508089
0.513596
0.516152
0.538406
0.515684
0.5839
0.526815
0.525452
0.510559
0.518985
0.5206
0.534797
0.530765
0.506752
0.515958
0.506314
0.517137
0.51337
0.519669
0.515599
0.520948
0.520726
0.517074
0.513396
0.514982
0.513765
0.512969
0.521001
0.50719
0.580156
0.51997
0.542707
0.522362
0.513493
0.512153
0.506924
0.51726
0.533052
0.515179
0.50289
0.518949
0.511687
0.510316
0.516379
0.513167
0.513428
0.509146
0.518204
0.539251
0.539538
0.535853
0.525189
0.520554
0.517568
0.50669
0.501182
0.507366
0.548271
0.539496
0.514776
0.510371
0.5256
0.502349
0.501038
0.510747
0.514907
0.539771
0.50038
0.512017
0.517814
0.515711
0.525546
0.571031
0.512872
0.511319
0.522991
0.525995
0.512523
0.537364
0.541288
0.518553
0.526956
0.507281
0.520225
0.511077
0.517495
0.526317
0.53107
0.525831
0.534828
0.522707
0.523116
0.522016
0.513832
0.531147
0.503009
0.508937
0.49278
0.544394
0.64837
0.508829
0.551423
0.503092
0.508978
0.512792
0.505378
0.50442
0.514561
0.516896
0.511347
0.519812
0.5274
0.512175
0.510349
0.528564
0.502663
0.521188
0.524576
0.513887
0.527101
0.543508
0.654716
0.511221
0.517903
0.527208
0.511815
0.512382
0.51666
0.514322
0.514011
0.51063
0.513819
0.534928
0.500704
0.543679
0.510282
0.529475
0.50721
0.51097
0.496003
0.51844
0.509292
0.510951
0.521294
0.518445
0.507513
0.497924
0.533407
0.53013
0.515644
0.528773
0.515686
0.546935
0.518655
0.508593
0.522977
0.516834
0.52776
0.502834
0.621276
0.503541
0.509286
0.525967
0.518935
0.561875
0.510599
0.507752
0.530984
0.536057
0.500549
0.533978
0.505332
0.52866
0.511271
0.613934
0.513913
0.522989
0.522654
0.516837
0.514349
0.514747
0.587433
0.511406
0.655612
0.502765
0.50766
0.518589
0.530843
0.512603
0.51365
0.532918
0.51826
0.513376
0.532517
0.651175
0.512131
0.509208
0.51907
0.514611
0.501569
0.538672
0.508772
0.50908
0.498195
0.52123
0.587956
0.516512
0.508357
0.545775
0.530905
0.523316
0.668575
0.515074
0.52475
0.512525
0.513008
0.501496
0.505024
0.551611
0.581538
0.514382
0.508709
0.647308
0.520858
0.526481
0.505962
0.576035
0.502351
0.525485
0.505265
0.60621
0.511095
0.507675
0.524425
0.513151
0.511173
0.520623
0.509312
0.525755
0.519131
0.562977
0.523029
0.506746
0.514367
0.526253
0.520252
0.508663
0.509013
0.51121
0.545264
0.519019
0.529631
0.589666
0.500621
0.505764
0.502811
0.51092
0.514547
0.528481
0.610162
0.541482
0.510447
0.505951
0.507907
0.509305
0.541232
0.507234
0.517672
0.535583
0.520603
0.511362
0.513103
0.537392
0.510518
0.51475
0.510841
0.514402
0.722279
0.526507
0.495472
0.507135
0.515203
0.518341
0.50961
0.515638
0.509028
0.52081
0.518302
0.528525
0.508313
0.517419
0.517145
0.522038
0.50913
0.523789
0.528879
0.512451
0.519006
0.530688
0.53031
0.587894
0.518398
0.519515
0.503941
0.512904
0.505859
0.520682
0.499144
0.52951
0.51277
0.595597
0.532387
0.506667
0.505078
0.502964
0.506802
0.513666
0.519562
0.513536
0.510081
0.512482
0.629243
0.499673
0.504942
0.52967
0.511658
0.516693
0.508636
0.50989
0.645156
0.522006
0.513607
0.530715
0.515002
0.514688
0.507135
0.53234
0.508425
0.508171
0.514007
0.501748
0.502207
0.512529
0.515171
0.494741
0.502054
0.514146
0.509801
0.519564
0.519202
0.562328
0.518652
0.505279
0.568904
0.515848
0.51842
0.525192
0.499273
0.512166
0.517646
0.511504
0.521917
0.517458
0.523983
0.510105
0.512803
0.500321
0.535335
0.518412
0.522247
0.525561
0.531718
0.503924
0.52166
0.515303
0.587598
0.5532
0.573672
