0.522247
0.510065
0.505514
0.508902
0.532897
0.527709
0.523874
0.521553
0.521764
0.50514
0.503756
0.504682
0.524648
0.528673
0.52496
0.521202
0.675673
0.659369
0.508693
0.507672
0.51676
0.737123
0.619837
0.578598
0.563837
0.514602
0.521795
0.667573
0.637558
0.657685
0.67301
0.53222
0.528879
0.522761
0.502082
0.507699
0.504258
0.521941
0.522878
0.513937
0.512568
0.511422
0.588563
0.605593
0.666928
0.681359
0.528822
0.506289
0.503381
0.522934
0.521955
0.518197
0.501403
0.503796
0.506384
0.507885
0.651644
0.670231
0.552254
0.55661
0.544671
0.549835
0.506168
0.527145
0.52583
0.605166
0.601299
0.515963
0.514
0.514436
0.511294
0.506448
0.519844
0.743661
0.530578
0.518567
0.516102
0.518689
0.521524
0.515939
0.525163
0.522943
0.527425
0.576024
0.612307
0.514645
0.514523
0.513359
0.531447
0.531183
0.529265
0.510832
0.508404
0.50982
0.519857
0.529065
0.502639
0.519657
0.514659
0.513582
0.512789
0.514171
0.516958
0.509785
0.511896
0.507635
0.50777
0.512531
0.511086
0.509207
0.509902
0.508981
0.504149
0.506462
0.50676
0.540055
0.521668
0.51206
0.517094
0.514393
0.512529
0.52236
0.51655
0.51686
0.515392
0.508015
0.511434
0.511148
0.524644
0.51804
0.52626
0.519785
0.531005
0.523506
0.532545
0.526166
0.513186
0.51252
0.498883
0.502867
0.511169
0.514042
0.518494
0.526149
0.504304
0.493439
0.497255
0.507726
0.506711
0.509017
0.513174
0.523855
0.52101
0.520838
0.524023
0.51463
0.504147
0.512815
0.515727
0.510752
0.518072
0.516147
0.519652
0.525114
0.523435
0.554026
0.559285
0.540892
0.536474
0.715885
0.512033
0.509428
0.50936
0.508978
0.510867
0.508238
0.509905
0.562809
0.600539
0.627348
0.609939
0.524484
0.519037
0.525906
0.521568
0.517114
0.514428
0.519389
0.524199
0.522875
0.509883
0.511823
0.500422
0.518876
0.523194
0.502219
0.498515
0.537891
0.540943
0.51297
0.522565
0.521134
0.509495
0.502621
0.52376
0.522357
0.506682
0.525002
0.509324
0.528681
0.53004
0.536841
0.533999
0.500956
0.507016
0.500348
0.503297
0.504779
0.505756
0.508326
0.56427
0.564841
0.554778
0.526875
0.534969
0.537665
0.545332
0.54496
0.513204
0.518191
0.518607
0.49548
0.501524
0.523566
0.520048
0.515693
0.504136
0.508605
0.508405
0.509807
0.616253
0.516992
0.513584
0.524114
0.516095
0.520554
0.509115
0.50815
0.504328
0.521573
0.521286
0.524605
0.510865
0.515056
0.509342
0.526039
0.524875
0.610421
0.637826
0.504057
0.509718
0.506441
0.495943
0.502288
0.501345
0.514926
0.516087
0.514051
0.513268
0.509952
0.509532
0.505808
0.585047
0.51269
0.514282
0.519436
0.52338
0.560213
0.510178
0.512574
0.531589
0.587216
0.605044
0.493814
0.536953
0.534838
0.518092
0.547608
0.545537
0.513154
0.510017
0.512767
0.509702
0.518671
0.517376
0.524014
0.519866
0.525904
0.532421
0.528395
0.512535
0.510035
0.517169
0.513825
0.512943
0.511124
0.513139
0.531573
0.528076
0.52945
0.522609
0.523338
0.525394
0.513312
0.51747
0.521611
0.526245
0.523842
0.533457
0.51855
0.52999
0.525314
0.506506
0.5105
0.539824
0.540094
0.551901
0.546617
0.511561
0.510957
0.512772
0.510518
0.499178
0.500907
0.51061
0.518259
0.512468
0.533086
0.531917
0.505448
0.503236
0.505114
0.516559
0.506941
0.676688
0.692281
0.510289
0.5117
0.603235
0.513712
0.507739
0.528899
0.527765
0.501278
0.501996
0.502104
0.534337
0.533509
0.528939
0.511313
0.513082
0.515355
0.562791
0.568204
0.55507
0.668193
0.691975
0.656302
0.65322
0.514207
0.509865
0.510968
0.507662
0.506472
0.507043
0.506035
0.513248
0.499354
0.504191
0.506017
0.625986
0.513025
0.533184
0.533089
0.506886
0.565917
0.550688
0.517823
0.531771
0.521088
0.526257
0.518951
0.569032
0.587559
0.515345
0.518868
0.510676
0.507938
0.504776
0.507704
0.509184
0.511422
0.523122
0.520219
0.521494
0.50513
0.512164
0.506929
0.507115
0.512599
0.504885
0.505964
0.506526
0.500833
0.504771
0.528462
0.522733
0.505272
0.521308
0.52236
0.503882
0.537492
0.537783
0.511255
0.521918
0.502918
0.500468
0.504606
0.505806
0.531917
0.526883
0.516269
0.517269
0.510148
0.531578
0.536453
0.509928
0.523738
0.538801
0.508601
0.512912
0.500991
0.510792
0.514557
0.510836
0.513374
0.500223
0.505862
0.498763
0.516053
0.518602
0.512896
0.511108
0.517201
0.51349
0.492983
0.512
0.527173
0.514546
0.516047
0.515423
0.514678
0.514289
0.510044
0.51689
0.516461
0.524536
0.523778
0.523973
0.523281
0.501363
0.537633
0.546014
0.652729
0.668466
0.69488
0.521812
0.518975
0.667141
0.514522
0.50738
0.512385
0.507214
0.517056
0.522405
0.514413
0.505989
0.535509
0.535415
0.510157
0.5182
0.51075
0.516167
0.576406
0.516668
0.538871
0.528035
0.520424
0.526166
0.565366
0.553927
0.512724
0.509511
0.51541
0.51267
0.50706
0.504763
0.50824
0.531117
0.513548
0.511374
0.519901
0.51939
0.524525
0.523336
0.517458
0.513438
0.512423
0.512334
0.513482
0.506294
0.510794
0.510452
0.513073
0.511937
0.514077
0.522682
0.533369
0.529438
0.553766
0.553155
0.525022
0.53026
0.522315
0.511093
0.515583
0.526301
0.522395
0.515005
0.513459
0.531024
0.512757
0.50805
0.522921
0.519589
0.523719
0.521853
0.506525
0.508858
0.510924
0.512921
0.515102
0.515372
0.515109
0.509458
0.504446
0.51002
0.515519
0.521527
0.522795
0.516479
0.544387
0.552898
0.555063
0.520288
0.519832
0.512185
0.51201
0.507078
0.521213
0.524577
0.524198
0.493031
0.503387
0.503967
0.516803
0.524274
0.513279
0.51584
0.513676
0.554263
0.512001
0.509931
0.509044
0.504373
0.506306
0.523155
0.523095
0.521511
0.529282
0.51658
0.616928
0.501844
0.517962
0.514837
0.524566
0.514876
0.503588
0.502926
0.57299
0.574783
0.555083
0.531082
0.535215
0.53485
0.511078
0.498817
0.501248
0.512724
0.516195
0.517027
0.508546
0.536246
0.527
0.525995
0.514165
0.531787
0.507794
0.50697
0.534753
0.521249
0.497924
0.52239
0.516298
0.525276
0.505588
0.504319
0.508585
0.521198
0.601083
0.505829
0.500106
0.534307
0.52466
0.534585
0.516742
0.517205
0.50084
0.514626
0.698917
0.527178
0.530473
0.519052
0.488557
0.499913
0.509629
0.511118
0.51899
0.503781
0.503071
0.505373
0.517416
0.516145
0.53163
0.511365
0.515695
0.516693
0.513228
0.515411
0.50423
0.50741
0.500766
0.508129
0.527837
0.521838
0.526546
0.518958
0.509587
0.513113
0.509474
0.540024
0.531862
0.507556
0.488602
0.499554
0.504334
0.490511
0.505514
0.505629
0.50337
0.563456
0.519597
0.513832
0.513936
0.525294
0.523519
0.523518
0.512408
0.556167
0.516765
0.513557
0.516952
0.585694
0.585605
0.526076
0.533125
0.521219
0.522391
0.526207
0.512776
0.509205
0.511925
0.518746
0.517942
0.534296
0.533648
0.535976
0.525907
0.514331
0.514045
0.513696
0.51739
0.518223
0.523719
0.521289
0.518902
0.509197
0.527199
0.501479
0.506836
0.524026
0.51328
0.521473
0.666503
0.512838
0.50434
0.519311
0.502601
0.506676
0.497382
0.522652
0.523856
0.526353
0.522964
0.513381
0.53489
0.510376
0.514634
0.509779
0.764168
0.52109
0.52135
0.50373
0.520931
0.513857
0.5146
0.508485
0.513896
0.511288
0.510044
0.516699
0.516106
0.516167
0.519657
0.520816
0.504888
0.665465
0.625992
0.533162
0.491427
0.496479
0.509197
0.506304
0.517003
0.550341
0.545178
0.509242
0.506599
0.529765
0.530266
0.525568
0.511049
0.539613
0.535208
0.549094
0.539607
0.54379
0.499929
0.50574
0.51664
0.523323
0.516497
0.509201
0.510197
0.519423
0.536051
0.527531
0.522755
0.507332
0.510566
0.506911
0.50326
0.508161
0.500888
0.505885
0.590309
0.518931
0.517301
0.510287
0.545541
0.504672
0.651657
0.703749
0.501819
0.513093
0.520742
0.509576
0.520363
0.502948
0.509912
0.509102
0.508423
0.509308
0.489807
0.501779
0.488619
0.520566
0.513599
0.508541
0.51361
0.747493
0.522065
0.658885
0.513459
0.513961
0.504605
0.507672
0.51713
0.515018
0.510184
0.509484
0.497451
0.590131
0.509036
0.50384
0.499971
0.51435
0.51393
0.50049
0.511832
0.521254
0.514507
0.510921
0.506383
0.502881
0.531321
0.526252
0.553185
0.500464
0.669749
0.671308
0.513903
0.651479
0.688123
0.51856
0.51413
0.502183
0.500508
0.512529
0.509294
0.507791
0.517454
0.526976
0.522896
0.527332
0.51507
0.51728
0.512029
0.51046
0.520006
0.507164
0.527032
0.524169
0.533776
0.531423
0.506876
0.509348
0.509597
0.499487
0.524114
0.524606
0.675861
0.529393
0.509966
0.509701
0.511494
0.508219
0.503641
0.535375
0.500786
0.505635
0.501678
0.519024
0.506553
0.50817
0.538222
0.519668
0.520391
0.508458
0.517031
0.523987
0.529746
0.510398
0.503128
0.519872
0.532702
0.526273
0.739732
0.503338
0.524327
0.515087
0.505311
0.504444
0.512591
0.517901
0.506272
0.50969
0.509634
0.56198
0.552781
0.519554
0.523824
0.498935
0.516111
0.510839
0.607242
0.646043
0.526574
0.516378
0.506606
0.531487
0.505014
0.511021
0.519829
0.517342
0.614055
0.490751
0.497626
0.498719
0.499752
0.492444
0.595833
0.622275
0.49986
0.503323
0.503697
0.507112
0.515606
0.519261
0.521524
0.549749
0.50605
0.524873
0.523725
0.526456
0.526181
0.530215
0.494506
0.526525
0.516268
0.51296
0.495099
0.498483
0.501535
0.665964
0.521982
0.517154
0.516216
0.526344
0.528533
0.526374
0.504689
0.503848
0.506523
0.505095
0.518705
0.51615
0.490338
0.50839
0.518322
0.505302
0.53422
0.51917
0.522395
0.525011
0.51792
0.512267
0.514488
0.510687
0.510992
0.514815
0.50325
0.507126
0.520899
0.51789
0.499716
0.512608
0.509956
0.512909
0.534137
0.529431
0.519682
0.524557
0.517363
0.516201
0.513453
0.531179
0.525141
0.52182
0.525175
0.524754
0.511276
0.524
0.524294
0.525045
0.513636
0.509231
0.58937
0.538684
0.536825
0.535907
0.513446
0.511327
0.517758
0.503741
0.510122
0.504888
0.505065
0.512453
0.511914
0.571357
0.632064
0.49668
0.544978
0.72645
0.50389
0.510408
0.512113
0.52874
0.525186
0.518519
0.510386
0.505179
0.538043
0.501519
0.523098
0.504444
0.503976
0.51456
0.509509
0.519398
0.507815
0.632226
0.526225
0.523356
0.523391
0.526042
0.528836
0.516787
0.519303
0.525371
0.528285
0.503091
0.507359
0.541514
0.541613
0.502132
0.509568
0.509874
0.516093
0.506479
0.510451
0.524782
0.540328
0.511459
0.542452
0.524867
0.516477
0.506425
0.504268
0.567593
0.50108
0.526321
0.546017
0.528116
0.512404
0.513836
0.525575
0.496517
0.490921
0.494757
0.506561
0.505122
0.506192
0.531448
0.512214
0.518885
0.517403
0.53779
0.54229
0.508133
0.517409
0.508241
0.519677
0.51314
0.510008
0.508116
0.511531
0.51039
0.565393
0.516617
0.519046
0.541677
0.505162
0.530619
0.526963
0.512331
0.53072
0.512478
0.505144
0.522391
0.510085
0.517362
0.551869
0.52658
0.532232
0.523408
0.521203
0.519314
0.516741
0.521412
0.517298
0.512521
0.534642
0.509769
0.506688
0.548867
0.520121
0.52205
0.53214
0.531142
0.49727
0.512625
0.505633
0.50571
0.510762
0.531433
0.527796
0.510617
0.511905
0.497835
0.517528
0.503413
0.492598
0.683841
0.510064
0.524429
0.517996
0.535536
0.515473
0.664627
0.60407
0.605686
0.707698
0.504366
0.537274
0.500629
0.499417
0.506063
0.502795
0.512304
0.51037
0.511534
0.560424
0.557891
0.529852
0.527002
0.516024
0.512368
0.504726
0.530637
0.527862
0.518685
0.522289
0.52199
0.508183
0.756738
0.504162
0.512777
0.499716
0.525405
0.516597
0.511107
0.509272
0.518367
0.516073
0.51456
0.514417
0.50573
0.516204
0.507346
0.547289
0.508728
0.612639
0.648597
0.510028
0.573857
0.513147
0.542794
0.501329
0.501916
0.509891
0.508791
0.541203
0.51247
0.512289
0.528336
0.527733
0.519979
0.523706
0.515461
0.519217
0.544349
0.531906
0.528611
0.511329
0.532777
0.52414
0.52732
0.511071
0.523962
0.55095
0.497055
0.500627
0.524399
0.542128
0.546215
0.530825
0.514412
0.508897
0.547322
0.520806
0.521481
0.532189
0.554998
0.52902
0.511598
0.529453
0.57049
0.584331
0.513873
0.523672
0.522328
0.501241
0.502217
0.523554
0.524887
0.518168
0.523442
0.506455
0.578693
0.564274
0.509298
0.512588
0.515889
0.514589
0.531268
0.516523
0.501375
0.521942
0.510384
0.53322
0.53395
0.523134
0.522605
0.501784
0.524258
0.524187
0.524562
0.543205
0.501107
0.49289
0.512034
0.526438
0.533931
0.501751
0.501941
0.50636
0.518626
0.523262
0.542343
0.53872
0.525999
0.516182
0.505719
0.514098
0.50464
0.510723
0.509342
0.511145
0.505921
0.513459
0.507089
0.513247
0.508636
0.509932
0.509313
0.511067
0.50574
0.498073
0.51831
0.521256
0.668167
0.513874
0.50562
0.530068
0.534873
0.507914
0.507423
0.497394
0.503586
0.599534
0.523083
0.52466
0.527081
0.511428
0.695546
0.5104
0.512391
0.655067
0.513272
0.509831
0.552545
0.507114
0.50912
0.520835
0.512978
0.609742
0.516473
0.51189
0.518858
0.532257
0.509757
0.537011
0.514556
0.496077
0.609899
0.53408
0.512935
0.509331
0.528334
0.524464
0.520239
0.524624
0.511151
0.590929
0.619781
0.517917
0.512761
0.496839
0.563342
0.521298
0.512095
0.542375
0.53107
0.525159
0.511696
0.510443
0.517526
0.574757
0.522954
0.537207
0.529908
0.510272
0.499769
0.538269
0.513547
0.531932
0.50358
0.508566
0.513276
0.536711
0.538877
0.630467
0.536279
0.509496
0.499428
0.508732
0.525105
0.500003
0.515697
0.513606
0.625464
0.502133
0.674278
0.506993
0.515491
0.518597
0.510878
0.539861
0.541935
0.495799
0.512026
0.54639
0.503382
0.512748
0.506801
0.527875
0.527097
0.512986
0.534554
0.504194
0.554319
0.518871
0.495059
0.503933
0.513594
0.500296
0.538334
0.521804
0.501383
0.501507
0.52096
0.522941
0.487012
0.515914
0.50267
0.624538
0.514337
0.529967
0.501285
0.515889
0.511128
0.529569
0.536482
0.520526
0.535912
0.51862
0.556247
0.528609
0.610315
0.525786
0.714393
0.513695
0.51223
0.505857
0.519463
0.499408
0.652016
0.510777
0.51402
0.514144
0.534918
0.528262
0.526513
0.501539
0.536525
0.523097
0.517832
0.681462
0.500321
0.490784
0.656587
0.521888
0.512107
0.509475
0.516215
0.536251
0.531563
0.605747
0.51339
0.535949
0.509061
0.516971
0.499698
0.501447
0.503096
0.704799
0.538236
0.554906
0.508709
0.508623
0.50534
0.489602
0.492201
0.516268
0.512191
0.52231
0.521112
0.516914
0.510363
0.523181
0.519871
0.513238
0.532449
0.536267
0.490052
0.530303
0.531332
0.526086
0.513146
0.520323
0.507756
0.505707
0.528587
0.511663
0.562083
0.529571
0.52538
0.520807
0.523292
0.522384
0.510415
0.759255
0.523508
0.5313
0.523833
0.521291
0.513551
0.522166
0.530919
0.535251
0.521379
0.507915
0.50879
0.532521
0.55951
0.498618
0.511763
0.497157
0.515843
0.523205
0.535379
0.523548
0.524839
0.574519
0.637594
0.511035
0.554635
0.555808
0.502492
0.508637
0.499137
0.526217
0.556875
0.511367
0.510224
0.522111
0.525261
0.52982
0.526567
0.525826
0.495632
0.523142
0.527362
0.5021
0.526188
0.496535
0.498132
0.516838
0.513872
0.516209
0.507981
0.510919
0.499376
0.587234
0.522873
0.512054
0.512492
0.511102
0.532909
0.501442
0.504924
0.505031
0.498468
0.518581
0.508291
0.532879
0.513555
0.506743
0.529559
0.530871
0.51928
0.520314
0.515027
0.549561
0.527435
0.536317
0.514384
0.524612
0.513388
0.527517
0.514058
0.520367
0.495651
0.518778
0.536706
0.515951
0.525105
0.64839
0.519935
0.516003
0.513836
0.51521
0.516776
0.518582
0.508365
0.525256
0.519058
0.54212
0.747484
0.511112
0.522781
0.532024
0.507072
0.512515
0.509546
0.515317
0.519632
0.516373
0.51693
0.512883
0.528547
0.523597
0.528554
0.51306
0.579529
0.576578
0.514787
0.5063
0.515029
0.621478
0.537757
0.505892
0.502421
0.512914
0.519502
0.512857
0.502566
0.510427
0.514841
0.511044
0.524121
0.518626
0.521935
0.512846
0.508006
0.526132
0.520421
0.524823
0.514319
0.517888
0.510982
0.550019
0.510294
0.499871
0.507163
0.508555
0.502865
0.50508
0.615717
0.521377
0.515538
0.514496
0.526927
0.505511
0.510331
0.522196
0.502983
0.503361
0.513938
0.516295
0.521125
0.52323
0.522609
0.523664
0.530157
0.520707
0.51017
0.505416
0.598193
0.514976
0.514029
0.515672
0.520892
0.518734
0.50331
0.514232
0.518749
0.650893
0.51586
0.542723
0.51553
0.521235
0.501531
0.51651
0.514368
0.51568
0.656317
0.51225
0.519539
0.512491
0.512519
0.514455
0.517612
0.505233
0.513098
0.515267
0.526092
0.502616
0.528388
0.527919
0.514466
0.52236
0.648583
0.516856
0.519307
0.508099
0.509896
0.514623
0.528732
0.508786
0.507366
0.50012
0.519548
0.508266
0.508356
0.513111
0.510992
0.526132
0.509758
0.536524
0.505014
0.509359
0.513583
0.516504
0.510881
0.580819
0.504166
0.511934
0.512996
0.512071
0.655165
0.523001
0.529585
0.52391
0.559059
0.54697
0.514043
0.501824
0.527789
0.514157
0.510715
0.515857
0.508806
0.519915
0.659392
0.500621
0.507488
0.515944
0.502654
0.516703
0.520297
0.516154
0.65404
0.636697
0.506677
0.558749
0.513741
0.523063
0.512753
0.508335
0.508348
0.519247
0.523572
0.507765
0.507612
0.51362
0.512458
0.509738
0.528132
0.515366
0.514475
0.678548
0.640754
0.503211
0.512799
0.517064
0.509189
0.513095
0.51036
0.508626
0.504248
0.536421
0.527869
0.527815
0.521472
0.515301
0.507638
0.506884
0.504696
0.503914
0.518845
0.514388
0.521659
0.528471
0.524503
0.509243
0.516379
0.511827
0.51273
0.514103
0.515598
0.570976
0.514539
0.50309
0.535345
0.52889
0.535771
0.518779
0.514574
0.508634
0.51394
0.506
0.518083
0.575281
0.519008
0.517638
0.510805
0.507238
0.522621
0.537701
0.512957
0.517202
0.536423
0.533565
0.51734
0.517093
0.520447
0.514748
0.574139
0.575927
0.526264
0.536318
0.518566
0.52156
0.52194
0.520316
0.51882
0.513042
0.577
0.507782
0.511645
0.503334
0.527488
0.531925
0.50919
0.519126
0.538896
0.532976
0.536727
0.518413
0.514199
0.513475
0.62505
0.508533
0.514734
0.539923
0.509824
0.518981
0.50951
0.536451
0.518398
0.512193
0.52147
0.521862
0.512363
0.511275
0.518179
0.525666
0.717856
0.513065
0.543426
0.524709
0.511012
0.50321
0.512561
0.519877
0.550205
0.505936
0.521868
0.537651
0.517474
0.534722
0.542926
0.554528
0.509737
0.512995
0.501321
0.520594
0.559904
0.51248
0.507783
0.516589
0.506853
0.513491
0.567098
0.622751
0.510862
0.510625
0.517281
0.517341
0.513855
0.538131
0.539057
0.523304
0.524795
0.513127
0.518738
0.522949
0.508717
0.521776
0.543533
0.508875
0.522779
0.50879
0.513674
0.520878
0.526608
0.667151
0.511304
0.695348
0.51876
0.524362
0.52582
0.518222
0.517994
0.546085
0.515567
0.521705
0.522458
0.517037
0.51335
0.509896
0.526656
0.51299
0.528094
0.524498
0.524334
0.519071
0.511113
0.510289
0.511625
0.511674
0.6429
0.522747
0.507754
0.513846
0.516702
0.512532
0.54108
0.517227
0.516443
0.516024
0.511441
0.524985
0.525769
0.521565
0.504877
0.510977
0.644244
0.526292
0.516233
0.520197
0.526342
0.514462
0.519417
0.548589
0.511395
0.50992
0.513231
0.525674
0.506424
0.636063
0.535337
0.505521
0.526754
0.5104
0.508761
0.512131
0.513144
0.503779
0.571205
0.505755
0.519825
0.651918
0.50864
0.510247
0.513919
0.51157
0.501737
0.512499
0.566152
0.523199
0.501178
0.52066
0.513683
0.518301
0.507079
0.514538
0.522838
0.524768
0.509119
0.522694
0.512563
0.50746
0.524059
0.690117
0.520453
0.523785
0.496857
0.505917
0.521332
0.51648
0.51843
0.505505
0.515096
0.526839
0.512065
0.507207
0.515665
0.514784
0.53089
0.511051
0.50518
0.57136
0.513222
0.523635
0.549165
0.512247
0.518638
0.509305
0.529899
0.494441
0.509832
0.532887
0.529957
0.499983
0.509732
0.653582
0.514914
0.519423
0.608308
0.656919
0.503143
0.516393
0.503104
0.517222
0.524848
0.643601
0.495801
0.525579
0.510733
0.509336
0.541245
0.513594
0.667076
0.503765
0.512269
0.507284
0.510698
0.517294
0.522371
0.659822
0.51378
0.523315
0.509398
0.514266
0.515446
0.519838
0.502414
0.512474
0.536763
0.506927
0.512383
0.516238
0.523333
0.529524
0.518613
0.668898
0.535514
0.546737
0.501103
0.509422
0.504406
0.510475
0.518381
0.51102
0.506072
0.509622
0.565189
0.508893
0.610845
0.634751
0.593325
0.508137
0.513834
0.509868
0.516782
0.517148
0.510621
0.583654
0.512849
0.509241
0.519103
0.51164
0.566118
0.5239
0.58662
0.52381
0.516321
0.520509
0.524173
0.501452
0.526632
0.504947
0.511203
0.513829
0.514021
0.509559
0.513281
0.504407
0.549099
0.537382
0.517328
0.520614
0.518829
0.512017
0.515319
0.512784
0.536225
0.521104
0.520879
0.53119
0.530481
0.561599
0.508114
0.512409
0.515978
0.514695
0.508555
0.527424
0.508339
0.532276
0.511777
0.511841
0.514446
0.511996
0.507603
0.512257
0.512558
0.523467
0.517743
0.522826
0.509985
0.553369
0.495358
0.508975
0.518627
0.519121
0.51126
0.513402
0.511856
0.510075
0.530408
0.521274
0.52315
0.518894
0.516117
0.553123
0.51383
0.506664
0.516509
0.545147
0.511766
0.524774
0.509096
0.522003
0.5221
0.509317
0.51256
0.524601
0.50063
0.519443
0.52359
0.513209
0.512762
0.51954
0.522401
0.510598
0.512671
0.529786
0.50404
0.52291
0.512549
0.508293
0.513412
0.517773
0.516617
0.498656
