0.530223
0.525683
0.51119
0.506681
0.507641
0.511056
0.56905
0.548967
0.521823
0.522044
0.520832
0.5164
0.512446
0.512751
0.515802
0.744686
0.680638
0.606158
0.51915
0.659002
0.623093
0.532053
0.530589
0.52689
0.5273
0.577496
0.571352
0.619024
0.597874
0.526129
0.524715
0.507273
0.502771
0.504448
0.546429
0.502618
0.526204
0.518044
0.521119
0.526612
0.506372
0.51161
0.640529
0.66244
0.529285
0.524721
0.502212
0.504919
0.510432
0.638378
0.616302
0.520957
0.521798
0.69857
0.669101
0.54168
0.509007
0.504822
0.524654
0.522658
0.518802
0.503541
0.505634
0.503289
0.514499
0.514309
0.510725
0.508015
0.521559
0.522928
0.518881
0.519574
0.523055
0.526444
0.52381
0.497335
0.497543
0.500879
0.518771
0.513471
0.514648
0.524353
0.525329
0.527119
0.51072
0.51028
0.503363
0.501917
0.515628
0.51682
0.533256
0.51925
0.506543
0.526141
0.525769
0.524838
0.516813
0.519076
0.518876
0.503012
0.525881
0.527326
0.525873
0.522978
0.508579
0.509236
0.506111
0.502087
0.513832
0.52413
0.509616
0.506874
0.536126
0.522351
0.517653
0.502879
0.513665
0.502437
0.509016
0.503523
0.508812
0.508377
0.519867
0.521175
0.514638
0.562594
0.565449
0.531441
0.532124
0.509277
0.509737
0.510592
0.526196
0.527924
0.509451
0.513484
0.505097
0.526045
0.526657
0.513402
0.515582
0.527755
0.518758
0.517284
0.523977
0.520328
0.58308
0.580858
0.555128
0.515683
0.513216
0.515217
0.514508
0.525154
0.508911
0.505841
0.51157
0.514745
0.513305
0.511247
0.509418
0.509647
0.510456
0.513329
0.524259
0.521288
0.519395
0.517783
0.520709
0.51729
0.511263
0.510827
0.513428
0.515549
0.543349
0.552839
0.549524
0.502114
0.501267
0.500195
0.528547
0.534007
0.519031
0.506123
0.51145
0.513711
0.508071
0.507384
0.609997
0.596334
0.524573
0.523811
0.525379
0.537563
0.533615
0.509622
0.501133
0.505668
0.504544
0.500458
0.504518
0.507172
0.515635
0.558229
0.557177
0.539439
0.543153
0.539787
0.522747
0.548352
0.507384
0.512079
0.517455
0.511254
0.509323
0.497158
0.513561
0.52086
0.517669
0.509916
0.510847
0.526693
0.522599
0.517041
0.51405
0.504901
0.514532
0.51525
0.530017
0.526329
0.589552
0.615475
0.595957
0.514207
0.500501
0.498183
0.515265
0.512519
0.506505
0.508974
0.506808
0.519141
0.521421
0.514151
0.514354
0.517612
0.515525
0.512246
0.48886
0.502749
0.510419
0.511657
0.501826
0.510338
0.515906
0.509481
0.523807
0.52258
0.523244
0.52549
0.529193
0.526354
0.526666
0.524307
0.525992
0.52141
0.506011
0.521063
0.51836
0.499874
0.51634
0.512907
0.518489
0.518825
0.520678
0.503054
0.528437
0.526893
0.622152
0.613954
0.660885
0.521902
0.519445
0.508191
0.509438
0.502416
0.513896
0.513016
0.51062
0.513144
0.510026
0.50164
0.504581
0.516113
0.51729
0.510127
0.532346
0.525411
0.516099
0.508085
0.507185
0.504246
0.49917
0.500324
0.514612
0.515114
0.513655
0.58942
0.591088
0.593406
0.524793
0.513657
0.51077
0.560428
0.548948
0.727545
0.500244
0.503734
0.508361
0.502072
0.535858
0.534935
0.504071
0.499334
0.506742
0.697914
0.507503
0.516844
0.501526
0.50705
0.516397
0.516456
0.676734
0.506575
0.515448
0.511347
0.512071
0.561697
0.5825
0.51287
0.525336
0.527233
0.514594
0.509545
0.527814
0.515395
0.509863
0.509892
0.510261
0.569855
0.586912
0.515957
0.515997
0.509681
0.510202
0.505108
0.509465
0.514304
0.515698
0.516763
0.753181
0.700414
0.515392
0.520996
0.558009
0.507187
0.50645
0.505355
0.502507
0.511806
0.499894
0.500864
0.524849
0.513761
0.507164
0.521712
0.522465
0.685054
0.502618
0.507363
0.530162
0.510711
0.505397
0.504205
0.506071
0.511729
0.512337
0.521231
0.514719
0.512321
0.512736
0.533517
0.527638
0.51098
0.516463
0.503686
0.505637
0.499526
0.509903
0.50763
0.526452
0.526939
0.530795
0.505386
0.508785
0.53636
0.534829
0.533759
0.539858
0.53516
0.495135
0.495135
0.512885
0.509308
0.512304
0.510009
0.508571
0.501878
0.509613
0.51786
0.515314
0.516694
0.515764
0.512264
0.516435
0.517857
0.512953
0.514884
0.576318
0.515785
0.506135
0.511996
0.514082
0.517049
0.597229
0.57469
0.620733
0.512006
0.507837
0.524787
0.521421
0.510376
0.509504
0.618215
0.601542
0.523316
0.500126
0.501792
0.516923
0.519846
0.693962
0.773315
0.742217
0.512898
0.513568
0.511476
0.498278
0.502337
0.518781
0.512874
0.500044
0.547775
0.507863
0.502746
0.514735
0.520391
0.510834
0.674494
0.664797
0.501358
0.501903
0.522799
0.5251
0.512139
0.509306
0.508995
0.530411
0.531134
0.504917
0.526717
0.52895
0.513369
0.5155
0.522984
0.521097
0.523368
0.518863
0.525996
0.499032
0.502573
0.524131
0.508227
0.514438
0.525099
0.507811
0.508785
0.51824
0.518131
0.51645
0.508515
0.513661
0.499182
0.538198
0.516378
0.517847
0.502567
0.504219
0.502597
0.521149
0.518378
0.523196
0.520634
0.525017
0.511944
0.513423
0.513097
0.5223
0.516593
0.54576
0.512388
0.512005
0.510395
0.51787
0.510238
0.510094
0.509768
0.504344
0.508469
0.515243
0.501117
0.502348
0.513429
0.526819
0.524233
0.500118
0.496574
0.527037
0.531345
0.53229
0.529982
0.528029
0.503603
0.513927
0.501094
0.536376
0.507901
0.52345
0.611818
0.64751
0.501331
0.525586
0.530591
0.556516
0.515846
0.523718
0.524681
0.524686
0.518467
0.530402
0.514325
0.528819
0.542051
0.576342
0.516663
0.504924
0.501245
0.519154
0.500421
0.503728
0.521288
0.523157
0.525693
0.515763
0.519453
0.533003
0.52143
0.522346
0.534535
0.531045
0.528895
0.513359
0.512053
0.530591
0.529228
0.7022
0.528868
0.512155
0.515413
0.496643
0.515414
0.503691
0.506311
0.515966
0.499655
0.532894
0.502925
0.506052
0.545791
0.665413
0.502871
0.509797
0.530602
0.525331
0.501598
0.51162
0.749282
0.494569
0.524591
0.528197
0.529855
0.557
0.522024
0.517922
0.51106
0.519241
0.591695
0.522675
0.525359
0.530688
0.516281
0.517743
0.559482
0.514236
0.562407
0.526914
0.532951
0.511084
0.511799
0.509182
0.510514
0.526282
0.50803
0.511198
0.512815
0.517476
0.52129
0.52141
0.511258
0.514403
0.511754
0.537075
0.513022
0.502263
0.50493
0.522437
0.525329
0.519037
0.520781
0.51381
0.563422
0.569331
0.510876
0.516771
0.513919
0.512184
0.527259
0.501896
0.505445
0.515261
0.52145
0.52429
0.515929
0.523387
0.49959
0.502466
0.521704
0.514681
0.534595
0.53937
0.534048
0.523412
0.531169
0.527598
0.526311
0.494462
0.504803
0.50887
0.511929
0.504431
0.505195
0.499793
0.504991
0.528873
0.529616
0.541935
0.530347
0.510703
0.511103
0.507381
0.504453
0.519847
0.500656
0.49688
0.514919
0.513861
0.515977
0.514198
0.513194
0.522487
0.533601
0.511779
0.547866
0.509135
0.534329
0.533528
0.514892
0.513724
0.556556
0.547558
0.54954
0.509945
0.510168
0.512392
0.525208
0.509506
0.520431
0.521828
0.500004
0.53197
0.52299
0.513578
0.496668
0.501019
0.506459
0.506959
0.523089
0.506209
0.504099
0.510486
0.508743
0.544381
0.522751
0.5161
0.518112
0.505818
0.516847
0.511562
0.514057
0.499081
0.517863
0.517265
0.544069
0.547216
0.510838
0.498318
0.509035
0.489337
0.495607
0.514018
0.519514
0.51333
0.519857
0.571151
0.500802
0.520961
0.51447
0.511223
0.684352
0.696118
0.671767
0.523682
0.520513
0.528822
0.527914
0.526825
0.525176
0.505433
0.510943
0.504391
0.51452
0.503935
0.512248
0.513922
0.624497
0.590921
0.502361
0.515275
0.515385
0.522073
0.506094
0.514769
0.510893
0.517972
0.514944
0.526441
0.534664
0.516695
0.506765
0.513661
0.497556
0.630228
0.706882
0.505422
0.510513
0.513683
0.509992
0.51151
0.517371
0.511989
0.512769
0.51595
0.518857
0.499615
0.495427
0.51485
0.60134
0.525762
0.525274
0.500046
0.512784
0.514701
0.511602
0.533617
0.533085
0.529944
0.585476
0.515023
0.508029
0.504721
0.504946
0.502169
0.540957
0.506619
0.575964
0.579936
0.513652
0.524686
0.509444
0.500788
0.527979
0.516764
0.50606
0.526393
0.52528
0.506812
0.51063
0.510173
0.511963
0.497919
0.498319
0.523274
0.660863
0.529691
0.528408
0.511943
0.502876
0.531448
0.502921
0.522174
0.520256
0.517052
0.519019
0.54501
0.551494
0.524049
0.529624
0.512907
0.519715
0.50962
0.514713
0.531015
0.530677
0.650395
0.570901
0.566624
0.508497
0.501598
0.640217
0.523037
0.52365
0.499298
0.536936
0.523576
0.608756
0.518519
0.521778
0.509042
0.540068
0.535187
0.507432
0.554847
0.517915
0.600286
0.52417
0.504665
0.506436
0.5128
0.508264
0.506802
0.506216
0.521784
0.652106
0.496504
0.500625
0.4963
0.520554
0.609265
0.671212
0.559555
0.515873
0.691554
0.522265
0.525482
0.527923
0.529136
0.543627
0.517599
0.506948
0.506716
0.55233
0.642248
0.494334
0.489175
0.492419
0.788753
0.50264
0.509542
0.521066
0.535521
0.530826
0.520266
0.507422
0.501892
0.504299
0.501509
0.513798
0.506815
0.51172
0.519135
0.515876
0.505203
0.518387
0.518992
0.506482
0.506416
0.517484
0.518694
0.51301
0.554982
0.539627
0.549017
0.517585
0.515345
0.515992
0.523864
0.512203
0.515027
0.504508
0.523772
0.517356
0.530421
0.50481
0.504641
0.608558
0.527917
0.510826
0.51064
0.514538
0.532504
0.532316
0.526588
0.51359
0.510454
0.512612
0.56183
0.559187
0.530941
0.534399
0.528513
0.53242
0.513463
0.514195
0.506132
0.494548
0.527953
0.528599
0.493749
0.496925
0.525396
0.532804
0.503607
0.507061
0.510992
0.517577
0.508728
0.508641
0.500966
0.552627
0.621137
0.538188
0.542841
0.547652
0.516207
0.500491
0.514335
0.732427
0.520053
0.519687
0.514856
0.501833
0.50664
0.506361
0.53513
0.521186
0.517886
0.527406
0.517541
0.526211
0.499252
0.613841
0.507553
0.519394
0.52164
0.525469
0.636685
0.508941
0.510954
0.511664
0.507515
0.511266
0.536268
0.510025
0.509157
0.514915
0.501673
0.507676
0.505725
0.514581
0.514569
0.54843
0.534904
0.519745
0.533934
0.65024
0.542827
0.554742
0.499773
0.503439
0.505764
0.529306
0.529145
0.510145
0.508308
0.510699
0.618787
0.601957
0.511132
0.511887
0.502264
0.515826
0.502799
0.509561
0.513659
0.527978
0.521913
0.517782
0.509902
0.520568
0.511219
0.51438
0.511076
0.51242
0.528239
0.510917
0.509655
0.524724
0.511747
0.767469
0.755975
0.510804
0.511639
0.512426
0.507904
0.513836
0.500368
0.515554
0.518568
0.565548
0.512878
0.511115
0.50995
0.495822
0.503292
0.626788
0.514488
0.52034
0.540455
0.533533
0.525352
0.523104
0.505102
0.507316
0.535237
0.526263
0.528943
0.507628
0.513708
0.507031
0.521912
0.520927
0.517709
0.537434
0.733732
0.52052
0.545972
0.530644
0.500209
0.495899
0.55218
0.514832
0.532593
0.525924
0.521295
0.521614
0.521014
0.514517
0.511791
0.605422
0.534527
0.530083
0.50111
0.498615
0.49793
0.525448
0.518887
0.512917
0.512365
0.529515
0.515236
0.514833
0.53423
0.508875
0.500973
0.508713
0.510919
0.50002
0.54126
0.549932
0.541548
0.546484
0.512566
0.505465
0.505728
0.506661
0.514669
0.514169
0.519017
0.496947
0.513945
0.505431
0.504043
0.504096
0.520401
0.512519
0.495694
0.562864
0.514316
0.514208
0.521564
0.516369
0.518247
0.503575
0.505992
0.530502
0.506678
0.504952
0.505633
0.501711
0.54137
0.532605
0.681548
0.71569
0.516937
0.512479
0.556479
0.509667
0.511981
0.506876
0.509631
0.508475
0.525452
0.540716
0.532945
0.538026
0.527491
0.56585
0.533332
0.532125
0.511501
0.579373
0.510025
0.506326
0.520106
0.517413
0.514919
0.518761
0.559517
0.496042
0.532449
0.511417
0.519209
0.518159
0.501567
0.505484
0.504552
0.508923
0.511028
0.507558
0.494023
0.546613
0.487984
0.512548
0.506595
0.64653
0.513202
0.502695
0.527162
0.529404
0.550042
0.51249
0.512663
0.515457
0.519805
0.502405
0.516328
0.504186
0.519811
0.520431
0.497435
0.595129
0.531533
0.49821
0.502603
0.51854
0.508791
0.510518
0.520194
0.501577
0.501542
0.503431
0.508232
0.509832
0.515062
0.501271
0.501108
0.511057
0.512452
0.527825
0.507674
0.521268
0.5239
0.516083
0.532404
0.511369
0.515436
0.531868
0.521894
0.523672
0.527449
0.525527
0.51131
0.515928
0.511377
0.512177
0.524699
0.503089
0.642405
0.521107
0.513579
0.522795
0.532298
0.535789
0.504471
0.505773
0.523226
0.518735
0.737447
0.514893
0.531146
0.520265
0.514362
0.526208
0.500432
0.509245
0.499881
0.515231
0.507717
0.504899
0.513213
0.506632
0.510518
0.514763
0.516222
0.512946
0.534122
0.505662
0.569093
0.529707
0.528761
0.526347
0.514317
0.508405
0.505194
0.534653
0.531044
0.539821
0.53272
0.528706
0.515036
0.49554
0.506478
0.527112
0.501851
0.503083
0.543897
0.531253
0.530557
0.524016
0.528579
0.512502
0.563713
0.564095
0.515327
0.505634
0.507303
0.506882
0.495555
0.600075
0.510122
0.514964
0.502286
0.517712
0.518297
0.510281
0.52952
0.53084
0.535136
0.490859
0.506604
0.529034
0.537064
0.528584
0.527824
0.527086
0.528351
0.518678
0.532091
0.540305
0.509917
0.522888
0.524554
0.53644
0.516591
0.506668
0.520472
0.678806
0.513681
0.510226
0.504031
0.687543
0.513242
0.565292
0.50382
0.491553
0.503811
0.509069
0.514184
0.519022
0.53439
0.510387
0.526973
0.508873
0.519318
0.518362
0.539099
0.541908
0.501012
0.508213
0.509342
0.510201
0.543132
0.545827
0.516323
0.510321
0.537518
0.502259
0.505106
0.537536
0.527104
0.540419
0.52422
0.535275
0.507225
0.520136
0.522753
0.501854
0.515397
0.518344
0.5243
0.556611
0.53043
0.576023
0.512732
0.514488
0.507867
0.509658
0.516993
0.519321
0.644694
0.528352
0.501323
0.508316
0.517411
0.602862
0.645839
0.511235
0.503021
0.501034
0.529322
0.525983
0.535647
0.535398
0.502333
0.499586
0.53063
0.521547
0.51158
0.560857
0.514854
0.522591
0.512203
0.510227
0.51404
0.526756
0.534049
0.509796
0.695578
0.528146
0.51121
0.521864
0.514037
0.526731
0.503729
0.52811
0.498551
0.492785
0.493436
0.535656
0.535484
0.502661
0.513611
0.532247
0.525833
0.518977
0.516931
0.503521
0.513696
0.511207
0.534407
0.506971
0.508874
0.521668
0.494993
0.52198
0.656899
0.525118
0.53192
0.500733
0.490604
0.51153
0.502187
0.494211
0.505907
0.498778
0.515007
0.502688
0.5025
0.521658
0.510838
0.641902
0.522478
0.519955
0.530348
0.529122
0.541077
0.53669
0.524102
0.508846
0.638964
0.525641
0.528022
0.533332
0.517533
0.534921
0.520322
0.507423
0.509302
0.526156
0.523767
0.508204
0.530361
0.633178
0.695816
0.509818
0.527255
0.493374
0.522953
0.516209
0.503939
0.732994
0.497581
0.502228
0.544757
0.521761
0.497472
0.525201
0.530707
0.522503
0.503883
0.536056
0.509079
0.54033
0.510374
0.510844
0.551424
0.535464
0.575311
0.516584
0.528287
0.498065
0.527076
0.525031
0.514821
0.536426
0.510256
0.502431
0.505908
0.57144
0.512569
0.511631
0.505391
0.536742
0.494439
0.600998
0.579364
0.502961
0.50868
0.511742
0.529681
0.505266
0.506737
0.499283
0.521673
0.537841
0.522053
0.501623
0.527858
0.539824
0.511288
0.515975
0.506464
0.520134
0.588804
0.516394
0.509198
0.530021
0.524438
0.521109
0.51168
0.516681
0.563051
0.509033
0.514249
0.515067
0.507922
0.66943
0.525782
0.525946
0.519323
0.50599
0.518092
0.519511
0.523783
0.514622
0.522231
0.519551
0.524111
0.515267
0.506672
0.527383
0.506937
0.515269
0.508067
0.513627
0.509825
0.518465
0.507941
0.507877
0.508055
0.500694
0.504177
0.502616
0.50655
0.506461
0.633046
0.514559
0.52182
0.513307
0.512598
0.504699
0.51146
0.510258
0.514952
0.553347
0.545768
0.503193
0.507257
0.537942
0.500826
0.508983
0.502612
0.504223
0.591427
0.735025
0.505454
0.511003
0.522239
0.518099
0.507431
0.513123
0.513232
0.519364
0.5183
0.510881
0.511956
0.522298
0.515568
0.605572
0.618615
0.529407
0.534672
0.52747
0.513038
0.528789
0.52155
0.50725
0.504919
0.526426
0.507728
0.545686
0.527018
0.508805
0.521879
0.528753
0.52428
0.520546
0.518476
0.514358
0.591631
0.525437
0.507493
0.521342
0.514506
0.501096
0.506361
0.550061
0.517084
0.516117
0.503941
0.514207
0.509123
0.543251
0.514447
0.527156
0.499987
0.520049
0.509291
0.511867
0.54284
0.513807
0.514353
0.509523
0.509123
0.504517
0.513811
0.527199
0.509806
0.519784
0.498158
0.498519
0.491161
0.507017
0.528374
0.526885
0.573769
0.509838
0.510338
0.506728
0.52662
0.495743
0.60233
0.673382
0.511575
0.590172
0.520118
0.693567
0.510623
0.510196
0.499113
0.503154
0.52472
0.504989
0.511751
0.516182
0.514961
0.517015
0.518408
0.511845
0.513972
0.512819
0.512748
0.539881
0.537903
0.509879
0.530561
0.515711
0.51804
0.56424
0.52532
0.523466
0.498395
0.514234
0.510126
0.51917
0.519468
0.518614
0.51159
0.511919
0.577533
0.508554
0.512758
0.51402
0.518761
0.52159
0.734158
0.527578
0.566406
0.518396
0.51437
0.519673
0.514252
0.516757
0.518382
0.729425
0.691891
0.503545
0.516787
0.513812
0.508738
0.506101
0.506489
0.512084
0.523708
0.511079
0.52373
0.510637
0.516963
0.524527
0.504491
0.507618
0.525272
0.515296
0.511017
0.515523
0.500875
0.513279
0.502633
0.505167
0.523585
0.52143
0.520987
0.512309
0.501159
0.503382
0.508381
0.521099
0.523023
0.517219
0.496081
0.527907
0.526503
0.513691
0.510525
0.51588
0.525319
0.526993
0.513045
0.508619
0.521643
0.520966
0.511031
0.500565
0.508256
0.516259
0.512433
0.528838
0.513549
0.5234
0.52046
0.526153
0.523531
0.519812
0.513158
0.51772
0.559206
0.54903
0.514864
0.514049
0.515448
0.512555
0.511953
0.553745
0.521918
0.498679
0.505879
0.52084
0.520766
0.509895
0.520835
0.522993
0.523124
0.499833
0.507395
0.50598
0.505509
0.507738
0.51412
0.519109
0.51699
0.524008
0.52442
0.514415
0.534868
0.507833
0.510794
0.530509
0.510772
0.510308
0.537739
0.534164
0.529723
0.510031
0.51822
0.513524
0.497934
0.507314
0.520623
0.520386
0.518063
0.514664
0.508706
0.521216
0.529615
0.527137
0.506299
0.520575
0.511096
0.514603
0.507381
0.64068
0.514974
0.584187
0.625073
0.68037
0.503916
0.508613
0.503111
0.540156
0.558692
0.517855
0.519023
0.521072
0.514181
0.506035
0.519205
0.514882
0.51711
0.508507
0.506708
0.528721
0.517938
0.542223
0.514787
0.526271
0.514634
0.520367
0.540429
0.687745
0.505588
0.522325
0.53404
0.708021
0.51298
0.512929
0.50064
0.511225
0.523738
0.513536
0.518584
0.513532
0.679126
0.506769
0.53392
0.503711
0.505641
0.511201
0.52752
0.553872
0.555456
0.509366
0.513685
0.513574
0.510634
0.521442
0.521504
0.510126
0.524588
0.511511
0.514989
0.511379
0.516661
0.540716
0.508786
0.513644
0.512181
0.515429
0.528176
0.517725
0.515171
0.516129
0.512151
0.545139
0.504255
0.542826
0.512275
0.511878
0.502014
0.522918
0.507186
0.518505
0.517303
0.511244
0.501425
0.525378
0.53226
0.505281
0.517966
0.510675
0.514343
0.60271
0.513341
0.51768
0.513028
0.512525
0.645182
0.549782
0.529273
0.56196
0.505588
0.609784
0.519375
0.503162
0.512582
0.529587
0.525216
0.521374
0.745641
0.519512
0.507479
0.533501
0.51128
0.512185
0.524779
0.507958
0.519466
0.514325
0.673075
0.513009
0.520781
0.507861
0.50888
0.558192
0.516451
0.509223
0.51024
0.557917
0.518916
0.513787
0.510942
0.515465
0.513363
0.586381
0.510924
0.509515
0.519849
0.511351
0.593956
0.535183
0.52941
0.504011
0.533005
0.550243
0.519957
0.510671
0.52332
0.515905
0.538621
0.511508
0.539346
0.513701
0.51103
0.506793
0.501229
0.536004
0.509877
0.535009
0.565356
0.514548
0.518481
0.515901
0.542894
0.532517
0.525353
0.509129
0.517143
0.512214
0.531015
0.513827
0.529231
0.507228
0.504324
0.515217
0.528199
0.518825
0.512955
0.509852
0.514938
0.516872
0.510916
0.504681
0.515031
0.521362
0.502586
0.497933
0.510432
0.528554
0.523048
0.597778
0.53058
0.511098
0.513401
0.524488
0.642244
0.522968
0.509714
0.50047
0.516395
0.513238
0.523426
0.509333
0.509903
0.509948
0.517999
0.509903
0.541015
0.509283
0.511681
0.513868
0.497133
0.506918
0.535396
0.514499
0.508531
0.519378
0.519033
0.500326
0.506691
0.507998
0.620926
0.524602
0.524607
0.514055
0.52414
0.521028
0.573951
0.518754
0.527451
0.517716
0.511168
0.529873
0.509323
0.505305
0.507257
0.514294
0.512046
0.504223
0.511647
0.568983
0.508132
0.521582
0.515628
0.511807
0.50336
0.529934
0.509382
0.516334
0.585372
0.516643
0.514767
0.513322
0.514199
0.512877
0.514555
0.518515
0.512609
0.516255
0.504395
0.542436
0.515453
0.503015
0.539399
0.527027
0.514906
0.511486
0.557378
0.625293
0.504802
0.530616
0.522962
0.575857
0.530348
0.510243
0.506143
0.494523
0.518632
0.513423
0.619453
0.519436
0.507113
0.515584
0.532568
0.524814
0.503794
0.508128
0.509656
0.519419
0.522604
0.522311
0.523576
0.511139
0.521362
0.515902
0.507045
0.506771
0.715661
0.518467
0.521606
0.503453
0.550976
0.497283
0.505166
0.521586
0.527358
0.516449
0.530549
0.534192
0.518272
0.514217
0.50941
0.507476
0.509941
0.519972
0.507594
0.514613
0.510992
0.505653
0.524168
0.521435
0.513439
0.502222
0.514229
0.513368
0.511722
0.520373
0.509405
0.582461
0.512639
0.519343
