0.671924
0.507352
0.504204
0.512147
0.508477
0.511195
0.533037
0.529011
0.52746
0.571207
0.579479
0.579612
0.557945
0.513535
0.518865
0.514792
0.523273
0.519569
0.534535
0.515433
0.533252
0.519117
0.524246
0.521462
0.526503
0.524875
0.526163
0.527523
0.506989
0.510231
0.502021
0.513025
0.509888
0.511247
0.498441
0.521414
0.518154
0.541947
0.546183
0.517632
0.52229
0.513451
0.511685
0.514866
0.510624
0.50324
0.51393
0.509287
0.606568
0.66732
0.705984
0.643076
0.522556
0.523477
0.525659
0.530556
0.507288
0.511266
0.503833
0.506482
0.513816
0.513071
0.508982
0.510465
0.516063
0.513326
0.523928
0.528096
0.528233
0.505122
0.501757
0.508873
0.509293
0.515921
0.514421
0.513433
0.511064
0.505
0.503889
0.536346
0.529654
0.729076
0.691531
0.522696
0.513976
0.522611
0.525782
0.524924
0.521474
0.509595
0.508286
0.51624
0.512807
0.513922
0.512796
0.513247
0.501507
0.506902
0.520588
0.522225
0.513336
0.526988
0.516531
0.526647
0.524388
0.522367
0.523937
0.517077
0.525861
0.52815
0.523135
0.511981
0.519998
0.522276
0.5175
0.522539
0.510167
0.513549
0.520583
0.528419
0.526708
0.511766
0.514462
0.526419
0.512988
0.510327
0.526285
0.5258
0.51468
0.502728
0.505308
0.509897
0.504995
0.598943
0.525195
0.525123
0.501969
0.507364
0.503786
0.517825
0.530237
0.510493
0.521225
0.498346
0.510858
0.516922
0.522916
0.519993
0.510279
0.51071
0.510405
0.518923
0.521486
0.511479
0.513654
0.506956
0.509359
0.509845
0.514635
0.516857
0.551386
0.556327
0.508537
0.507782
0.50865
0.576001
0.568938
0.51194
0.514077
0.497723
0.503884
0.523879
0.53955
0.511604
0.620061
0.634998
0.514257
0.516429
0.529943
0.515662
0.511661
0.515714
0.510153
0.50923
0.511041
0.509594
0.519073
0.513204
0.514761
0.514086
0.513523
0.582029
0.49859
0.508784
0.50556
0.50597
0.507447
0.510288
0.506656
0.60254
0.517744
0.535042
0.524428
0.529515
0.504205
0.50405
0.500463
0.502828
0.521875
0.527521
0.558459
0.545566
0.541306
0.518481
0.522864
0.518614
0.517566
0.509498
0.511011
0.510725
0.512781
0.510255
0.501786
0.513722
0.514489
0.520264
0.516788
0.515131
0.517223
0.524235
0.527474
0.522703
0.617384
0.613822
0.510069
0.507071
0.506654
0.512632
0.510666
0.524731
0.528635
0.521835
0.525156
0.498816
0.503391
0.509795
0.510702
0.505796
0.513319
0.538329
0.539535
0.496326
0.506727
0.510969
0.49344
0.492227
0.511349
0.515175
0.528183
0.517003
0.517485
0.517971
0.516969
0.518803
0.514963
0.510038
0.51153
0.509038
0.527598
0.531079
0.513777
0.519753
0.515942
0.550212
0.531727
0.53434
0.515569
0.515886
0.516841
0.517584
0.519992
0.50518
0.499104
0.514606
0.512016
0.515119
0.518682
0.516056
0.527159
0.526795
0.515729
0.517275
0.502572
0.528693
0.526501
0.538881
0.532618
0.68472
0.522068
0.535114
0.531266
0.524134
0.503738
0.508778
0.506386
0.503323
0.507572
0.516522
0.516214
0.511938
0.510292
0.510638
0.512105
0.511352
0.521403
0.524607
0.506497
0.513026
0.537292
0.51293
0.512746
0.512922
0.516526
0.517764
0.562238
0.528108
0.532323
0.527079
0.539201
0.506066
0.530007
0.535889
0.531372
0.512235
0.508493
0.512261
0.569974
0.513695
0.511665
0.509155
0.672771
0.705708
0.686807
0.508778
0.519316
0.512873
0.506141
0.499424
0.515321
0.515318
0.50211
0.504492
0.513282
0.51256
0.512663
0.508882
0.514812
0.515078
0.530406
0.525122
0.503899
0.497415
0.50854
0.513058
0.51351
0.512873
0.509722
0.577948
0.605857
0.513753
0.508611
0.517201
0.524874
0.51724
0.540678
0.510655
0.508261
0.511573
0.522571
0.512744
0.63381
0.514451
0.517033
0.516473
0.558539
0.553486
0.507722
0.51027
0.513044
0.503012
0.701134
0.618183
0.511204
0.509609
0.515836
0.519946
0.51216
0.515811
0.506119
0.507997
0.507164
0.510561
0.513246
0.504276
0.498611
0.52904
0.531125
0.509414
0.511614
0.526441
0.522961
0.540308
0.53251
0.498512
0.509391
0.517468
0.51867
0.51752
0.503402
0.515456
0.664772
0.514572
0.512826
0.513987
0.523888
0.519339
0.525821
0.507497
0.610541
0.520997
0.529846
0.526286
0.516328
0.497529
0.498364
0.499304
0.508111
0.504499
0.509909
0.549861
0.539852
0.51795
0.624077
0.512491
0.51232
0.515925
0.50801
0.514852
0.509741
0.508805
0.520432
0.523016
0.519461
0.548838
0.532588
0.500046
0.497865
0.496818
0.514075
0.516042
0.511099
0.504654
0.675776
0.533475
0.513709
0.508712
0.512941
0.514286
0.532179
0.509745
0.511295
0.513833
0.512275
0.522569
0.51869
0.498798
0.501792
0.510053
0.524558
0.522669
0.525579
0.517455
0.526594
0.510523
0.502888
0.504994
0.511544
0.508562
0.509633
0.513979
0.497618
0.525059
0.529911
0.532807
0.520342
0.518238
0.510176
0.506499
0.525557
0.528434
0.499905
0.521444
0.529498
0.525645
0.516972
0.516559
0.519675
0.514569
0.51646
0.514652
0.515508
0.507201
0.530333
0.512171
0.588855
0.511713
0.507645
0.516967
0.517348
0.510647
0.508865
0.509224
0.506608
0.513794
0.504912
0.527122
0.525475
0.529633
0.528502
0.524995
0.513443
0.504859
0.50519
0.509643
0.523455
0.526901
0.507228
0.517966
0.730447
0.516016
0.522884
0.515228
0.521931
0.521319
0.519896
0.514373
0.506548
0.510117
0.511447
0.520988
0.527197
0.527958
0.525309
0.522557
0.530183
0.52965
0.526517
0.535173
0.592901
0.568833
0.503034
0.539145
0.517467
0.518241
0.52501
0.521957
0.499607
0.500006
0.52265
0.520781
0.51424
0.627295
0.5189
0.526032
0.519473
0.520903
0.502134
0.505652
0.503683
0.495962
0.527484
0.528455
0.515507
0.508149
0.510977
0.523507
0.640069
0.524472
0.51102
0.511347
0.507438
0.508362
0.518948
0.520761
0.512348
0.507771
0.498741
0.501367
0.655399
0.529877
0.545392
0.514063
0.512251
0.514465
0.507987
0.512704
0.51539
0.558841
0.523114
0.515269
0.508182
0.50819
0.511949
0.52458
0.523639
0.523778
0.68679
0.500406
0.513632
0.536225
0.526627
0.521535
0.517637
0.588691
0.515743
0.504462
0.565885
0.527189
0.53274
0.521881
0.513267
0.513571
0.517113
0.556205
0.515792
0.510168
0.503982
0.509385
0.510412
0.512529
0.506397
0.518267
0.493587
0.497511
0.533564
0.526019
0.522154
0.516235
0.510947
0.510529
0.50768
0.528403
0.522187
0.513486
0.513697
0.510798
0.513987
0.512274
0.520395
0.521778
0.519083
0.499814
0.531962
0.527056
0.511372
0.494889
0.503386
0.507799
0.521206
0.508388
0.524095
0.52419
0.508195
0.50359
0.511337
0.507302
0.523996
0.52747
0.525128
0.523618
0.503179
0.5222
0.497724
0.519606
0.511456
0.521298
0.523838
0.503736
0.508701
0.504596
0.511981
0.508978
0.519211
0.500952
0.503671
0.505149
0.505138
0.517168
0.536927
0.532795
0.536047
0.499609
0.508185
0.506294
0.503979
0.545295
0.514317
0.534416
0.51094
0.514948
0.55434
0.559707
0.505841
0.506085
0.518848
0.508755
0.516385
0.530662
0.529739
0.528022
0.527999
0.534094
0.529538
0.514899
0.502886
0.524424
0.547652
0.52035
0.52835
0.533592
0.533126
0.49262
0.510868
0.508779
0.534849
0.531334
0.510142
0.531187
0.530692
0.515923
0.520881
0.516121
0.518191
0.552393
0.513847
0.522991
0.512339
0.506648
0.509011
0.50491
0.507096
0.512386
0.530566
0.549602
0.513163
0.516858
0.502653
0.50468
0.509893
0.508034
0.515393
0.512516
0.685016
0.504354
0.507622
0.490019
0.5111
0.509228
0.515326
0.512132
0.743275
0.532137
0.522219
0.519565
0.506892
0.511908
0.512477
0.573498
0.552142
0.508485
0.507006
0.51117
0.512378
0.52391
0.52912
0.528142
0.511342
0.609475
0.535887
0.52812
0.514191
0.509854
0.506293
0.517701
0.513619
0.607465
0.625644
0.608101
0.522257
0.513399
0.514145
0.514556
0.497798
0.503618
0.505024
0.510078
0.511745
0.581005
0.527398
0.523915
0.516807
0.515739
0.511119
0.514344
0.54026
0.534866
0.510403
0.524485
0.525507
0.516767
0.511925
0.512864
0.578519
0.58866
0.519623
0.653336
0.514365
0.514554
0.515901
0.510999
0.519009
0.508712
0.507352
0.503903
0.51712
0.519652
0.511499
0.511278
0.506038
0.510069
0.50976
0.52586
0.512599
0.510591
0.51241
0.507301
0.508841
0.610789
0.525888
0.519407
0.508732
0.521944
0.527775
0.506877
0.512818
0.510209
0.510755
0.511139
0.51144
0.621965
0.592372
0.525571
0.504558
0.603912
0.503533
0.507533
0.504606
0.512187
0.526454
0.539325
0.53682
0.501442
0.500021
0.531586
0.506296
0.533359
0.497089
0.515163
0.694919
0.713606
0.527044
0.527288
0.519744
0.516457
0.515667
0.526507
0.505088
0.507443
0.507149
0.508857
0.569198
0.533869
0.5248
0.525572
0.618912
0.506595
0.521521
0.520947
0.685612
0.672234
0.558495
0.557633
0.528489
0.504907
0.652216
0.607262
0.505373
0.507664
0.504176
0.562212
0.555164
0.556982
0.512607
0.52552
0.521663
0.518853
0.519185
0.512741
0.529108
0.491299
0.719958
0.516282
0.529348
0.506786
0.5103
0.516038
0.512057
0.519131
0.522599
0.491396
0.497821
0.507343
0.509508
0.512069
0.498428
0.508955
0.524719
0.525525
0.524562
0.52995
0.55149
0.499415
0.513872
0.525384
0.504712
0.500197
0.509757
0.514671
0.513534
0.505078
0.517069
0.523235
0.519502
0.518333
0.513801
0.516623
0.513268
0.511935
0.520855
0.520091
0.525357
0.516707
0.491763
0.521381
0.525902
0.515156
0.518699
0.512211
0.492012
0.494664
0.514998
0.514658
0.5134
0.532727
0.534555
0.528325
0.526858
0.526759
0.509294
0.505416
0.510152
0.508524
0.511102
0.537412
0.516334
0.515203
0.524964
0.510576
0.555199
0.540215
0.544534
0.535576
0.516754
0.51986
0.519798
0.508117
0.505382
0.506595
0.517882
0.524071
0.524354
0.51993
0.51313
0.519287
0.616908
0.514613
0.498606
0.503916
0.502994
0.531159
0.525987
0.516228
0.526406
0.51894
0.507265
0.503855
0.50894
0.509861
0.516431
0.516564
0.509461
0.514198
0.520489
0.515185
0.547202
0.51892
0.509891
0.533795
0.531478
0.526604
0.582363
0.528742
0.548589
0.517031
0.514433
0.519225
0.511994
0.510303
0.51409
0.525296
0.612496
0.603675
0.505794
0.506201
0.694653
0.500747
0.507944
0.498619
0.523234
0.507964
0.509779
0.648332
0.646682
0.529296
0.535222
0.529721
0.526661
0.510045
0.513196
0.510838
0.507358
0.62975
0.608047
0.503964
0.502196
0.514848
0.513727
0.513958
0.519187
0.526931
0.527307
0.557383
0.561611
0.505163
0.504672
0.497032
0.505186
0.510556
0.521342
0.513575
0.518919
0.529601
0.526359
0.509341
0.508638
0.513009
0.504532
0.602829
0.583672
0.536319
0.509883
0.511695
0.52959
0.502289
0.547824
0.540568
0.507082
0.536191
0.512545
0.682523
0.521351
0.544325
0.600952
0.513967
0.511586
0.515842
0.515669
0.510756
0.513686
0.510848
0.505532
0.519875
0.517706
0.503473
0.516729
0.519539
0.509405
0.513828
0.512689
0.531447
0.509843
0.533058
0.560779
0.520169
0.534688
0.520031
0.518844
0.510226
0.50763
0.520394
0.50658
0.535727
0.538443
0.498995
0.49539
0.503525
0.498638
0.524561
0.509251
0.513501
0.528664
0.510876
0.603341
0.530096
0.517622
0.51529
0.52171
0.524256
0.528847
0.532343
0.527806
0.503202
0.502793
0.503104
0.519248
0.539653
0.536513
0.541085
0.735126
0.725169
0.727135
0.524756
0.509342
0.551778
0.514658
0.547823
0.521088
0.526868
0.527785
0.528896
0.525319
0.5376
0.532384
0.526461
0.537449
0.52699
0.526265
0.502349
0.504791
0.599712
0.499849
0.49437
0.513664
0.513939
0.513306
0.518635
0.51669
0.517751
0.517675
0.522064
0.503531
0.521593
0.518776
0.563464
0.509511
0.520591
0.507067
0.512364
0.532448
0.517576
0.517182
0.52094
0.517335
0.628157
0.525392
0.524582
0.50855
0.490933
0.590413
0.675921
0.512038
0.520801
0.5178
0.522709
0.526001
0.517983
0.530191
0.525067
0.501743
0.523712
0.524389
0.531107
0.512437
0.511077
0.518176
0.494643
0.56817
0.702874
0.512565
0.588408
0.574981
0.500292
0.508671
0.503022
0.510103
0.505348
0.506099
0.653226
0.637267
0.51624
0.509272
0.525248
0.538082
0.525303
0.537501
0.501533
0.519257
0.537687
0.531759
0.530981
0.509942
0.510423
0.532962
0.519433
0.509884
0.515603
0.513045
0.519263
0.509089
0.5099
0.511414
0.521577
0.528674
0.527344
0.530475
0.526449
0.503554
0.49434
0.526585
0.512254
0.525854
0.511958
0.504
0.506729
0.507026
0.776793
0.499788
0.533578
0.519359
0.500686
0.526629
0.509683
0.501778
0.508436
0.549953
0.520002
0.523759
0.521823
0.510547
0.529202
0.50763
0.523572
0.503448
0.508827
0.508
0.508342
0.509311
0.520568
0.532523
0.536927
0.519093
0.507298
0.556871
0.501766
0.517096
0.51227
0.509815
0.507677
0.578273
0.532532
0.620766
0.513989
0.511424
0.527598
0.642113
0.531647
0.53293
0.515602
0.508154
0.491867
0.506409
0.694721
0.50962
0.496928
0.520776
0.517241
0.517796
0.745943
0.509133
0.507842
0.511329
0.561265
0.516458
0.513946
0.501418
0.501305
0.521
0.511025
0.504674
0.52395
0.507324
0.52457
0.522424
0.510158
0.521136
0.517633
0.505759
0.531259
0.523394
0.522945
0.525619
0.518704
0.516943
0.508495
0.525683
0.499575
0.523949
0.513327
0.517852
0.520385
0.507165
0.504684
0.518647
0.539398
0.50443
0.57217
0.631883
0.524694
0.502826
0.515349
0.516221
0.504242
0.513213
0.554147
0.509147
0.52259
0.545217
0.513069
0.509122
0.513968
0.50455
0.504276
0.510074
0.528681
0.524305
0.516972
0.510619
0.52407
0.740533
0.71237
0.519761
0.522736
0.506026
0.557182
0.513394
0.518645
0.507276
0.57898
0.50354
0.52901
0.524972
0.519816
0.505557
0.507874
0.520729
0.657004
0.513439
0.530758
0.512197
0.509308
0.523063
0.682758
0.745684
0.493074
0.524171
0.596704
0.520531
0.508465
0.531661
0.52963
0.506688
0.527509
0.50903
0.596466
0.516271
0.519583
0.517186
0.504011
0.503104
0.499496
0.512135
0.51586
0.550846
0.517325
0.538724
0.510742
0.510739
0.507914
0.517677
0.504262
0.511573
0.641984
0.530581
0.532986
0.520218
0.529897
0.506258
0.507258
0.508437
0.51325
0.51106
0.543255
0.51976
0.499196
0.52627
0.539216
0.561954
0.647138
0.503971
0.502967
0.514695
0.499288
0.525701
0.517796
0.502508
0.527302
0.522912
0.524284
0.505415
0.508082
0.530148
0.516983
0.514549
0.530628
0.767501
0.525367
0.518164
0.509564
0.499969
0.504733
0.50559
0.506733
0.500148
0.529827
0.493697
0.521846
0.500936
0.493775
0.509814
0.513357
0.541003
0.496497
0.728332
0.524866
0.535932
0.502815
0.520178
0.521272
0.509737
0.519039
0.523933
0.511493
0.519145
0.518732
0.519696
0.505145
0.507553
0.519714
0.507587
0.517559
0.504779
0.5379
0.504885
0.503244
0.540881
0.509769
0.520908
0.530036
0.533089
0.495881
0.500832
0.503142
0.513867
0.534361
0.530349
0.50059
0.528934
0.572081
0.510217
0.501406
0.49408
0.501524
0.506159
0.547027
0.526273
0.492014
0.519301
0.505337
0.507999
0.535445
0.532916
0.526405
0.517794
0.509228
0.516191
0.504459
0.53769
0.548698
0.613214
0.49313
0.531435
0.495928
0.511922
0.492086
0.52526
0.652975
0.511027
0.520978
0.504556
0.514422
0.520533
0.532526
0.532133
0.531972
0.529448
0.522682
0.527736
0.519906
0.48685
0.520869
0.53351
0.50015
0.516333
0.528378
0.521686
0.530922
0.532007
0.558611
0.523069
0.504307
0.529248
0.511245
0.507825
0.524496
0.511993
0.514397
0.513296
0.515383
0.5146
0.519125
0.522961
0.52169
0.520854
0.513111
0.52517
0.518678
0.517405
0.551346
0.512753
0.528736
0.503456
0.509589
0.537605
0.522
0.514488
0.509502
0.515534
0.516715
0.515031
0.515526
0.510534
0.507286
0.501838
0.504948
0.527022
0.509607
0.543758
0.505678
0.514112
0.518043
0.513852
0.514783
0.514593
0.513642
0.518862
0.548212
0.50987
0.505589
0.510746
0.509432
0.508696
0.540547
0.534998
0.629405
0.516655
0.523757
0.547461
0.517152
0.513866
0.515332
0.516612
0.641242
0.508952
0.509088
0.518706
0.507611
0.507964
0.580503
0.522765
0.506727
0.516674
0.498296
0.523563
0.512779
0.530375
0.509795
0.518636
0.510889
0.518323
0.520355
0.519479
0.571936
0.597069
0.522376
0.522817
0.514857
0.524006
0.50547
0.524391
0.50741
0.532103
0.541487
0.544957
0.548546
0.531308
0.514686
0.542077
0.531014
0.545817
0.541272
0.512706
0.592696
0.52932
0.514495
0.598426
0.511513
0.508233
0.508459
0.587034
0.536059
0.507601
0.511167
0.518571
0.523159
0.518466
0.508604
0.531284
0.522353
0.511377
0.585288
0.522485
0.525712
0.509575
0.505787
0.524987
0.501852
0.598752
0.505657
0.594333
0.517007
0.524079
0.516406
0.525817
0.512239
0.513164
0.509853
0.507298
0.517081
0.517425
0.513803
0.51236
0.515145
0.511575
0.502822
0.50693
0.520253
0.520963
0.523088
0.513846
0.560205
0.513016
0.676462
0.534811
0.518197
0.511596
0.507713
0.510345
0.519538
0.506937
0.527323
0.513487
0.51996
0.530143
0.520034
0.509656
0.510911
0.522545
0.533184
0.517062
0.517444
0.519527
0.517572
0.540348
0.658678
0.517871
0.505503
0.50769
0.51171
0.528551
0.51003
0.503671
0.5178
0.523062
0.524123
0.509006
0.523825
0.516823
0.508876
0.513089
0.520824
0.518286
0.521323
0.507702
0.502902
0.524754
0.520311
0.551969
0.519311
0.508604
0.626167
0.607084
0.516628
0.516171
0.511737
0.514695
0.537231
0.516747
0.515756
0.53686
0.503603
0.512278
0.516689
0.521005
0.530757
0.50807
0.510412
0.513837
0.508087
0.515967
0.518964
0.514113
0.532024
0.518298
0.521713
0.517232
0.521238
0.500775
0.52764
0.519826
0.527285
0.52523
0.504097
0.509562
0.508207
0.507529
0.512563
0.519193
0.521723
0.524196
0.530596
0.513612
0.513277
0.728459
0.769494
0.511248
0.507564
0.510655
0.590114
0.523866
0.522677
0.564488
0.533435
0.507556
0.512599
0.522992
0.515423
0.509755
0.513173
0.513628
0.537504
0.510473
0.506147
0.515022
0.51234
0.513339
0.527604
0.524281
0.517602
0.517418
0.517604
0.520696
0.51545
0.554072
0.517531
0.513642
0.51251
0.552011
0.510301
0.509688
0.508935
0.510235
0.509753
0.561971
0.535693
0.541909
0.512844
0.516517
0.530742
0.527962
0.531609
0.519588
0.521332
0.511861
0.513095
0.516876
0.508834
0.501809
0.515119
0.507031
0.509991
0.528964
0.517799
0.524024
0.508409
0.507829
0.510478
0.502147
0.516004
0.509964
0.51615
0.511674
0.51215
0.500181
0.517748
0.526869
0.516151
0.514178
0.532432
0.536974
0.505079
0.507367
0.520643
0.519899
0.540816
0.508712
0.507052
0.532599
0.507195
0.614622
0.710891
0.503427
0.51091
0.516665
0.519315
0.507501
0.511683
0.511188
0.507921
0.515737
0.511008
0.52659
0.514331
0.525963
0.517778
0.5103
0.512976
0.508968
0.514598
0.515371
0.508356
0.531742
0.54018
0.568036
0.535478
0.526052
0.513979
0.641381
0.522732
0.524185
0.513943
0.703133
0.510138
0.528387
0.542447
0.50535
0.513156
0.503348
0.530774
0.544134
0.508638
0.663419
0.519672
0.515282
0.521838
0.605155
0.51094
0.510474
0.514014
0.672854
0.569003
0.519062
0.515085
0.533042
0.517766
0.522738
0.51944
0.530965
0.718834
0.533469
0.708644
0.517331
0.564339
0.527225
0.537441
0.514645
0.530797
0.513778
0.510241
0.503925
0.517194
0.517338
0.520262
0.532533
0.513017
0.536365
0.513941
0.518161
0.507913
0.506571
0.519291
0.521592
0.505218
0.563729
0.528451
0.518211
0.504945
0.506528
0.520264
0.579072
0.509454
0.52433
0.635841
0.510937
0.524689
0.519333
0.65065
0.511214
0.507576
0.520985
0.558923
0.529705
0.570341
0.605047
0.515435
0.52735
0.510617
0.615645
0.507739
0.505012
0.523428
0.519979
0.524013
0.519572
0.509822
0.509562
0.521463
0.509029
0.511387
0.512201
0.530276
0.529378
0.514515
0.516934
0.613639
0.616783
0.521406
0.520868
0.524382
0.649519
0.523577
0.507691
0.52969
0.515958
0.544038
0.528236
0.551795
0.528543
0.511476
0.50914
0.513163
0.530666
0.521418
0.558949
0.531631
0.699239
0.517146
0.507698
0.508188
0.512694
0.566841
0.514397
0.522016
0.503264
0.506374
0.511543
0.550222
0.616301
0.521443
0.551613
0.508815
0.510162
0.522571
0.677122
0.523956
0.513814
0.512898
0.534253
0.516058
0.529554
0.514725
0.67813
0.505095
0.568051
0.514391
0.524988
0.51944
0.566916
0.503981
0.549697
0.514181
0.505481
0.519954
0.513814
0.514639
0.643209
0.528625
0.534748
0.533552
0.525121
0.519553
0.515775
0.517384
0.507041
0.516259
0.534864
0.523456
0.51711
0.531982
0.526134
0.530293
0.511431
0.507468
0.520284
0.526
0.712644
0.580335
0.51459
0.517116
0.527214
0.517516
0.53619
0.508285
0.508595
0.489579
0.507838
0.51084
0.509601
0.569042
0.61056
0.513124
0.532014
0.507508
0.504303
0.543324
0.516556
0.519123
0.509493
0.511867
0.655407
0.510956
0.506494
0.516363
0.536294
0.506879
0.538527
0.614133
0.540942
0.511529
0.506327
0.521833
0.543006
0.575145
0.55424
0.652201
0.528914
0.566969
0.521444
0.519023
0.509023
0.515401
0.540658
0.537045
0.516015
0.513026
0.512196
0.510725
0.522248
0.514355
0.542297
0.529224
0.715067
0.508648
0.516885
0.683555
0.564713
0.526417
0.52128
0.508019
0.506052
0.513644
0.653687
0.525017
0.617257
0.512339
0.51028
0.513631
0.517477
0.513702
0.529294
0.510321
0.511296
0.528697
0.525233
0.506315
0.527057
0.518518
0.507273
0.520818
0.509786
0.528886
0.521965
0.509487
0.529559
0.522084
0.51245
0.569408
0.64447
0.511784
0.513269
0.512445
0.501806
0.553722
0.589788
0.517366
0.519406
0.506753
0.497757
0.517949
0.500685
0.528791
0.51088
0.511362
0.508387
0.522275
0.511044
0.50531
0.51866
0.541247
0.541601
0.515139
0.504553
0.509837
