0.846567
0.788445
0.541802
0.537314
0.514604
0.530822
0.5293
0.560499
0.558198
0.526344
0.525397
0.518338
0.513604
0.512024
0.515969
0.532505
0.571111
0.515504
0.514614
0.515776
0.520743
0.519703
0.526825
0.519955
0.521895
0.532383
0.522863
0.530012
0.524979
0.5151
0.523163
0.504472
0.511494
0.509333
0.502794
0.500139
0.506291
0.506011
0.506233
0.509601
0.500124
0.506054
0.510051
0.508748
0.510984
0.508552
0.522413
0.520037
0.802284
0.804525
0.509763
0.506633
0.511665
0.502226
0.504316
0.530748
0.530672
0.500074
0.511387
0.510809
0.51986
0.517903
0.514671
0.508323
0.514832
0.610259
0.642066
0.517969
0.509662
0.510014
0.508767
0.505628
0.531858
0.532346
0.513991
0.508579
0.512097
0.515676
0.510408
0.523557
0.522587
0.521865
0.515607
0.510194
0.509997
0.509873
0.51009
0.496793
0.57605
0.506575
0.515831
0.513617
0.516711
0.504645
0.513316
0.515788
0.513923
0.512707
0.515003
0.517905
0.523776
0.514991
0.533032
0.519156
0.519779
0.520175
0.528631
0.51585
0.518317
0.521991
0.509173
0.516399
0.515084
0.528607
0.527111
0.522919
0.510473
0.515306
0.512404
0.489319
0.495979
0.509296
0.506848
0.503499
0.507088
0.509932
0.505765
0.505415
0.504202
0.511087
0.617916
0.57849
0.58673
0.585677
0.521288
0.516721
0.518956
0.502423
0.505446
0.521732
0.526043
0.526973
0.751608
0.509115
0.493641
0.501216
0.511673
0.511797
0.522246
0.519343
0.511147
0.5066
0.523854
0.51856
0.520015
0.518276
0.515334
0.515041
0.51715
0.507378
0.510246
0.515022
0.554256
0.558802
0.53587
0.509772
0.504539
0.502751
0.510029
0.555863
0.563928
0.571899
0.527656
0.528213
0.522354
0.53077
0.49638
0.501708
0.499737
0.52097
0.541383
0.534978
0.516837
0.523121
0.503818
0.513361
0.500691
0.523117
0.518124
0.50742
0.513814
0.518308
0.516306
0.515392
0.51407
0.515802
0.555646
0.499276
0.500699
0.512528
0.511961
0.508518
0.52653
0.622708
0.529463
0.520411
0.501414
0.535461
0.533866
0.533378
0.510616
0.519735
0.517749
0.51965
0.504745
0.507566
0.513718
0.507191
0.506367
0.500045
0.507579
0.51095
0.55413
0.568983
0.560578
0.51474
0.512114
0.504837
0.49593
0.506943
0.511064
0.511151
0.516255
0.522478
0.512194
0.510612
0.512381
0.515335
0.523259
0.510526
0.513075
0.511166
0.493678
0.521844
0.512492
0.514589
0.514424
0.520417
0.517143
0.501701
0.498222
0.506029
0.513338
0.541232
0.538047
0.533776
0.51956
0.501347
0.50357
0.509337
0.512223
0.506808
0.512415
0.492154
0.48851
0.509598
0.521083
0.512675
0.513813
0.513465
0.533111
0.530009
0.510412
0.521929
0.520201
0.517836
0.510576
0.509438
0.503144
0.503524
0.528848
0.527713
0.530481
0.500504
0.513099
0.518317
0.516251
0.520813
0.512939
0.541061
0.539053
0.531724
0.5152
0.515057
0.496451
0.503154
0.511806
0.530212
0.523246
0.522746
0.518147
0.522685
0.523283
0.50643
0.515822
0.529283
0.534778
0.531853
0.504508
0.503787
0.51569
0.514559
0.516763
0.509314
0.509777
0.510919
0.523724
0.521506
0.548757
0.546054
0.517206
0.50632
0.505167
0.531171
0.526799
0.525422
0.70317
0.542418
0.497231
0.499818
0.532206
0.526678
0.525374
0.513207
0.508848
0.50432
0.503605
0.507521
0.519889
0.535232
0.528756
0.506533
0.515613
0.513997
0.659866
0.603424
0.687219
0.514889
0.515187
0.518357
0.523727
0.503383
0.516062
0.51316
0.499232
0.535696
0.538903
0.53205
0.513468
0.515541
0.518226
0.510954
0.505614
0.509797
0.509589
0.525284
0.520842
0.523814
0.525298
0.523733
0.50656
0.503887
0.503372
0.5188
0.517262
0.710753
0.684924
0.51076
0.527191
0.52639
0.496542
0.504368
0.521134
0.522737
0.508309
0.507538
0.545106
0.718341
0.696826
0.787968
0.509751
0.53432
0.514779
0.496119
0.4985
0.510859
0.510846
0.537748
0.533577
0.533228
0.530053
0.517398
0.514859
0.501897
0.503312
0.52921
0.525252
0.50805
0.508553
0.558978
0.57292
0.524138
0.508316
0.509338
0.514366
0.528862
0.530164
0.630465
0.502965
0.675524
0.702687
0.6451
0.526715
0.525609
0.529198
0.510082
0.515956
0.536308
0.521291
0.51654
0.522919
0.524489
0.519399
0.52735
0.519846
0.507104
0.495794
0.496792
0.498071
0.517712
0.502533
0.508275
0.513247
0.517656
0.512209
0.696559
0.756698
0.510225
0.504896
0.508721
0.511514
0.508043
0.508025
0.49896
0.494999
0.516683
0.511464
0.518866
0.523046
0.525194
0.530838
0.499865
0.510561
0.504505
0.508419
0.504906
0.505846
0.513221
0.678189
0.734393
0.65319
0.511472
0.510613
0.721936
0.693128
0.529489
0.532374
0.513384
0.529446
0.528824
0.513979
0.512518
0.513671
0.512549
0.502778
0.523797
0.522498
0.510046
0.515373
0.502975
0.523106
0.519857
0.528958
0.527577
0.517863
0.527482
0.519682
0.522268
0.510134
0.510514
0.505109
0.50473
0.50541
0.506102
0.504383
0.512989
0.508906
0.507119
0.513864
0.5157
0.532108
0.68322
0.519352
0.513898
0.511152
0.515287
0.529349
0.529298
0.526489
0.524413
0.526895
0.500919
0.514929
0.523099
0.523188
0.516753
0.514776
0.516942
0.510868
0.532732
0.53119
0.524817
0.522538
0.501788
0.51586
0.51221
0.509973
0.503722
0.516718
0.508054
0.508715
0.495888
0.499018
0.520935
0.519617
0.504875
0.52844
0.517026
0.515783
0.499206
0.504396
0.530562
0.515701
0.526515
0.523125
0.513585
0.515194
0.771765
0.5112
0.515485
0.51584
0.547159
0.54903
0.514157
0.525775
0.526233
0.525497
0.532491
0.501817
0.540555
0.523049
0.555635
0.52038
0.495794
0.51453
0.523789
0.51846
0.504993
0.515075
0.528877
0.621991
0.517612
0.517893
0.49823
0.50447
0.494928
0.49106
0.512
0.495844
0.495087
0.602274
0.511409
0.519515
0.518637
0.551793
0.515736
0.595651
0.62994
0.65864
0.509045
0.510485
0.520509
0.520525
0.521131
0.535896
0.511393
0.509389
0.51049
0.512827
0.512347
0.524273
0.522232
0.513223
0.499551
0.499502
0.52209
0.519531
0.517943
0.516389
0.515063
0.510957
0.52199
0.522828
0.527343
0.506794
0.728959
0.797961
0.520778
0.507983
0.522423
0.500715
0.503792
0.514431
0.524725
0.507717
0.507401
0.490913
0.527878
0.514454
0.56359
0.578034
0.69072
0.567142
0.51659
0.526473
0.510094
0.512991
0.527223
0.527325
0.527195
0.579664
0.495707
0.510251
0.512107
0.508738
0.510122
0.518038
0.517937
0.511189
0.510814
0.512782
0.536994
0.532005
0.512598
0.50825
0.506693
0.507141
0.504557
0.509522
0.523618
0.523847
0.526449
0.514423
0.519641
0.50972
0.50887
0.515979
0.499084
0.50234
0.49918
0.509556
0.505701
0.512447
0.517766
0.502256
0.508093
0.668446
0.505152
0.510847
0.503249
0.510113
0.503687
0.519601
0.534978
0.522174
0.521742
0.54196
0.50485
0.506196
0.504428
0.525743
0.53248
0.53047
0.51729
0.527097
0.520006
0.516238
0.516849
0.515035
0.503929
0.50254
0.507851
0.514642
0.521879
0.519737
0.525182
0.525646
0.519581
0.519593
0.520992
0.516373
0.502215
0.508776
0.507839
0.533256
0.521523
0.527479
0.534319
0.509302
0.565633
0.557796
0.552721
0.553276
0.506666
0.50631
0.521231
0.513132
0.51323
0.511908
0.545333
0.539393
0.509583
0.517131
0.519677
0.51591
0.527637
0.568268
0.562254
0.522047
0.503861
0.526705
0.518246
0.516137
0.528432
0.540521
0.524874
0.530625
0.510723
0.506775
0.506438
0.504459
0.500289
0.503164
0.526613
0.552029
0.525099
0.512835
0.505076
0.529205
0.516087
0.51242
0.73876
0.797015
0.494935
0.516615
0.511125
0.511356
0.513608
0.504539
0.605917
0.540285
0.538536
0.517414
0.510648
0.536962
0.509499
0.514399
0.520822
0.53464
0.590972
0.527533
0.526472
0.523262
0.608561
0.504826
0.522457
0.52062
0.522747
0.510996
0.665075
0.513001
0.524911
0.521505
0.52965
0.504571
0.505115
0.505619
0.507151
0.505223
0.504964
0.509595
0.510229
0.530761
0.499045
0.606766
0.520427
0.504441
0.516246
0.518434
0.540612
0.546046
0.531223
0.522882
0.505151
0.524343
0.582717
0.508353
0.525651
0.548262
0.540771
0.741797
0.761477
0.528737
0.526036
0.509238
0.518998
0.525815
0.526066
0.521481
0.507202
0.497942
0.500747
0.496542
0.507688
0.507764
0.509768
0.509777
0.492034
0.551043
0.543151
0.561823
0.553823
0.526134
0.520376
0.509044
0.511354
0.51289
0.505244
0.529784
0.515632
0.503056
0.509015
0.505687
0.521541
0.518848
0.51344
0.517249
0.579537
0.56691
0.516241
0.533069
0.510049
0.524776
0.575483
0.513931
0.500327
0.523982
0.558225
0.566161
0.507198
0.513183
0.505329
0.504288
0.535578
0.530756
0.532931
0.499514
0.504307
0.51583
0.508746
0.528418
0.535276
0.546514
0.542671
0.503713
0.523618
0.502168
0.506927
0.504434
0.534491
0.524273
0.526794
0.528218
0.638988
0.507776
0.516676
0.510796
0.521731
0.512587
0.513198
0.504772
0.696865
0.736645
0.548916
0.551723
0.552468
0.522922
0.52475
0.528959
0.5264
0.523336
0.520169
0.649876
0.520586
0.524215
0.5087
0.529831
0.634914
0.515896
0.525853
0.529362
0.505175
0.510484
0.50434
0.512889
0.519793
0.511292
0.52389
0.526251
0.493876
0.521026
0.514681
0.521814
0.536466
0.500133
0.502654
0.514365
0.516856
0.510594
0.525362
0.527298
0.538301
0.550614
0.540402
0.513179
0.524681
0.523588
0.716212
0.685755
0.522165
0.522706
0.515416
0.522053
0.551589
0.510064
0.50845
0.508392
0.512179
0.520541
0.512814
0.512515
0.513459
0.529562
0.536668
0.507507
0.513958
0.514467
0.532364
0.532359
0.53093
0.529266
0.52673
0.525369
0.527987
0.511211
0.523467
0.505481
0.525456
0.520744
0.517497
0.526462
0.605026
0.532813
0.52985
0.541027
0.51604
0.518558
0.507785
0.50795
0.516958
0.515882
0.518222
0.533538
0.515941
0.750267
0.838755
0.703635
0.526749
0.520001
0.519579
0.517765
0.520004
0.517987
0.587018
0.745073
0.523802
0.512835
0.519644
0.507027
0.511363
0.5023
0.524901
0.517999
0.535219
0.510001
0.506241
0.502137
0.549511
0.495851
0.506329
0.503421
0.506455
0.531246
0.51455
0.504575
0.505078
0.513105
0.520251
0.526377
0.531492
0.567381
0.504557
0.513524
0.521499
0.511876
0.685769
0.524204
0.52365
0.507504
0.516583
0.504841
0.503584
0.514946
0.522469
0.51085
0.522457
0.535229
0.533726
0.505215
0.510891
0.508617
0.599655
0.562667
0.649925
0.524577
0.529592
0.508275
0.503773
0.508279
0.508284
0.519541
0.52282
0.506163
0.501037
0.524922
0.549777
0.533435
0.534207
0.540382
0.509056
0.511098
0.52525
0.520805
0.505929
0.531715
0.505006
0.506001
0.508193
0.531841
0.52864
0.663413
0.564958
0.517528
0.520235
0.564268
0.577185
0.590476
0.513271
0.527963
0.505626
0.524538
0.513624
0.510046
0.510337
0.542321
0.538635
0.505172
0.50553
0.519793
0.50848
0.511191
0.512781
0.818052
0.516712
0.517388
0.517557
0.510119
0.551376
0.512717
0.512094
0.527608
0.527329
0.513216
0.513176
0.506381
0.513306
0.53054
0.515629
0.504781
0.519465
0.513022
0.635753
0.5109
0.511065
0.506133
0.505712
0.519697
0.521129
0.511572
0.505061
0.515564
0.528313
0.581208
0.601101
0.509524
0.50745
0.506764
0.504634
0.526171
0.51865
0.530222
0.52867
0.616087
0.517224
0.528825
0.52321
0.50944
0.767581
0.73463
0.578165
0.501811
0.506911
0.510126
0.531253
0.527725
0.505676
0.505035
0.511668
0.545602
0.558104
0.552256
0.503591
0.547182
0.5432
0.726442
0.534298
0.511187
0.507407
0.522367
0.531089
0.511486
0.505703
0.506402
0.511048
0.510127
0.545626
0.508554
0.505515
0.525063
0.514886
0.513496
0.527078
0.524701
0.515981
0.511111
0.60016
0.626913
0.527243
0.52316
0.517655
0.519482
0.516435
0.65214
0.54074
0.509579
0.503998
0.617988
0.617151
0.521052
0.520441
0.523334
0.529127
0.509358
0.506992
0.526899
0.509162
0.492185
0.489651
0.526871
0.519549
0.714902
0.544164
0.552426
0.521785
0.562537
0.505235
0.519886
0.533745
0.585155
0.498764
0.506245
0.514791
0.51133
0.511518
0.672937
0.546759
0.521523
0.551619
0.527033
0.548794
0.510306
0.51134
0.507187
0.52206
0.518944
0.515613
0.506558
0.537591
0.505117
0.50352
0.658461
0.632978
0.513727
0.532733
0.50451
0.52203
0.511341
0.515873
0.505088
0.516567
0.524535
0.614845
0.5151
0.520392
0.51298
0.525478
0.727559
0.506343
0.509548
0.60677
0.495835
0.523054
0.522912
0.502255
0.506239
0.502026
0.49815
0.507313
0.520733
0.510544
0.516687
0.529404
0.502429
0.507663
0.504443
0.564173
0.500293
0.50866
0.523849
0.498862
0.509854
0.500807
0.52268
0.664452
0.751744
0.742835
0.528735
0.525551
0.520962
0.516529
0.516127
0.535017
0.500695
0.511269
0.53597
0.520376
0.514626
0.523093
0.524617
0.511602
0.495163
0.504132
0.639632
0.655598
0.512537
0.510756
0.589319
0.509114
0.497014
0.503013
0.53354
0.505874
0.531627
0.515854
0.516203
0.502267
0.685609
0.501432
0.507496
0.505074
0.499055
0.511921
0.518332
0.517192
0.520866
0.501406
0.528088
0.625515
0.504498
0.507286
0.509839
0.53368
0.502595
0.553065
0.550725
0.58046
0.502678
0.514217
0.516859
0.5175
0.601948
0.519405
0.506807
0.509293
0.499836
0.493322
0.509923
0.534491
0.496708
0.503269
0.517353
0.523328
0.499135
0.511706
0.534559
0.499132
0.501004
0.515648
0.507959
0.508325
0.497406
0.586344
0.516703
0.530753
0.503158
0.51638
0.50686
0.539197
0.544233
0.623309
0.529806
0.502964
0.502416
0.52427
0.523586
0.720798
0.528506
0.513208
0.523495
0.509124
0.593404
0.501276
0.552846
0.500373
0.524068
0.493427
0.565386
0.52195
0.533679
0.537256
0.530299
0.548155
0.516371
0.510011
0.511271
0.521695
0.516443
0.503533
0.506139
0.522691
0.511199
0.544371
0.528742
0.518974
0.508557
0.525011
0.544627
0.501248
0.501911
0.505678
0.537734
0.516409
0.518352
0.543627
0.510839
0.503295
0.504548
0.508744
0.516246
0.503688
0.53159
0.519779
0.505848
0.535161
0.505842
0.519337
0.497372
0.53827
0.659009
0.523644
0.515306
0.521467
0.523095
0.522271
0.514753
0.504132
0.506768
0.535601
0.525251
0.553454
0.523119
0.533588
0.635589
0.511271
0.50482
0.528486
0.529625
0.504003
0.50131
0.501838
0.524327
0.516588
0.531905
0.50366
0.506904
0.510101
0.526817
0.515804
0.513562
0.513462
0.517633
0.809317
0.505419
0.52496
0.512922
0.523744
0.607922
0.521661
0.503387
0.525518
0.519814
0.503519
0.49283
0.51937
0.503914
0.511397
0.500588
0.492148
0.502051
0.520941
0.550731
0.531219
0.527163
0.521077
0.500539
0.520502
0.74905
0.530293
0.533332
0.522429
0.50992
0.503662
0.500557
0.518068
0.529027
0.518864
0.570474
0.514878
0.50311
0.517243
0.524283
0.6937
0.488588
0.541931
0.531777
0.549065
0.545712
0.501426
0.503092
0.492832
0.519575
0.503198
0.532809
0.517274
0.517354
0.557532
0.495804
0.502418
0.534304
0.520242
0.512887
0.520563
0.50975
0.539112
0.502254
0.508871
0.498987
0.52766
0.514594
0.507213
0.504918
0.502142
0.511164
0.507381
0.546971
0.536861
0.519293
0.515863
0.519126
0.54646
0.513503
0.550599
0.517222
0.534759
0.505452
0.526894
0.510749
0.502931
0.530941
0.530037
0.52011
0.510625
0.516309
0.521002
0.562076
0.51886
0.502517
0.532249
0.500723
0.538323
0.531959
0.503782
0.500242
0.499748
0.519406
0.532314
0.53039
0.524576
0.526813
0.515739
0.525719
0.513429
0.499435
0.502036
0.503823
0.520935
0.505381
0.508303
0.505675
0.517985
0.490409
0.513922
0.505117
0.52445
0.526344
0.516567
0.508215
0.507386
0.519454
0.511409
0.510544
0.514532
0.514018
0.511478
0.510508
0.520282
0.546455
0.544925
0.504919
0.520555
0.524913
0.508675
0.514473
0.505858
0.508183
0.510851
0.520578
0.521517
0.52096
0.514309
0.511733
0.52046
0.504981
0.536249
0.540426
0.535514
0.505835
0.50897
0.509624
0.50677
0.522148
0.510342
0.512581
0.504192
0.502265
0.51153
0.516106
0.50588
0.518517
0.507093
0.508599
0.522583
0.522113
0.510123
0.640301
0.515302
0.515375
0.518068
0.517015
0.50875
0.512417
0.510791
0.506939
0.503517
0.513895
0.51476
0.515827
0.530925
0.495688
0.530589
0.52392
0.513106
0.51357
0.51849
0.520414
0.521194
0.52397
0.519006
0.516481
0.517041
0.515301
0.521028
0.526697
0.523556
0.515734
0.519722
0.506812
0.519524
0.52647
0.670512
0.513768
0.508735
0.51961
0.676449
0.515904
0.517488
0.512273
0.511992
0.511538
0.514874
0.508955
0.49929
0.525041
0.542542
0.539301
0.511464
0.503181
0.506726
0.564151
0.515404
0.528473
0.508745
0.50727
0.503088
0.518438
0.523485
0.525563
0.51954
0.500443
0.499035
0.53034
0.5147
0.519779
0.509041
0.516152
0.516294
0.514655
0.509176
0.500583
0.504461
0.526923
0.510552
0.505789
0.511749
0.506035
0.507703
0.513639
0.511305
0.503368
0.670654
0.506154
0.525752
0.522515
0.515406
0.518155
0.509462
0.596694
0.651886
0.583346
0.511247
0.560434
0.509903
0.524889
0.509796
0.516068
0.505954
0.503583
0.516956
0.5068
0.502888
0.514226
0.528131
0.554078
0.566095
0.530003
0.508457
0.511137
0.495352
0.517768
0.503968
0.520995
0.525383
0.50853
0.5111
0.510499
0.508386
0.525286
0.517711
0.508985
0.515826
0.516288
0.741873
0.515212
0.518862
0.517347
0.516142
0.50881
0.515804
0.518651
0.505239
0.535996
0.600673
0.511076
0.558728
0.52714
0.529386
0.529451
0.544757
0.531426
0.506744
0.516707
0.531472
0.501891
0.508936
0.507915
0.615729
0.595128
0.496419
0.626321
0.499917
0.531002
0.52675
0.527273
0.516883
0.51949
0.515771
0.522995
0.51613
0.505852
0.507881
0.521743
0.507049
0.509105
0.665956
0.534772
0.534721
0.518308
0.521574
0.519843
0.509759
0.505388
0.506213
0.509552
0.508586
0.509321
0.503574
0.508461
0.511809
0.509374
0.505424
0.509325
0.534296
0.506679
0.498935
0.516577
0.505548
0.510337
0.505667
0.522598
0.513982
0.514328
0.550559
0.515186
0.506673
0.506245
0.507144
0.516789
0.511622
0.507
0.521077
0.513552
0.519384
0.508541
0.520143
0.526336
0.610101
0.508993
0.511197
0.507603
0.512187
0.504046
0.534489
0.526363
0.528401
0.582794
0.533716
0.513013
0.509159
0.515981
0.531318
0.511039
0.519523
0.503105
0.520624
0.52371
0.524517
0.511093
0.505463
0.505129
0.51612
0.516771
0.52332
0.533039
0.51125
0.507453
0.704214
0.520112
0.518357
0.515471
0.52631
0.548132
0.519333
0.561914
0.518073
0.616769
0.502991
0.51046
0.505956
0.507227
0.523701
0.516286
0.522986
0.600507
0.515546
0.522488
0.521579
0.515242
0.518053
0.508484
0.505773
0.506721
0.518616
0.5063
0.507289
0.549216
0.522119
0.511689
0.510811
0.553343
0.512112
0.516289
0.506099
0.511637
0.509626
0.518056
0.516002
0.552664
0.511209
0.508166
0.546914
0.520562
0.523301
0.509334
0.529773
0.493475
0.547598
0.509112
0.512853
0.506681
0.509584
0.511926
0.524737
0.521082
0.516588
0.526698
0.506496
0.500064
0.519897
0.537531
0.521499
0.539271
0.535635
0.505175
0.513171
0.523668
0.509676
0.511609
0.537852
0.53732
0.512962
0.523946
0.523111
0.527207
0.505161
0.72624
0.503965
0.513017
0.50794
0.520038
0.545222
0.508552
0.528902
0.548971
0.544151
0.514911
0.511724
0.653518
0.555046
0.508481
0.51943
0.507579
0.511438
0.512011
0.511549
0.511844
0.512451
0.507106
0.523398
0.507763
0.522721
0.550609
0.506442
0.521669
0.519278
0.508746
0.507973
0.510246
0.50847
0.506774
0.505688
0.557395
0.515135
0.523223
0.561597
0.526513
0.495604
0.51089
0.519896
0.49944
0.528318
0.511443
0.530082
0.509467
0.514044
0.506972
0.529944
0.500432
0.51801
0.613832
0.61293
0.523253
0.518848
0.5116
0.519061
0.514311
0.517087
0.577772
0.515434
0.527647
0.510804
0.504969
0.513722
0.527614
0.500269
0.613432
0.519407
0.574236
0.518687
0.510009
0.513321
0.529794
0.506166
0.531429
0.507335
0.523252
0.506875
0.514094
0.507331
0.508339
0.504998
0.527312
0.507737
0.516573
0.544672
0.521977
0.511622
0.508759
0.537236
0.528961
0.502173
0.509552
0.710933
0.511423
0.538863
0.523243
0.515329
0.518271
0.520328
0.507331
0.515709
0.498137
0.520539
0.509077
0.493211
0.511535
0.52322
0.541029
0.514374
0.509086
0.529135
0.507352
0.515485
0.521499
0.598648
0.508685
0.519328
0.51541
0.507299
0.510477
0.509367
0.518068
0.501289
0.509144
0.543589
0.575718
0.51426
0.520137
0.52829
0.565716
0.523307
0.59816
0.50725
0.516644
0.508684
0.520596
0.525526
0.517636
0.52446
0.517969
0.506948
0.527328
0.504562
0.51039
0.509295
0.524057
0.508751
0.511056
0.511571
0.514581
0.511134
0.521052
0.511277
0.493454
0.507825
0.516711
0.516486
0.513422
0.541234
0.529087
0.511032
0.522893
0.521654
0.50399
0.505029
0.505612
0.514115
0.524052
0.524328
0.521317
0.511459
0.517255
0.528302
0.522394
0.492595
0.519252
0.537686
0.550534
0.520521
0.529753
0.52736
0.516498
0.51105
0.504657
0.521853
0.522272
0.516621
0.525433
0.509952
0.50692
0.507909
0.604222
0.542643
0.505175
0.521615
0.522012
0.536848
0.512823
0.513387
0.512876
0.521579
0.50678
0.516461
0.518075
0.517815
0.523708
0.504753
0.504216
0.505343
0.513271
0.51799
0.515157
0.510594
0.518224
0.666052
0.643136
0.510264
0.518993
0.613498
0.514
0.51708
0.516346
0.504811
0.524631
0.523191
0.508769
0.516494
0.531865
0.510595
0.516574
0.510502
0.517933
0.522691
0.524304
0.535839
0.516374
0.529752
0.555018
0.622994
0.508883
0.517937
0.515642
0.522335
0.614135
0.514766
0.517299
0.523425
0.515712
0.505283
0.515159
0.780017
0.519825
0.606532
0.505024
0.515422
0.512387
0.512157
0.505227
0.5057
0.530734
