0.660027
0.531787
0.510519
0.514162
0.505705
0.516699
0.515307
0.56695
0.5139
0.512106
0.529174
0.507762
0.50918
0.525643
0.52318
0.524976
0.5149
0.515433
0.513146
0.503501
0.491561
0.512348
0.515252
0.785924
0.800207
0.584568
0.514287
0.517336
0.51825
0.522858
0.522073
0.526738
0.518003
0.533798
0.52911
0.520923
0.524346
0.514997
0.533568
0.523233
0.508665
0.504723
0.505312
0.504169
0.518563
0.502587
0.497937
0.51171
0.503409
0.508824
0.514407
0.517784
0.516621
0.518597
0.681675
0.605229
0.528206
0.528932
0.511826
0.510439
0.514792
0.530393
0.508278
0.503985
0.503804
0.509509
0.517654
0.509672
0.507904
0.505141
0.505477
0.519547
0.520417
0.514736
0.513533
0.508513
0.522126
0.520352
0.511757
0.513349
0.502173
0.516532
0.515299
0.526071
0.518168
0.515918
0.511373
0.5173
0.514787
0.519313
0.52605
0.525453
0.523371
0.520469
0.510526
0.510354
0.526154
0.531181
0.600494
0.583061
0.519651
0.517888
0.507145
0.515192
0.514889
0.516324
0.521371
0.518475
0.512685
0.512878
0.508049
0.522868
0.522719
0.515967
0.516009
0.521519
0.50939
0.506109
0.514491
0.517449
0.520896
0.5194
0.521587
0.506537
0.518709
0.506052
0.508893
0.496699
0.584352
0.510243
0.488975
0.507797
0.503662
0.502794
0.532773
0.50555
0.5059
0.501854
0.513888
0.516338
0.499362
0.59986
0.713605
0.6476
0.597854
0.527722
0.538621
0.50864
0.50155
0.526267
0.524201
0.52367
0.61938
0.515063
0.514914
0.51343
0.506125
0.522778
0.518285
0.518257
0.520404
0.519685
0.518814
0.516966
0.50387
0.514419
0.516464
0.515759
0.523236
0.526244
0.560547
0.573757
0.512976
0.512118
0.535586
0.505261
0.510052
0.509058
0.556915
0.565253
0.568057
0.524806
0.520313
0.522421
0.532053
0.532168
0.500178
0.500598
0.499617
0.518602
0.514313
0.516967
0.50591
0.508255
0.53135
0.633301
0.51794
0.519275
0.503092
0.507671
0.508256
0.520437
0.515607
0.507277
0.513398
0.514249
0.502307
0.562777
0.593327
0.495213
0.505434
0.500833
0.515065
0.512178
0.505669
0.512229
0.502807
0.52604
0.537224
0.516494
0.519969
0.51861
0.502974
0.505469
0.510426
0.514457
0.501628
0.510159
0.550587
0.558082
0.557699
0.508573
0.51378
0.511405
0.502924
0.515449
0.516579
0.517997
0.632641
0.522271
0.521447
0.515731
0.515785
0.513783
0.495471
0.497255
0.523148
0.524323
0.508472
0.50427
0.519736
0.544947
0.537612
0.516763
0.517406
0.512546
0.499919
0.503711
0.509564
0.539094
0.539815
0.535014
0.511508
0.508209
0.509388
0.498897
0.533821
0.5306
0.517011
0.53287
0.529054
0.507643
0.512559
0.508583
0.527848
0.525421
0.519466
0.52648
0.524872
0.516308
0.530554
0.511298
0.503734
0.506343
0.506076
0.511153
0.511273
0.513152
0.523321
0.521203
0.521708
0.509996
0.50944
0.52338
0.530845
0.528554
0.497136
0.512932
0.518606
0.515841
0.516625
0.516411
0.514146
0.538305
0.526854
0.531374
0.513645
0.497034
0.508429
0.527073
0.523563
0.528007
0.525708
0.518786
0.523118
0.522491
0.520398
0.515302
0.518411
0.528182
0.533774
0.52403
0.500756
0.500169
0.516725
0.512036
0.51047
0.51254
0.520697
0.539855
0.542345
0.50764
0.504241
0.522428
0.498279
0.51198
0.5276
0.524549
0.50777
0.509424
0.526635
0.525508
0.65107
0.616542
0.536869
0.544541
0.527662
0.51141
0.510227
0.507612
0.500647
0.501661
0.511915
0.536729
0.53075
0.527133
0.517803
0.523847
0.530117
0.515464
0.516955
0.513525
0.629458
0.654003
0.644826
0.519977
0.522143
0.505668
0.504649
0.50889
0.51495
0.515218
0.518521
0.498702
0.502407
0.536175
0.506182
0.508289
0.51291
0.507406
0.700958
0.666215
0.509929
0.51844
0.537021
0.513378
0.520042
0.505468
0.50684
0.511136
0.5236
0.504779
0.506745
0.517266
0.50457
0.496312
0.493617
0.495155
0.524998
0.506718
0.508642
0.513918
0.512075
0.518679
0.511907
0.512344
0.506083
0.53674
0.717225
0.521431
0.516173
0.499115
0.507197
0.543512
0.529726
0.534145
0.531927
0.520583
0.506877
0.509806
0.554344
0.560454
0.567752
0.52417
0.510755
0.515207
0.515772
0.515135
0.527135
0.526987
0.527222
0.61851
0.603413
0.643822
0.676141
0.525549
0.523365
0.523422
0.513232
0.5321
0.518645
0.516637
0.521109
0.516701
0.520543
0.513488
0.497559
0.497204
0.493658
0.514739
0.514017
0.510677
0.509997
0.509123
0.516792
0.516846
0.511507
0.598208
0.68258
0.701199
0.512476
0.506562
0.675769
0.693585
0.507375
0.506407
0.499839
0.494876
0.520187
0.524263
0.507443
0.51029
0.493412
0.526207
0.507713
0.509109
0.521576
0.489486
0.510823
0.513684
0.509885
0.510061
0.521828
0.676246
0.503328
0.520513
0.520775
0.526082
0.52388
0.50974
0.509592
0.514832
0.515909
0.505499
0.523213
0.528952
0.526246
0.515585
0.560767
0.5966
0.513975
0.509574
0.50035
0.503353
0.518153
0.528575
0.522859
0.511213
0.501151
0.507614
0.528046
0.525933
0.525265
0.52644
0.515544
0.513612
0.511066
0.513106
0.692097
0.52942
0.52487
0.518883
0.50153
0.572379
0.513308
0.518184
0.515504
0.517636
0.514418
0.514476
0.510656
0.513765
0.506771
0.508291
0.520556
0.510237
0.531425
0.515895
0.492283
0.500829
0.50329
0.53383
0.528054
0.519908
0.52279
0.523744
0.517714
0.671449
0.697753
0.513255
0.512032
0.513677
0.511132
0.510987
0.509625
0.524288
0.520816
0.523143
0.501444
0.520765
0.520723
0.545234
0.521992
0.520711
0.502238
0.505067
0.516714
0.513413
0.545127
0.615044
0.617481
0.513248
0.494792
0.499769
0.611074
0.515506
0.512231
0.539563
0.548735
0.517769
0.637435
0.639823
0.494279
0.50924
0.514713
0.523287
0.521951
0.517805
0.526716
0.538498
0.536544
0.540848
0.508223
0.512253
0.525849
0.527656
0.514194
0.514275
0.522024
0.52274
0.520211
0.512867
0.509472
0.497659
0.532074
0.529694
0.499352
0.502511
0.527086
0.524572
0.516489
0.514033
0.513799
0.497383
0.514813
0.535292
0.541574
0.506485
0.639247
0.569465
0.513872
0.507953
0.508308
0.51936
0.538974
0.540136
0.530378
0.50492
0.518512
0.517465
0.50511
0.504559
0.523567
0.523759
0.502748
0.531937
0.530617
0.529211
0.530363
0.516109
0.515268
0.515336
0.512274
0.572224
0.676096
0.753669
0.825206
0.771315
0.530706
0.527399
0.527203
0.508316
0.496031
0.508686
0.517084
0.516363
0.521799
0.528904
0.519055
0.509996
0.513032
0.531004
0.512124
0.510426
0.514514
0.509284
0.50954
0.524777
0.518528
0.518287
0.507121
0.501116
0.510304
0.510204
0.504868
0.516776
0.530164
0.534431
0.5379
0.51927
0.520894
0.527607
0.624938
0.491814
0.514045
0.513591
0.523313
0.524427
0.524201
0.546632
0.532712
0.520739
0.514408
0.507887
0.513068
0.515932
0.513813
0.522258
0.514151
0.522674
0.520874
0.521439
0.520503
0.520288
0.50914
0.511999
0.509245
0.50706
0.535965
0.502728
0.521428
0.504493
0.541271
0.525604
0.512919
0.511447
0.55889
0.548126
0.545612
0.50632
0.506347
0.523031
0.51983
0.517571
0.503248
0.502566
0.511478
0.520263
0.516567
0.51864
0.518769
0.502723
0.516199
0.508977
0.509011
0.530218
0.549271
0.560566
0.515993
0.504865
0.5255
0.516906
0.516281
0.532197
0.54025
0.528396
0.525864
0.504417
0.501322
0.513792
0.514414
0.514644
0.515841
0.503887
0.530189
0.527867
0.531974
0.517086
0.624504
0.492204
0.489046
0.512173
0.518576
0.507745
0.507726
0.50816
0.507825
0.510792
0.605131
0.582602
0.538621
0.541151
0.510841
0.512653
0.511327
0.503165
0.523535
0.514656
0.609169
0.521924
0.536922
0.534319
0.545675
0.501979
0.513624
0.514074
0.518099
0.517892
0.522926
0.523018
0.523209
0.652419
0.513525
0.520808
0.525368
0.527509
0.526744
0.501291
0.502344
0.53212
0.501767
0.513945
0.509006
0.506426
0.507243
0.509998
0.494585
0.509929
0.53302
0.530402
0.50561
0.508112
0.506035
0.503996
0.518176
0.543466
0.546714
0.528483
0.514775
0.526956
0.528555
0.504572
0.519233
0.519757
0.516507
0.496905
0.504562
0.527792
0.546055
0.536998
0.503022
0.50297
0.523226
0.516674
0.525831
0.523819
0.49644
0.542325
0.532806
0.504352
0.508773
0.492402
0.55636
0.55373
0.563259
0.554728
0.5506
0.510234
0.513526
0.513155
0.523847
0.514008
0.513913
0.515835
0.518948
0.503811
0.510527
0.515817
0.514751
0.532739
0.533481
0.523139
0.517466
0.621271
0.504459
0.525084
0.524211
0.525431
0.579091
0.516878
0.515122
0.536393
0.541196
0.545087
0.540459
0.512379
0.511605
0.516923
0.517972
0.531468
0.499434
0.497283
0.499649
0.503563
0.522066
0.531695
0.538098
0.514114
0.521549
0.502137
0.505149
0.518078
0.531049
0.515206
0.527243
0.528968
0.529863
0.617392
0.633775
0.516273
0.517105
0.545732
0.542541
0.541503
0.501024
0.501156
0.522455
0.524086
0.608467
0.529417
0.515325
0.521197
0.527802
0.508209
0.516361
0.516044
0.523986
0.527526
0.524911
0.51605
0.517002
0.501721
0.512403
0.547293
0.516837
0.506416
0.537451
0.540257
0.520905
0.520979
0.501796
0.499914
0.501987
0.510692
0.515641
0.507298
0.521779
0.521469
0.512555
0.521786
0.529346
0.522219
0.507148
0.515028
0.513315
0.530637
0.490159
0.519649
0.523331
0.584443
0.524539
0.526115
0.52742
0.514789
0.523828
0.543132
0.502386
0.52414
0.517999
0.497354
0.516668
0.515705
0.527834
0.528688
0.53042
0.536694
0.599239
0.521351
0.51216
0.523401
0.506905
0.513161
0.514954
0.512367
0.50869
0.521124
0.532746
0.531407
0.524363
0.528139
0.523311
0.519364
0.509043
0.517101
0.574344
0.66548
0.521897
0.528454
0.514106
0.500709
0.502935
0.502259
0.510872
0.51325
0.505571
0.5206
0.517378
0.518085
0.536741
0.511915
0.497524
0.489253
0.528975
0.507575
0.515664
0.522242
0.514399
0.529805
0.563512
0.506318
0.512621
0.518212
0.506185
0.505857
0.509304
0.711746
0.523861
0.510455
0.515379
0.522766
0.520187
0.513229
0.513334
0.523311
0.535652
0.537115
0.505535
0.511015
0.611948
0.582714
0.634177
0.508171
0.510016
0.50905
0.509104
0.508926
0.508493
0.513859
0.520729
0.560319
0.52088
0.511922
0.519376
0.525374
0.510814
0.507926
0.51702
0.523209
0.519454
0.524041
0.503585
0.531733
0.521932
0.507233
0.511002
0.514674
0.519876
0.524575
0.516905
0.5273
0.500679
0.526566
0.525396
0.521482
0.534824
0.506051
0.507881
0.504617
0.505731
0.504118
0.506204
0.52909
0.528297
0.559636
0.520228
0.521821
0.51479
0.521847
0.531547
0.497506
0.515032
0.507315
0.51097
0.513647
0.516377
0.578178
0.516535
0.518839
0.50473
0.510222
0.512453
0.508919
0.513758
0.520097
0.518572
0.539475
0.53854
0.506529
0.518653
0.515259
0.517555
0.550432
0.519068
0.518281
0.507437
0.525201
0.510088
0.526196
0.52775
0.50944
0.52516
0.519617
0.514943
0.522552
0.51163
0.522959
0.515127
0.515687
0.545734
0.508186
0.518295
0.512583
0.515137
0.578898
0.587227
0.601078
0.503505
0.511678
0.688328
0.506844
0.586204
0.510415
0.522099
0.523766
0.526467
0.517158
0.516816
0.512078
0.511485
0.531591
0.521734
0.50331
0.520586
0.522316
0.524547
0.512165
0.543876
0.54131
0.764075
0.494426
0.510287
0.508853
0.508624
0.510876
0.532006
0.524118
0.510452
0.530109
0.503939
0.530014
0.514882
0.519334
0.513186
0.507909
0.511102
0.525102
0.536569
0.513915
0.532294
0.528837
0.507221
0.526051
0.533485
0.543222
0.652821
0.614863
0.503663
0.511367
0.660693
0.5386
0.509525
0.764977
0.529475
0.528587
0.51601
0.517742
0.555517
0.517183
0.497776
0.512002
0.514485
0.519451
0.519738
0.523186
0.530187
0.520299
0.504135
0.505533
0.495578
0.528823
0.524862
0.495759
0.528328
0.611263
0.557571
0.520149
0.531148
0.527819
0.512254
0.520181
0.518075
0.533318
0.515343
0.511112
0.514017
0.549171
0.503635
0.501993
0.554206
0.560447
0.528401
0.549801
0.507944
0.509651
0.511035
0.507088
0.502712
0.51621
0.519187
0.517518
0.50364
0.506761
0.51119
0.512537
0.496828
0.506067
0.589066
0.518419
0.526065
0.510535
0.688345
0.509966
0.642319
0.523483
0.51323
0.526598
0.521474
0.507869
0.511233
0.524138
0.525091
0.513371
0.508213
0.511868
0.507794
0.502008
0.509592
0.509703
0.52115
0.505356
0.509815
0.518831
0.497287
0.525379
0.631565
0.671749
0.520915
0.520077
0.509828
0.509324
0.512457
0.516279
0.513242
0.612183
0.509168
0.502546
0.501639
0.527623
0.506444
0.504576
0.512432
0.523759
0.506027
0.550019
0.503763
0.672463
0.640376
0.515324
0.508409
0.581472
0.49676
0.496856
0.502812
0.499057
0.533748
0.532412
0.610882
0.504905
0.530712
0.524066
0.500562
0.506488
0.70518
0.515619
0.515468
0.517099
0.515822
0.523883
0.498721
0.526771
0.502654
0.509415
0.527322
0.505407
0.503008
0.506045
0.507481
0.508623
0.510946
0.507056
0.542951
0.555711
0.549357
0.611349
0.519565
0.613798
0.534573
0.503453
0.507306
0.518985
0.491824
0.49318
0.505066
0.523771
0.49948
0.530045
0.505489
0.556306
0.591415
0.506024
0.500952
0.502472
0.513532
0.500412
0.543261
0.538898
0.513665
0.510956
0.53159
0.516179
0.552426
0.509621
0.508334
0.517808
0.511825
0.512974
0.535563
0.510263
0.501508
0.597027
0.511823
0.503713
0.517102
0.516417
0.510681
0.487897
0.542546
0.522962
0.522377
0.510033
0.503921
0.507685
0.510576
0.51743
0.512578
0.52154
0.684585
0.500726
0.524243
0.533188
0.526288
0.522029
0.570755
0.508002
0.504734
0.767265
0.524735
0.523632
0.527507
0.563572
0.523827
0.641547
0.527628
0.532101
0.534285
0.539348
0.526757
0.517598
0.699945
0.520042
0.512656
0.510311
0.503151
0.520875
0.521362
0.620173
0.504198
0.509131
0.525915
0.525508
0.542602
0.519776
0.535036
0.537004
0.527301
0.510156
0.505704
0.538521
0.580394
0.51188
0.512993
0.519484
0.501553
0.53003
0.533762
0.521778
0.505303
0.533548
0.49897
0.518176
0.654066
0.52217
0.531855
0.520676
0.522361
0.507917
0.498995
0.52433
0.526929
0.52127
0.529331
0.528142
0.504417
0.509941
0.504764
0.526006
0.539767
0.518157
0.503699
0.526798
0.526796
0.50276
0.680732
0.512822
0.517017
0.517637
0.514887
0.507834
0.522829
0.509411
0.499195
0.717415
0.736331
0.572519
0.523713
0.513251
0.509015
0.516106
0.523397
0.608939
0.524123
0.503016
0.76885
0.523568
0.502752
0.531357
0.501603
0.506544
0.516725
0.503356
0.504939
0.505134
0.504258
0.509395
0.515815
0.550058
0.527372
0.566986
0.50575
0.525409
0.513799
0.695399
0.539836
0.524644
0.52367
0.505737
0.522307
0.509695
0.502336
0.524577
0.535659
0.518255
0.609958
0.504715
0.508345
0.52542
0.506489
0.524501
0.522517
0.627001
0.787439
0.615346
0.532366
0.523858
0.528208
0.485625
0.534383
0.54634
0.545429
0.503691
0.503772
0.512785
0.531351
0.531857
0.510535
0.506289
0.505049
0.497925
0.534267
0.523118
0.51164
0.51416
0.613282
0.515842
0.542267
0.501025
0.500246
0.500539
0.509833
0.49238
0.509284
0.53324
0.516468
0.505527
0.546567
0.535421
0.513911
0.515372
0.518762
0.519734
0.533384
0.523896
0.509949
0.526482
0.520625
0.516425
0.500752
0.54903
0.515308
0.502435
0.51065
0.50028
0.513113
0.519762
0.505241
0.498038
0.514296
0.511889
0.51074
0.527044
0.537951
0.531564
0.504631
0.50227
0.535727
0.514877
0.497863
0.545843
0.532762
0.495773
0.504703
0.5187
0.517329
0.513796
0.561334
0.526191
0.508166
0.502475
0.529159
0.504013
0.513268
0.517254
0.521622
0.5029
0.507107
0.513648
0.519974
0.513898
0.533178
0.521051
0.532908
0.501636
0.512087
0.495591
0.52076
0.5274
0.52871
0.504993
0.513692
0.505906
0.513026
0.518375
0.510016
0.514659
0.523226
0.529135
0.532282
0.521874
0.519385
0.522635
0.518848
0.512097
0.512413
0.518302
0.516023
0.514176
0.513864
0.521584
0.505959
0.533266
0.515919
0.513766
0.50737
0.517749
0.521592
0.507544
0.511695
0.519264
0.532803
0.679538
0.51042
0.523834
0.521494
0.513439
0.676822
0.514671
0.518699
0.519865
0.518722
0.514042
0.499788
0.507329
0.512533
0.525826
0.513304
0.511996
0.513085
0.517354
0.511848
0.547709
0.512593
0.513616
0.50774
0.518956
0.526705
0.511915
0.509835
0.520171
0.508199
0.519899
0.509258
0.517119
0.519446
0.515848
0.515107
0.512815
0.521508
0.524308
0.522728
0.551037
0.521561
0.521359
0.570762
0.530633
0.529078
0.516416
0.511367
0.528139
0.5237
0.586866
0.518289
0.516863
0.51419
0.542219
0.508403
0.514705
0.527207
0.548461
0.509102
0.526375
0.534096
0.5144
0.510585
0.511342
0.508385
0.515594
0.50817
0.515139
0.528588
0.50477
0.52576
0.525726
0.521941
0.50452
0.516727
0.517235
0.512804
0.520728
0.515412
0.48336
0.48756
0.501573
0.521581
0.514161
0.512775
0.505348
0.514994
0.51508
0.525398
0.514897
0.510816
0.523
0.561662
0.513373
0.703471
0.783246
0.520434
0.521428
0.513235
0.516711
0.647399
0.635205
0.504516
0.579557
0.510175
0.519918
0.509132
0.50997
0.518184
0.528176
0.521854
0.556392
0.574788
0.517669
0.518016
0.517461
0.523513
0.509046
0.5229
0.50351
0.516702
0.516488
0.517391
0.500405
0.508692
0.51714
0.517781
0.515178
0.521114
0.520345
0.521264
0.510955
0.513812
0.509986
0.515374
0.680632
0.518133
0.516863
0.629962
0.54208
0.511805
0.509195
0.52795
0.520304
0.524981
0.514236
0.541851
0.539253
0.84238
0.495817
0.547987
0.511041
0.494999
0.524782
0.528039
0.508858
0.659071
0.592014
0.50977
0.516555
0.516708
0.524859
0.514472
0.511317
0.520777
0.503323
0.517097
0.515385
0.508891
0.531415
0.531992
0.546141
0.518609
0.529696
0.526482
0.514651
0.719529
0.51465
0.533032
0.508021
0.506659
0.524081
0.508549
0.531728
0.512812
0.509714
0.51346
0.595183
0.542108
0.511284
0.506625
0.51052
0.511365
0.510227
0.518805
0.515072
0.509676
0.513896
0.509084
0.50482
0.733274
0.525167
0.540223
0.504342
0.515849
0.522684
0.528199
0.676346
0.51551
0.512591
0.591888
0.509554
0.525473
0.543033
0.530554
0.512988
0.51419
0.522063
0.535203
0.488468
0.49413
0.516839
0.516993
0.514892
0.515874
0.53597
0.516807
0.528135
0.522092
0.51131
0.518425
0.515769
0.503514
0.508815
0.541481
0.512479
0.629832
0.514999
0.52071
0.515309
0.513626
0.54504
0.523295
0.505153
0.497458
0.5112
0.505896
0.515391
0.52854
0.589411
0.521942
0.501825
0.502862
0.513902
0.508615
0.546948
0.487288
0.516659
0.514061
0.520701
0.508368
0.518475
0.532716
0.502753
0.514896
0.515453
0.523862
0.512032
0.509511
0.515556
0.519751
0.51171
0.507826
0.520433
0.513472
0.510368
0.508647
0.497186
0.493987
0.51029
0.503075
0.509967
0.519435
0.525573
0.521086
0.517863
0.51482
0.518984
0.521407
0.53256
0.514969
0.546184
0.523621
0.519158
0.51566
0.50566
0.495316
0.510262
0.515045
0.509801
0.520586
0.526177
0.520657
0.506139
0.511939
0.544458
0.514916
0.51436
0.55209
0.51398
0.505856
0.518412
0.519823
0.528117
0.507576
0.531633
0.705966
0.558781
0.531129
0.512076
0.524387
0.513985
0.530313
0.580126
0.5195
0.51248
0.507942
0.674454
0.509138
0.511387
0.563371
0.504771
0.509265
0.506465
0.516653
0.523095
0.532174
0.516572
0.656686
0.504574
0.51755
0.514464
0.506595
0.528366
0.51219
0.5094
0.508465
0.518451
0.521438
0.508718
0.590931
0.510774
0.578326
0.51137
0.66234
0.528753
0.513181
0.502196
0.511064
0.532954
0.521242
0.706385
0.523217
0.515424
0.518795
0.535694
0.525663
0.501945
0.511341
0.515504
0.5159
0.509211
0.512111
0.517928
0.528143
0.525143
0.507132
0.507194
0.50331
0.545504
0.511221
0.512408
0.515829
0.525232
0.524482
0.661473
0.50204
0.511524
0.520821
0.555403
0.524696
0.545937
0.506863
0.507186
0.524974
0.510719
0.51235
0.510635
0.573961
0.513231
0.511976
0.537963
0.508389
0.512991
0.509236
0.51611
0.508945
0.510913
0.545692
0.515535
0.492764
0.51038
0.501921
0.506716
0.50475
0.682519
0.50451
0.508038
0.520028
0.511932
0.521545
0.620502
0.525412
0.506836
0.532946
0.510427
0.531006
0.56923
0.595216
0.530688
0.507873
0.536831
0.518353
0.509635
0.50839
0.53748
0.520231
0.517224
0.548965
0.518391
0.519614
0.591835
0.533835
0.514483
0.530681
0.510893
0.517043
0.538482
0.509715
0.513591
0.552097
0.518767
0.516101
0.53127
0.503958
0.625546
0.51435
0.519217
0.558504
0.51811
0.50235
0.51765
0.509414
0.6271
0.518995
0.510404
0.543349
0.510571
0.555471
0.574373
0.536839
0.51725
0.513278
0.528787
0.508764
0.515615
0.508982
0.578055
0.522996
0.514517
0.52545
0.519294
0.509376
0.513376
0.506166
0.529372
0.522398
0.508233
0.515227
0.510284
0.653594
0.504699
0.513729
0.586822
0.514913
0.55304
0.595123
0.532165
0.572664
0.548436
0.521349
0.510272
0.503834
0.51049
0.580428
0.5246
0.614632
0.508206
0.510026
0.514624
0.521769
0.527666
0.55319
0.547041
0.511211
0.690131
0.513212
0.5234
0.519027
0.706166
0.508642
0.516526
0.508855
0.512014
0.513295
0.517751
0.501884
0.521705
0.502844
0.527084
0.519108
0.666274
0.52354
0.510724
0.604261
0.506275
0.507228
0.531111
0.5384
0.517062
0.535146
0.504538
0.511512
0.512436
0.503542
0.500696
0.50653
0.538806
0.519282
0.507905
0.518806
0.53005
0.519935
0.524386
0.58194
0.508106
0.515101
0.510266
0.606028
0.509726
0.514655
0.525865
0.50646
0.580548
0.518104
0.514566
0.513297
0.50204
0.519502
0.511122
0.511882
0.525535
0.513476
0.523097
0.524757
0.515993
