0.609132
0.61109
0.530295
0.526807
0.513191
0.516938
0.525786
0.50942
0.51249
0.521181
0.526066
0.514397
0.521806
0.520814
0.521221
0.505118
0.555008
0.50611
0.512357
0.504191
0.506987
0.531053
0.52871
0.526284
0.507621
0.507239
0.522726
0.504174
0.506618
0.526175
0.52954
0.515992
0.510914
0.512268
0.644983
0.664352
0.6692
0.506896
0.51068
0.517261
0.520033
0.5226
0.512704
0.512486
0.519767
0.515308
0.520795
0.524405
0.51859
0.516682
0.534131
0.539391
0.521623
0.506833
0.510752
0.5063
0.511748
0.509757
0.503931
0.504717
0.507128
0.510624
0.666144
0.687122
0.507518
0.534026
0.531112
0.507103
0.500754
0.509338
0.523664
0.525787
0.51476
0.508544
0.506875
0.506096
0.530586
0.527252
0.531529
0.522222
0.522312
0.505871
0.503548
0.5139
0.513502
0.512972
0.510116
0.509085
0.611919
0.585076
0.522304
0.516454
0.510353
0.513196
0.516268
0.504036
0.511229
0.5117
0.515048
0.532443
0.531516
0.515523
0.51412
0.510713
0.518859
0.522985
0.667175
0.512461
0.525099
0.513944
0.504233
0.509243
0.576931
0.563189
0.508851
0.50014
0.502597
0.506021
0.514585
0.517253
0.518934
0.51473
0.506941
0.518369
0.520714
0.524518
0.494435
0.489441
0.509648
0.505863
0.514785
0.516176
0.509834
0.509926
0.500169
0.482921
0.506045
0.508726
0.52574
0.521753
0.508014
0.506482
0.506488
0.515074
0.516316
0.576801
0.61805
0.505317
0.518167
0.512809
0.507696
0.508404
0.509742
0.506765
0.502152
0.528001
0.646174
0.618071
0.517274
0.516308
0.514705
0.511085
0.510483
0.510643
0.521756
0.515946
0.515531
0.511671
0.513424
0.505519
0.504152
0.512981
0.517041
0.517527
0.519219
0.52202
0.520838
0.504024
0.505797
0.519916
0.532032
0.530624
0.518354
0.506259
0.541811
0.543476
0.516417
0.520899
0.569839
0.520287
0.52181
0.521967
0.52107
0.504029
0.507977
0.60238
0.608454
0.530104
0.508529
0.513279
0.514175
0.512976
0.510953
0.507982
0.51106
0.590407
0.568342
0.571605
0.508573
0.507723
0.499721
0.502203
0.501337
0.505392
0.520822
0.523308
0.509964
0.508511
0.525897
0.532594
0.494318
0.508212
0.506648
0.507447
0.532211
0.527291
0.508727
0.519034
0.508237
0.50958
0.519733
0.521682
0.521876
0.519251
0.518278
0.519892
0.510892
0.516801
0.516452
0.51544
0.520085
0.520437
0.522126
0.5019
0.506981
0.503313
0.517483
0.519571
0.515285
0.509824
0.506753
0.511057
0.543968
0.536649
0.546629
0.548718
0.51582
0.514496
0.515032
0.498248
0.498591
0.523772
0.522431
0.506468
0.507734
0.510533
0.522615
0.510095
0.511435
0.510346
0.490009
0.512984
0.515704
0.507099
0.512729
0.517999
0.513076
0.501719
0.50486
0.503352
0.542489
0.537728
0.514233
0.503553
0.507231
0.518486
0.51267
0.5333
0.530726
0.514116
0.531938
0.527022
0.502675
0.507007
0.511452
0.508826
0.524948
0.524485
0.51743
0.526741
0.522835
0.513149
0.522676
0.515571
0.514754
0.514838
0.514668
0.508768
0.504964
0.506925
0.506507
0.515851
0.517219
0.597116
0.523289
0.528059
0.508013
0.515259
0.515922
0.521039
0.524207
0.513562
0.512237
0.513765
0.506634
0.508358
0.509455
0.525089
0.522547
0.533232
0.515548
0.518259
0.519297
0.51999
0.511993
0.512282
0.511958
0.530201
0.502465
0.503959
0.509596
0.559727
0.551223
0.520918
0.520713
0.518723
0.523851
0.513542
0.513574
0.504917
0.509704
0.515608
0.504482
0.511062
0.53536
0.529716
0.51929
0.513589
0.511597
0.514342
0.530602
0.507277
0.50929
0.509418
0.533594
0.529365
0.566533
0.516818
0.512689
0.510142
0.513247
0.525256
0.525158
0.50034
0.511971
0.525102
0.519933
0.518597
0.52341
0.521837
0.527818
0.528487
0.523732
0.50851
0.501296
0.509715
0.505221
0.518502
0.521941
0.519669
0.524179
0.519587
0.550176
0.547746
0.492854
0.529974
0.518211
0.501664
0.513727
0.512593
0.51284
0.499349
0.532159
0.53079
0.507288
0.508902
0.508717
0.506322
0.504399
0.51336
0.532547
0.533844
0.530873
0.531036
0.51357
0.507967
0.526038
0.525673
0.499017
0.501533
0.504926
0.526511
0.506503
0.513459
0.531219
0.534517
0.503621
0.504646
0.507107
0.538735
0.540315
0.68002
0.639617
0.534608
0.53563
0.507877
0.524248
0.536709
0.508165
0.534193
0.536128
0.534086
0.497723
0.500744
0.527858
0.511739
0.510445
0.508747
0.511198
0.523491
0.635005
0.577192
0.512277
0.511275
0.524119
0.51757
0.514102
0.519647
0.499346
0.497063
0.658363
0.624486
0.498877
0.535125
0.531486
0.506131
0.511399
0.503169
0.630825
0.690086
0.66624
0.523215
0.498524
0.509343
0.523636
0.509108
0.507715
0.524944
0.505002
0.504868
0.509511
0.51453
0.501433
0.505542
0.509991
0.508675
0.52927
0.528663
0.504023
0.508791
0.557562
0.527344
0.505758
0.525754
0.526005
0.51403
0.519799
0.514194
0.51392
0.513062
0.515776
0.506946
0.516064
0.526284
0.519035
0.514417
0.515298
0.514467
0.507507
0.511847
0.507063
0.519723
0.521728
0.524595
0.511314
0.510097
0.510448
0.511165
0.695955
0.510618
0.532235
0.494498
0.582322
0.568658
0.51151
0.511231
0.502855
0.503443
0.505733
0.510133
0.50883
0.505698
0.515953
0.514139
0.513243
0.513582
0.51341
0.514622
0.690738
0.662596
0.625507
0.660103
0.513959
0.511425
0.53341
0.53059
0.514782
0.528708
0.525717
0.543355
0.538971
0.543307
0.523294
0.516134
0.512535
0.50841
0.511464
0.512601
0.514938
0.547053
0.519996
0.508126
0.542274
0.499248
0.501581
0.526243
0.544445
0.545344
0.503094
0.517594
0.501332
0.505037
0.508817
0.526962
0.544307
0.622338
0.620659
0.51591
0.513228
0.507841
0.505298
0.506388
0.509584
0.502735
0.509236
0.511681
0.504946
0.551278
0.521705
0.523262
0.518171
0.519134
0.510905
0.504534
0.508659
0.506708
0.522236
0.526599
0.681777
0.593768
0.573558
0.496729
0.519093
0.518892
0.509845
0.598233
0.615971
0.513871
0.511354
0.531078
0.530973
0.504521
0.515601
0.512001
0.512732
0.524625
0.523735
0.502629
0.518635
0.519228
0.514794
0.511012
0.58587
0.493371
0.495361
0.542242
0.531108
0.514094
0.503941
0.520007
0.518363
0.744685
0.643306
0.505615
0.5069
0.505647
0.509308
0.5353
0.538134
0.539809
0.539977
0.545383
0.535772
0.503438
0.509213
0.507884
0.503939
0.513002
0.504795
0.516733
0.515653
0.512782
0.514644
0.524171
0.518376
0.514612
0.526142
0.528701
0.727612
0.654832
0.700672
0.640616
0.512445
0.565554
0.542751
0.5166
0.525833
0.508331
0.535826
0.507477
0.531834
0.523234
0.517474
0.515744
0.517514
0.52198
0.518679
0.523148
0.52843
0.518597
0.513256
0.498703
0.534595
0.530621
0.524023
0.527899
0.514923
0.509501
0.521981
0.516061
0.533604
0.522197
0.513666
0.514359
0.495281
0.512109
0.509698
0.528783
0.519277
0.519812
0.527108
0.518394
0.496013
0.520094
0.506554
0.509125
0.510239
0.525451
0.499277
0.508014
0.503053
0.514356
0.518204
0.519035
0.517449
0.532394
0.528221
0.508617
0.517032
0.502748
0.50834
0.523078
0.524774
0.509137
0.516617
0.511637
0.508018
0.561503
0.553994
0.551454
0.511389
0.513252
0.504364
0.509752
0.512567
0.512986
0.515712
0.50765
0.51839
0.511832
0.513728
0.521392
0.51537
0.508416
0.51152
0.503515
0.517184
0.512257
0.581654
0.627031
0.557158
0.55413
0.547676
0.513314
0.525967
0.673247
0.502612
0.62702
0.517062
0.529897
0.525642
0.517464
0.518681
0.513846
0.514589
0.515567
0.514805
0.524656
0.521651
0.521595
0.520706
0.513731
0.519385
0.500257
0.529276
0.529777
0.501673
0.515399
0.590816
0.609817
0.510012
0.522935
0.518458
0.520089
0.516902
0.515511
0.526251
0.528341
0.510296
0.515135
0.527356
0.522898
0.508881
0.510566
0.506286
0.510505
0.530861
0.516864
0.517129
0.512206
0.590047
0.528224
0.524848
0.509487
0.52793
0.54377
0.516593
0.519207
0.520456
0.51919
0.520815
0.516831
0.547553
0.580651
0.516214
0.527841
0.714384
0.660276
0.526151
0.513812
0.525096
0.514098
0.495724
0.503921
0.525626
0.498175
0.501662
0.528925
0.529731
0.506771
0.507739
0.503417
0.511102
0.542078
0.520532
0.521233
0.526474
0.514861
0.514551
0.513829
0.528343
0.528919
0.51345
0.512846
0.52444
0.513711
0.505087
0.509029
0.510914
0.508862
0.50667
0.494306
0.506126
0.494389
0.50125
0.50247
0.528188
0.541209
0.527526
0.53344
0.512428
0.510345
0.508166
0.51183
0.512584
0.515274
0.519225
0.531638
0.532805
0.556671
0.500894
0.528724
0.504409
0.504932
0.516154
0.52417
0.505859
0.504751
0.504916
0.523707
0.54865
0.510855
0.514455
0.527856
0.527701
0.565929
0.56213
0.557358
0.50839
0.507062
0.514847
0.514475
0.515048
0.512339
0.513946
0.51195
0.501933
0.507596
0.512505
0.514544
0.517762
0.518724
0.52349
0.533675
0.528771
0.503018
0.503339
0.502595
0.508277
0.524708
0.522693
0.530163
0.531975
0.504108
0.527836
0.518019
0.532022
0.520828
0.519166
0.543495
0.536337
0.511586
0.505672
0.509895
0.515434
0.514722
0.526347
0.532813
0.524318
0.49764
0.525508
0.511004
0.52373
0.499318
0.50982
0.505468
0.515202
0.514007
0.504767
0.54086
0.544815
0.511599
0.514293
0.509102
0.517835
0.519243
0.552628
0.521605
0.517774
0.507093
0.502263
0.502813
0.50322
0.520261
0.503138
0.515959
0.513913
0.601712
0.510679
0.528711
0.523419
0.521935
0.523396
0.506236
0.514359
0.522098
0.523297
0.543153
0.506695
0.516306
0.517432
0.596558
0.516734
0.505908
0.524491
0.52154
0.505706
0.507406
0.511446
0.514314
0.505244
0.552686
0.52712
0.521678
0.510758
0.514736
0.521592
0.512075
0.508559
0.520037
0.523025
0.52174
0.516404
0.513284
0.513102
0.499194
0.521285
0.550208
0.49632
0.524534
0.534796
0.506286
0.525196
0.521275
0.525677
0.520719
0.50466
0.515659
0.515663
0.569815
0.56448
0.583637
0.50742
0.513969
0.5055
0.550133
0.508863
0.503492
0.53451
0.521718
0.520421
0.520717
0.527124
0.519994
0.513739
0.513128
0.515075
0.622304
0.534641
0.546477
0.504708
0.501907
0.502614
0.509535
0.503243
0.522329
0.520563
0.550883
0.567954
0.518843
0.518468
0.498312
0.544241
0.535866
0.509974
0.514239
0.510531
0.53073
0.526449
0.554239
0.514247
0.543978
0.528714
0.535005
0.512485
0.535116
0.498682
0.500638
0.720993
0.5135
0.51432
0.504133
0.526069
0.506808
0.510565
0.632495
0.591043
0.733322
0.508429
0.511159
0.508304
0.522368
0.514017
0.507696
0.520292
0.50477
0.508347
0.529392
0.509542
0.524309
0.508756
0.521647
0.507888
0.504017
0.504903
0.511762
0.53289
0.528283
0.506839
0.503921
0.591399
0.523245
0.526765
0.526804
0.508141
0.518501
0.573916
0.506628
0.532868
0.509399
0.511287
0.50895
0.511386
0.518076
0.499774
0.512756
0.527358
0.516077
0.514012
0.517368
0.505302
0.508909
0.53058
0.512957
0.516666
0.528436
0.528412
0.664807
0.534272
0.529689
0.546968
0.520059
0.517763
0.518474
0.509762
0.494021
0.505677
0.507325
0.525797
0.525475
0.504811
0.516634
0.502203
0.513604
0.508784
0.518645
0.516111
0.522564
0.510388
0.503098
0.539032
0.515125
0.52428
0.50418
0.510999
0.512955
0.522995
0.549603
0.516731
0.533133
0.502874
0.52157
0.521862
0.590443
0.506051
0.528422
0.530464
0.51802
0.526034
0.524016
0.52376
0.515065
0.519156
0.507137
0.508142
0.502866
0.514133
0.522795
0.517986
0.511914
0.523214
0.529304
0.548934
0.519459
0.515471
0.543575
0.508604
0.523989
0.525406
0.522351
0.520231
0.504376
0.531007
0.519496
0.50694
0.507608
0.52948
0.506679
0.507264
0.527688
0.505609
0.504535
0.532322
0.507898
0.504551
0.528305
0.51088
0.512547
0.595936
0.509116
0.522882
0.507172
0.508687
0.530284
0.534005
0.509556
0.567147
0.525328
0.495502
0.696614
0.52946
0.515122
0.556313
0.531801
0.505394
0.51449
0.501431
0.511814
0.506332
0.533039
0.530043
0.528499
0.500405
0.510161
0.517725
0.515983
0.528452
0.525222
0.510578
0.525271
0.521573
0.530729
0.510512
0.504618
0.542394
0.531343
0.523569
0.512051
0.552119
0.510085
0.528645
0.528621
0.496117
0.60089
0.598547
0.527192
0.528941
0.506807
0.503484
0.508297
0.520187
0.520013
0.510699
0.510288
0.51401
0.507936
0.512518
0.520647
0.514533
0.509507
0.501516
0.516501
0.507457
0.508694
0.507525
0.616927
0.502177
0.517753
0.515401
0.513079
0.633573
0.526835
0.515968
0.533588
0.523263
0.507868
0.51431
0.506939
0.525538
0.507886
0.526706
0.523186
0.51178
0.519121
0.535263
0.515382
0.529897
0.528601
0.523725
0.573392
0.498429
0.578323
0.505517
0.508077
0.509676
0.526813
0.593092
0.501915
0.5168
0.511161
0.509422
0.513019
0.70148
0.505164
0.52608
0.532795
0.531252
0.524707
0.522173
0.534367
0.507185
0.500284
0.50434
0.553625
0.5637
0.51524
0.504183
0.502439
0.501042
0.505834
0.50749
0.526492
0.633864
0.650663
0.532903
0.526647
0.518141
0.503903
0.515561
0.509377
0.680493
0.614749
0.513713
0.725103
0.500581
0.527869
0.686133
0.562714
0.503985
0.508633
0.497291
0.498734
0.531951
0.509283
0.559182
0.518896
0.519552
0.502716
0.505424
0.525964
0.527569
0.52387
0.554537
0.519122
0.516476
0.506817
0.508444
0.511467
0.520189
0.506343
0.507008
0.541065
0.517484
0.526744
0.500036
0.525752
0.622164
0.502352
0.532387
0.516346
0.505829
0.539909
0.514471
0.519838
0.503719
0.525437
0.545405
0.516716
0.522558
0.520296
0.517662
0.519675
0.514159
0.515148
0.535273
0.52141
0.513574
0.503002
0.528121
0.507013
0.501259
0.509767
0.496518
0.5019
0.518019
0.500989
0.500586
0.509612
0.509223
0.516715
0.512055
0.519745
0.499528
0.499467
0.511512
0.549591
0.508188
0.524141
0.530808
0.520903
0.519982
0.644419
0.494285
0.515706
0.528398
0.535418
0.579558
0.528688
0.537468
0.517936
0.512095
0.497184
0.528332
0.502778
0.502207
0.58044
0.495604
0.519501
0.506723
0.517844
0.526801
0.524048
0.525513
0.51268
0.514786
0.51387
0.513674
0.51751
0.517514
0.670873
0.640841
0.527478
0.496356
0.498688
0.528041
0.51279
0.50299
0.570145
0.52527
0.513258
0.515927
0.508874
0.507763
0.517036
0.517952
0.616633
0.519339
0.510872
0.523854
0.532115
0.514095
0.518157
0.52275
0.493429
0.525176
0.496065
0.509165
0.524028
0.505339
0.529343
0.505913
0.500696
0.524869
0.658201
0.517151
0.502429
0.491378
0.512656
0.536578
0.505961
0.513757
0.526582
0.574935
0.511925
0.715428
0.504886
0.53186
0.504283
0.528477
0.536173
0.525578
0.501873
0.557225
0.502733
0.518365
0.499565
0.507802
0.523384
0.544005
0.502814
0.497463
0.507411
0.533371
0.537724
0.499514
0.689453
0.535171
0.513767
0.518297
0.505931
0.624493
0.513968
0.627033
0.510425
0.495516
0.506566
0.496987
0.519126
0.54615
0.517201
0.511217
0.52501
0.541022
0.534472
0.502618
0.514786
0.503623
0.519854
0.506087
0.532955
0.524738
0.522201
0.524026
0.630135
0.686609
0.516827
0.515243
0.534967
0.569246
0.495702
0.522188
0.528977
0.520393
0.690201
0.514038
0.497133
0.54601
0.505068
0.517317
0.500673
0.50147
0.512704
0.509104
0.507743
0.495003
0.503947
0.558682
0.506745
0.498911
0.51487
0.52574
0.54081
0.516746
0.506005
0.528849
0.514302
0.524157
0.504334
0.507889
0.503316
0.501403
0.517496
0.50411
0.500515
0.717762
0.498155
0.537938
0.495824
0.517801
0.50355
0.612078
0.51861
0.499938
0.579679
0.532535
0.508212
0.515356
0.586166
0.511665
0.521207
0.489279
0.512964
0.531265
0.50637
0.509605
0.519016
0.521286
0.53203
0.50615
0.511194
0.505917
0.522745
0.511404
0.506751
0.585611
0.52065
0.521752
0.518645
0.516213
0.515935
0.517233
0.495357
0.583699
0.515866
0.529104
0.517217
0.515547
0.519691
0.511263
0.511291
0.575702
0.499673
0.522909
0.520859
0.514903
0.52158
0.544291
0.511472
0.516741
0.51166
0.513897
0.523462
0.507637
0.513101
0.54972
0.537523
0.513955
0.514557
0.556349
0.521805
0.521085
0.506675
0.508239
0.506869
0.646562
0.537365
0.519172
0.509123
0.515014
0.579722
0.50955
0.63735
0.536822
0.531987
0.526094
0.516676
0.504238
0.510709
0.526023
0.512898
0.499972
0.575832
0.514464
0.519236
0.509731
0.50711
0.512274
0.511381
0.549727
0.509888
0.519281
0.519168
0.509017
0.50915
0.504452
0.509736
0.499031
0.532491
0.535255
0.535635
0.538756
0.515783
0.510714
0.5141
0.673291
0.647695
0.557455
0.537125
0.513705
0.518599
0.516427
0.524198
0.522602
0.520459
0.568972
0.536089
0.513189
0.514379
0.517167
0.516648
0.512617
0.556586
0.507241
0.514177
0.508896
0.52423
0.512323
0.508201
0.52982
0.526844
0.518109
0.517165
0.51461
0.516752
0.513889
0.543662
0.540819
0.508138
0.525511
0.533139
0.539618
0.505043
0.515499
0.508294
0.505422
0.527693
0.525134
0.507565
0.514877
0.510918
0.512533
0.506961
0.553977
0.518766
0.527569
0.508873
0.559909
0.503484
0.515753
0.506388
0.523716
0.518515
0.506233
0.726564
0.501242
0.535922
0.520351
0.519112
0.517647
0.534283
0.565705
0.512068
0.595739
0.617752
0.53898
0.519551
0.511022
0.724386
0.514606
0.513766
0.616998
0.605372
0.588527
0.662507
0.679238
0.503681
0.507222
0.509867
0.513632
0.507231
0.518988
0.515614
0.523183
0.516887
0.513384
0.554306
0.568768
0.504286
0.499982
0.685166
0.518118
0.508415
0.515971
0.508827
0.518467
0.524533
0.514807
0.525879
0.513215
0.506198
0.508303
0.520182
0.574751
0.575325
0.524026
0.527922
0.523525
0.66712
0.511906
0.520102
0.511335
0.513426
0.509417
0.525099
0.515643
0.585604
0.583243
0.516407
0.512151
0.510361
0.607215
0.516289
0.516224
0.526944
0.502648
0.522199
0.519878
0.627287
0.51993
0.507008
0.511331
0.509778
0.543131
0.735376
0.513784
0.507912
0.505264
0.508155
0.511002
0.60885
0.534674
0.528101
0.522805
0.666827
0.610172
0.512406
0.50989
0.510724
0.515866
0.521319
0.504764
0.518912
0.505216
0.515402
0.524011
0.651298
0.677466
0.529048
0.534074
0.531729
0.521929
0.512742
0.51674
0.562986
0.536858
0.541551
0.53994
0.541416
0.535776
0.524855
0.526204
0.526161
0.500261
0.52956
0.529987
0.520868
0.526982
0.534369
0.511914
0.507408
0.529581
0.531947
0.515075
0.51465
0.517979
0.527968
0.519867
0.509074
0.575734
0.526292
0.517122
0.524905
0.519752
0.516518
0.507028
0.508991
0.512943
0.519977
0.509131
0.519793
0.524205
0.534143
0.514649
0.509629
0.532934
0.524669
0.541484
0.537221
0.673073
0.513793
0.615396
0.513778
0.580549
0.511005
0.504884
0.514941
0.517018
0.523267
0.52458
0.52862
0.510777
0.51487
0.514361
0.520014
0.519121
0.500981
0.521409
0.518591
0.517294
0.505997
0.513939
0.508611
0.506943
0.534982
0.502179
0.500737
0.512285
0.52219
0.523386
0.57079
0.522403
0.521959
0.509158
0.513147
0.532363
0.528921
0.526507
0.621525
0.507287
0.502878
0.513136
0.511908
0.512497
0.526554
0.512861
0.513514
0.528751
0.504418
0.520026
0.512057
0.505108
0.520689
0.514073
0.50427
0.509677
0.736368
0.671814
0.561187
0.531149
0.546124
0.504227
0.501564
0.514557
0.599415
0.649985
0.514834
0.515605
0.512248
0.52057
0.512583
0.51907
0.518954
0.504312
0.553883
0.505272
0.507327
0.518282
0.495048
0.509725
0.518027
0.524124
0.492474
0.504292
0.508595
0.508485
0.515718
0.522074
0.533581
0.523166
0.510088
0.530975
0.51406
0.492542
0.510335
0.5257
0.535839
0.503892
0.516522
0.713485
0.507533
0.520356
0.51989
0.529862
0.526219
0.512023
0.500344
0.510831
0.519713
0.527415
0.514149
0.632651
0.523587
0.513528
0.510673
0.520637
0.541956
0.510854
0.561312
0.51117
0.519795
0.515446
0.52735
0.567402
0.513235
0.513441
0.519325
0.514502
0.504649
0.528417
0.512126
0.510049
0.518994
0.498883
0.514833
0.504985
0.506558
0.530146
0.530822
0.514181
0.524034
0.510612
0.518277
0.511414
0.510847
0.528021
0.510854
0.519501
0.519965
0.508345
0.508216
0.614559
0.525221
0.524221
0.735241
0.516917
0.531986
0.532706
0.513707
0.697599
0.522685
0.67426
0.628718
0.530682
0.518181
0.507717
0.503412
0.505919
0.504503
0.502808
0.508483
0.534616
0.505872
0.511752
0.51208
0.535031
0.512347
0.517885
0.509048
0.578662
0.511979
0.510627
0.506592
0.522602
0.519102
0.647083
0.517082
0.524387
0.529215
0.517511
0.510277
0.543786
0.521158
0.510378
0.523219
0.525019
0.512029
0.530917
0.57776
0.525714
0.514002
0.525501
0.523122
0.52128
0.526644
0.5145
0.509779
0.510299
0.507252
0.523156
0.51061
0.515401
0.518247
0.526404
0.520308
0.51406
0.516135
0.519001
0.533678
0.530535
0.542516
0.509849
0.529599
0.515642
0.539169
0.51091
0.506217
0.510636
0.512036
0.515129
0.642596
0.50484
0.512262
0.511823
0.502171
0.524597
0.506429
0.527997
0.516014
0.522484
0.522022
0.502849
0.51881
0.517677
0.507491
0.52088
0.518057
0.504981
0.503281
0.510499
0.512719
0.516683
0.59372
0.538744
0.518236
0.515223
0.507119
0.505771
0.52382
0.516973
0.52054
0.511698
0.522232
0.522159
0.519174
0.521117
0.519918
0.512555
0.505002
0.518856
0.520481
0.510053
0.538885
0.629132
0.571064
0.509161
0.502169
0.532459
0.525914
0.482248
0.53612
0.516572
0.503933
0.51909
0.508012
0.489449
0.505178
0.518817
0.504952
0.508518
0.50747
0.525245
0.507814
0.530514
0.512089
0.514469
0.531571
0.516639
0.544481
0.526218
0.512557
0.501287
0.523973
0.523557
0.523833
0.518593
0.554602
0.513021
0.50997
0.525152
0.520433
0.502533
0.510816
0.508935
0.517722
0.522158
0.518729
0.514973
0.506748
0.521766
0.528337
0.512594
0.507399
0.521144
0.51556
0.658446
0.519399
