0.624521
0.606195
0.527617
0.526073
0.518065
0.524297
0.525195
0.524238
0.523914
0.514235
0.510226
0.533258
0.527361
0.519888
0.523624
0.515104
0.512098
0.548454
0.508934
0.502893
0.502767
0.507303
0.503465
0.507978
0.529976
0.531427
0.527824
0.516223
0.521252
0.506421
0.504466
0.508708
0.524654
0.497364
0.507927
0.726258
0.510366
0.515793
0.50641
0.511289
0.524057
0.520928
0.518318
0.508416
0.518532
0.522469
0.522259
0.516011
0.518454
0.517065
0.52946
0.535668
0.542243
0.50975
0.508344
0.506295
0.511354
0.514112
0.507393
0.504403
0.507554
0.508192
0.514033
0.513649
0.663588
0.688529
0.508187
0.535885
0.504491
0.508985
0.526192
0.52221
0.516684
0.514146
0.508706
0.504932
0.509407
0.518552
0.525155
0.532426
0.534812
0.512724
0.513873
0.517362
0.518401
0.510541
0.619933
0.593776
0.600123
0.518894
0.524634
0.515594
0.512379
0.513314
0.508177
0.512049
0.515138
0.509533
0.509572
0.532883
0.532626
0.509328
0.514235
0.514918
0.525248
0.524495
0.742343
0.501139
0.513502
0.511932
0.496015
0.507394
0.510014
0.526673
0.518822
0.520861
0.523577
0.569474
0.570913
0.630966
0.62482
0.531079
0.520441
0.511233
0.506602
0.507251
0.508614
0.499753
0.504243
0.517506
0.523159
0.520506
0.72584
0.813092
0.500299
0.523725
0.520134
0.517019
0.520661
0.511137
0.506727
0.50511
0.508388
0.508204
0.514456
0.519723
0.501147
0.50666
0.516764
0.516237
0.582002
0.555677
0.509193
0.508547
0.507206
0.509131
0.506223
0.546859
0.540514
0.506978
0.525421
0.529021
0.514158
0.514024
0.50899
0.507461
0.510279
0.496955
0.515702
0.508442
0.512676
0.505377
0.515898
0.5152
0.514189
0.519941
0.51962
0.506204
0.502553
0.505238
0.505082
0.508935
0.528551
0.517795
0.52473
0.533099
0.51124
0.525202
0.506047
0.506094
0.506915
0.543488
0.539898
0.537706
0.519816
0.515362
0.519303
0.520558
0.517959
0.508402
0.616172
0.612979
0.510334
0.519208
0.515355
0.514017
0.510609
0.508474
0.634252
0.585518
0.57299
0.608429
0.510809
0.521918
0.523178
0.511369
0.508253
0.500941
0.524809
0.517327
0.520971
0.492372
0.500907
0.512105
0.51077
0.523535
0.526251
0.526303
0.530756
0.519613
0.525821
0.502209
0.510806
0.509311
0.507566
0.529543
0.526243
0.513718
0.516526
0.513627
0.683114
0.523639
0.524946
0.521909
0.524642
0.516368
0.51408
0.514983
0.510852
0.545703
0.493911
0.780317
0.515246
0.515155
0.513851
0.494773
0.519719
0.520089
0.506887
0.512536
0.51069
0.546105
0.543829
0.550027
0.525918
0.529007
0.527001
0.516462
0.518328
0.52476
0.51097
0.51033
0.516127
0.510779
0.511788
0.506361
0.508804
0.514322
0.510298
0.51168
0.510825
0.522175
0.5106
0.501099
0.502423
0.5124
0.515082
0.508963
0.508311
0.513335
0.517276
0.510345
0.513917
0.49573
0.515054
0.508392
0.540131
0.541863
0.510587
0.512632
0.511173
0.510778
0.502531
0.512542
0.514355
0.511015
0.529559
0.500044
0.507154
0.533609
0.514763
0.508708
0.672575
0.517764
0.524946
0.521646
0.511375
0.51118
0.521558
0.520707
0.506248
0.510527
0.51341
0.508043
0.510047
0.507847
0.512606
0.509477
0.510633
0.623035
0.586092
0.617796
0.517195
0.519405
0.510179
0.512323
0.522365
0.524525
0.520506
0.51279
0.521607
0.512836
0.500862
0.509028
0.518034
0.514491
0.557617
0.539152
0.518444
0.519751
0.514229
0.530041
0.526365
0.503762
0.50594
0.502408
0.508815
0.504414
0.507405
0.503611
0.53519
0.516049
0.516213
0.512071
0.513285
0.514946
0.531523
0.527891
0.514375
0.51175
0.510699
0.510974
0.510075
0.521138
0.499263
0.523265
0.522309
0.512054
0.527023
0.531388
0.52925
0.526622
0.522469
0.525648
0.518685
0.499481
0.509292
0.513982
0.519494
0.513723
0.500928
0.503984
0.547418
0.546771
0.501804
0.508028
0.506256
0.541519
0.538545
0.514928
0.501587
0.51747
0.514233
0.515039
0.512487
0.510829
0.655338
0.669012
0.687285
0.508838
0.50786
0.506515
0.505674
0.506637
0.699755
0.504218
0.504187
0.506011
0.530667
0.531188
0.509495
0.50463
0.505116
0.507622
0.533559
0.534897
0.504726
0.53913
0.532772
0.526211
0.527681
0.510386
0.536125
0.533375
0.534728
0.507923
0.535548
0.506683
0.532409
0.523729
0.519869
0.506044
0.506168
0.510571
0.508833
0.509989
0.512647
0.514286
0.509733
0.507005
0.56951
0.510093
0.512375
0.694568
0.695432
0.83322
0.579237
0.594022
0.655194
0.515918
0.549918
0.542285
0.519573
0.511117
0.50407
0.495441
0.501428
0.530896
0.529953
0.520311
0.524877
0.520636
0.518688
0.49944
0.509241
0.511035
0.513931
0.51013
0.521461
0.506118
0.504556
0.50932
0.520484
0.521387
0.505495
0.508928
0.53067
0.527715
0.50373
0.508219
0.558424
0.525492
0.524664
0.522505
0.523667
0.509498
0.503283
0.530138
0.518067
0.715668
0.527614
0.532874
0.538504
0.513045
0.51954
0.525258
0.519808
0.520559
0.516029
0.52196
0.511048
0.509614
0.511007
0.507227
0.532613
0.528868
0.525871
0.527817
0.51883
0.518399
0.51248
0.507892
0.508417
0.507997
0.524345
0.511538
0.514895
0.507991
0.511309
0.510897
0.493187
0.501799
0.511041
0.508698
0.517245
0.516278
0.51821
0.492446
0.562207
0.503438
0.564729
0.564143
0.522046
0.513326
0.509397
0.513127
0.511642
0.513157
0.53133
0.52834
0.512503
0.512733
0.51272
0.510704
0.513263
0.518218
0.675423
0.509975
0.509287
0.505696
0.515715
0.517346
0.612915
0.60815
0.504881
0.528112
0.52709
0.526267
0.534905
0.545396
0.540431
0.513309
0.517683
0.507298
0.929165
0.77586
0.510908
0.506739
0.511039
0.510847
0.517877
0.516063
0.517034
0.508776
0.505539
0.538245
0.544505
0.504562
0.540616
0.550496
0.505265
0.504783
0.509952
0.527245
0.533412
0.508967
0.516695
0.518084
0.548487
0.559741
0.50815
0.772766
0.849581
0.506479
0.500126
0.504955
0.508685
0.505238
0.504988
0.549833
0.52317
0.526326
0.50622
0.511933
0.511776
0.516946
0.511345
0.58504
0.527358
0.603172
0.511601
0.80816
0.776577
0.514315
0.5187
0.510102
0.508946
0.512477
0.526964
0.5229
0.503694
0.509094
0.505029
0.514192
0.512328
0.566216
0.513134
0.50293
0.520938
0.530907
0.523297
0.521453
0.517349
0.515262
0.492033
0.513264
0.532225
0.534589
0.518896
0.518346
0.508259
0.515898
0.518106
0.512969
0.501221
0.505448
0.509231
0.535099
0.528621
0.527028
0.501982
0.506656
0.522339
0.52301
0.502276
0.506463
0.512167
0.515515
0.508605
0.510855
0.526167
0.517932
0.522373
0.503527
0.515063
0.515372
0.496097
0.519018
0.513586
0.527177
0.531451
0.827323
0.51386
0.518562
0.520232
0.547566
0.526868
0.508768
0.533014
0.506263
0.509962
0.513103
0.517357
0.51714
0.507587
0.530891
0.516025
0.516808
0.516156
0.521455
0.517912
0.525746
0.524241
0.524011
0.512908
0.520209
0.536939
0.531004
0.518171
0.516758
0.53463
0.519588
0.519562
0.510213
0.511141
0.512087
0.525481
0.519345
0.520804
0.531214
0.535353
0.511325
0.521512
0.524134
0.523011
0.522971
0.52391
0.49571
0.508941
0.57051
0.511334
0.523375
0.504709
0.501201
0.507994
0.50163
0.51839
0.518793
0.51571
0.512266
0.560116
0.527382
0.530304
0.524092
0.504551
0.498659
0.506582
0.535885
0.512322
0.516654
0.508465
0.526151
0.524848
0.524153
0.566937
0.557782
0.555225
0.547092
0.502362
0.508135
0.507256
0.515498
0.51614
0.516481
0.532663
0.525463
0.526374
0.51072
0.52133
0.515938
0.508674
0.50969
0.519222
0.578052
0.563282
0.51133
0.505047
0.506546
0.510839
0.49955
0.511881
0.576915
0.548039
0.511352
0.508899
0.503107
0.504924
0.610505
0.692651
0.525801
0.530331
0.632632
0.50826
0.512724
0.514494
0.522281
0.519248
0.522191
0.518308
0.510274
0.49298
0.507956
0.523765
0.514936
0.513056
0.515255
0.502181
0.50652
0.50684
0.525258
0.499727
0.520736
0.520731
0.523113
0.526329
0.525879
0.508822
0.521902
0.52806
0.528532
0.523035
0.528447
0.526434
0.509304
0.510852
0.511101
0.512738
0.525016
0.52676
0.525166
0.525254
0.50685
0.511416
0.525301
0.512098
0.530597
0.52779
0.525874
0.492899
0.523008
0.516108
0.51567
0.559936
0.524279
0.511564
0.511068
0.714512
0.526838
0.511994
0.535767
0.507836
0.501961
0.521885
0.529511
0.524028
0.503946
0.504592
0.506153
0.500051
0.52291
0.509765
0.537821
0.520823
0.52083
0.524927
0.512946
0.511871
0.513835
0.515281
0.522388
0.52365
0.523472
0.521474
0.5263
0.510473
0.511461
0.509355
0.504477
0.506736
0.498058
0.504768
0.503101
0.539385
0.496839
0.494291
0.509616
0.506093
0.522487
0.51362
0.511735
0.509126
0.511876
0.511692
0.524737
0.531332
0.549651
0.546036
0.500573
0.51123
0.501875
0.516328
0.516692
0.503092
0.524184
0.552176
0.508715
0.568927
0.531962
0.528262
0.53068
0.557786
0.554917
0.523403
0.506719
0.506426
0.51853
0.517794
0.521756
0.508405
0.511084
0.511324
0.50998
0.53973
0.508184
0.51133
0.53383
0.515254
0.516079
0.517988
0.524914
0.526622
0.528257
0.507281
0.501654
0.517401
0.518015
0.529527
0.530643
0.524467
0.500781
0.504346
0.504642
0.512305
0.518273
0.516819
0.523321
0.498714
0.50726
0.504865
0.543934
0.508481
0.506407
0.509601
0.518186
0.51565
0.530369
0.730275
0.663844
0.504801
0.529377
0.513651
0.513474
0.52071
0.513244
0.511418
0.508383
0.509035
0.525096
0.529632
0.520128
0.510943
0.530362
0.530734
0.522248
0.499168
0.502469
0.505675
0.509956
0.503753
0.502835
0.544279
0.512459
0.509875
0.519446
0.519298
0.52284
0.553247
0.520985
0.516436
0.530518
0.519298
0.520404
0.528642
0.511919
0.52174
0.521331
0.588067
0.584987
0.509796
0.528947
0.524791
0.509934
0.513308
0.5145
0.504877
0.5147
0.506624
0.508516
0.512564
0.510796
0.497275
0.502868
0.523236
0.556845
0.517033
0.748
0.757339
0.655881
0.513576
0.512851
0.512872
0.510539
0.505648
0.510978
0.509645
0.511513
0.531926
0.50508
0.5085
0.50797
0.505531
0.510341
0.519943
0.511996
0.594049
0.520697
0.505509
0.50697
0.50711
0.52058
0.507062
0.510986
0.526728
0.521881
0.520729
0.508463
0.528147
0.530764
0.517396
0.519784
0.510727
0.501662
0.501858
0.778253
0.52889
0.538324
0.532276
0.601144
0.53543
0.506355
0.494687
0.511658
0.523677
0.516686
0.505374
0.509895
0.511788
0.511228
0.588773
0.510133
0.79434
0.534736
0.534914
0.525588
0.524655
0.521093
0.517654
0.530889
0.519428
0.52047
0.517663
0.506247
0.534803
0.513889
0.709724
0.671102
0.532674
0.507707
0.533789
0.520172
0.520342
0.505843
0.667126
0.540623
0.544333
0.535596
0.506819
0.510574
0.513772
0.533003
0.526823
0.534623
0.531771
0.501444
0.534895
0.516348
0.543057
0.514057
0.511848
0.509115
0.50925
0.717687
0.901399
0.513099
0.508422
0.705221
0.527605
0.526623
0.521626
0.513352
0.526831
0.509213
0.505414
0.506621
0.510585
0.764141
0.523477
0.511961
0.522601
0.507448
0.506799
0.507178
0.516
0.51505
0.520733
0.543489
0.506674
0.595833
0.508567
0.522319
0.519117
0.526938
0.515178
0.521362
0.529855
0.529158
0.517054
0.576444
0.525946
0.501835
0.509031
0.512421
0.511251
0.510235
0.496953
0.513763
0.509932
0.518928
0.531616
0.522315
0.513689
0.512212
0.528943
0.506983
0.523971
0.530031
0.526034
0.517041
0.524188
0.529969
0.696241
0.535135
0.533501
0.702745
0.516666
0.510378
0.495014
0.520629
0.49746
0.498774
0.512495
0.533474
0.517528
0.514312
0.532878
0.527921
0.522064
0.505955
0.503594
0.523498
0.515749
0.502665
0.531626
0.662528
0.505696
0.677129
0.5028
0.525244
0.522329
0.521687
0.517213
0.52119
0.511181
0.508352
0.51028
0.503691
0.513286
0.506073
0.527072
0.529681
0.503862
0.505288
0.547184
0.549595
0.519626
0.518473
0.542659
0.521434
0.507238
0.524473
0.529736
0.529024
0.506848
0.546123
0.495455
0.505097
0.509607
0.520531
0.512403
0.505738
0.503642
0.506656
0.506245
0.506662
0.50559
0.686699
0.507549
0.505811
0.508613
0.520244
0.519969
0.506577
0.508252
0.527625
0.524809
0.519561
0.536293
0.512503
0.508762
0.507615
0.511971
0.56324
0.530876
0.505613
0.508281
0.503724
0.526463
0.530991
0.770452
0.526767
0.527453
0.561672
0.525795
0.545477
0.554597
0.545419
0.51136
0.511456
0.510566
0.511768
0.530446
0.502393
0.504327
0.522989
0.519919
0.515887
0.502741
0.52687
0.525587
0.50026
0.524454
0.524511
0.503836
0.544335
0.527149
0.507496
0.594709
0.575654
0.524615
0.507262
0.511283
0.516391
0.509851
0.500868
0.499181
0.505334
0.510236
0.516189
0.519484
0.523705
0.520299
0.517024
0.505821
0.509748
0.508819
0.509247
0.499164
0.517183
0.511339
0.513002
0.525368
0.522711
0.667883
0.507181
0.509596
0.640228
0.519037
0.517653
0.506506
0.505133
0.566897
0.495024
0.500633
0.515564
0.517552
0.510948
0.822451
0.527899
0.533425
0.532264
0.514074
0.534395
0.515887
0.50187
0.522099
0.516171
0.512764
0.542601
0.503609
0.506574
0.507009
0.528544
0.502173
0.514795
0.592519
0.529798
0.529581
0.524774
0.528569
0.514153
0.535137
0.531378
0.528744
0.522855
0.574795
0.507433
0.51125
0.524362
0.523345
0.519239
0.591987
0.506111
0.546912
0.516255
0.518153
0.504422
0.52585
0.541535
0.528419
0.532209
0.523513
0.556373
0.508152
0.534018
0.506003
0.521402
0.550158
0.557393
0.56331
0.502589
0.502227
0.509596
0.516019
0.49497
0.521333
0.593799
0.625555
0.611014
0.522259
0.511829
0.519463
0.498552
0.499818
0.50181
0.50189
0.506328
0.509806
0.514043
0.529752
0.617783
0.536676
0.532001
0.519804
0.752971
0.515289
0.503727
0.533879
0.549947
0.635122
0.51805
0.505251
0.4999
0.497171
0.513388
0.68581
0.679396
0.535158
0.534087
0.561892
0.507069
0.506284
0.534087
0.508021
0.501038
0.517521
0.527737
0.508028
0.50831
0.489156
0.507988
0.717339
0.504631
0.506435
0.532259
0.521344
0.496267
0.513692
0.51335
0.513555
0.508216
0.548017
0.548904
0.548395
0.514973
0.517897
0.517102
0.523302
0.53309
0.521041
0.532572
0.49765
0.514015
0.506549
0.491826
0.50477
0.524635
0.499619
0.631975
0.511224
0.503651
0.517643
0.521316
0.529878
0.517008
0.537997
0.643496
0.682242
0.553382
0.509021
0.522224
0.523139
0.523452
0.516638
0.494877
0.519798
0.537073
0.528029
0.517119
0.514192
0.526862
0.512659
0.554248
0.498684
0.507428
0.525044
0.522698
0.52585
0.523371
0.528511
0.509953
0.513498
0.520294
0.511412
0.532335
0.513696
0.509787
0.507469
0.5079
0.50457
0.513328
0.512563
0.51142
0.515412
0.569781
0.512189
0.530808
0.628899
0.510007
0.499347
0.514622
0.528603
0.606047
0.515705
0.52053
0.508173
0.503912
0.511004
0.511923
0.502762
0.532239
0.515035
0.52935
0.50479
0.517612
0.518899
0.575865
0.505692
0.519946
0.52353
0.529677
0.533637
0.528521
0.517329
0.500491
0.528581
0.498821
0.506009
0.494878
0.495165
0.508277
0.535009
0.531974
0.500078
0.523905
0.524973
0.502392
0.517968
0.538512
0.503611
0.519897
0.512747
0.507374
0.515442
0.502829
0.523996
0.524346
0.57965
0.509873
0.514921
0.502125
0.502991
0.503671
0.542805
0.501649
0.504301
0.515891
0.497662
0.50475
0.506839
0.501765
0.530874
0.531404
0.508256
0.504156
0.508748
0.523282
0.59655
0.509568
0.583659
0.495863
0.498666
0.518686
0.56714
0.50396
0.515363
0.513131
0.517868
0.511786
0.556581
0.518327
0.522508
0.523133
0.516121
0.529394
0.498714
0.52331
0.641331
0.513366
0.603212
0.568991
0.559779
0.497067
0.533016
0.518768
0.502887
0.523512
0.499975
0.545059
0.497057
0.493387
0.531629
0.706913
0.741518
0.517376
0.521778
0.527797
0.507047
0.501302
0.501705
0.521158
0.500323
0.50195
0.524435
0.512534
0.50183
0.497599
0.528619
0.507646
0.518953
0.491673
0.530191
0.67041
0.531833
0.538183
0.518783
0.505478
0.633643
0.502844
0.532164
0.533231
0.510088
0.506852
0.505177
0.510226
0.503304
0.539435
0.507466
0.530361
0.59258
0.531311
0.549361
0.506213
0.525449
0.509407
0.519264
0.543445
0.515377
0.511315
0.511978
0.607669
0.511286
0.516539
0.515813
0.507797
0.507419
0.508172
0.508184
0.514141
0.512243
0.519521
0.546947
0.542942
0.526474
0.502033
0.50727
0.506213
0.512407
0.508655
0.529731
0.532904
0.514338
0.554254
0.711812
0.516171
0.525309
0.529661
0.533698
0.513589
0.50828
0.51554
0.519714
0.784767
0.563661
0.518346
0.508267
0.511236
0.502516
0.513511
0.51289
0.507115
0.511758
0.511338
0.529651
0.530945
0.511636
0.522902
0.517019
0.512589
0.526816
0.512191
0.514278
0.526437
0.507805
0.501005
0.515828
0.74408
0.533222
0.511703
0.520186
0.523164
0.509387
0.509069
0.513374
0.51511
0.506669
0.515287
0.548826
0.51594
0.529052
0.514638
0.525751
0.509443
0.51757
0.516316
0.514754
0.512252
0.531325
0.532263
0.53835
0.523147
0.536192
0.534892
0.538588
0.549348
0.516919
0.514265
0.52359
0.519783
0.521181
0.518405
0.51572
0.509638
0.511108
0.516294
0.500306
0.527899
0.509043
0.51352
0.512086
0.551943
0.514797
0.511367
0.526872
0.515558
0.507239
0.51192
0.52583
0.52187
0.509706
0.511982
0.508673
0.517123
0.516016
0.671913
0.530113
0.566064
0.567508
0.509047
0.538128
0.515076
0.666177
0.512145
0.512705
0.517143
0.525555
0.506676
0.537219
0.584197
0.514702
0.514523
0.527967
0.790951
0.511298
0.514698
0.503649
0.518569
0.526973
0.558791
0.504866
0.565563
0.510087
0.526353
0.508077
0.509791
0.511712
0.51485
0.525479
0.704392
0.517206
0.51419
0.521552
0.503941
0.507803
0.525239
0.512466
0.528646
0.665586
0.509954
0.50788
0.576794
0.506737
0.517112
0.666661
0.513175
0.515697
0.518725
0.517853
0.515162
0.527954
0.501508
0.512602
0.509356
0.512338
0.587178
0.605116
0.560333
0.517146
0.510141
0.513066
0.564612
0.509484
0.542764
0.509242
0.532275
0.52125
0.508844
0.507811
0.506123
0.529564
0.506121
0.507059
0.539722
0.546069
0.5161
0.505377
0.532285
0.512894
0.541536
0.615409
0.609068
0.511997
0.512501
0.538707
0.519028
0.516374
0.515959
0.513017
0.510754
0.705858
0.517066
0.529894
0.514618
0.530281
0.512467
0.51067
0.51054
0.521239
0.517021
0.518557
0.54256
0.510924
0.513846
0.533955
0.52705
0.521742
0.511368
0.517313
0.518194
0.51855
0.50862
0.617324
0.505028
0.53384
0.535149
0.515046
0.522717
0.519135
0.525453
0.562004
0.516163
0.516227
0.513408
0.511153
0.488741
0.513848
0.516318
0.531101
0.523725
0.510881
0.516599
0.510512
0.51071
0.516394
0.527485
0.525135
0.522922
0.513019
0.511645
0.536801
0.530257
0.518792
0.52865
0.504917
0.531862
0.521868
0.510306
0.836137
0.753441
0.527202
0.530147
0.50961
0.511432
0.513299
0.503576
0.51509
0.508139
0.511285
0.508765
0.510581
0.512519
0.509025
0.518887
0.510441
0.514979
0.510809
0.510702
0.509462
0.507701
0.528548
0.514043
0.531238
0.523862
0.509694
0.514871
0.518997
0.518514
0.519216
0.519064
0.510557
0.539045
0.539776
0.512882
0.519345
0.534853
0.51866
0.762339
0.532972
0.534457
0.508386
0.512965
0.571556
0.506039
0.826565
0.532063
0.5135
0.510755
0.52886
0.545755
0.512646
0.501308
0.520287
0.607346
0.507148
0.516928
0.519935
0.525213
0.504734
0.500532
0.499968
0.527307
0.512477
0.509501
0.502752
0.549364
0.514174
0.534247
0.525996
0.526942
0.513989
0.51451
0.523317
0.519149
0.514927
0.507911
0.502715
0.520189
0.526409
0.504873
0.775492
0.512077
0.51707
0.520695
0.503531
0.527623
0.528096
0.520652
0.52208
0.515584
0.503654
0.519072
0.510068
0.516103
0.499738
0.51108
0.515632
0.517749
0.519113
0.520339
0.511569
0.510109
0.513962
0.514044
0.504756
0.626811
0.515735
0.501519
0.507925
0.507841
0.522795
0.513024
0.622445
0.509097
0.519231
0.529594
0.521737
0.510124
0.518137
0.512662
0.519867
0.511705
0.530231
0.516598
0.521156
0.524692
0.519164
0.526427
0.512331
0.503731
0.505002
0.501999
0.503627
0.527271
0.516102
0.652461
0.508797
0.523332
0.508557
0.509269
0.516569
0.491943
0.525765
0.534114
0.516928
0.50997
0.705274
0.512387
0.689801
0.719571
0.512736
0.506047
0.510043
0.519608
0.522269
0.511276
0.511634
0.517551
0.523534
0.502868
0.53547
0.548613
0.542156
0.519065
0.536051
0.524019
0.680665
0.509961
0.527007
0.511093
0.529745
0.514856
0.525921
0.517199
0.508004
0.517062
0.51969
0.51777
0.517397
0.509781
0.532635
0.513402
0.512584
0.515112
0.512556
0.518385
0.511939
0.574808
0.598417
0.52616
0.593448
0.505221
0.514907
0.511724
0.532002
0.501615
0.543658
0.517845
0.508784
0.51199
0.600463
0.517956
0.674843
0.531703
0.514287
0.518677
0.550392
0.511229
0.509108
0.501396
0.506622
0.510916
0.505082
0.526804
0.503508
0.556103
0.515997
0.514076
0.521636
0.82985
0.55289
0.519053
0.517862
0.537585
0.516254
0.537719
0.50846
0.530088
0.509737
0.522647
0.524717
0.570481
0.510375
0.502581
0.509421
0.518292
0.504578
0.660723
0.512024
0.51949
0.51272
0.521634
0.67496
0.514584
0.507378
0.522178
0.523627
0.800472
0.515809
0.503397
0.510389
0.509476
0.515081
0.510433
0.704629
0.518652
0.504163
0.530249
0.777944
0.501008
0.5177
0.51564
0.514979
0.510877
0.522741
0.505617
0.522911
0.515506
0.514533
0.504704
0.506584
0.518165
0.51979
0.527937
0.506637
0.518198
0.509429
0.518315
0.530603
0.524001
0.503344
0.520162
0.509995
0.516572
0.521382
0.523894
0.518964
0.517714
0.696188
0.575739
0.49657
0.534662
0.525537
0.525007
0.515411
0.515111
0.516931
0.515
0.529294
0.522855
0.508098
0.513593
0.510666
0.529259
0.571095
0.562074
0.639303
0.531954
0.514727
0.518646
0.51137
