0.522809
0.525416
0.526036
0.529735
0.522771
0.527143
0.526135
0.522069
0.518896
0.523828
0.523093
0.522023
0.526088
0.527551
0.526072
0.51692
0.52573
0.527035
0.525835
0.519918
0.52663
0.527142
0.528391
0.528898
0.521958
0.518555
0.5251
0.522233
0.523268
0.50654
0.515107
0.51987
0.511817
0.516677
0.52421
0.513919
0.523626
0.526851
0.527059
0.525868
0.524379
0.520584
0.523726
0.521957
0.523828
0.526103
0.525182
0.527527
0.526836
0.519573
0.512998
0.518866
0.525075
0.523793
0.515148
0.526558
0.527708
0.526669
0.525685
0.525017
0.522718
0.516478
0.510724
0.519205
0.517326
0.518454
0.527828
0.522091
0.525563
0.520735
0.518736
0.527051
0.523424
0.516919
0.517864
0.527088
0.522706
0.52605
0.523279
0.525468
0.525434
0.528566
0.527659
0.524521
0.529911
0.526871
0.524192
0.527793
0.528773
0.525272
0.519111
0.527259
0.525367
0.521472
0.525557
0.51893
0.521776
0.527028
0.525708
0.524117
0.523735
0.531273
0.527677
0.527262
0.522982
0.522255
0.520222
0.516283
0.525234
0.521091
0.527999
0.519833
0.520736
0.526248
0.520125
0.522564
0.526911
0.525329
0.527305
0.523554
0.518432
0.526053
0.521323
0.520824
0.506148
0.529909
0.516889
0.522119
0.529506
0.524977
0.520673
0.516824
0.526195
0.524411
0.528516
0.519787
0.526255
0.515334
0.521457
0.52087
0.525929
0.528189
0.524415
0.529468
0.525347
0.526099
0.526925
0.520104
0.52667
0.526569
0.525634
0.524965
0.520655
0.527702
0.527696
0.519181
0.519263
0.525481
0.527762
0.519495
0.522141
0.521942
0.528153
0.523887
0.528294
0.527284
0.522782
0.509572
0.518919
0.527025
0.517408
0.528463
0.526085
0.52568
0.519285
0.520075
0.526745
0.526969
0.526096
0.516563
0.515811
0.522299
0.527344
0.513392
0.527017
0.524575
0.527341
0.52033
0.522363
0.525938
0.525699
0.522923
0.518516
0.527232
0.519426
0.523936
0.521879
0.526464
0.522375
0.525612
0.52184
0.517617
0.513809
0.529667
0.516098
0.528299
0.523915
0.504694
0.51848
0.520677
0.525273
0.528827
0.525879
0.529707
0.52495
0.515751
0.526511
0.513553
0.515076
0.52722
0.52345
0.524091
0.526525
0.52339
0.523692
0.523095
0.524124
0.520235
0.522803
0.528138
0.5255
0.526724
0.518221
0.519897
0.525316
0.519473
0.513145
0.523463
0.524476
0.523831
0.51923
0.525873
0.526123
0.519739
0.526676
0.51764
0.521433
0.529952
0.519023
0.521508
0.524964
0.520562
0.525186
0.524807
0.524993
0.519656
0.527766
0.522174
0.5249
0.518816
0.524792
0.519149
0.523926
0.522502
0.525624
0.529132
0.529526
0.525673
0.520028
0.517517
0.523612
0.516828
0.528343
0.524816
0.526379
0.523443
0.52386
0.529344
0.52718
0.526085
0.524517
