0.523673
0.527113
0.525498
0.525093
0.534334
0.518805
0.53223
0.523985
0.525384
0.517708
0.518647
0.519474
0.518659
0.512664
0.523732
0.542931
0.536608
0.540597
0.541819
0.537639
0.525441
0.526521
0.537541
0.53422
0.537208
0.53751
0.532598
0.532399
0.531974
0.521669
0.527521
0.519805
0.528669
0.546609
0.525468
0.529057
0.522668
0.527011
0.541857
0.541167
0.513844
0.522226
0.513603
0.532446
0.527983
0.529595
0.527424
0.520582
0.521763
0.521221
0.519174
0.518523
0.520509
0.535246
0.535132
0.52337
0.53508
0.526134
0.529012
0.536573
0.528328
0.53819
0.526471
0.541016
0.528448
0.513745
0.52558
0.528494
0.517911
0.517517
0.522055
0.521177
0.526619
0.522954
0.51777
0.547924
0.559052
0.521575
0.521125
0.521
0.523219
0.53106
0.5251
0.524855
0.534082
0.551748
0.514071
0.517038
0.522728
0.521338
0.533472
0.538614
0.550703
0.539107
0.547911
0.550044
0.515631
0.544459
0.532704
0.525655
0.523326
0.529389
0.529794
0.521511
0.522926
0.538281
0.521584
0.527663
0.535876
0.535235
0.536102
0.532594
0.533834
0.531863
0.52733
0.537244
0.526763
0.535344
0.527701
0.527019
0.528269
0.530432
0.529136
0.527559
0.526971
0.531522
0.527458
0.532368
0.519584
0.521458
0.538279
0.514468
0.516918
0.519757
0.520156
0.520057
0.54164
0.540485
0.537902
0.547511
0.542908
0.530215
0.51572
0.519079
0.519113
0.521813
0.525619
0.518321
0.52434
0.52521
0.522106
0.52225
0.530822
0.53478
0.534193
0.52391
0.522022
0.522399
0.522847
0.527671
0.522245
0.522192
0.542276
0.538965
0.508517
0.531453
0.526862
0.536758
0.533885
0.542933
0.526102
0.526584
0.523916
0.524359
0.52385
0.530322
0.528351
0.525596
0.516967
0.520786
0.518545
0.519393
0.52226
0.522917
0.521904
0.527394
0.522674
0.523306
0.522669
0.52137
0.519701
0.520342
0.519525
0.510298
0.519052
0.515763
0.54692
0.531071
0.533283
0.519105
0.517723
0.530561
0.539243
0.519532
0.523045
0.533812
0.544853
0.543532
0.529899
0.528596
0.52952
0.506199
0.510452
0.524809
0.525406
0.540932
0.531357
0.533202
0.535166
0.534437
0.521773
0.545792
0.537917
0.537053
0.520167
0.526225
0.523076
0.536962
0.525241
0.535807
0.522615
0.521781
0.528049
0.523763
0.52182
0.521538
0.52798
0.526914
0.530757
0.532661
0.537841
0.537608
0.536103
0.523936
0.524165
0.527308
0.517722
0.522237
0.543927
0.526898
0.531656
0.520224
0.511305
0.522069
0.521301
0.534211
0.538323
0.52059
0.522544
0.521606
0.520632
0.548557
0.52789
0.521414
0.525426
0.527398
0.529312
0.527066
0.529379
0.523759
0.520555
0.519199
0.545726
0.53359
0.549307
0.533917
0.513313
0.516219
0.516227
0.520095
0.520162
0.527233
0.524846
0.526833
0.530853
0.52766
0.514788
0.507611
0.517207
0.535859
0.51789
0.528833
0.532693
0.536099
0.521798
0.529483
0.534957
0.51899
0.519136
0.531329
0.523937
0.53653
0.529583
0.521188
0.525417
0.522507
0.525187
0.524318
0.522982
0.524545
0.527863
0.52786
0.523189
0.508551
0.515154
0.52194
0.522136
0.525627
0.525939
0.520049
0.522363
0.537403
0.53187
0.517634
0.533291
0.531149
0.525763
0.53385
0.530248
0.53147
0.527869
0.532341
0.535334
0.532969
0.533653
0.538438
0.545514
0.536694
0.52596
0.526233
0.531082
0.533203
0.521689
0.530011
0.519786
0.520972
0.519769
0.521357
0.523927
0.523961
0.534644
0.529043
0.534946
0.53739
0.537793
0.526965
0.530126
0.530269
0.522476
0.525245
0.523856
0.524957
0.537494
0.528418
0.515577
0.532097
0.520658
0.514689
0.514567
0.522641
0.52372
0.522372
0.527909
0.52423
0.522798
0.525751
0.529804
0.525978
0.526717
0.522818
0.519826
0.519911
0.525315
0.522006
0.519931
0.526206
0.527653
0.517681
0.527819
0.53168
0.528082
0.529566
0.524146
0.527837
0.520416
0.530784
0.513956
0.507338
0.531223
0.515834
0.537944
0.525451
0.529123
0.528819
0.524226
0.525796
0.552343
0.550786
0.536029
0.528188
0.524973
0.526138
0.523098
0.521536
0.52174
0.523463
0.525985
0.535391
0.529866
0.514748
0.514078
0.527855
0.527986
0.534031
0.529774
0.519866
0.527462
0.520505
0.529279
0.521033
0.526389
0.52592
0.525573
0.513176
0.511849
0.515774
0.525105
0.533056
0.528955
0.529516
0.563443
0.519901
0.531065
0.528942
0.528914
0.524857
0.526875
0.522106
0.556455
0.525013
0.517174
0.522909
0.531252
0.542725
0.52486
0.534849
0.52905
0.533437
0.533805
0.52518
0.524183
0.521614
0.532476
0.528971
0.524491
0.527847
0.526351
0.541754
0.523797
0.522383
0.526644
0.526986
0.524168
0.516676
0.521941
0.530133
0.53408
0.529103
0.523583
0.522163
0.523432
0.532703
0.522817
0.521576
0.53316
0.524568
0.544808
0.522532
0.532279
0.540007
0.530204
0.533373
0.524486
0.519171
0.521559
0.526036
0.516988
0.535731
0.521219
0.520313
0.531888
0.52378
0.526356
0.536511
0.515155
0.518164
0.506937
0.522269
0.522405
0.529742
0.529713
0.537475
0.533734
0.527443
0.526792
0.526288
0.529795
0.52272
0.522417
0.520048
0.526461
0.519415
0.519008
0.509317
0.5123
0.513976
0.524248
0.530565
0.517825
0.512693
0.541649
0.52246
0.523249
0.519116
0.520134
0.527768
0.535946
0.534418
0.522244
0.525137
0.524226
0.522738
0.522481
0.522556
0.525185
0.528956
0.531005
0.533772
0.545885
0.522345
0.530593
0.535829
0.532262
0.534268
0.543283
0.528112
0.529085
0.519499
0.522947
0.52726
0.533108
0.522408
0.522196
0.517378
0.524066
0.527553
0.528349
0.538856
0.53543
0.527814
0.547724
0.517874
0.519939
0.514977
0.509286
0.510626
0.531803
0.530653
0.519186
0.522975
0.509137
0.5129
0.523649
0.522059
0.535153
0.526163
0.522468
0.519187
0.526029
0.518511
0.529422
0.525358
0.530089
0.522864
0.523525
0.522547
0.52231
0.528369
0.529847
0.528407
0.530304
0.555188
0.524419
0.536441
0.537487
0.520988
0.521343
0.522654
0.530176
0.53049
0.543738
0.520091
0.523216
0.53666
0.526024
0.526551
0.525968
0.526958
0.529096
0.529377
0.528631
0.530402
0.528188
0.521705
0.519369
0.524256
0.521723
0.522479
0.526042
0.523894
0.519947
0.528913
0.521184
0.521554
0.541385
0.523147
0.525661
0.530842
0.522165
0.509215
0.526278
0.525665
0.538992
0.533653
0.521412
0.522489
0.523199
0.525837
0.52127
0.527906
0.530847
0.525887
0.523932
0.529459
0.52686
0.530017
0.52105
0.531266
0.536451
0.535336
0.532941
0.526308
0.523402
0.523083
0.530205
0.525661
0.524008
0.526921
0.527876
0.525519
0.52896
0.527155
0.529634
0.50863
0.518392
0.521486
0.521447
0.520292
0.518824
0.547318
0.526596
0.527577
0.53014
0.528838
0.528322
0.529765
0.5226
0.516899
0.528063
0.528512
0.52735
0.529915
0.524516
0.532707
0.526789
0.525757
0.522191
0.52776
0.523271
0.523417
0.516884
0.521919
0.523306
0.521109
0.529092
0.537296
0.52274
0.53568
0.520611
0.541968
0.52639
0.531463
0.538508
0.526701
0.539551
0.527062
0.533067
0.527499
0.526166
0.525363
0.52077
0.525578
0.523709
0.531731
0.53009
0.528473
0.523814
0.529411
0.524746
0.524897
0.529323
0.530038
0.529821
0.526607
0.521476
0.521169
0.526015
0.527563
0.527366
0.5241
0.538148
0.526193
0.526858
0.526613
0.532026
0.521109
0.506242
0.530114
0.523025
0.527775
0.513565
0.521327
0.521621
0.524503
0.530682
0.524739
0.534577
0.52174
0.527591
0.517967
0.532711
0.514495
0.533405
0.533922
0.534758
0.517517
0.531569
0.52975
0.526357
0.528895
0.517985
0.530731
0.530729
0.521376
0.52864
0.523724
0.529216
0.522464
0.52011
0.523026
0.530303
0.514841
0.521725
0.51902
0.510018
0.536495
0.522065
0.534446
0.519306
0.525618
0.53045
0.526887
0.518873
0.541234
0.508412
0.549244
0.545178
0.53055
0.526639
0.529718
0.518215
0.516949
0.516264
0.518988
0.521277
0.527703
0.522033
0.521406
0.518623
0.523039
0.521415
0.527479
0.521828
0.528606
0.530436
0.520844
0.520831
0.521276
0.525202
0.512452
0.531197
0.526402
0.520936
0.532668
0.545706
0.526338
0.524147
0.535935
0.543039
0.537944
0.524537
0.528618
0.526741
0.529888
0.521455
0.522359
0.510068
0.512995
0.521387
0.52447
0.526362
0.523745
0.523426
0.530482
0.521633
0.53116
0.532225
0.533128
0.538916
0.537008
0.529343
0.527133
0.521641
0.527698
0.526384
0.519191
0.53841
0.538796
0.523936
0.527098
0.516172
0.521786
0.528531
0.516187
0.517649
0.527107
0.52453
0.528399
0.5251
0.545046
0.533086
0.518869
0.521075
0.525658
0.525139
0.521275
0.518787
0.539246
0.53291
0.527651
0.530115
0.531567
0.517578
0.519152
0.529594
0.531376
0.528486
0.506064
0.527341
0.528424
0.528053
0.535565
0.529211
0.523731
0.536991
0.533206
0.525768
0.526861
0.529974
0.53487
0.527717
0.534037
0.507869
0.544564
0.533874
0.528011
0.520619
0.544134
0.533426
0.531858
0.522207
0.524123
0.535401
0.520966
0.524364
0.525931
0.523214
0.532098
0.528579
0.525875
0.530733
0.53294
0.52755
0.527687
0.532681
0.537389
0.526028
0.522576
0.541401
0.541791
0.527209
0.533175
0.518709
0.535791
0.531004
0.525503
0.523994
0.524597
0.545618
0.522018
0.522365
0.523738
0.52461
0.525639
0.527303
0.530776
0.525532
0.511296
0.528009
0.521938
0.550607
0.528004
0.520575
0.527152
0.528889
0.533539
0.53107
0.522169
0.510873
0.529485
0.521683
0.520264
0.519045
0.52918
0.531112
0.522816
0.524961
0.531089
0.528782
0.515756
0.521329
0.53066
0.527579
0.522301
0.523292
0.533254
0.524902
0.532635
0.532621
0.528889
0.532586
0.526581
0.527765
0.531192
0.522431
0.526804
0.524936
0.526911
0.534276
0.53275
0.526398
0.523849
0.52177
0.554506
0.523097
0.524018
0.527588
0.528612
0.520432
0.533649
0.536156
0.524118
0.522458
0.528992
0.515161
0.522479
0.516506
0.517688
0.52802
0.526033
0.527987
0.51915
0.540394
0.529916
0.532151
0.530849
0.513121
0.530797
0.521136
0.521263
0.521354
0.53197
0.523232
0.52525
0.540315
0.522577
0.529564
0.538709
0.527613
0.533827
0.514781
0.532058
0.549353
0.517632
0.518332
0.510353
0.519778
0.545459
0.52945
0.532075
0.539773
0.527207
0.518235
0.515693
0.534181
0.52274
0.520855
0.5219
0.529583
0.530824
0.518212
0.520849
0.53158
0.519038
0.51312
0.528159
0.529344
0.522683
0.508675
0.510796
0.528396
0.51833
0.525565
0.530146
0.533503
0.535429
0.530043
0.541705
0.523669
0.520202
0.526887
0.520222
0.521482
0.522132
0.526806
0.522004
0.521343
0.542343
0.527514
0.527755
0.517246
0.524565
0.53466
0.512712
0.526368
0.521887
0.522165
0.523357
0.521467
0.518032
0.509134
0.520274
0.524759
0.537515
0.509263
0.513907
0.525697
0.525307
0.521368
0.53272
0.544445
0.537512
0.531115
0.532708
0.526132
0.506856
0.524397
0.521824
0.565375
0.521464
0.526179
0.50663
0.523473
0.521508
0.521469
0.524402
0.509582
0.53566
0.5124
0.515178
0.52704
0.539239
0.527692
0.518623
0.529364
0.516791
0.517042
0.525803
0.526396
0.522248
0.538888
0.52647
0.527019
0.519936
0.513508
0.513321
0.513403
0.525457
0.536552
0.523568
0.53702
0.528709
0.52535
0.522516
0.539419
0.506566
0.513949
0.521116
0.530042
0.525373
0.511975
0.518158
0.517684
0.520852
0.525287
0.52641
0.522273
0.51855
0.540636
0.51946
0.521447
0.528015
0.522407
0.52939
0.527135
0.524617
0.530115
0.532143
0.508449
0.512934
0.526249
0.530183
0.533969
0.517768
0.532048
0.509103
0.533335
0.530302
0.522595
0.508186
0.529022
0.530342
0.512766
0.509459
0.531473
0.51829
0.533752
0.526448
0.507338
0.520356
0.521195
0.521753
0.511146
0.518808
0.520761
0.519388
0.538514
0.514594
0.53051
0.528562
0.525803
0.525171
0.523323
0.521349
0.53224
0.52911
0.529987
0.525091
0.533516
0.513788
0.524376
0.518583
0.51288
0.511539
0.546023
0.527108
0.521182
0.522694
0.542373
0.526536
0.517561
0.517583
0.520895
0.504645
0.505731
0.520418
0.527461
0.519932
0.519189
0.523449
0.522068
0.524277
0.528766
0.524444
0.527527
0.523645
0.523365
0.51951
0.530323
0.523928
0.533879
0.526035
0.527135
0.521395
0.531848
0.524594
0.534629
0.506789
0.512271
0.520711
0.521928
0.528269
0.522539
0.521111
0.54721
0.52441
0.524967
0.53713
0.522887
0.532314
0.53593
0.529065
0.531264
0.508327
0.517285
0.525352
0.527859
0.523413
0.521378
0.520214
0.531354
0.520972
0.520534
0.521523
0.534659
0.520169
0.533025
0.530867
0.52414
0.527129
0.522536
0.521707
0.529267
0.522795
0.520614
0.527447
0.517331
0.53191
0.535656
0.521551
0.522701
0.521139
0.519516
0.520411
0.511924
0.512108
0.535657
0.527694
0.53422
0.521967
0.524298
0.523109
0.510872
0.534927
0.524581
0.529839
0.529768
0.521822
0.532598
0.527718
0.524677
0.536465
0.523997
0.532833
0.528935
0.543311
0.555791
0.533204
0.52301
0.532248
0.527062
0.520168
0.530746
0.515999
0.536044
0.527129
0.528963
0.535304
0.518938
0.512593
0.529737
0.528251
0.521571
0.521554
0.521875
0.530629
0.52179
0.540986
0.519227
0.533112
0.519605
0.524868
0.530708
0.530016
0.533982
0.535064
0.522978
0.520474
0.517058
0.520811
0.535105
0.524833
0.542882
0.513882
0.524219
0.523509
0.534732
0.549171
0.528345
0.521032
0.534644
0.513014
0.522721
0.52832
0.524764
0.526103
0.524756
0.526626
0.521403
0.520745
0.523309
0.522751
0.516827
0.517309
0.534833
0.52066
0.529231
0.532584
0.529844
0.542211
0.526763
0.531768
0.525223
0.529415
0.537294
0.534709
0.526297
0.521098
0.529733
0.523712
0.528472
0.523984
0.523821
0.532227
0.526449
0.515015
0.52778
0.525899
0.520208
0.528498
0.545222
0.523211
0.509555
0.524506
0.533994
0.522153
0.515005
0.518844
0.522266
0.543194
0.525777
0.526233
0.519858
0.528564
0.522923
0.523347
0.525545
0.517135
0.518765
0.540773
0.521509
0.532879
0.534557
0.528416
0.530698
0.522942
0.531376
0.535541
0.522347
0.544212
0.528598
0.504672
0.534102
0.527517
0.537165
0.533831
0.516567
0.516206
0.527648
0.522497
0.52103
0.520319
0.528023
0.535007
0.526584
0.515535
0.544492
0.51939
0.524015
0.519509
0.514825
0.536682
0.539389
0.518751
0.528239
0.534787
0.52569
0.528632
0.524768
0.52574
0.542059
0.524784
0.521206
0.522744
0.525617
0.527305
0.526885
0.523126
0.524127
0.516418
0.527234
0.517431
0.519425
0.524603
0.525084
0.519963
0.534495
0.523263
