0.647524
0.642291
0.516869
0.516259
0.521234
0.521738
0.50439
0.514236
0.523985
0.518437
0.511869
0.51382
0.510007
0.513586
0.504549
0.508849
0.53011
0.516111
0.524354
0.507125
0.505857
0.502939
0.494687
0.502965
0.501078
0.527804
0.524237
0.506027
0.658367
0.669787
0.51181
0.524425
0.516339
0.57994
0.613583
0.511568
0.512007
0.508906
0.505236
0.508737
0.611259
0.530913
0.495104
0.519005
0.510981
0.515934
0.517664
0.514528
0.532536
0.533039
0.53625
0.505387
0.508652
0.525934
0.510832
0.508138
0.502233
0.504431
0.514114
0.515597
0.520213
0.507369
0.511674
0.521134
0.516245
0.510456
0.517547
0.511338
0.530317
0.519216
0.519355
0.519071
0.517192
0.513274
0.515939
0.520297
0.515424
0.641074
0.621096
0.511159
0.515907
0.517671
0.520568
0.507005
0.510052
0.509139
0.509042
0.531639
0.529238
0.512224
0.515551
0.531015
0.521791
0.702341
0.51869
0.516463
0.514298
0.521397
0.525059
0.518406
0.524736
0.532611
0.526586
0.507185
0.512213
0.505648
0.507825
0.517909
0.517922
0.602797
0.607149
0.511219
0.529875
0.528924
0.531315
0.508326
0.509126
0.521804
0.52331
0.506009
0.502066
0.506924
0.517644
0.529298
0.526596
0.694296
0.516501
0.516257
0.514242
0.513
0.511871
0.511892
0.49961
0.499912
0.519078
0.51199
0.514667
0.514704
0.572519
0.566937
0.575318
0.51503
0.515451
0.521646
0.502913
0.505024
0.53892
0.533194
0.540258
0.515233
0.513689
0.5239
0.51505
0.507691
0.507543
0.494284
0.504819
0.509934
0.507322
0.511588
0.512109
0.508487
0.503399
0.508554
0.504697
0.528945
0.51524
0.519262
0.518088
0.53674
0.532748
0.520944
0.516844
0.509227
0.512334
0.508816
0.643795
0.509749
0.509153
0.519848
0.573876
0.560517
0.563547
0.505976
0.505959
0.50627
0.495363
0.49937
0.524151
0.514784
0.555991
0.55798
0.494797
0.508673
0.522258
0.525202
0.512363
0.505819
0.522672
0.511937
0.526553
0.519751
0.532951
0.529901
0.528769
0.525649
0.523051
0.504821
0.498355
0.508104
0.526157
0.528286
0.528445
0.507717
0.506697
0.508931
0.641393
0.516386
0.517436
0.517823
0.518247
0.531453
0.53521
0.505227
0.514636
0.51194
0.539645
0.533085
0.505727
0.517807
0.507876
0.518823
0.516478
0.520992
0.518782
0.52019
0.543391
0.527291
0.531416
0.516247
0.524465
0.507186
0.508665
0.509366
0.497641
0.516184
0.510396
0.505711
0.505872
0.507447
0.503883
0.50985
0.507759
0.501535
0.510785
0.511618
0.51168
0.527052
0.529972
0.525724
0.524521
0.518442
0.496696
0.507228
0.51099
0.516084
0.508974
0.513659
0.503699
0.517663
0.512498
0.49688
0.499131
0.502998
0.500477
0.506598
0.50894
0.506036
0.507562
0.52906
0.507701
0.504383
0.530629
0.534011
0.534861
0.644986
0.515647
0.525156
0.506149
0.512984
0.514913
0.51521
0.507792
0.509121
0.509218
0.507131
0.508817
0.510364
0.671988
0.51697
0.516078
0.522235
0.543768
0.540143
0.522063
0.514401
0.504643
0.514229
0.506031
0.526678
0.503621
0.506718
0.508649
0.784201
0.661636
0.510565
0.509607
0.517234
0.5084
0.507142
0.551067
0.515164
0.509497
0.527852
0.535214
0.523327
0.508669
0.530949
0.629429
0.595309
0.526905
0.521665
0.523507
0.522646
0.518444
0.555437
0.537069
0.506904
0.509462
0.516048
0.511517
0.514907
0.514339
0.514961
0.5096
0.519066
0.530159
0.511501
0.520844
0.549065
0.553065
0.538255
0.507793
0.510077
0.509559
0.51269
0.511504
0.520452
0.522884
0.504784
0.536491
0.537953
0.513602
0.513584
0.49146
0.515231
0.515328
0.519942
0.534187
0.505543
0.511348
0.600497
0.653471
0.641696
0.521742
0.52459
0.506743
0.506897
0.504202
0.524909
0.521368
0.504921
0.506901
0.528662
0.530155
0.55215
0.505513
0.506642
0.505909
0.530596
0.535502
0.507835
0.537765
0.528128
0.525045
0.529561
0.599943
0.516279
0.532347
0.531066
0.525862
0.531
0.533182
0.527716
0.531762
0.498818
0.53247
0.522312
0.513724
0.505107
0.510633
0.513674
0.507887
0.505811
0.512725
0.50643
0.508554
0.507169
0.51245
0.584691
0.525313
0.520984
0.781321
0.515017
0.577868
0.673836
0.515576
0.518683
0.542396
0.540542
0.543228
0.527497
0.53065
0.531583
0.530854
0.519062
0.525056
0.522178
0.521794
0.522587
0.512975
0.521952
0.518149
0.600348
0.513024
0.522159
0.525308
0.553476
0.550796
0.5138
0.509091
0.510385
0.51458
0.513933
0.518752
0.516538
0.506392
0.503514
0.507176
0.514224
0.520568
0.515272
0.507888
0.529718
0.501757
0.53106
0.515217
0.607068
0.638075
0.508908
0.506654
0.560106
0.525605
0.52022
0.535263
0.525998
0.51046
0.503506
0.526038
0.523172
0.526648
0.636645
0.625883
0.5176
0.523826
0.527896
0.538042
0.538442
0.521217
0.515173
0.510626
0.512636
0.521412
0.524658
0.524087
0.506711
0.516732
0.512611
0.517875
0.509031
0.508482
0.506526
0.5083
0.526845
0.529086
0.527632
0.526111
0.519011
0.508931
0.509214
0.506658
0.503832
0.520053
0.526079
0.508785
0.512114
0.509665
0.509925
0.510421
0.510974
0.492997
0.518693
0.524544
0.553863
0.572085
0.50482
0.50091
0.505258
0.523763
0.509871
0.512862
0.510868
0.51315
0.513951
0.529794
0.519916
0.508538
0.53137
0.534797
0.512782
0.512508
0.51119
0.513492
0.505362
0.50684
0.528702
0.520238
0.510162
0.506538
0.593719
0.621323
0.567928
0.504436
0.527764
0.542381
0.555253
0.53299
0.530198
0.536747
0.535828
0.520844
0.518557
0.532529
0.671843
0.69647
0.507883
0.506074
0.504518
0.511119
0.508618
0.511046
0.507423
0.510262
0.508651
0.514265
0.501805
0.513082
0.510572
0.530731
0.534099
0.500161
0.516775
0.507252
0.515552
0.533596
0.509363
0.505675
0.512156
0.505306
0.506401
0.502608
0.525496
0.528125
0.511892
0.511404
0.51048
0.508423
0.509311
0.523005
0.499395
0.54654
0.537155
0.507989
0.506328
0.613675
0.636377
0.649881
0.512521
0.553665
0.554465
0.523949
0.527291
0.500232
0.511522
0.506186
0.52876
0.513297
0.515516
0.53225
0.529939
0.506624
0.524011
0.525498
0.575996
0.519812
0.515842
0.51465
0.50962
0.503377
0.524588
0.523555
0.524949
0.50507
0.508168
0.514555
0.545753
0.503428
0.519088
0.502851
0.519401
0.515496
0.516945
0.684529
0.513646
0.530089
0.530927
0.528081
0.518577
0.517066
0.508312
0.526402
0.528141
0.511923
0.514807
0.501438
0.502523
0.529657
0.534615
0.525961
0.518489
0.518777
0.574105
0.563204
0.50651
0.528887
0.527201
0.52939
0.506341
0.51067
0.509634
0.506006
0.509157
0.527918
0.495901
0.515872
0.513534
0.514993
0.51634
0.527901
0.525514
0.526736
0.604769
0.655645
0.644128
0.515587
0.517432
0.517063
0.545118
0.528006
0.507866
0.533582
0.503884
0.508126
0.510225
0.510206
0.516698
0.516641
0.506626
0.530262
0.52245
0.524383
0.518555
0.517032
0.524155
0.524843
0.525622
0.529346
0.511857
0.527647
0.52603
0.517099
0.515125
0.513141
0.51233
0.513361
0.519046
0.523438
0.526226
0.63501
0.660242
0.611551
0.509113
0.531167
0.533002
0.530347
0.522393
0.507365
0.51568
0.517796
0.522871
0.52614
0.523132
0.531598
0.533203
0.494088
0.50756
0.519619
0.518572
0.521801
0.50716
0.530043
0.513285
0.523513
0.497493
0.505027
0.516553
0.519658
0.549908
0.529665
0.527614
0.540457
0.534752
0.51064
0.511706
0.52442
0.50469
0.506547
0.503948
0.518239
0.522232
0.531974
0.509739
0.511871
0.507468
0.508566
0.553148
0.512358
0.508101
0.502035
0.511117
0.566519
0.550051
0.553638
0.520045
0.505167
0.503519
0.508053
0.591979
0.5164
0.51005
0.509438
0.509319
0.513626
0.52157
0.519939
0.563933
0.558594
0.514611
0.512524
0.51716
0.504512
0.509993
0.512674
0.516293
0.507571
0.52606
0.501776
0.508402
0.506815
0.50107
0.526864
0.520001
0.510123
0.509625
0.512452
0.509179
0.513773
0.529899
0.52329
0.52319
0.525449
0.52783
0.50874
0.509432
0.524323
0.524253
0.527151
0.51596
0.516084
0.522261
0.54114
0.524614
0.516487
0.511583
0.511936
0.509103
0.512685
0.530015
0.520821
0.518117
0.525765
0.49355
0.502858
0.522745
0.513399
0.55061
0.559851
0.512752
0.512346
0.508828
0.509288
0.664724
0.512586
0.513031
0.524884
0.507143
0.50163
0.506259
0.525235
0.519106
0.528001
0.523891
0.503903
0.499747
0.500973
0.497325
0.502214
0.505836
0.507062
0.510025
0.522502
0.523266
0.523922
0.510612
0.51205
0.526142
0.523304
0.510224
0.523555
0.671966
0.525334
0.508006
0.520699
0.511908
0.508575
0.50176
0.522259
0.527969
0.532391
0.536629
0.500348
0.505869
0.517389
0.517392
0.503903
0.508994
0.509962
0.519563
0.522805
0.517602
0.531771
0.541043
0.510901
0.50359
0.540261
0.539372
0.522339
0.517206
0.561143
0.553897
0.525831
0.530941
0.526362
0.495587
0.50617
0.532055
0.523074
0.506147
0.506456
0.526684
0.519983
0.514017
0.511524
0.512605
0.533055
0.534235
0.534076
0.512681
0.51517
0.512963
0.516114
0.514077
0.546652
0.519185
0.524806
0.523459
0.527104
0.518942
0.503562
0.533198
0.499673
0.511894
0.502331
0.508821
0.510458
0.506561
0.50498
0.51597
0.516618
0.524407
0.50205
0.505712
0.513736
0.50576
0.521828
0.520085
0.510034
0.509207
0.501855
0.508072
0.519108
0.515767
0.522416
0.528967
0.50367
0.501486
0.499286
0.510913
0.524798
0.513347
0.511373
0.522904
0.524775
0.515566
0.557493
0.572366
0.526762
0.514287
0.517111
0.49887
0.505901
0.509834
0.570282
0.502135
0.50944
0.508795
0.500853
0.500488
0.501184
0.50584
0.512908
0.508821
0.52
0.521224
0.541503
0.552504
0.521281
0.519213
0.525686
0.526564
0.529538
0.64109
0.697045
0.524564
0.524588
0.508879
0.527657
0.51232
0.506864
0.511932
0.509181
0.510314
0.515604
0.500573
0.504256
0.545465
0.713919
0.519575
0.519267
0.531085
0.512122
0.522469
0.505914
0.509139
0.510217
0.510866
0.504415
0.510241
0.512115
0.522984
0.599428
0.503745
0.518422
0.519738
0.516412
0.502414
0.521699
0.521266
0.507667
0.524144
0.526805
0.522944
0.524465
0.526181
0.520451
0.525631
0.509379
0.520172
0.52214
0.518237
0.516498
0.535647
0.690739
0.530488
0.538272
0.533876
0.52886
0.50744
0.495294
0.522515
0.51193
0.505772
0.511194
0.513056
0.508539
0.51149
0.507183
0.579678
0.605275
0.548169
0.528467
0.519593
0.51771
0.510494
0.511083
0.504192
0.518828
0.533689
0.505938
0.682676
0.526949
0.501901
0.535168
0.527003
0.756203
0.729349
0.531159
0.583135
0.597841
0.538471
0.536437
0.504762
0.509706
0.508832
0.511281
0.52635
0.522912
0.513055
0.502468
0.507966
0.508137
0.527402
0.509749
0.536924
0.514108
0.515348
0.509074
0.676266
0.518341
0.505561
0.50953
0.708963
0.572718
0.506137
0.508321
0.52718
0.616602
0.589524
0.515529
0.499575
0.506952
0.510472
0.657143
0.523404
0.510072
0.522169
0.523671
0.511682
0.50258
0.519139
0.564339
0.507105
0.523787
0.524392
0.521277
0.507513
0.523213
0.515957
0.52724
0.525921
0.502957
0.5143
0.508722
0.515086
0.510357
0.511997
0.508959
0.513395
0.512351
0.501695
0.531972
0.537953
0.501773
0.50207
0.504315
0.513225
0.515552
0.706389
0.506973
0.534997
0.657687
0.49457
0.51116
0.524771
0.508928
0.508413
0.518846
0.501826
0.500194
0.512601
0.504649
0.537128
0.529837
0.508379
0.524641
0.512183
0.510304
0.516312
0.512608
0.702878
0.520615
0.51012
0.525655
0.521358
0.520073
0.521035
0.509696
0.506207
0.50279
0.51497
0.503045
0.511751
0.528453
0.530428
0.501514
0.504636
0.536858
0.507602
0.545887
0.550882
0.524564
0.500018
0.5114
0.57058
0.540501
0.542204
0.503295
0.503971
0.515545
0.525747
0.695911
0.512262
0.504141
0.506055
0.587037
0.76125
0.503406
0.512476
0.520315
0.522747
0.527904
0.502614
0.508908
0.50745
0.527794
0.535795
0.508952
0.507281
0.51173
0.527982
0.5308
0.507336
0.504468
0.524493
0.494194
0.529797
0.703611
0.549362
0.528825
0.530264
0.52721
0.544781
0.4914
0.537781
0.502413
0.500692
0.531212
0.523667
0.516673
0.510388
0.521212
0.52723
0.506188
0.514543
0.526898
0.515639
0.531816
0.534313
0.500981
0.508238
0.524561
0.526536
0.585751
0.522114
0.526766
0.504003
0.512394
0.510321
0.53131
0.525122
0.52489
0.515342
0.52167
0.5055
0.513025
0.506242
0.507255
0.496781
0.514015
0.513981
0.509059
0.524612
0.520345
0.527149
0.5084
0.657591
0.515046
0.513315
0.509395
0.507775
0.504592
0.507043
0.501873
0.503954
0.509051
0.508265
0.531358
0.581375
0.523889
0.525546
0.505445
0.505662
0.528515
0.527753
0.53093
0.513298
0.511148
0.509568
0.514332
0.517488
0.526393
0.51665
0.510374
0.509336
0.508172
0.510073
0.506782
0.523157
0.518272
0.575255
0.494566
0.525756
0.535166
0.505607
0.523486
0.502432
0.502095
0.537738
0.521612
0.525451
0.527146
0.523623
0.544157
0.539719
0.507914
0.513887
0.505535
0.5174
0.530387
0.494454
0.52475
0.517764
0.500134
0.678595
0.521459
0.528437
0.507322
0.52543
0.509215
0.513743
0.495747
0.50405
0.515346
0.504872
0.512767
0.51838
0.532532
0.527453
0.522544
0.520046
0.742381
0.533881
0.519552
0.512598
0.681853
0.516055
0.511889
0.512763
0.491343
0.531205
0.532332
0.55665
0.521828
0.505456
0.497432
0.503437
0.504228
0.651969
0.515492
0.512717
0.519654
0.506761
0.505785
0.537464
0.612708
0.527367
0.504681
0.513083
0.512881
0.51219
0.50845
0.535079
0.501047
0.502909
0.72207
0.515795
0.563958
0.506971
0.498371
0.507769
0.519147
0.515338
0.583607
0.658773
0.498062
0.506852
0.511528
0.53758
0.513019
0.501635
0.51313
0.510736
0.500848
0.513443
0.520784
0.550366
0.50117
0.579508
0.538005
0.714489
0.512548
0.520989
0.503672
0.50532
0.505807
0.506505
0.491386
0.51414
0.528243
0.524712
0.535486
0.500222
0.544348
0.501051
0.510468
0.516044
0.519644
0.504433
0.519861
0.496193
0.530196
0.525214
0.527846
0.530063
0.53745
0.53771
0.552993
0.542694
0.511021
0.528631
0.526648
0.529487
0.519212
0.524206
0.492704
0.519323
0.537987
0.512323
0.492262
0.513587
0.514691
0.499249
0.520564
0.55285
0.529976
0.505213
0.528371
0.525234
0.537942
0.500358
0.498636
0.522757
0.520776
0.532911
0.525547
0.505115
0.523837
0.529906
0.502891
0.50356
0.510199
0.531535
0.522076
0.512559
0.509762
0.509672
0.514363
0.520253
0.526517
0.50956
0.541988
0.514947
0.503363
0.495991
0.498728
0.562301
0.691042
0.539482
0.517847
0.515981
0.508254
0.528862
0.524128
0.534347
0.523482
0.508977
0.50819
0.521776
0.507483
0.530203
0.52996
0.504269
0.508781
0.504278
0.533374
0.567334
0.53062
0.533009
0.509162
0.526005
0.518991
0.52447
0.504448
0.495825
0.531898
0.512395
0.53507
0.499402
0.508416
0.514792
0.508766
0.505791
0.521034
0.527216
0.535408
0.515186
0.516566
0.539209
0.503691
0.523027
0.514081
0.590521
0.509416
0.532533
0.528518
0.504817
0.514654
0.500284
0.522462
0.503001
0.501964
0.503474
0.494846
0.507392
0.536094
0.66977
0.502508
0.520645
0.525332
0.504268
0.563496
0.501796
0.53276
0.532503
0.507347
0.504717
0.658971
0.51893
0.528598
0.506793
0.523193
0.508826
0.523333
0.523275
0.515932
0.56862
0.496883
0.521079
0.517981
0.495664
0.514275
0.57086
0.557223
0.511754
0.508103
0.519006
0.515194
0.522093
0.512943
0.519989
0.504689
0.494215
0.523628
0.514431
0.530487
0.533661
0.521011
0.524852
0.50161
0.504802
0.512528
0.520478
0.530743
0.548154
0.516184
0.579911
0.503361
0.565353
0.524015
0.525753
0.524937
0.500536
0.507495
0.717439
0.528073
0.502992
0.502696
0.503707
0.503535
0.511653
0.530753
0.506221
0.523222
0.51377
0.514584
0.512038
0.503985
0.518068
0.524142
0.512734
0.580136
0.505275
0.504752
0.502849
0.516563
0.506934
0.501736
0.502642
0.66114
0.595929
0.527069
0.533523
0.524609
0.518898
0.51473
0.618402
0.573355
0.562381
0.516553
0.525906
0.508021
0.559201
0.571587
0.517503
0.511894
0.511275
0.510108
0.522068
0.517111
0.514382
0.514198
0.497841
0.625896
0.515896
0.556676
0.528411
0.531338
0.533067
0.509033
0.763479
0.513262
0.509255
0.530503
0.513367
0.508243
0.508556
0.593303
0.622076
0.516424
0.565845
0.504
0.651438
0.65428
0.512545
0.50778
0.510939
0.509709
0.528127
0.542026
0.509525
0.509596
0.515166
0.517159
0.510104
0.507654
0.536752
0.517338
0.520149
0.504618
0.508404
0.601809
0.514391
0.544525
0.54018
0.511724
0.511045
0.512598
0.516745
0.515633
0.5527
0.547175
0.500559
0.506036
0.50218
0.516874
0.524688
0.511686
0.509263
0.515001
0.521194
0.526348
0.505279
0.509015
0.510608
0.527774
0.531159
0.50687
0.507733
0.52207
0.511763
0.53897
0.531217
0.530595
0.549776
0.532785
0.5226
0.511862
0.510588
0.546078
0.509037
0.521487
0.509556
0.516688
0.580502
0.510489
0.510673
0.518482
0.51684
0.524737
0.511341
0.516659
0.514952
0.509281
0.518531
0.521332
0.515754
0.50743
0.511416
0.666339
0.52753
0.512399
0.616558
0.508464
0.509706
0.546168
0.513492
0.515279
0.519739
0.515405
0.507233
0.524125
0.548009
0.529197
0.523769
0.511787
0.508521
0.522432
0.511709
0.513027
0.525679
0.526355
0.506869
0.506725
0.508888
0.51984
0.508877
0.513933
0.52086
0.518478
0.520439
0.522657
0.511067
0.506795
0.523412
0.510661
0.52327
0.504718
0.514143
0.525448
0.522069
0.514436
0.507905
0.658448
0.507279
0.51312
0.506935
0.526503
0.523524
0.663795
0.519464
0.584686
0.522738
0.515852
0.514253
0.527777
0.512648
0.51637
0.572539
0.559788
0.514886
0.508732
0.515406
0.513072
0.516939
0.570099
0.514085
0.511983
0.516501
0.51475
0.580837
0.516439
0.524846
0.509558
0.511362
0.504392
0.515784
0.535192
0.530002
0.516803
0.568336
0.556246
0.517921
0.521174
0.507858
0.510138
0.508976
0.521479
0.5202
0.517789
0.516152
0.524803
0.50396
0.51366
0.530713
0.51293
0.514799
0.512889
0.583867
0.52557
0.528194
0.516066
0.517471
0.516779
0.51128
0.51073
0.508641
0.521575
0.500569
0.515338
0.510475
0.539272
0.515538
0.653869
0.664113
0.62307
0.517735
0.516803
0.515818
0.52025
0.507026
0.51864
0.522197
0.512515
0.510804
0.514799
0.510713
0.506801
0.52311
0.525274
0.515136
0.526974
0.515743
0.517206
0.504975
0.696134
0.735442
0.730978
0.504978
0.505746
0.49646
0.529622
0.516899
0.508219
0.510693
0.508959
0.508469
0.517004
0.625598
0.50886
0.512155
0.682204
0.519611
0.508299
0.498759
0.535916
0.521483
0.504817
0.510645
0.512523
0.518652
0.518646
0.620394
0.529147
0.534571
0.512572
0.514223
0.51391
0.513161
0.528729
0.526397
0.508175
0.510476
0.503182
0.522148
0.529422
0.510412
0.508094
0.668637
0.522095
0.515753
0.509872
0.522213
0.510871
0.599122
0.525563
0.511689
0.532802
0.513757
0.503747
0.630698
0.526648
0.524182
0.534442
0.510089
0.527435
0.526402
0.509764
0.529304
0.510423
0.514999
0.521532
0.532975
0.525025
0.509251
0.513075
0.522475
0.518624
0.519601
0.497865
0.522696
0.521303
0.559837
0.505034
0.704979
0.519335
0.53741
0.526969
0.524809
0.506098
0.514541
0.513832
0.49945
0.516672
0.525586
0.507807
0.507955
0.541988
0.512997
0.508837
0.520588
0.519418
0.529728
0.50453
0.508307
0.524069
0.507608
0.51371
0.528542
0.5301
0.523723
0.512662
0.510731
0.510828
0.541518
0.514557
0.524444
0.846442
0.516079
0.505401
0.512304
0.530769
0.512011
0.50368
0.516319
0.508714
0.51089
0.520303
0.52891
0.563114
0.52105
0.514311
0.514309
0.521955
0.507686
0.532449
0.521764
0.517087
0.508786
0.521118
0.505003
0.507543
0.517506
0.510836
0.524513
0.507946
0.507673
0.5672
0.51093
0.584321
0.533064
0.507283
0.512062
0.509588
0.505693
0.56063
0.509454
0.70288
0.513852
0.517682
0.50961
0.517947
0.511463
0.651386
0.527968
0.505068
0.501942
0.519104
0.52234
0.676297
0.524773
0.524833
0.508827
0.510128
0.68392
0.514491
0.523231
0.52027
0.509158
0.513714
0.68361
0.519685
0.525734
0.512691
0.531326
0.531691
0.510768
0.509557
0.520478
0.515335
0.517626
0.519526
0.521539
0.652744
0.52671
0.502769
0.523185
0.510535
0.519834
0.512568
0.573429
0.528354
0.513398
0.532266
0.526508
0.729723
0.592908
0.669541
0.521958
0.517104
0.53088
0.514952
0.721089
0.5065
0.51273
0.514254
0.520681
0.518349
0.520681
0.601454
0.512283
0.508828
0.513612
0.505457
0.500835
0.509744
0.505741
0.541064
0.603548
0.505962
0.699053
0.511217
0.515601
0.528446
0.498089
0.566726
0.506939
0.508065
0.513485
0.528028
0.524944
0.678265
0.515367
0.611924
0.523523
0.512164
0.530101
0.519674
0.521281
0.511126
0.522215
0.659057
0.507119
0.528743
0.504991
0.63732
0.511071
0.513605
0.507527
0.523196
0.512031
0.520512
0.50898
0.530583
0.508272
0.527682
0.531061
0.523266
0.511896
0.523684
0.536122
0.512482
0.528411
0.586237
0.523853
0.533233
0.537833
0.522653
0.49842
0.528265
0.506446
0.500328
0.509649
0.519294
0.502485
0.5091
0.604603
0.50905
0.518272
0.518793
0.5262
0.509174
0.521038
0.512032
0.527436
0.509324
0.53783
0.651053
0.523055
0.529709
0.510209
0.506676
0.613104
0.511365
0.523102
0.5067
0.532609
0.509928
0.508037
0.509177
0.505925
0.526707
0.523485
0.624714
0.524068
0.513078
0.51848
0.511669
0.522554
0.511069
0.515391
0.508855
0.510879
0.508864
0.518708
0.519515
0.506456
0.500936
0.524608
0.538911
0.514253
0.501629
0.519685
0.534144
0.529346
0.511036
0.540218
0.508389
0.50604
0.657646
0.51566
0.508765
0.507508
0.507303
0.524871
0.530411
0.504047
0.506835
0.510832
0.508839
0.515733
0.507473
0.51707
0.52751
0.52926
