0.549974
0.514921
0.512372
0.519517
0.506273
0.50407
0.511501
0.509075
0.51624
0.516447
0.512223
0.517298
0.513013
0.504737
0.5117
0.511068
0.516216
0.501205
0.506959
0.5055
0.507271
0.712317
0.791455
0.49829
0.519388
0.51843
0.515448
0.739193
0.754051
0.516945
0.517095
0.518107
0.565975
0.554489
0.518112
0.512682
0.517683
0.513015
0.504416
0.509211
0.96799
0.521392
0.521535
0.491021
0.490716
0.486981
0.515873
0.516287
0.513876
0.521112
0.517303
0.515989
0.518227
0.527902
0.529337
0.509951
0.5106
0.503041
0.503668
0.504268
0.505942
0.529278
0.529189
0.506799
0.507478
0.507999
0.535165
0.534627
0.504031
0.507776
0.521086
0.514176
0.518448
0.514941
0.513065
0.503756
0.504346
0.50538
0.503917
0.511365
0.507882
0.508473
0.57539
0.5659
0.516841
0.514925
0.512951
0.51404
0.533491
0.536167
0.532806
0.545816
0.502311
0.523222
0.536094
0.5367
0.517753
0.513444
0.517292
0.500497
0.504627
0.569658
0.517475
0.525097
0.531811
0.512433
0.511989
0.514113
0.510805
0.512698
0.527248
0.530845
0.530729
0.526307
0.524336
0.524035
0.507174
0.508005
0.515017
0.514976
0.513682
0.514235
0.504196
0.502647
0.502603
0.51372
0.51444
0.52292
0.520967
0.537203
0.514375
0.514081
0.506965
0.505775
0.520757
0.509708
0.505725
0.504915
0.504626
0.555907
0.499159
0.509788
0.498593
0.514462
0.51812
0.510953
0.526925
0.50769
0.517828
0.519412
0.538295
0.52192
0.521133
0.502712
0.507492
0.503969
0.501726
0.495007
0.52145
0.52206
0.573714
0.506605
0.506879
0.561519
0.570535
0.562947
0.579444
0.50173
0.528416
0.521369
0.507172
0.509413
0.517617
0.671833
0.704103
0.52128
0.502414
0.505846
0.548041
0.541103
0.511218
0.506634
0.50856
0.524349
0.528108
0.520422
0.516901
0.520149
0.526309
0.53318
0.530917
0.523918
0.53103
0.529435
0.517246
0.513589
0.515455
0.514479
0.522633
0.514462
0.523662
0.591769
0.516455
0.516125
0.540952
0.540305
0.535422
0.506927
0.505163
0.54387
0.529483
0.513561
0.521987
0.529868
0.524637
0.603006
0.560278
0.506973
0.506466
0.503398
0.50232
0.644361
0.528723
0.534191
0.525291
0.52917
0.529007
0.525594
0.519873
0.527754
0.499968
0.503583
0.504169
0.506793
0.513433
0.514389
0.513501
0.499756
0.520335
0.499947
0.508156
0.504951
0.507731
0.505428
0.526019
0.528634
0.493045
0.490525
0.52837
0.530246
0.602231
0.506762
0.50797
0.533818
0.530053
0.52481
0.516423
0.516516
0.517277
0.509558
0.505742
0.504675
0.50438
0.499098
0.508846
0.510553
0.511955
0.508813
0.676357
0.747008
0.509859
0.50729
0.497834
0.501597
0.507616
0.512238
0.511432
0.513331
0.537264
0.534368
0.50906
0.502994
0.500704
0.503058
0.518958
0.519383
0.505614
0.511155
0.508842
0.509079
0.512912
0.515479
0.511323
0.506469
0.512356
0.504414
0.506789
0.510184
0.771843
0.758673
0.530118
0.522529
0.520045
0.508007
0.5039
0.506689
0.50218
0.505386
0.507582
0.557241
0.548698
0.507582
0.510476
0.501059
0.505303
0.504628
0.504432
0.508897
0.509336
0.511648
0.502259
0.533579
0.512936
0.505302
0.512071
0.51159
0.521002
0.523275
0.54737
0.543889
0.518538
0.50426
0.51163
0.510636
0.513392
0.511949
0.514573
0.512423
0.512577
0.50953
0.543001
0.538317
0.508979
0.52109
0.520229
0.50872
0.51874
0.513932
0.514848
0.492526
0.514148
0.512682
0.512191
0.516386
0.513373
0.500532
0.520507
0.523937
0.53075
0.527106
0.606877
0.641384
0.506478
0.523207
0.533386
0.707521
0.701144
0.507443
0.505175
0.50458
0.682089
0.525175
0.523118
0.517578
0.54868
0.900016
0.835437
0.907958
0.518711
0.517244
0.510613
0.509542
0.509579
0.522236
0.519791
0.531462
0.542441
0.500856
0.50648
0.532133
0.533307
0.499643
0.503209
0.522613
0.523757
0.523771
0.528896
0.604263
0.513176
0.505842
0.508216
0.677714
0.613265
0.665067
0.53003
0.529606
0.499902
0.503705
0.501293
0.501649
0.496701
0.498643
0.505617
0.530424
0.519742
0.510075
0.509242
0.519779
0.524945
0.503708
0.502782
0.508514
0.507802
0.516844
0.520752
0.517735
0.516293
0.525987
0.504384
0.507475
0.530075
0.531633
0.525608
0.742547
0.515881
0.518878
0.536601
0.539725
0.62971
0.621929
0.515088
0.527624
0.528117
0.519806
0.518592
0.518987
0.533953
0.619162
0.579285
0.503406
0.505982
0.504245
0.5238
0.525051
0.521097
0.52256
0.519854
0.522161
0.521131
0.518901
0.506015
0.506319
0.513782
0.518759
0.512323
0.523501
0.519863
0.879463
0.513417
0.515249
0.519097
0.513927
0.584726
0.553805
0.504734
0.504233
0.519628
0.518651
0.529958
0.530232
0.660386
0.508581
0.511548
0.506702
0.515485
0.513807
0.520252
0.518681
0.504412
0.523473
0.522022
0.52573
0.67275
0.639545
0.523102
0.519302
0.527509
0.508753
0.507868
0.518188
0.518145
0.514211
0.512127
0.505813
0.512025
0.509372
0.510644
0.509328
0.50471
0.527542
0.531258
0.526219
0.526104
0.51252
0.52015
0.51954
0.525191
0.521445
0.52469
0.505247
0.521998
0.522909
0.524934
0.50403
0.504804
0.508806
0.506037
0.524386
0.526262
0.502627
0.524046
0.517483
0.522506
0.542757
0.543824
0.510013
0.505963
0.508758
0.508058
0.530629
0.816723
0.509559
0.511083
0.510224
0.53068
0.526626
0.512555
0.511642
0.523524
0.518833
0.77911
0.504761
0.522272
0.522956
0.515924
0.506776
0.511853
0.61099
0.584962
0.541393
0.524246
0.532897
0.519562
0.523005
0.533352
0.506916
0.505359
0.510883
0.56695
0.502602
0.508625
0.508203
0.511396
0.540367
0.535976
0.505482
0.506022
0.510699
0.521961
0.520757
0.533858
0.538176
0.534387
0.500255
0.504507
0.527962
0.530529
0.531604
0.525158
0.530555
0.529852
0.508566
0.511364
0.509955
0.512586
0.510105
0.517698
0.505322
0.530821
0.544796
0.532615
0.533493
0.53103
0.714465
0.668377
0.773175
0.67567
0.514633
0.519491
0.52674
0.513937
0.517065
0.517051
0.527788
0.526916
0.539884
0.531835
0.503764
0.507251
0.506272
0.520396
0.509808
0.512329
0.507767
0.507938
0.507964
0.516649
0.523318
0.517829
0.523389
0.529064
0.505908
0.521122
0.557935
0.57566
0.52342
0.506762
0.51364
0.503399
0.506714
0.508458
0.789612
0.843613
0.534913
0.528071
0.512943
0.638042
0.625992
0.53108
0.526308
0.524146
0.510847
0.508854
0.508208
0.506261
0.501151
0.529659
0.498447
0.503459
0.550939
0.554035
0.548405
0.534322
0.528496
0.527994
0.524127
0.511058
0.513638
0.508581
0.511399
0.522752
0.517904
0.514428
0.513353
0.524201
0.530024
0.526871
0.507005
0.50781
0.525596
0.529974
0.529601
0.531796
0.529549
0.51941
0.511911
0.515249
0.517928
0.511094
0.513207
0.522575
0.505794
0.508218
0.510198
0.507404
0.526418
0.520933
0.52492
0.515174
0.524743
0.66527
0.51665
0.519293
0.517414
0.521488
0.506955
0.510856
0.510146
0.507818
0.509056
0.515726
0.521296
0.510801
0.513632
0.636732
0.518999
0.522149
0.50883
0.513832
0.510374
0.5248
0.523928
0.520863
0.523232
0.52389
0.523188
0.529053
0.525693
0.505961
0.505305
0.523021
0.519673
0.519466
0.518621
0.517382
0.53481
0.556483
0.572854
0.51998
0.5179
0.515248
0.538486
0.545074
0.504616
0.510745
0.516999
0.516324
0.560497
0.590411
0.598147
0.515501
0.525272
0.528247
0.528021
0.500638
0.527178
0.561797
0.550297
0.510642
0.510197
0.52398
0.512141
0.505798
0.509348
0.513666
0.507114
0.506936
0.508642
0.806118
0.502722
0.508667
0.599625
0.593366
0.594423
0.531921
0.523749
0.523431
0.500571
0.525799
0.527069
0.508177
0.524517
0.517035
0.524379
0.526952
0.52721
0.634943
0.544822
0.539953
0.517791
0.516847
0.508981
0.515746
0.509831
0.52459
0.525753
0.514771
0.515912
0.507197
0.508827
0.510307
0.516624
0.542395
0.547011
0.551141
0.515769
0.524425
0.582612
0.508074
0.50398
0.508548
0.520326
0.506722
0.50369
0.512573
0.510801
0.514094
0.514197
0.531935
0.544426
0.515263
0.52094
0.507054
0.527533
0.505621
0.499255
0.509831
0.521559
0.513525
0.511914
0.519945
0.524141
0.515661
0.523765
0.521358
0.526054
0.519607
0.49988
0.511197
0.504998
0.528359
0.511664
0.520535
0.511502
0.513764
0.516076
0.506925
0.516187
0.500976
0.502087
0.526957
0.528282
0.500937
0.500876
0.514393
0.517067
0.504828
0.497244
0.508774
0.509792
0.505697
0.626758
0.512681
0.511148
0.753151
0.517171
0.518391
0.513858
0.509383
0.588685
0.52332
0.521931
0.513651
0.522437
0.520882
0.534193
0.532021
0.528065
0.519554
0.613921
0.518758
0.519539
0.525568
0.53495
0.521838
0.506358
0.530732
0.532991
0.51304
0.667789
0.514221
0.502566
0.500688
0.502387
0.53504
0.522338
0.523232
0.501414
0.501314
0.505141
0.512957
0.511448
0.517195
0.510492
0.510351
0.529027
0.536453
0.492974
0.645343
0.61873
0.611143
0.522367
0.508187
0.509152
0.504074
0.521691
0.517364
0.517744
0.52385
0.531035
0.511171
0.516852
0.505963
0.498479
0.503479
0.530484
0.498419
0.530808
0.629761
0.513213
0.517194
0.536134
0.508636
0.503636
0.507035
0.503175
0.510697
0.525262
0.519108
0.518758
0.50945
0.494642
0.520275
0.515607
0.504519
0.532376
0.512149
0.538028
0.534729
0.528065
0.518777
0.51516
0.591462
0.516583
0.565956
0.513742
0.513648
0.5259
0.51032
0.513195
0.547497
0.542636
0.577346
0.493814
0.515906
0.556195
0.500694
0.498109
0.498511
0.506687
0.518957
0.515327
0.577854
0.508227
0.505585
0.511036
0.513379
0.502058
0.515027
0.512058
0.514528
0.491078
0.513983
0.517088
0.516224
0.511991
0.518955
0.519498
0.513226
0.526815
0.55288
0.510575
0.529408
0.500074
0.509957
0.506241
0.520904
0.518711
0.521867
0.51731
0.514567
0.520854
0.517665
0.518853
0.502378
0.521464
0.528144
0.504169
0.524314
0.527599
0.52252
0.528435
0.525555
0.513026
0.517448
0.523964
0.499949
0.517439
0.50216
0.546007
0.541721
0.526614
0.521714
0.532383
0.535273
0.521786
0.50657
0.514875
0.560258
0.508727
0.506006
0.506903
0.512099
0.508464
0.593791
0.504796
0.504057
0.556785
0.551771
0.516904
0.509968
0.506476
0.519997
0.504224
0.511671
0.507785
0.509188
0.550933
0.534679
0.531515
0.51712
0.508285
0.64332
0.667982
0.504649
0.503227
0.690768
0.685705
0.707759
0.67136
0.513441
0.656042
0.516775
0.518288
0.526279
0.509585
0.52118
0.52554
0.613256
0.510889
0.528501
0.531124
0.507985
0.507268
0.526348
0.507852
0.507828
0.525218
0.531775
0.51133
0.527072
0.520587
0.498163
0.533134
0.506953
0.707903
0.499349
0.513496
0.508437
0.512428
0.508278
0.508921
0.510969
0.599812
0.657399
0.505096
0.501644
0.506766
0.560595
0.511637
0.505721
0.513074
0.51841
0.523458
0.50629
0.50299
0.520229
0.521523
0.499264
0.499397
0.509715
0.507264
0.508511
0.511176
0.517539
0.516879
0.555963
0.60037
0.519489
0.509618
0.523656
0.522867
0.521303
0.520416
0.816649
0.52305
0.518719
0.516182
0.51375
0.510294
0.524944
0.524372
0.495887
0.504082
0.526699
0.517055
0.550655
0.509637
0.70833
0.728826
0.513572
0.511451
0.552299
0.533094
0.538009
0.523848
0.674001
0.695888
0.506785
0.505391
0.505291
0.513805
0.531211
0.529723
0.499799
0.522652
0.512729
0.503171
0.520148
0.504694
0.506382
0.521068
0.508392
0.5071
0.50647
0.506768
0.548071
0.501433
0.507762
0.520371
0.504257
0.504015
0.500989
0.504588
0.499817
0.503791
0.501609
0.511259
0.534068
0.50882
0.523632
0.554376
0.542068
0.519204
0.527711
0.521826
0.512472
0.512957
0.754089
0.511936
0.535072
0.522279
0.515117
0.509495
0.542714
0.508128
0.508414
0.513783
0.513231
0.523725
0.527793
0.508218
0.529291
0.529604
0.52972
0.519376
0.502333
0.505895
0.529155
0.506348
0.525294
0.521973
0.521849
0.614872
0.566289
0.50267
0.54443
0.541387
0.509973
0.512084
0.52683
0.738323
0.521453
0.517056
0.500176
0.507444
0.510086
0.505875
0.514233
0.527184
0.547978
0.516716
0.503838
0.521731
0.524081
0.521908
0.512362
0.514972
0.506598
0.51353
0.529204
0.528685
0.513331
0.516553
0.517978
0.519572
0.564954
0.507825
0.543313
0.502801
0.508239
0.509669
0.612265
0.502251
0.533524
0.510372
0.540977
0.545039
0.539096
0.521507
0.647968
0.714947
0.511458
0.509213
0.509241
0.511652
0.530624
0.518661
0.508998
0.528003
0.519244
0.522284
0.522039
0.544244
0.51474
0.508398
0.505506
0.592659
0.596835
0.549557
0.514694
0.512898
0.50726
0.507656
0.530535
0.507283
0.512899
0.511436
0.697543
0.50794
0.534505
0.520728
0.513428
0.511905
0.508386
0.504567
0.68802
0.64152
0.510696
0.571964
0.591362
0.497963
0.497696
0.508601
0.533976
0.531375
0.578501
0.506707
0.808367
0.520505
0.512516
0.504013
0.512596
0.516702
0.508242
0.509988
0.559917
0.578703
0.509927
0.507637
0.519278
0.531835
0.564644
0.577706
0.514641
0.515513
0.49899
0.514697
0.523241
0.520227
0.5099
0.506821
0.509735
0.509137
0.508475
0.51049
0.504318
0.871838
0.515441
0.513893
0.504085
0.503879
0.579148
0.524916
0.49781
0.517598
0.518596
0.545869
0.543187
0.534647
0.530572
0.506497
0.511863
0.546124
0.514987
0.503565
0.526793
0.507701
0.526726
0.513685
0.509921
0.529475
0.531816
0.526717
0.503273
0.507443
0.522964
0.532822
0.508515
0.528229
0.525122
0.524402
0.511735
0.513686
0.513833
0.515238
0.521231
0.520937
0.530144
0.531312
0.501287
0.512214
0.512766
0.512152
0.50794
0.508434
0.515627
0.502517
0.526944
0.514482
0.511356
0.493007
0.533495
0.529358
0.510311
0.531788
0.506016
0.507719
0.512913
0.509376
0.496424
0.531613
0.499592
0.518949
0.515349
0.5293
0.532288
0.504319
0.52784
0.513857
0.513388
0.519645
0.511552
0.506074
0.525369
0.783729
0.512611
0.51347
0.525362
0.524568
0.52369
0.525014
0.505485
0.531125
0.511698
0.5042
0.702515
0.665196
0.507014
0.535693
0.517144
0.543564
0.497921
0.4965
0.503462
0.504785
0.526467
0.512267
0.534077
0.51758
0.524454
0.519435
0.519884
0.504968
0.516156
0.513552
0.526205
0.519905
0.522949
0.507833
0.503714
0.610488
0.516479
0.514957
0.523007
0.516134
0.497347
0.512236
0.498045
0.501451
0.508422
0.60663
0.522409
0.616175
0.509456
0.499619
0.498801
0.547217
0.579659
0.525462
0.525231
0.526816
0.505868
0.506789
0.508535
0.521977
0.517115
0.525607
0.500193
0.520532
0.511205
0.502795
0.508452
0.507859
0.540411
0.504078
0.523407
0.528198
0.520687
0.513339
0.509338
0.681158
0.502066
0.508233
0.544065
0.510412
0.521497
0.511514
0.534065
0.524239
0.529176
0.514688
0.526622
0.515864
0.500979
0.521628
0.50266
0.55277
0.529178
0.507809
0.497304
0.495715
0.512704
0.520952
0.512576
0.514485
0.524246
0.508974
0.514418
0.519069
0.526075
0.501882
0.514308
0.526054
0.533438
0.540211
0.522161
0.509365
0.497786
0.512122
0.524022
0.527956
0.503605
0.523576
0.502415
0.526327
0.498662
0.509537
0.501026
0.51666
0.511023
0.504595
0.520941
0.516882
0.522111
0.525563
0.528575
0.521046
0.517768
0.517608
0.514053
0.511678
0.526505
0.526298
0.515307
0.506507
0.49678
0.50765
0.523523
0.508579
0.523565
0.58031
0.516004
0.52086
0.512144
0.504521
0.501038
0.527716
0.517143
0.501822
0.508238
0.509404
0.514037
0.499197
0.50899
0.520729
0.521998
0.512673
0.539421
0.515664
0.505793
0.720062
0.523642
0.504115
0.50298
0.506843
0.53293
0.529702
0.587933
0.521859
0.527447
0.519604
0.514037
0.519476
0.53821
0.526451
0.531625
0.530415
0.511811
0.764527
0.677012
0.4941
0.505837
0.515049
0.518094
0.5088
0.530645
0.522832
0.517274
0.525162
0.527746
0.528533
0.526298
0.529441
0.501663
0.507272
0.506637
0.517546
0.500014
0.504153
0.508439
0.534708
0.505264
0.512288
0.514313
0.523168
0.528975
0.519116
0.523651
0.50503
0.520887
0.526253
0.509912
0.505144
0.534735
0.52208
0.51597
0.501944
0.520257
0.527413
0.527913
0.507113
0.534086
0.50644
0.519893
0.526403
0.5036
0.490142
0.528492
0.509122
0.518705
0.514045
0.536783
0.522289
0.509132
0.505604
0.580751
0.522096
0.515787
0.504421
0.506714
0.524837
0.516774
0.52045
0.509552
0.517355
0.527437
0.513226
0.508053
0.514887
0.51687
0.527723
0.551465
0.549856
0.513293
0.509861
0.521579
0.513361
0.531797
0.529097
0.707426
0.517213
0.509053
0.522909
0.513261
0.640187
0.519381
0.50928
0.514721
0.528527
0.538412
0.703937
0.508319
0.555328
0.708382
0.501828
0.507486
0.516754
0.509387
0.509942
0.52016
0.519381
0.527351
0.53146
0.526422
0.536543
0.52067
0.513475
0.511668
0.509188
0.548882
0.55254
0.521533
0.520552
0.525591
0.506473
0.506589
0.503525
0.508192
0.510527
0.513799
0.511828
0.517981
0.504989
0.512285
0.514146
0.522346
0.524448
0.529163
0.518762
0.520178
0.527345
0.537031
0.530845
0.543636
0.531514
0.519502
0.504251
0.513879
0.507856
0.508848
0.508763
0.515332
0.517152
0.510021
0.575218
0.508917
0.515434
0.58709
0.619199
0.570322
0.515895
0.511481
0.515157
0.516331
0.518307
0.508076
0.516053
0.680523
0.511655
0.609429
0.531595
0.632214
0.51146
0.516654
0.519589
0.512311
0.522738
0.514582
0.512203
0.488173
0.511708
0.511674
0.501175
0.513688
0.516868
0.512165
0.511077
0.506891
0.519398
0.506508
0.510489
0.516704
0.504559
0.511222
0.524756
0.507808
0.513337
0.514467
0.525634
0.522334
0.512964
0.538423
0.536032
0.807724
0.515244
0.501481
0.518952
0.519231
0.51576
0.517988
0.517599
0.539958
0.535816
0.531436
0.514194
0.510879
0.513837
0.517653
0.539128
0.52746
0.528173
0.511537
0.514614
0.51205
0.513568
0.515456
0.510444
0.511542
0.509064
0.514164
0.511478
0.824701
0.517933
0.518295
0.516093
0.51062
0.507932
0.515077
0.524717
0.58149
0.563903
0.514574
0.504205
0.508834
0.505501
0.546532
0.511434
0.52047
0.519475
0.516257
0.50874
0.517246
0.510815
0.506577
0.513753
0.50788
0.562809
0.515947
0.524356
0.518385
0.518976
0.515629
0.549158
0.581033
0.51065
0.523572
0.520445
0.511271
0.522306
0.524103
0.581332
0.532942
0.511616
0.519973
0.517673
0.520906
0.506878
0.520825
0.533275
0.530115
0.509645
0.511334
0.501941
0.50503
0.522501
0.58582
0.50537
0.509717
0.515064
0.513719
0.518935
0.509739
0.521687
0.51557
0.541116
0.521081
0.530771
0.508069
0.505739
0.519415
0.514126
0.514849
0.507451
0.534632
0.560335
0.555972
0.50823
0.508791
0.51313
0.516217
0.524398
0.509019
0.508155
0.494953
0.526208
0.525111
0.513339
0.561142
0.602896
0.634778
0.514659
0.509679
0.521603
0.508476
0.51918
0.513853
0.529012
0.531866
0.505139
0.508264
0.514506
0.505312
0.51178
0.506234
0.515226
0.514113
0.514778
0.513126
0.516019
0.551764
0.577641
0.654505
0.509798
0.51556
0.52772
0.506201
0.521854
0.522155
0.507074
0.544457
0.529147
0.625944
0.507176
0.506197
0.511011
0.498955
0.51835
0.514542
0.528297
0.511009
0.519161
0.508645
0.528741
0.523008
0.519127
0.518341
0.53676
0.520187
0.523024
0.516958
0.519517
0.517373
0.51815
0.523633
0.523616
0.523345
0.517779
0.510834
0.515489
0.5254
0.513335
0.526087
0.508369
0.513667
0.516984
0.515002
0.503998
0.514646
0.497519
0.521255
0.505688
0.511423
0.510459
0.517364
0.519651
0.509889
0.517609
0.529356
0.513175
0.510352
0.51132
0.515272
0.51836
0.517925
0.509871
0.511865
0.518266
0.505248
0.509938
0.510285
0.507434
0.518995
0.521201
0.53104
0.520245
0.505017
0.502709
0.506595
0.583126
0.519227
0.508274
0.528699
0.501987
0.509005
0.500727
0.535343
0.855306
0.531226
0.525678
0.510583
0.528937
0.529889
0.52036
0.544884
0.51098
0.506366
0.5422
0.501631
0.517851
0.656365
0.511984
0.512711
0.526262
0.527409
0.54539
0.508502
0.506031
0.512699
0.508337
0.512622
0.52037
0.774486
0.510148
0.526171
0.586725
0.505189
0.529031
0.519308
0.519247
0.535593
0.502548
0.519309
0.514242
0.712823
0.508008
0.51811
0.509397
0.50765
0.524503
0.532297
0.730138
0.734491
0.527171
0.521299
0.515438
0.51094
0.527229
0.69403
0.519118
0.515132
0.506937
0.522536
0.518463
0.521284
0.51321
0.507409
0.503748
0.512631
0.524934
0.53138
0.519388
0.539368
0.537978
0.52716
0.501919
0.523014
0.519415
0.518501
0.519781
0.536687
0.500444
0.514721
0.525084
0.510235
0.538615
0.50782
0.546832
0.505902
0.512529
0.500736
0.50594
0.51118
0.517365
0.559619
0.503099
0.511858
0.532741
0.507577
0.521652
0.514842
0.691265
0.507289
0.524555
0.520317
0.511499
0.502636
0.516967
0.53966
0.522701
0.512731
0.531249
0.509406
0.516257
0.524581
0.515002
0.510703
0.521519
0.510428
0.508134
0.507536
0.518717
0.535939
0.506199
0.508805
0.505446
0.518983
0.522899
0.658656
0.51831
0.510351
0.529464
0.511136
0.535168
0.509866
0.5179
0.51007
0.508752
0.50291
0.510332
0.518412
0.509205
0.502208
0.520515
0.505823
0.519594
0.533812
0.510534
0.504514
0.506533
0.50461
0.509294
0.509391
0.508014
0.515796
0.514054
0.545221
0.511974
0.508666
0.517512
0.509797
0.524635
0.515116
0.526875
0.507998
0.519986
0.518888
0.536026
0.538383
0.509132
0.51634
0.516185
0.510581
0.503995
0.505844
0.512192
0.548067
0.525759
0.529494
0.676303
0.520074
0.498918
0.50615
0.513554
0.520926
0.510086
0.506016
0.507069
0.533215
0.508419
0.534615
0.515164
0.501332
0.498361
0.513035
0.663836
0.528885
0.524703
0.511971
0.522521
0.525818
0.505646
0.521372
0.506455
0.530672
0.508649
0.577234
0.50433
0.512992
0.520004
0.509471
0.510233
0.523927
0.526333
0.520279
0.507608
0.506786
0.508977
0.523424
0.508241
0.521627
0.509443
0.510715
0.508576
