0.546837
0.514768
0.512918
0.508158
0.514128
0.512076
0.509002
0.512307
0.507571
0.505472
0.50749
0.503833
0.517248
0.516126
0.527148
0.524268
0.554507
0.553318
0.51821
0.523322
0.502717
0.514118
0.709576
0.49081
0.501314
0.511696
0.514498
0.513672
0.512262
0.519222
0.52051
0.518971
0.506994
0.506681
0.500752
0.504449
0.50659
0.507906
0.510026
0.509862
0.501236
0.610037
0.584086
0.667209
0.494246
0.503876
0.531811
0.531379
0.508315
0.505766
0.505628
0.535134
0.532728
0.532018
0.533523
0.512219
0.511016
0.49824
0.498541
0.514678
0.517431
0.51617
0.513068
0.50889
0.501438
0.504616
0.509818
0.508551
0.564999
0.586288
0.571259
0.5204
0.514669
0.515255
0.512922
0.509095
0.512627
0.533992
0.531874
0.54185
0.541491
0.525567
0.533027
0.533657
0.537862
0.514172
0.50136
0.502679
0.505377
0.586117
0.52307
0.524165
0.528449
0.510664
0.509574
0.534627
0.528116
0.53454
0.512944
0.509731
0.515584
0.524961
0.530743
0.527767
0.513501
0.502577
0.504356
0.508143
0.508588
0.511586
0.510344
0.507695
0.502234
0.513839
0.493628
0.497627
0.500462
0.519338
0.520552
0.59263
0.592645
0.539422
0.537342
0.514648
0.514507
0.513524
0.516523
0.521184
0.510557
0.508439
0.505325
0.502889
0.565549
0.493233
0.510345
0.513242
0.502061
0.520559
0.516278
0.527287
0.523385
0.526663
0.507418
0.515268
0.519368
0.510523
0.512077
0.520445
0.523971
0.518984
0.519203
0.528683
0.527996
0.531341
0.530973
0.531155
0.532519
0.532653
0.525149
0.528887
0.522025
0.521567
0.502205
0.50625
0.496352
0.493718
0.504382
0.504306
0.520598
0.518148
0.513529
0.596822
0.535819
0.506455
0.511572
0.595324
0.570287
0.498399
0.531463
0.527991
0.506393
0.511037
0.513954
0.509563
0.511468
0.510677
0.63358
0.653844
0.506457
0.505545
0.501821
0.540319
0.507544
0.524298
0.527434
0.525434
0.521304
0.52068
0.525038
0.529215
0.529637
0.515247
0.512164
0.514596
0.512042
0.514468
0.513347
0.517789
0.517282
0.605888
0.508403
0.506643
0.511156
0.540556
0.505376
0.507322
0.511178
0.500463
0.528903
0.50336
0.504842
0.498157
0.499437
0.518576
0.531385
0.522608
0.525923
0.611182
0.574239
0.50565
0.51015
0.51135
0.509051
0.528593
0.532314
0.524603
0.529914
0.524432
0.502977
0.509232
0.522987
0.504846
0.514189
0.518694
0.524156
0.521982
0.750784
0.714842
0.654231
0.621439
0.507206
0.507873
0.531664
0.530613
0.530724
0.495099
0.533712
0.53275
0.505398
0.525622
0.522191
0.51503
0.50776
0.506456
0.501977
0.500667
0.517683
0.509828
0.538523
0.540689
0.507743
0.665549
0.65851
0.517039
0.520762
0.524448
0.507574
0.502822
0.502548
0.509086
0.508574
0.51007
0.51781
0.517943
0.516913
0.508868
0.511295
0.511552
0.515607
0.517496
0.503126
0.506525
0.509558
0.510107
0.516911
0.520575
0.516901
0.506944
0.648121
0.507785
0.527921
0.523205
0.506916
0.506257
0.506769
0.498772
0.513882
0.508639
0.711236
0.667257
0.52123
0.51571
0.521546
0.525682
0.519465
0.50491
0.509672
0.522346
0.52178
0.501946
0.511608
0.51575
0.514008
0.555561
0.5516
0.559689
0.510125
0.509511
0.507539
0.502165
0.511962
0.512642
0.493063
0.493586
0.510427
0.510287
0.508146
0.51546
0.50517
0.509442
0.511613
0.509561
0.522822
0.524799
0.521342
0.561438
0.553512
0.499239
0.521764
0.505465
0.515397
0.593917
0.54553
0.516326
0.505136
0.509214
0.531572
0.507307
0.512249
0.518602
0.515276
0.516938
0.51068
0.500682
0.528497
0.525003
0.531898
0.691775
0.52449
0.523766
0.513429
0.540156
0.512614
0.597285
0.632734
0.517452
0.512521
0.508072
0.520245
0.538478
0.541309
0.510314
0.535614
0.503431
0.519075
0.510681
0.52189
0.514344
0.534651
0.530937
0.530668
0.506172
0.506352
0.496756
0.540462
0.53049
0.529237
0.529183
0.504442
0.509753
0.501822
0.499942
0.499384
0.502945
0.528928
0.520097
0.521142
0.5087
0.523144
0.517394
0.508477
0.508526
0.51069
0.505714
0.506753
0.506008
0.508703
0.516567
0.52421
0.515101
0.514758
0.51414
0.514931
0.504511
0.504527
0.528091
0.525916
0.526549
0.514259
0.513407
0.537265
0.600395
0.626
0.630634
0.514075
0.519047
0.512695
0.524367
0.50351
0.533986
0.589895
0.50319
0.516146
0.504624
0.505878
0.519345
0.516541
0.524901
0.51699
0.51519
0.520201
0.515921
0.50973
0.500404
0.512077
0.525046
0.522271
0.511636
0.5245
0.520038
0.51853
0.685723
0.51898
0.58119
0.561418
0.558469
0.505892
0.50943
0.514779
0.74379
0.769592
0.513553
0.517487
0.517486
0.505141
0.507815
0.512257
0.513291
0.513272
0.541898
0.538971
0.539089
0.524331
0.584029
0.522104
0.526338
0.526531
0.638063
0.654634
0.505845
0.525423
0.520565
0.505909
0.505693
0.499344
0.500367
0.514242
0.513066
0.518042
0.51302
0.512738
0.508761
0.532027
0.531297
0.54083
0.525027
0.523765
0.504848
0.506554
0.524874
0.525796
0.528864
0.514536
0.524998
0.526519
0.523464
0.52266
0.532719
0.527875
0.505187
0.509394
0.506441
0.52423
0.527072
0.502459
0.521624
0.542966
0.501212
0.50526
0.511698
0.653214
0.606068
0.530724
0.528561
0.690808
0.503261
0.520587
0.521026
0.514148
0.514471
0.516101
0.521968
0.555847
0.539604
0.533778
0.538294
0.545035
0.530772
0.512855
0.524345
0.529622
0.507785
0.516774
0.596527
0.587046
0.511397
0.507989
0.508579
0.512535
0.60279
0.507916
0.50478
0.508632
0.507087
0.522573
0.540194
0.53378
0.500452
0.506918
0.522875
0.530282
0.526666
0.530154
0.533888
0.513572
0.512653
0.533057
0.533777
0.553887
0.530522
0.533636
0.535503
0.531353
0.668716
0.531716
0.53191
0.732961
0.706874
0.508615
0.493192
0.509275
0.52469
0.502205
0.527054
0.531756
0.50662
0.506609
0.510474
0.528058
0.517993
0.508111
0.509783
0.508825
0.505774
0.506114
0.521028
0.522018
0.501723
0.505562
0.546312
0.519067
0.538266
0.509669
0.507609
0.505037
0.523856
0.506941
0.508975
0.707414
0.737854
0.644685
0.531789
0.541507
0.51698
0.621633
0.629054
0.52951
0.526446
0.522566
0.507185
0.509246
0.501591
0.531039
0.599452
0.510589
0.53626
0.501437
0.500876
0.506522
0.534476
0.529459
0.526228
0.523418
0.525634
0.509903
0.510275
0.505743
0.508967
0.511022
0.509284
0.527253
0.531219
0.766271
0.518394
0.523723
0.52432
0.517392
0.529489
0.503197
0.506658
0.525482
0.525114
0.52485
0.530369
0.529064
0.510275
0.510768
0.517164
0.516079
0.525261
0.51268
0.505726
0.508488
0.506228
0.531009
0.531154
0.516333
0.514935
0.516448
0.512114
0.515665
0.50907
0.520928
0.529509
0.691099
0.519389
0.5197
0.512822
0.496627
0.495671
0.50797
0.518206
0.519437
0.523766
0.511655
0.515659
0.519474
0.508766
0.515281
0.524726
0.507933
0.520331
0.518919
0.521789
0.521899
0.510814
0.50676
0.52122
0.527357
0.510885
0.526094
0.506204
0.510097
0.504814
0.520133
0.518425
0.520927
0.524781
0.533172
0.731812
0.694668
0.533509
0.505125
0.512345
0.512219
0.536261
0.544662
0.598093
0.512529
0.523943
0.527057
0.511103
0.532055
0.528605
0.505554
0.504532
0.507278
0.505996
0.509921
0.498805
0.505925
0.512728
0.691552
0.670301
0.504119
0.507551
0.584382
0.501245
0.50343
0.525462
0.506068
0.502046
0.52388
0.527105
0.511502
0.510148
0.51012
0.549306
0.547874
0.523119
0.518012
0.50145
0.526867
0.523519
0.636857
0.546681
0.517836
0.514287
0.500803
0.500417
0.503526
0.509024
0.524598
0.527037
0.512157
0.513293
0.512801
0.514733
0.511597
0.509021
0.513404
0.517601
0.551239
0.522566
0.517036
0.503677
0.507345
0.521646
0.518116
0.51672
0.527618
0.509685
0.509928
0.513536
0.510835
0.524514
0.521912
0.513448
0.513132
0.531259
0.537022
0.542335
0.5386
0.539764
0.50587
0.516556
0.521958
0.519844
0.51093
0.515772
0.561736
0.506464
0.504845
0.737978
0.531314
0.528754
0.502262
0.501623
0.521906
0.520178
0.509779
0.5152
0.516169
0.514848
0.509073
0.524521
0.492784
0.494401
0.512501
0.513281
0.530945
0.554562
0.505456
0.522896
0.54703
0.53951
0.511547
0.516079
0.514161
0.514321
0.514504
0.520945
0.500906
0.504827
0.521289
0.52731
0.512578
0.496309
0.517868
0.511817
0.49447
0.498017
0.498361
0.505986
0.505793
0.505268
0.510159
0.511507
0.52619
0.519267
0.510837
0.515374
0.501385
0.5055
0.500158
0.514006
0.513588
0.558106
0.521309
0.519626
0.5274
0.540956
0.527756
0.722188
0.675049
0.515351
0.51148
0.50859
0.52479
0.530924
0.522544
0.515792
0.550672
0.543687
0.50939
0.513886
0.506641
0.654931
0.511579
0.517328
0.616512
0.497037
0.497037
0.526914
0.508216
0.520775
0.523302
0.524295
0.516652
0.502696
0.502719
0.503287
0.502729
0.497986
0.515608
0.508589
0.512694
0.526926
0.527046
0.53209
0.56336
0.587547
0.522181
0.53965
0.509562
0.537648
0.506082
0.509548
0.524242
0.508534
0.523454
0.507595
0.50381
0.64428
0.507961
0.5075
0.529815
0.497519
0.530355
0.61576
0.515103
0.534404
0.506558
0.511011
0.506813
0.513441
0.519063
0.520788
0.518498
0.505285
0.531918
0.53012
0.50144
0.513921
0.507115
0.504724
0.560638
0.508469
0.506889
0.526513
0.532337
0.514375
0.534871
0.511625
0.514866
0.627654
0.519926
0.519554
0.516312
0.514525
0.511475
0.516319
0.515309
0.50433
0.50916
0.514625
0.507049
0.506967
0.545211
0.53137
0.528258
0.550241
0.545726
0.494739
0.515556
0.528592
0.519691
0.511276
0.499797
0.520158
0.547305
0.590501
0.50916
0.509793
0.51669
0.533059
0.550923
0.514577
0.513267
0.509059
0.502961
0.509532
0.49704
0.512558
0.515622
0.556538
0.508438
0.519224
0.519098
0.516402
0.528597
0.531677
0.513504
0.528928
0.499225
0.502039
0.515138
0.498309
0.506489
0.502404
0.520539
0.496928
0.518375
0.522968
0.519868
0.515995
0.522868
0.504272
0.530476
0.526331
0.520508
0.525231
0.524503
0.532268
0.512931
0.502941
0.502786
0.508208
0.508714
0.505748
0.509888
0.515273
0.523732
0.524744
0.525393
0.528246
0.519812
0.50975
0.509104
0.582707
0.588507
0.516253
0.557511
0.552223
0.548305
0.503642
0.506693
0.543914
0.538847
0.514177
0.51846
0.509538
0.506385
0.513205
0.568969
0.533536
0.511612
0.494717
0.508303
0.506948
0.520681
0.521486
0.501764
0.504763
0.645867
0.606707
0.512789
0.533393
0.509415
0.503912
0.529532
0.529399
0.507783
0.509098
0.522698
0.524965
0.627025
0.509386
0.527757
0.531357
0.501461
0.506315
0.526832
0.531674
0.506953
0.527136
0.505837
0.505722
0.509481
0.506037
0.508593
0.507707
0.508081
0.507369
0.508301
0.545058
0.506903
0.532657
0.50466
0.607892
0.497958
0.508942
0.511615
0.605621
0.506998
0.541968
0.558329
0.51716
0.521853
0.649252
0.642211
0.509418
0.515045
0.50654
0.506423
0.502097
0.506596
0.524168
0.514038
0.52464
0.524644
0.518094
0.49777
0.50088
0.532853
0.509517
0.508514
0.517012
0.515564
0.529307
0.526319
0.513466
0.491391
0.501061
0.599473
0.514959
0.526956
0.525324
0.525103
0.520203
0.526946
0.518428
0.512264
0.544924
0.578602
0.510738
0.508155
0.526489
0.495071
0.49817
0.530648
0.513546
0.538022
0.506598
0.520472
0.494767
0.711985
0.508721
0.511743
0.500762
0.500459
0.55769
0.5833
0.531815
0.534965
0.52218
0.508718
0.511233
0.499921
0.517193
0.594946
0.623857
0.517725
0.501029
0.499055
0.503009
0.516852
0.525966
0.520517
0.509655
0.507215
0.504991
0.506708
0.505734
0.509773
0.520794
0.499121
0.504375
0.502432
0.510593
0.508824
0.506111
0.503689
0.506865
0.527614
0.511812
0.507566
0.512534
0.510761
0.554407
0.551799
0.497091
0.499507
0.529813
0.522132
0.532693
0.522561
0.519894
0.540521
0.512005
0.520517
0.508833
0.731656
0.528483
0.509683
0.507626
0.52482
0.53224
0.528333
0.516945
0.507541
0.52964
0.516875
0.508226
0.515781
0.517322
0.516339
0.501186
0.575984
0.505848
0.550638
0.514173
0.538681
0.528487
0.513973
0.556807
0.566703
0.507199
0.711821
0.515582
0.502187
0.507048
0.507547
0.50017
0.694336
0.718538
0.523276
0.521434
0.522768
0.546562
0.516836
0.52213
0.522938
0.513075
0.521977
0.528762
0.520438
0.5147
0.520599
0.507557
0.524651
0.505968
0.510233
0.522663
0.527115
0.510882
0.5115
0.734743
0.50487
0.528276
0.530882
0.50963
0.540674
0.539404
0.53569
0.523034
0.715512
0.520455
0.50989
0.505867
0.51338
0.52542
0.52117
0.528211
0.518217
0.525843
0.505817
0.515833
0.513962
0.512305
0.515148
0.507943
0.543273
0.511866
0.517867
0.509738
0.494792
0.543028
0.508445
0.531279
0.508224
0.512846
0.500211
0.647107
0.689917
0.53459
0.512032
0.51555
0.521165
0.50535
0.519747
0.522259
0.62033
0.619846
0.505862
0.570152
0.512913
0.533197
0.528623
0.506226
0.5168
0.506854
0.50696
0.509616
0.538842
0.523001
0.549479
0.505897
0.509637
0.519641
0.570598
0.514773
0.493954
0.504839
0.51854
0.58948
0.505533
0.505388
0.499492
0.785789
0.510965
0.527874
0.513676
0.51473
0.543032
0.545784
0.541064
0.532378
0.504048
0.505956
0.534126
0.511529
0.51742
0.511853
0.504452
0.556452
0.505151
0.526781
0.512827
0.519636
0.551096
0.513754
0.535453
0.529964
0.523718
0.514683
0.514926
0.509628
0.528209
0.522172
0.533953
0.537524
0.506446
0.512743
0.514336
0.514317
0.525903
0.523131
0.522161
0.520146
0.517104
0.513352
0.514995
0.504648
0.510296
0.504662
0.503568
0.497564
0.526543
0.510211
0.508011
0.53333
0.53524
0.532106
0.509699
0.509906
0.531414
0.505816
0.516155
0.513158
0.518278
0.494976
0.492438
0.497225
0.520648
0.513429
0.51532
0.523456
0.503156
0.52744
0.527325
0.514545
0.524411
0.533472
0.507402
0.508709
0.511066
0.532517
0.513919
0.523704
0.523284
0.525617
0.524155
0.508655
0.531053
0.530407
0.516187
0.502044
0.504133
0.522654
0.671327
0.512712
0.535213
0.51678
0.542861
0.498254
0.521158
0.527101
0.512888
0.56685
0.516701
0.508949
0.518624
0.505552
0.509085
0.523786
0.533218
0.502726
0.498003
0.520006
0.513945
0.508454
0.496607
0.495552
0.656193
0.518151
0.507584
0.519989
0.764673
0.561854
0.502178
0.500264
0.501172
0.500477
0.592366
0.506715
0.62175
0.510488
0.501656
0.500552
0.532271
0.535136
0.545301
0.522197
0.520713
0.522852
0.521497
0.511339
0.528048
0.525198
0.505854
0.49733
0.503074
0.512911
0.50161
0.509873
0.50078
0.495605
0.505578
0.510753
0.507659
0.51804
0.518128
0.504559
0.518973
0.513108
0.501
0.508475
0.544563
0.524189
0.505654
0.535153
0.50801
0.521382
0.538883
0.520062
0.513405
0.527009
0.515905
0.521484
0.504409
0.536956
0.521759
0.508566
0.501218
0.514738
0.50245
0.515771
0.523302
0.51768
0.52707
0.537604
0.525956
0.525828
0.546706
0.50213
0.518972
0.509353
0.500271
0.718703
0.505245
0.500582
0.508121
0.52221
0.525278
0.498744
0.494595
0.581668
0.520741
0.491546
0.524644
0.50755
0.509767
0.516343
0.51105
0.549495
0.51733
0.522696
0.513876
0.507621
0.533479
0.529918
0.524185
0.523593
0.510485
0.517959
0.505339
0.524905
0.5233
0.5175
0.500301
0.514282
0.511396
0.502512
0.500092
0.508995
0.507221
0.513831
0.504958
0.523882
0.522659
0.731096
0.50656
0.506187
0.757404
0.5319
0.50684
0.529131
0.523599
0.498175
0.52369
0.52524
0.498362
0.510794
0.532849
0.609365
0.51097
0.52499
0.494245
0.505015
0.506994
0.509374
0.510278
0.531578
0.504499
0.524552
0.528069
0.499283
0.513817
0.768529
0.500292
0.511203
0.51414
0.505229
0.51776
0.525436
0.544813
0.505693
0.534408
0.523159
0.504057
0.524517
0.511634
0.523947
0.524086
0.526287
0.520538
0.518916
0.522764
0.514932
0.518134
0.50872
0.508387
0.534969
0.518017
0.497933
0.527944
0.546805
0.522786
0.51915
0.514975
0.511957
0.513827
0.512488
0.51378
0.535246
0.531872
0.517029
0.509219
0.522319
0.516742
0.504782
0.516413
0.523259
0.511745
0.50718
0.514957
0.540631
0.542187
0.519596
0.505059
0.520096
0.515065
0.527091
0.522061
0.505079
0.51098
0.52458
0.518911
0.513823
0.516294
0.517864
0.52339
0.519489
0.542482
0.538768
0.522017
0.522272
0.509406
0.641688
0.515398
0.564531
0.516076
0.509504
0.520343
0.575924
0.512695
0.519805
0.528937
0.543293
0.536956
0.72438
0.670586
0.528759
0.508106
0.508292
0.560596
0.535462
0.506672
0.523512
0.515987
0.530835
0.518364
0.511423
0.522853
0.513937
0.519719
0.526411
0.529145
0.532501
0.549024
0.550518
0.539786
0.512164
0.507329
0.507975
0.512394
0.553893
0.517731
0.521195
0.509045
0.5171
0.51174
0.511081
0.544162
0.51679
0.513261
0.519318
0.696857
0.526632
0.523231
0.517597
0.523088
0.515587
0.521441
0.593951
0.509293
0.52532
0.521095
0.513756
0.520442
0.53268
0.52632
0.519889
0.510424
0.515796
0.508241
0.514102
0.502851
0.508724
0.548665
0.512362
0.55863
0.563037
0.599696
0.565658
0.511904
0.519578
0.513585
0.518035
0.512909
0.535764
0.510917
0.523426
0.512313
0.511143
0.540451
0.546774
0.506619
0.537975
0.511603
0.509067
0.509185
0.517646
0.511182
0.509568
0.510737
0.514387
0.509481
0.530513
0.498096
0.546376
0.526017
0.595215
0.513212
0.510932
0.51794
0.52084
0.503113
0.504121
0.507234
0.511939
0.517442
0.520886
0.528936
0.509015
0.511497
0.508261
0.511593
0.508451
0.50926
0.51375
0.51509
0.511092
0.518532
0.521158
0.512795
0.512162
0.538896
0.542209
0.512586
0.508891
0.518823
0.508166
0.516099
0.535684
0.541284
0.514073
0.622956
0.499766
0.514349
0.507156
0.499742
0.537733
0.507788
0.515234
0.538225
0.549143
0.513765
0.509033
0.515867
0.519206
0.513795
0.514896
0.516253
0.748643
0.507299
0.508963
0.777334
0.512941
0.515486
0.538041
0.531354
0.509539
0.511587
0.515858
0.518431
0.523347
0.51197
0.510328
0.507499
0.507557
0.501493
0.510349
0.530437
0.520473
0.517258
0.524171
0.519357
0.520719
0.518209
0.50668
0.518058
0.517768
0.520745
0.50871
0.534159
0.58079
0.51727
0.520011
0.517861
0.51662
0.501271
0.500712
0.516383
0.50498
0.507122
0.522742
0.526528
0.517003
0.529976
0.512966
0.515986
0.510665
0.51644
0.514086
0.519818
0.509334
0.536757
0.512731
0.566056
0.518649
0.510884
0.515654
0.521204
0.514318
0.503412
0.511504
0.521187
0.513283
0.512182
0.528295
0.521396
0.505832
0.512621
0.508177
0.517715
0.533566
0.548113
0.510707
0.526466
0.525403
0.512082
0.507921
0.539075
0.512973
0.505871
0.505272
0.512724
0.512564
0.514664
0.527694
0.522011
0.528816
0.573166
0.542849
0.529488
0.519799
0.513996
0.519091
0.507555
0.518958
0.527375
0.523028
0.503881
0.51807
0.506836
0.509332
0.504203
0.500125
0.51264
0.509678
0.513223
0.552246
0.573739
0.50609
0.51374
0.519744
0.515666
0.505867
0.515456
0.588042
0.623411
0.515676
0.514215
0.506777
0.513529
0.51675
0.504343
0.502956
0.532253
0.528763
0.529956
0.522532
0.507796
0.587375
0.511114
0.517365
0.523496
0.521094
0.516131
0.5135
0.533575
0.53884
0.523405
0.521791
0.526449
0.527462
0.512591
0.510783
0.515142
0.509824
0.519471
0.515301
0.536827
0.508554
0.508989
0.506794
0.515508
0.518143
0.527818
0.528388
0.511591
0.514038
0.533021
0.504946
0.497189
0.507653
0.516792
0.502393
0.493841
0.509682
0.518015
0.517007
0.506218
0.518309
0.506618
0.506359
0.518785
0.515254
0.514823
0.513107
0.620044
0.511527
0.525696
0.51889
0.508753
0.509942
0.52242
0.523574
0.507329
0.507043
0.50901
0.53245
0.532034
0.504049
0.530189
0.50932
0.502944
0.54295
0.526455
0.517523
0.504306
0.514205
0.512403
0.643108
0.514985
0.524417
0.508671
0.652002
0.51779
0.500635
0.51507
0.509568
0.511013
0.53098
0.501863
0.518833
0.514383
0.537867
0.530215
0.526261
0.509208
0.526481
0.512363
0.560276
0.520703
0.557152
0.529738
0.511182
0.509013
0.506498
0.513201
0.520104
0.520542
0.514134
0.615744
0.662623
0.512057
0.521866
0.528125
0.533315
0.510703
0.662606
0.507865
0.51027
0.522745
0.50807
0.513517
0.509148
0.519434
0.510644
0.511935
0.51774
0.524084
0.536315
0.507599
0.507464
0.525297
0.532499
0.529457
0.508301
0.508549
0.532959
0.510046
0.509252
0.507771
0.514466
0.521168
0.518467
0.517825
0.520294
0.512588
0.52267
0.528679
0.505697
0.637442
0.659202
0.529116
0.513209
0.518092
0.507077
0.503653
0.503585
0.518732
0.526936
0.516574
0.616475
0.513306
0.512218
0.514703
0.517641
0.5321
0.523754
0.515014
0.522264
0.519229
0.525568
0.508256
0.508562
0.535742
0.513304
0.510341
0.520048
0.533158
0.540392
0.536839
0.51293
0.520031
0.507239
0.514905
0.51811
0.521639
0.643406
0.521346
0.551769
0.576914
0.547985
0.654412
0.510394
0.51638
0.523555
0.508378
0.516205
0.506348
0.515107
0.522007
0.514179
0.507973
0.503188
0.509354
0.511816
0.518597
0.519897
0.633629
0.514405
0.51704
0.512499
0.738494
0.508578
0.510159
0.516756
0.524962
0.515041
0.517823
0.521057
0.506477
0.507673
0.511435
0.507714
0.504542
0.536553
0.499273
0.54875
0.511559
0.51666
0.504811
0.504865
0.515535
0.540956
0.51383
0.508162
0.508547
0.523767
0.511726
0.516367
0.519766
0.541677
0.580307
0.506969
0.521895
0.513788
0.5004
0.508647
0.508154
0.534623
0.510304
0.521807
0.632497
0.524868
0.516613
0.541775
0.507519
0.514744
0.513914
0.524772
0.526765
0.505748
0.517827
0.512067
0.519543
0.508347
0.508264
0.519303
0.512192
0.532317
0.514202
0.653279
0.508903
0.543941
0.540919
0.509896
0.521238
0.517787
0.509265
0.517709
0.508491
0.508851
0.513685
0.520654
0.522933
0.597114
0.509184
0.627636
0.531377
0.543149
0.575
0.517754
0.522333
0.562527
0.516278
0.615468
0.513809
0.511764
0.517932
0.518187
0.530305
0.525175
0.530318
