0.552677
0.552953
0.545117
0.510613
0.508745
0.527557
0.534141
0.516307
0.510982
0.509419
0.507617
0.509043
0.503879
0.50281
0.506864
0.514088
0.518987
0.517208
0.517509
0.517384
0.560309
0.554533
0.557574
0.515305
0.520954
0.509035
0.503536
0.519021
0.514596
0.512972
0.502636
0.509282
0.504878
0.506698
0.52424
0.502944
0.504366
0.498525
0.503303
0.608521
0.67318
0.523738
0.514349
0.528343
0.528305
0.505872
0.508503
0.506596
0.537969
0.532771
0.531219
0.511045
0.508393
0.500958
0.508044
0.505408
0.507568
0.526193
0.507049
0.513306
0.527964
0.518094
0.512812
0.542982
0.542402
0.541625
0.50869
0.516903
0.514412
0.51499
0.525665
0.519724
0.508619
0.508272
0.522568
0.533323
0.532349
0.538993
0.542345
0.520979
0.525355
0.524859
0.525085
0.509923
0.506341
0.496209
0.502069
0.625489
0.586632
0.504361
0.522845
0.510307
0.508874
0.548539
0.536175
0.529941
0.509231
0.509357
0.507323
0.510714
0.509938
0.523939
0.527178
0.530012
0.512679
0.51773
0.538503
0.54457
0.537042
0.513869
0.509088
0.521647
0.518891
0.509069
0.512107
0.512288
0.499305
0.500025
0.49501
0.49666
0.497343
0.582986
0.534742
0.512865
0.511507
0.51445
0.518236
0.52677
0.509516
0.501329
0.508657
0.567409
0.506448
0.509443
0.500757
0.523779
0.527749
0.508411
0.517123
0.512437
0.523828
0.516393
0.518511
0.524392
0.526868
0.532226
0.529876
0.527659
0.522614
0.527538
0.497729
0.50208
0.500495
0.504099
0.521686
0.521833
0.516164
0.51854
0.519578
0.580669
0.541762
0.507765
0.505485
0.520454
0.521016
0.517149
0.510827
0.506351
0.527944
0.507312
0.505371
0.520297
0.510144
0.510583
0.659085
0.675926
0.507222
0.506526
0.503626
0.505441
0.50789
0.506858
0.523777
0.52199
0.52917
0.510371
0.515402
0.511624
0.520702
0.534199
0.648517
0.642969
0.509422
0.510244
0.537223
0.540298
0.537393
0.503068
0.502272
0.498319
0.498007
0.526046
0.505584
0.50247
0.514059
0.517237
0.512611
0.524423
0.631815
0.58634
0.646729
0.501462
0.507951
0.510865
0.51238
0.52797
0.52984
0.551258
0.54688
0.526059
0.521935
0.503516
0.507459
0.525334
0.522893
0.501203
0.515905
0.545303
0.542741
0.512825
0.525658
0.528224
0.646082
0.642101
0.525203
0.520644
0.517238
0.702447
0.661954
0.505641
0.527651
0.530279
0.522309
0.503473
0.506154
0.506756
0.535133
0.531104
0.518695
0.516606
0.526577
0.533852
0.591086
0.505421
0.505458
0.516505
0.517949
0.517221
0.506458
0.495882
0.494963
0.507566
0.506397
0.507448
0.518962
0.515318
0.509759
0.509675
0.510519
0.520043
0.518369
0.520088
0.506599
0.511895
0.507555
0.509162
0.519282
0.515822
0.506105
0.55392
0.540075
0.569571
0.548617
0.5005
0.518641
0.523297
0.521009
0.504133
0.505237
0.508553
0.50654
0.50857
0.504938
0.517588
0.512012
0.522551
0.524797
0.513756
0.509082
0.508835
0.521829
0.502326
0.508882
0.510427
0.506338
0.509284
0.556745
0.543307
0.508336
0.506493
0.506614
0.510961
0.507006
0.510815
0.517875
0.506753
0.509263
0.502446
0.528973
0.51228
0.509504
0.514084
0.6576
0.609075
0.50347
0.521924
0.515895
0.509613
0.523015
0.522085
0.540625
0.521706
0.505642
0.538462
0.501182
0.504455
0.50726
0.623437
0.516076
0.517773
0.542677
0.540068
0.5027
0.513138
0.505801
0.530898
0.530221
0.51188
0.51528
0.516871
0.518354
0.517066
0.516737
0.51493
0.511239
0.512912
0.528578
0.525277
0.525082
0.710838
0.520362
0.526503
0.678894
0.503775
0.51237
0.511998
0.510263
0.543617
0.510087
0.51077
0.521221
0.513212
0.508705
0.500416
0.506323
0.516711
0.511999
0.534007
0.530407
0.528093
0.525376
0.520622
0.50875
0.504817
0.508069
0.494144
0.524065
0.516988
0.504067
0.505268
0.505016
0.522396
0.530015
0.519998
0.509366
0.507777
0.493773
0.514013
0.520383
0.522671
0.501727
0.508191
0.505794
0.50608
0.510996
0.513142
0.520802
0.509903
0.524354
0.504216
0.504206
0.525413
0.524852
0.524075
0.530803
0.58741
0.512677
0.52256
0.502773
0.506641
0.540342
0.69222
0.585949
0.509889
0.516151
0.520992
0.525083
0.52587
0.510147
0.500874
0.509173
0.506298
0.523965
0.523264
0.509298
0.517276
0.518043
0.66189
0.589987
0.700884
0.678399
0.659158
0.508534
0.507938
0.513451
0.515078
0.508274
0.526681
0.505046
0.505978
0.503564
0.510476
0.505195
0.504475
0.508249
0.536811
0.542622
0.505327
0.512811
0.520289
0.525932
0.526326
0.496332
0.501559
0.520142
0.509165
0.518416
0.513211
0.505105
0.507888
0.508307
0.500844
0.49699
0.501753
0.514709
0.513783
0.51429
0.5147
0.511011
0.508546
0.516958
0.512097
0.508803
0.53422
0.534508
0.529746
0.528073
0.525754
0.510018
0.508749
0.514218
0.506756
0.525296
0.524984
0.519624
0.521357
0.525138
0.518978
0.517126
0.531222
0.523954
0.525687
0.502864
0.504122
0.523254
0.506876
0.575519
0.569639
0.518881
0.517238
0.549889
0.543193
0.514746
0.508556
0.504753
0.5314
0.529742
0.527311
0.61478
0.511488
0.493459
0.729632
0.721762
0.4984
0.504589
0.521402
0.517904
0.527769
0.527909
0.536641
0.517385
0.514239
0.523035
0.597905
0.580103
0.500622
0.539265
0.528701
0.537738
0.536295
0.538007
0.509853
0.530709
0.503723
0.50804
0.507957
0.508111
0.647839
0.506833
0.506238
0.545435
0.64839
0.504382
0.502598
0.50658
0.507165
0.518338
0.536196
0.54104
0.491361
0.529089
0.519594
0.523953
0.531835
0.503985
0.506308
0.519013
0.526058
0.508995
0.506637
0.510685
0.54439
0.532159
0.535545
0.531768
0.533379
0.527576
0.580423
0.629803
0.582969
0.531796
0.532629
0.521918
0.7605
0.719167
0.494626
0.530832
0.508852
0.5062
0.507819
0.527663
0.52655
0.510449
0.502469
0.510677
0.502877
0.49991
0.496702
0.502112
0.504424
0.518911
0.52281
0.521836
0.511155
0.517935
0.522499
0.526516
0.553891
0.56475
0.511439
0.509111
0.610383
0.644285
0.602159
0.522266
0.523133
0.506258
0.814048
0.72928
0.523615
0.531683
0.641093
0.527082
0.507335
0.51096
0.508205
0.529448
0.63275
0.504585
0.504595
0.534548
0.538379
0.501234
0.528838
0.526
0.522401
0.520633
0.634587
0.510287
0.534651
0.656745
0.524411
0.517447
0.508403
0.536137
0.535366
0.501914
0.525683
0.529254
0.509792
0.511768
0.501531
0.504084
0.505511
0.502295
0.505253
0.512732
0.512306
0.512099
0.506883
0.509426
0.533446
0.504887
0.507753
0.527205
0.525757
0.511346
0.509814
0.506711
0.529971
0.612426
0.519075
0.528771
0.526498
0.632627
0.5124
0.51857
0.516259
0.508113
0.51253
0.518847
0.513906
0.526247
0.512935
0.506387
0.526167
0.527068
0.522523
0.514425
0.51363
0.514876
0.516025
0.512193
0.523019
0.52513
0.515269
0.514429
0.511378
0.52955
0.515535
0.51072
0.540259
0.517965
0.518428
0.522485
0.526614
0.716566
0.535491
0.504606
0.504736
0.540343
0.535916
0.541863
0.516583
0.521695
0.508981
0.541028
0.511561
0.511159
0.52746
0.505994
0.507156
0.507029
0.614261
0.515899
0.517174
0.526319
0.525834
0.516126
0.507928
0.501287
0.500499
0.514345
0.512264
0.643591
0.673078
0.585007
0.504663
0.502317
0.507235
0.635802
0.522084
0.511094
0.517055
0.525991
0.510506
0.509651
0.510626
0.548855
0.547951
0.521751
0.51315
0.517803
0.49645
0.498906
0.499261
0.499891
0.50486
0.514888
0.516143
0.508789
0.506919
0.508332
0.502898
0.524978
0.507732
0.520148
0.50815
0.513943
0.51778
0.509689
0.50774
0.514384
0.539204
0.521371
0.517283
0.516356
0.520841
0.525891
0.517233
0.532771
0.537179
0.515952
0.51654
0.514538
0.513936
0.51312
0.515847
0.524183
0.512525
0.513415
0.532363
0.533127
0.504216
0.52475
0.524022
0.517523
0.521265
0.515623
0.511786
0.539224
0.541827
0.711748
0.54233
0.529705
0.502493
0.521226
0.542681
0.54682
0.513998
0.514438
0.67828
0.504293
0.523407
0.518953
0.501683
0.819408
0.519955
0.512064
0.496667
0.558073
0.559264
0.502916
0.524552
0.534837
0.515529
0.509789
0.512502
0.510379
0.511524
0.518331
0.503235
0.525791
0.519865
0.517597
0.513128
0.51267
0.513838
0.514124
0.506418
0.507016
0.505031
0.504564
0.505635
0.511623
0.527149
0.526573
0.504447
0.513104
0.519989
0.513583
0.511772
0.520411
0.504319
0.502896
0.505877
0.519607
0.520692
0.554773
0.511555
0.519622
0.5449
0.661664
0.51917
0.509809
0.502714
0.521442
0.510342
0.539248
0.533788
0.505675
0.520743
0.511303
0.539785
0.539277
0.505292
0.505034
0.518734
0.512177
0.526274
0.521071
0.506686
0.520559
0.520807
0.50665
0.535236
0.532795
0.52605
0.507258
0.503669
0.530064
0.511979
0.51556
0.522577
0.522949
0.534666
0.493893
0.619025
0.594196
0.563701
0.517563
0.5056
0.501029
0.535186
0.520854
0.508723
0.509804
0.547694
0.503209
0.506426
0.503237
0.521712
0.659723
0.507668
0.507912
0.509109
0.530719
0.539416
0.520437
0.532164
0.498643
0.514154
0.509573
0.514687
0.517796
0.521934
0.505829
0.5046
0.503108
0.507968
0.518848
0.516001
0.505493
0.507735
0.534006
0.532019
0.507562
0.502843
0.51431
0.503948
0.507474
0.507393
0.505367
0.55261
0.517135
0.523326
0.503747
0.513368
0.515992
0.505592
0.513302
0.623473
0.51405
0.509059
0.512946
0.514468
0.501654
0.509183
0.506978
0.515475
0.532024
0.536102
0.53232
0.518968
0.508433
0.510472
0.535236
0.533016
0.54855
0.562009
0.529517
0.520286
0.5541
0.512738
0.495361
0.512648
0.535105
0.563558
0.511099
0.529285
0.50904
0.512318
0.49729
0.512604
0.519074
0.526559
0.525954
0.505836
0.501256
0.509346
0.508623
0.519056
0.520146
0.517707
0.522937
0.532385
0.502972
0.510952
0.521288
0.498313
0.498905
0.514702
0.51426
0.523533
0.520076
0.50801
0.508724
0.506066
0.512023
0.52762
0.531297
0.521359
0.509072
0.50982
0.522478
0.533146
0.504517
0.526565
0.532597
0.508368
0.509589
0.508339
0.606183
0.50779
0.517626
0.517923
0.52272
0.497759
0.525181
0.526036
0.506292
0.503916
0.550003
0.523762
0.509482
0.565403
0.546766
0.51073
0.589724
0.524627
0.546671
0.513283
0.524566
0.535916
0.533647
0.534314
0.528635
0.505518
0.505937
0.511651
0.667494
0.629123
0.531752
0.533604
0.510764
0.509214
0.522377
0.5226
0.518675
0.531189
0.523203
0.527025
0.508906
0.505518
0.505956
0.522438
0.509109
0.529444
0.506332
0.506259
0.508344
0.505225
0.50671
0.505617
0.549524
0.546858
0.506599
0.512505
0.514037
0.517833
0.52468
0.510778
0.520963
0.512649
0.507465
0.50148
0.513466
0.516542
0.520349
0.619996
0.628467
0.5141
0.502424
0.507482
0.520309
0.515483
0.506562
0.505466
0.524612
0.513971
0.506002
0.508684
0.51028
0.508159
0.508544
0.518097
0.512221
0.530003
0.52562
0.506558
0.504409
0.504011
0.52066
0.521589
0.519291
0.521041
0.66793
0.5153
0.541323
0.529973
0.563221
0.520699
0.522001
0.506524
0.502046
0.507386
0.525346
0.498498
0.700739
0.503722
0.514358
0.506545
0.504791
0.553443
0.525847
0.516219
0.514228
0.513198
0.650573
0.515507
0.521128
0.510707
0.511021
0.524471
0.490637
0.505976
0.506441
0.510416
0.511379
0.612283
0.532182
0.64877
0.637391
0.51328
0.50878
0.512375
0.525501
0.508846
0.526624
0.620418
0.507021
0.546953
0.504428
0.509931
0.521475
0.537846
0.532694
0.507345
0.501079
0.508432
0.51841
0.524234
0.510611
0.512401
0.512668
0.50896
0.534009
0.515642
0.514206
0.509533
0.516667
0.527789
0.578073
0.528353
0.52704
0.522647
0.522119
0.521402
0.518532
0.512719
0.523316
0.522172
0.500155
0.502642
0.505791
0.507544
0.51778
0.51503
0.512357
0.520596
0.506188
0.511207
0.518511
0.500155
0.602244
0.521369
0.524802
0.505052
0.530474
0.507125
0.507692
0.50856
0.52606
0.512885
0.517407
0.580793
0.519295
0.510324
0.529631
0.49487
0.517311
0.528021
0.495267
0.507584
0.514497
0.513468
0.529247
0.514255
0.508889
0.517545
0.561975
0.533617
0.536388
0.54063
0.517103
0.523448
0.50738
0.558541
0.575824
0.51938
0.502608
0.749583
0.514602
0.503976
0.505238
0.50763
0.511071
0.51082
0.506591
0.520717
0.728349
0.52207
0.521017
0.496129
0.524148
0.518268
0.52134
0.517714
0.526275
0.517821
0.524557
0.515402
0.505571
0.526535
0.524114
0.527705
0.507745
0.51057
0.506225
0.513328
0.513987
0.531394
0.531388
0.516241
0.537098
0.543081
0.537971
0.518799
0.500567
0.634923
0.653961
0.528528
0.519193
0.516628
0.511997
0.505209
0.497473
0.515215
0.525903
0.526373
0.504277
0.519016
0.515773
0.515286
0.506467
0.510603
0.547588
0.544708
0.555539
0.541969
0.537209
0.505816
0.531092
0.5091
0.514265
0.659606
0.636418
0.665482
0.645519
0.528199
0.521375
0.523574
0.520264
0.504154
0.517939
0.521206
0.520755
0.6193
0.513212
0.508997
0.530794
0.528338
0.506453
0.504741
0.529173
0.508406
0.518458
0.531225
0.504613
0.511903
0.541663
0.54865
0.518821
0.514056
0.53187
0.498546
0.514341
0.512837
0.642596
0.700191
0.512459
0.499215
0.510475
0.533019
0.515538
0.537207
0.536743
0.526621
0.723592
0.631515
0.503434
0.535702
0.511626
0.504098
0.547798
0.534295
0.532307
0.513583
0.52454
0.511847
0.511852
0.513545
0.527607
0.511384
0.724727
0.781034
0.533177
0.542503
0.55044
0.556251
0.506138
0.526935
0.525799
0.513284
0.51846
0.506809
0.502845
0.505846
0.518718
0.510984
0.534693
0.498553
0.50523
0.516413
0.501379
0.492469
0.521176
0.502613
0.503393
0.50011
0.502059
0.528712
0.515949
0.531987
0.528378
0.506497
0.590776
0.507519
0.532734
0.50747
0.522408
0.515118
0.510152
0.521475
0.495768
0.49805
0.518879
0.511339
0.516921
0.534172
0.511263
0.498107
0.521111
0.501661
0.506264
0.506346
0.505664
0.518053
0.513916
0.497689
0.497889
0.523439
0.499931
0.506051
0.503018
0.511066
0.525572
0.516139
0.511478
0.503598
0.681463
0.518545
0.502151
0.509039
0.526574
0.525343
0.630218
0.517632
0.522067
0.527476
0.54391
0.542201
0.56754
0.536615
0.509707
0.510589
0.506836
0.498716
0.518791
0.533714
0.579632
0.518965
0.508225
0.509627
0.50084
0.496682
0.495707
0.593198
0.514967
0.528307
0.510197
0.50115
0.512614
0.500613
0.495962
0.497286
0.541478
0.564921
0.53364
0.533801
0.512723
0.524381
0.518765
0.522466
0.517374
0.504089
0.506908
0.529586
0.529266
0.513403
0.509952
0.514275
0.504074
0.527452
0.501284
0.507623
0.510298
0.533606
0.530757
0.494586
0.51837
0.536466
0.507449
0.500313
0.538507
0.52008
0.513448
0.542943
0.516441
0.517118
0.508374
0.536541
0.523653
0.511239
0.51919
0.522763
0.507035
0.526406
0.524508
0.508268
0.515689
0.507129
0.501628
0.52736
0.531526
0.512713
0.511268
0.530153
0.506142
0.521188
0.521947
0.521673
0.521881
0.499978
0.503854
0.503862
0.53785
0.499352
0.524806
0.500304
0.512909
0.52112
0.507423
0.513988
0.59962
0.496985
0.51158
0.527105
0.508852
0.513336
0.602956
0.623252
0.500572
0.498958
0.506124
0.524024
0.500017
0.52509
0.51136
0.496769
0.517702
0.533674
0.517153
0.508873
0.52327
0.506928
0.53047
0.527855
0.52287
0.523668
0.523431
0.517879
0.510836
0.533145
0.609442
0.528837
0.505981
0.499729
0.50914
0.525983
0.506983
0.517247
0.501677
0.515291
0.50007
0.499975
0.507807
0.504403
0.523245
0.529298
0.501729
0.527769
0.518621
0.786193
0.526491
0.506375
0.504759
0.738784
0.531499
0.501524
0.504521
0.544255
0.505546
0.524071
0.495879
0.510207
0.510366
0.542365
0.532291
0.536416
0.519572
0.494319
0.504811
0.508028
0.506175
0.512879
0.522529
0.496365
0.499765
0.514145
0.50488
0.502928
0.498882
0.511721
0.662699
0.50687
0.506715
0.509333
0.515415
0.669009
0.50196
0.508676
0.516576
0.532716
0.525209
0.517801
0.508544
0.527683
0.497883
0.526832
0.518352
0.532447
0.526756
0.532152
0.528907
0.517665
0.518387
0.514237
0.520646
0.510159
0.525491
0.516126
0.510918
0.511954
0.512781
0.508286
0.525594
0.526975
0.536419
0.524526
0.521006
0.506389
0.507978
0.527022
0.533203
0.515909
0.501061
0.518979
0.524604
0.507442
0.510815
0.53581
0.540634
0.509298
0.505463
0.510453
0.601393
0.516519
0.509064
0.509639
0.520493
0.508366
0.499766
0.523092
0.523055
0.523518
0.525585
0.514458
0.508735
0.509502
0.516387
0.570494
0.508822
0.517796
0.506328
0.511765
0.512976
0.516708
0.535839
0.533739
0.521502
0.520715
0.505352
0.524999
0.506386
0.511471
0.509504
0.527571
0.531269
0.508502
0.674493
0.510272
0.662789
0.507707
0.534527
0.517499
0.512735
0.498384
0.512608
0.506257
0.561306
0.525638
0.513949
0.508183
0.523738
0.523208
0.524363
0.516222
0.514084
0.50744
0.515061
0.510649
0.510802
0.518119
0.51074
0.512102
0.512175
0.524901
0.559347
0.514356
0.513275
0.502164
0.513005
0.51293
0.507586
0.511385
0.524036
0.519293
0.535266
0.511786
0.514368
0.518909
0.524715
0.646353
0.533334
0.51523
0.521944
0.504707
0.515176
0.507713
0.508076
0.513881
0.554849
0.566784
0.50885
0.527653
0.498652
0.507475
0.570996
0.514144
0.517719
0.510037
0.508435
0.531866
0.520997
0.523465
0.5701
0.534948
0.508913
0.513148
0.513445
0.620456
0.5154
0.521179
0.519354
0.511622
0.546804
0.516823
0.509847
0.511477
0.522282
0.511444
0.51664
0.511042
0.507805
0.510072
0.513212
0.530352
0.52929
0.518738
0.505299
0.50793
0.510287
0.512159
0.514494
0.529008
0.510539
0.51442
0.515284
0.522491
0.523818
0.526989
0.531093
0.507461
0.508122
0.513868
0.516788
0.510782
0.506885
0.518557
0.506139
0.62744
0.541202
0.50949
0.518277
0.655413
0.522635
0.500394
0.509741
0.50667
0.529919
0.524126
0.515447
0.53429
0.510173
0.502279
0.50667
0.507856
0.509117
0.727006
0.512445
0.502895
0.508133
0.639302
0.511575
0.514913
0.516525
0.512632
0.534137
0.535644
0.52531
0.536322
0.513912
0.515071
0.520051
0.520606
0.517647
0.505936
0.507072
0.51515
0.508753
0.505344
0.500046
0.509558
0.504009
0.500288
0.501613
0.510794
0.521479
0.544394
0.515415
0.519469
0.519644
0.524042
0.509509
0.510349
0.516391
0.514999
0.51711
0.508626
0.512025
0.514691
0.520567
0.511775
0.504403
0.515235
0.52733
0.532988
0.529541
0.501136
0.496027
0.507032
0.513286
0.529354
0.53349
0.50053
0.515459
0.507496
0.508606
0.60656
0.515538
0.510462
0.526085
0.523424
0.523173
0.535229
0.548999
0.513862
0.652041
0.509287
0.509734
0.506758
0.505524
0.526143
0.511481
0.53567
0.54419
0.519769
0.646999
0.514273
0.507598
0.514876
0.517641
0.515741
0.504675
0.524062
0.51682
0.50894
0.529467
0.524296
0.506274
0.510256
0.612652
0.624953
0.52563
0.530673
0.557436
0.527011
0.50342
0.54119
0.507993
0.556798
0.511794
0.506935
0.500028
0.507286
0.505632
0.561551
0.515647
0.514257
0.641955
0.508334
0.510775
0.514336
0.510427
0.511573
0.635835
0.509392
0.522114
0.513431
0.501959
0.525775
0.526303
0.505742
0.628024
0.532084
0.510794
0.645513
0.510747
0.511901
0.521277
0.507011
0.508748
0.529028
0.531617
0.530067
0.516785
0.515002
0.502595
0.508728
0.510671
0.509174
0.507106
0.519948
0.501458
0.517665
0.503315
0.506185
0.523144
0.521942
0.5096
0.518205
0.512878
0.507779
0.520348
0.497625
0.519719
0.516392
0.511361
0.532264
0.573002
0.522613
0.50949
0.517205
0.513403
0.515183
0.516606
0.503452
0.525666
0.52599
0.517772
0.512717
0.511671
0.504129
0.666643
0.508699
0.516921
0.616286
0.510262
0.51064
0.506551
0.51964
0.506228
0.527699
0.521752
0.547171
0.50969
0.511213
0.521339
0.506728
0.50112
0.53015
0.522868
0.522351
0.511086
0.501017
0.511119
0.512695
0.52073
0.506593
0.519902
0.510104
0.512698
0.508459
0.509564
0.514751
0.541154
0.509109
0.518546
0.506841
0.510093
0.510951
0.517015
0.512399
0.520791
0.519938
0.50616
0.525119
0.51694
0.508792
0.518694
0.51595
0.505073
0.502527
0.529927
0.520272
0.725917
0.535958
0.522566
0.516955
0.520869
0.522481
0.638093
0.515271
0.521188
0.523615
0.510916
0.527034
0.775766
0.509469
0.556864
0.52129
0.523266
0.674299
0.523171
0.504275
0.508271
0.511882
0.6485
0.494202
0.540463
0.516058
0.515721
0.519014
0.579241
0.517392
0.507845
0.699344
0.505834
0.518738
0.510561
0.514506
0.51734
0.525755
0.520291
0.503218
0.515737
0.539423
0.504767
0.59422
0.519588
0.516066
0.538844
0.502222
0.533929
0.527662
0.510378
0.50885
0.52202
0.504548
0.523191
0.502867
0.507187
0.507404
0.514194
0.530484
0.52775
0.510005
0.499938
0.508678
0.547731
0.548556
0.539979
0.524739
0.508774
0.53125
0.507488
0.608163
0.506839
0.511407
0.539094
0.50862
0.507951
0.514316
0.505282
0.516259
0.528132
0.529668
0.530771
0.519697
0.626118
0.531412
0.521151
0.515753
0.49638
0.508401
0.536313
0.566525
0.514145
0.527113
0.507066
0.512063
0.510115
0.509461
0.604676
0.522271
0.562752
0.53201
0.515044
0.508034
0.510809
0.526051
0.518354
0.505074
0.514544
0.511252
0.51833
0.525278
0.513293
0.516734
0.530749
0.503365
0.524747
0.519314
0.525484
0.517924
0.51992
0.515705
0.516402
0.532378
0.510395
0.643359
0.505445
0.507756
0.489981
0.511061
0.527712
0.501177
0.514022
0.523314
0.520433
0.510864
0.510397
0.508155
0.515264
0.650436
0.500722
0.522456
0.508649
0.596942
0.526279
0.509693
0.524449
0.589815
0.501113
0.496342
0.512199
0.505838
0.563193
0.518668
0.518405
0.526777
0.501109
0.50783
0.506657
0.516054
0.511189
0.504127
0.529282
0.507857
0.497271
0.679102
0.517882
0.508978
0.518257
0.562407
0.659832
0.518235
0.51364
0.517363
0.511109
0.496683
