0.508121
0.511641
0.508278
0.532779
0.530969
0.518942
0.519719
0.50713
0.514002
0.50434
0.50587
0.511421
0.520784
0.516094
0.515649
0.516207
0.515399
0.523394
0.561979
0.565434
0.5175
0.51289
0.513653
0.699927
0.51164
0.509631
0.512764
0.515702
0.521595
0.514754
0.512013
0.518096
0.506465
0.505865
0.509261
0.502401
0.52588
0.52395
0.523345
0.49749
0.505424
0.503496
0.506462
0.515538
0.53568
0.523624
0.5157
0.507204
0.705674
0.518882
0.512645
0.52084
0.526022
0.506524
0.507061
0.513537
0.515925
0.50449
0.507407
0.505006
0.501379
0.511024
0.501098
0.518698
0.517823
0.508111
0.511025
0.504679
0.529625
0.530955
0.515544
0.511418
0.514121
0.544787
0.521481
0.526349
0.525177
0.748508
0.52154
0.51761
0.527504
0.511748
0.509713
0.519144
0.522441
0.49826
0.503728
0.710116
0.716468
0.704823
0.534491
0.52937
0.532459
0.539757
0.540469
0.526905
0.52565
0.519271
0.521193
0.524667
0.520776
0.49953
0.500792
0.499194
0.616921
0.595771
0.501734
0.508186
0.50674
0.54194
0.536865
0.55603
0.508392
0.50775
0.509697
0.510355
0.528788
0.524251
0.530398
0.733731
0.53798
0.591851
0.577675
0.541708
0.537008
0.541338
0.505674
0.523308
0.509077
0.515412
0.512797
0.510386
0.50695
0.494775
0.5026
0.610151
0.509524
0.50995
0.514088
0.503563
0.507788
0.515688
0.527595
0.53204
0.522
0.524114
0.505752
0.50529
0.495536
0.561513
0.562936
0.505258
0.496513
0.508342
0.509664
0.505116
0.509061
0.517416
0.513075
0.534891
0.520777
0.526215
0.514332
0.512557
0.520294
0.522937
0.529395
0.530284
0.52057
0.527656
0.499903
0.506023
0.511202
0.520289
0.518591
0.519164
0.503875
0.496464
0.506173
0.523361
0.524207
0.524686
0.526334
0.524795
0.528251
0.506298
0.506625
0.511755
0.510416
0.511325
0.510742
0.788845
0.514242
0.520432
0.503896
0.493983
0.525756
0.598802
0.505733
0.522467
0.513236
0.515317
0.504135
0.507653
0.516842
0.51868
0.53416
0.531649
0.508704
0.505631
0.510254
0.531779
0.531021
0.539317
0.799106
0.940332
0.508869
0.499835
0.501922
0.496072
0.500359
0.50847
0.627838
0.601136
0.509227
0.516436
0.510857
0.559453
0.506376
0.511744
0.518166
0.521391
0.630138
0.575762
0.597587
0.507131
0.51186
0.510464
0.509361
0.509685
0.527898
0.524094
0.51063
0.535756
0.521232
0.513446
0.524017
0.527296
0.576634
0.660291
0.524561
0.52123
0.510836
0.517901
0.717593
0.738652
0.694283
0.524609
0.527744
0.739579
0.745555
0.536059
0.536424
0.507362
0.529008
0.531609
0.525995
0.506849
0.509591
0.520301
0.508179
0.506786
0.533103
0.531062
0.521162
0.517895
0.533006
0.596189
0.506811
0.514627
0.517914
0.518868
0.506162
0.507007
0.507106
0.509776
0.510388
0.51696
0.513207
0.507941
0.509606
0.556704
0.565752
0.554991
0.502257
0.523692
0.512652
0.509147
0.508273
0.508674
0.506323
0.51787
0.52274
0.521751
0.522673
0.512076
0.521237
0.524395
0.50988
0.503136
0.507967
0.509273
0.50331
0.506843
0.51357
0.505674
0.508001
0.508519
0.508078
0.506012
0.505647
0.514662
0.503056
0.504611
0.504177
0.524909
0.508702
0.508402
0.699701
0.520415
0.519966
0.519731
0.521619
0.570607
0.581587
0.518192
0.512106
0.543143
0.543345
0.494668
0.49899
0.506833
0.50809
0.523283
0.517516
0.715902
0.516857
0.504637
0.506243
0.510177
0.529465
0.509463
0.512707
0.515499
0.52132
0.514599
0.517788
0.522933
0.52063
0.679771
0.620371
0.518182
0.502395
0.513671
0.53225
0.528748
0.555781
0.531795
0.833471
0.819223
0.774063
0.522836
0.513464
0.512403
0.517373
0.518158
0.504537
0.513961
0.511265
0.529812
0.530262
0.508118
0.516655
0.512598
0.515585
0.496605
0.50228
0.530664
0.532232
0.525021
0.519327
0.512082
0.5146
0.5202
0.523498
0.532946
0.506322
0.509817
0.513604
0.505873
0.513674
0.520301
0.516599
0.524373
0.522842
0.528831
0.511173
0.587168
0.524372
0.527593
0.530466
0.737445
0.513628
0.504827
0.52615
0.521054
0.524267
0.517091
0.521458
0.517132
0.502369
0.511452
0.522134
0.523477
0.523147
0.510497
0.517937
0.612393
0.609631
0.66781
0.645508
0.608967
0.622391
0.507532
0.530137
0.530908
0.5077
0.510523
0.510954
0.515943
0.5162
0.572419
0.502318
0.510997
0.50579
0.513574
0.50932
0.536761
0.538172
0.541397
0.53241
0.517117
0.51512
0.495779
0.519716
0.522497
0.525678
0.509383
0.512327
0.49858
0.520629
0.513501
0.499586
0.501464
0.532532
0.525711
0.506398
0.514329
0.508808
0.501324
0.49693
0.501289
0.514406
0.513131
0.507636
0.509633
0.522883
0.518871
0.509335
0.524665
0.525396
0.526543
0.530057
0.519813
0.511808
0.505545
0.517192
0.520347
0.516886
0.523558
0.527226
0.527614
0.523154
0.521421
0.53299
0.517843
0.532433
0.52957
0.546849
0.507005
0.505652
0.509855
0.531456
0.530151
0.609335
0.517946
0.518111
0.521341
0.509467
0.489725
0.502259
0.509624
0.533272
0.536056
0.506881
0.514527
0.513134
0.510106
0.513343
0.521852
0.517364
0.519212
0.619238
0.603779
0.501309
0.50444
0.501663
0.535851
0.533014
0.535346
0.606842
0.506342
0.507536
0.517115
0.509724
0.545502
0.55879
0.757115
0.53755
0.500694
0.50887
0.508094
0.521904
0.520585
0.543022
0.535767
0.498687
0.499749
0.500268
0.523913
0.525234
0.50933
0.505949
0.689258
0.755035
0.549842
0.50047
0.502146
0.726883
0.534078
0.528042
0.575819
0.686593
0.628313
0.530097
0.533273
0.523633
0.526526
0.496373
0.500452
0.531427
0.507155
0.511198
0.508902
0.529539
0.5051
0.509006
0.510856
0.527849
0.51377
0.509543
0.500329
0.506851
0.51147
0.504791
0.908443
0.808455
0.518776
0.518001
0.510427
0.527923
0.508481
0.612356
0.579213
0.521035
0.523203
0.508978
0.523542
0.530181
0.50237
0.515883
0.511323
0.512105
0.530989
0.588765
0.532624
0.532761
0.509631
0.508206
0.500838
0.531595
0.525223
0.505089
0.505516
0.613014
0.59206
0.506047
0.524056
0.727341
0.511142
0.513979
0.515373
0.508364
0.526984
0.52046
0.528208
0.526499
0.510295
0.50167
0.522171
0.517732
0.540968
0.504431
0.505565
0.531513
0.510268
0.53509
0.50399
0.505638
0.525771
0.498827
0.527865
0.528687
0.503183
0.508134
0.619694
0.568193
0.556126
0.545799
0.504871
0.510411
0.513972
0.520925
0.510965
0.510073
0.509009
0.5027
0.54186
0.513993
0.517828
0.520885
0.525266
0.523574
0.511181
0.525477
0.521116
0.510547
0.513831
0.512455
0.54807
0.523564
0.502504
0.506696
0.519899
0.512616
0.508071
0.528793
0.514343
0.510805
0.510907
0.631712
0.661561
0.656663
0.54397
0.507817
0.514864
0.524987
0.504694
0.505776
0.507402
0.500259
0.508385
0.51526
0.509633
0.519479
0.512043
0.506379
0.663689
0.583072
0.592165
0.498728
0.504774
0.500244
0.520611
0.507948
0.510747
0.508868
0.506739
0.508993
0.521432
0.501394
0.497785
0.495166
0.496465
0.511506
0.50851
0.512782
0.518693
0.516633
0.518629
0.513061
0.528021
0.529893
0.517268
0.506843
0.510363
0.50966
0.514884
0.51734
0.513603
0.512548
0.510261
0.517066
0.509974
0.503052
0.537181
0.520046
0.516558
0.520796
0.521468
0.514388
0.55988
0.554427
0.511083
0.518658
0.521554
0.524434
0.498721
0.498174
0.510695
0.512859
0.512165
0.523091
0.516186
0.510383
0.512693
0.557739
0.542928
0.543699
0.541659
0.519524
0.503479
0.506071
0.524749
0.522941
0.525359
0.521792
0.505999
0.512376
0.673786
0.527437
0.511464
0.510567
0.519036
0.509377
0.566468
0.508976
0.501602
0.513042
0.510024
0.509102
0.522968
0.516408
0.516929
0.509248
0.506952
0.498047
0.502507
0.504318
0.510599
0.508307
0.526245
0.528976
0.521236
0.526855
0.518335
0.517719
0.512139
0.52104
0.50472
0.512519
0.510234
0.510163
0.518846
0.525806
0.568007
0.509488
0.511116
0.51424
0.539796
0.517006
0.507142
0.511726
0.505792
0.505387
0.522107
0.52056
0.502319
0.506324
0.51223
0.509084
0.511893
0.521776
0.514843
0.540546
0.540042
0.502775
0.500722
0.511165
0.513305
0.526383
0.498872
0.518949
0.51673
0.532883
0.533136
0.522475
0.514662
0.511936
0.532863
0.516151
0.511884
0.514566
0.503705
0.494928
0.598243
0.60015
0.590852
0.515871
0.522958
0.512409
0.529976
0.512623
0.520904
0.508488
0.507112
0.533588
0.541947
0.518336
0.520892
0.679925
0.505586
0.510016
0.505831
0.522852
0.531331
0.53061
0.502666
0.50081
0.523097
0.520552
0.511083
0.505273
0.504134
0.515777
0.514796
0.519443
0.510662
0.518698
0.51403
0.512912
0.505233
0.506585
0.503658
0.513784
0.515958
0.561506
0.516819
0.513643
0.522775
0.524542
0.514513
0.520368
0.510968
0.504779
0.585302
0.520537
0.510873
0.510208
0.512084
0.514945
0.505701
0.510042
0.508385
0.513659
0.526076
0.538371
0.550783
0.507272
0.530655
0.531409
0.511167
0.534312
0.567367
0.573098
0.530891
0.645017
0.527619
0.515617
0.517736
0.500308
0.506327
0.497309
0.508955
0.512319
0.508332
0.534059
0.532703
0.516475
0.516789
0.515874
0.526135
0.52734
0.505136
0.503995
0.513739
0.509056
0.510876
0.551237
0.530232
0.530672
0.5203
0.516882
0.521755
0.531721
0.527211
0.51458
0.51604
0.507668
0.510152
0.51818
0.524211
0.522362
0.511616
0.507307
0.516979
0.520083
0.516852
0.509978
0.512066
0.521773
0.521064
0.52954
0.518552
0.509049
0.507491
0.506767
0.518551
0.531176
0.527786
0.530795
0.524877
0.507061
0.521187
0.515483
0.507414
0.508363
0.5132
0.525691
0.528814
0.506203
0.509673
0.554504
0.531656
0.502802
0.504132
0.507141
0.58864
0.530178
0.529381
0.529727
0.523831
0.506373
0.505071
0.519809
0.525346
0.512616
0.50553
0.523622
0.534621
0.53247
0.502486
0.586622
0.560284
0.502237
0.507911
0.512015
0.513248
0.504877
0.514349
0.516215
0.579355
0.566393
0.528382
0.531759
0.505858
0.53138
0.50719
0.527288
0.524891
0.525147
0.51775
0.518465
0.519902
0.511619
0.527871
0.524903
0.505089
0.506571
0.535969
0.512333
0.506505
0.508041
0.509164
0.508633
0.548036
0.503453
0.518176
0.517363
0.744623
0.517834
0.518726
0.52192
0.520643
0.51532
0.508827
0.509285
0.514618
0.505819
0.502365
0.681614
0.518815
0.514134
0.789592
0.520201
0.514756
0.509609
0.520769
0.533247
0.548089
0.543715
0.493541
0.504662
0.509695
0.520164
0.509229
0.518443
0.521168
0.527103
0.503418
0.506713
0.500893
0.511604
0.51044
0.509934
0.525133
0.509007
0.582959
0.652626
0.504962
0.502933
0.520071
0.777957
0.519894
0.531869
0.531539
0.536265
0.513706
0.51099
0.524484
0.523864
0.498964
0.507869
0.515124
0.504623
0.520496
0.51443
0.510727
0.518132
0.513244
0.510535
0.526089
0.51711
0.518911
0.532738
0.828265
0.713444
0.501197
0.514289
0.528345
0.497848
0.511182
0.540096
0.508355
0.50865
0.503172
0.512939
0.505638
0.500544
0.500339
0.526354
0.530957
0.512791
0.514594
0.528585
0.528349
0.565604
0.529191
0.53142
0.528792
0.526775
0.523994
0.524699
0.519605
0.516252
0.522823
0.504495
0.501236
0.501169
0.510699
0.526596
0.545548
0.516632
0.514822
0.50666
0.528028
0.531758
0.723707
0.7076
0.525367
0.523443
0.526792
0.526322
0.497187
0.505769
0.524167
0.504686
0.517997
0.5127
0.513377
0.530461
0.516183
0.522658
0.506782
0.489533
0.50962
0.513541
0.527395
0.512165
0.508069
0.517416
0.561238
0.534013
0.551026
0.513106
0.510746
0.526601
0.512152
0.512338
0.606722
0.557151
0.514445
0.533506
0.504237
0.504681
0.505694
0.52693
0.508106
0.506677
0.506937
0.509872
0.527176
0.517892
0.52324
0.52441
0.521584
0.509601
0.56247
0.551963
0.492581
0.510764
0.521006
0.521712
0.51936
0.518701
0.520496
0.499737
0.507916
0.513548
0.508856
0.506606
0.518277
0.512922
0.529914
0.516994
0.532424
0.51352
0.509982
0.536301
0.507402
0.538794
0.51515
0.510269
0.523906
0.524841
0.495613
0.523695
0.525679
0.506733
0.511695
0.549635
0.504813
0.51158
0.515283
0.511037
0.501067
0.525153
0.531185
0.528164
0.511981
0.526317
0.508088
0.507688
0.526717
0.526605
0.522289
0.522049
0.519785
0.50168
0.50569
0.545234
0.502607
0.506789
0.505323
0.507414
0.530391
0.502561
0.530712
0.536486
0.533774
0.518148
0.531999
0.508863
0.515552
0.529424
0.516646
0.512621
0.51568
0.572988
0.507944
0.523228
0.528522
0.508829
0.533651
0.526025
0.519483
0.516372
0.504343
0.706983
0.707534
0.518819
0.510703
0.503091
0.507726
0.509216
0.701506
0.504441
0.528659
0.531031
0.516883
0.51599
0.508982
0.514304
0.723742
0.53261
0.512174
0.497842
0.504472
0.510832
0.514537
0.51082
0.503314
0.535818
0.547971
0.51978
0.509828
0.504841
0.535151
0.535433
0.767047
0.507811
0.534375
0.513198
0.520539
0.512604
0.526498
0.520315
0.511283
0.694017
0.518068
0.537289
0.54067
0.507694
0.527622
0.511428
0.650937
0.53161
0.512101
0.50672
0.516324
0.509512
0.505501
0.687226
0.534389
0.537218
0.509716
0.505445
0.502993
0.522255
0.496462
0.496219
0.515027
0.500128
0.54579
0.521592
0.507357
0.503255
0.524678
0.516658
0.530145
0.515429
0.505134
0.520613
0.506876
0.506763
0.504891
0.496185
0.50372
0.512977
0.512236
0.503412
0.497099
0.501757
0.574081
0.506231
0.514127
0.515199
0.533746
0.523093
0.57422
0.519175
0.513406
0.494738
0.578543
0.507587
0.512364
0.505052
0.499875
0.514013
0.514448
0.516083
0.538202
0.505052
0.522744
0.506224
0.528323
0.530572
0.507924
0.60916
0.518166
0.521912
0.544888
0.547781
0.541632
0.515071
0.510687
0.505168
0.505842
0.561846
0.546677
0.503693
0.513521
0.539326
0.505757
0.513539
0.501088
0.517892
0.498697
0.509389
0.508965
0.494705
0.517165
0.52935
0.506562
0.603968
0.600162
0.509108
0.507995
0.49964
0.502166
0.544293
0.562477
0.531852
0.511449
0.523519
0.523107
0.520454
0.520889
0.522803
0.505763
0.660878
0.620543
0.642006
0.513971
0.506154
0.499248
0.503721
0.569853
0.552791
0.502602
0.501922
0.503821
0.513107
0.509628
0.510848
0.50762
0.506316
0.5306
0.51289
0.513475
0.517466
0.523016
0.518311
0.492915
0.495742
0.513808
0.509608
0.533565
0.493949
0.538152
0.520198
0.515508
0.537915
0.518228
0.517408
0.529819
0.505473
0.506458
0.52532
0.524356
0.521341
0.521206
0.518838
0.522651
0.514677
0.526822
0.509298
0.520995
0.514955
0.506899
0.503292
0.530438
0.530867
0.515254
0.519373
0.52451
0.531852
0.517935
0.499077
0.502686
0.502939
0.503418
0.538548
0.503449
0.507308
0.52515
0.51299
0.509125
0.544757
0.505025
0.503812
0.511834
0.517667
0.511111
0.591584
0.720746
0.500917
0.50681
0.675528
0.545937
0.499734
0.516387
0.531731
0.501088
0.502895
0.50739
0.497675
0.517749
0.51858
0.525897
0.52211
0.521475
0.581281
0.53958
0.524704
0.517349
0.509338
0.533669
0.516139
0.608218
0.53143
0.520865
0.515394
0.508898
0.521806
0.504951
0.514482
0.506372
0.531796
0.507632
0.521326
0.528872
0.532052
0.529833
0.525474
0.548198
0.52423
0.532921
0.536063
0.537201
0.505255
0.498834
0.505186
0.511775
0.511739
0.529048
0.512757
0.527486
0.518299
0.749965
0.52099
0.740968
0.516301
0.527516
0.504575
0.521552
0.505934
0.531408
0.521067
0.49431
0.49311
0.509565
0.504972
0.504886
0.50287
0.502515
0.509318
0.5115
0.492062
0.511824
0.534173
0.504646
0.547485
0.500089
0.512501
0.518143
0.49991
0.525782
0.583099
0.524327
0.533116
0.505052
0.528047
0.526228
0.645491
0.498944
0.532784
0.525279
0.501262
0.53045
0.500767
0.50147
0.532193
0.507159
0.518177
0.545316
0.525077
0.52796
0.510411
0.597275
0.514396
0.514935
0.508498
0.524015
0.519501
0.51789
0.517143
0.514541
0.54022
0.520468
0.508338
0.533212
0.499271
0.510802
0.51148
0.527051
0.706357
0.529207
0.508055
0.518253
0.510738
0.602794
0.517092
0.522528
0.510668
0.640538
0.508715
0.512936
0.514501
0.507511
0.514551
0.5232
0.524564
0.775854
0.512432
0.510383
0.522677
0.510502
0.615084
0.512933
0.514847
0.510523
0.509025
0.515353
0.517287
0.519923
0.528947
0.529666
0.526868
0.520312
0.52228
0.52699
0.517368
0.518278
0.532069
0.508456
0.519867
0.520631
0.733439
0.534729
0.510107
0.519474
0.512671
0.519257
0.512515
0.534675
0.516416
0.519409
0.504766
0.560859
0.518026
0.511069
0.523985
0.524898
0.51758
0.51644
0.52329
0.508753
0.514944
0.525299
0.516221
0.510308
0.536359
0.507235
0.511081
0.510121
0.511241
0.519754
0.523467
0.531665
0.522201
0.518109
0.503539
0.515284
0.516612
0.510915
0.508494
0.496684
0.512123
0.510057
0.505374
0.52623
0.510797
0.521918
0.548579
0.514365
0.496621
0.505153
0.532375
0.562321
0.51005
0.511555
0.511977
0.505587
0.510228
0.509382
0.525759
0.50831
0.508985
0.56763
0.509076
0.516237
0.514154
0.510827
0.509582
0.513455
0.52098
0.519958
0.51944
0.521832
0.517466
0.516045
0.517771
0.51598
0.510036
0.526664
0.511066
0.542801
0.513817
0.636999
0.672288
0.519712
0.51203
0.52107
0.516171
0.505796
0.511112
0.524689
0.523077
0.527494
0.516937
0.51632
0.53361
0.532894
0.5166
0.502871
0.510235
0.512657
0.511536
0.51808
0.526836
0.521513
0.526952
0.506344
0.520449
0.512444
0.516638
0.535228
0.514985
0.524339
0.519797
0.526483
0.525156
0.544627
0.509015
0.518474
0.513801
0.510874
0.510776
0.682944
0.51254
0.52432
0.51792
0.7046
0.508268
0.524273
0.556236
0.533511
0.513189
0.515593
0.518241
0.517641
0.52434
0.515454
0.509217
0.519385
0.511905
0.516284
0.766987
0.725812
0.508719
0.511805
0.510724
0.509194
0.536719
0.533411
0.529819
0.52594
0.516786
0.513864
0.515489
0.518303
0.515452
0.516997
0.521478
0.512213
0.528327
0.52446
0.511897
0.630981
0.65407
0.527107
0.504957
0.502559
0.541992
0.568658
0.516544
0.511401
0.510456
0.519558
0.515028
0.539299
0.520723
0.55089
0.512448
0.515577
0.639561
0.512782
0.527028
0.521701
0.523508
0.520583
0.524221
0.518516
0.511405
0.514722
0.512662
0.534363
0.510498
0.516457
0.515248
0.510395
0.515
0.511531
0.510185
0.511885
0.522975
0.520441
0.518625
0.511519
0.511894
0.530049
0.530518
0.506672
0.513218
0.512614
0.50613
0.526968
0.53024
0.502342
0.521297
0.512985
0.507898
0.527891
0.514078
0.507236
0.506698
0.501021
0.529992
0.530242
0.497398
0.517263
0.508332
0.571684
0.549073
0.55016
0.528753
0.51648
0.889454
0.505339
0.523956
0.518215
0.51586
0.51346
0.515144
0.504888
0.509158
0.54141
0.505553
0.504153
0.599887
0.524992
0.537906
0.554558
0.521604
0.530309
0.512334
0.507929
0.509415
0.50681
0.70619
0.510032
0.516108
0.508043
0.505117
0.526058
0.528078
0.791895
0.515489
0.51335
0.519197
0.522716
0.503342
0.529448
0.509534
0.511648
0.540991
0.617712
0.521191
0.56346
0.519516
0.51471
0.514562
0.516396
0.525159
0.513607
0.516172
0.507514
0.612145
0.51045
0.520174
0.521677
0.520651
0.521063
0.517759
0.518853
0.512739
0.536799
0.519103
0.510352
0.528629
0.521925
0.517406
0.5182
0.52508
0.522334
0.512565
0.51393
0.514578
0.501694
0.520395
0.536104
0.501416
0.520435
0.522303
0.514897
0.5324
0.568483
0.50779
0.50215
0.746138
0.514325
0.531008
0.527272
0.521652
0.511552
0.516607
0.513196
0.52573
0.530019
0.513044
0.513996
0.51216
0.558023
0.505206
0.519739
0.511295
0.519259
0.511148
0.514084
0.507832
0.512291
0.503476
0.52308
0.510294
0.503905
0.512194
0.704003
0.522594
0.515351
0.507695
0.538615
0.540572
0.530447
0.51854
0.514543
0.535492
0.522673
0.505183
0.518145
0.520088
0.507545
0.518851
0.52924
0.517941
0.547436
0.512699
0.536466
0.53643
0.517181
0.55694
0.517451
0.521064
0.545405
0.52832
0.513781
0.531531
0.506405
0.517695
0.508897
0.508788
0.509215
0.517515
0.510293
0.512891
0.515577
0.529815
0.518347
0.517612
0.529339
0.512636
0.508086
0.528417
0.507144
0.509271
0.515673
0.516413
0.509281
0.534277
0.513182
0.496888
0.521371
0.512841
0.520659
0.53676
0.557806
0.532714
0.52617
0.521953
0.50775
0.516223
0.549381
0.539867
0.52911
0.509359
0.510204
0.526987
0.51545
0.509411
0.514129
0.509374
0.528639
0.507669
0.522389
0.518392
0.520281
0.519217
0.509995
0.555742
0.522118
0.507924
0.517381
0.508726
0.517132
0.508878
0.519629
0.511349
0.515763
0.523676
0.525275
0.512402
0.514355
0.58653
0.50617
0.600583
0.507169
0.538867
0.509622
0.519478
0.514461
0.520361
0.521868
0.518993
0.510364
0.526178
0.506882
0.510214
0.501897
0.512117
0.507125
0.514043
0.511218
0.52144
0.518766
0.529595
0.507212
0.516243
0.507452
0.520637
0.50813
0.50381
0.500919
0.502712
0.507376
0.503718
0.50091
0.511039
0.520981
0.515866
0.5144
0.519689
0.510264
0.508132
0.520873
0.496355
0.511304
0.51264
0.506896
0.508105
0.518209
0.525163
0.934728
0.712015
0.530638
0.52523
0.530418
0.530029
0.507665
0.526774
0.510845
0.544606
0.508122
0.504744
0.509958
0.81062
0.510801
0.510382
0.508121
0.54621
0.639777
0.903489
0.530988
0.513513
0.528369
0.530608
0.51993
0.553296
0.617913
0.50671
0.516762
0.508581
0.564094
0.515075
0.597931
0.580555
0.522176
0.552126
0.506733
0.602401
0.507851
0.508763
0.517191
0.51347
0.525837
0.517097
0.52176
0.530055
0.51511
0.508387
0.531311
0.505939
0.510022
0.511901
0.52833
0.510537
0.520026
0.566295
0.505596
0.512435
0.511537
0.521097
0.518558
0.520819
0.512716
0.505802
0.53302
0.512936
0.51745
0.509253
0.519898
0.513874
0.50804
0.507112
0.515976
0.506059
0.504171
0.513855
0.526518
0.516617
0.636602
0.512223
0.514828
0.510164
0.531493
0.528373
0.52269
0.51413
0.508324
0.516728
0.508906
0.51139
0.518558
0.527371
0.758493
0.508672
0.505965
0.509773
0.523297
0.519931
