0.54329
0.544127
0.544268
0.533496
0.505942
0.509458
0.507756
0.528142
0.531461
0.512675
0.516259
0.507507
0.513337
0.51162
0.688764
0.54023
0.533924
0.537239
0.519178
0.508331
0.508938
0.520688
0.5142
0.514105
0.515358
0.512986
0.511046
0.521875
0.522586
0.504163
0.509975
0.51415
0.51268
0.524141
0.52447
0.515555
0.521008
0.519198
0.519009
0.505745
0.525966
0.500799
0.494566
0.518962
0.52375
0.51873
0.521508
0.503763
0.506974
0.592373
0.518551
0.518408
0.507006
0.510354
0.511811
0.508136
0.517195
0.515016
0.635508
0.646682
0.528393
0.512041
0.502154
0.506297
0.529239
0.508198
0.538217
0.536682
0.525807
0.516837
0.518472
0.510578
0.50389
0.529805
0.527532
0.710657
0.69289
0.519759
0.514547
0.51636
0.507511
0.508824
0.521328
0.496359
0.501242
0.615903
0.656076
0.640479
0.536494
0.529036
0.521317
0.515154
0.522861
0.521242
0.495828
0.514072
0.507023
0.507274
0.5379
0.538892
0.54826
0.510064
0.508302
0.515859
0.506239
0.507533
0.527635
0.523948
0.529704
0.502489
0.507872
0.540113
0.568316
0.562814
0.558826
0.509067
0.529595
0.525158
0.515377
0.512357
0.516563
0.514895
0.525317
0.508522
0.505786
0.507782
0.500963
0.505109
0.513316
0.511663
0.511615
0.517896
0.509329
0.525984
0.517165
0.51733
0.524969
0.507908
0.503438
0.50431
0.506869
0.505691
0.508548
0.542149
0.536367
0.521705
0.517539
0.510527
0.517581
0.520719
0.522924
0.533705
0.529618
0.498744
0.505576
0.506014
0.505506
0.520745
0.522361
0.514838
0.543241
0.500663
0.509533
0.509721
0.525411
0.525364
0.501149
0.529501
0.523006
0.502866
0.51657
0.509768
0.507613
0.505298
0.506274
0.511874
0.508932
0.515303
0.511041
0.514715
0.50289
0.51719
0.523059
0.565228
0.498204
0.518245
0.508469
0.505559
0.750354
0.696598
0.509204
0.517245
0.518859
0.515482
0.530779
0.507004
0.506557
0.536375
0.534497
0.534629
0.627075
0.648616
0.654893
0.531859
0.508112
0.509236
0.5051
0.505232
0.497481
0.557598
0.553854
0.511854
0.514144
0.504573
0.50096
0.553274
0.516171
0.507298
0.508776
0.518573
0.517261
0.604437
0.58583
0.509574
0.519106
0.512316
0.507225
0.505341
0.513784
0.53042
0.52073
0.521898
0.527047
0.522965
0.521046
0.549673
0.547573
0.522047
0.506113
0.516455
0.528088
0.590971
0.738167
0.671663
0.518113
0.739781
0.673565
0.521895
0.526712
0.755721
0.53778
0.539871
0.536538
0.527925
0.509557
0.506509
0.510352
0.511646
0.506398
0.503561
0.501619
0.520153
0.538965
0.671716
0.504715
0.512638
0.521306
0.519401
0.505597
0.507132
0.517201
0.514549
0.513315
0.514162
0.503246
0.567387
0.55569
0.504057
0.510976
0.50537
0.523788
0.513739
0.513942
0.508963
0.507467
0.51103
0.516702
0.520239
0.520605
0.504116
0.526369
0.507264
0.506199
0.504186
0.509592
0.509679
0.504155
0.505135
0.503482
0.51028
0.508602
0.505605
0.521
0.514334
0.51027
0.508601
0.519018
0.518486
0.521378
0.520738
0.517292
0.50828
0.542377
0.550357
0.559675
0.506681
0.509358
0.507786
0.52084
0.523183
0.601655
0.617849
0.654541
0.610454
0.613249
0.504994
0.511958
0.507049
0.53131
0.526699
0.516213
0.507073
0.505846
0.524567
0.530568
0.50885
0.511081
0.507225
0.518069
0.511193
0.510901
0.507189
0.516872
0.517705
0.524586
0.519653
0.523324
0.638936
0.513609
0.511435
0.549046
0.544669
0.53213
0.525517
0.524731
0.530635
0.652048
0.693692
0.522672
0.521893
0.512954
0.513212
0.522233
0.523626
0.522181
0.526379
0.529347
0.52604
0.506404
0.510913
0.513075
0.498601
0.535785
0.526844
0.521063
0.516897
0.519435
0.496305
0.531237
0.526917
0.515488
0.506175
0.519163
0.532689
0.530114
0.512861
0.509489
0.525609
0.52164
0.512676
0.512721
0.51071
0.562279
0.520158
0.526367
0.702695
0.690071
0.498795
0.526501
0.51921
0.523001
0.511089
0.517611
0.503983
0.509223
0.509982
0.523219
0.521151
0.803327
0.685353
0.63497
0.509913
0.532893
0.534036
0.508966
0.507414
0.507877
0.505122
0.508462
0.508747
0.510907
0.508907
0.537021
0.547091
0.506135
0.513823
0.50976
0.566168
0.500272
0.508615
0.509676
0.511751
0.504818
0.510437
0.529368
0.532043
0.533454
0.535345
0.513604
0.514228
0.523614
0.528861
0.508579
0.50771
0.511343
0.518789
0.51983
0.514621
0.516511
0.5052
0.501614
0.506276
0.534416
0.530949
0.528917
0.519813
0.523858
0.51028
0.51003
0.500312
0.497894
0.50136
0.511
0.512143
0.503559
0.50642
0.506716
0.509503
0.512891
0.527669
0.531027
0.529072
0.532033
0.528479
0.508854
0.523473
0.521711
0.511067
0.510041
0.512886
0.519873
0.517182
0.519981
0.521428
0.521295
0.510544
0.524045
0.519177
0.519404
0.522244
0.531096
0.510383
0.514338
0.509943
0.734381
0.705282
0.677944
0.515502
0.51224
0.519184
0.512453
0.517842
0.498189
0.502774
0.532651
0.517405
0.514838
0.530183
0.52442
0.533965
0.515829
0.51063
0.509553
0.62383
0.502406
0.503937
0.499481
0.533371
0.532272
0.499151
0.523563
0.526539
0.616635
0.502206
0.505846
0.507569
0.505479
0.509265
0.65308
0.688206
0.589312
0.52847
0.526777
0.520662
0.501454
0.511112
0.515234
0.509948
0.508742
0.52777
0.519983
0.542251
0.536077
0.497613
0.507608
0.499317
0.523563
0.523132
0.513351
0.663982
0.526735
0.522782
0.503902
0.505228
0.498705
0.504215
0.58697
0.609509
0.638215
0.530344
0.528874
0.531755
0.518927
0.527825
0.52042
0.532753
0.562477
0.520793
0.523211
0.508339
0.505641
0.505431
0.506586
0.518898
0.521122
0.515186
0.522789
0.529707
0.526573
0.5083
0.503887
0.507033
0.611557
0.631933
0.499595
0.513143
0.512422
0.517088
0.51236
0.51999
0.528953
0.523779
0.523017
0.526632
0.588814
0.590788
0.505355
0.735768
0.524032
0.511162
0.513886
0.506085
0.502435
0.518005
0.51015
0.503337
0.503672
0.505729
0.510284
0.512959
0.515218
0.516568
0.511573
0.511258
0.523165
0.530114
0.528232
0.507036
0.516383
0.510962
0.514738
0.504041
0.50489
0.506157
0.508573
0.513508
0.506995
0.533402
0.502963
0.502413
0.52498
0.526594
0.501574
0.525811
0.509771
0.507646
0.526269
0.558549
0.562689
0.523367
0.555388
0.520521
0.521525
0.519196
0.510917
0.516194
0.636452
0.583464
0.631842
0.514963
0.513393
0.545606
0.514845
0.516945
0.520658
0.519683
0.525199
0.515476
0.515062
0.516567
0.576388
0.595665
0.521232
0.510787
0.506268
0.544085
0.546397
0.520082
0.506452
0.508735
0.505377
0.506122
0.533085
0.530443
0.533346
0.522933
0.506737
0.590142
0.614102
0.561077
0.61503
0.540016
0.62235
0.515175
0.51582
0.51474
0.51692
0.519342
0.502735
0.50401
0.509872
0.514991
0.530798
0.530329
0.514275
0.51313
0.507674
0.682909
0.522022
0.594644
0.589551
0.506314
0.507053
0.50785
0.507962
0.530329
0.519838
0.51514
0.503706
0.516461
0.513158
0.517817
0.498084
0.515461
0.524081
0.520472
0.509357
0.514831
0.525697
0.510552
0.513605
0.511558
0.507739
0.515683
0.505841
0.547394
0.536219
0.520198
0.517519
0.521698
0.519569
0.51325
0.554285
0.506007
0.509265
0.506709
0.520477
0.52525
0.523252
0.508571
0.509332
0.508158
0.503478
0.506613
0.509208
0.50959
0.523833
0.522343
0.528807
0.514166
0.540337
0.540945
0.549526
0.540252
0.5265
0.494537
0.50054
0.577367
0.533225
0.509986
0.520527
0.521954
0.678782
0.706438
0.501786
0.676689
0.688577
0.527359
0.512344
0.504517
0.529341
0.530791
0.509638
0.507531
0.5015
0.511678
0.508268
0.511513
0.514699
0.499248
0.502319
0.52786
0.527409
0.513667
0.511282
0.512459
0.504763
0.503261
0.539655
0.533657
0.520402
0.53152
0.509755
0.52217
0.519901
0.525002
0.52332
0.564615
0.513191
0.509908
0.51116
0.519307
0.504826
0.508997
0.51259
0.513333
0.541377
0.543631
0.513093
0.51017
0.508013
0.507926
0.518646
0.499466
0.508606
0.51081
0.511095
0.508359
0.507313
0.511506
0.507805
0.522911
0.510909
0.506402
0.5065
0.499094
0.507329
0.512672
0.507532
0.570985
0.530054
0.537051
0.530792
0.508722
0.501104
0.513812
0.496773
0.496557
0.595827
0.573891
0.515957
0.537468
0.510267
0.512309
0.513695
0.598201
0.517156
0.532039
0.530639
0.519017
0.512228
0.528787
0.518684
0.641215
0.550674
0.556587
0.525928
0.513807
0.506067
0.535435
0.506373
0.522778
0.520615
0.507248
0.508748
0.503637
0.502248
0.508982
0.507752
0.515907
0.507587
0.525368
0.524834
0.513956
0.545301
0.521301
0.503483
0.503991
0.506942
0.506273
0.515663
0.516088
0.512839
0.51255
0.51378
0.514072
0.529541
0.514014
0.522472
0.614154
0.511975
0.526543
0.514548
0.517282
0.513063
0.512298
0.51623
0.56982
0.520999
0.516979
0.510304
0.517776
0.516625
0.504636
0.51086
0.509465
0.541699
0.536718
0.553352
0.506059
0.509597
0.52282
0.530404
0.560913
0.555877
0.521372
0.523585
0.527236
0.518222
0.520333
0.535213
0.533891
0.498382
0.501515
0.502243
0.504617
0.543707
0.534098
0.53164
0.506961
0.508299
0.524208
0.522123
0.507941
0.506618
0.53316
0.529981
0.518737
0.517955
0.505434
0.515307
0.512662
0.506229
0.527798
0.53035
0.523347
0.522117
0.521629
0.507106
0.508903
0.515495
0.505019
0.51541
0.519363
0.517384
0.507502
0.668217
0.502519
0.530221
0.519652
0.519936
0.526727
0.505361
0.510494
0.52521
0.524506
0.535394
0.514206
0.630905
0.5173
0.513384
0.536068
0.503246
0.513455
0.521481
0.520315
0.503384
0.529816
0.538593
0.515498
0.512142
0.523119
0.528323
0.58175
0.508267
0.527979
0.50533
0.50211
0.503498
0.539243
0.500164
0.51576
0.520067
0.504397
0.506612
0.511404
0.520213
0.553726
0.525788
0.503008
0.497733
0.498145
0.504107
0.508325
0.508342
0.551699
0.514786
0.526722
0.528731
0.532726
0.525079
0.502089
0.525265
0.522321
0.518538
0.545807
0.514871
0.51945
0.529624
0.505962
0.532061
0.531047
0.510273
0.558413
0.559463
0.558802
0.507884
0.519241
0.602062
0.509099
0.516383
0.516935
0.520924
0.517879
0.515658
0.555262
0.528945
0.515217
0.506804
0.529126
0.526192
0.521445
0.515644
0.517426
0.54015
0.523739
0.521699
0.496681
0.508318
0.507759
0.506024
0.522281
0.521332
0.5042
0.515595
0.501197
0.528594
0.535535
0.502695
0.502864
0.508508
0.50503
0.507931
0.505936
0.492713
0.516942
0.546425
0.616538
0.60298
0.510019
0.51994
0.514459
0.509806
0.524989
0.571858
0.503768
0.512056
0.515745
0.546871
0.50504
0.520259
0.515412
0.519244
0.507339
0.516297
0.504617
0.517512
0.520106
0.52066
0.514935
0.515654
0.501161
0.518865
0.504679
0.50243
0.505485
0.508568
0.514189
0.508635
0.504794
0.523411
0.509108
0.522514
0.522249
0.522371
0.502915
0.505492
0.512771
0.529936
0.533584
0.506713
0.542832
0.547658
0.528329
0.506608
0.510071
0.506451
0.504788
0.508331
0.532101
0.518301
0.517495
0.516955
0.515908
0.497857
0.525844
0.514404
0.517597
0.532933
0.521501
0.510073
0.507099
0.500182
0.499639
0.527779
0.52495
0.502674
0.516793
0.510048
0.511423
0.535349
0.528454
0.504203
0.513499
0.51416
0.508066
0.510058
0.524893
0.519478
0.507551
0.534773
0.532766
0.514851
0.527872
0.513979
0.566213
0.52587
0.526296
0.524646
0.519879
0.520349
0.501518
0.513027
0.513564
0.520456
0.520386
0.530357
0.545492
0.551309
0.531788
0.526769
0.502223
0.505845
0.506473
0.530396
0.725804
0.527182
0.528803
0.499462
0.536031
0.525821
0.505759
0.512951
0.515737
0.52135
0.515893
0.519298
0.498709
0.518975
0.507033
0.532206
0.544706
0.511283
0.511015
0.539376
0.501111
0.511448
0.530796
0.504961
0.506562
0.536306
0.506623
0.508336
0.5176
0.513194
0.52556
0.496001
0.536015
0.514406
0.499611
0.550155
0.539132
0.489963
0.517671
0.522261
0.522048
0.506347
0.549195
0.522679
0.511989
0.517521
0.517363
0.524876
0.526348
0.526578
0.512118
0.512038
0.529365
0.527893
0.513401
0.493358
0.502011
0.533575
0.506161
0.515243
0.523525
0.525268
0.522543
0.49401
0.507389
0.521221
0.525541
0.527286
0.527127
0.533948
0.506785
0.526073
0.525725
0.526283
0.505991
0.504246
0.517147
0.512782
0.500281
0.509762
0.504977
0.508072
0.513387
0.519052
0.510676
0.559443
0.505037
0.531625
0.526673
0.530421
0.512558
0.529016
0.520425
0.525683
0.544644
0.526636
0.52428
0.533082
0.537685
0.545957
0.499342
0.49981
0.50952
0.529335
0.529332
0.530782
0.500133
0.531715
0.5204
0.523815
0.529439
0.540036
0.539507
0.506807
0.516911
0.507264
0.512238
0.512669
0.535194
0.496764
0.499484
0.504304
0.51065
0.501157
0.672688
0.674036
0.51696
0.511329
0.504113
0.502976
0.511529
0.499937
0.528275
0.515204
0.517192
0.519588
0.51184
0.510166
0.654523
0.533192
0.515964
0.522409
0.71142
0.525668
0.509781
0.498626
0.505828
0.509041
0.526595
0.524177
0.506667
0.503968
0.515621
0.50347
0.505921
0.510344
0.506956
0.493685
0.534504
0.643228
0.508891
0.530188
0.515756
0.514697
0.50821
0.50552
0.524302
0.518874
0.519716
0.506539
0.545254
0.52428
0.504691
0.524061
0.511064
0.503768
0.509706
0.531355
0.53934
0.501262
0.558323
0.511082
0.5236
0.494739
0.512732
0.499834
0.663506
0.510041
0.52162
0.503844
0.516309
0.534558
0.530083
0.519808
0.58486
0.583358
0.508719
0.508052
0.522317
0.506307
0.501382
0.520069
0.523677
0.50741
0.519801
0.507801
0.515549
0.509153
0.52877
0.527766
0.525673
0.55917
0.519657
0.524429
0.528741
0.508637
0.501265
0.50166
0.508573
0.519174
0.577924
0.515951
0.511985
0.531212
0.556242
0.661377
0.513435
0.522716
0.526691
0.494878
0.571161
0.597243
0.508725
0.505319
0.504431
0.504577
0.512918
0.505744
0.513947
0.51143
0.512662
0.531534
0.528117
0.506029
0.530175
0.529043
0.522193
0.503719
0.540338
0.510018
0.504852
0.660646
0.555351
0.506328
0.512405
0.512631
0.524642
0.503768
0.50126
0.528158
0.526016
0.50071
0.514725
0.505283
0.501904
0.644675
0.510004
0.580936
0.555398
0.521025
0.504469
0.508567
0.562705
0.498789
0.520741
0.519008
0.521118
0.522063
0.516778
0.584254
0.613902
0.649594
0.49584
0.504264
0.506217
0.505426
0.51206
0.499512
0.555188
0.546987
0.517183
0.523598
0.499895
0.49685
0.509082
0.510619
0.505793
0.510319
0.522693
0.533291
0.575038
0.507061
0.494809
0.50391
0.505878
0.50133
0.532906
0.51478
0.509767
0.535312
0.531134
0.530385
0.509065
0.518275
0.531674
0.541818
0.498573
0.517438
0.530161
0.504044
0.505936
0.523574
0.535273
0.524974
0.518849
0.504269
0.517124
0.51567
0.52393
0.52408
0.506327
0.529734
0.510436
0.519665
0.672174
0.529284
0.512798
0.507672
0.501465
0.504055
0.525514
0.529465
0.499169
0.585813
0.511307
0.56893
0.51044
0.527726
0.507788
0.50859
0.54703
0.737093
0.506558
0.69699
0.532833
0.525182
0.519235
0.50178
0.531718
0.529569
0.50963
0.496837
0.49795
0.578108
0.522015
0.658581
0.568578
0.516406
0.507824
0.527353
0.533602
0.52893
0.528707
0.50329
0.522837
0.526354
0.493896
0.532634
0.499148
0.501713
0.52061
0.539597
0.528729
0.522127
0.503721
0.499191
0.522965
0.540429
0.543239
0.540214
0.498886
0.497841
0.602123
0.510024
0.511568
0.537184
0.53169
0.523001
0.747843
0.50095
0.500183
0.516348
0.526407
0.516918
0.500345
0.491246
0.503591
0.534591
0.506889
0.502298
0.525654
0.511566
0.537716
0.608119
0.5038
0.492531
0.493123
0.518433
0.50452
0.504042
0.577284
0.513924
0.50193
0.520202
0.507526
0.513689
0.521282
0.500078
0.515293
0.52718
0.534165
0.533782
0.522176
0.521695
0.52356
0.530858
0.501948
0.509053
0.506228
0.51497
0.506735
0.505576
0.507664
0.53556
0.535918
0.526766
0.563716
0.515517
0.506527
0.521066
0.519091
0.516552
0.519485
0.527667
0.514422
0.531734
0.508847
0.516746
0.517586
0.522112
0.710057
0.529972
0.516422
0.513819
0.554932
0.56508
0.524834
0.503781
0.509875
0.57175
0.621612
0.518161
0.529575
0.509119
0.520554
0.510672
0.657649
0.520141
0.516112
0.506178
0.52969
0.521829
0.499431
0.510288
0.511503
0.515071
0.524302
0.508931
0.511167
0.52006
0.512877
0.508219
0.531072
0.530195
0.522903
0.5186
0.697626
0.517394
0.514598
0.506096
0.508334
0.655419
0.509773
0.514879
0.535101
0.522363
0.524037
0.526332
0.52309
0.522906
0.515981
0.636555
0.507601
0.506797
0.527102
0.515315
0.510994
0.565101
0.511197
0.526077
0.521745
0.521552
0.512379
0.534368
0.529378
0.512014
0.66999
0.514705
0.522765
0.519234
0.525992
0.519928
0.512532
0.522287
0.524799
0.528595
0.523438
0.518118
0.526703
0.506362
0.507158
0.538047
0.525689
0.552142
0.508627
0.53859
0.508703
0.512341
0.514475
0.507255
0.509162
0.504705
0.537113
0.503309
0.508703
0.510455
0.508158
0.509864
0.517528
0.508698
0.529191
0.528285
0.511497
0.506909
0.521599
0.519555
0.524378
0.5119
0.513484
0.507145
0.523519
0.516746
0.516155
0.53295
0.51921
0.528662
0.521164
0.519332
0.538547
0.534083
0.547712
0.505168
0.50379
0.508243
0.516825
0.527671
0.51795
0.518828
0.514732
0.534302
0.505817
0.512341
0.520362
0.511191
0.566606
0.513478
0.518406
0.512829
0.521632
0.520663
0.508922
0.515397
0.527233
0.511812
0.508824
0.512377
0.509578
0.507953
0.518698
0.515524
0.524534
0.533739
0.506147
0.53718
0.520055
0.527383
0.503867
0.506458
0.510073
0.508184
0.523352
0.523261
0.525591
0.498662
0.526549
0.5091
0.512732
0.522669
0.52335
0.539621
0.509058
0.54274
0.510439
0.511896
0.524272
0.534626
0.51032
0.547003
0.521755
0.526624
0.551727
0.548283
0.522895
0.52493
0.509375
0.517895
0.499111
0.506495
0.498867
0.512229
0.509505
0.523461
0.523096
0.517173
0.513694
0.782826
0.725259
0.509863
0.511076
0.534432
0.534175
0.529462
0.546795
0.508923
0.507143
0.510114
0.517533
0.519866
0.519203
0.51515
0.514967
0.517823
0.507575
0.51011
0.51092
0.597275
0.677095
0.520888
0.501885
0.501279
0.51645
0.50523
0.503785
0.512282
0.515233
0.51814
0.511977
0.512145
0.514694
0.51369
0.558072
0.525193
0.557871
0.56818
0.523081
0.533295
0.517413
0.517572
0.515618
0.516201
0.511204
0.525518
0.528238
0.508106
0.50933
0.510621
0.507594
0.508849
0.527303
0.514379
0.51359
0.53052
0.505431
0.527068
0.576599
0.517337
0.518648
0.505468
0.52734
0.507662
0.512825
0.524418
0.52469
0.529101
0.517682
0.517649
0.513727
0.526919
0.525775
0.522085
0.548601
0.543807
0.555573
0.530274
0.537345
0.610074
0.511466
0.521056
0.522411
0.50748
0.522566
0.519473
0.514613
0.509873
0.509997
0.509084
0.528659
0.53525
0.545894
0.517981
0.507203
0.512541
0.50789
0.56564
0.581766
0.518148
0.537723
0.524404
0.519341
0.509516
0.538486
0.520181
0.516004
0.737728
0.508483
0.529081
0.524207
0.506322
0.517055
0.523837
0.506331
0.521323
0.522512
0.517821
0.504866
0.504661
0.53769
0.524518
0.515698
0.507672
0.551623
0.518845
0.561509
0.514057
0.512201
0.515892
0.516275
0.532959
0.512991
0.513456
0.540448
0.523232
0.50951
0.527459
0.566805
0.51711
0.515191
0.522509
0.515911
0.531543
0.577717
0.518544
0.516441
0.508734
0.512757
0.535725
0.519488
0.513064
0.51033
0.510026
0.532639
0.534487
0.529214
0.556864
0.520265
0.513979
0.518482
0.519482
0.50686
0.533804
0.512861
0.50463
0.512051
0.511098
0.515045
0.775479
0.517464
0.51548
0.502257
0.506267
0.514391
0.51693
0.523097
0.51277
0.51542
0.532882
0.52841
0.511117
0.512499
0.50669
0.509236
0.504086
0.511568
0.505701
0.653984
0.608101
0.515906
0.519278
0.522812
0.50036
0.612157
0.525831
0.543608
0.513001
0.523503
0.509846
0.540063
0.51755
0.530751
0.514628
0.502679
0.544273
0.515469
0.510525
0.518776
0.502806
0.550092
0.510144
0.539706
0.515294
0.516691
0.529902
0.502258
0.508825
0.522528
0.511438
0.523611
0.502631
0.516859
0.510319
0.513041
0.51184
0.520853
0.510888
0.505187
0.530436
0.513968
0.50976
0.536699
0.583126
0.505997
0.536159
0.513015
0.529953
0.526106
0.514107
0.520613
0.625373
0.521009
0.520391
0.505967
0.510632
0.52317
0.54221
0.503412
0.532388
0.518274
0.505644
0.554361
0.530998
0.510859
0.501513
0.515522
0.502427
0.503982
0.520496
0.531193
0.509531
0.512259
0.520104
0.515377
0.524633
0.508123
0.52086
0.513423
0.531053
0.52891
0.51635
0.511756
0.540118
0.514687
0.506893
0.548675
0.611436
0.508139
0.510267
0.528139
0.536861
0.521191
0.518211
0.525293
0.503705
0.51517
0.530459
0.509908
0.519016
0.517646
0.525319
0.526973
0.515041
0.518761
0.509301
0.512891
0.523006
0.521636
0.579406
0.520833
0.516446
0.503209
0.516245
0.526071
0.688574
0.513226
0.529287
0.516433
0.521372
0.532428
0.514559
0.525003
0.508855
0.523977
0.509495
0.517195
0.514927
0.518146
0.668139
0.525783
0.513467
0.512526
0.508915
0.508579
0.507235
0.531614
0.507181
0.507422
0.508568
0.50454
0.505928
0.525596
0.583925
0.603489
0.611351
0.687091
0.523943
0.53384
0.524534
0.533356
0.524991
0.511199
0.512244
0.60035
0.520804
0.508273
0.518182
0.523051
0.50673
0.570533
0.506541
0.514722
0.525959
0.524716
0.507099
0.509546
0.514931
0.518941
0.519074
0.52168
0.549453
0.512312
0.511455
0.502571
0.515106
0.518604
0.538304
0.50907
0.509523
0.509576
0.509917
0.50653
0.518885
0.510063
0.509519
0.510705
0.501249
0.51014
0.50514
0.506082
0.517177
0.516376
0.516902
0.508535
0.532768
0.508784
0.529312
0.526803
0.522952
0.514514
0.51011
0.506568
0.513393
0.518966
0.519386
0.517012
0.51982
0.506488
0.520676
0.511002
0.605821
0.513233
0.502782
0.526013
0.537249
0.506872
0.512574
0.511369
0.58336
0.531847
0.508087
0.567111
0.507344
0.507453
0.520518
0.530253
0.520643
0.52195
0.540759
0.513899
0.510268
0.513238
