0.50838
0.505067
0.508733
0.532934
0.534117
0.536246
0.52552
0.520869
0.515826
0.529405
0.525909
0.533864
0.531321
0.512706
0.517745
0.509124
0.509065
0.508715
0.605367
0.506064
0.538176
0.535666
0.51468
0.519859
0.516676
0.510711
0.533728
0.531566
0.510129
0.511853
0.523405
0.524133
0.523468
0.514605
0.508923
0.518099
0.51975
0.517714
0.515611
0.517173
0.525167
0.523816
0.502793
0.505394
0.506217
0.523204
0.511495
0.504957
0.504181
0.581879
0.570635
0.615679
0.587532
0.518451
0.519324
0.513085
0.522637
0.524871
0.510077
0.50407
0.508572
0.504948
0.514372
0.515538
0.505185
0.654822
0.602608
0.504767
0.50973
0.526307
0.508689
0.512046
0.508578
0.522675
0.525041
0.52601
0.510991
0.51494
0.526863
0.558034
0.513674
0.517595
0.510748
0.507674
0.502023
0.504934
0.507422
0.50365
0.509305
0.509696
0.519512
0.495817
0.500903
0.519359
0.519791
0.532186
0.529889
0.528814
0.508888
0.510972
0.509894
0.514303
0.49508
0.516115
0.513621
0.507986
0.506987
0.529715
0.522396
0.506584
0.502828
0.51841
0.526624
0.514057
0.508817
0.516316
0.505214
0.513367
0.505346
0.507288
0.535707
0.537271
0.56718
0.561388
0.506422
0.510196
0.521
0.523571
0.514693
0.513516
0.515783
0.514217
0.516713
0.513223
0.500952
0.511359
0.507365
0.497022
0.497661
0.547202
0.511636
0.508045
0.511421
0.509496
0.514206
0.516762
0.52339
0.521826
0.503271
0.536523
0.537547
0.508584
0.509435
0.514215
0.520352
0.519584
0.514648
0.519593
0.520606
0.520605
0.521631
0.524123
0.519227
0.503304
0.505232
0.517747
0.502698
0.508788
0.50969
0.52044
0.521312
0.523354
0.502005
0.527449
0.524794
0.504245
0.506764
0.510607
0.508417
0.514359
0.513286
0.505323
0.504551
0.509698
0.50826
0.505913
0.511573
0.503595
0.505897
0.503625
0.526874
0.520229
0.500187
0.496311
0.513547
0.510051
0.506946
0.682066
0.737615
0.51427
0.515005
0.507991
0.507634
0.509535
0.507953
0.52997
0.505588
0.535998
0.53165
0.541805
0.537583
0.706731
0.684584
0.533869
0.502037
0.506228
0.49881
0.553938
0.587194
0.563391
0.513786
0.519296
0.514091
0.530628
0.527915
0.506999
0.508925
0.524885
0.512126
0.5057
0.504995
0.511535
0.520083
0.517842
0.517978
0.518756
0.528204
0.528171
0.520216
0.526234
0.520756
0.524955
0.511895
0.513921
0.542919
0.542043
0.523291
0.525838
0.523668
0.515608
0.518931
0.672802
0.514803
0.518608
0.572471
0.593028
0.529759
0.702868
0.80659
0.657502
0.528796
0.533806
0.526273
0.528117
0.527661
0.523432
0.509023
0.52274
0.505991
0.513996
0.513413
0.510273
0.519134
0.514719
0.520109
0.523464
0.522092
0.514212
0.507198
0.506632
0.510817
0.524367
0.56363
0.552117
0.567968
0.554882
0.532725
0.513452
0.520862
0.514196
0.515443
0.515347
0.512692
0.506988
0.510599
0.527021
0.529315
0.532434
0.515724
0.511493
0.52254
0.508508
0.507628
0.508708
0.506789
0.509807
0.511692
0.507754
0.51012
0.520272
0.508607
0.508918
0.508182
0.523845
0.520124
0.513791
0.521426
0.51645
0.504014
0.504861
0.506795
0.54263
0.550752
0.509764
0.520928
0.519218
0.602622
0.647776
0.499838
0.506097
0.514152
0.51144
0.517801
0.514472
0.73619
0.674957
0.639951
0.615694
0.526627
0.52585
0.530574
0.525268
0.512065
0.512179
0.51001
0.523109
0.522925
0.518646
0.523368
0.52172
0.530247
0.605284
0.60643
0.506036
0.508018
0.548201
0.54447
0.532422
0.760805
0.519027
0.515009
0.518929
0.52728
0.519958
0.520104
0.509279
0.508412
0.511131
0.527563
0.510853
0.512607
0.806755
0.511649
0.514515
0.513888
0.513753
0.512541
0.508263
0.508145
0.522181
0.523569
0.499435
0.517654
0.520539
0.522963
0.497453
0.524144
0.52531
0.518926
0.519443
0.518805
0.519401
0.518188
0.532563
0.509517
0.506083
0.55145
0.543382
0.517264
0.527721
0.50785
0.519799
0.530374
0.536467
0.536216
0.534881
0.515113
0.510108
0.510202
0.523346
0.517834
0.6956
0.50288
0.501588
0.526065
0.525466
0.507463
0.51029
0.523059
0.530402
0.50857
0.505299
0.506009
0.507671
0.53656
0.542506
0.51575
0.520861
0.516465
0.792288
0.726313
0.778723
0.529413
0.53016
0.527017
0.508195
0.507299
0.521277
0.523685
0.503209
0.507186
0.508641
0.530769
0.536509
0.527525
0.520971
0.519483
0.509311
0.510493
0.510382
0.499193
0.510478
0.519869
0.529673
0.52726
0.526369
0.529618
0.531787
0.530344
0.508658
0.510416
0.509545
0.51018
0.523965
0.516406
0.504235
0.523254
0.521037
0.507876
0.51086
0.519403
0.519232
0.517296
0.523636
0.528875
0.503043
0.538167
0.538689
0.509348
0.527773
0.502869
0.520513
0.510648
0.513468
0.511774
0.497694
0.495757
0.527103
0.514312
0.510378
0.51989
0.517544
0.514949
0.505425
0.530899
0.529739
0.511094
0.520279
0.521336
0.526748
0.521312
0.528756
0.517883
0.515859
0.510888
0.512913
0.518476
0.515123
0.54793
0.501016
0.504732
0.496656
0.505036
0.507305
0.528915
0.532426
0.506185
0.505192
0.508943
0.511447
0.508534
0.506058
0.675985
0.740198
0.704702
0.526703
0.523281
0.518729
0.495453
0.51331
0.510676
0.510322
0.52316
0.524193
0.528859
0.539005
0.510199
0.493916
0.496327
0.511797
0.527217
0.522388
0.525402
0.50307
0.503579
0.64121
0.527729
0.523109
0.524319
0.518038
0.510929
0.505379
0.501392
0.537275
0.49944
0.570656
0.580952
0.587701
0.651125
0.525637
0.532353
0.52862
0.532474
0.530225
0.548338
0.535426
0.521855
0.506555
0.506642
0.509147
0.522274
0.518494
0.515626
0.520887
0.530083
0.528176
0.512823
0.516711
0.519604
0.498085
0.514847
0.516752
0.526422
0.526789
0.538459
0.684069
0.730957
0.697433
0.514446
0.544814
0.603683
0.503698
0.524805
0.500286
0.503033
0.511575
0.502435
0.507989
0.514528
0.514639
0.501183
0.503593
0.510436
0.529498
0.511723
0.509904
0.513565
0.514394
0.51765
0.499957
0.499989
0.532858
0.529283
0.52009
0.52471
0.52796
0.513026
0.512936
0.519042
0.516735
0.524174
0.515204
0.51324
0.519875
0.526738
0.519819
0.498395
0.499465
0.505319
0.510032
0.505301
0.525537
0.526018
0.517389
0.562394
0.5257
0.555932
0.5134
0.522052
0.509946
0.511409
0.512534
0.638414
0.609321
0.506163
0.518815
0.518677
0.510309
0.517227
0.52127
0.546037
0.50633
0.500889
0.520722
0.524081
0.525043
0.511241
0.516545
0.510622
0.519117
0.543067
0.547412
0.515898
0.76374
0.525789
0.52851
0.527437
0.518339
0.508825
0.510403
0.507562
0.532719
0.529599
0.528805
0.497875
0.492428
0.52104
0.568251
0.555214
0.507597
0.507779
0.516563
0.504973
0.515969
0.513926
0.532606
0.557166
0.509919
0.507329
0.516111
0.522712
0.515502
0.512125
0.533694
0.531799
0.510033
0.506577
0.512778
0.510671
0.508136
0.5326
0.512013
0.526747
0.512054
0.512953
0.518755
0.517152
0.503862
0.502703
0.505751
0.521248
0.531685
0.527024
0.509062
0.499426
0.503965
0.519392
0.509124
0.509457
0.513201
0.50263
0.503709
0.522901
0.520795
0.538934
0.537138
0.516374
0.52778
0.529928
0.508235
0.519282
0.518835
0.525376
0.51009
0.511678
0.518538
0.515065
0.519786
0.495159
0.497614
0.502385
0.506252
0.504875
0.510042
0.521888
0.512086
0.51381
0.515121
0.515022
0.526526
0.537977
0.542969
0.526854
0.492814
0.495271
0.504994
0.533711
0.521208
0.510693
0.500899
0.498123
0.499588
0.499091
0.527637
0.507095
0.499535
0.533491
0.51646
0.514308
0.508304
0.512535
0.513775
0.495688
0.535322
0.532619
0.531908
0.539098
0.512268
0.511923
0.527659
0.516556
0.501564
0.501852
0.538692
0.536817
0.503242
0.515238
0.503267
0.5238
0.514404
0.530044
0.513681
0.511019
0.509179
0.510114
0.5059
0.507929
0.514966
0.510907
0.513594
0.531033
0.501986
0.506191
0.541426
0.500673
0.513148
0.50989
0.507834
0.509989
0.507833
0.522948
0.524374
0.512441
0.507992
0.517586
0.516396
0.520017
0.518829
0.515355
0.514287
0.500405
0.510678
0.511829
0.56028
0.55668
0.528604
0.51322
0.511166
0.558103
0.555911
0.532884
0.530367
0.534107
0.539402
0.534718
0.50357
0.50331
0.523635
0.513506
0.509867
0.492559
0.557544
0.551686
0.510341
0.538361
0.535491
0.512331
0.525647
0.500674
0.50701
0.508244
0.630114
0.523268
0.529097
0.532646
0.52225
0.538202
0.549481
0.531277
0.511885
0.510202
0.505463
0.532562
0.504677
0.500426
0.507002
0.507062
0.527091
0.509011
0.515533
0.529838
0.504876
0.509234
0.514286
0.547029
0.546266
0.51977
0.526114
0.517417
0.522955
0.523247
0.524855
0.5224
0.602061
0.533743
0.525541
0.527733
0.516807
0.518432
0.514319
0.518931
0.513559
0.517099
0.514325
0.510937
0.559666
0.56986
0.514369
0.510306
0.513114
0.509956
0.509959
0.506461
0.527834
0.53553
0.509932
0.531543
0.547666
0.549213
0.51202
0.510477
0.526895
0.725047
0.533415
0.521562
0.506661
0.503916
0.527726
0.605468
0.529338
0.525525
0.505158
0.528635
0.527103
0.522448
0.514579
0.500918
0.506947
0.542664
0.532249
0.534927
0.51235
0.526203
0.531284
0.554415
0.542453
0.538664
0.510688
0.511999
0.534321
0.511876
0.507213
0.516074
0.509324
0.514007
0.509066
0.503382
0.54094
0.543292
0.52718
0.503024
0.50525
0.513093
0.516359
0.512865
0.516831
0.508194
0.508126
0.511842
0.509791
0.700508
0.513218
0.513149
0.676542
0.505888
0.502279
0.505664
0.525272
0.531532
0.53532
0.517147
0.635532
0.513585
0.511429
0.527751
0.518581
0.508879
0.512795
0.511192
0.506892
0.505297
0.509807
0.515963
0.516258
0.516066
0.528688
0.575803
0.526999
0.521506
0.500185
0.50187
0.502049
0.512123
0.506634
0.516345
0.505773
0.524496
0.574537
0.524287
0.513772
0.52842
0.4984
0.50613
0.507563
0.506725
0.513196
0.525948
0.51276
0.521577
0.5207
0.544794
0.52935
0.526959
0.521755
0.51445
0.504799
0.549056
0.555017
0.506053
0.566342
0.567143
0.522993
0.708765
0.517152
0.516643
0.513572
0.513581
0.552045
0.53164
0.505629
0.525323
0.523654
0.504208
0.526572
0.52132
0.521048
0.519541
0.512876
0.514639
0.507806
0.525864
0.516717
0.497789
0.4996
0.49972
0.516088
0.516142
0.505324
0.505811
0.512443
0.533002
0.508348
0.50647
0.513654
0.512918
0.504399
0.513514
0.59387
0.510542
0.515801
0.514154
0.490802
0.525947
0.514265
0.608561
0.521693
0.523977
0.509846
0.512691
0.511805
0.51659
0.513906
0.533161
0.492244
0.500421
0.501021
0.513535
0.505671
0.508311
0.519896
0.503887
0.500936
0.503076
0.526823
0.537136
0.510538
0.522284
0.502278
0.526505
0.506551
0.51463
0.573157
0.534402
0.510215
0.50992
0.511935
0.515098
0.503116
0.505899
0.520758
0.517104
0.515553
0.51289
0.515172
0.616601
0.504053
0.515065
0.502223
0.511861
0.502786
0.533504
0.513541
0.512066
0.524489
0.506324
0.500832
0.501256
0.5297
0.496045
0.517381
0.516149
0.535249
0.513091
0.511884
0.509549
0.507074
0.523707
0.500616
0.509008
0.510923
0.506541
0.521971
0.517396
0.506684
0.534156
0.512919
0.51912
0.526224
0.508929
0.528669
0.518565
0.517131
0.505168
0.50623
0.55054
0.553328
0.556298
0.900077
0.75314
0.530775
0.527419
0.541919
0.533801
0.524577
0.528128
0.532845
0.506972
0.499929
0.51157
0.512045
0.511723
0.5128
0.516959
0.532736
0.506145
0.518143
0.553998
0.518776
0.511842
0.500431
0.52054
0.539181
0.539364
0.544033
0.503342
0.511241
0.675929
0.646812
0.497451
0.50744
0.530401
0.528062
0.53417
0.527788
0.505056
0.50761
0.497784
0.504442
0.527018
0.53991
0.502129
0.538245
0.511392
0.513096
0.513672
0.550736
0.533488
0.520573
0.51096
0.559471
0.52178
0.507707
0.51249
0.508834
0.526204
0.529867
0.52375
0.519652
0.506779
0.593337
0.509904
0.510567
0.519719
0.695774
0.519725
0.526572
0.532727
0.524168
0.527501
0.528449
0.548647
0.51548
0.519677
0.512064
0.512396
0.501423
0.514884
0.511022
0.519131
0.503617
0.568604
0.494033
0.529174
0.513699
0.525924
0.722208
0.547272
0.534887
0.539085
0.542356
0.509861
0.503425
0.500804
0.50795
0.511746
0.525057
0.502366
0.528141
0.510239
0.533341
0.519153
0.520164
0.518292
0.546876
0.54104
0.507262
0.518717
0.511968
0.540617
0.534792
0.521085
0.497351
0.499925
0.502056
0.513841
0.513086
0.504599
0.705208
0.863603
0.532953
0.504483
0.504475
0.508499
0.504915
0.527384
0.524087
0.513134
0.516148
0.516666
0.511668
0.511551
0.695257
0.528638
0.526502
0.774338
0.515441
0.503142
0.518708
0.52617
0.509379
0.493036
0.503552
0.515619
0.524369
0.524496
0.525285
0.518515
0.511552
0.50758
0.502288
0.506196
0.84269
0.496156
0.507753
0.514654
0.50853
0.524352
0.517422
0.526877
0.51661
0.527416
0.523998
0.51627
0.521888
0.526991
0.511653
0.547963
0.527022
0.525198
0.513304
0.503897
0.510982
0.520059
0.526328
0.514327
0.517672
0.518068
0.518763
0.49828
0.512124
0.500372
0.533925
0.517283
0.707528
0.507331
0.523227
0.520159
0.515459
0.525257
0.512682
0.516295
0.526433
0.507193
0.507572
0.585981
0.527956
0.509544
0.531449
0.527264
0.526193
0.507346
0.509459
0.521888
0.531467
0.50014
0.508306
0.495454
0.502577
0.524341
0.509689
0.511235
0.514341
0.511797
0.508872
0.54504
0.559137
0.524453
0.569292
0.506714
0.503096
0.509571
0.504854
0.608935
0.513177
0.496424
0.50757
0.515312
0.513331
0.523171
0.53229
0.504513
0.524604
0.512284
0.515844
0.528169
0.540445
0.510421
0.506637
0.51089
0.508871
0.510968
0.517156
0.593627
0.554705
0.503872
0.501896
0.50384
0.531918
0.509539
0.508016
0.529538
0.526658
0.515865
0.50067
0.522361
0.509757
0.51279
0.498265
0.521068
0.50974
0.759199
0.582532
0.514509
0.538132
0.504629
0.51277
0.509405
0.503828
0.563353
0.543693
0.511524
0.51864
0.504655
0.506563
0.583711
0.501882
0.657925
0.695635
0.514991
0.494881
0.507521
0.526778
0.505885
0.510826
0.509068
0.511631
0.511927
0.500969
0.54511
0.518297
0.520521
0.500484
0.501731
0.693138
0.521542
0.51772
0.503296
0.573646
0.501211
0.536799
0.49331
0.510553
0.507276
0.505588
0.510553
0.526843
0.526251
0.529025
0.523875
0.523514
0.53298
0.529567
0.504181
0.50676
0.532873
0.51543
0.529648
0.526745
0.524954
0.537873
0.530808
0.507672
0.518689
0.514572
0.499138
0.52394
0.524925
0.54353
0.510881
0.511708
0.508953
0.521528
0.508717
0.519133
0.507468
0.528538
0.52557
0.498706
0.508785
0.526081
0.502112
0.581029
0.512979
0.527331
0.511555
0.502351
0.580842
0.524485
0.503397
0.520217
0.518935
0.53395
0.527277
0.534218
0.540575
0.549925
0.504079
0.537387
0.563324
0.529458
0.527129
0.523867
0.519144
0.502378
0.514068
0.525866
0.529666
0.525808
0.51034
0.53029
0.543492
0.53842
0.527295
0.502376
0.691075
0.5153
0.525556
0.754212
0.606404
0.619442
0.511393
0.53043
0.508166
0.525387
0.526185
0.529263
0.575411
0.528252
0.571668
0.515059
0.527356
0.494476
0.528873
0.499773
0.501833
0.502392
0.540442
0.504668
0.50415
0.52924
0.49898
0.497894
0.530559
0.507343
0.516259
0.585863
0.500645
0.542951
0.507013
0.511055
0.509627
0.505277
0.502998
0.536753
0.509054
0.52233
0.5137
0.49769
0.536899
0.510224
0.498016
0.512013
0.510012
0.517764
0.507418
0.499548
0.521639
0.513125
0.51437
0.53092
0.503198
0.530581
0.507186
0.522871
0.50709
0.520718
0.527932
0.496827
0.508518
0.502865
0.51465
0.53504
0.522649
0.521444
0.503147
0.521458
0.514666
0.500986
0.509255
0.587138
0.518674
0.515411
0.517574
0.555764
0.510588
0.532357
0.575031
0.557541
0.562448
0.514237
0.513958
0.51193
0.519005
0.520194
0.517021
0.515263
0.522351
0.524927
0.509534
0.505532
0.665485
0.523386
0.52048
0.514465
0.519424
0.516655
0.525162
0.519975
0.511235
0.507538
0.504789
0.51915
0.515499
0.512118
0.517402
0.513577
0.506044
0.507029
0.509413
0.526817
0.525475
0.526297
0.52421
0.512173
0.514623
0.51127
0.508488
0.523308
0.520912
0.510045
0.520172
0.73508
0.509987
0.508006
0.507893
0.508754
0.528123
0.529751
0.520639
0.518416
0.517646
0.509989
0.525925
0.525906
0.508309
0.53932
0.537158
0.491223
0.525364
0.525668
0.51745
0.655075
0.512807
0.751663
0.771532
0.677491
0.507509
0.5068
0.518897
0.519427
0.526348
0.509537
0.543929
0.560753
0.554549
0.525586
0.52473
0.523757
0.518741
0.521889
0.54389
0.529789
0.525796
0.517807
0.526425
0.539404
0.510084
0.521368
0.50821
0.511206
0.517373
0.520687
0.521745
0.514466
0.511451
0.53569
0.508449
0.501682
0.504382
0.515513
0.520493
0.52436
0.523472
0.520531
0.520043
0.528806
0.506751
0.516987
0.527867
0.523558
0.525528
0.538256
0.505337
0.516079
0.510926
0.50685
0.508915
0.499546
0.515197
0.532168
0.535571
0.508306
0.52633
0.526294
0.498569
0.524124
0.506595
0.508226
0.510875
0.512264
0.510029
0.515217
0.509817
0.529911
0.536323
0.528425
0.513761
0.510755
0.511465
0.509955
0.512004
0.507385
0.514157
0.512241
0.514053
0.520718
0.520935
0.514702
0.510549
0.504209
0.514615
0.524153
0.521373
0.509333
0.522936
0.519096
0.518358
0.528951
0.517835
0.518842
0.514896
0.517258
0.516381
0.519071
0.527053
0.521272
0.520467
0.663433
0.694026
0.507831
0.515218
0.535929
0.535628
0.520837
0.502649
0.562853
0.511083
0.51423
0.614325
0.504583
0.574448
0.581051
0.518179
0.515546
0.510588
0.524401
0.520022
0.503613
0.527982
0.513795
0.510532
0.512743
0.521091
0.532792
0.534744
0.524455
0.512828
0.523106
0.5146
0.65359
0.514829
0.524195
0.507809
0.52046
0.509755
0.512389
0.52264
0.540599
0.527737
0.539226
0.508484
0.522211
0.547925
0.526408
0.508906
0.509678
0.51144
0.526169
0.516319
0.515459
0.5199
0.517002
0.512088
0.504487
0.511831
0.509637
0.510243
0.52752
0.527701
0.504768
0.519047
0.520945
0.516799
0.514212
0.52313
0.515366
0.514217
0.507743
0.511995
0.579002
0.570373
0.519124
0.518769
0.512953
0.503673
0.505114
0.510289
0.513433
0.509121
0.524885
0.524807
0.509555
0.654478
0.530623
0.512515
0.516838
0.526514
0.530911
0.508715
0.514185
0.529351
0.518535
0.522958
0.513934
0.504824
0.524965
0.521434
0.508759
0.506274
0.508597
0.509748
0.518166
0.518288
0.518993
0.529379
0.522446
0.508087
0.566552
0.523387
0.51334
0.493294
0.510308
0.524494
0.521627
0.533395
0.511797
0.506142
0.512769
0.516434
0.512385
0.525397
0.505908
0.515079
0.51082
0.510186
0.550615
0.551795
0.543683
0.524754
0.518041
0.522041
0.524836
0.507121
0.512678
0.520744
0.510163
0.50406
0.508157
0.567217
0.55918
0.525335
0.521759
0.662685
0.524163
0.538429
0.533826
0.534817
0.537841
0.516948
0.521186
0.515181
0.518998
0.516256
0.649106
0.505032
0.515751
0.517609
0.517845
0.518734
0.522805
0.521516
0.510252
0.530617
0.558656
0.552541
0.508073
0.517726
0.509996
0.511366
0.546703
0.529712
0.512867
0.508001
0.505129
0.509103
0.603223
0.515396
0.513451
0.511506
0.512897
0.511823
0.512085
0.507987
0.530516
0.509863
0.519388
0.514983
0.510767
0.557365
0.568542
0.58845
0.502086
0.519052
0.505176
0.502785
0.511216
0.512794
0.517783
0.516893
0.519376
0.508199
0.50237
0.511151
0.503834
0.520789
0.509521
0.510249
0.507618
0.502583
0.525365
0.508102
0.506493
0.513489
0.522997
0.520902
0.510239
0.508585
0.502608
0.556738
0.526472
0.513841
0.509319
0.526368
0.5027
0.510345
0.532113
0.513713
0.515316
0.717546
0.533473
0.50882
0.497576
0.536242
0.507873
0.502723
0.519272
0.52156
0.514903
0.507769
0.51437
0.519938
0.530457
0.533632
0.521897
0.508768
0.501886
0.516478
0.510038
0.509296
0.532907
0.504062
0.512793
0.517243
0.506852
0.510801
0.523616
0.515383
0.523637
0.519029
0.519065
0.515791
0.532054
0.529349
0.50507
0.530608
0.53659
0.509115
0.539315
0.509764
0.511088
0.519674
0.511993
0.51822
0.529199
0.527319
0.50634
0.516704
0.527804
0.537963
0.509912
0.506366
0.507617
0.513508
0.508245
0.519286
0.509923
0.501153
0.509834
0.536987
0.504467
0.509677
0.512516
0.508436
0.513044
0.540279
0.511703
0.518787
0.510567
0.525328
0.507336
0.506723
0.510641
0.509824
0.513998
0.52979
0.523495
0.699231
0.529657
0.5096
0.511973
0.509626
0.509553
0.520759
0.523917
0.646715
0.504909
0.518864
0.51374
0.740388
0.521645
0.533774
0.521917
0.525609
0.519981
0.508742
0.576194
0.519701
0.52408
0.515238
0.502608
0.68463
0.505752
0.538087
0.502926
0.50777
0.602061
0.508465
0.51226
0.528091
0.52896
0.547001
0.511046
0.521139
0.520249
0.53753
0.512439
0.518675
0.513385
0.512145
0.509449
0.511962
0.504202
0.504378
0.517789
0.511495
0.53812
0.517443
0.512265
0.504983
0.520632
0.513071
0.521754
0.5115
0.56767
0.534093
0.516196
0.526524
0.510929
0.514131
0.530836
0.507343
0.509718
0.519985
0.526737
0.506401
0.51207
0.748877
0.519113
0.509157
0.510916
0.50764
0.574802
0.529046
0.497494
0.512084
0.53048
0.518505
0.512206
0.505467
0.777193
0.513269
0.521982
0.540283
0.516366
0.511171
0.508411
0.510592
0.515337
0.501331
0.519567
0.631773
0.503225
0.525369
0.504259
0.507364
0.506881
0.508901
0.51706
0.525662
0.535371
0.521478
0.594043
0.540519
0.501875
0.676222
0.504196
0.504586
0.50788
0.558651
0.512022
0.507186
0.512033
0.509196
0.510722
0.509846
0.541255
0.711739
0.542223
0.506799
0.520718
0.558497
0.506613
0.666696
0.515355
0.54554
0.505524
0.501331
0.522785
0.608006
0.511283
0.512315
0.688001
0.527958
0.505109
0.572713
0.578764
0.515699
0.515475
0.562337
0.508815
