0.509827
0.50995
0.501028
0.505063
0.510819
0.507746
0.507544
0.509279
0.535368
0.536308
0.522787
0.519648
0.506785
0.510706
0.52987
0.524999
0.531278
0.532997
0.51225
0.508262
0.510283
0.672207
0.504573
0.502477
0.504325
0.525322
0.521211
0.530556
0.519292
0.518143
0.516658
0.511927
0.527033
0.529924
0.523799
0.522233
0.521139
0.517036
0.515323
0.515103
0.518678
0.51712
0.510264
0.527347
0.507583
0.506822
0.510576
0.519174
0.516263
0.524699
0.512897
0.518219
0.501176
0.583172
0.599105
0.596832
0.52186
0.516319
0.519182
0.513494
0.5098
0.516675
0.517466
0.504655
0.50291
0.495421
0.504244
0.508598
0.510261
0.517432
0.51923
0.503067
0.506288
0.530187
0.529173
0.529825
0.51396
0.513971
0.556365
0.516431
0.518834
0.501064
0.506805
0.760938
0.684686
0.504624
0.506918
0.529126
0.514289
0.515986
0.518347
0.526406
0.530723
0.506918
0.499201
0.515459
0.522113
0.518823
0.518469
0.517834
0.519758
0.511455
0.512619
0.50603
0.515595
0.527002
0.524313
0.516007
0.513738
0.510804
0.513417
0.513749
0.507191
0.50929
0.533522
0.537104
0.600541
0.572119
0.519103
0.525275
0.523817
0.508373
0.505178
0.512398
0.507057
0.518546
0.518227
0.510087
0.497753
0.500364
0.50505
0.510017
0.510872
0.506727
0.505721
0.507325
0.505924
0.523278
0.522881
0.510885
0.504743
0.515985
0.502659
0.508392
0.521369
0.520702
0.512375
0.498637
0.519591
0.517077
0.520677
0.52008
0.50493
0.503974
0.508432
0.506109
0.502256
0.513049
0.511526
0.504726
0.507495
0.508169
0.52466
0.516636
0.530087
0.505839
0.509542
0.506782
0.509073
0.509321
0.512681
0.511499
0.523345
0.524044
0.506183
0.509702
0.501295
0.528219
0.515677
0.514369
0.513977
0.572966
0.516414
0.501355
0.71349
0.51331
0.507064
0.508788
0.532723
0.530939
0.503195
0.507068
0.533646
0.540611
0.537275
0.685441
0.675075
0.721998
0.506053
0.502495
0.513944
0.556585
0.571307
0.550834
0.590878
0.511096
0.511056
0.514346
0.51434
0.531918
0.52797
0.506948
0.506833
0.509339
0.504818
0.514763
0.51188
0.513483
0.53213
0.53734
0.522423
0.511468
0.545556
0.543568
0.519061
0.519154
0.522083
0.524676
0.521749
0.673205
0.517363
0.515188
0.514132
0.529733
0.586041
0.59645
0.625806
0.52807
0.528057
0.534551
0.532231
0.522906
0.528106
0.524059
0.524495
0.530603
0.531973
0.507872
0.508883
0.506751
0.522125
0.530316
0.533826
0.534169
0.524195
0.511376
0.509478
0.515877
0.514078
0.513109
0.510254
0.521839
0.520648
0.523566
0.51959
0.599838
0.648585
0.517317
0.515863
0.503716
0.514967
0.537755
0.499382
0.496999
0.517132
0.551297
0.534732
0.517835
0.517461
0.512542
0.516067
0.501495
0.524586
0.51444
0.501115
0.507078
0.524372
0.521701
0.518607
0.528186
0.533234
0.532796
0.509832
0.521172
0.534275
0.52283
0.505363
0.507249
0.518866
0.521584
0.503806
0.511094
0.504896
0.498726
0.512667
0.54301
0.536485
0.51614
0.528307
0.52759
0.516586
0.51262
0.51994
0.520996
0.505797
0.504344
0.506694
0.51478
0.643385
0.506785
0.507719
0.511829
0.514764
0.498445
0.506301
0.517076
0.51498
0.521895
0.614031
0.57118
0.624955
0.661393
0.523051
0.526631
0.509887
0.51017
0.520338
0.510302
0.523214
0.516637
0.514795
0.518744
0.51889
0.522332
0.692624
0.501675
0.509222
0.511275
0.509879
0.52751
0.531432
0.69492
0.518724
0.515615
0.514611
0.515193
0.522011
0.513075
0.511084
0.516113
0.508408
0.509091
0.508298
0.518572
0.508887
0.512565
0.642797
0.505472
0.506073
0.510659
0.514405
0.513898
0.509175
0.50847
0.52237
0.520828
0.525932
0.521093
0.493508
0.518724
0.520086
0.528802
0.510778
0.50909
0.50383
0.672246
0.558228
0.54974
0.54838
0.629371
0.509243
0.638897
0.517593
0.530605
0.530382
0.528234
0.52291
0.510607
0.512426
0.513202
0.527093
0.529009
0.536756
0.532681
0.533674
0.510197
0.508919
0.51088
0.50804
0.505584
0.506643
0.517969
0.590326
0.611919
0.528873
0.778096
0.521028
0.688046
0.51721
0.514297
0.581051
0.591142
0.503704
0.504184
0.50485
0.506134
0.505363
0.504993
0.508219
0.50681
0.509922
0.536617
0.540536
0.506838
0.505553
0.515602
0.514962
0.51401
0.502469
0.50899
0.697384
0.605746
0.73738
0.529859
0.508147
0.508497
0.508528
0.503473
0.524364
0.522531
0.51788
0.507245
0.526059
0.524181
0.531368
0.523663
0.525076
0.525374
0.533825
0.507785
0.503379
0.498299
0.506543
0.518073
0.509149
0.510082
0.509216
0.524641
0.515793
0.502539
0.51165
0.520827
0.521733
0.507289
0.511913
0.52875
0.51518
0.520347
0.496874
0.500343
0.536708
0.526915
0.512181
0.511673
0.516474
0.521337
0.514622
0.695124
0.514565
0.501171
0.503442
0.511191
0.51905
0.519385
0.502005
0.524112
0.525522
0.516627
0.509486
0.511111
0.515855
0.525296
0.533512
0.516255
0.512373
0.513668
0.506015
0.509593
0.518798
0.51443
0.51382
0.573511
0.572109
0.504804
0.50426
0.49535
0.532313
0.504359
0.529498
0.539542
0.503039
0.503538
0.50457
0.528396
0.50665
0.509438
0.508407
0.666517
0.700313
0.51371
0.508435
0.516967
0.516108
0.509108
0.508019
0.520085
0.520949
0.528597
0.505572
0.502323
0.731236
0.514267
0.523933
0.521718
0.51211
0.677103
0.516309
0.50377
0.526466
0.5216
0.508102
0.508776
0.520694
0.518698
0.512635
0.500614
0.543002
0.538379
0.58649
0.597228
0.527815
0.518037
0.517146
0.52692
0.531946
0.529772
0.543515
0.524102
0.530515
0.522055
0.517639
0.522241
0.517057
0.52202
0.507976
0.514177
0.65586
0.621157
0.517805
0.510542
0.51336
0.51922
0.534113
0.665562
0.709707
0.512218
0.546017
0.544513
0.583268
0.578127
0.540459
0.54741
0.521991
0.50324
0.503502
0.506503
0.506206
0.505529
0.497538
0.511358
0.510628
0.512165
0.50999
0.52989
0.531802
0.5078
0.514297
0.519229
0.520298
0.500859
0.532364
0.530549
0.516696
0.520652
0.522445
0.513886
0.514188
0.511974
0.499587
0.498242
0.500002
0.519856
0.50899
0.514455
0.507875
0.50388
0.503628
0.529961
0.534337
0.518014
0.50883
0.505207
0.521372
0.590023
0.589112
0.565288
0.521319
0.520642
0.5265
0.522738
0.521026
0.515829
0.502744
0.519081
0.509462
0.506301
0.506788
0.524707
0.511143
0.518941
0.533239
0.581908
0.596559
0.541716
0.546057
0.525574
0.52308
0.534457
0.530251
0.530953
0.514384
0.531745
0.671592
0.515587
0.511941
0.518669
0.519859
0.522876
0.527289
0.506954
0.51483
0.513191
0.509983
0.51246
0.514288
0.531697
0.495902
0.504796
0.503042
0.607941
0.513636
0.51513
0.504432
0.51362
0.529005
0.535447
0.52454
0.516437
0.565728
0.508663
0.520824
0.5178
0.51913
0.515536
0.510836
0.50987
0.5288
0.510254
0.540527
0.514742
0.504319
0.532773
0.513619
0.505393
0.53202
0.531099
0.531443
0.513963
0.512104
0.517722
0.516677
0.502149
0.503895
0.518182
0.51999
0.513289
0.514678
0.512499
0.521271
0.513863
0.522517
0.519286
0.623463
0.534353
0.51304
0.510614
0.510881
0.5072
0.506746
0.527796
0.543371
0.538895
0.526108
0.528269
0.503321
0.505152
0.525426
0.530677
0.514931
0.524985
0.51022
0.517796
0.517314
0.515573
0.497498
0.501162
0.499373
0.504382
0.503794
0.510804
0.503849
0.508278
0.507774
0.537064
0.525552
0.528725
0.492516
0.497951
0.505284
0.533927
0.512703
0.501605
0.500548
0.50977
0.523322
0.520351
0.521688
0.524687
0.5099
0.511008
0.532995
0.511512
0.51239
0.510902
0.496256
0.532217
0.534167
0.521258
0.521688
0.516249
0.533275
0.529415
0.499858
0.502554
0.525043
0.523402
0.525182
0.524391
0.526435
0.526274
0.522204
0.526595
0.511394
0.506986
0.513949
0.533476
0.505362
0.541577
0.535014
0.540359
0.500017
0.505377
0.501346
0.512122
0.512597
0.510532
0.507347
0.507838
0.651729
0.508849
0.508629
0.501575
0.524274
0.511979
0.511201
0.511729
0.556545
0.515279
0.512836
0.521132
0.534127
0.530936
0.555571
0.498728
0.521544
0.505515
0.634937
0.559508
0.496359
0.507686
0.538158
0.51054
0.502423
0.505492
0.509095
0.506483
0.516165
0.676008
0.516406
0.514139
0.510473
0.520725
0.518931
0.526511
0.531576
0.522433
0.541796
0.552388
0.508095
0.531136
0.502756
0.504818
0.511482
0.499998
0.507088
0.526652
0.502813
0.536234
0.507476
0.620477
0.597269
0.543302
0.523375
0.520047
0.526318
0.526597
0.508019
0.516082
0.512024
0.518948
0.519641
0.515317
0.513438
0.524581
0.518465
0.522745
0.526353
0.529445
0.510433
0.507981
0.501467
0.520535
0.518566
0.514095
0.509699
0.513042
0.574483
0.569888
0.528723
0.511084
0.506541
0.519343
0.511779
0.511873
0.514138
0.512978
0.51071
0.510259
0.506562
0.532015
0.530437
0.50259
0.553596
0.552131
0.811044
0.526663
0.526309
0.525557
0.522733
0.505963
0.50229
0.527509
0.530134
0.527429
0.529056
0.53159
0.504785
0.52296
0.496588
0.52825
0.530017
0.53016
0.527063
0.506403
0.52027
0.513917
0.511287
0.528874
0.505034
0.504384
0.528208
0.545649
0.520474
0.514758
0.51653
0.517646
0.514235
0.509046
0.506661
0.507593
0.504735
0.508725
0.534642
0.543653
0.525842
0.52946
0.498922
0.502544
0.51279
0.51421
0.512099
0.516485
0.504362
0.498362
0.528431
0.52682
0.508272
0.522599
0.501588
0.523794
0.531179
0.521203
0.521285
0.506886
0.689472
0.657098
0.508209
0.514032
0.513208
0.51108
0.507746
0.505178
0.545636
0.536443
0.502822
0.505309
0.513518
0.510566
0.519934
0.526378
0.661129
0.526178
0.497245
0.521848
0.508332
0.516613
0.514084
0.505093
0.506812
0.523914
0.517905
0.504797
0.506182
0.530858
0.511709
0.579709
0.502037
0.521654
0.518354
0.603232
0.50861
0.493057
0.500594
0.643736
0.512117
0.526099
0.527433
0.637343
0.508873
0.500934
0.508762
0.518636
0.517689
0.512982
0.517167
0.509472
0.543359
0.522866
0.505132
0.508439
0.702641
0.503045
0.514404
0.514066
0.507212
0.503649
0.502309
0.57853
0.518055
0.527338
0.514811
0.49547
0.510045
0.519358
0.558792
0.533151
0.506479
0.503002
0.52776
0.526609
0.520595
0.520847
0.521371
0.510352
0.507764
0.513973
0.518557
0.496964
0.509221
0.508165
0.512304
0.501147
0.511002
0.510425
0.499173
0.511822
0.511495
0.511056
0.509321
0.509011
0.503944
0.519894
0.522152
0.506203
0.515944
0.517455
0.651289
0.583986
0.605665
0.515362
0.51004
0.496958
0.52165
0.59448
0.522388
0.520171
0.514368
0.523263
0.518618
0.514285
0.518088
0.587612
0.503937
0.500619
0.524661
0.800891
0.505299
0.517528
0.501888
0.520721
0.500377
0.503781
0.503841
0.509045
0.509028
0.511235
0.505867
0.504507
0.513482
0.505607
0.498557
0.503308
0.526133
0.564027
0.540645
0.509622
0.58784
0.529551
0.596231
0.52449
0.504151
0.536763
0.540732
0.623595
0.533005
0.525936
0.505522
0.542665
0.499707
0.507019
0.500271
0.508953
0.563773
0.505398
0.512974
0.508972
0.504662
0.524618
0.532873
0.516396
0.514847
0.517376
0.523551
0.6425
0.624579
0.49109
0.513372
0.499148
0.515042
0.495016
0.524942
0.521308
0.719004
0.506332
0.500244
0.535556
0.512594
0.505934
0.759715
0.515306
0.49927
0.528646
0.51241
0.505132
0.498668
0.511977
0.508918
0.699162
0.637933
0.513392
0.510249
0.520942
0.524463
0.513112
0.52145
0.527814
0.52243
0.521289
0.512796
0.516318
0.502959
0.529662
0.53491
0.552236
0.552261
0.55868
0.62941
0.707916
0.513632
0.508928
0.625389
0.511442
0.529223
0.525092
0.527185
0.508472
0.509368
0.52835
0.50161
0.533924
0.516231
0.515179
0.550212
0.505461
0.496891
0.543908
0.544618
0.505902
0.505725
0.677427
0.684853
0.508576
0.527082
0.533488
0.504583
0.536573
0.515099
0.539703
0.517138
0.517387
0.519798
0.509076
0.548597
0.52936
0.51021
0.510186
0.511804
0.525016
0.528301
0.513148
0.519894
0.493995
0.515507
0.518674
0.519096
0.506913
0.526216
0.523493
0.528071
0.52732
0.515883
0.516074
0.513683
0.515738
0.497828
0.536223
0.531985
0.549721
0.507751
0.500898
0.52792
0.523499
0.523564
0.526319
0.545777
0.518354
0.535585
0.54038
0.505822
0.50916
0.498459
0.510604
0.521339
0.498123
0.499297
0.528347
0.512957
0.512346
0.518635
0.514912
0.535981
0.507941
0.510569
0.512711
0.53918
0.534641
0.511983
0.507858
0.531247
0.508299
0.502053
0.507655
0.505418
0.508154
0.504779
0.521103
0.524683
0.518281
0.509579
0.510998
0.507356
0.560256
0.735415
0.680799
0.530676
0.502722
0.50785
0.508914
0.724519
0.503848
0.515107
0.523672
0.524933
0.523356
0.522288
0.508022
0.51016
0.518124
0.511581
0.51131
0.502472
0.510232
0.506543
0.766852
0.49984
0.49364
0.51132
0.510733
0.512981
0.517994
0.503935
0.522485
0.522951
0.525823
0.518237
0.508719
0.508167
0.506144
0.493689
0.500477
0.527522
0.519201
0.50674
0.507838
0.520106
0.520414
0.511603
0.505927
0.519665
0.517253
0.521378
0.496826
0.499919
0.509049
0.51991
0.503257
0.504524
0.524985
0.505886
0.519364
0.530965
0.522738
0.510258
0.504653
0.529581
0.533021
0.524576
0.541713
0.518323
0.587734
0.53684
0.589852
0.523611
0.524114
0.548272
0.524772
0.536572
0.534794
0.525567
0.499099
0.503922
0.511536
0.502815
0.511267
0.510544
0.504032
0.513723
0.545007
0.716975
0.50955
0.515933
0.508875
0.523053
0.502653
0.502231
0.720792
0.525597
0.499576
0.513644
0.522315
0.532218
0.501638
0.501444
0.526348
0.511222
0.534048
0.499204
0.510751
0.495179
0.4984
0.517947
0.511225
0.612659
0.500969
0.511393
0.565147
0.512339
0.53157
0.505745
0.516374
0.504964
0.522765
0.507689
0.513607
0.500471
0.522474
0.521108
0.512337
0.510823
0.509328
0.528634
0.563858
0.519472
0.511059
0.539308
0.499562
0.511713
0.509479
0.505916
0.504898
0.50222
0.555381
0.54921
0.491757
0.521537
0.519552
0.500887
0.750408
0.517794
0.516553
0.503661
0.526981
0.502621
0.504317
0.522511
0.512002
0.513746
0.557528
0.547993
0.523181
0.519292
0.500146
0.499507
0.680502
0.504206
0.508488
0.504193
0.507442
0.507016
0.509149
0.506376
0.513964
0.505684
0.511937
0.529457
0.52598
0.521444
0.523821
0.534024
0.528019
0.525222
0.503002
0.506677
0.514362
0.531724
0.527873
0.537315
0.580032
0.525658
0.518894
0.512808
0.505866
0.513527
0.553995
0.538433
0.514462
0.509284
0.529895
0.510657
0.521425
0.508343
0.512755
0.530008
0.528872
0.497578
0.502342
0.51276
0.517422
0.500371
0.502043
0.526352
0.527976
0.500737
0.513192
0.576512
0.519579
0.53371
0.539914
0.547121
0.529132
0.502032
0.515334
0.56063
0.496951
0.517166
0.514842
0.518152
0.519069
0.516251
0.514
0.52355
0.511239
0.526104
0.540687
0.528666
0.528079
0.747647
0.652415
0.522034
0.51741
0.506746
0.521851
0.633811
0.510476
0.526664
0.507165
0.526547
0.5317
0.511593
0.563513
0.512761
0.514114
0.527248
0.512619
0.52729
0.517574
0.501576
0.534643
0.510106
0.507411
0.516813
0.546817
0.495686
0.499637
0.501611
0.526964
0.498066
0.524935
0.497234
0.494086
0.512165
0.551023
0.507487
0.526156
0.508687
0.500692
0.517797
0.525964
0.49312
0.506844
0.546588
0.537646
0.524863
0.514332
0.524256
0.497981
0.530837
0.511874
0.52386
0.508779
0.519032
0.510543
0.500021
0.509781
0.505263
0.517177
0.529458
0.503917
0.531224
0.568695
0.505358
0.506316
0.523389
0.510885
0.528551
0.528818
0.546141
0.500541
0.507904
0.511195
0.502733
0.520221
0.503373
0.52111
0.498065
0.543668
0.516574
0.506996
0.509091
0.641075
0.522482
0.522604
0.508225
0.532664
0.512608
0.516009
0.507399
0.504803
0.512261
0.516291
0.584186
0.512928
0.560069
0.506805
0.516268
0.518493
0.517502
0.516343
0.519741
0.521073
0.506331
0.533462
0.537463
0.505795
0.537666
0.516603
0.53045
0.543721
0.518514
0.521097
0.517592
0.52532
0.522271
0.512471
0.515274
0.522054
0.668701
0.508783
0.51064
0.505293
0.510705
0.507446
0.635583
0.511047
0.511955
0.525618
0.50382
0.508371
0.508921
0.531674
0.519988
0.518248
0.522509
0.510489
0.506426
0.510597
0.518759
0.535311
0.521633
0.539367
0.521476
0.523266
0.527181
0.527397
0.529953
0.634775
0.494933
0.505958
0.688628
0.512984
0.513844
0.515418
0.525387
0.531079
0.538802
0.541401
0.519723
0.512639
0.51905
0.571628
0.573312
0.517355
0.506913
0.51424
0.50342
0.5236
0.518171
0.512542
0.511178
0.512727
0.512944
0.51032
0.509491
0.506243
0.502096
0.502084
0.51743
0.517737
0.523972
0.514423
0.524987
0.559446
0.547851
0.509312
0.517354
0.525312
0.511685
0.519445
0.517133
0.515769
0.512134
0.513454
0.510772
0.502926
0.504533
0.506459
0.510389
0.50682
0.507632
0.514591
0.525807
0.524143
0.509248
0.529841
0.531144
0.501401
0.521124
0.526334
0.525795
0.528157
0.509111
0.507468
0.506956
0.507665
0.523185
0.518938
0.51463
0.51394
0.510828
0.504556
0.519169
0.519507
0.523013
0.521711
0.506587
0.504909
0.496709
0.519401
0.519502
0.516387
0.510951
0.515265
0.505116
0.513936
0.506687
0.539202
0.51212
0.510935
0.504325
0.519596
0.51035
0.514122
0.575838
0.499301
0.534928
0.604335
0.646647
0.500812
0.532444
0.532649
0.509047
0.519218
0.516914
0.513558
0.509307
0.670416
0.614764
0.630368
0.58834
0.587077
0.513404
0.513365
0.509522
0.503419
0.576344
0.522936
0.520828
0.516154
0.503839
0.519508
0.512005
0.517369
0.528755
0.527353
0.566021
0.532582
0.531991
0.524933
0.528617
0.527935
0.523768
0.521922
0.522436
0.529516
0.514075
0.537254
0.536714
0.508988
0.510346
0.623752
0.517691
0.513252
0.53978
0.529371
0.541237
0.546772
0.501778
0.520001
0.525213
0.527466
0.506059
0.53603
0.511206
0.509815
0.516747
0.528466
0.514353
0.511805
0.507501
0.509758
0.524317
0.516996
0.519783
0.515573
0.509007
0.507628
0.509499
0.517561
0.519101
0.512488
0.513267
0.525109
0.521213
0.518278
0.503849
0.508331
0.523976
0.50506
0.507901
0.50762
0.513011
0.525603
0.507537
0.547344
0.497405
0.632392
0.526456
0.52434
0.528234
0.531044
0.510837
0.510264
0.517126
0.538145
0.635565
0.518518
0.512729
0.522601
0.527528
0.509548
0.509749
0.509511
0.508782
0.508885
0.508949
0.509258
0.508468
0.504476
0.506243
0.519132
0.502168
0.50126
0.531592
0.519349
0.512573
0.51187
0.533575
0.522851
0.525081
0.517884
0.513429
0.551066
0.549328
0.524494
0.518411
0.514774
0.510175
0.512028
0.686495
0.502753
0.504121
0.52003
0.575274
0.525057
0.561526
0.508926
0.52175
0.530187
0.500793
0.507372
0.522514
0.515014
0.505376
0.507269
0.511549
0.513827
0.524333
0.519636
0.519348
0.501569
0.516261
0.527682
0.56758
0.557121
0.5208
0.510996
0.499364
0.547311
0.513218
0.512908
0.579216
0.521075
0.515382
0.520831
0.558091
0.526764
0.506926
0.640598
0.520878
0.515251
0.50993
0.501157
0.519474
0.505756
0.507774
0.636775
0.630292
0.642123
0.521303
0.522761
0.51408
0.527369
0.515117
0.517577
0.522955
0.521828
0.520356
0.52043
0.506577
0.531485
0.510993
0.519603
0.521053
0.507495
0.521619
0.522564
0.504325
0.504167
0.518237
0.514132
0.517609
0.518906
0.687846
0.524583
0.522948
0.521525
0.521726
0.514157
0.52397
0.540779
0.503973
0.55027
0.519752
0.51284
0.507761
0.508273
0.536165
0.5244
0.511549
0.507318
0.512077
0.511925
0.530309
0.512946
0.529198
0.506954
0.510329
0.504285
0.535528
0.530279
0.513544
0.529228
0.508542
0.501049
0.517857
0.505917
0.520221
0.521932
0.507903
0.510783
0.513639
0.50886
0.513119
0.504289
0.494241
0.508717
0.509069
0.508667
0.510725
0.509126
0.520044
0.519024
0.518598
0.514288
0.509028
0.499309
0.508249
0.518897
0.505913
0.51493
0.512339
0.507874
0.516187
0.507747
0.496723
0.52058
0.525328
0.544781
0.546497
0.517089
0.510826
0.540761
0.503607
0.536341
0.512315
0.517642
0.524976
0.516349
0.51163
0.520775
0.531052
0.534941
0.534135
0.515896
0.636803
0.528807
0.508554
0.502905
0.515251
0.591471
0.501788
0.503123
0.515706
0.519983
0.562313
0.508226
0.534717
0.534239
0.514899
0.588346
0.517772
0.511813
0.52086
0.527054
0.685232
0.512633
0.538735
0.53545
0.54386
0.513352
0.509917
0.51515
0.542209
0.516279
0.526458
0.507808
0.528208
0.536614
0.51078
0.507284
0.517736
0.529296
0.638248
0.502992
0.50934
0.51896
0.519012
0.753971
0.520073
0.51599
0.568224
0.534925
0.505536
0.509547
0.514014
0.509696
0.5132
0.513125
0.521565
0.514471
0.497014
0.509039
0.511607
0.558312
0.503739
0.54042
0.616509
0.505427
0.516341
0.507702
0.509765
0.529372
0.524927
0.505573
0.511754
0.516435
0.499881
0.676845
0.539838
0.505764
0.559527
0.506225
0.531099
0.53143
0.532457
0.520018
0.515792
0.507139
0.509968
0.518687
0.521072
0.51374
0.525713
0.509917
0.530651
0.606787
0.502362
0.528599
0.525556
0.515483
0.516599
0.509142
0.503928
0.508414
0.510499
0.502885
0.509051
0.500727
0.513867
0.509792
0.524025
0.527757
0.509803
0.545108
0.526397
0.506372
0.505321
0.505373
0.508273
0.516392
0.508679
0.503286
0.649245
0.511418
0.528784
0.508252
0.522456
0.514683
0.505231
0.525948
0.512575
0.508034
0.78175
0.513887
0.517361
0.683811
0.566775
0.515741
0.526681
0.530835
0.509256
0.508665
0.509348
0.526905
0.55223
0.524347
0.523343
0.52104
0.507611
0.517324
0.504713
0.508185
0.524305
0.512109
0.510144
0.520011
0.598733
0.523604
0.54386
0.510074
0.509768
0.519249
0.517667
0.511165
0.52384
0.540245
0.513465
0.508453
0.523218
0.505702
0.506327
0.503958
0.515833
0.747794
0.524764
0.51605
0.523634
0.523564
0.509639
0.508668
0.504662
0.51525
0.514349
0.505296
0.504783
0.512069
0.517174
0.500328
0.520731
0.703253
0.50753
0.529249
0.539986
0.520538
0.511366
0.502356
0.542841
0.537322
0.51664
0.505046
0.507987
0.507491
0.506824
0.521924
0.531505
0.506824
0.506992
0.507764
0.5131
0.606834
0.752538
0.512152
0.507139
0.503634
0.511111
0.504848
0.504353
0.513229
0.557343
0.52122
0.509305
