0.51027
0.508869
0.502415
0.503608
0.504477
0.506746
0.509742
0.53119
0.536223
0.535404
0.51663
0.501679
0.634623
0.719001
0.648794
0.503116
0.502117
0.498772
0.499101
0.524702
0.522884
0.531141
0.523764
0.519295
0.509637
0.500396
0.505029
0.512477
0.512728
0.509103
0.521125
0.72564
0.517504
0.518721
0.524537
0.688575
0.602322
0.523136
0.522461
0.505356
0.518406
0.518225
0.51771
0.521489
0.52471
0.51038
0.51139
0.53071
0.528882
0.532279
0.51066
0.51287
0.513615
0.525313
0.595774
0.51626
0.524472
0.520029
0.521722
0.5095
0.532033
0.530451
0.518418
0.516809
0.501305
0.504703
0.502596
0.495677
0.518919
0.529885
0.531594
0.500777
0.506766
0.531697
0.522071
0.526837
0.501755
0.537594
0.528592
0.513583
0.510012
0.511286
0.554837
0.582834
0.539507
0.502486
0.50373
0.507832
0.510921
0.505468
0.508441
0.81878
0.505198
0.502497
0.531976
0.530942
0.513222
0.515439
0.531617
0.542574
0.494021
0.497871
0.514469
0.506966
0.517063
0.524626
0.517698
0.522292
0.520591
0.530915
0.523369
0.517723
0.519365
0.520692
0.527723
0.515715
0.506611
0.505314
0.507957
0.513392
0.506154
0.504557
0.504922
0.512949
0.508528
0.509008
0.503356
0.509108
0.533977
0.605847
0.58306
0.575009
0.565579
0.506366
0.504799
0.510166
0.506856
0.565389
0.51702
0.521462
0.503919
0.503346
0.496507
0.538877
0.550223
0.539377
0.510203
0.507229
0.518895
0.502977
0.507019
0.524539
0.52316
0.499839
0.500421
0.51119
0.506145
0.50953
0.50579
0.507865
0.510802
0.518143
0.508925
0.512339
0.520656
0.522286
0.520123
0.521142
0.505591
0.506398
0.523571
0.518473
0.50436
0.504323
0.506616
0.506438
0.521669
0.508476
0.5112
0.508525
0.510494
0.51479
0.511864
0.521994
0.504296
0.581532
0.504538
0.510231
0.517886
0.518167
0.512728
0.514864
0.526081
0.527143
0.519293
0.521039
0.53869
0.536057
0.535097
0.881394
0.558874
0.547155
0.541483
0.519128
0.539012
0.540364
0.536991
0.584409
0.55333
0.629391
0.511916
0.516005
0.518428
0.514237
0.527701
0.525461
0.505813
0.507206
0.524411
0.519121
0.520784
0.526622
0.525371
0.515015
0.518564
0.517984
0.511464
0.50392
0.54083
0.52525
0.522887
0.525002
0.512183
0.507567
0.5114
0.512918
0.517444
0.515192
0.518644
0.51594
0.520922
0.530403
0.581998
0.50858
0.583289
0.602409
0.525178
0.535097
0.52803
0.519316
0.528811
0.530489
0.529483
0.532297
0.50929
0.508065
0.51078
0.513031
0.521298
0.541131
0.537525
0.537223
0.50174
0.505332
0.535901
0.535497
0.535113
0.531415
0.506877
0.505941
0.508505
0.515875
0.509622
0.509192
0.523959
0.523437
0.518803
0.720965
0.512388
0.513501
0.530104
0.531776
0.502674
0.502407
0.507696
0.5411
0.542338
0.513945
0.530645
0.521137
0.513971
0.512363
0.524625
0.50821
0.529577
0.517695
0.501744
0.499836
0.578969
0.523351
0.517067
0.517926
0.527074
0.527495
0.523015
0.522332
0.517041
0.519815
0.499133
0.509134
0.49907
0.54322
0.529102
0.525133
0.526563
0.526684
0.752919
0.753672
0.749702
0.514584
0.623571
0.507222
0.514463
0.500656
0.511623
0.519606
0.690876
0.52276
0.52565
0.521701
0.508759
0.524493
0.510834
0.505252
0.495703
0.515009
0.520109
0.517983
0.520074
0.839393
0.512659
0.508936
0.580354
0.503475
0.505494
0.506917
0.510737
0.508967
0.506745
0.499544
0.521876
0.5302
0.518679
0.508561
0.510201
0.510323
0.509143
0.51316
0.50651
0.521075
0.506299
0.505473
0.517937
0.511579
0.651939
0.521196
0.513935
0.509131
0.521566
0.517655
0.525717
0.519018
0.523868
0.520549
0.523288
0.489679
0.491703
0.525797
0.516226
0.530643
0.516413
0.507014
0.502457
0.557191
0.541553
0.508789
0.686459
0.514284
0.508692
0.531208
0.526078
0.554611
0.52536
0.521
0.518527
0.517367
0.519124
0.518666
0.519191
0.898845
0.532621
0.507082
0.507971
0.50916
0.508042
0.504047
0.521347
0.524936
0.526414
0.507657
0.505949
0.525823
0.498582
0.505789
0.612582
0.630966
0.575863
0.506087
0.571267
0.529124
0.526
0.521108
0.522889
0.517033
0.512912
0.565886
0.516003
0.5138
0.516656
0.57056
0.538393
0.501542
0.500573
0.539558
0.511047
0.512162
0.522973
0.529476
0.516008
0.512361
0.507217
0.504354
0.506467
0.659403
0.755343
0.507764
0.509366
0.519096
0.510759
0.525771
0.528111
0.525615
0.527569
0.530683
0.503816
0.510407
0.515519
0.502223
0.509815
0.505918
0.507719
0.505529
0.506773
0.517327
0.509113
0.503117
0.514408
0.511569
0.516561
0.526597
0.51561
0.520039
0.534829
0.496955
0.528975
0.520486
0.521523
0.514447
0.517897
0.513192
0.505946
0.503253
0.510695
0.50651
0.501047
0.527081
0.528796
0.516675
0.5025
0.51831
0.506147
0.512373
0.516558
0.535274
0.528989
0.511229
0.515966
0.502821
0.512366
0.519133
0.518134
0.513465
0.570415
0.565397
0.503196
0.504649
0.497407
0.527552
0.503386
0.65647
0.530796
0.514902
0.514708
0.51577
0.675922
0.544258
0.630094
0.515319
0.51402
0.505301
0.520664
0.508936
0.519818
0.517864
0.516537
0.539489
0.527594
0.538382
0.510059
0.502768
0.512081
0.519851
0.521644
0.58269
0.632933
0.518339
0.504113
0.501278
0.526198
0.520341
0.509333
0.525173
0.516581
0.517036
0.507647
0.513666
0.513048
0.541528
0.596388
0.518662
0.551639
0.521813
0.743678
0.514779
0.527499
0.518922
0.518797
0.522004
0.523481
0.52061
0.810224
0.713451
0.50685
0.511498
0.513847
0.52203
0.511993
0.512356
0.524917
0.531587
0.533059
0.535074
0.533487
0.530517
0.694051
0.50918
0.523656
0.53911
0.539826
0.593972
0.552167
0.546644
0.541629
0.499531
0.504471
0.506293
0.49584
0.504853
0.504195
0.505135
0.503593
0.511488
0.50522
0.512979
0.508113
0.50658
0.533604
0.533904
0.511971
0.518467
0.516377
0.509252
0.511778
0.511666
0.50885
0.498554
0.517702
0.503133
0.505342
0.519914
0.501003
0.510793
0.509918
0.511418
0.533054
0.530302
0.513516
0.520387
0.536368
0.51931
0.517249
0.519451
0.519375
0.514499
0.511514
0.511205
0.505195
0.507733
0.50277
0.533082
0.532808
0.52795
0.521439
0.51643
0.550923
0.560759
0.517777
0.533843
0.522468
0.51277
0.522442
0.521963
0.508365
0.512879
0.507648
0.504319
0.504774
0.519769
0.511283
0.512213
0.518976
0.538592
0.535366
0.584457
0.508052
0.503534
0.52853
0.529927
0.513883
0.62591
0.58268
0.520249
0.519778
0.518373
0.526635
0.52386
0.527844
0.514989
0.507094
0.510772
0.51211
0.510794
0.514155
0.500339
0.494888
0.634944
0.504621
0.504044
0.501765
0.518319
0.575488
0.558239
0.506344
0.526157
0.514983
0.548643
0.547288
0.499792
0.504105
0.508662
0.511919
0.511989
0.527079
0.510633
0.569796
0.510341
0.511122
0.510639
0.502704
0.531117
0.510021
0.512216
0.509324
0.507306
0.532486
0.532249
0.529259
0.515325
0.522035
0.51932
0.520187
0.506813
0.500199
0.503941
0.51146
0.515525
0.516909
0.517986
0.505434
0.516663
0.510391
0.511585
0.508096
0.595756
0.511866
0.509972
0.510144
0.509211
0.527231
0.529954
0.540386
0.500953
0.512317
0.510166
0.525074
0.521798
0.510287
0.517071
0.518211
0.51069
0.496397
0.503723
0.518617
0.505032
0.50344
0.516101
0.508379
0.504454
0.521483
0.509632
0.504924
0.500462
0.527351
0.534566
0.524953
0.523705
0.49679
0.497773
0.505766
0.510594
0.50341
0.712771
0.519366
0.519784
0.511789
0.938092
0.50628
0.510706
0.503946
0.522918
0.528452
0.525373
0.51416
0.510818
0.523268
0.520122
0.509853
0.507628
0.507959
0.586366
0.568401
0.53796
0.494453
0.520854
0.518953
0.519828
0.519226
0.503591
0.499366
0.503372
0.52449
0.52576
0.521239
0.505871
0.530743
0.522802
0.513265
0.52089
0.524501
0.527362
0.521179
0.525631
0.506803
0.510339
0.549356
0.562683
0.512945
0.532126
0.509728
0.634423
0.608679
0.609684
0.540622
0.527587
0.503966
0.50336
0.503044
0.512296
0.507377
0.498959
0.500438
0.501045
0.520282
0.508684
0.508684
0.665969
0.664106
0.50502
0.501263
0.504115
0.525764
0.515636
0.527746
0.510836
0.508826
0.505808
0.508642
0.549117
0.511977
0.511905
0.510048
0.513435
0.525293
0.522039
0.526341
0.557027
0.512363
0.51061
0.524873
0.610449
0.495134
0.49616
0.509846
0.508195
0.523861
0.524782
0.527891
0.515142
0.513519
0.520918
0.520933
0.518526
0.522969
0.585821
0.528798
0.541202
0.508736
0.506805
0.50049
0.5021
0.502261
0.529376
0.539981
0.509821
0.506083
0.525633
0.628197
0.540096
0.523957
0.522905
0.564552
0.527124
0.512443
0.50605
0.51201
0.51238
0.515657
0.516351
0.517828
0.51349
0.522127
0.519143
0.525443
0.523973
0.518367
0.510653
0.50576
0.499324
0.530426
0.507301
0.524837
0.519714
0.51565
0.518013
0.521017
0.51367
0.500638
0.721284
0.514022
0.510189
0.514303
0.530264
0.525573
0.506181
0.514851
0.513776
0.523168
0.518151
0.523537
0.530884
0.511053
0.506085
0.508477
0.507376
0.529887
0.531379
0.509256
0.512808
0.502962
0.587054
0.521352
0.51231
0.611018
0.522836
0.526996
0.523894
0.501017
0.529252
0.523374
0.504196
0.4953
0.530029
0.525133
0.660106
0.667772
0.510076
0.508322
0.52778
0.530108
0.518824
0.505969
0.53529
0.508046
0.531095
0.512344
0.507366
0.505528
0.51967
0.518126
0.506819
0.511502
0.514724
0.511349
0.500617
0.509881
0.534659
0.537334
0.525555
0.511676
0.51973
0.526763
0.823882
0.50949
0.510768
0.500854
0.500776
0.492079
0.527264
0.525434
0.506452
0.526468
0.534
0.508752
0.676166
0.505117
0.5098
0.699983
0.51557
0.503029
0.532192
0.54033
0.501479
0.505869
0.511309
0.519826
0.523406
0.496754
0.688585
0.523722
0.504981
0.508133
0.526074
0.522218
0.513509
0.505625
0.501234
0.525563
0.526608
0.50449
0.507197
0.508427
0.522581
0.506021
0.498949
0.499555
0.521199
0.49952
0.507788
0.55737
0.511504
0.523597
0.738911
0.716559
0.563413
0.579353
0.507416
0.531537
0.618689
0.522639
0.523537
0.526716
0.592689
0.507075
0.501742
0.507267
0.516014
0.51511
0.52155
0.513075
0.512872
0.524209
0.498181
0.670643
0.505542
0.531864
0.501518
0.513509
0.509548
0.498004
0.503069
0.5019
0.507858
0.566132
0.578516
0.675843
0.51201
0.497033
0.501576
0.520831
0.506866
0.524616
0.532735
0.512872
0.510917
0.509611
0.502852
0.515417
0.501893
0.512521
0.513265
0.513273
0.515862
0.512053
0.509214
0.508802
0.51044
0.511564
0.505005
0.532263
0.518419
0.516631
0.516938
0.513128
0.522127
0.517898
0.631119
0.506936
0.509629
0.499038
0.508064
0.516043
0.499217
0.517655
0.640936
0.522237
0.520284
0.510283
0.516734
0.523598
0.520278
0.512143
0.520965
0.598785
0.522014
0.50363
0.500051
0.511415
0.506394
0.526097
0.508926
0.72863
0.778589
0.516943
0.511954
0.507494
0.521075
0.512359
0.539987
0.507939
0.51362
0.499001
0.500904
0.502572
0.50372
0.504689
0.516403
0.523122
0.511757
0.516157
0.504012
0.499099
0.505813
0.508999
0.52617
0.553893
0.525701
0.512088
0.508466
0.523727
0.612395
0.515621
0.515809
0.533956
0.541052
0.623403
0.532754
0.530538
0.559229
0.516488
0.504828
0.49923
0.502701
0.51103
0.509687
0.504573
0.689511
0.702105
0.511112
0.50368
0.506712
0.509781
0.511017
0.50419
0.502955
0.515907
0.49399
0.503007
0.50447
0.500654
0.553359
0.504106
0.501782
0.744281
0.831703
0.517259
0.513606
0.511789
0.506214
0.490843
0.500354
0.516933
0.513923
0.508406
0.518983
0.506058
0.536124
0.521236
0.513117
0.498104
0.502748
0.505367
0.507096
0.517312
0.512071
0.665604
0.504937
0.515564
0.512691
0.521675
0.51135
0.504687
0.581166
0.522926
0.504587
0.522022
0.521013
0.676689
0.530683
0.533471
0.511746
0.555052
0.560829
0.569238
0.512019
0.564718
0.521462
0.529194
0.528174
0.510415
0.532042
0.499073
0.513764
0.494006
0.523243
0.536549
0.550052
0.503948
0.499563
0.522845
0.631478
0.509558
0.528573
0.518594
0.694479
0.533629
0.528198
0.528797
0.521626
0.533453
0.504587
0.516648
0.516968
0.521887
0.549732
0.529685
0.538309
0.518172
0.522281
0.522804
0.525673
0.517688
0.507166
0.526404
0.524413
0.500213
0.537007
0.508375
0.5276
0.505379
0.527906
0.494204
0.510231
0.511299
0.497838
0.532868
0.550321
0.517013
0.501724
0.529123
0.525063
0.53685
0.526193
0.540514
0.53152
0.525254
0.520844
0.523822
0.520008
0.517307
0.515577
0.537461
0.539071
0.50331
0.499892
0.549264
0.499428
0.500558
0.496171
0.504755
0.508911
0.526655
0.507646
0.527546
0.555606
0.565512
0.525491
0.502572
0.522345
0.535303
0.521116
0.510666
0.520736
0.521159
0.546667
0.681755
0.504154
0.512742
0.508563
0.530933
0.506682
0.509208
0.503607
0.500494
0.553858
0.523325
0.509519
0.515444
0.521271
0.524045
0.499201
0.517378
0.708123
0.532321
0.505317
0.517084
0.509291
0.534049
0.511448
0.515325
0.513158
0.511018
0.506605
0.509227
0.513012
0.573749
0.507864
0.506
0.520528
0.521073
0.516853
0.518511
0.506488
0.501211
0.502972
0.504372
0.502484
0.50421
0.679826
0.531214
0.508076
0.517404
0.518395
0.505861
0.520548
0.526803
0.500758
0.511641
0.510348
0.508147
0.510001
0.526205
0.518484
0.513315
0.519412
0.678587
0.50541
0.545755
0.522694
0.574753
0.531084
0.530128
0.52724
0.502477
0.522739
0.52662
0.500272
0.524595
0.512175
0.512889
0.519324
0.530998
0.499142
0.493378
0.503299
0.501466
0.507569
0.510972
0.503905
0.51392
0.518788
0.531306
0.519889
0.525857
0.526955
0.524471
0.530943
0.499659
0.510949
0.525208
0.525065
0.502172
0.518298
0.50449
0.505464
0.510145
0.530373
0.521923
0.528756
0.516039
0.512418
0.499976
0.504811
0.508625
0.513095
0.506491
0.597299
0.518007
0.513026
0.626769
0.589302
0.628846
0.509998
0.510364
0.51579
0.557111
0.516884
0.539963
0.542095
0.515842
0.504564
0.506343
0.507965
0.51692
0.518224
0.51892
0.527306
0.508609
0.509172
0.529343
0.507395
0.513305
0.515828
0.50705
0.502535
0.53591
0.509994
0.508583
0.512207
0.498655
0.504825
0.508856
0.506575
0.593205
0.502467
0.737628
0.500373
0.512617
0.51444
0.533236
0.610272
0.512288
0.528061
0.51827
0.508102
0.525311
0.499677
0.556084
0.549196
0.501296
0.51055
0.514752
0.503382
0.5053
0.503982
0.508396
0.505917
0.529134
0.527647
0.521603
0.531868
0.515827
0.531469
0.534442
0.527404
0.5402
0.591939
0.503092
0.503722
0.504859
0.512286
0.540754
0.525429
0.503584
0.506138
0.510725
0.534402
0.518216
0.533161
0.493866
0.543756
0.51234
0.529308
0.495341
0.499164
0.500404
0.502331
0.519838
0.529322
0.504297
0.514609
0.52682
0.508596
0.523282
0.498771
0.513595
0.711579
0.513771
0.533108
0.538734
0.523043
0.504652
0.517218
0.499384
0.521095
0.513204
0.518651
0.502524
0.512908
0.521887
0.512599
0.523571
0.500946
0.544423
0.511395
0.514292
0.537564
0.50962
0.529915
0.563955
0.515471
0.515749
0.66981
0.524154
0.504164
0.540487
0.500309
0.510876
0.543989
0.637877
0.515177
0.510318
0.52163
0.542341
0.524481
0.509763
0.530416
0.510603
0.526565
0.556425
0.591452
0.513045
0.517706
0.529009
0.513058
0.532739
0.531907
0.512259
0.524853
0.493475
0.502004
0.498353
0.497151
0.526354
0.509647
0.516541
0.513121
0.549199
0.491856
0.49228
0.501477
0.501463
0.500259
0.526688
0.495897
0.507154
0.504765
0.552679
0.509421
0.518487
0.51616
0.513301
0.525642
0.526164
0.509357
0.511582
0.505735
0.508368
0.526081
0.505913
0.510783
0.513701
0.514199
0.526583
0.528298
0.504574
0.544744
0.545598
0.534404
0.50094
0.499906
0.501513
0.565001
0.503136
0.522275
0.500988
0.501389
0.545806
0.509338
0.507366
0.506709
0.510786
0.517771
0.51503
0.522371
0.508205
0.513125
0.517797
0.51459
0.520048
0.520239
0.585744
0.499069
0.522098
0.510542
0.51601
0.517366
0.514305
0.501849
0.526391
0.52459
0.513157
0.512264
0.541071
0.526498
0.51807
0.509143
0.506562
0.520184
0.521487
0.654592
0.517083
0.525048
0.521325
0.528936
0.509634
0.538401
0.604169
0.516912
0.520032
0.510157
0.51154
0.510456
0.527397
0.528616
0.514806
0.513896
0.508129
0.508436
0.512208
0.520639
0.512155
0.505751
0.508571
0.532482
0.535388
0.534746
0.529807
0.534629
0.519573
0.512987
0.51715
0.512909
0.535697
0.519749
0.567967
0.529212
0.527085
0.528968
0.51844
0.518374
0.527266
0.54379
0.505463
0.511238
0.525791
0.524815
0.510144
0.505793
0.643844
0.520401
0.513614
0.504378
0.520398
0.520972
0.645844
0.501284
0.512317
0.519381
0.518259
0.515802
0.515789
0.527839
0.53786
0.542145
0.536545
0.515456
0.517121
0.510397
0.536675
0.600599
0.509783
0.517911
0.513124
0.537955
0.534582
0.532142
0.527672
0.551449
0.515839
0.521225
0.50687
0.517816
0.52644
0.517843
0.507432
0.512489
0.504787
0.52643
0.525631
0.52217
0.524739
0.502956
0.511605
0.513677
0.510169
0.516461
0.515788
0.511236
0.505946
0.501756
0.52443
0.519692
0.517183
0.523179
0.50686
0.517903
0.514856
0.520947
0.530888
0.520642
0.509603
0.509034
0.501364
0.504991
0.52101
0.522102
0.513809
0.531112
0.515066
0.513759
0.516566
0.504622
0.506398
0.512625
0.516955
0.509969
0.512437
0.520016
0.508301
0.546504
0.513323
0.501066
0.519817
0.517531
0.513783
0.509059
0.512526
0.541889
0.548422
0.540442
0.529224
0.52346
0.521323
0.508219
0.515149
0.513732
0.519275
0.515045
0.504985
0.509999
0.719141
0.512343
0.516822
0.517046
0.528241
0.535127
0.528289
0.55583
0.519516
0.537786
0.524992
0.527636
0.511363
0.527801
0.511145
0.510365
0.52095
0.505572
0.524269
0.520003
0.519139
0.499953
0.509528
0.511067
0.737533
0.520311
0.511364
0.507241
0.504213
0.524055
0.521978
0.513386
0.509882
0.506395
0.549596
0.51081
0.520471
0.516645
0.504682
0.511944
0.502453
0.508653
0.502521
0.510796
0.522711
0.653677
0.557878
0.514622
0.521246
0.501408
0.520462
0.508445
0.529464
0.51435
0.518417
0.529848
0.520895
0.519961
0.509422
0.508707
0.542591
0.522717
0.538563
0.509302
0.518851
0.50888
0.526079
0.518869
0.520383
0.521107
0.520233
0.503587
0.519954
0.530511
0.510924
0.511747
0.517592
0.519345
0.535576
0.519723
0.52268
0.516014
0.521008
0.529317
0.512897
0.544656
0.519975
0.517179
0.508955
0.515029
0.511061
0.506432
0.506484
0.50541
0.578043
0.521116
0.585238
0.522955
0.504337
0.516457
0.538176
0.507198
0.537968
0.532918
0.532116
0.539802
0.509844
0.508432
0.509036
0.542343
0.545263
0.505887
0.521315
0.51024
0.806151
0.514779
0.512511
0.51541
0.516507
0.524756
0.510536
0.512216
0.514046
0.51475
0.524348
0.500802
0.590031
0.542348
0.540172
0.524648
0.505249
0.555444
0.593099
0.502808
0.520419
0.52021
0.521866
0.689383
0.730103
0.514645
0.506363
0.513094
0.514435
0.507943
0.524319
0.506313
0.501892
0.500429
0.511055
0.508804
0.516727
0.516205
0.513217
0.695992
0.524839
0.526943
0.524254
0.514407
0.511789
0.525989
0.504286
0.555713
0.506886
0.510912
0.513451
0.498229
0.554371
0.499065
0.632943
0.515106
0.519509
0.512359
0.517929
0.508627
0.522408
0.513591
0.524981
0.499292
0.509085
0.515037
0.527524
0.519864
0.504493
0.545913
0.52011
0.498421
0.506805
0.529072
0.515042
0.513265
0.515433
0.500543
0.522816
0.513248
0.510464
0.497461
0.506919
0.891331
0.513304
0.526641
0.513799
0.51718
0.509611
0.522196
0.493409
0.510236
0.489364
0.563515
0.523496
0.500909
0.513824
0.518961
0.829694
0.506004
0.508593
0.512737
0.507423
0.524225
0.508104
0.514949
0.501224
0.548083
0.508298
0.511537
0.524672
0.783857
0.522496
0.52139
0.511856
0.514198
0.502511
0.507884
0.518596
0.522006
0.51972
0.507525
0.516554
0.507901
0.51607
0.51925
0.505964
0.524231
0.529659
0.52415
0.5063
0.508636
0.515084
0.529892
0.525314
0.528097
0.510638
0.529618
0.501607
0.51074
0.50709
0.507686
0.530409
0.508896
0.537248
0.506926
0.535754
0.501953
0.517439
0.530261
0.520187
0.524256
0.518817
0.512805
0.526857
0.599112
0.517048
0.511772
0.507578
0.646032
0.512272
0.537447
0.529845
0.512918
0.516607
0.519837
0.533542
0.613023
0.503952
0.520021
0.509109
0.890615
0.590953
0.499946
0.521572
0.519012
0.559341
0.547477
0.521948
0.512812
0.519993
0.533048
0.522937
0.535311
0.514832
0.519244
0.522553
0.508983
0.635708
0.581994
0.52664
0.545426
0.535636
0.517928
0.521203
0.521063
0.508404
0.502139
0.508734
0.510547
0.512827
0.507809
0.514141
0.509027
0.515251
0.509312
0.513888
0.587472
0.51724
0.514784
0.51622
0.504904
0.511751
0.524114
0.514314
0.510073
0.509173
0.523703
0.514937
0.499135
0.518263
0.503761
0.518632
0.518017
0.515338
0.517986
0.529352
0.503286
0.506274
0.504352
0.510374
0.501334
0.537504
0.511149
0.494914
0.533359
0.611381
0.510032
0.563416
0.525354
0.523809
0.503765
0.52434
0.518253
0.509322
0.516602
0.510552
0.517391
0.517031
0.501432
0.782207
0.519423
0.515054
0.684506
0.547718
0.522292
0.505026
0.513455
0.521222
0.572131
0.5234
0.514329
0.510275
0.517341
0.515377
0.51018
0.513673
0.503774
0.51754
0.510894
0.500664
0.508807
0.525377
0.529003
0.640157
0.512997
0.508448
0.51647
0.504423
0.513316
0.513242
0.506046
0.608344
0.528425
0.521937
0.510909
0.521234
0.52179
0.515118
0.520326
0.522235
0.50991
0.514754
0.502166
0.715964
0.533291
0.50952
0.510074
0.50625
0.504719
0.515872
0.530391
0.80479
0.512791
0.512991
0.530433
0.524925
0.513794
0.539421
0.509312
0.528156
0.504843
0.531783
0.556444
0.532034
0.50525
0.508508
0.532116
0.504935
0.859099
0.529083
0.518538
0.509546
0.805206
0.504822
0.796649
0.514049
0.518463
