0.522298
0.527651
0.521767
0.509269
0.50727
0.525811
0.534275
0.531926
0.533878
0.519552
0.51993
0.531621
0.525376
0.527791
0.522886
0.524999
0.51994
0.5303
0.517682
0.514671
0.5185
0.526563
0.537498
0.534423
0.535366
0.540671
0.514801
0.507864
0.521637
0.53398
0.531051
0.530177
0.524066
0.521649
0.524712
0.540155
0.515221
0.525573
0.516151
0.53005
0.531994
0.521054
0.521975
0.519997
0.521125
0.520566
0.52103
0.520117
0.550207
0.537817
0.524924
0.52815
0.518231
0.518537
0.52816
0.517766
0.506866
0.510925
0.533432
0.541691
0.541106
0.522764
0.522801
0.525399
0.524066
0.520743
0.521015
0.520929
0.521664
0.521553
0.518296
0.517705
0.537689
0.526017
0.539006
0.523866
0.523823
0.523889
0.525699
0.518608
0.513062
0.509842
0.530368
0.534678
0.523169
0.545927
0.549966
0.549426
0.542353
0.538198
0.554619
0.530603
0.535795
0.52191
0.544041
0.549959
0.534272
0.524826
0.523213
0.511677
0.523251
0.531457
0.523956
0.520248
0.516801
0.519912
0.548432
0.519867
0.530746
0.54499
0.530149
0.512642
0.548581
0.538014
0.537059
0.531498
0.531063
0.555225
0.531205
0.540291
0.535544
0.530286
0.520937
0.518066
0.519695
0.522019
0.522173
0.526462
0.523762
0.523885
0.52465
0.535201
0.53599
0.50966
0.504995
0.533489
0.530481
0.53092
0.521943
0.525676
0.525947
0.526291
0.523548
0.518633
0.526298
0.52148
0.537287
0.534904
0.540454
0.524964
0.516958
0.532345
0.52047
0.531985
0.530982
0.526715
0.528595
0.52849
0.523152
0.525161
0.523258
0.521686
0.514668
0.526175
0.529114
0.52901
0.525361
0.530372
0.535102
0.525668
0.515357
0.530128
0.528232
0.527294
0.521847
0.518521
0.519132
0.522912
0.522242
0.528132
0.52222
0.521593
0.522617
0.524546
0.523361
0.521923
0.521185
0.509689
0.509556
0.524269
0.524565
0.52015
0.535504
0.533165
0.534608
0.538955
0.528831
0.541309
0.521299
0.521695
0.533403
0.524657
0.529269
0.521689
0.543335
0.544666
0.534911
0.532515
0.522574
0.526066
0.528913
0.53581
0.535191
0.531662
0.544435
0.516206
0.522039
0.540326
0.545381
0.521829
0.51989
0.520254
0.516535
0.531989
0.526518
0.522359
0.511664
0.507229
0.521636
0.520865
0.542817
0.539041
0.531232
0.524709
0.529439
0.544179
0.52262
0.534769
0.514239
0.532592
0.522299
0.528137
0.526937
0.527806
0.522189
0.528398
0.527492
0.525982
0.522787
0.538168
0.538166
0.524003
0.537843
0.53668
0.523322
0.521021
0.521011
0.531904
0.529929
0.527541
0.527739
0.540811
0.53302
0.538149
0.520815
0.520803
0.519464
0.520017
0.528471
0.533093
0.525819
0.528958
0.525314
0.517298
0.509668
0.523755
0.530176
0.520408
0.522661
0.513338
0.529065
0.51253
0.540195
0.537779
0.520754
0.530516
0.531859
0.513834
0.511459
0.518706
0.529209
0.535297
0.532779
0.523893
0.522483
0.533768
0.531197
0.520758
0.528857
0.520966
0.513177
0.522994
0.523997
0.555741
0.526516
0.522859
0.523995
0.52839
0.52668
0.533366
0.510007
0.519252
0.509028
0.516306
0.513434
0.519492
0.532831
0.530345
0.51651
0.521748
0.524655
0.529847
0.530346
0.534692
0.502928
0.534382
0.520693
0.520784
0.524117
0.52221
0.514572
0.51297
0.509515
0.508395
0.542229
0.533727
0.522902
0.535667
0.539148
0.51332
0.526683
0.521157
0.521253
0.535586
0.524509
0.529288
0.521772
0.522539
0.522908
0.535194
0.51804
0.520322
0.523261
0.524134
0.524232
0.530595
0.527604
0.553883
0.528702
0.509201
0.523807
0.538921
0.538544
0.522726
0.523805
0.522593
0.537532
0.519369
0.52403
0.532251
0.539439
0.518229
0.512071
0.525598
0.524964
0.529068
0.523617
0.526182
0.523311
0.527514
0.521751
0.520927
0.519685
0.531343
0.523966
0.524122
0.535873
0.521185
0.51284
0.51584
0.513873
0.531512
0.508685
0.508545
0.511698
0.523784
0.521658
0.521863
0.544376
0.517893
0.534413
0.52413
0.523977
0.528064
0.520986
0.52083
0.55347
0.545556
0.52126
0.520671
0.522421
0.511721
0.516401
0.521552
0.525733
0.527025
0.528303
0.533029
0.520577
0.541897
0.522166
0.525836
0.521537
0.534543
0.515668
0.519845
0.523582
0.528327
0.534059
0.528199
0.527993
0.505142
0.52508
0.530329
0.538319
0.521128
0.52596
0.525881
0.514501
0.505044
0.508591
0.52935
0.531238
0.527735
0.522522
0.54474
0.523928
0.520415
0.505374
0.524008
0.526577
0.528865
0.521526
0.528321
0.530893
0.535055
0.538597
0.54066
0.538517
0.537279
0.549665
0.533951
0.524958
0.52186
0.522016
0.527455
0.524986
0.527505
0.53218
0.530847
0.521906
0.522702
0.527945
0.52156
0.504543
0.527887
0.507423
0.515424
0.525036
0.52011
0.520567
0.530105
0.530599
0.533324
0.522391
0.522797
0.508107
0.560814
0.546856
0.536625
0.527634
0.525272
0.527934
0.537122
0.52432
0.530466
0.533984
0.535869
0.547919
0.538523
0.524439
0.524853
0.517741
0.526649
0.531961
0.519589
0.520943
0.521594
0.518805
0.527011
0.524303
0.527205
0.521207
0.534508
0.530393
0.52062
0.521071
0.526415
0.524662
0.506584
0.513614
0.532192
0.526924
0.520536
0.503304
0.529408
0.532237
0.532236
0.524359
0.524388
0.522241
0.527311
0.547621
0.520373
0.522878
0.52343
0.534667
0.527699
0.534963
0.531127
0.526574
0.540896
0.553933
0.531851
0.507463
0.522103
0.541283
0.522633
0.522621
0.537621
0.522745
0.522278
0.52022
0.52051
0.522249
0.521692
0.524514
0.543365
0.525194
0.539122
0.540164
0.526508
0.529586
0.521937
0.530412
0.5367
0.530626
0.52932
0.531752
0.531254
0.530459
0.522104
0.521679
0.530002
0.524184
0.533197
0.521147
0.527263
0.521281
0.522549
0.523551
0.519098
0.520094
0.520653
0.5128
0.522857
0.522597
0.517858
0.528501
0.527361
0.5048
0.515237
0.522725
0.532792
0.53463
0.52432
0.522797
0.52241
0.529735
0.528776
0.528503
0.519805
0.525779
0.536722
0.536463
0.520227
0.521619
0.522985
0.526144
0.527301
0.533581
0.527717
0.519053
0.521197
0.545615
0.52135
0.520981
0.521416
0.532474
0.53091
0.530121
0.526289
0.531089
0.529037
0.520741
0.5217
0.522385
0.522824
0.515817
0.518249
0.53063
0.543733
0.521664
0.526255
0.52931
0.522645
0.539645
0.523198
0.516796
0.525312
0.522071
0.521183
0.522616
0.520599
0.529849
0.51663
0.52914
0.52038
0.521315
0.533938
0.531438
0.526346
0.523959
0.524694
0.524028
0.530195
0.528854
0.526046
0.528694
0.527299
0.535936
0.538909
0.520824
0.523861
0.535282
0.529447
0.527377
0.528908
0.507854
0.521274
0.520919
0.523253
0.518136
0.520906
0.520514
0.541434
0.521094
0.550514
0.518997
0.517641
0.530897
0.530068
0.52168
0.527253
0.533271
0.525138
0.530146
0.550554
0.520574
0.509286
0.523103
0.529062
0.519396
0.52877
0.523922
0.537693
0.523041
0.523589
0.531114
0.544914
0.538575
0.533254
0.52158
0.518907
0.521096
0.520709
0.515627
0.522631
0.522085
0.525608
0.521177
0.521652
0.528125
0.52352
0.529105
0.530358
0.516282
0.513842
0.506206
0.523734
0.542259
0.552118
0.51095
0.521181
0.523939
0.546874
0.52371
0.531284
0.533457
0.523732
0.521974
0.521551
0.521196
0.521322
0.522204
0.531109
0.522069
0.5236
0.543077
0.533362
0.518608
0.535591
0.508509
0.531501
0.512752
0.52472
0.515751
0.535055
0.523889
0.521213
0.511241
0.517723
0.519451
0.519623
0.534095
0.526177
0.524153
0.526528
0.530796
0.521285
0.521472
0.531434
0.530529
0.520197
0.521324
0.518881
0.526742
0.536756
0.522828
0.515336
0.522945
0.514052
0.515182
0.521881
0.509947
0.520901
0.516321
0.510438
0.536806
0.538623
0.523654
0.550906
0.507415
0.519916
0.527122
0.531095
0.523596
0.522719
0.526172
0.50828
0.520917
0.517302
0.518155
0.517668
0.521542
0.50456
0.526343
0.531333
0.521593
0.515211
0.518169
0.52273
0.521333
0.518687
0.523759
0.521842
0.526389
0.533402
0.538856
0.5165
0.529616
0.521124
0.529287
0.530413
0.521676
0.532473
0.522299
0.512698
0.532446
0.524601
0.533525
0.544398
0.519759
0.509033
0.529955
0.522641
0.521891
0.508266
0.522315
0.529564
0.526326
0.526514
0.533594
0.522298
0.528442
0.5302
0.525036
0.528495
0.524705
0.526075
0.528958
0.529562
0.52791
0.520378
0.519939
0.521945
0.522199
0.537772
0.52751
0.520208
0.519865
0.520492
0.526741
0.534325
0.52271
0.53165
0.535777
0.518315
0.51999
0.521396
0.529099
0.525635
0.517213
0.536651
0.527329
0.526757
0.530938
0.529932
0.533329
0.530421
0.530286
0.514822
0.53158
0.542902
0.535799
0.530238
0.530145
0.531359
0.539932
0.528129
0.508697
0.531756
0.532083
0.520187
0.520887
0.521026
0.527446
0.532547
0.531907
0.523403
0.521223
0.549001
0.541049
0.521753
0.536331
0.530302
0.528967
0.522009
0.524243
0.531513
0.52765
0.531917
0.543487
0.557197
0.525867
0.526498
0.537346
0.518291
0.548605
0.529136
0.546994
0.523432
0.535032
0.521103
0.528094
0.522406
0.523798
0.529296
0.523868
0.524617
0.53131
0.52039
0.523043
0.526871
0.525037
0.521569
0.521785
0.532631
0.522745
0.526505
0.521974
0.538029
0.52953
0.533425
0.534065
0.524328
0.501975
0.522801
0.520327
0.531924
0.541162
0.51564
0.536562
0.52068
0.530926
0.525193
0.509449
0.532622
0.521327
0.53854
0.508699
0.531878
0.52148
0.523713
0.518419
0.509674
0.514164
0.523726
0.525271
0.523794
0.50731
0.523463
0.52597
0.530582
0.533245
0.526638
0.536309
0.524872
0.519263
0.532402
0.530172
0.535361
0.53583
0.526538
0.510422
0.516092
0.534369
0.535357
0.52612
0.534107
0.516638
0.523423
0.508196
0.520061
0.528275
0.533027
0.530261
0.534808
0.529812
0.52988
0.539369
0.540288
0.520676
0.526396
0.521616
0.521759
0.511049
0.52538
0.520968
0.523993
0.524402
0.528521
0.530924
0.530577
0.506161
0.534369
0.521218
0.507618
0.522576
0.512496
0.518679
0.546642
0.534737
0.535135
0.529298
0.521584
0.534962
0.518846
0.523715
0.522465
0.50731
0.506737
0.504066
0.529691
0.532098
0.5317
0.52806
0.521056
0.523574
0.518429
0.522686
0.53574
0.539357
0.516612
0.530687
0.529803
0.531694
0.521557
0.508713
0.534607
0.530864
0.525535
0.534048
0.536241
0.50376
0.519715
0.521622
0.522141
0.544736
0.531407
0.522158
0.534199
0.537606
0.532303
0.52701
0.542033
0.514585
0.522639
0.540434
0.540987
0.520609
0.520417
0.528122
0.520476
0.529494
0.522937
0.522315
0.524207
0.539924
0.539098
0.51067
0.514169
0.50287
0.523438
0.514314
0.533962
0.535822
0.508621
0.524197
0.537158
0.526008
0.533883
0.500428
0.530836
0.521926
0.52236
0.504192
0.518936
0.534862
0.523267
0.522151
0.528243
0.533059
0.524961
0.531537
0.522734
0.518931
0.526407
0.535676
0.54069
0.51815
0.516368
0.524243
0.530641
0.521029
0.526133
0.533733
0.527665
0.513276
0.512476
0.5463
0.512284
0.549556
0.530521
0.516431
0.5242
0.522118
0.536445
0.510879
0.519002
0.520621
0.531747
0.53332
0.524396
0.544145
0.54231
0.523166
0.520586
0.528051
0.542713
0.521164
0.514305
0.523004
0.504206
0.505921
0.519036
0.518537
0.534085
0.514045
0.532905
0.514433
0.524081
0.527476
0.521737
0.54036
0.524525
0.521758
0.536287
0.526298
0.530082
0.518387
0.519847
0.525843
0.512273
0.53279
0.525488
0.530805
0.515558
0.522608
0.526112
0.518292
0.541446
0.523528
0.538687
0.519612
0.506752
0.533824
0.530108
0.532936
0.520202
0.510184
0.504935
0.535198
0.517009
0.531675
0.514109
0.540899
0.522273
0.520669
0.520503
0.533923
0.522799
0.527669
0.521243
0.506046
0.528368
0.530133
0.532221
0.534112
0.528547
0.517996
0.521116
0.528094
0.521935
0.50464
0.531743
0.506286
0.524598
0.522552
0.528846
0.541894
0.525692
0.519919
0.515134
0.526513
0.532263
0.510545
0.52037
0.515524
0.501384
0.503209
0.520982
0.523765
0.540167
0.540018
0.520678
0.521601
0.536552
0.521586
0.530296
0.528989
0.539397
0.563898
0.524731
0.539344
0.527812
0.528549
0.520465
0.519593
0.522368
0.525015
0.514416
0.525004
0.53706
0.522944
0.514422
0.532626
0.505119
0.520349
0.521257
0.539083
0.535103
0.520053
0.531375
0.528848
0.52062
0.521604
0.530849
0.522939
0.524324
0.508112
0.532847
0.508445
0.520903
0.525641
0.524218
0.539681
0.510193
0.520148
0.536213
0.528114
0.504943
0.525267
0.522059
0.530037
0.522714
0.532238
0.523014
0.521412
0.523538
0.5311
0.513094
0.535766
0.525655
0.508977
0.529529
0.533864
0.531194
0.514581
0.523028
0.520933
0.534856
0.511237
0.527741
0.528774
0.530817
0.519733
0.523942
0.542518
0.523318
0.522534
0.516766
0.521546
0.52411
0.520705
0.522515
0.521696
0.530038
0.52074
0.534914
0.532181
0.518919
0.522859
0.520974
0.523453
0.523658
0.521914
0.522004
0.532799
0.535275
0.534878
0.534609
0.540534
0.528706
0.53844
0.530971
0.521788
0.52555
0.529882
0.529904
0.529983
0.523925
0.544426
0.544798
0.52304
0.514706
0.533349
0.522273
0.518646
0.521852
0.511772
0.522681
0.53432
0.50825
0.525971
0.533618
0.52222
0.522688
0.517646
0.512094
0.528551
0.520141
0.536837
0.533452
0.522784
0.522611
0.52667
0.510197
0.520028
0.540626
0.524388
0.524146
0.523221
0.525592
0.521369
0.524439
0.527668
0.525626
0.525877
0.522927
0.530912
0.520367
0.521095
0.524543
0.521288
0.514393
0.516257
0.533457
0.525618
0.521341
0.523912
0.52608
0.508753
0.523036
0.518644
0.521984
0.529448
0.541943
0.52284
0.540887
0.517864
0.53577
0.520356
0.525004
0.522593
0.54293
0.510865
0.535058
0.510445
0.534146
0.521841
0.559895
0.522609
0.525341
0.527556
0.52533
0.519141
0.558584
0.527805
0.53787
0.529023
0.521849
0.521697
0.51024
0.52344
0.528736
0.527164
0.522666
0.555532
0.521849
0.531794
0.522607
0.522642
0.526914
0.515734
0.528926
0.522003
0.521908
0.526921
0.528233
0.521035
0.528153
0.523459
0.525702
0.527624
0.522247
0.529727
0.522305
0.522267
0.550687
0.525872
0.5242
0.508659
0.527788
0.525262
0.526568
0.530332
0.529618
0.529931
0.530866
0.531474
0.511921
0.520578
0.521306
0.525803
0.520213
0.526128
0.519634
0.522453
0.520349
0.527159
0.523813
0.526055
0.538597
0.526974
0.536163
