0.501982
0.503368
0.505517
0.544767
0.507891
0.525633
0.521303
0.500778
0.503125
0.504394
0.507424
0.500048
0.600888
0.575681
0.611808
0.598918
0.515685
0.507532
0.508321
0.502017
0.52408
0.532149
0.520957
0.515717
0.507159
0.51056
0.508637
0.509651
0.800954
0.715428
0.510231
0.514086
0.651875
0.609607
0.515291
0.516728
0.522937
0.632076
0.607462
0.506749
0.520417
0.521139
0.517134
0.520027
0.516101
0.520797
0.529211
0.528516
0.510674
0.515275
0.519841
0.517498
0.516576
0.512133
0.513603
0.605022
0.586871
0.523257
0.517692
0.524344
0.508275
0.538496
0.52891
0.532701
0.512756
0.497094
0.526749
0.52761
0.504046
0.495346
0.509019
0.536917
0.508374
0.505893
0.502801
0.507237
0.509139
0.530152
0.534162
0.530748
0.555403
0.57811
0.549476
0.562336
0.496412
0.525618
0.528561
0.510414
0.516665
0.519275
0.531757
0.532555
0.542785
0.543506
0.490593
0.491194
0.49963
0.509553
0.516754
0.629239
0.500889
0.518133
0.525446
0.515134
0.511273
0.511943
0.529782
0.524827
0.524745
0.508331
0.521837
0.51711
0.517407
0.521527
0.520694
0.524621
0.513249
0.5138
0.509566
0.504836
0.509456
0.504798
0.53385
0.521142
0.528144
0.525894
0.513797
0.519057
0.513361
0.510475
0.507272
0.509454
0.507981
0.510193
0.572231
0.568562
0.556255
0.522194
0.52157
0.508513
0.502945
0.50522
0.541313
0.538814
0.527758
0.5093
0.508801
0.504391
0.520975
0.518549
0.501968
0.506034
0.515541
0.515125
0.519863
0.520646
0.498449
0.499992
0.502313
0.512503
0.511166
0.522968
0.506623
0.51837
0.514852
0.514051
0.521019
0.515619
0.521999
0.502642
0.516127
0.503188
0.518078
0.522906
0.517323
0.500129
0.501447
0.500552
0.504624
0.524407
0.525269
0.522753
0.509888
0.50856
0.510169
0.515141
0.515132
0.520655
0.505411
0.507664
0.508177
0.501463
0.528974
0.516838
0.519737
0.517693
0.516826
0.511596
0.568855
0.50452
0.530744
0.51928
0.530927
0.518646
0.514416
0.5368
0.536271
0.538323
0.523766
0.665538
0.723712
0.599059
0.550474
0.541104
0.523504
0.513501
0.536009
0.531709
0.579005
0.622054
0.512696
0.523551
0.504623
0.50606
0.514656
0.511079
0.505714
0.501167
0.513609
0.529647
0.530837
0.529467
0.518818
0.518957
0.517045
0.512952
0.512855
0.506564
0.510077
0.52445
0.523319
0.504723
0.515076
0.501454
0.503091
0.516104
0.512877
0.507949
0.522132
0.565116
0.587849
0.506747
0.518292
0.57249
0.588803
0.599836
0.515195
0.518132
0.512216
0.528425
0.531815
0.5367
0.528259
0.51933
0.533351
0.530631
0.532545
0.53081
0.530495
0.52906
0.53105
0.526768
0.514875
0.511323
0.51162
0.510965
0.510975
0.52118
0.50761
0.508237
0.541158
0.539517
0.503291
0.575916
0.528139
0.529974
0.505892
0.528507
0.531769
0.505837
0.515815
0.517909
0.513152
0.514854
0.515531
0.514785
0.519165
0.518982
0.519813
0.543629
0.590788
0.510702
0.527389
0.532542
0.522708
0.651752
0.501761
0.502287
0.529814
0.544462
0.532123
0.539554
0.536058
0.509878
0.500702
0.503507
0.52405
0.520606
0.517542
0.52152
0.525235
0.503389
0.528684
0.533565
0.496658
0.496375
0.565673
0.531262
0.528029
0.518377
0.526869
0.532785
0.52005
0.501683
0.507071
0.526211
0.526162
0.515105
0.521145
0.505371
0.499249
0.505806
0.507196
0.498147
0.508306
0.528909
0.535594
0.522697
0.56285
0.53158
0.696909
0.632857
0.515127
0.516837
0.665944
0.671917
0.660942
0.507567
0.517664
0.508634
0.521048
0.526154
0.518755
0.518397
0.519153
0.517031
0.5548
0.513998
0.509842
0.503444
0.642078
0.64341
0.594858
0.506786
0.497343
0.530125
0.501037
0.513939
0.522073
0.512237
0.508545
0.518457
0.520655
0.518038
0.513172
0.516171
0.508216
0.511626
0.737566
0.688991
0.52094
0.523234
0.514593
0.508919
0.509509
0.51729
0.525428
0.522014
0.525309
0.52147
0.528625
0.527308
0.514864
0.5002
0.505706
0.50857
0.508735
0.551301
0.507505
0.696796
0.529174
0.521852
0.501146
0.55308
0.552925
0.523898
0.524837
0.515378
0.502458
0.507467
0.51251
0.759247
0.70887
0.509234
0.508016
0.509132
0.535883
0.523574
0.521973
0.527184
0.515805
0.513241
0.519586
0.520764
0.49739
0.502436
0.631822
0.64785
0.510327
0.522348
0.522421
0.641605
0.570485
0.528901
0.525572
0.520304
0.518036
0.518691
0.536741
0.512946
0.513278
0.565302
0.537166
0.500378
0.499467
0.499327
0.537268
0.528813
0.509664
0.506626
0.516554
0.511488
0.523063
0.509409
0.69791
0.750578
0.513352
0.511085
0.530554
0.566698
0.518262
0.508598
0.518288
0.633072
0.542627
0.548561
0.510988
0.508209
0.511827
0.525841
0.530686
0.507382
0.508849
0.511855
0.514168
0.501677
0.5081
0.764262
0.766208
0.533173
0.531633
0.515128
0.516988
0.519743
0.540052
0.537644
0.544201
0.49595
0.526935
0.517091
0.520071
0.518621
0.523501
0.513953
0.515225
0.510406
0.506049
0.503466
0.526891
0.528204
0.515427
0.501184
0.519737
0.513113
0.505609
0.516354
0.524398
0.50648
0.516712
0.510916
0.512113
0.50965
0.511101
0.503848
0.514951
0.514361
0.610808
0.503916
0.505449
0.528713
0.5285
0.625775
0.511238
0.510955
0.509495
0.507794
0.692566
0.498139
0.52498
0.520753
0.518621
0.533787
0.506752
0.520719
0.520698
0.521966
0.519801
0.505984
0.519913
0.53433
0.533189
0.637783
0.511268
0.522466
0.515158
0.511672
0.629157
0.522419
0.503768
0.51427
0.517119
0.51563
0.49742
0.509413
0.511728
0.512843
0.544677
0.521034
0.514679
0.519075
0.517665
0.511715
0.514283
0.508375
0.522328
0.74834
0.700339
0.507595
0.529833
0.517648
0.516686
0.51923
0.511708
0.520116
0.522543
0.521184
0.534469
0.515952
0.512027
0.522571
0.516077
0.519182
0.501558
0.535413
0.532186
0.529644
0.531211
0.532807
0.548382
0.522189
0.524141
0.523191
0.535555
0.540621
0.62307
0.589541
0.5052
0.516743
0.499691
0.5046
0.549065
0.541765
0.536188
0.56001
0.545442
0.504005
0.505484
0.506123
0.49212
0.493907
0.516806
0.530456
0.533119
0.529847
0.504652
0.502118
0.529117
0.510533
0.517309
0.517142
0.514418
0.504963
0.519244
0.501598
0.502612
0.51946
0.516427
0.535673
0.519859
0.52038
0.521097
0.528364
0.509717
0.511903
0.512029
0.53078
0.52723
0.518327
0.562023
0.551145
0.58866
0.564103
0.78357
0.724968
0.518081
0.510569
0.522158
0.522656
0.507277
0.50704
0.511512
0.511678
0.545628
0.511312
0.532976
0.510405
0.511464
0.517322
0.537407
0.53215
0.517179
0.606429
0.562628
0.585573
0.510355
0.539186
0.51499
0.512693
0.504624
0.523754
0.526979
0.53235
0.516465
0.512179
0.51603
0.726354
0.735859
0.520803
0.514206
0.521599
0.50889
0.508228
0.506883
0.509548
0.509152
0.501248
0.503069
0.501345
0.514681
0.608799
0.526293
0.528049
0.527821
0.509707
0.499526
0.505283
0.497667
0.576607
0.559125
0.504854
0.522615
0.518167
0.549604
0.512734
0.506
0.509153
0.507971
0.504781
0.525412
0.5284
0.513945
0.506562
0.505431
0.528327
0.531263
0.529369
0.522779
0.520135
0.520046
0.519569
0.519015
0.5189
0.510372
0.497582
0.510097
0.51101
0.515657
0.517439
0.514349
0.521494
0.508883
0.499176
0.503921
0.614712
0.503995
0.511186
0.52002
0.51795
0.523762
0.534537
0.510603
0.502019
0.521427
0.508522
0.513807
0.516665
0.520379
0.514058
0.513763
0.512571
0.505873
0.503149
0.505839
0.513309
0.513268
0.510459
0.50672
0.521308
0.504666
0.497955
0.508922
0.525984
0.535714
0.517067
0.521863
0.501457
0.494527
0.50049
0.511126
0.506046
0.524778
0.717812
0.511863
0.499936
0.512319
0.715815
0.504732
0.520688
0.522398
0.52952
0.524455
0.51964
0.526256
0.524678
0.526561
0.528345
0.566162
0.602286
0.555912
0.550419
0.525804
0.537007
0.509133
0.507529
0.503418
0.493636
0.518088
0.513022
0.519901
0.506502
0.510115
0.509983
0.51759
0.521064
0.520414
0.51847
0.525044
0.552963
0.525884
0.537586
0.542553
0.521371
0.51519
0.505894
0.505988
0.507444
0.536588
0.551732
0.514864
0.512257
0.511078
0.509839
0.601215
0.599031
0.530495
0.50812
0.509418
0.517562
0.50769
0.510965
0.715859
0.695966
0.504337
0.505116
0.499458
0.504726
0.495528
0.503634
0.53172
0.509196
0.509466
0.51328
0.543568
0.508791
0.536774
0.522387
0.521665
0.526576
0.521732
0.52739
0.547513
0.510607
0.511443
0.52289
0.504909
0.50435
0.522937
0.491881
0.497975
0.512735
0.502185
0.507346
0.522645
0.52997
0.522292
0.517216
0.506738
0.509236
0.506002
0.586483
0.52186
0.523985
0.529299
0.538444
0.499886
0.510124
0.506607
0.509568
0.562813
0.505552
0.501121
0.51634
0.545775
0.538147
0.513436
0.525563
0.518219
0.520249
0.52275
0.559316
0.518289
0.498967
0.512016
0.510575
0.518728
0.512728
0.516773
0.519958
0.521482
0.519534
0.510417
0.506403
0.499555
0.510472
0.528602
0.516346
0.521097
0.51417
0.502995
0.50335
0.790502
0.521303
0.503935
0.507237
0.509804
0.51839
0.509228
0.509319
0.510899
0.508037
0.507974
0.508729
0.509694
0.505591
0.501785
0.533523
0.517234
0.515696
0.633348
0.523044
0.523147
0.521308
0.606633
0.514495
0.515691
0.504308
0.511566
0.52245
0.504873
0.503989
0.514052
0.520625
0.512515
0.528975
0.510877
0.51226
0.510239
0.535852
0.510918
0.507616
0.530937
0.509358
0.502121
0.516738
0.504598
0.509043
0.511574
0.510313
0.512128
0.515692
0.505922
0.53071
0.508897
0.508423
0.510223
0.498251
0.497239
0.493602
0.500806
0.50711
0.51514
0.523747
0.534947
0.510538
0.696782
0.512498
0.511003
0.502169
0.504931
0.506484
0.505195
0.51154
0.503897
0.513487
0.513239
0.513418
0.507438
0.525276
0.531298
0.518089
0.518666
0.517291
0.514062
0.520299
0.5234
0.528287
0.506809
0.508831
0.503381
0.50768
0.513765
0.525412
0.556385
0.51979
0.522219
0.640282
0.692931
0.590321
0.531479
0.511504
0.527713
0.54278
0.535855
0.514905
0.508884
0.509607
0.524974
0.520522
0.502775
0.506119
0.516385
0.511366
0.521147
0.511359
0.511409
0.522689
0.507451
0.50002
0.508749
0.506983
0.511179
0.497808
0.507959
0.521053
0.524151
0.504407
0.511855
0.561052
0.572691
0.658719
0.506571
0.498925
0.531683
0.526662
0.528772
0.506243
0.504972
0.522386
0.735994
0.511853
0.511739
0.504086
0.512031
0.50266
0.49993
0.508661
0.51139
0.518253
0.517438
0.519228
0.516868
0.521172
0.597285
0.520969
0.599391
0.809324
0.77704
0.748763
0.500529
0.508954
0.506199
0.66363
0.610917
0.497439
0.512818
0.508726
0.516228
0.522827
0.512109
0.510877
0.526227
0.529202
0.502136
0.502288
0.506883
0.514283
0.507614
0.528323
0.540956
0.507917
0.504929
0.499231
0.503475
0.49725
0.500293
0.508652
0.515026
0.506557
0.522903
0.508528
0.502648
0.518743
0.516607
0.509985
0.508235
0.512117
0.504965
0.51374
0.514502
0.63196
0.505166
0.549895
0.537293
0.562248
0.506673
0.50561
0.532638
0.522206
0.526496
0.504439
0.532663
0.507102
0.511419
0.562219
0.513663
0.558066
0.518424
0.497002
0.535307
0.502546
0.500311
0.504635
0.502471
0.512408
0.502497
0.502277
0.727372
0.503896
0.498836
0.525086
0.524669
0.524848
0.513166
0.50482
0.513573
0.498555
0.516153
0.521295
0.59534
0.510862
0.515063
0.497466
0.545072
0.502684
0.513158
0.50666
0.562741
0.507406
0.505387
0.691506
0.508189
0.763563
0.51097
0.524215
0.52734
0.523678
0.510472
0.520247
0.512985
0.512003
0.51563
0.514263
0.515044
0.505964
0.5061
0.585197
0.507664
0.510182
0.505911
0.580605
0.512075
0.503255
0.533695
0.537791
0.550686
0.556291
0.492516
0.50366
0.509587
0.508399
0.674635
0.522687
0.525241
0.52805
0.526798
0.521818
0.5229
0.503424
0.579467
0.593079
0.499707
0.515204
0.560118
0.503715
0.521365
0.513828
0.506433
0.504857
0.52316
0.525644
0.513601
0.524136
0.52604
0.503829
0.510061
0.534801
0.527312
0.52361
0.514749
0.717486
0.673261
0.534144
0.53151
0.50648
0.504958
0.515108
0.517728
0.515002
0.631296
0.533688
0.519578
0.532738
0.524921
0.522565
0.519949
0.516724
0.516317
0.522511
0.527555
0.523371
0.501579
0.533317
0.527927
0.522715
0.507349
0.531948
0.500997
0.529313
0.514261
0.498526
0.508009
0.500847
0.534142
0.555657
0.530195
0.513041
0.524843
0.53065
0.533997
0.5297
0.53032
0.524314
0.519392
0.520244
0.521227
0.522916
0.511533
0.55067
0.538962
0.500813
0.529954
0.53261
0.529852
0.498367
0.512829
0.505786
0.525616
0.552494
0.508288
0.522687
0.506811
0.53319
0.520738
0.501065
0.510808
0.508218
0.523086
0.520737
0.505803
0.509575
0.516302
0.512934
0.508579
0.508195
0.512526
0.509782
0.503957
0.508239
0.548152
0.510397
0.509801
0.590886
0.622481
0.521064
0.525191
0.525958
0.522974
0.511756
0.511737
0.503018
0.508468
0.517419
0.501539
0.66415
0.508528
0.534899
0.707514
0.522493
0.513398
0.510267
0.52951
0.507282
0.541309
0.511335
0.513702
0.530872
0.52987
0.505952
0.507308
0.57889
0.509888
0.508732
0.734453
0.554539
0.56842
0.520712
0.516011
0.50354
0.519845
0.52677
0.509376
0.506252
0.543551
0.497895
0.53272
0.525936
0.533475
0.538955
0.545083
0.609278
0.509496
0.536778
0.515695
0.50397
0.509958
0.52013
0.511663
0.518035
0.503078
0.514798
0.520719
0.52549
0.614559
0.518291
0.506638
0.546276
0.545662
0.669998
0.531758
0.529371
0.527321
0.499427
0.51769
0.53609
0.508043
0.521302
0.530081
0.501351
0.53628
0.516806
0.502087
0.507448
0.503232
0.508955
0.503452
0.500628
0.506784
0.530399
0.509904
0.508847
0.520473
0.525805
0.513948
0.503811
0.511527
0.525801
0.52949
0.499786
0.535485
0.516035
0.528259
0.509732
0.518994
0.507604
0.513798
0.511195
0.528584
0.500999
0.492897
0.508426
0.50455
0.493072
0.504569
0.529797
0.533379
0.507969
0.507731
0.508515
0.518979
0.520849
0.50816
0.506209
0.552277
0.526614
0.532783
0.504077
0.508261
0.507223
0.504104
0.519282
0.519158
0.520487
0.510692
0.688849
0.507262
0.505577
0.529458
0.507271
0.508348
0.515103
0.506484
0.507078
0.509637
0.513719
0.532712
0.512866
0.498366
0.51515
0.508726
0.502232
0.508763
0.709436
0.503395
0.510533
0.514478
0.504502
0.509507
0.520959
0.529261
0.534015
0.587238
0.531443
0.531341
0.509122
0.526341
0.55185
0.542243
0.506176
0.500717
0.53228
0.506168
0.511792
0.631757
0.498488
0.510668
0.514945
0.50493
0.837306
0.519033
0.523335
0.526362
0.515039
0.520867
0.520178
0.52709
0.499512
0.527873
0.52618
0.533396
0.774115
0.524575
0.525541
0.527051
0.514097
0.55897
0.506093
0.526035
0.524113
0.50277
0.518264
0.531808
0.608345
0.544337
0.519449
0.526422
0.498915
0.502851
0.603592
0.507554
0.507553
0.523714
0.509395
0.507783
0.522695
0.520528
0.5236
0.51815
0.679807
0.511771
0.520204
0.51083
0.527227
0.516806
0.525367
0.516652
0.492396
0.492566
0.506711
0.524158
0.510556
0.502704
0.511448
0.53357
0.520681
0.50004
0.511366
0.518395
0.732507
0.498613
0.508729
0.503847
0.508808
0.503821
0.505702
0.502428
0.505797
0.513439
0.546014
0.60525
0.528253
0.519994
0.52167
0.756837
0.542637
0.522901
0.528649
0.505745
0.52967
0.504357
0.588878
0.508173
0.523784
0.50294
0.506829
0.585901
0.51223
0.522517
0.515517
0.498658
0.498834
0.531019
0.506029
0.526415
0.508088
0.514407
0.544117
0.513256
0.499815
0.490373
0.508662
0.509013
0.521873
0.491042
0.512424
0.716382
0.562052
0.535469
0.494084
0.514155
0.506313
0.521436
0.517859
0.509994
0.516517
0.524476
0.525117
0.512686
0.499994
0.508009
0.517568
0.511169
0.505294
0.511649
0.525465
0.528782
0.515825
0.511942
0.525765
0.541214
0.509955
0.525982
0.515431
0.533613
0.51193
0.497774
0.498463
0.534881
0.522027
0.513808
0.529716
0.524735
0.50329
0.532996
0.498115
0.502891
0.505422
0.50948
0.509884
0.519294
0.511837
0.519697
0.494294
0.512095
0.520098
0.52009
0.52051
0.519624
0.592489
0.550195
0.537351
0.51628
0.52384
0.512548
0.513412
0.519723
0.512321
0.503249
0.502627
0.527045
0.523936
0.513593
0.520542
0.508172
0.540177
0.516973
0.528309
0.506981
0.54103
0.510383
0.514879
0.51232
0.530412
0.527671
0.526397
0.515315
0.513606
0.522029
0.52198
0.501734
0.530686
0.521979
0.527115
0.522065
0.509149
0.508214
0.507793
0.508942
0.515635
0.515486
0.524575
0.516902
0.513742
0.511946
0.510346
0.510994
0.513555
0.534651
0.519623
0.517674
0.518594
0.522792
0.518007
0.529506
0.513061
0.522867
0.521122
0.630961
0.530243
0.517401
0.503723
0.714256
0.514748
0.512349
0.513118
0.511944
0.586598
0.55324
0.533013
0.528988
0.52903
0.507393
0.51809
0.517193
0.516049
0.514106
0.538018
0.528712
0.527983
0.515136
0.525537
0.52089
0.513194
0.506935
0.513144
0.518417
0.517626
0.611753
0.531717
0.500187
0.533868
0.50964
0.516961
0.525504
0.509383
0.513289
0.513734
0.514554
0.507114
0.534163
0.529282
0.597676
0.512101
0.523893
0.579041
0.529457
0.527592
0.510199
0.532064
0.507693
0.50987
0.545443
0.520792
0.50939
0.54171
0.504149
0.51172
0.516898
0.512239
0.522262
0.50557
0.501114
0.509359
0.519983
0.506716
0.515349
0.511448
0.510394
0.510367
0.510406
0.518086
0.511872
0.509427
0.510363
0.525622
0.525217
0.510855
0.51749
0.517441
0.510893
0.505823
0.508494
0.52435
0.522609
0.504211
0.511485
0.516587
0.515339
0.51798
0.508205
0.512216
0.507638
0.512947
0.517703
0.51327
0.509111
0.50334
0.521779
0.526285
0.511882
0.516444
0.516175
0.514344
0.514137
0.506181
0.567315
0.513483
0.523053
0.506838
0.516409
0.704934
0.500111
0.515015
0.516816
0.532588
0.533311
0.529377
0.520217
0.546872
0.514571
0.517468
0.522932
0.517198
0.527838
0.52084
0.513131
0.511973
0.674756
0.526656
0.511052
0.505224
0.523711
0.580693
0.629147
0.503544
0.511836
0.513299
0.523484
0.52484
0.535041
0.532197
0.515823
0.51876
0.518884
0.52131
0.513458
0.644603
0.684324
0.531069
0.516169
0.509296
0.511629
0.509394
0.520955
0.519205
0.512278
0.510488
0.509735
0.519655
0.511293
0.507301
0.513982
0.511539
0.517663
0.501892
0.50454
0.522454
0.503615
0.518015
0.517345
0.504025
0.508386
0.509493
0.520521
0.518976
0.518634
0.50229
0.636449
0.510415
0.520588
0.511399
0.512574
0.508524
0.518628
0.51769
0.523728
0.529061
0.507794
0.545711
0.535384
0.510929
0.528736
0.530157
0.519842
0.522918
0.510712
0.507407
0.515027
0.517905
0.522889
0.500064
0.569614
0.518357
0.519504
0.532804
0.520521
0.514277
0.514891
0.520074
0.504674
0.513333
0.518569
0.508785
0.49611
0.513983
0.510347
0.501376
0.530182
0.525851
0.573578
0.51498
0.512119
0.522796
0.521755
0.502535
0.508784
0.537491
0.507234
0.709448
0.535282
0.525983
0.525923
0.522096
0.553566
0.578841
0.507796
0.510397
0.528858
0.515367
0.518377
0.524251
0.614671
0.513659
0.518638
0.526617
0.505218
0.536279
0.699669
0.51085
0.512879
0.523838
0.51775
0.515385
0.511492
0.515124
0.515995
0.498294
0.515881
0.516658
0.514546
0.643251
0.510024
0.51067
0.520734
0.515913
0.510402
0.512386
0.511009
0.530753
0.532892
0.509321
0.714871
0.516529
0.533801
0.525928
0.527225
0.517013
0.515979
0.519532
0.503027
0.508894
0.517694
0.514309
0.51035
0.506049
0.607792
0.637566
0.509776
0.507576
0.541553
0.518139
0.51863
0.510703
0.535828
0.534934
0.529377
0.515035
0.524704
0.712283
0.507087
0.512853
0.52125
0.522847
0.520814
0.506024
0.512727
0.517473
0.50472
0.546289
0.520818
0.528084
0.505574
0.512505
0.507056
0.510609
0.543294
0.511732
0.517628
0.533516
0.516223
0.51208
0.585624
0.521977
0.514373
0.569497
0.53912
0.51086
0.518728
0.510225
0.498045
0.499328
0.513539
0.526035
0.524484
0.525769
0.524989
0.51308
0.513535
0.511033
0.515012
0.711889
0.533068
0.645071
0.534931
0.54215
0.502994
0.510649
0.522944
0.516866
0.516008
0.535682
0.51432
0.52502
0.520794
0.514348
0.51154
0.49568
0.512121
0.516871
0.512746
0.527948
0.508307
0.511803
0.51083
0.647956
0.575246
0.519236
0.504449
0.523516
0.506293
0.514469
0.514329
0.515154
0.514504
0.521642
0.506031
0.506217
0.507183
0.633136
0.511915
0.528667
0.530609
0.512348
0.52982
0.515476
0.519716
0.569302
0.724867
0.659362
0.521242
0.510216
0.520573
0.504576
0.529621
0.507923
0.515953
0.510787
0.504796
0.509076
0.509259
0.558398
0.511006
0.5065
0.509214
0.605414
0.512805
0.623918
0.523781
0.51401
0.520967
0.517551
0.513389
0.512846
0.51339
0.498014
0.517626
0.52105
0.534279
0.513172
0.508958
0.512569
0.520534
0.519113
0.507502
0.503851
0.501201
0.512113
0.526072
0.516746
0.510908
0.511024
0.499767
0.526054
0.540231
0.496859
0.519706
0.502913
0.516251
0.623625
0.509325
0.502115
0.51407
0.528517
0.530613
0.512048
0.522627
0.512316
0.514181
0.533857
0.513044
0.52083
0.511988
0.507699
0.505617
0.539203
0.502839
0.519321
0.531306
0.52426
0.509321
0.517328
0.616934
0.5154
0.512819
0.510964
0.50666
0.513966
0.518895
0.509492
0.513008
0.515351
0.514325
0.518506
0.522508
0.515468
0.519114
0.538774
0.512255
0.515167
0.511145
0.522027
0.512422
0.507692
0.505678
0.523396
0.506905
0.538686
0.504848
0.521216
0.728723
0.513904
0.516374
0.51882
0.535774
0.522636
0.522286
0.518057
0.506606
0.509305
0.50974
0.519359
0.516347
0.525963
0.523164
0.526678
0.516713
0.605762
0.514489
0.509698
0.515383
0.510646
0.511318
0.501862
0.5162
0.510208
0.560049
0.510672
0.506491
0.52239
0.508988
0.502139
0.516255
0.510865
0.558006
0.519965
0.497722
0.517638
0.515875
0.538508
0.554576
0.509755
0.510835
0.506581
0.506273
0.526338
0.52465
0.50408
0.50082
0.518265
0.519656
0.517322
0.509505
0.501973
0.513526
0.519083
0.513819
0.534826
0.516685
0.511857
0.509167
0.510916
0.504952
0.508706
