0.573858
0.556279
0.506728
0.501557
0.501552
0.504349
0.505185
0.506139
0.505076
0.537296
0.533745
0.508016
0.520928
0.503663
0.507153
0.551473
0.498473
0.500976
0.492842
0.600006
0.576326
0.601278
0.503411
0.5095
0.577632
0.599759
0.511009
0.512773
0.514949
0.507453
0.508349
0.511051
0.50697
0.516955
0.701141
0.780733
0.492138
0.652289
0.519107
0.523231
0.520095
0.590075
0.579786
0.506747
0.519464
0.518148
0.512607
0.517047
0.522972
0.510006
0.519893
0.511619
0.508573
0.512285
0.517097
0.525322
0.537485
0.507808
0.506267
0.537618
0.529436
0.530156
0.528238
0.780195
0.73625
0.49302
0.497988
0.515392
0.52661
0.524753
0.507892
0.489213
0.500676
0.533089
0.510812
0.520965
0.520541
0.552082
0.550916
0.564451
0.502768
0.530243
0.505902
0.511909
0.51529
0.491852
0.496191
0.524008
0.519937
0.511722
0.520364
0.507716
0.513858
0.512797
0.510909
0.515029
0.516896
0.528511
0.522356
0.513833
0.514945
0.515554
0.512972
0.531686
0.528709
0.513146
0.505645
0.506819
0.533733
0.504674
0.506017
0.526516
0.533667
0.520881
0.505586
0.510796
0.511434
0.507504
0.510376
0.553199
0.548521
0.51461
0.499298
0.523841
0.523545
0.526768
0.503871
0.503227
0.516972
0.544739
0.534705
0.521219
0.585811
0.572597
0.509536
0.521614
0.504367
0.526503
0.527726
0.501258
0.500933
0.5072
0.58678
0.509278
0.510715
0.505977
0.520098
0.520332
0.523856
0.510859
0.506792
0.50636
0.515968
0.522486
0.518374
0.516227
0.523155
0.510309
0.508554
0.501469
0.505141
0.524985
0.519474
0.501246
0.5029
0.522136
0.520691
0.511029
0.501461
0.504763
0.520043
0.520999
0.509962
0.531675
0.527011
0.514667
0.505771
0.51606
0.518166
0.515712
0.530724
0.524643
0.513827
0.507342
0.538707
0.538472
0.517047
0.520532
0.523118
0.521669
0.540038
0.529666
0.52883
0.526894
0.50368
0.504671
0.504011
0.515054
0.529707
0.52783
0.518209
0.519017
0.509974
0.511815
0.512017
0.511869
0.510483
0.523039
0.51504
0.520936
0.510862
0.502116
0.534555
0.529296
0.520638
0.528227
0.569069
0.50843
0.506947
0.51134
0.513688
0.508297
0.590446
0.594928
0.513234
0.51467
0.513694
0.513012
0.527861
0.530429
0.531394
0.517336
0.530546
0.525601
0.54252
0.542851
0.53279
0.529207
0.525773
0.521162
0.51551
0.515013
0.51207
0.511452
0.521861
0.520107
0.500874
0.50741
0.535695
0.541045
0.535472
0.502084
0.50619
0.511763
0.566205
0.565198
0.523636
0.531071
0.526496
0.530062
0.528353
0.522135
0.530184
0.511318
0.509326
0.501447
0.499808
0.514999
0.500119
0.516832
0.522006
0.536411
0.535821
0.519263
0.524006
0.6104
0.602412
0.852974
0.750966
0.837756
0.505297
0.506152
0.531055
0.52998
0.528858
0.529032
0.503369
0.505824
0.521222
0.519877
0.5231
0.515687
0.512225
0.800778
0.801532
0.52851
0.527871
0.502858
0.508036
0.523658
0.526521
0.519166
0.511995
0.529906
0.530789
0.498908
0.50651
0.505432
0.511784
0.511098
0.516742
0.531758
0.521564
0.529376
0.518545
0.523705
0.529721
0.520606
0.522459
0.520209
0.666292
0.523254
0.493271
0.607146
0.515612
0.516173
0.942786
0.810392
0.52563
0.582041
0.591329
0.508165
0.526151
0.523505
0.516708
0.511896
0.515734
0.619679
0.652095
0.513708
0.495136
0.572747
0.549917
0.584345
0.633773
0.588749
0.505445
0.508951
0.534842
0.504579
0.500883
0.527932
0.523202
0.509628
0.511843
0.519405
0.522378
0.510438
0.508371
0.518761
0.521242
0.513029
0.524717
0.520336
0.522329
0.524098
0.52771
0.53229
0.51836
0.524923
0.504353
0.509136
0.516731
0.510991
0.512642
0.546958
0.54106
0.529756
0.522215
0.523525
0.503182
0.524671
0.524279
0.529372
0.524756
0.5114
0.513616
0.51683
0.510045
0.504656
0.523471
0.668393
0.602927
0.604367
0.514532
0.516841
0.518038
0.537161
0.532253
0.502669
0.506945
0.519993
0.514968
0.516541
0.524322
0.521629
0.52329
0.49344
0.613222
0.675587
0.559653
0.522873
0.520865
0.585388
0.519638
0.520966
0.518029
0.512411
0.510927
0.532133
0.527069
0.529528
0.537158
0.542204
0.533923
0.507378
0.508301
0.506939
0.516215
0.51788
0.50465
0.507331
0.5249
0.508109
0.519738
0.517149
0.504854
0.507079
0.514311
0.516671
0.517913
0.527805
0.768331
0.516667
0.516222
0.591231
0.634361
0.529415
0.507379
0.532894
0.541533
0.521809
0.499227
0.499772
0.504413
0.506168
0.502705
0.787536
0.522452
0.523291
0.527092
0.510353
0.504916
0.53312
0.52452
0.53234
0.505242
0.514855
0.512466
0.500846
0.502934
0.502531
0.510132
0.577349
0.573512
0.531403
0.532802
0.52005
0.51464
0.531813
0.530316
0.524591
0.52654
0.521245
0.632481
0.513458
0.514391
0.507273
0.529602
0.52809
0.516583
0.51889
0.506812
0.516699
0.519484
0.497949
0.506494
0.522158
0.516967
0.521949
0.515261
0.516261
0.513386
0.509364
0.51218
0.502362
0.507416
0.510122
0.511371
0.585109
0.506908
0.509432
0.511832
0.528339
0.611154
0.506647
0.502905
0.506027
0.525605
0.516558
0.512916
0.512998
0.511564
0.508851
0.507444
0.510974
0.509876
0.700152
0.513585
0.521051
0.515468
0.51465
0.521978
0.518617
0.521735
0.506416
0.511415
0.518928
0.515728
0.634875
0.727131
0.523909
0.516881
0.598565
0.511675
0.511655
0.630474
0.66176
0.624872
0.51342
0.520275
0.509143
0.518097
0.511093
0.504234
0.529836
0.514368
0.564822
0.542507
0.527576
0.514922
0.519242
0.730682
0.683409
0.749372
0.524728
0.529353
0.516676
0.517481
0.515983
0.515149
0.537467
0.516799
0.505126
0.528251
0.527638
0.528971
0.529009
0.550295
0.519438
0.521844
0.519212
0.503905
0.507328
0.508711
0.501125
0.502884
0.496716
0.497022
0.546524
0.540278
0.541593
0.51267
0.511735
0.50358
0.50112
0.507023
0.499971
0.521678
0.5044
0.531426
0.527935
0.53265
0.511264
0.506287
0.517565
0.517906
0.520362
0.597805
0.600617
0.518758
0.518315
0.497584
0.504015
0.511444
0.518711
0.509986
0.509577
0.525906
0.529582
0.525209
0.528233
0.517388
0.515266
0.521475
0.508887
0.518416
0.506932
0.507465
0.531583
0.517782
0.515317
0.556966
0.569338
0.520125
0.511142
0.517627
0.557215
0.553489
0.520295
0.577056
0.781489
0.728099
0.517714
0.521585
0.522323
0.515544
0.508384
0.521959
0.525383
0.516708
0.517437
0.529994
0.510352
0.517794
0.535127
0.507546
0.507685
0.522181
0.51288
0.510587
0.507075
0.52129
0.529584
0.512663
0.509467
0.509908
0.518018
0.514556
0.508593
0.513579
0.505081
0.513759
0.50665
0.503629
0.505323
0.514594
0.511727
0.512995
0.508213
0.506421
0.514097
0.499409
0.500993
0.50044
0.514808
0.531621
0.527691
0.5255
0.514133
0.525722
0.50664
0.505786
0.511842
0.494335
0.49792
0.50397
0.517131
0.524903
0.519504
0.515976
0.543626
0.538276
0.512944
0.516959
0.514228
0.57962
0.563641
0.50415
0.506053
0.507007
0.52872
0.52109
0.512298
0.502874
0.520588
0.520792
0.518877
0.51568
0.516739
0.509334
0.509987
0.557171
0.509463
0.509953
0.513952
0.514284
0.517131
0.516282
0.524358
0.508722
0.504515
0.66757
0.508576
0.506305
0.57267
0.497482
0.510967
0.521443
0.520727
0.521169
0.531896
0.533047
0.535939
0.511572
0.50971
0.503818
0.506863
0.501133
0.504984
0.517417
0.517753
0.516478
0.517122
0.501323
0.495864
0.514915
0.51229
0.494009
0.494843
0.499088
0.722913
0.519718
0.51815
0.505448
0.513421
0.519752
0.49586
0.497763
0.502253
0.497637
0.530325
0.514304
0.524953
0.511708
0.509641
0.507049
0.525265
0.508954
0.500675
0.749843
0.519884
0.520325
0.511936
0.513621
0.507923
0.744102
0.517755
0.518113
0.505746
0.504091
0.522303
0.516813
0.516426
0.55642
0.570321
0.52463
0.525567
0.567563
0.55328
0.544195
0.535284
0.514325
0.532401
0.515689
0.513964
0.522803
0.509113
0.509106
0.508852
0.507115
0.510345
0.522626
0.520787
0.518696
0.555173
0.542622
0.513343
0.511374
0.522597
0.535992
0.514257
0.506561
0.506305
0.508318
0.509561
0.542636
0.556827
0.510716
0.51221
0.531731
0.506588
0.508898
0.529791
0.505859
0.552523
0.510799
0.513638
0.511053
0.505276
0.674125
0.781206
0.504945
0.505577
0.501005
0.500029
0.528493
0.519403
0.504606
0.503678
0.508353
0.509264
0.510606
0.512629
0.52238
0.515315
0.528184
0.507968
0.527287
0.524584
0.532863
0.507885
0.507442
0.508177
0.527059
0.500871
0.517106
0.520888
0.508197
0.50672
0.509687
0.599856
0.587753
0.617924
0.567872
0.526276
0.506458
0.507433
0.506886
0.499527
0.505133
0.501252
0.515634
0.519936
0.515302
0.542796
0.543318
0.539871
0.510422
0.551376
0.524767
0.521802
0.524805
0.522787
0.500595
0.559763
0.493253
0.501347
0.522209
0.509658
0.509079
0.512323
0.574914
0.497996
0.516445
0.515501
0.523679
0.494797
0.509445
0.518681
0.508238
0.534646
0.515137
0.515087
0.504301
0.530288
0.500917
0.528492
0.52398
0.530281
0.502838
0.520362
0.517195
0.509974
0.509195
0.508681
0.507296
0.509179
0.492166
0.501325
0.504643
0.529376
0.50018
0.506352
0.572749
0.517701
0.524727
0.586369
0.509337
0.503609
0.52098
0.523287
0.52551
0.498761
0.525372
0.583698
0.529431
0.508559
0.509336
0.515039
0.506643
0.528544
0.508032
0.508527
0.527469
0.501129
0.527843
0.504304
0.512152
0.508692
0.618531
0.534266
0.50913
0.51759
0.514013
0.509595
0.50645
0.525389
0.598393
0.513989
0.515807
0.509234
0.506901
0.506633
0.504024
0.505807
0.501553
0.50305
0.495959
0.504387
0.520311
0.517657
0.532992
0.512547
0.496513
0.50719
0.50481
0.505689
0.518386
0.503969
0.506199
0.632841
0.599606
0.571962
0.814795
0.724568
0.500478
0.620729
0.498713
0.50928
0.504674
0.526023
0.683823
0.509442
0.520437
0.524368
0.498602
0.504499
0.51263
0.512796
0.517174
0.724332
0.521515
0.528677
0.516759
0.508349
0.5092
0.500003
0.513337
0.525408
0.512478
0.510463
0.525944
0.499856
0.508083
0.506395
0.508491
0.510117
0.519344
0.50741
0.509741
0.556555
0.507866
0.508731
0.526803
0.506009
0.502041
0.532895
0.50692
0.526333
0.62697
0.508762
0.503448
0.501709
0.500316
0.507929
0.520418
0.527829
0.516094
0.517608
0.527207
0.518338
0.524473
0.518167
0.517758
0.545788
0.543853
0.508613
0.624044
0.498468
0.496296
0.49842
0.520102
0.508829
0.503908
0.513933
0.499638
0.501965
0.505461
0.509295
0.51935
0.511941
0.530696
0.499253
0.499878
0.505103
0.523193
0.498981
0.530768
0.503696
0.524313
0.505216
0.516761
0.513421
0.50733
0.505135
0.551786
0.539545
0.530485
0.530076
0.524365
0.524775
0.534803
0.5082
0.603299
0.526407
0.509237
0.50176
0.556856
0.538108
0.547631
0.532644
0.524648
0.499439
0.499879
0.516814
0.508369
0.503339
0.491371
0.510264
0.513
0.502732
0.499983
0.785584
0.500836
0.506807
0.507935
0.546903
0.527247
0.527689
0.527167
0.513425
0.509045
0.510136
0.512303
0.527585
0.521246
0.517346
0.501453
0.501849
0.546273
0.519097
0.501037
0.511476
0.505516
0.524964
0.522122
0.513627
0.55655
0.508916
0.503247
0.688639
0.632438
0.500579
0.497056
0.523874
0.509409
0.517712
0.515988
0.520011
0.519993
0.518062
0.522291
0.51104
0.5258
0.526882
0.509062
0.509834
0.514164
0.512063
0.518726
0.504428
0.513691
0.515038
0.503342
0.510306
0.514925
0.504587
0.506747
0.532962
0.510353
0.543977
0.54776
0.493924
0.507438
0.675205
0.518869
0.519401
0.524883
0.510209
0.515853
0.536625
0.53145
0.499711
0.523071
0.523117
0.525357
0.522715
0.524916
0.573752
0.550322
0.52016
0.52217
0.513626
0.499757
0.512842
0.607261
0.501278
0.504148
0.500764
0.520594
0.620955
0.513868
0.509439
0.521484
0.505117
0.52534
0.640149
0.51874
0.526571
0.500876
0.505536
0.508749
0.495458
0.531797
0.521055
0.520164
0.544031
0.511215
0.531986
0.531678
0.530478
0.517896
0.531982
0.503839
0.502464
0.510961
0.511624
0.518511
0.509903
0.65924
0.622222
0.53571
0.539196
0.522903
0.523046
0.518712
0.499798
0.518536
0.520836
0.695032
0.775488
0.514045
0.520464
0.521762
0.537898
0.527881
0.525614
0.537357
0.600637
0.521062
0.532709
0.515862
0.501134
0.514161
0.699733
0.499415
0.524724
0.502013
0.544756
0.510932
0.526325
0.53309
0.529531
0.523173
0.519892
0.525832
0.520949
0.507655
0.513908
0.627634
0.522033
0.507907
0.502679
0.499359
0.533558
0.528423
0.536809
0.529886
0.513754
0.515721
0.529465
0.532218
0.514095
0.502449
0.671658
0.503443
0.507749
0.498118
0.505025
0.503129
0.508023
0.521771
0.520478
0.511911
0.51005
0.511216
0.507859
0.506899
0.515753
0.501188
0.518168
0.503703
0.539168
0.537516
0.509207
0.591447
0.519355
0.525203
0.500961
0.508901
0.517195
0.526625
0.511727
0.515711
0.50053
0.505964
0.519288
0.49684
0.694658
0.509184
0.509709
0.529446
0.523963
0.511062
0.505061
0.532908
0.509034
0.530434
0.521714
0.504918
0.506598
0.501345
0.509113
0.694
0.684948
0.55395
0.758289
0.523147
0.516817
0.505953
0.525612
0.5625
0.511847
0.507956
0.508675
0.542993
0.51432
0.519121
0.532952
0.523596
0.52333
0.53522
0.524038
0.534122
0.520755
0.521179
0.511155
0.51461
0.510364
0.50903
0.516401
0.519279
0.519033
0.864854
0.509788
0.520442
0.516851
0.520003
0.510264
0.600653
0.51804
0.512171
0.506499
0.609404
0.651419
0.530141
0.528722
0.525255
0.544255
0.529318
0.884294
0.523104
0.506577
0.612641
0.608402
0.518094
0.53246
0.502162
0.535917
0.57101
0.516759
0.497456
0.520476
0.508266
0.495973
0.529783
0.502742
0.50761
0.523006
0.488537
0.532478
0.526964
0.507118
0.498242
0.534516
0.516803
0.51619
0.520794
0.528489
0.493314
0.510831
0.507728
0.491534
0.504449
0.529761
0.527625
0.531499
0.537566
0.503778
0.533078
0.508215
0.506828
0.544895
0.531068
0.536609
0.515328
0.532711
0.519101
0.520099
0.694802
0.530848
0.518798
0.510465
0.506428
0.508888
0.502884
0.517567
0.506109
0.537782
0.511045
0.585623
0.512613
0.512766
0.529528
0.49979
0.508329
0.504253
0.50382
0.512045
0.512001
0.521202
0.528211
0.523834
0.497776
0.501151
0.517091
0.52073
0.533886
0.530857
0.504901
0.513046
0.521864
0.543447
0.535186
0.572281
0.497393
0.505581
0.510567
0.510887
0.621177
0.505839
0.510889
0.514369
0.499986
0.499775
0.519233
0.507134
0.521367
0.526463
0.500022
0.52699
0.515787
0.504754
0.513479
0.52175
0.506314
0.520129
0.526989
0.505059
0.501579
0.528484
0.588464
0.524886
0.505163
0.536864
0.656305
0.533197
0.526351
0.526525
0.501347
0.51146
0.519628
0.498923
0.499039
0.57574
0.509767
0.520198
0.52213
0.522099
0.523826
0.5087
0.510055
0.510753
0.503064
0.506762
0.498574
0.524501
0.555778
0.51614
0.495994
0.506923
0.521973
0.530339
0.500372
0.533893
0.502911
0.531225
0.516529
0.526824
0.535498
0.511389
0.510164
0.49852
0.525705
0.508457
0.504194
0.508446
0.498416
0.683223
0.506511
0.541252
0.506026
0.510109
0.518779
0.527022
0.530406
0.522054
0.541423
0.521681
0.526158
0.599621
0.511441
0.525157
0.525224
0.505504
0.501373
0.51028
0.509826
0.533498
0.528721
0.533028
0.509322
0.500046
0.54417
0.524999
0.507354
0.505591
0.525625
0.51405
0.529927
0.506265
0.50773
0.522969
0.52154
0.514757
0.553172
0.512039
0.516153
0.50442
0.494315
0.50182
0.516619
0.509624
0.515942
0.512395
0.70922
0.522197
0.501549
0.519737
0.514603
0.522115
0.499036
0.51017
0.500498
0.511028
0.510017
0.509341
0.71231
0.528945
0.502821
0.514381
0.538989
0.532173
0.519881
0.521788
0.540946
0.586562
0.513511
0.513124
0.511915
0.511827
0.49984
0.540748
0.529438
0.521158
0.50318
0.49811
0.519199
0.509695
0.508131
0.506756
0.505891
0.519822
0.50827
0.555786
0.508776
0.5213
0.520126
0.504145
0.505844
0.556535
0.507046
0.502836
0.508449
0.527566
0.507479
0.506385
0.517664
0.518767
0.511483
0.524078
0.522875
0.507448
0.511787
0.529698
0.538217
0.529539
0.521772
0.513164
0.509497
0.52758
0.502114
0.503327
0.514548
0.494684
0.520896
0.522428
0.529902
0.522743
0.531381
0.511774
0.508306
0.508884
0.509529
0.509814
0.526975
0.50714
0.518534
0.52122
0.528925
0.546979
0.511766
0.508495
0.507955
0.5133
0.513511
0.519661
0.53458
0.499117
0.532109
0.533309
0.519809
0.516234
0.517393
0.514355
0.508676
0.524105
0.518667
0.522329
0.510637
0.669635
0.518495
0.504345
0.508515
0.512506
0.515514
0.505233
0.513621
0.529178
0.52582
0.525955
0.507338
0.513702
0.509411
0.506571
0.519187
0.515296
0.519945
0.519648
0.518609
0.508427
0.517492
0.559353
0.517079
0.530616
0.509784
0.516034
0.506967
0.531717
0.511343
0.533105
0.51674
0.514891
0.511055
0.514497
0.510711
0.510145
0.51005
0.505386
0.527737
0.521443
0.508014
0.530591
0.517768
0.521942
0.527553
0.513021
0.53565
0.512411
0.509714
0.49891
0.507728
0.587018
0.510283
0.546818
0.508592
0.507128
0.536072
0.524886
0.50874
0.528073
0.509328
0.514319
0.518614
0.548408
0.499412
0.526002
0.532473
0.508462
0.523343
0.516007
0.511695
0.509886
0.518031
0.509199
0.509456
0.510101
0.503176
0.504895
0.524705
0.523864
0.67052
0.517987
0.50664
0.50861
0.506716
0.521204
0.526004
0.508691
0.509702
0.515797
0.632418
0.522871
0.517378
0.512518
0.516123
0.506528
0.518835
0.503411
0.519011
0.511981
0.519116
0.530516
0.517532
0.519461
0.506667
0.526142
0.512393
0.628574
0.507311
0.545307
0.52025
0.517393
0.513645
0.526766
0.518616
0.514623
0.512788
0.502252
0.505537
0.512325
0.528595
0.508146
0.504068
0.521366
0.519693
0.619304
0.512749
0.516446
0.517178
0.523887
0.534465
0.511608
0.511494
0.532155
0.526058
0.517663
0.500836
0.54652
0.515118
0.523527
0.524244
0.53249
0.527118
0.511785
0.524611
0.521689
0.520785
0.509948
0.519165
0.519884
0.513083
0.510427
0.510378
0.51629
0.505511
0.511905
0.510436
0.5316
0.508894
0.511751
0.514612
0.50397
0.527121
0.511994
0.503128
0.504817
0.595028
0.600192
0.501035
0.539855
0.527298
0.525943
0.520983
0.520304
0.511531
0.511731
0.527752
0.508337
0.517816
0.746852
0.524421
0.567681
0.510596
0.509842
0.509167
0.508799
0.506112
0.507091
0.518985
0.540595
0.527343
0.536614
0.504581
0.507267
0.509204
0.522237
0.524193
0.507103
0.528869
0.503125
0.508507
0.507623
0.511776
0.530636
0.533608
0.515444
0.731816
0.521793
0.518605
0.533667
0.519797
0.518766
0.532123
0.669046
0.610615
0.518114
0.528405
0.580639
0.513841
0.507799
0.650219
0.769249
0.514283
0.512203
0.525178
0.526581
0.522775
0.513162
0.509265
0.510777
0.515691
0.514612
0.517542
0.516306
0.508292
0.517529
0.512896
0.522821
0.507072
0.52138
0.522641
0.522824
0.522901
0.526262
0.541281
0.511434
0.50947
0.524866
0.506749
0.505835
0.509731
0.511781
0.509853
0.49712
0.532973
0.526369
0.524199
0.512229
0.512082
0.513303
0.512555
0.522997
0.512989
0.516733
0.525603
0.510315
0.52961
0.517268
0.526566
0.516787
0.519522
0.509852
0.512018
0.514493
0.508032
0.516395
0.517498
0.530345
0.50917
0.535293
0.516546
0.518989
0.523068
0.529339
0.520596
0.521525
0.74666
0.516044
0.52293
0.534028
0.514355
0.511857
0.50577
0.523929
0.507693
0.531481
0.51257
0.648481
0.509538
0.510936
0.500754
0.504986
0.520153
0.51706
0.527856
0.511612
0.533515
0.53161
0.503739
0.511273
0.51256
0.514284
0.513436
0.50604
0.524695
0.506537
0.510806
0.511439
0.51341
0.517694
0.618535
0.513634
0.510135
0.514834
0.510183
0.512247
0.553543
0.547761
0.501326
0.506908
0.512232
0.505269
0.511011
0.514275
0.507582
0.513053
0.515545
0.511914
0.510904
0.513615
0.542983
0.501412
0.503153
0.503903
0.513044
0.49823
0.513086
0.520568
0.507706
0.518659
0.534685
0.508531
0.509936
0.523388
0.525282
0.517592
0.517554
0.517455
0.508108
0.510879
0.522895
0.521798
0.523044
0.512404
0.724448
0.516095
0.516979
0.513825
0.50524
0.520889
0.530856
0.527003
0.607985
0.510987
0.705258
0.533489
0.513192
0.520311
0.52217
0.518569
0.520363
0.570688
0.512515
0.520886
0.51081
0.50749
0.52596
0.517429
0.509464
0.506636
0.508142
0.517067
0.52513
0.52103
0.523543
0.504909
0.507048
0.507774
0.510392
0.516431
0.506765
0.515512
0.70365
0.509409
0.507316
0.508812
0.518661
0.518511
0.500117
0.582966
0.592203
0.528057
0.63991
0.509573
0.628541
0.504942
0.514856
0.507346
0.532027
0.514216
0.542223
0.508543
0.531969
0.508892
0.510941
0.536797
0.515811
0.544281
0.504074
0.513715
0.51892
0.530758
0.509038
0.520972
0.518072
0.513589
0.535883
0.531801
0.528183
0.520115
0.508663
0.538386
0.512291
0.586067
0.518434
0.511308
0.530464
0.51769
0.506486
0.537551
0.499964
0.501219
0.501531
0.699297
0.513902
0.507414
0.510211
0.51528
0.521434
0.538862
0.513346
0.513915
0.525553
0.532081
0.506507
0.518567
0.511064
0.511208
0.521813
0.513419
0.524157
0.519113
0.508817
0.520494
0.523095
0.544672
0.510773
0.516932
0.523942
0.516422
0.536716
0.528481
0.519777
0.519445
0.517991
0.522166
0.49879
0.524714
0.507747
0.532177
0.523993
0.505078
0.676341
0.509774
0.523933
0.526882
0.66579
0.511986
0.518105
0.514264
0.52029
0.746318
0.51735
0.508412
0.526647
0.517377
0.569162
0.501464
0.515091
0.533831
0.538423
0.511019
0.508726
0.503663
0.508605
0.510809
0.507696
0.540725
0.518758
0.512969
0.521676
0.508172
0.514806
0.534424
0.520717
0.56076
0.514664
0.509349
0.531002
0.533107
0.519942
0.51028
0.517314
0.508039
0.521971
0.504354
0.510623
0.512113
0.511613
0.530679
0.517558
0.518933
0.525385
0.510972
0.509435
0.505006
0.50633
0.527493
0.500662
0.557182
0.53051
0.510937
0.508198
0.516199
0.5309
0.50763
0.503528
0.505006
0.55735
0.508407
0.524782
0.523649
0.509983
0.617872
0.535922
0.504017
0.511524
0.519878
0.519475
0.521054
0.5198
0.509553
0.509663
0.506667
0.773659
