0.549352
0.559539
0.541463
0.515407
0.515414
0.552262
0.509759
0.50813
0.506764
0.510181
0.496574
0.503247
0.515944
0.505498
0.506051
0.557461
0.553006
0.564089
0.509225
0.510892
0.510914
0.512124
0.511457
0.505898
0.513058
0.50944
0.76796
0.838866
0.906166
0.512395
0.516007
0.529146
0.52799
0.518339
0.514956
0.514992
0.596335
0.507784
0.534022
0.53044
0.512085
0.508677
0.511378
0.520518
0.539071
0.544012
0.546323
0.540048
0.539357
0.51582
0.516986
0.514506
0.500154
0.506453
0.504004
0.65872
0.523707
0.52046
0.516836
0.525312
0.516136
0.492501
0.492742
0.524397
0.526697
0.50245
0.500796
0.528354
0.529053
0.530931
0.50694
0.508058
0.500924
0.50987
0.528161
0.536569
0.515469
0.520035
0.507876
0.505075
0.509147
0.50546
0.515081
0.508144
0.505269
0.515241
0.513188
0.531403
0.52807
0.526452
0.521049
0.512093
0.509465
0.507209
0.509369
0.5148
0.507646
0.518947
0.51346
0.512632
0.510974
0.517777
0.52018
0.521272
0.549648
0.546717
0.529702
0.526751
0.510439
0.514432
0.509261
0.511479
0.60128
0.638092
0.524434
0.521795
0.520751
0.524046
0.53308
0.534911
0.529761
0.527277
0.517488
0.515234
0.558377
0.565109
0.582165
0.505714
0.507779
0.522186
0.512651
0.511834
0.517571
0.520441
0.499467
0.520534
0.556156
0.566654
0.585831
0.511925
0.512004
0.516572
0.510574
0.520455
0.518241
0.519485
0.515869
0.509932
0.513884
0.506446
0.506626
0.505124
0.512029
0.527298
0.533853
0.51181
0.512885
0.514658
0.5014
0.50322
0.50805
0.508729
0.510599
0.534425
0.534733
0.531247
0.527896
0.499078
0.500064
0.501437
0.499131
0.504202
0.508558
0.51687
0.517945
0.524361
0.523528
0.528492
0.502102
0.512076
0.512536
0.515866
0.508823
0.503848
0.515408
0.514001
0.516764
0.518481
0.505164
0.506555
0.507241
0.512933
0.528668
0.523203
0.523839
0.510951
0.510026
0.511636
0.545179
0.554071
0.529031
0.513738
0.513263
0.515203
0.52697
0.532356
0.529813
0.506692
0.510549
0.507527
0.511326
0.51715
0.506012
0.532037
0.529182
0.511175
0.524809
0.528072
0.505803
0.523097
0.516604
0.527855
0.529953
0.510419
0.503392
0.512181
0.505773
0.516178
0.52799
0.516373
0.502425
0.497387
0.533401
0.510094
0.509869
0.507202
0.507743
0.552941
0.547231
0.513007
0.506337
0.507278
0.530756
0.524361
0.506511
0.516105
0.517362
0.505015
0.50283
0.508165
0.518347
0.517403
0.521927
0.514805
0.511986
0.514501
0.523745
0.522685
0.500893
0.499594
0.54255
0.548087
0.511758
0.514639
0.513097
0.55677
0.521059
0.534781
0.528657
0.525127
0.50673
0.503238
0.508204
0.508246
0.516119
0.512962
0.515862
0.508579
0.522798
0.503684
0.505868
0.527673
0.526777
0.501088
0.515568
0.516217
0.518396
0.516091
0.515368
0.528051
0.526587
0.513734
0.505012
0.510258
0.609562
0.669336
0.62475
0.608165
0.625516
0.501134
0.503159
0.528154
0.530018
0.529397
0.526344
0.513969
0.505187
0.511825
0.536775
0.519433
0.519945
0.517922
0.51915
0.532787
0.523678
0.641214
0.718167
0.529615
0.528508
0.515402
0.514395
0.518405
0.516054
0.532752
0.50615
0.503406
0.512939
0.494589
0.498874
0.693056
0.527496
0.531068
0.507155
0.498712
0.545759
0.511135
0.513038
0.508567
0.516987
0.514297
0.520898
0.529294
0.527539
0.500906
0.497672
0.525904
0.526083
0.529386
0.52463
0.531156
0.511548
0.510419
0.496138
0.595375
0.566051
0.509963
0.51342
0.532886
0.530648
0.690597
0.630515
0.498294
0.537279
0.538975
0.520705
0.515831
0.52094
0.533809
0.534273
0.532373
0.515075
0.512474
0.510827
0.528985
0.52573
0.522528
0.515268
0.515662
0.523261
0.533928
0.524894
0.534205
0.588852
0.598295
0.531448
0.507876
0.503466
0.515554
0.507937
0.542438
0.526137
0.52478
0.498724
0.489456
0.519251
0.517814
0.513673
0.524953
0.526705
0.511305
0.50717
0.520899
0.527616
0.521123
0.563056
0.529371
0.528874
0.518655
0.517119
0.516476
0.512587
0.510544
0.509936
0.508775
0.508386
0.510301
0.50582
0.742054
0.631938
0.526216
0.52301
0.526484
0.523455
0.514726
0.511767
0.513727
0.533081
0.534174
0.532544
0.523374
0.523365
0.521324
0.512109
0.511678
0.528318
0.525613
0.513937
0.508949
0.591484
0.859487
0.829559
0.539235
0.520069
0.517261
0.520541
0.510598
0.506119
0.525493
0.499299
0.502072
0.5308
0.640475
0.668648
0.539797
0.541485
0.538193
0.562049
0.511263
0.506321
0.525284
0.527293
0.528199
0.530809
0.500479
0.503338
0.505593
0.513259
0.521463
0.803553
0.507415
0.505928
0.523933
0.52036
0.522737
0.520394
0.524092
0.506131
0.514575
0.51087
0.515758
0.500822
0.519182
0.672704
0.522269
0.676023
0.661239
0.520365
0.522415
0.51142
0.510295
0.512669
0.512389
0.524167
0.522682
0.703533
0.671967
0.66599
0.59991
0.510171
0.523004
0.530488
0.543425
0.521778
0.520673
0.500155
0.501072
0.507112
0.507971
0.503584
0.499761
0.499478
0.736222
0.523229
0.523556
0.522964
0.50374
0.503388
0.512132
0.510297
0.500491
0.506821
0.657265
0.637586
0.531419
0.531898
0.657033
0.640812
0.6288
0.516151
0.521309
0.517308
0.512257
0.504198
0.530585
0.536306
0.531254
0.536136
0.508029
0.638825
0.51659
0.520629
0.532554
0.528672
0.529074
0.530044
0.520662
0.510695
0.511986
0.522297
0.530714
0.53204
0.514554
0.503147
0.49978
0.511125
0.531734
0.530623
0.518156
0.503946
0.509528
0.50951
0.72075
0.504356
0.50586
0.516769
0.516587
0.508483
0.514534
0.511478
0.510716
0.510215
0.636468
0.604744
0.511956
0.681087
0.667066
0.536503
0.535523
0.532973
0.522313
0.511964
0.516301
0.522988
0.634697
0.657669
0.660809
0.525708
0.509999
0.516245
0.517889
0.514151
0.515433
0.49528
0.495975
0.511505
0.511531
0.509214
0.540469
0.534655
0.503162
0.510659
0.504802
0.509836
0.508291
0.577511
0.501117
0.518708
0.501177
0.518629
0.507227
0.52167
0.52636
0.524043
0.519792
0.51741
0.511458
0.514444
0.519639
0.517771
0.508597
0.502043
0.511393
0.524195
0.524568
0.52978
0.540821
0.501961
0.497441
0.493265
0.496986
0.511053
0.529781
0.508625
0.501977
0.502836
0.532022
0.521259
0.520651
0.521949
0.522308
0.516482
0.713159
0.673919
0.515841
0.523903
0.520158
0.522583
0.515822
0.519579
0.511163
0.569569
0.591628
0.524635
0.501609
0.527943
0.522054
0.523891
0.522646
0.509886
0.66698
0.520542
0.513002
0.5252
0.518209
0.510525
0.511548
0.524655
0.529765
0.524555
0.522064
0.528794
0.518313
0.521985
0.523563
0.508309
0.508219
0.531338
0.521735
0.527145
0.506197
0.527013
0.529616
0.511201
0.50799
0.509803
0.51238
0.530941
0.513344
0.505613
0.554917
0.55175
0.52069
0.583107
0.580504
0.562348
0.52576
0.522536
0.961159
0.51704
0.519078
0.510529
0.521176
0.520896
0.519631
0.520451
0.513772
0.508346
0.519185
0.508359
0.525973
0.527083
0.530859
0.516116
0.621534
0.665252
0.509105
0.503893
0.512786
0.515896
0.510463
0.509831
0.514618
0.53151
0.527712
0.515859
0.521669
0.575654
0.566672
0.51153
0.515065
0.528462
0.536456
0.513616
0.53474
0.532426
0.504096
0.503331
0.506772
0.508061
0.511924
0.653332
0.51197
0.508324
0.515811
0.502264
0.531945
0.524459
0.522323
0.513485
0.55026
0.502388
0.504303
0.514786
0.584052
0.589827
0.539881
0.540166
0.514374
0.492838
0.496872
0.503638
0.511604
0.517337
0.51974
0.537591
0.513479
0.519601
0.517341
0.547228
0.543112
0.50241
0.518351
0.51815
0.517036
0.513713
0.526336
0.644421
0.51434
0.50942
0.503841
0.510545
0.509567
0.507189
0.506881
0.522413
0.532999
0.51009
0.569592
0.580267
0.500327
0.499276
0.507268
0.508891
0.52702
0.51255
0.532571
0.532343
0.527319
0.49209
0.493243
0.518118
0.51588
0.504649
0.544352
0.519411
0.509345
0.506006
0.517977
0.5214
0.506363
0.510148
0.516748
0.529478
0.508698
0.509624
0.512373
0.678638
0.514901
0.50952
0.500095
0.514209
0.52178
0.510232
0.511162
0.550219
0.531812
0.527459
0.64504
0.725684
0.516134
0.517109
0.518194
0.530967
0.507892
0.582323
0.516687
0.540747
0.543509
0.512771
0.51358
0.514854
0.51746
0.511371
0.511629
0.507184
0.503509
0.522995
0.523387
0.499559
0.506341
0.500774
0.509018
0.540896
0.511878
0.511215
0.512759
0.516158
0.529339
0.535148
0.531462
0.525925
0.506988
0.505853
0.512563
0.508083
0.507938
0.509901
0.527379
0.507941
0.507472
0.505353
0.654604
0.511917
0.513257
0.503875
0.506178
0.663712
0.499284
0.509766
0.638985
0.565274
0.588303
0.519024
0.519405
0.516077
0.499523
0.499554
0.522427
0.510967
0.505284
0.518385
0.508944
0.52017
0.701476
0.510584
0.503882
0.507242
0.523447
0.517962
0.523501
0.582348
0.534478
0.504818
0.549185
0.500946
0.512776
0.511293
0.551578
0.498873
0.505753
0.501287
0.508024
0.508699
0.506362
0.588485
0.533353
0.513774
0.512254
0.505609
0.502888
0.501679
0.498909
0.512726
0.522022
0.502441
0.50043
0.501093
0.503576
0.523412
0.524851
0.526791
0.506207
0.495847
0.493819
0.509633
0.519826
0.51275
0.503286
0.510468
0.533291
0.532774
0.529615
0.493189
0.505147
0.51037
0.504902
0.530417
0.517705
0.509965
0.511051
0.50738
0.507014
0.523951
0.516629
0.526406
0.526195
0.505312
0.507968
0.511425
0.526229
0.522531
0.522798
0.524909
0.522756
0.494875
0.502495
0.55817
0.606234
0.672993
0.516971
0.508898
0.509109
0.502249
0.501339
0.495655
0.515437
0.509494
0.524071
0.518651
0.504522
0.504204
0.518578
0.513195
0.519883
0.507633
0.495634
0.513327
0.522098
0.558526
0.519828
0.506788
0.523013
0.50548
0.506674
0.510496
0.501639
0.513704
0.522512
0.516049
0.508617
0.777607
0.65493
0.514436
0.518038
0.511934
0.524998
0.501633
0.510666
0.528891
0.520413
0.517059
0.531812
0.5099
0.50874
0.497886
0.504285
0.507989
0.525136
0.521622
0.513788
0.503352
0.508267
0.510878
0.590816
0.538913
0.528777
0.505625
0.492474
0.509715
0.506714
0.511285
0.495589
0.51627
0.572225
0.642482
0.510597
0.510547
0.498342
0.530746
0.545576
0.549259
0.505957
0.509154
0.500521
0.5085
0.499207
0.524323
0.522211
0.840288
0.504555
0.516992
0.525886
0.499723
0.503671
0.502297
0.695139
0.533684
0.519641
0.53007
0.679672
0.53139
0.50345
0.496934
0.535137
0.53565
0.536575
0.519149
0.514416
0.679739
0.526895
0.522507
0.523085
0.513411
0.503882
0.507925
0.499994
0.501892
0.506702
0.668929
0.498518
0.500818
0.50529
0.528759
0.529539
0.51011
0.506299
0.513149
0.525002
0.493619
0.508767
0.526721
0.524913
0.51309
0.517479
0.500933
0.521222
0.525054
0.52063
0.512346
0.515405
0.527226
0.524622
0.521177
0.512129
0.51598
0.518427
0.547721
0.545075
0.501357
0.511725
0.6676
0.513207
0.502308
0.498317
0.506985
0.511603
0.493891
0.512895
0.52824
0.509376
0.511472
0.510759
0.508332
0.53886
0.540185
0.528725
0.533776
0.529095
0.518574
0.542532
0.501917
0.519705
0.522492
0.521607
0.505581
0.545021
0.531924
0.537923
0.522575
0.559206
0.553249
0.52641
0.505182
0.49984
0.5185
0.51619
0.513619
0.513232
0.530667
0.502219
0.506584
0.485711
0.51417
0.53257
0.512267
0.503971
0.506411
0.514827
0.543033
0.737353
0.510615
0.510656
0.502044
0.523462
0.508525
0.507508
0.509391
0.512049
0.523166
0.520517
0.513061
0.522234
0.51895
0.510571
0.502073
0.525957
0.520167
0.530992
0.532242
0.525119
0.512357
0.516831
0.514485
0.558884
0.509263
0.509858
0.530368
0.522479
0.507369
0.509836
0.498501
0.51316
0.515666
0.531759
0.528884
0.641219
0.679686
0.630913
0.510029
0.522613
0.521551
0.512003
0.520701
0.517013
0.527248
0.853051
0.520288
0.685085
0.528044
0.529168
0.505736
0.512525
0.50927
0.526983
0.516921
0.507279
0.512799
0.510341
0.508984
0.556741
0.50655
0.51958
0.505977
0.495572
0.521569
0.503972
0.509543
0.526879
0.523618
0.526037
0.499298
0.525172
0.521446
0.520302
0.51326
0.529063
0.534801
0.516375
0.611197
0.59905
0.502534
0.644996
0.538155
0.527205
0.541592
0.517586
0.513151
0.527247
0.518574
0.499218
0.501226
0.491718
0.509957
0.504236
0.505485
0.517626
0.514407
0.508399
0.535891
0.52913
0.536732
0.499005
0.504939
0.547549
0.521328
0.524797
0.496495
0.507737
0.526758
0.532641
0.531927
0.534619
0.538732
0.536375
0.553112
0.580404
0.596101
0.522308
0.769203
0.50419
0.529527
0.516225
0.508514
0.519139
0.511512
0.498376
0.499277
0.501886
0.512122
0.510741
0.516147
0.52522
0.511482
0.532299
0.53029
0.529641
0.5316
0.507369
0.526229
0.501447
0.509384
0.508912
0.519885
0.636249
0.521036
0.505151
0.501457
0.519051
0.53627
0.530951
0.525623
0.532163
0.53065
0.514217
0.715967
0.530109
0.503587
0.532886
0.501898
0.499781
0.501827
0.50738
0.505336
0.506875
0.509184
0.531062
0.501234
0.504118
0.499793
0.505853
0.50644
0.502448
0.505302
0.511407
0.535297
0.513433
0.528361
0.527179
0.539752
0.547984
0.499586
0.508668
0.494683
0.562922
0.546551
0.535968
0.53589
0.516489
0.498469
0.505163
0.510807
0.520328
0.535245
0.530543
0.522005
0.506914
0.507098
0.531406
0.51976
0.541484
0.498604
0.50279
0.532612
0.52712
0.52075
0.511302
0.653228
0.780184
0.505125
0.558183
0.53215
0.511093
0.510517
0.55037
0.553444
0.535677
0.521995
0.56235
0.506509
0.512194
0.513244
0.522816
0.504521
0.502016
0.519217
0.532275
0.52013
0.522433
0.522721
0.508506
0.51698
0.511333
0.531406
0.525755
0.532607
0.521032
0.51302
0.647712
0.500317
0.535757
0.498473
0.520364
0.662929
0.505641
0.520757
0.523008
0.539686
0.521933
0.503169
0.516656
0.52158
0.523555
0.524998
0.519717
0.505252
0.500324
0.522005
0.521212
0.530557
0.508972
0.529164
0.52872
0.5186
0.522915
0.498263
0.505064
0.536759
0.501245
0.518576
0.496116
0.578809
0.521795
0.507537
0.506549
0.510473
0.532573
0.502212
0.508658
0.509718
0.506105
0.553562
0.501477
0.507795
0.491857
0.517857
0.512867
0.505431
0.510666
0.542489
0.501371
0.531092
0.503806
0.607129
0.528232
0.504049
0.511635
0.513856
0.587314
0.507241
0.519398
0.509418
0.497121
0.499955
0.510681
0.623065
0.502826
0.610345
0.527759
0.50595
0.525716
0.50549
0.512471
0.517992
0.515022
0.502368
0.680428
0.73728
0.534635
0.53859
0.500178
0.502997
0.501538
0.507737
0.524575
0.51071
0.590459
0.525256
0.552625
0.513773
0.509422
0.5116
0.513511
0.524827
0.52419
0.530893
0.516299
0.555462
0.512497
0.509745
0.508712
0.518162
0.496906
0.504986
0.509358
0.499392
0.519653
0.512506
0.510713
0.535353
0.51656
0.505139
0.519058
0.554804
0.513831
0.511044
0.508174
0.539688
0.506453
0.503813
0.500236
0.514308
0.496346
0.522243
0.529946
0.525272
0.502818
0.522461
0.502095
0.527728
0.506925
0.525805
0.528123
0.617453
0.533176
0.500995
0.547738
0.501256
0.511109
0.531493
0.494145
0.505861
0.525445
0.49533
0.523568
0.522429
0.507556
0.499774
0.507642
0.50097
0.524173
0.522989
0.524063
0.508177
0.51538
0.513527
0.503007
0.50327
0.512345
0.510118
0.527919
0.505521
0.501381
0.512767
0.745293
0.515726
0.502961
0.538693
0.525913
0.516282
0.51028
0.519451
0.503355
0.53602
0.513713
0.509722
0.510804
0.519125
0.508563
0.50198
0.648317
0.513706
0.501773
0.501358
0.521803
0.525316
0.497143
0.541773
0.523945
0.522231
0.498113
0.516714
0.592173
0.565573
0.561879
0.522558
0.53313
0.529816
0.511034
0.538336
0.505709
0.503768
0.499132
0.508912
0.538646
0.517337
0.526676
0.580683
0.502105
0.529867
0.514312
0.534485
0.505995
0.516017
0.714599
0.534259
0.526336
0.530345
0.505824
0.517128
0.529287
0.520592
0.496428
0.525324
0.684953
0.550251
0.507877
0.500508
0.504331
0.506711
0.513033
0.514109
0.508069
0.51126
0.524608
0.508008
0.510602
0.513228
0.505503
0.512307
0.509696
0.505747
0.532687
0.515842
0.514379
0.525719
0.504599
0.520804
0.514596
0.512946
0.504095
0.513755
0.516769
0.510419
0.507574
0.541376
0.644916
0.550147
0.526952
0.516586
0.507832
0.506443
0.509139
0.519569
0.528847
0.51312
0.511283
0.527019
0.512768
0.527435
0.524912
0.50205
0.522421
0.513816
0.513152
0.536169
0.517301
0.507859
0.501351
0.506355
0.525227
0.512932
0.510379
0.513545
0.512469
0.502397
0.512074
0.512908
0.638223
0.532814
0.528054
0.529771
0.529526
0.5304
0.52632
0.53125
0.505662
0.505222
0.511756
0.629463
0.51176
0.51549
0.512199
0.516998
0.509694
0.58666
0.515728
0.515561
0.501703
0.505459
0.518229
0.523281
0.517838
0.511645
0.520109
0.512132
0.521725
0.531049
0.522384
0.564296
0.502746
0.521147
0.520235
0.518898
0.507103
0.525065
0.537858
0.5267
0.53914
0.512751
0.514711
0.515996
0.505656
0.532576
0.511374
0.509921
0.51213
0.517687
0.513206
0.514019
0.52353
0.516212
0.511752
0.509423
0.5071
0.501098
0.507951
0.520833
0.535536
0.525154
0.5362
0.509567
0.525012
0.514467
0.512606
0.532096
0.543196
0.503385
0.504731
0.520334
0.519461
0.535539
0.510581
0.498948
0.504847
0.526132
0.524958
0.525901
0.527102
0.540481
0.510553
0.517312
0.513517
0.500891
0.511958
0.503618
0.514476
0.51125
0.52099
0.62275
0.528914
0.518886
0.523319
0.518316
0.508575
0.523109
0.520098
0.503217
0.666112
0.539005
0.522412
0.523082
0.518396
0.517605
0.517633
0.533868
0.501878
0.509423
0.511088
0.524966
0.523143
0.511632
0.505978
0.532028
0.514623
0.527249
0.534705
0.526524
0.509284
0.529748
0.51486
0.513848
0.511748
0.564768
0.513151
0.51014
0.510714
0.503644
0.624915
0.516091
0.520347
0.523383
0.521386
0.50923
0.502001
0.501926
0.511562
0.528639
0.533164
0.512219
0.511259
0.515913
0.756225
0.50282
0.51084
0.508653
0.505034
0.508433
0.508122
0.514141
0.523096
0.520245
0.514814
0.527095
0.529002
0.509699
0.510087
0.520824
0.524199
0.530761
0.529816
0.513062
0.504534
0.510984
0.519407
0.51143
0.509261
0.507643
0.513068
0.500794
0.49253
0.621964
0.523099
0.521958
0.535686
0.505459
0.506734
0.514113
0.51078
0.509503
0.513404
0.54524
0.538217
0.504442
0.517789
0.515886
0.535371
0.520587
0.509501
0.504591
0.525582
0.519752
0.511441
0.505258
0.509388
0.514382
0.524363
0.507644
0.515297
0.5134
0.518038
0.510184
0.535748
0.503809
0.792314
0.518153
0.512274
0.552195
0.604161
0.510599
0.514254
0.526317
0.5158
0.533544
0.529304
0.535188
0.505386
0.510358
0.5114
0.503954
0.505796
0.528174
0.521965
0.504563
0.520879
0.505049
0.5104
0.512944
0.524865
0.509352
0.507554
0.511104
0.531085
0.532805
0.512279
0.50474
0.520599
0.527062
0.544925
0.517425
0.518994
0.754234
0.509497
0.51064
0.524055
0.593634
0.503227
0.534
0.523215
0.511239
0.508917
0.52027
0.510035
0.505517
0.513355
0.534089
0.525148
0.603136
0.622629
0.501536
0.604729
0.524253
0.513261
0.515267
0.530694
0.505677
0.513985
0.51101
0.515999
0.510911
0.515652
0.512621
0.534461
0.519469
0.655024
0.505936
0.507166
0.510826
0.515876
0.514149
0.511976
0.520672
0.512401
0.508145
0.517668
0.516225
0.511307
0.510736
0.512992
0.502618
0.515514
0.516776
0.520091
0.65436
0.504063
0.513774
0.525184
0.505227
0.509375
0.508815
0.507018
0.505358
0.508999
0.497272
0.50235
0.511038
0.507017
0.526293
0.522198
0.518227
0.516287
0.509239
0.515497
0.518121
0.52072
0.507527
0.505293
0.507608
0.505324
0.527674
0.643843
0.514812
0.507635
0.503278
0.521511
0.513966
0.528821
0.516446
0.511174
0.527019
0.512233
0.516707
0.511951
0.530508
0.504501
0.519218
0.519254
0.520881
0.533297
0.514809
0.510278
0.575776
0.523269
0.524937
0.575611
0.493483
0.595759
0.500207
0.51791
0.513246
0.530484
0.520554
0.513046
0.506001
0.514466
0.514911
0.526409
0.505362
0.509444
0.502387
0.514257
0.515983
0.511064
0.525088
0.514441
0.521449
0.519239
0.517149
0.510051
0.520151
0.527724
0.505195
0.671951
0.509442
0.50865
0.521396
0.516123
0.508097
0.514383
0.531245
0.535759
0.54127
0.510391
0.508254
0.506452
0.504314
0.51837
0.523558
0.514525
0.514662
0.530694
0.528843
0.520217
0.518826
0.516477
0.681046
0.529973
0.518469
0.505815
0.512091
0.518722
0.522005
0.508794
0.503562
0.515937
0.524825
0.545427
0.527393
0.519489
0.524987
0.534963
0.505971
0.515073
0.5193
0.515255
0.500655
0.532958
0.509316
0.532809
0.54087
0.512047
0.598613
0.525992
0.530289
0.534209
0.512508
0.501151
0.527912
0.496547
0.514743
0.508236
0.595672
0.530246
0.499446
0.54716
0.523106
0.521214
0.510154
0.564015
0.512378
0.513897
0.517632
0.510149
0.521071
0.511596
0.512508
0.530812
0.512504
0.531124
0.538297
0.508582
0.546973
0.503305
0.501483
0.592418
0.515169
0.703041
0.594722
0.514953
0.510818
0.514762
0.619917
0.504347
0.518838
0.532007
0.514539
0.535973
0.509806
0.514155
0.514192
0.530279
0.509644
0.518904
0.513339
0.520928
0.522107
0.51317
0.513031
0.507941
0.52803
0.510015
0.511699
0.502368
0.530779
0.516448
0.535831
0.50839
0.516585
0.513236
0.532319
0.510505
0.506323
0.534768
0.50843
0.556386
0.516142
0.505635
0.527951
0.527921
0.516047
0.514537
0.522958
0.516328
0.633801
0.515169
0.521849
0.525427
0.525448
0.506656
0.506781
0.508563
0.516342
0.510169
0.507638
0.514135
0.507325
0.735246
0.647143
0.506354
0.501479
0.520732
0.521305
0.514297
0.523822
0.517338
0.612701
0.519753
0.517231
0.530081
0.515928
0.501221
0.540289
0.507234
0.516287
0.540895
0.504083
0.505858
0.543754
0.51918
0.520245
0.508417
0.4992
0.531715
0.527761
0.503106
0.503915
0.542157
0.53283
0.50622
0.594876
0.512597
0.541649
0.502029
0.516512
0.501881
0.510065
0.520769
0.515456
0.543004
0.505534
0.549174
0.536995
0.508597
0.527476
0.527179
0.53476
0.640527
0.561556
0.526608
0.498238
0.508623
0.507523
0.528688
0.511672
0.541616
0.502251
0.518557
0.50462
0.504106
0.506574
0.50523
0.505048
0.508017
0.508705
0.532147
0.504123
0.527756
0.530223
0.509675
0.509043
0.519762
0.506673
0.554724
0.507052
0.513061
0.505706
0.515612
