0.518412
0.498236
0.500024
0.500552
0.504171
0.511811
0.506841
0.50733
0.511102
0.511308
0.502768
0.518909
0.516853
0.500697
0.4965
0.533234
0.52994
0.531342
0.552541
0.561968
0.560607
0.571842
0.512764
0.511368
0.50792
0.515258
0.505964
0.504919
0.508652
0.515749
0.509955
0.503103
0.529616
0.523389
0.505244
0.520298
0.520527
0.517138
0.540541
0.544338
0.660011
0.666602
0.789194
0.527621
0.527837
0.508452
0.506602
0.501677
0.499009
0.504011
0.670201
0.728903
0.505961
0.516708
0.50445
0.498385
0.500295
0.510608
0.506355
0.502512
0.511899
0.52761
0.522513
0.520415
0.526182
0.525793
0.513946
0.503547
0.507798
0.502661
0.52303
0.523392
0.509269
0.512681
0.51551
0.515395
0.553429
0.560419
0.515766
0.51591
0.501408
0.508324
0.575734
0.652999
0.53294
0.528378
0.523947
0.51167
0.516816
0.513716
0.525329
0.532005
0.512441
0.517855
0.54287
0.546823
0.529605
0.504587
0.503124
0.500055
0.510118
0.509079
0.503876
0.63196
0.513414
0.53077
0.518318
0.518776
0.530026
0.523736
0.513011
0.515068
0.558165
0.526928
0.505336
0.523652
0.518631
0.504456
0.507171
0.513966
0.518212
0.784582
0.700045
0.626897
0.565431
0.575913
0.513218
0.5107
0.521579
0.52043
0.513438
0.51458
0.517564
0.515912
0.518437
0.519236
0.529479
0.794068
0.89821
0.506662
0.514149
0.509135
0.515415
0.51167
0.509665
0.514076
0.503043
0.51818
0.523832
0.594594
0.521813
0.515015
0.502597
0.50803
0.500116
0.506537
0.531472
0.53282
0.529623
0.507409
0.503242
0.526477
0.526765
0.521236
0.501128
0.502835
0.510266
0.634223
0.522122
0.524276
0.591334
0.497502
0.504986
0.518885
0.519906
0.500626
0.513938
0.511709
0.511893
0.503771
0.5068
0.507316
0.527095
0.515897
0.512479
0.513539
0.504648
0.504425
0.510595
0.530384
0.539875
0.528441
0.537445
0.529293
0.51476
0.512142
0.527275
0.52537
0.525437
0.508121
0.505962
0.517922
0.515033
0.510621
0.52853
0.525207
0.530796
0.533363
0.502742
0.505402
0.502533
0.504814
0.529415
0.529742
0.528443
0.55906
0.593998
0.530316
0.531659
0.554638
0.514948
0.500272
0.513146
0.544467
0.538127
0.545473
0.542548
0.52914
0.521593
0.517232
0.506475
0.523053
0.524667
0.505939
0.50909
0.50406
0.48467
0.501057
0.505683
0.523901
0.527886
0.505368
0.509956
0.504494
0.514134
0.517215
0.517519
0.514604
0.511621
0.507831
0.499869
0.509027
0.502803
0.495904
0.511297
0.518022
0.51962
0.516382
0.517766
0.498578
0.501337
0.499675
0.519631
0.52892
0.528004
0.56841
0.50583
0.520291
0.501284
0.504899
0.504336
0.500139
0.51738
0.526606
0.54196
0.516269
0.531992
0.535473
0.508951
0.51976
0.528239
0.52531
0.511249
0.508118
0.509472
0.528588
0.527448
0.530728
0.519705
0.523437
0.521564
0.504962
0.523984
0.521532
0.582861
0.568389
0.542137
0.522718
0.520835
0.512452
0.510258
0.508515
0.63775
0.604733
0.519347
0.525946
0.527584
0.75298
0.70584
0.780732
0.531246
0.506394
0.519326
0.519947
0.514496
0.527535
0.528011
0.529437
0.508474
0.504666
0.508404
0.504337
0.507713
0.508729
0.615761
0.521422
0.529787
0.50733
0.626239
0.504491
0.504077
0.540533
0.528977
0.505397
0.515484
0.559734
0.570284
0.521579
0.525538
0.521052
0.527162
0.512401
0.489171
0.489343
0.493566
0.608448
0.521125
0.500513
0.516446
0.522729
0.520094
0.514015
0.648364
0.504066
0.513624
0.515037
0.506868
0.504342
0.533333
0.530711
0.606519
0.701127
0.639116
0.525827
0.504667
0.505724
0.51236
0.532159
0.528818
0.527979
0.509154
0.516413
0.516855
0.513871
0.526423
0.520749
0.509785
0.511522
0.51453
0.515272
0.515403
0.502869
0.508532
0.528076
0.524254
0.516207
0.516447
0.50215
0.508296
0.507166
0.512762
0.534124
0.540566
0.522955
0.51915
0.512215
0.511334
0.506831
0.507772
0.503601
0.505956
0.515719
0.510833
0.504135
0.530902
0.554874
0.527746
0.614111
0.700984
0.505046
0.510249
0.510418
0.509382
0.507094
0.507859
0.519952
0.693492
0.628421
0.501764
0.553797
0.547909
0.644147
0.523633
0.520978
0.520911
0.524755
0.524864
0.512105
0.51075
0.509506
0.534686
0.53071
0.511076
0.511704
0.519365
0.515008
0.514202
0.508505
0.523465
0.519735
0.510051
0.511888
0.504405
0.524845
0.529775
0.522688
0.512749
0.50219
0.501671
0.526365
0.533618
0.517137
0.511195
0.900545
0.81445
0.522756
0.527666
0.541853
0.530995
0.511243
0.543691
0.507896
0.50697
0.5167
0.508918
0.536583
0.513358
0.515364
0.516592
0.6519
0.50539
0.518696
0.518503
0.510826
0.520218
0.515069
0.507871
0.514701
0.511182
0.510265
0.509071
0.602086
0.519144
0.522387
0.518607
0.500141
0.500816
0.493338
0.487783
0.501008
0.520892
0.521192
0.521617
0.518986
0.503119
0.511268
0.508707
0.505701
0.506506
0.519405
0.52904
0.529111
0.565277
0.562775
0.552084
0.512559
0.51661
0.527194
0.5285
0.512266
0.511661
0.515423
0.510863
0.514331
0.520436
0.519606
0.520804
0.521624
0.51978
0.528246
0.512558
0.511314
0.535969
0.542021
0.526679
0.528946
0.525659
0.521866
0.505644
0.505435
0.529279
0.529545
0.58897
0.633793
0.586477
0.517646
0.512736
0.522927
0.520439
0.525549
0.534356
0.533426
0.51443
0.514885
0.516312
0.500123
0.525422
0.524452
0.528345
0.533422
0.50799
0.509275
0.504936
0.793989
0.507814
0.510569
0.537077
0.530148
0.520637
0.519513
0.527933
0.508658
0.504581
0.515874
0.501085
0.542178
0.555568
0.512807
0.489826
0.50236
0.488963
0.489872
0.592691
0.498442
0.495566
0.493703
0.507814
0.507778
0.509911
0.535967
0.529523
0.528048
0.508462
0.504793
0.524577
0.5177
0.515174
0.506026
0.530772
0.523559
0.528319
0.508896
0.506446
0.504534
0.517327
0.516991
0.526502
0.522852
0.513419
0.5091
0.519205
0.519821
0.928028
0.502022
0.53216
0.507369
0.511854
0.515211
0.50869
0.517465
0.519376
0.510072
0.507113
0.521202
0.525547
0.508107
0.503328
0.515616
0.502626
0.515703
0.509995
0.519741
0.524566
0.501917
0.518262
0.514094
0.511767
0.599502
0.517093
0.514697
0.526876
0.528603
0.530376
0.52197
0.529901
0.560301
0.578152
0.525679
0.525558
0.525156
0.674448
0.520383
0.522321
0.522224
0.516313
0.522222
0.524796
0.52367
0.531006
0.521324
0.524774
0.524713
0.522373
0.515535
0.509782
0.51063
0.525893
0.711964
0.533755
0.505177
0.513009
0.507367
0.539379
0.524512
0.50852
0.510895
0.528127
0.521224
0.524314
0.504493
0.507745
0.534823
0.520989
0.523375
0.500347
0.502442
0.508404
0.508643
0.51609
0.514727
0.525762
0.524565
0.519942
0.513741
0.499327
0.512157
0.507578
0.501584
0.519215
0.532207
0.515901
0.532613
0.529229
0.527239
0.532253
0.533159
0.531887
0.502411
0.514888
0.53092
0.516379
0.516674
0.56694
0.586196
0.562041
0.503527
0.503329
0.501329
0.508521
0.506945
0.506938
0.638192
0.502265
0.502742
0.522205
0.509093
0.528577
0.528233
0.532739
0.503351
0.512184
0.51539
0.55092
0.547745
0.505693
0.504671
0.506372
0.505613
0.517552
0.588826
0.517508
0.525164
0.526724
0.509256
0.517018
0.516285
0.516648
0.511781
0.515177
0.534981
0.510468
0.513611
0.519852
0.51539
0.51282
0.500143
0.524249
0.521213
0.52057
0.523489
0.517011
0.520949
0.504485
0.511061
0.520441
0.520974
0.534912
0.533234
0.50148
0.523968
0.526552
0.520489
0.533196
0.517111
0.511139
0.561014
0.585913
0.501024
0.501502
0.502045
0.512421
0.524306
0.540748
0.535983
0.497786
0.5377
0.541323
0.515961
0.506786
0.524077
0.505769
0.503869
0.510138
0.511094
0.510177
0.509738
0.522621
0.519694
0.521104
0.514851
0.518209
0.518421
0.505498
0.617946
0.525273
0.526687
0.546748
0.529042
0.505505
0.514003
0.530199
0.51947
0.758147
0.953187
0.532293
0.529567
0.512972
0.512247
0.533028
0.510664
0.511173
0.517182
0.51516
0.516444
0.513629
0.532545
0.851494
0.520711
0.522759
0.507484
0.514328
0.507938
0.51177
0.5132
0.506011
0.5039
0.512221
0.511786
0.511641
0.511191
0.504261
0.50387
0.524981
0.513832
0.513054
0.509664
0.511245
0.516237
0.506645
0.50276
0.504283
0.578369
0.508931
0.515736
0.519254
0.515884
0.511681
0.513269
0.515775
0.531979
0.5751
0.511656
0.509553
0.503513
0.503625
0.498952
0.531781
0.508148
0.689143
0.510298
0.562361
0.583918
0.515169
0.509
0.498643
0.501502
0.50562
0.525813
0.623095
0.612857
0.522017
0.514284
0.506505
0.513793
0.50098
0.604541
0.57867
0.500041
0.508217
0.503231
0.529373
0.54373
0.503846
0.506312
0.512204
0.510605
0.511925
0.573572
0.510984
0.560774
0.566721
0.521893
0.516385
0.504865
0.528857
0.500764
0.50226
0.576781
0.502891
0.502803
0.501141
0.501168
0.506664
0.508174
0.506079
0.522891
0.490043
0.488349
0.529783
0.521572
0.500777
0.512701
0.496097
0.521858
0.504495
0.505387
0.527851
0.530626
0.582771
0.508537
0.507902
0.50279
0.499056
0.502736
0.541447
0.53629
0.50436
0.506796
0.523572
0.524035
0.503682
0.510374
0.58405
0.506802
0.50302
0.489302
0.5316
0.548446
0.49161
0.532651
0.530261
0.532618
0.515949
0.520614
0.506782
0.50281
0.520795
0.53559
0.530146
0.505965
0.521879
0.533346
0.526299
0.506678
0.509284
0.550084
0.524813
0.524724
0.53451
0.519014
0.50838
0.508921
0.508549
0.51325
0.506568
0.501549
0.511896
0.511106
0.516573
0.520499
0.530197
0.524703
0.546286
0.508306
0.509688
0.559912
0.554236
0.509978
0.512186
0.527349
0.548406
0.511089
0.506108
0.512312
0.507615
0.510037
0.505418
0.528364
0.511442
0.522503
0.542336
0.714486
0.515566
0.5144
0.514399
0.514932
1.03407
0.512274
0.542707
0.54416
0.528379
0.512824
0.511003
0.501702
0.579259
0.518267
0.530676
0.52812
0.520049
0.574053
0.579704
0.51658
0.511919
0.514011
0.51095
0.501812
0.512756
0.501708
0.510567
0.519783
0.768242
0.506617
0.534584
0.521546
0.527892
0.550863
0.529962
0.510306
0.507839
0.512572
0.500085
0.51389
0.508834
0.555068
0.521784
0.523009
0.521094
0.69629
0.503408
0.502237
0.51018
0.517245
0.518575
0.509955
0.502852
0.53159
0.517965
0.520294
0.528672
0.526317
0.526373
0.500652
0.492673
0.705812
0.505999
0.526583
0.519668
0.521005
0.520349
0.510979
0.529483
0.516076
0.77399
0.506049
0.508809
0.531444
0.528385
0.51381
0.621779
0.535801
0.503103
0.514087
0.729813
0.609412
0.501184
0.505228
0.50638
0.511056
0.517229
0.528198
0.523584
0.502794
0.487226
0.518649
0.527418
0.495388
0.513313
0.506861
0.674953
0.519936
0.499642
0.520744
0.520077
0.501271
0.539209
0.498264
0.499765
0.512055
0.50753
0.521746
0.528467
0.524248
0.667422
0.613255
0.638388
0.509607
0.507651
0.507982
0.592153
0.510822
0.514532
0.519035
0.523397
0.512939
0.531026
0.526488
0.514965
0.515986
0.50453
0.757218
0.502274
0.501099
0.551398
0.54582
0.511731
0.521924
0.526222
0.523016
0.523777
0.513838
0.528468
0.525412
0.522063
0.505384
0.531527
0.533018
0.506104
0.51655
0.497141
0.52304
0.512692
0.585099
0.504721
0.560144
0.552344
0.521355
0.524195
0.532846
0.531027
0.517159
0.51606
0.528564
0.504033
0.513303
0.514813
0.525775
0.527713
0.506146
0.510988
0.514861
0.499986
0.499498
0.499757
0.509311
0.505163
0.510454
0.502684
0.522103
0.986791
0.503157
0.50324
0.508686
0.521459
0.517813
0.695513
0.821498
0.52
0.514881
0.507351
0.50281
0.505306
0.525456
0.525679
0.526819
0.523706
0.506279
0.508312
0.502008
0.529687
0.533962
0.528422
0.515101
0.501288
0.513914
0.525511
0.504614
0.554243
0.512113
0.521403
0.51869
0.504541
0.518052
0.809639
0.496205
0.509792
0.524866
0.514726
0.517204
0.508122
0.522493
0.510904
0.593596
0.681488
0.523941
0.497997
0.746003
0.516331
0.511227
0.524785
0.521132
0.515616
0.500231
0.516395
0.504494
0.508393
0.511538
0.505766
0.505493
0.517745
0.525421
0.502534
0.522458
0.50269
0.508441
0.516044
0.511256
0.523698
0.512071
0.53544
0.513921
0.526745
0.529363
0.531478
0.504937
0.523645
0.534657
0.51669
0.740206
0.515775
0.609922
0.621848
0.539984
0.532457
0.521851
0.525788
0.516195
0.49137
0.526303
0.523215
0.529364
0.514735
0.528444
0.524736
0.518039
0.517799
0.514977
0.525671
0.5038
0.542933
0.520162
0.516979
0.51606
0.519295
0.555593
0.553436
0.50056
0.516783
0.511206
0.518366
0.519686
0.520469
0.508572
0.642767
0.50936
0.509325
0.524146
0.52264
0.535408
0.531277
0.506251
0.502199
0.501894
0.517362
0.516796
0.519464
0.515125
0.515971
0.534315
0.515947
0.523796
0.520092
0.52408
0.513705
0.515028
0.518122
0.532301
0.543922
0.508087
0.507976
0.533595
0.511184
0.536099
0.688221
0.499792
0.534355
0.523485
0.510172
0.526871
0.526204
0.531988
0.522226
0.507715
0.514529
0.511591
0.532896
0.508317
0.531907
0.508111
0.501152
0.498386
0.511911
0.520844
0.504563
0.501043
0.525915
0.518237
0.527299
0.529426
0.506612
0.503891
0.499377
0.505102
0.510635
0.512921
0.512605
0.50902
0.510335
0.511606
0.51633
0.515014
0.501262
0.508422
0.514211
0.506852
0.522418
0.508768
0.521776
0.497161
0.520819
0.514725
0.521187
0.541086
0.49941
0.508463
0.517143
0.519878
0.51102
0.503248
0.506472
0.52297
0.512757
0.52649
0.522069
0.519366
0.529819
0.499707
0.538842
0.545192
0.538936
0.5491
0.552278
0.516298
0.513898
0.533371
0.51276
0.513743
0.535095
0.513402
0.517145
0.529107
0.512381
0.504226
0.500711
0.521444
0.506367
0.51085
0.51284
0.532986
0.568323
0.524424
0.519538
0.546556
0.538256
0.530485
0.51198
0.509951
0.520905
0.530757
0.499604
0.515662
0.543312
0.552575
0.619402
0.533089
0.509978
0.533956
0.530581
0.51527
0.51324
0.528355
0.520202
0.510322
0.522483
0.524903
0.518623
0.517472
0.509586
0.549471
0.504857
0.505169
0.505961
0.516888
0.512913
0.510244
0.507416
0.506271
0.503326
0.554482
0.499752
0.797961
0.521444
0.498529
0.558929
0.73826
0.508541
0.539372
0.546277
0.517571
0.511125
0.514376
0.508973
0.515711
0.505918
0.530332
0.537771
0.508483
0.51713
0.509876
0.523448
0.510639
0.49841
0.499685
0.50149
0.520993
0.520702
0.604109
0.534615
0.527577
0.507084
0.523033
0.58853
0.522648
0.532184
0.590833
0.507492
0.50854
0.527663
0.527749
0.53062
0.712041
0.513674
0.509757
0.512248
0.515336
0.506905
0.594618
0.502188
0.498139
0.500937
0.527849
0.515643
0.526693
0.569581
0.51271
0.513488
0.765991
0.505681
0.536635
0.508404
0.511752
0.506489
0.518727
0.536844
0.497449
0.62635
0.498258
0.796786
0.509883
0.523638
0.553939
0.549963
0.717595
0.575574
0.510756
0.508015
0.502262
0.513654
0.519437
0.528583
0.501059
0.526019
0.519594
0.506475
0.516873
0.504165
0.497918
0.514407
0.501424
0.510026
0.506727
0.551416
0.50055
0.508316
0.501785
0.584543
0.52733
0.500754
0.521041
0.524434
0.526548
0.503386
0.509433
0.50585
0.508532
0.505825
0.503858
0.500424
0.502224
0.519655
0.537144
0.545572
0.507203
0.514905
0.520636
0.564915
0.5249
0.532119
0.516535
0.527045
0.504089
0.501067
0.706038
0.505546
0.523637
0.746526
0.697953
0.519752
0.512162
0.561019
0.50629
0.50615
0.507825
0.50877
0.525858
0.506627
0.515365
0.615152
0.493478
0.496814
0.513279
0.517458
0.521358
0.508399
0.64891
0.5058
0.501646
0.617361
0.539744
0.530889
0.535275
0.501942
0.512019
0.501216
0.524862
0.507673
0.507072
0.511872
0.502166
0.504809
0.52746
0.50932
0.508893
0.518591
0.5293
0.506669
0.5289
0.530959
0.513286
0.511937
0.520623
0.533341
0.498435
0.503008
0.509021
0.509378
0.50719
0.506656
0.511388
0.529087
0.517415
0.526053
0.520836
0.49904
0.500005
0.500793
0.602883
0.575058
0.529773
0.528733
0.510365
0.524759
0.532383
0.524533
0.540513
0.52531
0.503191
0.50165
0.503878
0.538189
0.514821
0.526472
0.517336
0.604396
0.503053
0.520473
0.521266
0.512799
0.515441
0.510095
0.503256
0.513155
0.514024
0.549453
0.509281
0.502917
0.504227
0.512203
0.537183
0.533014
0.523924
0.531413
0.51357
0.499615
0.498424
0.553085
0.505593
0.504766
0.687348
0.506973
0.507705
0.501147
0.54146
0.508313
0.551094
0.511081
0.510723
0.531791
0.514925
0.52715
0.52173
0.578589
0.50789
0.516963
0.503623
0.529387
0.509415
0.526111
0.503946
0.522492
0.529913
0.736867
0.532021
0.519165
0.521578
0.521154
0.514809
0.521025
0.507357
0.508638
0.515988
0.807728
0.527703
0.53
0.509502
0.514144
0.520117
0.521768
0.509018
0.512495
0.52617
0.506958
0.529051
0.52944
0.532667
0.513128
0.511094
0.539817
0.505715
0.508023
0.84752
0.519427
0.513946
0.509423
0.519901
0.510588
0.548343
0.517824
0.535342
0.540705
0.519592
0.517118
0.517441
0.531214
0.516463
0.506683
0.513936
0.516443
0.502422
0.535989
0.534951
0.51322
0.511144
0.51043
0.513708
0.52199
0.508014
0.514167
0.518587
0.518379
0.508536
0.513279
0.52058
0.516291
0.512625
0.592601
0.576561
0.520137
0.506107
0.517907
0.523362
0.560148
0.531874
0.498834
0.512712
0.548535
0.524692
0.524118
0.510782
0.511118
0.495168
0.506326
0.531423
0.517717
0.51634
0.51533
0.525309
0.514089
0.51914
0.5282
0.581912
0.512762
0.506885
0.519124
0.520747
0.524356
0.508239
0.515713
0.719492
0.511
0.520339
0.513912
0.505053
0.500719
0.758941
0.527825
0.522458
0.52711
0.522785
0.52797
0.519395
0.506692
0.503146
0.508744
0.517707
0.516072
0.516874
0.518341
0.506535
0.506894
0.511919
0.529826
0.532197
0.512237
0.518387
0.527709
0.515528
0.534749
0.498222
0.562566
0.506467
0.518687
0.524137
0.516256
0.512025
0.51305
0.51697
0.508374
0.88294
0.524644
0.516797
0.508234
0.516093
0.518515
0.518752
0.511107
0.5219
0.521821
0.569157
0.523318
0.524072
0.513665
0.562939
0.515049
0.513002
0.519651
0.537035
0.509066
0.517445
0.520576
0.521628
0.525057
0.519323
0.522013
0.534411
0.516309
0.513418
0.519081
0.511705
0.520471
0.530719
0.510779
0.521138
0.505792
0.522918
0.51178
0.508339
0.541929
0.505296
0.510872
0.514665
0.508259
0.517018
0.520344
0.522093
0.539039
0.533328
0.519863
0.524756
0.505096
0.508371
0.503454
0.506198
0.513241
0.513193
0.505835
0.513054
0.523184
0.528129
0.531651
0.522103
0.5266
0.50431
0.532424
0.53692
0.533606
0.531522
0.510932
0.512282
0.509353
0.514524
0.527636
0.516772
0.523305
0.522384
0.518529
0.520024
0.508686
0.517444
0.514058
0.508658
0.507521
0.521751
0.521083
0.518817
0.51714
0.524605
0.513776
0.512719
0.714235
0.674228
0.534828
0.526692
0.58641
0.701086
0.524239
0.508319
0.510842
0.513207
0.509346
0.533036
0.502178
0.534732
0.51983
0.506161
0.566202
0.516761
0.528802
0.503141
0.504757
0.580065
0.505509
0.501263
0.501154
0.523332
0.524932
0.505953
0.514708
0.512553
0.524557
0.511203
0.514306
0.524073
0.52561
0.50833
0.521371
0.536224
0.505375
0.50299
0.514487
0.517449
0.522857
0.515208
0.521591
0.505463
0.510801
0.512163
0.509266
0.51473
0.511364
0.518732
0.517072
0.534724
0.536662
0.518191
0.505746
0.513825
0.514505
0.535256
0.518461
0.593769
0.515777
0.533012
0.607513
0.643651
0.5227
0.527568
0.512371
0.512947
0.533331
0.631736
0.513568
0.534591
0.517431
0.509901
0.515892
0.507806
0.505183
0.519187
0.52612
0.52412
0.508804
0.543192
0.522252
0.512755
0.511285
0.666587
0.518572
0.519063
0.516778
0.517677
0.512904
0.530472
0.573703
0.510112
0.518911
0.532324
0.509651
0.519732
0.521814
0.528338
0.511502
0.502848
0.513776
0.517369
0.509899
0.50646
0.503374
0.503134
0.517096
0.527658
0.534206
0.518256
0.510921
0.525721
0.524237
0.510638
0.544096
0.514198
0.505841
0.601117
0.521958
0.534247
0.512671
0.514734
0.511353
0.514309
0.515158
0.521122
0.517212
0.519145
0.509501
0.517928
0.502712
0.507452
0.509466
0.507581
0.531894
0.524074
0.528776
0.529279
0.5084
0.505975
0.560888
0.51629
0.562916
0.559505
0.650689
0.533879
0.538288
0.519948
0.531648
0.502187
0.504098
0.605702
0.515383
0.589621
0.526927
0.534499
0.52206
0.524435
0.679615
0.520146
0.495555
0.51501
0.504876
0.524164
0.565077
0.572713
0.504237
0.528764
0.50965
0.511059
0.508017
0.504761
0.510631
0.508584
0.523443
0.514682
0.512653
0.582234
0.51292
0.521635
0.523572
0.502374
0.504692
0.507881
0.509192
0.534335
0.526203
0.509585
0.507555
0.519661
0.510468
0.529505
0.514157
0.511633
0.52224
0.525031
0.503116
0.505693
0.50384
0.506533
0.530522
0.570302
0.513654
0.765612
0.520298
0.518262
0.510934
0.640784
0.530225
0.513313
0.529795
0.531706
0.542296
0.514882
0.513456
0.524634
0.53454
0.540988
0.529977
0.51918
0.518986
0.596607
0.512903
0.49805
0.508971
0.51418
0.500003
0.535349
0.522578
0.526927
0.50762
0.509568
0.509019
0.729265
0.50892
0.516401
0.515436
0.519645
0.506062
0.517564
0.547838
0.511765
0.510706
0.517567
0.513464
0.502283
0.543765
0.530148
0.529831
0.509576
0.517024
0.506379
0.523192
0.539713
0.514682
0.509457
0.50427
0.534499
0.522597
0.523351
0.520542
0.506662
0.504462
0.878618
0.524551
0.51314
0.53453
0.513009
0.508318
0.50148
0.509958
0.572398
0.529304
0.524827
0.520246
0.4992
0.50058
0.503306
0.506095
0.532854
0.524637
0.957738
0.513655
0.510073
0.509035
0.515239
0.557993
0.503211
0.504139
0.514775
0.511409
0.51136
0.548153
0.503963
0.541401
0.52096
0.519984
0.514568
0.515215
0.503306
0.511807
0.508127
0.516994
0.543904
0.518384
0.517738
0.554636
0.513859
0.505814
0.508097
0.512261
0.520659
0.504369
0.523715
0.511145
0.503399
0.541692
0.758423
0.507337
0.508556
0.502977
0.502588
0.512479
0.510274
0.519152
0.515477
0.531088
0.514087
0.621011
0.528972
0.539664
0.512068
0.517282
0.510138
0.512163
0.515912
0.509863
0.528133
0.50482
0.518075
0.512159
0.523487
0.50366
0.531805
0.507351
0.546302
0.521623
0.545297
0.529136
0.506661
0.501731
0.507807
0.517533
0.519832
0.506653
0.504647
0.5044
0.506568
0.532651
0.509328
