0.52892
0.512173
0.528808
0.528962
0.509231
0.511995
0.513388
0.508243
0.509918
0.505886
0.503535
0.501757
0.758544
0.488197
0.504105
0.511239
0.509636
0.528119
0.523938
0.526651
0.539844
0.541098
0.546085
0.547478
0.512342
0.513603
0.504088
0.500501
0.515301
0.515954
0.513414
0.506524
0.518973
0.519901
0.52551
0.501771
0.505048
0.50367
0.50317
0.505525
0.540428
0.538073
0.537494
0.531017
0.537653
0.661218
0.688179
0.506199
0.510018
0.504144
0.512177
0.53423
0.537606
0.516649
0.511843
0.529294
0.507575
0.521005
0.506413
0.507537
0.530612
0.512611
0.507938
0.506475
0.507187
0.506462
0.523686
0.527335
0.523943
0.524419
0.521846
0.520281
0.51899
0.519458
0.534044
0.533776
0.530775
0.553521
0.55841
0.517329
0.50593
0.509116
0.498877
0.507284
0.689213
0.589284
0.528327
0.520462
0.519675
0.527612
0.528166
0.508874
0.513468
0.536332
0.537029
0.539742
0.514837
0.513776
0.50377
0.506405
0.506096
0.506924
0.506924
0.50648
0.509906
0.504074
0.508962
0.528125
0.519811
0.52291
0.552619
0.548758
0.52691
0.528938
0.523989
0.528463
0.524904
0.512491
0.51238
0.513887
0.60698
0.57008
0.519731
0.589021
0.598365
0.585863
0.550285
0.554463
0.560252
0.515703
0.518426
0.507789
0.51978
0.532358
0.519868
0.519466
0.680664
0.662137
0.698266
0.517322
0.512731
0.528999
0.525398
0.51451
0.51721
0.503095
0.505254
0.515111
0.517828
0.532648
0.52679
0.522154
0.521415
0.506583
0.502067
0.503819
0.503701
0.503383
0.502957
0.503926
0.50327
0.524041
0.52151
0.545972
0.504391
0.50371
0.506329
0.516164
0.510286
0.525125
0.52154
0.521466
0.502429
0.506669
0.521325
0.51948
0.505366
0.512304
0.514727
0.50417
0.520084
0.517734
0.509165
0.508824
0.521712
0.526587
0.502025
0.507718
0.509431
0.501016
0.518281
0.50969
0.508938
0.499364
0.5109
0.513842
0.528329
0.524048
0.52629
0.532251
0.529647
0.510888
0.528782
0.52408
0.506868
0.515641
0.527127
0.52879
0.526114
0.50367
0.50213
0.519309
0.505897
0.519152
0.518477
0.507326
0.527216
0.527883
0.504202
0.509813
0.562099
0.617893
0.524456
0.507595
0.509625
0.504706
0.524506
0.523119
0.578361
0.497128
0.495138
0.508109
0.503435
0.504748
0.506305
0.542226
0.528819
0.536453
0.509763
0.508845
0.509164
0.501483
0.523692
0.787315
0.836137
0.496792
0.527741
0.526713
0.524376
0.526349
0.510039
0.530883
0.515763
0.513619
0.51162
0.528748
0.513585
0.5094
0.511317
0.50446
0.523945
0.518344
0.522147
0.555155
0.565791
0.49842
0.509158
0.528521
0.539836
0.525033
0.523172
0.512589
0.514171
0.525684
0.504116
0.504144
0.534658
0.532286
0.520568
0.502387
0.502375
0.509392
0.505923
0.504311
0.524531
0.52389
0.538877
0.536272
0.53103
0.539219
0.5387
0.533728
0.531254
0.505048
0.519548
0.519901
0.510485
0.510016
0.512193
0.513619
0.511208
0.518398
0.523616
0.515119
0.505223
0.521618
0.524735
0.55059
0.513842
0.524239
0.517402
0.502465
0.51469
0.5157
0.505531
0.595065
0.521548
0.517732
0.625836
0.607625
0.641247
0.522072
0.52297
0.528595
0.515639
0.527617
0.527487
0.53607
0.511288
0.528637
0.513911
0.516419
0.532456
0.509316
0.511369
0.511578
0.512665
0.517897
0.517132
0.507574
0.50976
0.508445
0.637966
0.521241
0.526276
0.52383
0.534505
0.533904
0.549247
0.558344
0.503641
0.519631
0.523274
0.510728
0.511452
0.51214
0.491415
0.504896
0.517153
0.514856
0.52114
0.579394
0.516279
0.514984
0.512859
0.518081
0.519217
0.51659
0.504077
0.527325
0.512722
0.51696
0.518322
0.510868
0.509737
0.653013
0.522257
0.508847
0.514388
0.640674
0.510166
0.511434
0.513475
0.509353
0.511244
0.515667
0.515315
0.507194
0.52053
0.504743
0.508036
0.508852
0.507987
0.527238
0.52737
0.541323
0.552347
0.501587
0.528938
0.694381
0.746316
0.515335
0.529014
0.642555
0.509389
0.562581
0.579693
0.517002
0.515693
0.512239
0.510807
0.513118
0.520544
0.503967
0.509627
0.516703
0.532079
0.534348
0.534591
0.553185
0.547893
0.509317
0.507843
0.505948
0.506825
0.507034
0.510074
0.538298
0.534943
0.51006
0.509382
0.529487
0.520837
0.518244
0.512822
0.512981
0.506518
0.534452
0.530939
0.5038
0.513217
0.513419
0.511735
0.530187
0.533323
0.51401
0.517973
0.514209
0.502045
0.508667
0.50855
0.52869
0.501366
0.503117
0.501344
0.52484
0.538225
0.508302
0.504271
0.504436
0.503634
0.689898
0.674051
0.686618
0.658387
0.527511
0.519808
0.551006
0.509015
0.57171
0.509172
0.512537
0.517058
0.519324
0.500554
0.49492
0.77556
0.502556
0.507627
0.532897
0.509006
0.499647
0.51296
0.516921
0.521734
0.512739
0.519366
0.505937
0.517255
0.512692
0.51056
0.503809
0.508236
0.506542
0.507154
0.510449
0.507032
0.515691
0.517715
0.542469
0.515603
0.517786
0.517522
0.519935
0.524351
0.510194
0.509258
0.504128
0.510138
0.521229
0.529062
0.734371
0.607841
0.575184
0.527894
0.528978
0.516826
0.522377
0.500105
0.513
0.526429
0.523837
0.523952
0.524215
0.52259
0.522905
0.523464
0.516259
0.528775
0.511365
0.511618
0.530692
0.543257
0.520587
0.5182
0.522218
0.519348
0.503552
0.530942
0.533388
0.508671
0.500204
0.524053
0.514559
0.523178
0.509703
0.503309
0.596118
0.529652
0.510601
0.510764
0.504853
0.507958
0.530052
0.517905
0.508319
0.494939
0.552879
0.552325
0.513295
0.515296
0.522795
0.516189
0.551742
0.565371
0.504707
0.50503
0.537963
0.527731
0.529024
0.524476
0.527854
0.503764
0.499014
0.499669
0.518973
0.515093
0.509658
0.518413
0.527648
0.504818
0.507879
0.530713
0.53401
0.522863
0.502291
0.505306
0.503156
0.503609
0.520832
0.522099
0.530941
0.524645
0.50856
0.5066
0.50856
0.501972
0.506679
0.510415
0.513481
0.517566
0.516699
0.520121
0.520896
0.512222
0.507895
0.507389
0.526023
0.531099
0.534364
0.522555
0.522333
0.503899
0.505484
0.510128
0.511592
0.523489
0.52369
0.495366
0.517593
0.513937
0.51778
0.518168
0.514889
0.513266
0.502141
0.51556
0.507849
0.516279
0.573806
0.606956
0.51646
0.512464
0.526048
0.529505
0.534111
0.518361
0.526393
0.527664
0.528722
0.526327
0.541793
0.548346
0.519897
0.522492
0.520097
0.519982
0.521232
0.520512
0.530225
0.518104
0.51708
0.520476
0.520812
0.524627
0.504306
0.504685
0.522238
0.893152
0.651084
0.52136
0.523942
0.508612
0.512724
0.51282
0.515844
0.519415
0.51199
0.512232
0.545284
0.735913
0.523198
0.524322
0.519001
0.504733
0.520031
0.524722
0.520248
0.527002
0.522756
0.514706
0.514033
0.506773
0.524339
0.528473
0.624812
0.526939
0.526867
0.526191
0.510672
0.514476
0.508471
0.512732
0.524357
0.524828
0.516183
0.518192
0.505038
0.520442
0.515128
0.502188
0.504919
0.537264
0.531892
0.533391
0.50795
0.511993
0.525829
0.544889
0.540077
0.511392
0.526864
0.530633
0.50875
0.523803
0.516203
0.516795
0.514942
0.522587
0.511559
0.520603
0.519889
0.524504
0.522602
0.517022
0.515144
0.574129
0.582567
0.555717
0.515225
0.594559
0.503625
0.511393
0.529738
0.527435
0.529937
0.525794
0.527739
0.50024
0.499807
0.515105
0.511082
0.514562
0.510405
0.510215
0.508229
0.508493
0.510983
0.514109
0.516024
0.508879
0.512832
0.514093
0.513827
0.503114
0.506524
0.531535
0.509348
0.514555
0.528906
0.504665
0.502014
0.518866
0.507079
0.511738
0.513625
0.515482
0.511772
0.513849
0.506487
0.510154
0.526759
0.527682
0.519231
0.52148
0.534964
0.521724
0.532116
0.528799
0.550871
0.576864
0.555976
0.502544
0.515998
0.500118
0.499409
0.501083
0.504489
0.515979
0.745086
0.511112
0.526742
0.509926
0.524497
0.520713
0.52014
0.519388
0.502456
0.5058
0.608218
0.509834
0.509131
0.507075
0.510382
0.512751
0.513119
0.519917
0.511954
0.774045
0.53711
0.533492
0.526774
0.522988
0.538468
0.511547
0.506051
0.50269
0.524361
0.514058
0.523643
0.519124
0.505187
0.509428
0.522073
0.520434
0.519293
0.516527
0.523483
0.580482
0.529881
0.501966
0.503982
0.507717
0.524117
0.52226
0.516885
0.530573
0.548707
0.514039
0.508557
0.510986
0.534298
0.530336
0.530266
0.529226
0.555256
0.496493
0.521181
0.504933
0.507866
0.513145
0.530104
0.537543
0.538687
0.507131
0.507009
0.518725
0.51711
0.497063
0.501096
0.511665
0.706215
0.525382
0.524881
0.504592
0.507383
0.515553
0.507529
0.510116
0.511484
0.525951
0.52195
0.529002
0.515379
0.511662
0.520557
0.516208
0.514387
0.502731
0.615458
0.521681
0.514977
0.514386
0.522583
0.558039
0.72461
0.498446
0.504728
0.519366
0.519031
0.532821
0.499345
0.512965
0.515806
0.506021
0.641438
0.527317
0.513797
0.522051
0.527687
0.559691
0.575848
0.540564
0.528957
0.506368
0.505111
0.667981
0.518394
0.511476
0.531349
0.533987
0.517507
0.501451
0.504652
0.511855
0.563461
0.544677
0.506217
0.509157
0.509108
0.516742
0.495242
0.500777
0.502257
0.500911
0.514795
0.51927
0.501406
0.502731
0.510913
0.501542
0.504255
0.512222
0.512997
0.520571
0.502142
0.531676
0.518247
0.530273
0.557807
0.542911
0.500845
0.51946
0.508993
0.505959
0.509564
0.499932
0.519479
0.784833
0.528706
0.525418
0.510313
0.509295
0.521202
0.525017
0.540154
0.508943
0.543695
0.551888
0.500985
0.526092
0.505536
0.505203
0.594916
0.510463
0.501585
0.506726
0.525638
0.501907
0.524736
0.544571
0.521177
0.515192
0.512765
0.524686
0.522229
0.540435
0.542926
0.534744
0.516358
0.512521
0.50175
0.512817
0.513648
0.514241
0.511903
0.510609
0.535064
0.522766
0.504433
0.531543
0.533223
0.532001
0.535253
0.524638
0.530068
0.524532
0.529589
0.51253
0.521031
0.508901
0.506452
0.542215
0.503825
0.516648
0.515439
0.519141
0.507366
0.510005
0.520725
0.511888
0.502428
0.531543
0.527597
0.528389
0.755693
0.505418
0.519093
0.515922
0.522816
0.538201
0.537408
0.501216
0.512729
0.512043
0.514955
0.519888
0.509373
0.49898
0.528531
0.509207
0.512966
0.498477
0.522565
0.524039
0.506882
0.519688
0.510795
0.529555
0.777992
0.521941
0.524314
0.500948
0.527682
0.532105
0.500494
0.509113
0.747368
0.736516
0.532096
0.523442
0.520501
0.518635
0.507922
0.505773
0.500721
0.5006
0.534556
0.589102
0.511383
0.509116
0.530531
0.520666
0.509352
0.515023
0.720536
0.717141
0.502064
0.551024
0.546423
0.505893
0.513084
0.508518
0.53072
0.504305
0.528834
0.52627
0.514153
0.513189
0.512348
0.512589
0.518201
0.517524
0.505522
0.504583
0.507476
0.507957
0.664006
0.685018
0.502502
0.508281
0.497139
0.501461
0.538324
0.518741
0.495705
0.502653
0.504706
0.518929
0.518734
0.527491
0.526058
0.520313
0.505888
0.509458
0.504292
0.506716
0.520253
0.501196
0.506561
0.577768
0.52078
0.496374
0.501906
0.502109
0.506416
0.535795
0.537375
0.519001
0.507338
0.526596
0.503698
0.512805
0.526576
0.511008
0.504458
0.499245
0.504873
0.557845
0.507581
0.504465
0.499891
0.526405
0.509498
0.552342
0.516914
0.504454
0.505397
0.51169
0.542063
0.54959
0.501815
0.529787
0.51473
0.512917
0.515313
0.506972
0.506735
0.503705
0.52553
0.510679
0.510179
0.52903
0.501818
0.615567
0.611086
0.496182
0.504157
0.555583
0.753509
0.498989
0.497496
0.494342
0.504697
0.516915
0.508345
0.502867
0.510315
0.507727
0.525893
0.509926
0.515626
0.518052
0.5448
0.504862
0.517874
0.514025
0.693745
0.658937
0.524218
0.506983
0.505673
0.685308
0.696737
0.51211
0.692799
0.643426
0.518504
0.517268
0.507352
0.720864
0.676996
0.646567
0.651479
0.63658
0.517586
0.517329
0.511291
0.507889
0.508103
0.51197
0.69143
0.607926
0.51298
0.510521
0.507745
0.510479
0.516995
0.507905
0.508676
0.511607
0.511149
0.524648
0.520628
0.522761
0.506085
0.535179
0.510925
0.705252
0.495512
0.496304
0.520603
0.527218
0.529732
0.51781
0.52883
0.521491
0.511834
0.612959
0.51129
0.535831
0.519558
0.527659
0.511193
0.510316
0.503888
0.50604
0.511771
0.526998
0.504545
0.514088
0.498162
0.520059
0.53337
0.527087
0.533609
0.51514
0.631405
0.555456
0.517456
0.523848
0.549423
0.517504
0.504022
0.522897
0.501121
0.53337
0.826975
0.515682
0.515938
0.519702
0.508853
0.507205
0.504077
0.526839
0.525751
0.550844
0.581197
0.515203
0.51883
0.512227
0.529085
0.521566
0.521826
0.518426
0.508079
0.505191
0.504754
0.5324
0.524304
0.506375
0.512352
0.519746
0.85944
0.508162
0.506359
0.510545
0.490873
0.531165
0.517169
0.526668
0.510081
0.508642
0.506968
0.511436
0.531205
0.532601
0.50208
0.526037
0.523953
0.591473
0.5386
0.515597
0.499835
0.528751
0.529728
0.504625
0.511664
0.529185
0.506638
0.529011
0.50336
0.510684
0.580703
0.524463
0.502143
0.50103
0.508458
0.504391
0.502153
0.504367
0.516119
0.510542
0.509607
0.503776
0.503577
0.514418
0.506917
0.52964
0.542002
0.509859
0.509089
0.508854
0.511231
0.529819
0.500394
0.534284
0.51588
0.513229
0.514231
0.50655
0.526631
0.520036
0.512466
0.516514
0.537902
0.508899
0.527482
0.504977
0.548697
0.548492
0.515362
0.507394
0.507742
0.515772
0.52214
0.508946
0.529744
0.519256
0.521524
0.510242
0.572541
0.612108
0.579887
0.502712
0.503883
0.512112
0.523755
0.503456
0.525762
0.508966
0.513704
0.522724
0.514606
0.514689
0.500714
0.514102
0.513825
0.503769
0.503803
0.513703
0.497563
0.690834
0.499728
0.518042
0.550394
0.549027
0.526122
0.539166
0.502154
0.51064
0.533391
0.528663
0.535334
0.515025
0.532288
0.539297
0.504407
0.513935
0.502864
0.622984
0.524024
0.510379
0.511867
0.513277
0.518349
0.498794
0.513399
0.513819
0.5262
0.519858
0.535972
0.503772
0.520498
0.902225
0.545891
0.543669
0.504318
0.507764
0.538392
0.505573
0.506829
0.492974
0.511756
0.715771
0.780119
0.511194
0.52042
0.521171
0.503929
0.534268
0.51613
0.510926
0.513478
0.523168
0.518262
0.549714
0.517101
0.507573
0.522209
0.522132
0.523448
0.505166
0.517106
0.509467
0.513673
0.509859
0.512044
0.495861
0.522335
0.534534
0.503903
0.517028
0.525284
0.524707
0.510514
0.506933
0.597728
0.503624
0.504119
0.525972
0.514448
0.516345
0.50912
0.509197
0.505549
0.519081
0.532335
0.600479
0.522937
0.524063
0.505746
0.514006
0.506192
0.5125
0.510237
0.517769
0.498633
0.518797
0.506881
0.536099
0.519236
0.509199
0.526087
0.517128
0.661833
0.625158
0.512902
0.578844
0.504714
0.796721
0.714487
0.506523
0.527012
0.506264
0.519093
0.584261
0.506549
0.51987
0.51625
0.518767
0.521816
0.50104
0.503665
0.510482
0.502978
0.501677
0.510299
0.521921
0.498068
0.531253
0.508969
0.507135
0.501118
0.502275
0.523984
0.503732
0.507094
0.510219
0.497559
0.520668
0.522088
0.521496
0.518149
0.500189
0.51611
0.522557
0.514553
0.526575
0.525575
0.550056
0.521682
0.497276
0.528586
0.52425
0.546822
0.522842
0.528202
0.50911
0.522337
0.525466
0.506463
0.499427
0.513162
0.513695
0.504773
0.535434
0.513256
0.503803
0.522315
0.515263
0.525773
0.682123
0.512104
0.503697
0.504294
0.528533
0.518267
0.578869
0.503133
0.516261
0.501695
0.530215
0.511096
0.513165
0.503249
0.589627
0.561028
0.505663
0.528616
0.511767
0.512822
0.51169
0.505524
0.506404
0.502471
0.515714
0.508187
0.558805
0.660147
0.510712
0.496164
0.528586
0.529092
0.505318
0.525705
0.50678
0.532234
0.505036
0.503652
0.503138
0.497419
0.508171
0.671637
0.500308
0.499989
0.508786
0.493828
0.662592
0.510601
0.527677
0.522882
0.528907
0.514301
0.548548
0.530498
0.499596
0.520424
0.520442
0.515577
0.577455
0.575873
0.572633
0.684995
0.528456
0.525018
0.497364
0.513114
0.542211
0.511866
0.53566
0.51739
0.525358
0.520858
0.554088
0.520208
0.48804
0.52688
0.510203
0.504245
0.532959
0.504753
0.522842
0.557053
0.542538
0.584768
0.508241
0.525169
0.512087
0.530472
0.52345
0.507058
0.539939
0.502547
0.512586
0.509237
0.499373
0.528443
0.528382
0.640242
0.681585
0.51035
0.517901
0.523143
0.516008
0.511243
0.527474
0.523738
0.521927
0.609972
0.55578
0.514052
0.552242
0.502077
0.534321
0.536289
0.512663
0.512805
0.504638
0.502666
0.55507
0.557966
0.528809
0.530559
0.52383
0.510822
0.505586
0.524285
0.760842
0.522461
0.511162
0.504117
0.507726
0.526571
0.499104
0.530607
0.508475
0.512272
0.508402
0.507144
0.679781
0.520272
0.517805
0.512309
0.525988
0.532181
0.528494
0.50512
0.554784
0.521756
0.503279
0.504095
0.511593
0.5142
0.519835
0.532696
0.515925
0.538691
0.519713
0.509077
0.504606
0.521628
0.521346
0.522767
0.520935
0.526964
0.51574
0.516854
0.527484
0.5123
0.514277
0.513409
0.511973
0.517312
0.50793
0.549287
0.523349
0.545194
0.547524
0.513164
0.512319
0.509302
0.509037
0.516394
0.516634
0.504497
0.504334
0.511861
0.509112
0.516407
0.514747
0.515442
0.528993
0.529138
0.584021
0.637548
0.529701
0.526674
0.523784
0.526787
0.514155
0.513925
0.514426
0.525135
0.537897
0.506172
0.500661
0.511923
0.513198
0.51161
0.509056
0.513795
0.521896
0.515485
0.528018
0.507769
0.507295
0.594524
0.606087
0.516787
0.512138
0.516861
0.534024
0.50982
0.511554
0.534303
0.506291
0.519266
0.518221
0.516347
0.504396
0.514244
0.504476
0.497476
0.524904
0.516466
0.521041
0.515625
0.530841
0.535087
0.52649
0.510775
0.507395
0.51001
0.512048
0.505822
0.517755
0.515845
0.520182
0.521978
0.503416
0.511396
0.527722
0.516381
0.503939
0.524205
0.517779
0.51063
0.526957
0.516944
0.515768
0.507392
0.512778
0.693553
0.516179
0.513416
0.520836
0.514102
0.503247
0.528469
0.52565
0.509837
0.507661
0.520649
0.517216
0.522411
0.51256
0.521373
0.509687
0.505272
0.528071
0.498822
0.511799
0.519735
0.518229
0.516177
0.514931
0.522141
0.525315
0.518976
0.522448
0.512236
0.512879
0.511021
0.517392
0.506319
0.512847
0.506939
0.515033
0.538292
0.53589
0.512892
0.517504
0.518662
0.506559
0.514766
0.505659
0.509233
0.515271
0.595948
0.513912
0.707658
0.648832
0.511299
0.502891
0.522403
0.521497
0.527548
0.521367
0.532978
0.511486
0.499907
0.669872
0.516267
0.514834
0.515212
0.534126
0.52528
0.527052
0.526257
0.527833
0.509809
0.512099
0.511288
0.520837
0.519349
0.522374
0.518528
0.525124
0.540209
0.510364
0.509021
0.507936
0.522057
0.540974
0.514323
0.513613
0.518837
0.515031
0.511915
0.526004
0.522792
0.525354
0.540494
0.523585
0.515029
0.536598
0.516023
0.513601
0.513759
0.515724
0.507475
0.511643
0.509771
0.534636
0.524705
0.505294
0.515231
0.508358
0.789036
0.696491
0.515688
0.518185
0.510475
0.528842
0.531843
0.539365
0.520268
0.522769
0.503149
0.497814
0.504391
0.515331
0.517555
0.521581
0.501592
0.533754
0.512336
0.507957
0.522609
0.59702
0.5155
0.510585
0.513788
0.516294
0.508632
0.529473
0.521778
0.693148
0.519686
0.546628
0.521269
0.509307
0.523024
0.519515
0.511475
0.508536
0.511393
0.515799
0.521228
0.518514
0.519042
0.523167
0.512239
0.50955
0.538145
0.520452
0.521607
0.515384
0.509538
0.617404
0.535882
0.522009
0.52633
0.505887
0.519959
0.524442
0.714664
0.516798
0.509283
0.508803
0.505793
0.516046
0.516852
0.507518
0.516069
0.524939
0.522366
0.515666
0.506723
0.527939
0.534352
0.526241
0.522123
0.531925
0.745974
0.51663
0.51748
0.514925
0.505956
0.505206
0.510455
0.51132
0.520009
0.512834
0.520031
0.516647
0.523437
0.5031
0.511444
0.509542
0.509252
0.51597
0.54998
0.672989
0.518466
0.521243
0.526754
0.543265
0.52366
0.509702
0.518528
0.514445
0.638651
0.613166
0.537162
0.523629
0.52237
0.524414
0.51319
0.514196
0.507685
0.521758
0.508709
0.530078
0.516491
0.501109
0.52089
0.509374
0.538572
0.524742
0.604128
0.505751
0.516538
0.503093
0.510609
0.507881
0.510787
0.502024
0.521512
0.519037
0.530671
0.531632
0.51267
0.545122
0.516384
0.523462
0.508163
0.54179
0.517336
0.510245
0.507865
0.503281
0.498119
0.513585
0.504261
0.508734
0.635579
0.518869
0.64911
0.531795
0.51541
0.516055
0.589282
0.51255
0.513092
0.529757
0.743724
0.517417
0.503849
0.512044
0.518334
0.522474
0.530519
0.557991
0.504986
0.521773
0.519097
0.51698
0.518337
0.514768
0.528411
0.68164
0.512624
0.511773
0.526572
0.505639
0.505935
0.509297
0.514132
0.512438
0.518776
0.578146
0.505654
0.502542
0.525103
0.524876
0.544055
0.514094
0.54392
0.623463
0.517061
0.51319
0.517927
0.513728
0.508691
0.507757
0.508701
0.529555
0.521616
0.515472
0.508279
0.5224
0.510648
0.515668
0.507995
0.546735
0.525002
0.52513
0.506003
0.717514
0.541456
0.521012
0.501007
0.52605
0.52596
0.506429
0.509289
0.575361
0.52188
0.727158
0.507186
0.508833
0.514497
0.502276
0.525619
0.523905
0.522268
0.504284
0.508997
0.499193
0.518564
0.690623
0.570201
0.519531
0.522189
0.52321
0.517163
0.531182
0.506805
0.523642
0.505224
0.512655
0.499689
0.54594
0.5135
0.518666
0.520763
0.511822
0.520951
0.533237
0.499018
0.52453
0.70099
0.563423
0.539046
0.527462
0.496885
0.502926
0.532018
0.526363
0.547762
0.516001
0.521305
0.707107
0.500154
0.508531
0.51685
0.522465
0.512757
0.528263
0.503188
0.679658
0.637247
0.566766
0.527065
0.504738
0.510278
0.589125
0.520414
0.524293
0.52072
0.591122
0.544458
0.514163
0.510875
0.511203
0.508308
0.524739
0.505308
0.50385
0.511824
0.513451
0.509468
0.517648
0.51611
0.505566
0.511454
0.508467
0.598686
0.510241
0.533977
0.529315
0.516545
0.516271
0.512939
0.513117
0.505709
0.505637
0.50929
0.51524
0.515655
0.517481
0.507992
0.504805
0.512048
0.507904
0.50582
0.522849
0.513207
0.564701
0.501014
0.57666
0.500054
0.575988
0.521608
0.507097
0.527773
0.594622
0.525141
0.510427
0.512122
0.516268
0.51026
0.514877
0.519625
0.516238
0.50765
0.516614
0.544965
0.521043
0.521076
0.49096
0.510162
0.514206
0.508361
0.509827
0.518265
0.619898
0.499983
0.518983
0.534963
0.515507
0.528073
0.507444
0.506882
0.586106
0.50574
0.514425
0.511867
0.52141
0.522549
0.513018
0.513948
0.513121
0.50934
0.522271
0.525263
0.493511
0.504463
0.507601
0.525014
0.523757
0.509737
0.701052
0.513161
0.498943
0.520228
0.508402
0.513556
