0.51818
0.530342
0.52793
0.53165
0.507393
0.5131
0.513895
0.507418
0.504365
0.50752
0.514029
0.513839
0.520065
0.500901
0.497731
0.498392
0.496324
0.653748
0.586957
0.505099
0.508526
0.504522
0.503574
0.503589
0.525577
0.524433
0.529606
0.543923
0.547758
0.552554
0.556937
0.508781
0.514899
0.511885
0.504541
0.503288
0.514355
0.522573
0.518209
0.514047
0.517235
0.514857
0.516822
0.51206
0.511802
0.522274
0.494548
0.497659
0.508702
0.504126
0.515619
0.506782
0.537577
0.536931
0.53673
0.540527
0.504927
0.511174
0.508903
0.542069
0.549151
0.53546
0.522161
0.52076
0.543196
0.589572
0.563716
0.576547
0.512085
0.514106
0.530988
0.50688
0.50998
0.506668
0.51553
0.526588
0.531123
0.528983
0.499862
0.507367
0.505059
0.50517
0.509376
0.506163
0.515179
0.520946
0.518881
0.610833
0.525576
0.534143
0.522432
0.527623
0.533668
0.508695
0.532726
0.52872
0.504892
0.507675
0.554697
0.515377
0.517066
0.504265
0.508999
0.618841
0.571477
0.638727
0.701629
0.526032
0.524915
0.504985
0.518254
0.520019
0.516575
0.516522
0.54501
0.538765
0.529138
0.525562
0.507587
0.5061
0.503395
0.512347
0.505535
0.508427
0.511472
0.509067
0.506154
0.522827
0.516105
0.508565
0.507351
0.805974
0.828487
0.512871
0.510445
0.525616
0.525271
0.528934
0.531664
0.56634
0.734046
0.743282
0.572096
0.691461
0.647607
0.509416
0.51106
0.510373
0.508442
0.514673
0.527817
0.525141
0.512151
0.522497
0.751274
0.671716
0.677425
0.649411
0.51225
0.516244
0.51058
0.531996
0.508244
0.515124
0.501822
0.499986
0.521212
0.532755
0.528022
0.527194
0.51823
0.515716
0.518249
0.516677
0.502915
0.504077
0.502331
0.511186
0.512154
0.520849
0.529753
0.531717
0.531067
0.553584
0.511674
0.520681
0.518506
0.520746
0.865015
0.696856
0.524948
0.525522
0.521431
0.527093
0.519037
0.514821
0.510721
0.522983
0.507967
0.510153
0.516479
0.510606
0.511171
0.514905
0.509714
0.508276
0.536714
0.538687
0.523554
0.528489
0.49834
0.507016
0.50897
0.501172
0.51136
0.510412
0.509889
0.508982
0.512601
0.53905
0.539773
0.524927
0.524434
0.526824
0.527081
0.508309
0.52058
0.514799
0.518211
0.502671
0.505716
0.535153
0.528564
0.595031
0.643205
0.533241
0.535088
0.505713
0.537968
0.577161
0.543451
0.505404
0.504354
0.503389
0.503656
0.539269
0.540863
0.510941
0.507585
0.525383
0.523937
0.500044
0.524869
0.522789
0.521301
0.513053
0.525733
0.52891
0.527405
0.524304
0.533709
0.528205
0.516905
0.599778
0.641145
0.674215
0.516028
0.514998
0.544008
0.530935
0.539796
0.503515
0.508939
0.528345
0.543645
0.511586
0.51709
0.518572
0.518557
0.530191
0.500758
0.495376
0.534885
0.535882
0.517338
0.513734
0.514991
0.50648
0.512821
0.528868
0.530853
0.509788
0.509008
0.520143
0.520429
0.519211
0.516995
0.515188
0.513066
0.512219
0.513479
0.521229
0.522648
0.545407
0.551142
0.543855
0.503114
0.516685
0.526641
0.52973
0.526485
0.503363
0.500329
0.503646
0.576056
0.521155
0.519759
0.525516
0.530392
0.527735
0.511287
0.513545
0.514887
0.532845
0.505562
0.51318
0.512988
0.517801
0.511465
0.514963
0.518587
0.508018
0.513181
0.506659
0.599153
0.521989
0.536192
0.532319
0.509009
0.508941
0.508518
0.546408
0.516065
0.515816
0.519256
0.520731
0.524336
0.498484
0.541544
0.510597
0.515569
0.508033
0.51551
0.515471
0.526251
0.527408
0.507327
0.509584
0.505463
0.52578
0.512868
0.51371
0.586114
0.651029
0.521619
0.51526
0.51054
0.557065
0.547574
0.606644
0.512224
0.500504
0.510741
0.506289
0.508098
0.51192
0.514062
0.50594
0.505801
0.516244
0.503788
0.63424
0.595884
0.505843
0.527089
0.526745
0.542476
0.504428
0.502945
0.527457
0.829491
0.682835
0.816449
0.772444
0.522135
0.514107
0.702749
0.676844
0.555114
0.565587
0.553897
0.519722
0.52074
0.514002
0.521155
0.524613
0.523524
0.52687
0.506043
0.51484
0.731874
0.683713
0.502434
0.500353
0.50271
0.507836
0.50671
0.535621
0.550558
0.545628
0.513705
0.508739
0.550412
0.54298
0.511704
0.513321
0.51033
0.504959
0.506642
0.505417
0.503546
0.504318
0.529432
0.500373
0.505872
0.508257
0.508004
0.500254
0.500412
0.503767
0.504613
0.521351
0.529262
0.534862
0.512426
0.506616
0.503494
0.511122
0.527347
0.749219
0.719438
0.659519
0.69713
0.519585
0.5221
0.518025
0.497665
0.528598
0.510278
0.516835
0.537819
0.528379
0.498963
0.494583
0.782364
0.791757
0.501278
0.501368
0.505938
0.50379
0.518926
0.53126
0.512578
0.522032
0.522648
0.504658
0.533196
0.531828
0.512616
0.511029
0.512036
0.512415
0.51443
0.514734
0.541368
0.540846
0.515801
0.517395
0.519424
0.511461
0.513247
0.523707
0.780624
0.730506
0.568303
0.513989
0.514915
0.520837
0.51425
0.511372
0.504192
0.507067
0.527473
0.526609
0.523619
0.523277
0.526041
0.513637
0.517696
0.517903
0.526764
0.545443
0.495542
0.517834
0.516945
0.518734
0.523651
0.520579
0.521239
0.500644
0.50185
0.503499
0.540091
0.539214
0.527414
0.509914
0.543377
0.507604
0.502469
0.503604
0.522798
0.49813
0.514163
0.513732
0.539644
0.524998
0.541869
0.544281
0.521644
0.522973
0.522998
0.558132
0.580146
0.524331
0.526016
0.525673
0.506079
0.511578
0.518571
0.511393
0.507532
0.511948
0.51884
0.512074
0.504761
0.521211
0.519199
0.522962
0.527534
0.498538
0.507538
0.510822
0.521148
0.517838
0.508161
0.507616
0.528583
0.5098
0.505667
0.502726
0.507014
0.520863
0.522616
0.514897
0.510243
0.685629
0.753859
0.533696
0.543356
0.528153
0.528325
0.523906
0.523086
0.514261
0.512022
0.722608
0.510832
0.501032
0.506481
0.516643
0.508805
0.502966
0.510799
0.500246
0.558837
0.556399
0.554667
0.685041
0.507329
0.510517
0.511314
0.511152
0.511507
0.529088
0.522809
0.52729
0.528836
0.527667
0.52558
0.522018
0.527333
0.528192
0.526168
0.525614
0.501508
0.523621
0.521534
0.519732
0.521465
0.529107
0.513334
0.514923
0.517109
0.521161
0.517456
0.506092
0.796187
0.8613
0.659705
0.512973
0.509365
0.533587
0.539542
0.535778
0.501817
0.509574
0.508753
0.51
0.509185
0.522016
0.519416
0.513199
0.525511
0.524134
0.522535
0.513898
0.504413
0.504486
0.514164
0.513312
0.513337
0.514239
0.515133
0.520488
0.514117
0.526537
0.525291
0.593904
0.518195
0.526332
0.527054
0.515456
0.515551
0.517601
0.514902
0.513228
0.518677
0.708771
0.753947
0.515843
0.519089
0.501729
0.506352
0.503892
0.503716
0.533445
0.526158
0.535447
0.536863
0.51104
0.504633
0.518768
0.52699
0.527347
0.525982
0.5294
0.528395
0.528985
0.521844
0.51531
0.516592
0.513728
0.508595
0.50834
0.518113
0.517861
0.509731
0.506065
0.513924
0.600384
0.511869
0.529664
0.531098
0.502184
0.503368
0.509327
0.508885
0.513319
0.508166
0.519938
0.521466
0.51768
0.507665
0.503528
0.505215
0.505437
0.508075
0.505167
0.510811
0.515736
0.494091
0.502117
0.501782
0.506479
0.506273
0.529122
0.510339
0.511932
0.52712
0.498675
0.495661
0.51055
0.516009
0.56504
0.548441
0.560282
0.512384
0.512938
0.505054
0.506665
0.497026
0.504447
0.507452
0.50635
0.512492
0.529867
0.525737
0.527906
0.518481
0.518487
0.506919
0.88105
0.56471
0.551184
0.549439
0.519309
0.495472
0.50581
0.506946
0.762777
0.62377
0.713149
0.511988
0.510372
0.527943
0.528803
0.505599
0.513945
0.519254
0.520649
0.521879
0.52213
0.504813
0.508132
0.508024
0.52985
0.508176
0.513655
0.516252
0.51547
0.525431
0.5153
0.509305
0.502648
0.502368
0.499734
0.935547
0.526502
0.517547
0.498197
0.528894
0.520771
0.581358
0.525759
0.524809
0.504313
0.533901
0.544798
0.506046
0.502232
0.503083
0.507986
0.50652
0.531188
0.522873
0.523863
0.535703
0.529839
0.497863
0.513712
0.530044
0.506068
0.511121
0.522959
0.51694
0.521275
0.517453
0.514506
0.629575
0.532616
0.512967
0.507079
0.51187
0.497816
0.52093
0.518051
0.495238
0.501704
0.510134
0.498977
0.505368
0.504726
0.50489
0.501527
0.511074
0.515054
0.503001
0.524928
0.521888
0.521839
0.530392
0.529426
0.526452
0.51099
0.526983
0.526881
0.529227
0.531759
0.512245
0.505243
0.527496
0.56422
0.558893
0.550257
0.812948
0.496175
0.50742
0.526528
0.520825
0.535807
0.795968
0.521106
0.529186
0.523277
0.523876
0.561365
0.589942
0.531441
0.500194
0.531465
0.567684
0.516185
0.511377
0.537348
0.53511
0.507857
0.511359
0.507606
0.515826
0.512151
0.542599
0.507837
0.506636
0.520272
0.511676
0.496916
0.52957
0.511928
0.498957
0.516687
0.518774
0.502713
0.504013
0.511778
0.510296
0.521446
0.51814
0.513323
0.515483
0.522098
0.504144
0.505018
0.507496
0.520768
0.508059
0.508715
0.52999
0.505678
0.520299
0.547915
0.520077
0.501486
0.501303
0.52494
0.51094
0.524316
0.522455
0.521417
0.53471
0.506653
0.552115
0.496685
0.516632
0.526807
0.529277
0.505385
0.510446
0.527047
0.4966
0.669721
0.498667
0.503457
0.505005
0.502922
0.514554
0.524458
0.513676
0.513601
0.504977
0.536235
0.526355
0.516118
0.584713
0.511571
0.524473
0.526531
0.538218
0.518362
0.516906
0.501266
0.507762
0.509108
0.519159
0.519844
0.512044
0.506921
0.528495
0.526845
0.794279
0.690673
0.529293
0.533715
0.534191
0.535895
0.522449
0.690466
0.530434
0.516024
0.524265
0.537581
0.539293
0.505967
0.519627
0.512818
0.504885
0.507405
0.517755
0.51963
0.528961
0.526492
0.530267
0.516588
0.504667
0.506235
0.543922
0.530543
0.537655
0.542324
0.517549
0.528916
0.503404
0.51408
0.512794
0.525088
0.506928
0.511329
0.517208
0.528143
0.548968
0.50649
0.504577
0.510832
0.527064
0.513511
0.512278
0.515456
0.746303
0.524246
0.501296
0.503218
0.522503
0.504958
0.512883
0.741591
0.529861
0.506068
0.504184
0.525784
0.509963
0.521677
0.541562
0.519034
0.519648
0.509547
0.507574
0.535982
0.503771
0.723684
0.512211
0.521416
0.513942
0.511885
0.50941
0.895633
0.903437
0.504003
0.504198
0.511039
0.550088
0.514742
0.511836
0.50988
0.528639
0.50142
0.502555
0.866634
0.51801
0.526571
0.530662
0.53293
0.507715
0.504377
0.531363
0.527694
0.517227
0.504486
0.513906
0.510841
0.49912
0.518364
0.506954
0.507499
0.507229
0.510176
0.503327
0.506186
0.50316
0.497178
0.502058
0.514218
0.539142
0.529995
0.523477
0.510832
0.502134
0.507971
0.501129
0.50823
0.523626
0.517091
0.511484
0.517496
0.507436
0.506563
0.499845
0.517424
0.515371
0.558933
0.516925
0.526469
0.526917
0.504766
0.503757
0.532629
0.530431
0.516389
0.50517
0.518292
0.508582
0.516355
0.509565
0.508017
0.507756
0.501776
0.504609
0.517345
0.505857
0.512253
0.682819
0.507515
0.508816
0.501833
0.503065
0.508083
0.519898
0.532503
0.506109
0.548412
0.503826
0.511424
0.515699
0.505009
0.555175
0.500858
0.495172
0.523108
0.524205
0.506634
0.50635
0.510529
0.524083
0.506807
0.509598
0.514655
0.597784
0.641448
0.509707
0.512982
0.522069
0.521245
0.533307
0.531574
0.55508
0.500609
0.510203
0.510586
0.50526
0.504727
0.51787
0.544683
0.509939
0.508847
0.526168
0.526243
0.513398
0.512963
0.541911
0.7259
0.666922
0.592868
0.52289
0.508888
0.50897
0.516057
0.64796
0.512736
0.511518
0.680522
0.544344
0.541537
0.510057
0.515535
0.518061
0.518995
0.503689
0.513972
0.757464
0.52171
0.617174
0.648365
0.503178
0.522115
0.505516
0.505393
0.506569
0.500723
0.741896
0.59299
0.589519
0.511958
0.524592
0.504845
0.504119
0.508177
0.509975
0.514672
0.515356
0.508307
0.526283
0.5153
0.514346
0.505899
0.520409
0.532787
0.543746
0.538182
0.525554
0.515267
0.787831
0.518858
0.524737
0.526558
0.493091
0.520943
0.528102
0.513082
0.733162
0.527227
0.527565
0.50403
0.509955
0.518038
0.507256
0.560186
0.500915
0.510019
0.515156
0.514997
0.511075
0.514725
0.504584
0.52115
0.533853
0.530986
0.510528
0.50848
0.509722
0.497847
0.510607
0.514746
0.524363
0.501227
0.527633
0.561343
0.531938
0.516611
0.514834
0.537411
0.506836
0.529526
0.560519
0.50182
0.496528
0.524108
0.510753
0.513569
0.552487
0.541308
0.513513
0.568212
0.571638
0.510738
0.512019
0.510009
0.529014
0.529614
0.531496
0.522326
0.527911
0.514332
0.506336
0.50606
0.530426
0.529527
0.522751
0.679758
0.503207
0.507158
0.524009
0.511307
0.538371
0.510052
0.510461
0.52175
0.506086
0.502149
0.503129
0.503667
0.525372
0.523481
0.591035
0.515468
0.534248
0.503542
0.526701
0.503772
0.509214
0.530296
0.53231
0.498917
0.507871
0.501339
0.540849
0.522276
0.496921
0.501433
0.509553
0.508476
0.520572
0.502357
0.527753
0.525197
0.728056
0.50298
0.528719
0.5271
0.516284
0.509399
0.50523
0.521536
0.512255
0.5135
0.507116
0.528056
0.530352
0.503848
0.511571
0.646476
0.510572
0.507381
0.514306
0.535084
0.499334
0.519955
0.506512
0.51347
0.511926
0.505261
0.495714
0.511013
0.523059
0.526174
0.511636
0.522437
0.512006
0.512578
0.509339
0.534245
0.509741
0.521537
0.548752
0.50991
0.51765
0.516498
0.534131
0.521001
0.54493
0.509209
0.559056
0.558669
0.549975
0.500498
0.502756
0.520798
0.513351
0.516156
0.508821
0.50403
0.507148
0.519872
0.521661
0.521731
0.513966
0.51008
0.500982
0.496673
0.622663
0.517758
0.54882
0.547316
0.526265
0.567305
0.529356
0.501038
0.573613
0.582848
0.528517
0.527977
0.513911
0.529492
0.530111
0.539116
0.509968
0.500148
0.512531
0.502237
0.519334
0.500809
0.509271
0.513818
0.512438
0.512913
0.503781
0.508697
0.519579
0.526768
0.52896
0.504293
0.502421
0.506201
0.66881
0.665037
0.504968
0.507744
0.511587
0.549898
0.819554
0.507666
0.515343
0.49471
0.517678
0.521384
0.51027
0.509266
0.515702
0.520432
0.518622
0.528922
0.724617
0.529613
0.519953
0.522877
0.517143
0.510986
0.495848
0.537174
0.522828
0.519981
0.539014
0.517863
0.518667
0.509214
0.514136
0.504883
0.531288
0.590774
0.503217
0.514808
0.511121
0.510673
0.533138
0.504982
0.5133
0.507137
0.518524
0.507437
0.510519
0.540958
0.510849
0.520286
0.51746
0.523508
0.523168
0.506192
0.521968
0.515746
0.503956
0.519722
0.508211
0.541557
0.523176
0.513996
0.518747
0.614632
0.52472
0.535306
0.510816
0.503892
0.518641
0.510776
0.525256
0.512734
0.536525
0.504096
0.571162
0.891871
0.779381
0.506443
0.527425
0.510924
0.510303
0.503966
0.525964
0.623669
0.519386
0.59039
0.507235
0.524474
0.50873
0.512281
0.50846
0.519699
0.510851
0.502442
0.506981
0.504048
0.505024
0.500473
0.518621
0.529418
0.500837
0.5079
0.517446
0.520067
0.519666
0.503509
0.540672
0.512969
0.510612
0.530146
0.546185
0.712163
0.524639
0.548071
0.516124
0.523238
0.526745
0.54195
0.524614
0.523718
0.508598
0.513982
0.503258
0.504694
0.513142
0.510373
0.526473
0.516532
0.519061
0.503904
0.534906
0.510681
0.515554
0.508024
0.522189
0.525969
0.504007
0.513183
0.501617
0.502177
0.538474
0.524074
0.5118
0.505428
0.531835
0.518844
0.556249
0.506728
0.539747
0.515944
0.530714
0.51354
0.503362
0.52061
0.829001
0.50964
0.511228
0.542496
0.525429
0.505786
0.504229
0.52744
0.513319
0.509208
0.527592
0.519693
0.525494
0.504973
0.505491
0.567818
0.561128
0.529472
0.494527
0.531209
0.506984
0.51348
0.502893
0.501956
0.52297
0.528896
0.639594
0.519522
0.528583
0.518476
0.501639
0.535847
0.545968
0.527179
0.528341
0.510703
0.52088
0.517889
0.517401
0.574737
0.550894
0.50671
0.714803
0.496928
0.601382
0.523071
0.495567
0.513414
0.516321
0.512716
0.528443
0.531331
0.521739
0.514743
0.50062
0.521142
0.506667
0.506749
0.550886
0.52587
0.50777
0.507464
0.521884
0.497264
0.517785
0.50643
0.539862
0.518233
0.540334
0.506338
0.533922
0.505816
0.52042
0.511336
0.505443
0.528249
0.524103
0.525128
0.506132
0.545701
0.521853
0.508527
0.508787
0.525961
0.503071
0.505845
0.536682
0.530038
0.529251
0.536259
0.51397
0.511235
0.519169
0.505997
0.510364
0.511148
0.54379
0.535498
0.517606
0.524385
0.52014
0.52021
0.622835
0.531973
0.539801
0.53459
0.503299
0.507425
0.513921
0.524113
0.514714
0.545671
0.526108
0.507751
0.519133
0.577924
0.532739
0.537659
0.534422
0.513844
0.526024
0.518802
0.516753
0.536181
0.532078
0.715668
0.535899
0.516911
0.516731
0.522577
0.525028
0.520653
0.525612
0.531289
0.529605
0.529528
0.519261
0.50673
0.516936
0.550726
0.523535
0.532284
0.503323
0.535677
0.532858
0.526482
0.505633
0.503505
0.527222
0.516427
0.762964
0.5108
0.529455
0.519474
0.511223
0.512867
0.505126
0.514924
0.517307
0.514372
0.518156
0.512271
0.511473
0.510903
0.508588
0.513908
0.506341
0.511578
0.523515
0.519857
0.516538
0.508119
0.854682
0.520007
0.520959
0.50391
0.506458
0.511012
0.512474
0.511442
0.555099
0.511753
0.532295
0.586155
0.609031
0.555916
0.529075
0.532178
0.503383
0.540215
0.524497
0.515317
0.530333
0.522649
0.517714
0.525697
0.50032
0.494544
0.508918
0.515042
0.513527
0.506662
0.519113
0.518117
0.549507
0.517089
0.519068
0.527369
0.533751
0.530946
0.623584
0.61147
0.520475
0.522685
0.566842
0.513879
0.512497
0.517166
0.514705
0.514025
0.515903
0.514008
0.537234
0.518939
0.510145
0.509214
0.501949
0.513815
0.508147
0.639866
0.511496
0.520431
0.521618
0.521437
0.531776
0.527931
0.531923
0.502849
0.505941
0.511652
0.522014
0.516122
0.516351
0.50321
0.520105
0.528608
0.513644
0.517478
0.513737
0.51111
0.513381
0.515099
0.52071
0.509056
0.512872
0.609783
0.706955
0.511197
0.511959
0.535699
0.527916
0.521285
0.506086
0.594587
0.579945
0.536423
0.521708
0.518751
0.526078
0.521881
0.510639
0.508793
0.508627
0.515921
0.514303
0.506783
0.512013
0.516092
0.534665
0.503103
0.535699
0.51288
0.511611
0.517971
0.51498
0.534457
0.5189
0.522958
0.508612
0.506324
0.515824
0.509927
0.517346
0.50761
0.509755
0.510756
0.498869
0.516611
0.510823
0.514549
0.513044
0.539692
0.511778
0.5176
0.574176
0.515482
0.514432
0.516206
0.509491
0.612146
0.623903
0.513599
0.511245
0.509132
0.766261
0.509309
0.515936
0.516021
0.528588
0.522154
0.522358
0.514286
0.526428
0.517381
0.531194
0.502758
0.514264
0.519954
0.513217
0.51823
0.509294
0.515714
0.52009
0.514903
0.661056
0.524957
0.536743
0.520572
0.511538
0.511128
0.51688
0.534077
0.534062
0.510059
0.530569
0.510563
0.503172
0.489024
0.509155
0.54473
0.51474
0.501237
0.506639
0.622079
0.534867
0.538755
0.539846
0.52478
0.508954
0.527063
0.521636
0.520482
0.516008
0.506955
0.514267
0.515032
0.510389
0.511803
0.514382
0.529619
0.530147
0.513858
0.5312
0.512404
0.526598
0.511213
0.568681
0.525612
0.520636
0.510821
0.535107
0.511599
0.529078
0.507089
0.521902
0.541936
0.508566
0.511867
0.528507
0.521729
0.521394
0.516314
0.628769
0.508915
0.510751
0.520653
0.530674
0.526706
0.509703
0.508988
0.509051
0.526404
0.50719
0.514666
0.509486
0.502034
0.536931
0.499647
0.512021
0.509131
0.516759
0.529645
0.528206
0.526818
0.516758
0.518185
0.510936
0.518332
0.526883
0.516352
0.518585
0.527539
0.516367
0.50851
0.513529
0.511208
0.577529
0.499308
0.50401
0.516286
0.519281
0.542029
0.509964
0.528899
0.51854
0.517146
0.529228
0.531467
0.522833
0.516634
0.509226
0.511445
0.518991
0.518742
0.513448
0.502525
0.525626
0.522653
0.524883
0.505934
0.521219
0.509685
0.503181
0.513867
0.530084
0.512955
0.512915
0.50522
0.508455
0.529214
0.516796
0.508365
0.510066
0.512639
0.516668
0.526199
0.710322
0.514265
0.509959
0.751984
0.504625
0.84761
0.528352
0.518903
0.508301
0.524462
0.504869
0.528128
0.520981
0.502749
0.511025
0.540113
0.50815
0.509322
0.506154
0.510378
0.546903
0.511012
0.501197
0.50616
0.716746
0.512644
0.510439
0.503736
0.528913
0.515206
0.509133
0.597887
0.50579
0.507094
0.500848
0.524823
0.501388
0.508451
0.511771
0.516382
0.524738
0.501565
0.512676
0.520377
0.516499
0.510518
0.511078
0.513404
0.702126
0.511094
0.514992
0.515079
0.557756
0.508357
0.52222
0.504886
0.52796
0.523559
0.504829
0.505191
0.509846
0.507882
0.523194
0.517156
0.516656
0.512232
0.511687
0.524435
0.522815
0.530044
0.514368
0.503378
0.540748
0.526337
0.542208
0.501548
0.520763
0.506559
0.513748
0.511499
0.508589
0.501246
0.507597
0.518175
0.515179
0.52279
0.513321
0.50996
0.517386
0.517683
0.537607
0.524996
0.517156
0.506082
0.510123
0.530388
0.533807
0.52011
0.527406
0.492169
0.522303
0.503875
0.506083
0.513859
0.516219
0.521011
0.509005
0.513988
0.527711
0.510818
0.505271
0.52047
0.632329
0.504153
0.506186
0.526293
0.53264
0.504604
0.510966
0.519759
0.520759
0.515889
0.510405
0.534487
0.521963
0.527481
0.499323
0.517268
0.503399
0.506847
0.520685
0.506557
0.511243
0.517992
0.530024
0.509415
0.510337
0.508029
0.509793
0.509508
0.513038
0.511909
0.507468
0.509821
0.529694
0.533695
0.528358
0.5182
0.512145
0.512911
0.506688
0.511165
0.508667
0.509572
0.537965
0.513611
0.525918
0.528098
0.505008
0.511501
0.523146
0.509386
0.509399
0.52821
0.509157
0.500106
0.522521
0.516058
0.523527
0.514351
0.511131
0.510969
0.508716
0.516605
0.516725
0.512914
0.537367
0.553535
0.544795
0.539347
0.519867
0.53187
0.508877
0.516297
0.612654
0.513339
0.512355
0.507478
0.529601
0.511491
0.535191
0.505653
0.515936
0.519247
0.505871
0.509942
0.50851
0.504819
0.504262
0.501447
0.529869
0.506799
0.512372
0.526115
0.527935
0.649646
0.520515
0.51668
0.51056
0.520014
0.531066
0.523966
0.502763
0.513459
0.503201
0.527882
0.5136
0.512262
0.531838
0.520052
0.519875
0.500983
0.51111
0.543449
0.528849
0.504101
0.52079
0.500021
0.523302
0.506245
0.531638
0.511764
0.510762
0.500855
0.508558
0.535669
0.508206
0.547321
0.508483
0.5146
0.514941
0.533158
0.564633
0.509961
0.521487
0.512494
0.528386
0.523477
0.520543
0.526359
0.520405
0.506127
0.514131
0.512313
0.522395
0.503652
0.52453
0.520807
0.513908
0.554551
0.509756
0.506448
0.508942
0.508685
0.517088
