0.524674
0.522087
0.530909
0.512479
0.515124
0.512823
0.511757
0.512843
0.518445
0.514816
0.52919
0.525648
0.506414
0.505314
0.511078
0.495747
0.496404
0.526774
0.519482
0.52186
0.518952
0.51005
0.51087
0.510585
0.586264
0.564445
0.509289
0.506289
0.513264
0.520008
0.501144
0.502269
0.529349
0.530801
0.509902
0.507098
0.517147
0.515405
0.521172
0.518609
0.518346
0.518324
0.511395
0.50897
0.50844
0.504649
0.522696
0.520179
0.522105
0.526867
0.522771
0.648196
0.621452
0.488772
0.574304
0.538128
0.549937
0.493993
0.489578
0.511563
0.507416
0.513116
0.507618
0.530051
0.540838
0.500471
0.505485
0.511832
0.548827
0.541906
0.527023
0.529008
0.521214
0.514269
0.548716
0.571661
0.540449
0.536621
0.516693
0.53003
0.531654
0.529512
0.509137
0.520666
0.516568
0.510942
0.515315
0.524792
0.506024
0.511443
0.50484
0.504284
0.504237
0.502951
0.549109
0.521056
0.518575
0.511576
0.54911
0.540318
0.526936
0.528571
0.521389
0.518508
0.526901
0.50864
0.509699
0.528887
0.52527
0.511292
0.532172
0.505903
0.512455
0.511373
0.528765
0.515834
0.51592
0.502487
0.503839
0.505095
0.504352
0.580194
0.570133
0.623461
0.527302
0.525491
0.527719
0.519283
0.520769
0.518734
0.529652
0.536186
0.524774
0.52298
0.504278
0.499713
0.509751
0.509156
0.509441
0.510079
0.507678
0.524465
0.524226
0.51731
0.524217
0.641373
0.620695
0.511416
0.508317
0.52683
0.522405
0.521787
0.519347
0.513053
0.544238
0.550313
0.516701
0.527985
0.544532
0.53627
0.569098
0.539027
0.658781
0.675411
0.692166
0.512436
0.907428
1.00287
0.508715
0.505998
0.516059
0.516628
0.514288
0.506333
0.505411
0.529526
0.506347
0.497827
0.50533
0.518369
0.509161
0.524671
0.521746
0.520313
0.501923
0.507734
0.50854
0.521896
0.531724
0.52676
0.528564
0.54963
0.54209
0.505176
0.50206
0.506927
0.598413
0.555439
0.517109
0.522653
0.526333
0.528526
0.524475
0.519073
0.524112
0.517873
0.52237
0.519001
0.514917
0.524275
0.52535
0.519668
0.509566
0.507161
0.511414
0.508681
0.506343
0.57455
0.515951
0.506753
0.521565
0.509058
0.5269
0.53078
0.521767
0.524696
0.518347
0.515279
0.519617
0.501811
0.501877
0.525975
0.533946
0.519282
0.515131
0.527346
0.528457
0.509619
0.50312
0.519795
0.516215
0.517472
0.524113
0.578366
0.534172
0.528202
0.529221
0.526257
0.532503
0.534805
0.532549
0.531022
0.545543
0.529232
0.54503
0.502818
0.533356
0.537775
0.543269
0.52855
0.504497
0.50905
0.503711
0.527694
0.523477
0.521407
0.505296
0.506912
0.522043
0.511936
0.520974
0.536231
0.529125
0.533533
0.532413
0.528089
0.526613
0.596441
0.539525
0.546038
0.537258
0.494981
0.499112
0.500341
0.506634
0.510916
0.508078
0.524312
0.524595
0.524308
0.526793
0.527267
0.509118
0.517416
0.513782
0.517007
0.511805
0.518668
0.530783
0.508803
0.508618
0.519476
0.516396
0.517252
0.510188
0.514479
0.512769
0.510775
0.530032
0.540149
0.539321
0.505663
0.520379
0.515032
0.51777
0.52335
0.521596
0.50109
0.508879
0.502866
0.522136
0.515892
0.514248
0.560323
0.595039
0.524131
0.521859
0.519321
0.524629
0.525973
0.511792
0.509029
0.518847
0.519548
0.518297
0.518735
0.521512
0.518097
0.532659
0.538378
0.526471
0.501152
0.51646
0.5141
0.507298
0.509028
0.503751
0.514419
0.523549
0.508487
0.587984
0.522012
0.518664
0.51602
0.511022
0.509166
0.511804
0.50215
0.519372
0.523463
0.508937
0.538568
0.520364
0.516326
0.512572
0.509299
0.506009
0.508621
0.50806
0.502167
0.502493
0.517341
0.515063
0.527294
0.51444
0.505711
0.509825
0.523587
0.522208
0.5123
0.512593
0.517076
0.513265
0.512812
0.528608
0.523518
0.518454
0.516156
0.512469
0.533542
0.527341
0.523891
0.527354
0.528459
0.527995
0.620302
0.518322
0.501903
0.528537
0.526716
0.533966
0.502951
0.538475
0.668933
0.571633
0.526916
0.51573
0.521458
0.706951
0.58642
0.545904
0.545577
0.518428
0.513604
0.520807
0.520404
0.525039
0.526937
0.528217
0.525209
0.505396
0.809447
0.647084
0.802079
0.507298
0.533208
0.533979
0.536736
0.522663
0.527037
0.512101
0.513933
0.515356
0.509648
0.507004
0.508094
0.541423
0.540053
0.524505
0.524041
0.510006
0.508424
0.513942
0.50588
0.509348
0.509102
0.51365
0.499751
0.505259
0.524031
0.500329
0.611204
0.73578
0.778815
0.499754
0.504903
0.5382
0.537902
0.518012
0.516741
0.527549
0.510424
0.517468
0.514227
0.523628
0.525476
0.522123
0.872716
0.931796
0.514765
0.502393
0.502402
0.513467
0.501657
0.509374
0.531544
0.725483
0.512187
0.513089
0.504764
0.503208
0.529179
0.526375
0.529058
0.510856
0.510694
0.52659
0.534538
0.507571
0.510021
0.507826
0.538793
0.532237
0.53642
0.532578
0.520256
0.514703
0.515513
0.513413
0.527407
0.517853
0.513505
0.514875
0.517443
0.514013
0.51849
0.517592
0.530725
0.875925
0.843161
0.558092
0.543694
0.513863
0.5195
0.518376
0.514043
0.502346
0.508097
0.515168
0.519139
0.526665
0.514209
0.505948
0.510428
0.51667
0.519993
0.506769
0.505919
0.509721
0.508162
0.508867
0.510042
0.497257
0.502323
0.511322
0.524365
0.523675
0.519566
0.508491
0.504351
0.526999
0.502097
0.506565
0.516517
0.520119
0.524011
0.52569
0.525455
0.508234
0.508704
0.500976
0.538317
0.535877
0.555735
0.527616
0.84822
0.513388
0.510878
0.516358
0.508784
0.500328
0.506689
0.525631
0.524637
0.529555
0.543054
0.529418
0.544521
0.547016
0.519218
0.525375
0.658032
0.505386
0.50633
0.526821
0.522914
0.543732
0.53762
0.521315
0.5208
0.509089
0.508617
0.511732
0.530678
0.508232
0.521565
0.52584
0.52391
0.61506
0.501087
0.497258
0.517393
0.506496
0.506284
0.519362
0.532056
0.508851
0.508889
0.504041
0.502808
0.508651
0.507605
0.507064
0.507261
0.505575
0.505632
0.502971
0.673866
0.5272
0.536002
0.546251
0.676918
0.520046
0.513172
0.507581
0.508185
0.509293
0.496091
0.505615
0.553527
0.552086
0.552593
0.545849
0.895826
0.516112
0.516985
0.514916
0.518214
0.527371
0.526547
0.525253
0.543827
0.539624
0.531848
0.524857
0.52408
0.522389
0.504365
0.50246
0.503076
0.518219
0.517667
0.499425
0.598969
0.51851
0.510679
0.518586
0.521784
0.524572
0.712754
0.693376
0.604166
0.511468
0.508184
0.532565
0.537509
0.53587
0.533619
0.508142
0.510392
0.504474
0.521982
0.518592
0.517882
0.522474
0.526651
0.517339
0.517498
0.506396
0.51937
0.518704
0.526729
0.508007
0.519571
0.518336
0.514205
0.516259
0.518605
0.631026
0.651952
0.513058
0.516284
0.508246
0.505601
0.507567
0.512976
0.524392
0.532882
0.535249
0.50832
0.519559
0.52269
0.504114
0.506469
0.528104
0.525855
0.527404
0.506891
0.524982
0.528726
0.505469
0.523653
0.513786
0.508414
0.50711
0.509999
0.509599
0.51013
0.508324
0.507634
0.507875
0.548133
0.540605
0.50649
0.50676
0.530264
0.528616
0.520378
0.499567
0.503189
0.507872
0.505623
0.513719
0.510766
0.508524
0.510292
0.513572
0.504952
0.509546
0.514396
0.505447
0.508745
0.513616
0.494739
0.498575
0.503607
0.529436
0.512728
0.493156
0.517058
0.521446
0.517702
0.559413
0.551422
0.514555
0.51431
0.502174
0.508413
0.508126
0.508299
0.512438
0.509353
0.524788
0.525592
0.521575
0.51705
0.516506
0.515883
0.512839
0.646003
0.776639
0.622605
0.591084
0.502508
0.502827
0.509387
0.515669
0.516646
0.505596
0.499315
0.506039
0.52672
0.529238
0.509577
0.519113
0.518433
0.52314
0.639892
0.516152
0.518124
0.509165
0.50845
0.50416
0.503146
0.527316
0.529417
0.512639
0.517838
0.511362
0.519868
0.518378
0.508103
0.523772
0.541575
0.512557
0.504621
0.524212
0.518529
0.640973
0.519455
0.520191
0.526732
0.515272
0.509181
0.507399
0.515017
0.516689
0.496531
0.550731
0.528731
0.503025
0.510397
0.509805
0.520047
0.510215
0.514457
0.511699
0.505634
0.501607
0.501895
0.519893
0.532777
0.51718
0.492709
0.530043
0.516799
0.492225
0.510492
0.521805
0.518045
0.521901
0.521441
0.521568
0.602343
0.509049
0.504748
0.523501
0.515975
0.496778
0.506122
0.5055
0.50757
0.507382
0.494511
0.53688
0.511961
0.515458
0.513053
0.515177
0.507203
0.507579
0.514256
0.525505
0.498685
0.522883
0.525526
0.513047
0.50558
0.526605
0.699074
0.797856
0.533229
0.525978
0.524807
0.523394
0.559406
0.601579
0.570403
0.564698
0.518935
0.5066
0.525033
0.523165
0.509178
0.520572
0.513676
0.509698
0.530499
0.538307
0.549564
0.571319
0.523083
0.503879
0.512317
0.510881
0.52297
0.523134
0.521979
0.522777
0.525301
0.531741
0.508896
0.508226
0.508681
0.514321
0.50845
0.511746
0.542225
0.538541
0.508345
0.507164
0.507202
0.518493
0.509801
0.623234
0.52104
0.506469
0.517744
0.515785
0.51375
0.51079
0.51578
0.509208
0.507376
0.517255
0.509956
0.513938
0.521769
0.517502
0.507159
0.520312
0.519769
0.512489
0.523239
0.522568
0.507387
0.533983
0.518428
0.515332
0.530578
0.536313
0.504658
0.500963
0.518002
0.523616
0.508297
0.528058
0.528905
0.529609
0.493562
0.58387
0.634902
0.506579
0.502424
0.500696
0.498173
0.510034
0.513569
0.51583
0.522922
0.511647
0.50468
0.522983
0.53763
0.524787
0.524526
0.6128
0.581341
0.592338
0.525143
0.535086
0.540795
0.516932
0.512962
0.513921
0.511271
0.509647
0.503034
0.531084
0.509787
0.505793
0.53033
0.505158
0.513371
0.515746
0.514404
0.513109
0.514627
0.509362
0.509762
0.501112
0.538359
0.54245
0.534027
0.512854
0.508975
0.510219
0.540866
0.532627
0.519161
0.514778
0.513381
0.516074
0.521677
0.521651
0.520269
0.530407
0.514222
0.514174
0.527799
0.504919
0.523099
0.529363
0.526593
0.515326
0.524574
0.507013
0.510455
0.527057
0.522858
0.522478
0.515628
0.834773
0.503052
0.523564
0.505398
0.526495
0.508798
0.526583
0.522096
0.531319
0.523424
0.51051
0.511473
0.50378
0.518242
0.7339
0.516395
0.520712
0.513283
0.505089
0.506287
0.503632
0.509324
0.503943
0.511016
0.539947
0.512581
0.516801
0.532062
0.509273
0.501742
0.524902
0.509051
0.650122
0.630155
0.524313
0.554016
0.518741
0.520675
0.527753
0.529355
0.527429
0.506806
0.512823
0.58793
0.529832
0.526848
0.517658
0.521597
0.507407
0.508274
0.503534
0.501014
0.520202
0.508406
0.499441
0.504596
0.509728
0.509193
0.757115
0.510495
0.497151
0.516472
0.528321
0.50184
0.504809
0.52496
0.514549
0.525762
0.516895
0.511499
0.505713
0.509001
0.510895
0.50787
0.493391
0.50433
0.520598
0.526934
0.529375
0.521717
0.505117
0.504041
0.500125
0.520763
0.508434
0.522985
0.517481
0.503271
0.523435
0.527076
0.512306
0.510168
0.511343
0.507331
0.499547
0.500982
0.50701
0.522832
0.541848
0.593273
0.509608
0.532391
0.526586
0.50865
0.514609
0.538493
0.525748
0.538129
0.499862
0.517092
0.523031
0.508597
0.509497
0.514739
0.508911
0.512728
0.503407
0.515208
0.519033
0.523498
0.506443
0.504906
0.509145
0.51103
0.790972
0.51626
0.540471
0.548017
0.504246
0.529205
0.531699
0.508846
0.522278
0.516001
0.516738
0.527333
0.53992
0.543578
0.622522
0.506634
0.512043
0.513124
0.529245
0.517471
0.521759
0.684573
0.542538
0.513601
0.518574
0.519874
0.528127
0.50108
0.52157
0.521973
0.519478
0.683058
0.502587
0.520554
0.506824
0.503552
0.501048
0.505769
0.518312
0.511318
0.574939
0.51591
0.518577
0.501415
0.505335
0.514004
0.516098
0.547877
0.519385
0.509204
0.528567
0.503392
0.511751
0.525592
0.526094
0.50328
0.522292
0.512225
0.763782
0.519674
0.515539
0.523483
0.519406
0.504227
0.522724
0.526267
0.515739
0.695809
0.527663
0.504386
0.510041
0.509801
0.507827
0.508112
0.541683
0.499279
0.501939
0.503296
0.506784
0.522074
0.525901
0.504838
0.510912
0.517018
0.509389
0.511689
0.528171
0.505696
0.528331
0.510477
0.505353
0.504616
0.494746
0.49744
0.512004
0.512347
0.53505
0.515632
0.522537
0.497803
0.500975
0.506382
0.503816
0.524049
0.50934
0.506072
0.550193
0.500164
0.508345
0.512561
0.505337
0.529153
0.51299
0.518185
0.758075
0.514607
0.526264
0.504921
0.530298
0.516283
0.572622
0.518793
0.51928
0.528629
0.526588
0.520109
0.580691
0.51283
0.520369
0.509751
0.505105
0.526455
0.523653
0.525355
0.514864
0.551939
0.527388
0.524202
0.503569
0.508763
0.504467
0.525133
0.506902
0.510799
0.51648
0.633345
0.504243
0.525905
0.509394
0.51064
0.523453
0.512522
0.527127
0.500799
0.5035
0.507939
0.504593
0.496233
0.517795
0.522549
0.516691
0.521425
0.640065
0.526025
0.499555
0.503821
0.562717
0.50759
0.528495
0.530807
0.508211
0.552953
0.507529
0.50154
0.513512
0.50381
0.501982
0.525875
0.524866
0.503784
0.714128
0.503714
0.525593
0.528837
0.503204
0.52315
0.512746
0.527128
0.503778
0.505552
0.510578
0.509592
0.584025
0.507276
0.52673
0.529901
0.505155
0.514982
0.549382
0.694812
0.533922
0.527972
0.506934
0.523576
0.509178
0.51247
0.552912
0.583253
0.521553
0.524354
0.523774
0.511253
0.509357
0.503042
0.50377
0.514536
0.508917
0.519562
0.505099
0.529832
0.551191
0.553989
0.553781
0.505244
0.510399
0.512214
0.571676
0.506775
0.507828
0.497008
0.531168
0.526337
0.522846
0.505747
0.509862
0.527144
0.523551
0.522529
0.514788
0.51731
0.509714
0.501291
0.498823
0.521575
0.501312
0.529594
0.52901
0.499496
0.5635
0.584971
0.528692
0.51584
0.536949
0.543877
0.508272
0.512486
0.517727
0.515482
0.50594
0.508322
0.508034
0.504554
0.505523
0.509252
0.519943
0.523514
0.601685
0.633292
0.503284
0.493395
0.494802
0.510011
0.506743
0.539364
0.496957
0.522456
0.752958
0.799633
0.510596
0.631359
0.518608
0.521224
0.502998
0.509125
0.516787
0.52844
0.533194
0.512775
0.525587
0.511031
0.503025
0.50672
0.530648
0.518893
0.541144
0.516262
0.517775
0.507738
0.527536
0.505247
0.513321
0.530316
0.526447
0.568145
0.506972
0.505465
0.513666
0.510335
0.50935
0.515773
0.514954
0.508876
0.508895
0.512287
0.522788
0.512175
0.512937
0.507298
0.526626
0.51218
0.522017
0.562262
0.497862
0.538433
0.520554
0.511125
0.515697
0.504744
0.507151
0.525277
0.742509
0.50461
0.525747
0.511607
0.519135
0.520854
0.52152
0.506918
0.507591
0.534262
0.507982
0.523533
0.538295
0.509084
0.499664
0.508672
0.505168
0.502048
0.50796
0.525665
0.50207
0.509611
0.506159
0.565431
0.506455
0.51125
0.504059
0.510481
0.528506
0.519672
0.503108
0.533881
0.621314
0.523734
0.529092
0.534927
0.526018
0.512248
0.506125
0.506278
0.518337
0.509828
0.505485
0.572738
0.509856
0.518583
0.530692
0.51722
0.541286
0.500239
0.507071
0.508836
0.524604
0.523457
0.505654
0.514912
0.522081
0.500522
0.524326
0.501866
0.505557
0.540317
0.644275
0.524281
0.522236
0.53751
0.521366
0.595377
0.536589
0.537875
0.541286
0.522196
0.519706
0.509718
0.509591
0.500323
0.524056
0.515558
0.514022
0.531891
0.514652
0.52153
0.51297
0.516905
0.497686
0.601622
0.522853
0.512729
0.525278
0.504237
0.529772
0.515082
0.560629
0.499331
0.541209
0.517718
0.517827
0.565601
0.506966
0.521407
0.70001
0.49379
0.508672
0.503589
0.515259
0.56373
0.550841
0.511456
0.526595
0.520547
0.530805
0.498469
0.497037
0.529253
0.530146
0.502981
0.513598
0.509916
0.525428
0.525581
0.522344
0.526908
0.524288
0.529425
0.499004
0.575814
0.505419
0.494084
0.530428
0.570992
0.530037
0.508851
0.501875
0.531088
0.511901
0.530414
0.521138
0.529833
0.512561
0.517945
0.503518
0.551548
0.537436
0.534222
0.509695
0.51545
0.507293
0.567104
0.503951
0.657346
0.492127
0.512425
0.505566
0.509626
0.496846
0.533789
0.528987
0.514933
0.497101
0.505548
0.503908
0.505044
0.523784
0.533906
0.521652
0.522006
0.522658
0.629735
0.505461
0.535854
0.537197
0.517647
0.497548
0.520582
0.524094
0.504242
0.52313
0.523316
0.5236
0.499349
0.511955
0.515764
0.516464
0.517184
0.516585
0.541824
0.507245
0.501318
0.507886
0.510183
0.510294
0.545591
0.521676
0.521209
0.53262
0.507792
0.516786
0.526835
0.516191
0.521151
0.51823
0.500088
0.570618
0.524307
0.516358
0.512705
0.52716
0.526953
0.510035
0.519347
0.517716
0.564657
0.525225
0.530217
0.531547
0.503264
0.504947
0.514794
0.519594
0.511921
0.508589
0.5193
0.572907
0.524477
0.508592
0.507865
0.516473
0.511457
0.517056
0.50921
0.518977
0.52515
0.507702
0.514815
0.529647
0.53282
0.52375
0.514931
0.512754
0.523039
0.517633
0.524333
0.551017
0.526336
0.526644
0.514287
0.508519
0.526252
0.548793
0.517417
0.501578
0.526262
0.527584
0.524707
0.757764
0.523416
0.54357
0.536375
0.518721
0.530729
0.508709
0.517206
0.515978
0.530321
0.512705
0.515512
0.516415
0.560616
0.521185
0.525937
0.529492
0.519819
0.515687
0.531251
0.507563
0.5097
0.512423
0.5182
0.527867
0.516215
0.524855
0.515031
0.513464
0.507155
0.511035
0.514556
0.513379
0.513851
0.512582
0.524303
0.507736
0.516263
0.509959
0.517824
0.524668
0.517701
0.512018
0.493723
0.519103
0.519874
0.495974
0.506017
0.507356
0.51403
0.51433
0.506535
0.512708
0.509525
0.52792
0.53014
0.533598
0.561848
0.525043
0.524468
0.520393
0.514393
0.533689
0.519269
0.520865
0.52225
0.525595
0.527554
0.516181
0.507149
0.513041
0.507206
0.499172
0.523017
0.511646
0.519728
0.520576
0.535227
0.515394
0.531649
0.518286
0.591964
0.518604
0.516751
0.512383
0.513537
0.51249
0.509493
0.531772
0.525688
0.518355
0.527309
0.52482
0.516994
0.519418
0.51944
0.520733
0.525767
0.52774
0.50859
0.50646
0.510222
0.51132
0.512093
0.527813
0.523578
0.524955
0.517673
0.512722
0.523121
0.501941
0.519744
0.516912
0.499557
0.51185
0.511418
0.510289
0.524616
0.524872
0.510071
0.515881
0.529076
0.520712
0.508652
0.505063
0.536161
0.514709
0.507949
0.510888
0.516719
0.519843
0.514917
0.515056
0.51009
0.511138
0.518042
0.511151
0.524674
0.531225
0.509201
0.510292
0.514212
0.52932
0.529958
0.514579
0.505984
0.544327
0.511474
0.510418
0.50557
0.511819
0.520011
0.518592
0.525808
0.507614
0.509357
0.509174
0.507417
0.530265
0.522474
0.599215
0.517595
0.518791
0.497245
0.519478
0.517593
0.613355
0.586915
0.51673
0.518135
0.517632
0.520392
0.50845
0.521906
0.507338
0.509496
0.515655
0.512389
0.515818
0.5132
0.513325
0.531347
0.520055
0.509579
0.515633
0.534673
0.503889
0.508729
0.495667
0.509107
0.83104
0.509717
0.532998
0.532232
0.513223
0.502996
0.517734
0.523992
0.508338
0.507817
0.526068
0.512204
0.512067
0.533625
0.537176
0.537591
0.528434
0.545465
0.507116
0.508713
0.502803
0.533382
0.533182
0.530803
0.520268
0.515884
0.51717
0.512846
0.511574
0.507218
0.509927
0.506263
0.524008
0.613722
0.510241
0.509712
0.512567
0.517475
0.507833
0.509063
0.526814
0.513172
0.52866
0.510154
0.517201
0.530798
0.516391
0.534612
0.502393
0.514107
0.50923
0.511425
0.522577
0.700768
0.507686
0.66159
0.525016
0.504328
0.513567
0.515875
0.505301
0.603002
0.53237
0.513519
0.525225
0.520674
0.524956
0.513807
0.511399
0.668408
0.67688
0.523469
0.510591
0.510887
0.518261
0.504159
0.519695
0.527073
0.501642
0.509478
0.51561
0.523172
0.50622
0.508298
0.513444
0.507923
0.51007
0.511902
0.508619
0.531606
0.513224
0.518638
0.506765
0.531322
0.516249
0.520376
0.516029
0.512337
0.52835
0.505887
0.604017
0.510988
0.519968
0.507161
0.516306
0.542193
0.51461
0.516806
0.523891
0.521143
0.525274
0.513204
0.515766
0.516077
0.515407
0.520027
0.654494
0.521395
0.517298
0.561936
0.513629
0.523019
0.739865
0.507424
0.512417
0.504088
0.508804
0.517486
0.531032
0.52447
0.523259
0.515231
0.515876
0.533973
0.522004
0.512685
0.530818
0.509803
0.512292
0.516554
0.522606
0.522158
0.514594
0.500274
0.521746
0.514487
0.507185
0.515939
0.512507
0.518955
0.520774
0.512868
0.527208
0.507143
0.607986
0.511505
0.573849
0.52436
0.519529
0.51751
0.509192
0.528097
0.509805
0.505666
0.523188
0.510667
0.511656
0.523135
0.522864
0.539196
0.591911
0.504106
0.52865
0.506625
0.510828
0.546141
0.52178
0.664187
0.779601
0.524836
0.566326
0.507348
0.513925
0.511474
0.527755
0.513659
0.516875
0.573016
0.504574
0.512011
0.522496
0.506264
0.508423
0.530813
0.506
0.522914
0.509604
0.547125
0.539719
0.506846
0.514075
0.526359
0.505186
0.525287
0.515575
0.517482
0.506706
0.527086
0.524674
0.546063
0.515383
0.521919
0.545829
0.523392
0.579611
0.531137
0.529211
0.52373
0.530098
0.514217
0.531901
0.519428
0.53162
0.519251
0.519691
0.514764
0.514051
0.511384
0.503531
0.524491
0.54021
0.520832
0.525546
0.510867
0.51026
0.518529
0.533543
0.515789
0.50839
0.522259
0.509986
0.536327
0.52215
0.531095
0.716736
0.515807
0.527205
0.507
0.515462
0.50757
0.508867
0.527576
0.505883
0.508603
0.514101
0.512081
0.513215
0.640272
0.513073
0.528312
0.511048
0.509759
0.561936
0.531884
0.51216
0.501774
0.520185
0.507212
0.511558
0.644259
0.506083
0.508323
0.509551
0.507935
0.51336
0.51516
0.507913
0.508345
0.591216
0.516375
0.504275
0.517463
0.527855
0.503167
0.507808
0.515804
0.504131
0.515175
0.515551
0.519716
0.518765
0.521601
0.507904
0.507569
0.517172
0.509743
0.522001
0.510173
0.55655
0.541525
0.506633
0.508421
0.505332
0.525569
0.720496
0.510794
0.51443
0.520605
0.512384
0.528185
0.528292
0.515677
0.510542
0.52126
0.521876
0.514305
0.514525
0.508439
0.53204
0.511977
0.511942
0.554222
0.61711
0.520461
0.531192
0.524241
0.518191
0.523187
0.515471
0.506274
0.513108
0.528159
0.504466
0.574098
0.511744
0.604823
0.510949
0.526754
0.779229
0.508733
0.511518
0.523351
0.492733
0.504186
0.529122
0.520557
0.515207
0.505857
0.509057
0.528454
0.51268
0.501595
0.518606
0.637049
0.528712
0.527547
0.712537
0.513919
0.516945
0.525711
0.518768
0.514317
0.503507
0.518382
0.594466
0.576357
0.956204
0.545336
0.504913
0.533199
0.511433
0.51359
0.506701
0.513858
0.516114
0.508113
0.516202
0.50895
0.508238
0.516746
0.517794
0.501518
0.516098
0.519575
0.510185
0.511263
0.504012
0.50352
0.546687
0.529531
0.504965
0.528278
0.531889
0.510864
0.508894
0.503378
0.501388
0.525523
0.524693
0.507355
0.5189
0.50998
0.51871
