0.523244
0.521824
0.530897
0.514219
0.516679
0.506552
0.516794
0.512701
0.515346
0.531495
0.528766
0.509965
0.530219
0.503239
0.503823
0.509779
0.5088
0.511068
0.510553
0.497981
0.505858
0.520037
0.735352
0.509371
0.509067
0.510148
0.627061
0.588862
0.605804
0.511396
0.505921
0.519268
0.515039
0.502948
0.524038
0.525042
0.51738
0.518248
0.511583
0.507396
0.5159
0.513664
0.51037
0.508233
0.5099
0.508604
0.503618
0.51448
0.513654
0.526705
0.522937
0.609423
0.54455
0.540395
0.544738
0.490695
0.505847
0.515075
0.510685
0.51351
0.539677
0.538188
0.53879
0.544868
0.510202
0.502823
0.503459
0.541228
0.545835
0.529477
0.522959
0.52784
0.520069
0.516133
0.523855
0.55614
0.573262
0.516124
0.515961
0.527675
0.527937
0.528523
0.506309
0.506211
0.507786
0.50655
0.527398
0.526501
0.502759
0.506099
0.515763
0.546612
0.550726
0.545901
0.505068
0.505388
0.503879
0.503289
0.531047
0.525619
0.542751
0.514383
0.511587
0.515201
0.511781
0.510647
0.5835
0.52902
0.524131
0.52668
0.521332
0.525323
0.507769
0.507592
0.507623
0.505433
0.515525
0.517029
0.518215
0.519275
0.507962
0.568812
0.569101
0.553421
0.521046
0.521562
0.518093
0.518073
0.510884
0.581839
0.573304
0.525016
0.514559
0.517438
0.52418
0.529633
0.627278
0.517043
0.513009
0.526229
0.533086
0.519066
0.516884
0.52007
0.521615
0.511799
0.51053
0.507549
0.50636
0.509368
0.51342
0.550434
0.544342
0.720996
0.523344
0.619459
0.631188
0.647103
0.818961
0.874942
0.52445
0.520295
0.52297
0.516046
0.517498
0.547469
0.545049
0.538414
0.539318
0.57307
0.58333
0.552553
0.709067
0.637905
0.5046
0.514809
0.509112
0.519975
0.516302
0.515864
0.514511
0.505722
0.508086
0.521444
0.516248
0.520609
0.516394
0.525551
0.524625
0.502823
0.503528
0.50918
0.509209
0.52102
0.528131
0.530909
0.503684
0.509119
0.512787
0.506768
0.527591
0.575309
0.57808
0.52809
0.526198
0.525959
0.5264
0.522216
0.511726
0.529562
0.520628
0.510774
0.530122
0.540006
0.516625
0.510597
0.511471
0.512252
0.509265
0.571296
0.579258
0.502751
0.523837
0.524514
0.504254
0.510678
0.517873
0.52066
0.522418
0.531889
0.532998
0.541869
0.525014
0.526005
0.509537
0.505349
0.546459
0.548863
0.527888
0.529778
0.532786
0.529374
0.566199
0.53183
0.528886
0.531692
0.53085
0.529714
0.532151
0.530899
0.527465
0.534086
0.529544
0.555499
0.563426
0.564116
0.554886
0.501151
0.502143
0.530722
0.543058
0.533153
0.537681
0.5268
0.523344
0.524195
0.505924
0.507832
0.507348
0.503695
0.516903
0.510609
0.501283
0.513992
0.517123
0.51457
0.527453
0.526406
0.653526
0.593374
0.545126
0.54526
0.540815
0.503446
0.502529
0.523882
0.504445
0.504588
0.516806
0.51669
0.51794
0.520407
0.510865
0.513609
0.506875
0.509923
0.513387
0.513225
0.508298
0.507602
0.523899
0.506314
0.507456
0.514851
0.521497
0.521812
0.519452
0.501464
0.500973
0.50275
0.5146
0.563613
0.586347
0.508882
0.520663
0.524519
0.510195
0.508999
0.518779
0.512603
0.521098
0.521645
0.513699
0.538815
0.531113
0.529322
0.51436
0.497943
0.525782
0.520164
0.515392
0.521901
0.606072
0.510855
0.506832
0.506318
0.49862
0.507565
0.508317
0.511527
0.720326
0.497025
0.50272
0.535941
0.529725
0.518494
0.521775
0.49453
0.502105
0.536806
0.545147
0.519799
0.519513
0.523222
0.503884
0.511024
0.503359
0.50764
0.503648
0.514279
0.512183
0.517404
0.507085
0.514592
0.513678
0.498031
0.524953
0.515873
0.516822
0.513547
0.514338
0.516489
0.60099
0.531518
0.523103
0.55718
0.555187
0.550151
0.513902
0.516507
0.515351
0.518811
0.507783
0.514175
0.533338
0.525979
0.522763
0.520986
0.528444
0.506197
0.516745
0.526287
0.490208
0.536477
0.651389
0.526882
0.508619
0.511657
0.508117
0.504951
0.505338
0.51803
0.531473
0.520545
0.529838
0.685706
0.642191
0.680616
0.506299
0.506487
0.50919
0.50901
0.535135
0.524899
0.518147
0.511729
0.510593
0.541851
0.637465
0.523808
0.532541
0.528121
0.503116
0.504092
0.505239
0.508305
0.50547
0.506102
0.505543
0.518851
0.5164
0.505089
0.511559
0.510054
0.498678
0.637346
0.756158
0.831644
0.490962
0.495306
0.509302
0.509564
0.523036
0.500753
0.502724
0.520755
0.537569
0.515247
0.520213
0.511408
0.51922
0.526915
0.499421
0.506599
0.500408
0.504442
0.520406
0.521476
0.507656
0.542209
0.496639
0.504557
0.507527
0.531298
0.532239
0.539994
0.506811
0.513467
0.49774
0.502289
0.534164
0.507468
0.529367
0.508626
0.515972
0.818592
0.508862
0.541024
0.538423
0.528276
0.524971
0.50809
0.515183
0.519212
0.51748
0.526038
0.526373
0.5506
0.510838
0.514556
0.52844
0.525553
0.515657
0.509484
0.509725
0.506219
0.519423
0.515102
0.518509
0.512381
0.508843
0.511371
0.515443
0.507558
0.508052
0.515464
0.516559
0.496101
0.507865
0.506049
0.518624
0.523402
0.510685
0.516945
0.529532
0.524414
0.52254
0.514992
0.899051
0.538843
0.558502
0.526517
0.527455
0.694438
0.720073
0.72384
0.50705
0.524786
0.520959
0.531516
0.525046
0.513554
0.531485
0.540892
0.532194
0.534687
0.543732
0.52129
0.522691
0.522907
0.502521
0.502421
0.505646
0.50617
0.528347
0.520682
0.507412
0.512453
0.507136
0.528488
0.510998
0.513616
0.507909
0.519665
0.519674
0.525882
0.512861
0.515438
0.503152
0.518151
0.501785
0.508083
0.505959
0.531546
0.507966
0.503635
0.505041
0.506199
0.511838
0.510511
0.725102
0.66015
0.528439
0.536066
0.669388
0.706953
0.516793
0.510968
0.507717
0.50435
0.505191
0.552446
0.554018
0.507379
0.501487
0.515172
0.508898
0.506265
0.524916
0.527408
0.522444
0.539537
0.523777
0.506337
0.502379
0.505656
0.505543
0.501079
0.505579
0.613283
0.515663
0.516213
0.515451
0.524487
0.684427
0.739304
0.498823
0.508363
0.531892
0.53871
0.533375
0.505808
0.504553
0.560613
0.51571
0.508575
0.522273
0.504079
0.510261
0.512654
0.506593
0.508645
0.51071
0.528946
0.519405
0.564617
0.570726
0.520323
0.511487
0.513698
0.506819
0.516699
0.518155
0.754504
0.655362
0.515298
0.507888
0.504845
0.508182
0.506038
0.506239
0.522115
0.525901
0.532484
0.534187
0.507209
0.524509
0.50527
0.509406
0.507853
0.527482
0.52651
0.508711
0.503794
0.525391
0.5222
0.511906
0.513224
0.511125
0.516758
0.512321
0.501794
0.593947
0.544377
0.540058
0.512929
0.511432
0.525743
0.529159
0.522568
0.512607
0.507377
0.531146
0.502127
0.577779
0.520967
0.519442
0.510199
0.504276
0.507176
0.49205
0.496963
0.523607
0.510852
0.513613
0.547254
0.515486
0.512088
0.500043
0.51506
0.50857
0.510104
0.506002
0.507288
0.526711
0.525349
0.521788
0.702887
0.755544
0.553383
0.551545
0.515249
0.497385
0.501024
0.514232
0.512179
0.508758
0.514828
0.516242
0.501602
0.508578
0.52334
0.522427
0.724202
0.528596
0.506433
0.525008
0.526594
0.510146
0.518784
0.519504
0.513792
0.54182
0.509245
0.506695
0.648325
0.528604
0.503173
0.50872
0.519948
0.526552
0.514996
0.522211
0.516571
0.522166
0.502575
0.506286
0.541097
0.506626
0.507039
0.50688
0.518661
0.511784
0.506549
0.506739
0.52139
0.520941
0.520509
0.494804
0.530352
0.566561
0.507056
0.505873
0.510482
0.652055
0.509336
0.50898
0.52233
0.520843
0.523303
0.517603
0.515263
0.60931
0.503532
0.500375
0.497235
0.506585
0.510865
0.524719
0.525513
0.522832
0.500673
0.496794
0.554741
0.512122
0.511256
0.51111
0.514902
0.529405
0.506029
0.506834
0.506572
0.527395
0.500708
0.507172
0.499778
0.528171
0.51397
0.498871
0.506921
0.521044
0.51663
0.525247
0.547254
0.763694
0.533722
0.523546
0.524527
0.522469
0.52814
0.548118
0.514924
0.517643
0.515501
0.509076
0.518397
0.520599
0.52974
0.508798
0.517434
0.518017
0.515445
0.514573
0.661717
0.511292
0.529566
0.527583
0.528575
0.578776
0.526687
0.526936
0.504433
0.510838
0.506596
0.507722
0.508434
0.511434
0.511879
0.524163
0.52697
0.504408
0.499266
0.511056
0.509471
0.51417
0.536083
0.510746
0.511257
0.501305
0.517553
0.518
0.506164
0.511637
0.512152
0.51303
0.509804
0.503727
0.513219
0.556901
0.515333
0.513041
0.5061
0.73635
0.518961
0.52172
0.509216
0.509859
0.515635
0.511959
0.513448
0.514949
0.520918
0.514555
0.545725
0.497879
0.503725
0.514036
0.512306
0.523316
0.521589
0.521641
0.516134
0.528321
0.526622
0.512029
0.507193
0.503615
0.501523
0.513824
0.526416
0.526349
0.516716
0.516491
0.514091
0.525519
0.527222
0.505339
0.523831
0.495864
0.513619
0.509994
0.653165
0.525422
0.520267
0.511406
0.512417
0.511656
0.504551
0.504401
0.537296
0.521755
0.51761
0.519646
0.550113
0.579846
0.523306
0.515736
0.535245
0.519105
0.541478
0.506962
0.511119
0.51314
0.503681
0.515
0.514879
0.615305
0.506941
0.506487
0.531487
0.531298
0.507011
0.504767
0.519404
0.52345
0.60447
0.512139
0.515027
0.504851
0.500749
0.508398
0.525711
0.541179
0.53556
0.510069
0.507169
0.503082
0.507132
0.538769
0.51904
0.510687
0.516418
0.516408
0.523475
0.524975
0.532245
0.52775
0.503482
0.536558
0.519818
0.518252
0.508098
0.505371
0.506557
0.509877
0.522669
0.805669
0.506582
0.509706
0.513028
0.532116
0.514923
0.510507
0.513789
0.512477
0.502259
0.516303
0.492619
0.524505
0.526375
0.508016
0.531727
0.551922
0.545615
0.524351
0.508189
0.507327
0.505876
0.50594
0.513614
0.515321
0.507068
0.500021
0.654781
0.51743
0.510891
0.513834
0.495113
0.50151
0.504071
0.494624
0.499565
0.499775
0.500946
0.511381
0.510908
0.515482
0.528732
0.515386
0.527342
0.505704
0.632969
0.643428
0.526753
0.524734
0.544319
0.545925
0.516803
0.524209
0.527694
0.525206
0.521077
0.5049
0.51042
0.504405
0.498595
0.510547
0.530682
0.504977
0.506872
0.500436
0.518689
0.515041
0.504162
0.655717
0.524964
0.523311
0.523349
0.525785
0.519652
0.792323
0.901107
0.506532
0.506949
0.511385
0.511362
0.50253
0.505766
0.522706
0.519859
0.513138
0.524597
0.505244
0.501516
0.501957
0.498292
0.501093
0.496287
0.509405
0.502331
0.511074
0.508188
0.52376
0.522259
0.506341
0.523748
0.530505
0.525209
0.771646
0.806982
0.820854
0.563691
0.528049
0.525915
0.504668
0.512825
0.504861
0.507537
0.510223
0.516061
0.500988
0.502904
0.523298
0.545309
0.511596
0.530531
0.521817
0.513626
0.513414
0.58953
0.505673
0.52669
0.529264
0.509066
0.505808
0.507686
0.860101
0.512975
0.50595
0.499275
0.5136
0.511468
0.51878
0.537025
0.52568
0.540846
0.538607
0.506574
0.51393
0.510935
0.508891
0.510693
0.505108
0.498927
0.643999
0.527819
0.537682
0.520383
0.545507
0.544168
0.506736
0.523893
0.505908
0.505417
0.526242
0.521741
0.515493
0.515839
0.526334
0.536731
0.528972
0.603134
0.616918
0.513353
0.526977
0.525563
0.526341
0.54029
0.507361
0.565201
0.513447
0.511929
0.516078
0.527452
0.496527
0.52288
0.517533
0.503881
0.517687
0.505822
0.503537
0.554336
0.504449
0.51112
0.512543
0.507776
0.503798
0.514862
0.519182
0.508989
0.513837
0.543375
0.529243
0.525385
0.506505
0.505491
0.505988
0.526549
0.507665
0.510188
0.527039
0.513413
0.516814
0.524433
0.516975
0.499738
0.506921
0.526308
0.513446
0.517301
0.503285
0.505489
0.506976
0.520431
0.574142
0.537941
0.548907
0.502779
0.506924
0.507737
0.524907
0.516611
0.521017
0.507781
0.507236
0.508728
0.524552
0.512131
0.524196
0.523913
0.498401
0.751799
0.495775
0.512613
0.517087
0.523374
0.548521
0.547904
0.530361
0.624118
0.616278
0.528443
0.526471
0.527362
0.526319
0.520118
0.50779
0.508354
0.504168
0.506465
0.520899
0.508179
0.496311
0.505126
0.502982
0.515753
0.577241
0.520562
0.519717
0.52722
0.510305
0.529297
0.52806
0.709774
0.531144
0.498512
0.518579
0.577723
0.59238
0.511705
0.617269
0.51272
0.511909
0.514946
0.510886
0.524807
0.525044
0.515106
0.550168
0.525717
0.523772
0.503928
0.529096
0.495163
0.504224
0.600305
0.611184
0.511426
0.524656
0.505736
0.506674
0.504161
0.510769
0.522881
0.508476
0.52554
0.523459
0.506939
0.670082
0.583572
0.606661
0.512275
0.504003
0.505805
0.553942
0.502026
0.508859
0.505665
0.505582
0.518903
0.517449
0.512081
0.506079
0.51316
0.510878
0.531046
0.527875
0.521151
0.503725
0.521164
0.509588
0.512507
0.505137
0.507711
0.533321
0.516998
0.509138
0.596498
0.508347
0.527354
0.528085
0.550801
0.542348
0.516027
0.513845
0.524991
0.500028
0.53799
0.533996
0.511522
0.526802
0.515579
0.506082
0.503156
0.509418
0.514219
0.599873
0.525006
0.523638
0.524514
0.522988
0.507954
0.49798
0.505622
0.50693
0.49867
0.564074
0.517427
0.504103
0.493292
0.511266
0.762362
0.511179
0.495395
0.546235
0.517532
0.505585
0.507098
0.504223
0.517981
0.509172
0.525461
0.500648
0.525396
0.53113
0.508768
0.508008
0.50884
0.932188
0.605735
0.496639
0.528822
0.525003
0.499505
0.502551
0.525662
0.525411
0.527242
0.49914
0.564083
0.498728
0.57015
0.5837
0.571953
0.490876
0.512174
0.521178
0.527743
0.526581
0.557949
0.53926
0.508383
0.512816
0.511718
0.532788
0.511039
0.503383
0.504277
0.503238
0.491245
0.493041
0.496725
0.507398
0.529981
0.50428
0.504142
0.522531
0.538907
0.498
0.532505
0.523031
0.519519
0.512047
0.612881
0.519379
0.501922
0.506819
0.519612
0.522321
0.527616
0.766677
0.896127
0.53281
0.501956
0.525977
0.522951
0.517478
0.511972
0.530784
0.521707
0.523082
0.568049
0.506119
0.547236
0.504179
0.493686
0.498837
0.512673
0.514894
0.524881
0.51662
0.521822
0.516425
0.513153
0.513452
0.51125
0.50813
0.521752
0.511055
0.502121
0.505729
0.509659
0.503001
0.499505
0.524521
0.513015
0.539081
0.509299
0.505711
0.557562
0.510234
0.511146
0.505499
0.520135
0.532431
0.825265
0.506242
0.524079
0.519284
0.517534
0.512805
0.512889
0.537545
0.509088
0.521937
0.536423
0.512394
0.500641
0.507627
0.50582
0.508773
0.502423
0.524628
0.536101
0.503866
0.503248
0.510286
0.504941
0.527058
0.518242
0.507346
0.508388
0.530146
0.516769
0.507989
0.505655
0.505925
0.503893
0.531772
0.505962
0.529992
0.524656
0.518451
0.531099
0.535739
0.501987
0.525657
0.506916
0.501846
0.874438
0.837506
0.504001
0.504256
0.587047
0.500322
0.547582
0.496425
0.52677
0.521008
0.523264
0.503267
0.516469
0.518482
0.524393
0.522397
0.517594
0.507095
0.518556
0.524681
0.527803
0.50029
0.520938
0.521744
0.505173
0.503036
0.523865
0.522223
0.575062
0.537445
0.520905
0.527027
0.528555
0.532243
0.521518
0.738658
0.510304
0.513304
0.516384
0.519575
0.491145
0.521685
0.509475
0.528335
0.537329
0.519118
0.500084
0.516085
0.578927
0.515854
0.563414
0.505425
0.523463
0.523835
0.507267
0.522919
0.512984
0.508869
0.520986
0.518754
0.539379
0.508556
0.508637
0.516376
0.508869
0.540386
0.509714
0.508407
0.506948
0.520328
0.516389
0.528337
0.519991
0.730622
0.666887
0.494766
0.500279
0.5032
0.522251
0.522634
0.539069
0.513995
0.520514
0.530019
0.523301
0.517595
0.541768
0.528938
0.503755
0.514289
0.507992
0.515718
0.508712
0.527074
0.521375
0.52074
0.528026
0.516314
0.505524
0.504627
0.522515
0.534684
0.499421
0.530223
0.541139
0.558809
0.527052
0.52903
0.512943
0.52974
0.507634
0.530457
0.513286
0.50517
0.509391
0.544998
0.536465
0.523693
0.531896
0.671617
0.530061
0.501194
0.505516
0.517977
0.521262
0.508241
0.491998
0.51365
0.498213
0.500833
0.531108
0.503032
0.505541
0.507366
0.500156
0.622625
0.524758
0.526515
0.520461
0.535689
0.520209
0.523966
0.51377
0.499652
0.540484
0.509401
0.51155
0.500968
0.50488
0.698602
0.516707
0.520909
0.511878
0.701824
0.519761
0.521003
0.50997
0.506372
0.501705
0.499432
0.516009
0.514437
0.521076
0.514743
0.492961
0.513939
0.504169
0.50464
0.563711
0.508059
0.53037
0.520004
0.523948
0.516533
0.520647
0.536163
0.51787
0.520753
0.520254
0.521997
0.530778
0.60159
0.60109
0.596122
0.513053
0.509899
0.533554
0.530607
0.536768
0.527588
0.533936
0.532253
0.527455
0.50462
0.504287
0.519989
0.537051
0.526876
0.535489
0.541812
0.504377
0.513014
0.511794
0.516586
0.520268
0.519823
0.519134
0.528967
0.508055
0.506575
0.50541
0.493215
0.5158
0.508175
0.5063
0.518944
0.536265
0.512945
0.513854
0.512635
0.519417
0.508122
0.512353
0.525844
0.551609
0.527049
0.70191
0.664002
0.507091
0.527362
0.520082
0.511334
0.526459
0.517764
0.544936
0.539409
0.535932
0.533295
0.513327
0.508911
0.515794
0.525186
0.522214
0.515777
0.509817
0.511027
0.509881
0.51098
0.509026
0.510896
0.508493
0.507949
0.509016
0.519054
0.526753
0.504883
0.508852
0.50909
0.508
0.511595
0.518084
0.522027
0.519025
0.617572
0.521631
0.527087
0.493811
0.508068
0.507529
0.512891
0.506883
0.529473
0.505307
0.519467
0.502375
0.511728
0.518893
0.522381
0.520156
0.508842
0.514138
0.51541
0.519304
0.511929
0.590148
0.586838
0.511167
0.51042
0.509543
0.661545
0.593317
0.568906
0.514231
0.514814
0.528427
0.515163
0.517084
0.511338
0.50743
0.527275
0.52096
0.525924
0.50182
0.516691
0.517946
0.526714
0.508136
0.50983
0.519042
0.516382
0.511494
0.526744
0.507788
0.499022
0.510504
0.576139
0.507913
0.531743
0.520242
0.515815
0.514479
0.656585
0.510964
0.504728
0.514165
0.515781
0.508814
0.523647
0.52636
0.504032
0.515979
0.499592
0.508157
0.519791
0.507426
0.507131
0.508603
0.628333
0.519564
0.507708
0.527838
0.496076
0.522538
0.504755
0.508512
0.503271
0.52754
0.509024
0.516292
0.51017
0.515771
0.502295
0.516114
0.507927
0.509846
0.519608
0.610832
0.553901
0.518062
0.515128
0.52068
0.529644
0.527785
0.503493
0.528186
0.518465
0.514684
0.511531
0.511707
0.512481
0.512693
0.51674
0.518462
0.506778
0.511009
0.511147
0.512591
0.515484
0.506253
0.516878
0.52594
0.52029
0.521361
0.621441
0.515963
0.511987
0.51187
0.513871
0.508498
0.507537
0.509552
0.510383
0.506647
0.508036
0.504041
0.527606
0.515641
0.568649
0.50934
0.509474
0.526901
0.507331
0.506975
0.524576
0.525473
0.505506
0.508836
0.507852
0.522325
0.532721
0.515222
0.514842
0.533898
0.597342
0.530981
0.50965
0.530342
0.513962
0.513504
0.512244
0.521617
0.509176
0.500098
0.503474
0.513357
0.510386
0.527311
0.531067
0.529001
0.515401
0.515293
0.519656
0.51074
0.511787
0.509273
0.514725
0.519095
0.51197
0.504372
0.505272
0.509726
0.518008
0.512842
0.525641
0.59306
0.659751
0.504973
0.571787
0.50565
0.516865
0.506786
0.516189
0.52881
0.509122
0.508051
0.518168
0.515723
0.577709
0.736534
0.512565
0.510251
0.656823
0.509456
0.51544
0.50486
0.514743
0.523205
0.527568
0.511187
0.509366
0.5176
0.534069
0.532048
0.527472
0.517919
0.510999
0.521398
0.619349
0.517469
0.650755
0.544138
0.551345
0.508032
0.507054
0.540716
0.505568
0.505863
0.514412
0.500169
0.498299
0.506021
0.509586
0.506244
0.506156
0.518645
0.518357
0.536252
0.524512
0.518889
0.504979
0.513413
0.508341
0.513608
0.519462
0.506728
0.506397
0.506668
0.541834
0.526821
0.517557
0.512586
0.509067
0.51038
0.532146
0.513101
0.521848
0.509492
0.639088
0.523435
0.513461
0.511141
0.507218
0.518899
0.517878
0.518328
0.5255
0.506546
0.506333
0.507305
0.503206
0.515817
0.51136
0.528238
0.509613
0.501547
0.507278
0.53311
0.511904
0.519774
0.520067
0.536034
0.518781
0.528666
0.531787
0.511427
0.515649
0.520468
0.514939
0.531864
0.524603
0.526675
0.52267
0.517929
0.50692
0.513861
0.524839
0.489249
0.503543
0.513951
0.528627
0.509345
0.519017
0.523983
0.510755
0.527053
0.523725
0.557451
0.518234
0.5143
0.502925
0.507564
0.502502
0.664112
0.524973
0.503924
0.528209
0.515944
0.511452
0.508766
0.503523
0.505394
0.550962
0.516932
0.507375
0.511347
0.520519
0.517492
0.52032
0.507588
0.517799
0.510665
0.531644
0.522688
0.529417
0.526166
0.509495
0.543829
0.510814
0.571392
0.515377
0.505945
0.518898
0.517206
0.513722
0.505198
0.507668
0.671386
0.534983
0.5144
0.581623
0.551629
0.534978
0.514335
0.51606
0.521369
0.584746
0.504587
0.51423
0.52169
0.519768
0.508152
0.521875
0.506626
0.50807
0.514614
0.555462
0.514179
0.526644
0.499168
0.517444
0.513251
0.513108
0.803663
0.525936
0.499869
0.502193
0.504572
0.527307
0.509463
0.526098
0.73085
0.522545
0.516527
0.534673
0.516838
0.50329
0.525739
0.525877
0.534038
0.503605
0.51764
0.530106
0.612333
0.51774
0.577423
0.512417
0.5103
0.504991
0.525071
0.662899
0.518724
0.518424
0.520535
0.511855
0.509911
0.50917
0.506229
0.516731
0.539954
0.513028
0.513468
0.512766
0.529905
0.522383
0.505712
0.524193
0.507446
0.517367
0.5096
0.522739
0.507246
0.493679
0.522317
0.505503
0.513018
0.533924
0.528802
0.51507
0.504746
0.521091
0.522445
0.513426
0.507396
0.508133
0.52043
0.507079
0.525859
0.525845
0.537736
0.506144
0.527092
0.51718
0.510184
0.527238
0.512038
0.499673
0.511936
0.51645
0.520333
0.538118
0.516737
0.492129
0.529818
0.51125
0.510694
0.523565
0.518693
0.501894
0.521142
0.535667
0.527649
0.508944
0.526112
0.520764
0.662811
0.507924
0.528654
0.525686
0.501785
0.51353
0.515767
0.518122
0.50569
0.529601
0.510722
0.520145
0.508787
0.520286
0.517049
0.526263
0.515572
0.528749
0.502505
0.512209
0.51215
0.512318
0.52834
0.532012
0.516109
0.518663
0.498257
0.52247
0.498477
0.522373
0.518202
0.530066
0.518547
0.527494
0.521602
0.530486
0.554629
0.684079
0.521627
0.647006
0.54381
0.503504
0.515862
0.51722
0.51433
0.535459
0.522521
0.527182
0.53762
0.501982
0.536937
0.567222
0.5166
0.526973
0.526369
0.52038
0.516104
0.523248
0.515874
0.516171
0.529643
0.528833
0.504082
0.684036
0.516967
0.51168
0.511616
0.535951
0.515007
0.511492
0.50912
0.526509
0.524011
0.522891
0.528646
0.525522
0.562445
0.521755
0.50916
0.51685
0.509689
0.524738
0.519184
0.524463
0.52638
0.508931
0.511502
0.570241
0.512432
0.518696
0.509444
0.506763
0.515829
0.516673
0.698179
0.507406
0.570107
0.521719
0.504362
0.518223
0.664275
0.51405
0.510508
0.515318
0.513378
0.531105
0.678689
0.498821
0.525035
0.502675
0.499475
0.508364
0.504458
0.507755
0.527957
0.51719
0.512885
0.512023
