0.527373
0.519723
0.525652
0.528425
0.527408
0.529073
0.526894
0.550323
0.509001
0.54114
0.520606
0.518131
0.520482
0.537769
0.532331
0.525517
0.521847
0.522505
0.526419
0.522733
0.524324
0.523216
0.529243
0.535751
0.539612
0.504423
0.511633
0.522412
0.540453
0.533536
0.511987
0.508332
0.522421
0.524576
0.541186
0.53959
0.510144
0.521203
0.518956
0.523222
0.519483
0.531002
0.521276
0.522372
0.524057
0.523632
0.521819
0.522514
0.52115
0.520664
0.545108
0.528859
0.530165
0.533656
0.535745
0.528086
0.531112
0.524586
0.51971
0.519881
0.530757
0.524555
0.535458
0.540782
0.535327
0.519513
0.521922
0.530562
0.526665
0.534566
0.537785
0.522676
0.542164
0.528805
0.521729
0.521507
0.521815
0.5186
0.528958
0.543532
0.539041
0.519424
0.524778
0.520399
0.521287
0.521134
0.54164
0.533277
0.520611
0.516042
0.511818
0.536529
0.534139
0.540131
0.526838
0.526811
0.527505
0.529417
0.528251
0.530289
0.519943
0.525763
0.528289
0.540716
0.531444
0.528397
0.512403
0.515702
0.52566
0.526161
0.525115
0.521407
0.530906
0.527076
0.526296
0.531217
0.527702
0.527258
0.52363
0.522107
0.516732
0.530743
0.535558
0.530555
0.530564
0.541169
0.540146
0.521614
0.527985
0.52736
0.538546
0.531473
0.530241
0.542043
0.540188
0.52045
0.530036
0.517713
0.520597
0.522113
0.5216
0.523308
0.521304
0.523025
0.513493
0.533697
0.539307
0.524069
0.525733
0.513598
0.544818
0.537151
0.552628
0.561097
0.526906
0.535861
0.526515
0.525157
0.521397
0.527641
0.52824
0.527539
0.52284
0.520261
0.525482
0.52818
0.52357
0.52786
0.519865
0.523093
0.531741
0.531967
0.521368
0.522592
0.520313
0.52873
0.528321
0.525151
0.523344
0.525532
0.52329
0.523002
0.52288
0.511687
0.523127
0.513022
0.525361
0.528875
0.528877
0.522587
0.520881
0.521632
0.516539
0.528591
0.525159
0.527188
0.529842
0.536997
0.521606
0.523174
0.51421
0.542293
0.515975
0.518535
0.522016
0.520424
0.542455
0.524606
0.52476
0.526275
0.524354
0.52576
0.539536
0.527028
0.527041
0.521055
0.521762
0.556736
0.530149
0.535716
0.533056
0.521858
0.504641
0.507966
0.52573
0.517094
0.524595
0.522498
0.52116
0.522842
0.526884
0.519208
0.518615
0.519405
0.531886
0.529757
0.537915
0.522541
0.520833
0.532467
0.527648
0.523996
0.523862
0.524143
0.524569
0.538805
0.534996
0.521621
0.522458
0.522383
0.532432
0.531123
0.576952
0.532183
0.555542
0.545371
0.550186
0.523508
0.521872
0.521552
0.521689
0.52077
0.521659
0.527464
0.521887
0.50847
0.522903
0.523334
0.529179
0.517125
0.52189
0.519188
0.529104
0.52639
0.521796
0.515893
0.543529
0.532125
0.532318
0.523733
0.5397
0.521168
0.545713
0.519734
0.521108
0.519683
0.522401
0.53716
0.522116
0.521864
0.525056
0.533907
0.531471
0.520548
0.525637
0.516727
0.526546
0.52265
0.5253
0.529376
0.526446
0.529706
0.50899
0.515861
0.51776
0.524154
0.526648
0.519269
0.527503
0.535048
0.521113
0.533418
0.502786
0.512468
0.52223
0.553674
0.522008
0.514133
0.520024
0.520764
0.509357
0.51041
0.511082
0.52264
0.522162
0.523989
0.537957
0.521944
0.522709
0.522884
0.537747
0.518109
0.519077
0.524611
0.525352
0.533838
0.536778
0.540875
0.548101
0.538028
0.551439
0.51637
0.518062
0.530457
0.5511
0.543346
0.528928
0.534056
0.52833
0.505343
0.512903
0.516473
0.52485
0.524521
0.54173
0.534954
0.524682
0.529207
0.523189
0.532328
0.539616
0.531257
0.522389
0.519177
0.526406
0.525255
0.527168
0.52323
0.53239
0.52322
0.523042
0.527302
0.520298
0.521141
0.521366
0.533577
0.538217
0.52594
0.523637
0.524777
0.545467
0.540095
0.532399
0.522315
0.523442
0.523243
0.517865
0.522375
0.513545
0.513717
0.517138
0.513585
0.522778
0.523204
0.541659
0.537413
0.522652
0.532107
0.533784
0.531075
0.522282
0.524623
0.528386
0.520405
0.522214
0.526679
0.530801
0.520422
0.528515
0.520731
0.524012
0.524792
0.519785
0.509202
0.512544
0.533893
0.523435
0.533511
0.541456
0.521499
0.522886
0.521631
0.528227
0.521514
0.515682
0.529343
0.523299
0.527958
0.537696
0.527237
0.51938
0.518637
0.516329
0.528623
0.521899
0.530647
0.533259
0.527619
0.517029
0.521271
0.518897
0.52111
0.535015
0.534121
0.525409
0.534563
0.527065
0.524829
0.529561
0.52761
0.531675
0.535167
0.529984
0.526902
0.562858
0.520459
0.524974
0.524357
0.532559
0.522181
0.526585
0.526216
0.527244
0.530261
0.535426
0.525045
0.528289
0.523017
0.522396
0.528328
0.524856
0.537286
0.542027
0.530353
0.521315
0.533847
0.524609
0.534528
0.531647
0.527232
0.531109
0.530527
0.533629
0.510652
0.523513
0.524144
0.521379
0.531401
0.524447
0.525293
0.531026
0.531367
0.540172
0.543745
0.523181
0.520253
0.547788
0.551511
0.549999
0.541422
0.525161
0.531302
0.532846
0.533093
0.534673
0.529473
0.532492
0.519353
0.518771
0.520638
0.520954
0.524551
0.521687
0.522819
0.519722
0.53644
0.523033
0.522109
0.516905
0.520614
0.520094
0.527105
0.525716
0.537262
0.5389
0.509254
0.524786
0.503976
0.514006
0.524455
0.524805
0.502976
0.543901
0.52382
0.530367
0.528171
0.521982
0.522643
0.532452
0.532296
0.524786
0.529218
0.50643
0.528855
0.527643
0.531417
0.518261
0.522439
0.531785
0.522979
0.53126
0.561264
0.522594
0.521247
0.51987
0.52225
0.523044
0.537578
0.504023
0.511085
0.529694
0.530533
0.531757
0.531033
0.528798
0.527509
0.517477
0.536525
0.524228
0.5325
0.522889
0.520191
0.543858
0.523079
0.529837
0.544127
0.539242
0.530255
0.52647
0.525559
0.51973
0.52705
0.523131
0.530928
0.526581
0.522983
0.560903
0.570617
0.528783
0.527866
0.534624
0.521077
0.519419
0.517207
0.543643
0.530901
0.520604
0.530142
0.52417
0.537433
0.531455
0.53392
0.530462
0.51976
0.528644
0.523905
0.521082
0.521635
0.526486
0.530071
0.523179
0.520052
0.522411
0.528711
0.521969
0.538823
0.526347
0.528508
0.527004
0.521461
0.524005
0.525585
0.520291
0.538996
0.526
0.529322
0.526204
0.52831
0.528134
0.539254
0.52391
0.523152
0.52409
0.517619
0.521834
0.52345
0.52297
0.528965
0.526877
0.52144
0.523104
0.520277
0.531237
0.5277
0.523152
0.537816
0.521633
0.522521
0.521592
0.537651
0.531552
0.532278
0.527984
0.524256
0.530471
0.542454
0.541183
0.546043
0.529092
0.525167
0.528001
0.534315
0.525509
0.531349
0.510257
0.512613
0.504735
0.514392
0.521904
0.520159
0.520807
0.520216
0.542518
0.522525
0.520694
0.537056
0.536113
0.520151
0.528578
0.526509
0.531457
0.519863
0.532958
0.534034
0.524762
0.523472
0.528126
0.528286
0.532986
0.537315
0.523083
0.522495
0.522373
0.528952
0.527943
0.517261
0.524855
0.513564
0.524472
0.526893
0.520636
0.525749
0.525624
0.527555
0.524288
0.524173
0.505131
0.520233
0.520555
0.524101
0.521748
0.531122
0.526882
0.527056
0.535988
0.526792
0.526463
0.522445
0.522687
0.522842
0.51917
0.525701
0.523595
0.522186
0.525654
0.523585
0.528972
0.526818
0.526911
0.524493
0.529257
0.521928
0.535876
0.517715
0.533601
0.51054
0.51082
0.521239
0.524974
0.522574
0.527641
0.527921
0.532458
0.531538
0.520872
0.521007
0.524181
0.537005
0.526133
0.533983
0.568261
0.523322
0.523245
0.54193
0.518598
0.52076
0.522888
0.519617
0.532757
0.542075
0.516901
0.525854
0.523167
0.520311
0.522008
0.524282
0.516648
0.519719
0.523763
0.519841
0.533005
0.526737
0.52721
0.534709
0.520418
0.521004
0.530045
0.525365
0.504452
0.512695
0.523348
0.555672
0.518754
0.534896
0.518963
0.514731
0.523568
0.52164
0.521411
0.524289
0.510347
0.515795
0.515649
0.514455
0.551217
0.522711
0.538239
0.52192
0.52256
0.521223
0.527319
0.522443
0.523507
0.533821
0.522369
0.521625
0.527107
0.52162
0.519327
0.521406
0.517922
0.522582
0.521614
0.522265
0.512011
0.502831
0.527777
0.523696
0.530517
0.522912
0.529711
0.522667
0.538887
0.522724
0.521796
0.52594
0.521597
0.532896
0.539158
0.525865
0.529316
0.52193
0.522477
0.506792
0.521346
0.525604
0.52893
0.530417
0.531081
0.531669
0.528389
0.522199
0.522038
0.528554
0.527381
0.526414
0.509522
0.535681
0.542724
0.52399
0.522891
0.530029
0.535023
0.52237
0.520049
0.521047
0.521552
0.529098
0.523256
0.521232
0.523172
0.522137
0.526957
0.524982
0.507569
0.512352
0.521028
0.537702
0.533263
0.551072
0.52423
0.519677
0.519996
0.521037
0.537918
0.522117
0.539937
0.539296
0.550311
0.517897
0.521799
0.522651
0.526424
0.541145
0.537244
0.51762
0.518413
0.528229
0.531783
0.529252
0.53667
0.528948
0.52403
0.529405
0.533853
0.527866
0.529803
0.533644
0.557631
0.523955
0.54229
0.535788
0.538666
0.52177
0.527793
0.535734
0.527626
0.505924
0.53235
0.520584
0.521613
0.534063
0.528711
0.53727
0.529033
0.521669
0.540834
0.521067
0.541541
0.521832
0.522811
0.523345
0.512884
0.531586
0.52713
0.531612
0.537014
0.532249
0.50707
0.512439
0.528663
0.530711
0.532985
0.518972
0.521037
0.53062
0.532801
0.531372
0.52437
0.520034
0.523986
0.542128
0.525061
0.524787
0.531713
0.520205
0.541357
0.522608
0.531784
0.528789
0.527912
0.522285
0.522189
0.531278
0.546573
0.524509
0.502618
0.522393
0.520893
0.530636
0.529942
0.540335
0.545308
0.526325
0.509405
0.531003
0.522
0.52143
0.513349
0.519995
0.524723
0.520813
0.51609
0.525341
0.5331
0.526445
0.522155
0.531994
0.530036
0.556466
0.546814
0.53364
0.509196
0.512763
0.504159
0.512141
0.555995
0.554208
0.522043
0.530575
0.506384
0.527907
0.534523
0.534991
0.53716
0.538517
0.527356
0.531981
0.520587
0.545444
0.539831
0.528805
0.533111
0.532782
0.527181
0.522219
0.522394
0.524148
0.522952
0.52682
0.527657
0.531623
0.520576
0.523966
0.533463
0.536085
0.530126
0.51797
0.544698
0.517915
0.549413
0.521393
0.541628
0.522501
0.522314
0.516889
0.52596
0.522892
0.523185
0.522051
0.52002
0.526829
0.540162
0.531521
0.536405
0.525489
0.527723
0.524387
0.519686
0.542801
0.533625
0.531596
0.529898
0.518747
0.517427
0.513568
0.520592
0.536499
0.522094
0.536297
0.533603
0.525404
0.545015
0.542674
0.516513
0.527332
0.529815
0.519186
0.534511
0.539625
0.501344
0.508972
0.534924
0.519408
0.514665
0.522668
0.522026
0.525992
0.521639
0.509043
0.52271
0.525083
0.527775
0.54048
0.521658
0.53019
0.542587
0.512605
0.510854
0.523886
0.525352
0.514622
0.526887
0.528766
0.50683
0.516122
0.530335
0.538934
0.529878
0.510877
0.524597
0.527662
0.530065
0.523222
0.516429
0.527085
0.524669
0.522315
0.510275
0.529832
0.528533
0.539743
0.531189
0.521725
0.52076
0.534164
0.533249
0.511701
0.522707
0.521697
0.524936
0.530807
0.534553
0.530522
0.537225
0.520639
0.523946
0.532671
0.515278
0.528262
0.524095
0.511598
0.519011
0.528374
0.520964
0.528954
0.525212
0.518897
0.534542
0.521617
0.524578
0.526071
0.532043
0.529292
0.526276
0.519922
0.520826
0.518256
0.522127
0.520559
0.520731
0.513608
0.523578
0.522515
0.53245
0.526623
0.524559
0.53715
0.512219
0.515278
0.524193
0.520725
0.510893
0.524475
0.516863
0.572637
0.505697
0.523786
0.528019
0.513784
0.513996
0.534219
0.533312
0.539615
0.520722
0.533839
0.52071
0.543084
0.541833
0.534957
0.512885
0.502413
0.541255
0.521142
0.54033
0.512144
0.529784
0.515206
0.519262
0.522168
0.530768
0.537332
0.515154
0.504109
0.506451
0.536145
0.532708
0.519477
0.522443
0.525356
0.522381
0.521484
0.520349
0.528632
0.519112
0.497074
0.531808
0.541852
0.526529
0.51107
0.531254
0.520476
0.515357
0.522153
0.525751
0.519627
0.524291
0.527804
0.525574
0.526409
0.53435
0.524316
0.513719
0.528125
0.528292
0.529656
0.528886
0.506955
0.4984
0.503457
0.526367
0.523734
0.52165
0.532915
0.51986
0.5247
0.529176
0.518869
0.520496
0.511908
0.509195
0.528333
0.5226
0.530723
0.523195
0.52049
0.527227
0.506834
0.520864
0.520183
0.522409
0.516313
0.521279
0.540466
0.538278
0.530444
0.52188
0.521106
0.523927
0.532547
0.525346
0.514502
0.539341
0.531109
0.523073
0.520827
0.519937
0.526339
0.521357
0.531399
0.524846
0.522534
0.528305
0.524411
0.523366
0.502134
0.52259
0.519472
0.531837
0.516574
0.522062
0.529606
0.525526
0.520475
0.547864
0.526061
0.518634
0.51665
0.525116
0.527957
0.505469
0.545862
0.520629
0.530205
0.527765
0.535147
0.52327
0.522444
0.523229
0.527995
0.522049
0.527355
0.52059
0.527247
0.523436
0.549214
0.523592
0.522563
0.521099
0.523787
0.523717
0.528705
0.538168
0.524334
0.552876
0.52216
0.530072
0.52386
0.540296
0.519151
0.537963
0.530161
0.531618
0.552529
0.525705
0.522602
0.526745
0.523818
0.531502
0.511208
0.524618
0.527513
0.518662
0.542651
0.521278
0.523801
0.528777
0.530007
0.533385
0.531308
0.522966
0.520738
0.517658
0.529862
0.556228
0.523472
0.53894
0.516695
0.534388
0.520297
0.546091
0.51369
0.530001
0.525349
0.522346
0.504862
0.534324
0.51984
0.534518
0.519941
0.52106
0.525012
0.528322
0.546679
0.526264
0.518993
0.521587
0.530408
0.519385
0.530657
0.517504
0.525518
0.517306
0.537211
0.525701
0.523452
0.51883
0.52111
0.522447
0.535894
0.529167
0.523923
0.520753
0.533367
0.523732
0.537317
0.53761
0.522144
0.52876
0.55328
0.510068
0.525461
0.524859
0.516805
0.530378
0.526072
0.521851
0.526547
0.560746
0.537271
0.517206
0.531236
0.530274
0.499847
0.529199
0.534946
0.520666
0.519207
0.537344
0.527294
0.525022
0.521365
0.520162
0.557749
0.521313
0.532773
0.523092
0.520279
0.531929
0.51976
0.536798
0.548442
0.528628
0.525802
0.52164
0.511909
0.52745
0.525637
0.541758
0.549229
0.515108
0.534041
0.520577
0.521475
0.53084
0.535957
0.539182
0.524454
0.522976
0.524763
0.519229
0.525081
0.521878
0.519328
0.534305
0.533302
0.529827
0.519968
0.532158
0.521302
0.523722
0.532111
0.504523
0.52358
0.536694
0.535159
0.523406
0.513881
0.521794
0.529467
