0.517695
0.517979
0.526963
0.513968
0.507458
0.506845
0.505836
0.514009
0.51654
0.511165
0.529963
0.524634
0.503837
0.525246
0.525762
0.5057
0.504442
0.506578
0.50453
0.527603
0.525897
0.521561
0.520299
0.517341
0.64996
0.505797
0.614908
0.587949
0.645764
0.585881
0.505189
0.511098
0.503803
0.514095
0.511389
0.510351
0.530649
0.510432
0.525123
0.526349
0.520968
0.513459
0.510671
0.512795
0.507136
0.505864
0.51578
0.515537
0.507348
0.508582
0.502725
0.505206
0.50369
0.510378
0.512616
0.509238
0.527316
0.527108
0.669102
0.684457
0.525111
0.523805
0.556268
0.536017
0.533399
0.501825
0.50082
0.502838
0.504059
0.504963
0.515584
0.508107
0.511555
0.539299
0.543608
0.538929
0.541599
0.539341
0.537167
0.493257
0.501742
0.507252
0.505077
0.538874
0.528725
0.526017
0.518812
0.513592
0.576025
0.564714
0.551379
0.548555
0.522251
0.522002
0.515851
0.50812
0.529927
0.528428
0.508178
0.505722
0.504813
0.52737
0.523765
0.504372
0.508157
0.548526
0.543099
0.506275
0.505544
0.507474
0.527154
0.540265
0.507053
0.511983
0.508506
0.585875
0.572561
0.54591
0.52746
0.517756
0.522687
0.534202
0.525921
0.507785
0.502702
0.506523
0.51012
0.506347
0.505052
0.509941
0.517481
0.517192
0.515787
0.51834
0.561527
0.57495
0.556928
0.54578
0.528181
0.523207
0.530381
0.51799
0.523046
0.516682
0.516079
0.526958
0.499981
0.505404
0.597334
0.60565
0.511003
0.512552
0.505041
0.512462
0.52491
0.535127
0.53133
0.513191
0.522137
0.517604
0.514024
0.512358
0.535075
0.541213
0.507009
0.507554
0.506236
0.52692
0.544115
0.507206
0.504995
0.511009
0.510645
0.50891
0.538725
0.562719
0.521768
0.520906
0.517528
0.517747
0.520292
0.65271
0.659481
0.770935
0.53176
0.524723
0.522095
0.519516
0.516499
0.515873
0.512067
0.517118
0.540035
0.526276
0.506541
0.535205
0.555164
0.55116
0.567617
0.531524
0.761127
0.819297
0.509964
0.508325
0.506173
0.509484
0.507113
0.50968
0.50665
0.518806
0.515638
0.519874
0.51348
0.691187
0.538131
0.540075
0.53373
0.520346
0.511542
0.512429
0.514944
0.524072
0.50642
0.502308
0.507676
0.510588
0.548233
0.518723
0.531453
0.526034
0.526614
0.499696
0.526909
0.525338
0.691155
0.524321
0.520021
0.521432
0.52779
0.523121
0.51925
0.52504
0.535567
0.519278
0.512241
0.511284
0.50999
0.511329
0.51072
0.505625
0.557279
0.505708
0.499572
0.533446
0.515758
0.518422
0.512905
0.52338
0.527088
0.521132
0.514453
0.509925
0.513259
0.518105
0.519155
0.520154
0.51982
0.540178
0.512529
0.50633
0.507637
0.504062
0.547291
0.545174
0.52265
0.503274
0.53078
0.523095
0.524703
0.517856
0.527933
0.529237
0.529203
0.522151
0.535546
0.530734
0.534383
0.528666
0.504117
0.50375
0.504043
0.550659
0.561527
0.502294
0.503635
0.531215
0.537852
0.537043
0.530603
0.506842
0.508179
0.528373
0.52333
0.521452
0.524525
0.524671
0.50327
0.50573
0.505874
0.508857
0.505734
0.529324
0.531039
0.513365
0.52509
0.638889
0.582313
0.528255
0.534689
0.526198
0.526504
0.520594
0.506506
0.506768
0.517079
0.51394
0.501674
0.510985
0.512041
0.506401
0.516118
0.517376
0.597232
0.508537
0.517527
0.510527
0.515474
0.513649
0.514959
0.513773
0.508007
0.507642
0.524458
0.508345
0.506435
0.522825
0.738164
0.51154
0.504362
0.508116
0.517815
0.516124
0.549554
0.533909
0.517542
0.512295
0.516652
0.524167
0.510354
0.516415
0.51692
0.518654
0.51071
0.512933
0.525215
0.533943
0.524046
0.520388
0.509755
0.511721
0.531734
0.53341
0.51689
0.511108
0.510794
0.51086
0.498229
0.509686
0.50703
0.513213
0.503112
0.505979
0.503873
0.531915
0.527037
0.518618
0.519746
0.708473
0.523402
0.525842
0.511215
0.529683
0.509362
0.512475
0.50438
0.507809
0.505599
0.519914
0.512663
0.505345
0.509723
0.511619
0.520588
0.518467
0.516141
0.513033
0.511547
0.501541
0.506358
0.49771
0.516011
0.527871
0.52649
0.511566
0.513833
0.545024
0.516167
0.51037
0.495599
0.498742
0.557131
0.568263
0.559655
0.552894
0.542415
0.527926
0.528092
0.514735
0.508608
0.531154
0.508691
0.530052
0.505199
0.501033
0.499539
0.531616
0.527307
0.528927
0.501723
0.504355
0.495857
0.504529
0.499305
0.626847
0.576885
0.514442
0.51061
0.529586
0.527481
0.521784
0.518014
0.5119
0.507989
0.509431
0.511863
0.504956
0.506281
0.548662
0.529625
0.530847
0.524851
0.527268
0.521232
0.554591
0.592094
0.592466
0.508113
0.509457
0.511264
0.505105
0.519641
0.523011
0.510982
0.533514
0.689137
0.522549
0.530772
0.518565
0.520499
0.503842
0.510108
0.504196
0.50567
0.504923
0.503824
0.518428
0.516989
0.509319
0.511042
0.510977
0.511116
0.509758
0.506853
0.49867
0.49889
0.512311
0.51006
0.510782
0.509416
0.505359
0.520686
0.537698
0.522932
0.533249
0.518404
0.529436
0.613132
0.500871
0.50553
0.508616
0.519514
0.50728
0.506347
0.507484
0.522161
0.5239
0.500492
0.528135
0.530473
0.539572
0.525659
0.522539
0.519459
0.518803
0.509384
0.511741
0.506168
0.521602
0.502033
0.535366
0.53372
0.51528
0.512897
0.514162
0.527159
0.507294
0.638911
0.608658
0.513943
0.510309
0.507736
0.539871
0.531587
0.507698
0.507699
0.511689
0.509356
0.527941
0.515458
0.576325
0.61163
0.539989
0.568276
0.515073
0.515947
0.512821
0.528634
0.527801
0.512734
0.511799
0.520181
0.520139
0.517977
0.50822
0.503016
0.518042
0.516557
0.517578
0.520627
0.515027
0.5149
0.513613
0.51389
0.507029
0.516998
0.515315
0.511457
0.516068
0.513692
0.506868
0.506915
0.519976
0.514996
0.511865
0.524901
0.526322
0.538033
0.513638
0.510136
0.509968
0.51981
0.514971
0.772276
0.525857
0.52599
0.52506
0.509519
0.514271
0.526879
0.527688
0.591669
0.505303
0.509266
0.700819
0.737922
0.78874
0.507005
0.509072
0.506902
0.5094
0.522403
0.521324
0.510478
0.522658
0.495665
0.496984
0.530927
0.523473
0.518548
0.512051
0.535732
0.507862
0.509463
0.5103
0.509678
0.522098
0.528898
0.531485
0.568126
0.552677
0.525654
0.510923
0.567178
0.559896
0.57515
0.514216
0.507745
0.507328
0.512507
0.52877
0.510957
0.508383
0.514136
0.516575
0.508116
0.52438
0.520313
0.50843
0.520574
0.51283
0.515588
0.504438
0.5079
0.517434
0.510205
0.504245
0.508656
0.588416
0.922921
0.517165
0.522894
0.536913
0.529282
0.508255
0.50543
0.506178
0.499025
0.521957
0.52884
0.53105
0.517228
0.50929
0.500775
0.549976
0.520791
0.516663
0.510799
0.509376
0.510136
0.508906
0.522409
0.521253
0.536038
0.532619
0.507111
0.548157
0.621653
0.740079
0.518671
0.515694
0.535402
0.50594
0.509494
0.527734
0.526835
0.907184
0.736675
0.507157
0.506112
0.512311
0.523933
0.527347
0.557572
0.695741
0.514975
0.51278
0.510848
0.521211
0.522442
0.50551
0.509791
0.509026
0.510917
0.520806
0.52039
0.510798
0.511867
0.594573
0.578593
0.517787
0.512515
0.515814
0.513674
0.50567
0.50074
0.504947
0.518304
0.514103
0.510257
0.618276
0.68404
0.516348
0.514895
0.509016
0.503447
0.505912
0.527178
0.529308
0.528234
0.506594
0.580988
0.667585
0.525147
0.525593
0.500576
0.503528
0.504634
0.492686
0.503849
0.5246
0.52073
0.518305
0.513745
0.518561
0.514788
0.503244
0.538234
0.536711
0.50724
0.510088
0.511037
0.531142
0.528231
0.530136
0.523516
0.506093
0.525632
0.511489
0.501195
0.502349
0.592181
0.520122
0.518051
0.515941
0.511702
0.524782
0.507286
0.50308
0.509503
0.508279
0.508075
0.51227
0.502212
0.498143
0.531062
0.524326
0.545978
0.511621
0.508605
0.5114
0.506621
0.510719
0.526684
0.500673
0.523324
0.50994
0.510073
0.502091
0.502488
0.518705
0.51079
0.556
0.521197
0.519352
0.521873
0.513589
0.514105
0.512166
0.502533
0.501461
0.502867
0.530232
0.527387
0.511487
0.522045
0.496784
0.505833
0.52926
0.528683
0.505715
0.509647
0.50832
0.509342
0.542812
0.515523
0.506448
0.511111
0.773499
0.530383
0.508037
0.505602
0.50335
0.518351
0.580947
0.500474
0.539626
0.520634
0.535988
0.553356
0.555084
0.507185
0.517224
0.508837
0.508761
0.520157
0.520246
0.499839
0.511945
0.504629
0.566838
0.507668
0.506115
0.50664
0.507808
0.592625
0.516681
0.513947
0.512982
0.51385
0.531752
0.497518
0.505994
0.500114
0.493958
0.529029
0.5201
0.512352
0.51538
0.509862
0.53193
0.528545
0.505624
0.507709
0.506756
0.499901
0.588546
0.512417
0.503737
0.508411
0.494847
0.501391
0.631495
0.51536
0.501837
0.520323
0.514323
0.761451
0.695146
0.520203
0.517304
0.519091
0.515249
0.516811
0.515938
0.927662
0.504992
0.512748
0.521978
0.527313
0.508823
0.519109
0.503045
0.5052
0.510628
0.512704
0.516616
0.509687
0.524783
0.52509
0.527382
0.513129
0.495275
0.745714
0.682489
0.621474
0.558348
0.509267
0.509701
0.515132
0.512124
0.508322
0.504914
0.505989
0.512329
0.535275
0.554911
0.508341
0.5067
0.508248
0.51535
0.513979
0.588122
0.516012
0.548459
0.517962
0.509169
0.513265
0.515999
0.558908
0.521732
0.524898
0.6425
0.518387
0.519302
0.517133
0.519695
0.506451
0.506543
0.515829
0.510468
0.513137
0.519631
0.519302
0.517309
0.506126
0.553122
0.498154
0.501093
0.504216
0.513438
0.511524
0.509867
0.510394
0.499238
0.535356
0.53306
0.51171
0.509685
0.513809
0.5097
0.509708
0.544347
0.505311
0.530666
0.526285
0.50487
0.529075
0.533115
0.524924
0.527066
0.511932
0.501976
0.748849
0.530675
0.53412
0.533505
0.537016
0.501967
0.507932
0.510871
0.507008
0.535006
0.522324
0.518142
0.522473
0.522897
0.578376
0.62477
0.518885
0.515795
0.534004
0.511506
0.518697
0.517939
0.511136
0.513511
0.503938
0.517986
0.559816
0.522598
0.513334
0.509923
0.50508
0.522348
0.522203
0.586052
0.623038
0.510867
0.501686
0.499086
0.625779
0.523651
0.533698
0.505101
0.506377
0.505689
0.541162
0.518202
0.506982
0.515918
0.516568
0.516287
0.521168
0.527818
0.534754
0.525896
0.519066
0.519929
0.534777
0.525728
0.506464
0.510235
0.509328
0.567519
0.588574
0.513724
0.504485
0.525901
0.504784
0.506939
0.515334
0.510913
0.510878
0.520451
0.518274
0.521148
0.546103
0.540168
0.507532
0.506086
0.517279
0.508491
0.51842
0.496609
0.523779
0.526817
0.504019
0.497977
0.504019
0.507427
0.502102
0.511285
0.509851
0.512416
0.514256
0.51294
0.526316
0.524146
0.519726
0.525041
0.547092
0.516144
0.520676
0.530518
0.524702
0.520594
0.504424
0.527404
0.531972
0.513523
0.511431
0.516961
0.493331
0.493996
0.517603
0.507906
0.50606
0.529937
0.506697
0.506467
0.52573
0.505369
0.504246
0.53075
0.529431
0.503894
0.500104
0.583715
0.519437
0.505873
0.521963
0.521796
0.526396
0.523536
0.521764
0.68076
0.707184
0.52868
0.532925
0.513738
0.522675
0.513158
0.514387
0.505063
0.500655
0.493203
0.5098
0.497308
0.502219
0.503807
0.523566
0.541782
0.506516
0.522477
0.504754
0.532839
0.529815
0.507256
0.524744
0.731174
0.760089
0.573451
0.526254
0.513715
0.513345
0.51408
0.505243
0.507754
0.509408
0.501862
0.51
0.5237
0.532901
0.511634
0.514517
0.500031
0.511464
0.525439
0.526434
0.507883
0.531908
0.516364
0.516118
0.509185
0.635805
0.519939
0.50605
0.505916
0.509422
0.536036
0.534681
0.534407
0.512611
0.510002
0.507895
0.590144
0.606786
0.51926
0.518716
0.514418
0.543891
0.544707
0.501934
0.524606
0.559353
0.520987
0.513341
0.537645
0.537292
0.510442
0.524936
0.714383
0.695228
0.509533
0.51419
0.513229
0.514882
0.556544
0.513062
0.501109
0.519488
0.527474
0.52775
0.513108
0.531635
0.510414
0.511971
0.541551
0.592778
0.518566
0.50277
0.506624
0.514821
0.514925
0.523781
0.52169
0.507239
0.506212
0.497959
0.512983
0.506339
0.515684
0.509626
0.523564
0.519459
0.494479
0.499878
0.514958
0.515801
0.517712
0.538405
0.531938
0.515576
0.508786
0.658677
0.50635
0.529859
0.507037
0.546343
0.507807
0.512184
0.516602
0.516798
0.52536
0.529339
0.529861
0.552284
0.5646
0.500705
0.512134
0.525481
0.524764
0.523253
0.522857
0.542164
0.498709
0.530617
0.57369
0.511548
0.516297
0.516369
0.526281
0.533383
0.583671
0.60061
0.525098
0.525595
0.520052
0.50351
0.504342
0.506328
0.505219
0.518783
0.514983
0.524254
0.526571
0.524947
0.503515
0.504496
0.512239
0.518718
0.528477
0.511406
0.627355
0.530908
0.517381
0.517279
0.511557
0.516288
0.510579
0.51371
0.505235
0.536213
0.534571
0.672141
0.513137
0.527063
0.525095
0.50398
0.505688
0.512094
0.502702
0.507498
0.50148
0.495409
0.50227
0.521843
0.522598
0.508264
0.599052
0.592222
0.519664
0.522006
0.507948
0.536108
0.544279
0.502877
0.511546
0.501255
0.526501
0.514141
0.507582
1.02986
0.517643
0.50763
0.504999
0.517415
0.507438
0.51251
0.511806
0.518715
0.517851
0.523062
0.524585
0.526823
0.547084
0.527809
0.524912
0.515638
0.515844
0.535462
0.516192
0.498297
0.523501
0.519109
0.492686
0.511674
0.529533
0.53315
0.512625
0.502148
0.546185
0.545145
0.546904
0.509838
0.503034
0.510989
0.505843
0.539492
0.509025
0.508675
0.522728
0.529465
0.544226
0.507786
0.513881
0.515591
0.507698
0.512756
0.513443
0.500679
0.513259
0.507934
0.52844
0.525909
0.524628
0.52001
0.527407
0.519964
0.505984
0.500913
0.509375
0.560032
0.585172
0.512954
0.507103
0.557819
0.539218
0.527745
0.56644
0.504229
0.50353
0.521908
0.500508
0.513005
0.642211
0.494913
0.517177
0.580214
0.532019
0.548252
0.540295
0.521054
0.516524
0.522046
0.508131
0.505081
0.498982
0.50396
0.501873
0.504621
0.527957
0.511496
0.725246
0.579122
0.509493
0.513454
0.53312
0.526388
0.530512
0.527681
0.532698
0.577223
0.528396
0.511937
0.52866
0.553771
0.563501
0.532366
0.539381
0.513586
0.532931
0.515914
0.521332
0.507884
0.509708
0.519731
0.497059
0.514982
0.512423
0.516571
0.511402
0.527553
0.50694
0.507966
0.491447
0.494516
0.492296
0.526721
0.504575
0.503225
0.506551
0.502575
0.527881
0.522318
0.536574
0.49729
0.8357
0.496505
0.500576
0.794878
0.518196
0.515115
0.511479
0.500838
0.509188
0.527551
0.514337
0.501744
0.507637
0.657849
0.676412
0.526065
0.522884
0.521713
0.527157
0.523722
0.518524
0.520946
0.505094
0.539235
0.526076
0.495808
0.513289
0.51134
0.508645
0.517122
0.523595
0.510263
0.521806
0.509877
0.506257
0.507125
0.502038
0.50492
0.51645
0.516329
0.512002
0.50846
0.524536
0.498819
0.512129
0.513476
0.51603
0.50476
0.506847
0.517502
0.508277
0.509397
0.503172
0.535108
0.513579
0.517097
0.508307
0.522871
0.526818
0.513872
0.509865
0.512254
0.509955
0.508376
0.527459
0.510765
0.506983
0.534369
0.521579
0.505899
0.549484
0.518079
0.511861
0.502682
0.532212
0.512501
0.503773
0.523276
0.502436
0.515418
0.50698
0.529036
0.507054
0.506865
0.519573
0.543463
0.514473
0.576029
0.511832
0.50571
0.520732
0.784835
0.696491
0.533165
0.530236
0.509256
0.518534
0.529182
0.505557
0.502999
0.607305
0.54859
0.509149
0.509134
0.552524
0.49679
0.527577
0.534139
0.50497
0.529938
0.524378
0.519371
0.517138
0.521571
0.523201
0.519006
0.506162
0.516665
0.519245
0.519386
0.506557
0.737799
0.508952
0.521321
0.52475
0.577418
0.510132
0.508785
0.527951
0.527845
0.515048
0.511039
0.516892
0.516494
0.539682
0.508313
0.620543
0.524912
0.508564
0.517308
0.524973
0.510742
0.51356
0.793721
0.521948
0.572922
0.504981
0.528874
0.520396
0.521865
0.508006
0.503942
0.513072
0.506184
0.559443
0.526641
0.504478
0.51124
0.50832
0.508099
0.515453
0.527561
0.552278
0.501391
0.517398
0.512399
0.514086
0.531531
0.510731
0.529019
0.603225
0.509133
0.498429
0.521744
0.531402
0.500622
0.50243
0.525168
0.525807
0.509918
0.51602
0.492194
0.519512
0.572765
0.517596
0.506577
0.507282
0.532482
0.520882
0.494411
0.539721
0.505527
0.493458
0.508385
0.511558
0.50368
0.512952
0.508202
0.512018
0.523024
0.497291
0.540384
0.555066
0.502237
0.505535
0.526056
0.518941
0.521638
0.526838
0.531323
0.554136
0.519953
0.510961
0.504443
0.523822
0.522289
0.51924
0.519105
0.524096
0.53283
0.505544
0.526062
0.533274
0.665672
0.499052
0.51965
0.531343
0.521161
0.601842
0.527836
0.501298
0.511073
0.501557
0.511386
0.510626
0.510323
0.505049
0.493718
0.50421
0.513272
0.536577
0.521402
0.516598
0.507721
0.513545
0.508548
0.503596
0.505544
0.513069
0.509553
0.520024
0.513064
0.53838
0.50975
0.49744
0.530799
0.518629
0.516721
0.612483
0.632759
0.51197
0.506952
0.531776
0.532213
0.534097
0.528081
0.516717
0.530216
0.531733
0.528552
0.528223
0.524526
0.514579
0.523579
0.511132
0.520968
0.531491
0.508966
0.507118
0.50996
0.509229
0.516346
0.517533
0.514602
0.513487
0.522046
0.524931
0.665945
0.511762
0.523209
0.514318
0.510424
0.524884
0.519276
0.509956
0.519865
0.514124
0.531229
0.52814
0.764858
0.521283
0.525962
0.52357
0.519936
0.517129
0.51097
0.534613
0.511465
0.538017
0.833952
0.513852
0.514778
0.523552
0.519367
0.512076
0.507392
0.510514
0.512412
0.521303
0.521295
0.514183
0.512659
0.514381
0.508631
0.509889
0.531686
0.517762
0.679282
0.51528
0.511517
0.515361
0.52943
0.50848
0.512461
0.511506
0.508637
0.530255
0.518202
0.522032
0.516264
0.521479
0.508642
0.513826
0.524605
0.516633
0.528395
0.517823
0.501355
0.511101
0.511145
0.57959
0.511854
0.542342
0.511817
0.515494
0.511831
0.507239
0.508405
0.512114
0.520793
0.552171
0.530159
0.513095
0.515368
0.522529
0.521808
0.530526
0.530759
0.578835
0.506696
0.523991
0.520289
0.525912
0.521064
0.519759
0.692265
0.508113
0.518974
0.534296
0.514293
0.519226
0.51578
0.523956
0.563881
0.526495
0.515489
0.512063
0.508895
0.50893
0.511574
0.507553
0.510156
0.630555
0.543467
0.513387
0.521597
0.527445
0.523918
0.511678
0.496421
0.516715
0.527537
0.516762
0.523682
0.509213
0.506674
0.506192
0.504625
0.50897
0.517028
0.516153
0.514306
0.536033
0.516365
0.517136
0.522735
0.529902
0.518945
0.518589
0.523746
0.522417
0.536276
0.515272
0.527182
0.531839
0.511711
0.513635
0.512589
0.508985
0.51716
0.504739
0.513012
0.517204
0.527908
0.518643
0.689529
0.510779
0.524221
0.522
0.622325
0.518205
0.511595
0.514575
0.513856
0.524004
0.516226
0.60438
0.510511
0.52271
0.535095
0.510509
0.507369
0.517689
0.506281
0.554038
0.508069
0.513088
0.511208
0.506264
0.532794
0.594635
0.533069
0.521034
0.532197
0.51716
0.522822
0.506215
0.508613
0.514219
0.538669
0.542733
0.528004
0.506025
0.503651
0.511421
0.51358
0.528751
0.529251
0.518831
0.702998
0.513477
0.511848
0.530721
0.517664
0.515909
0.521301
0.51098
0.514882
0.522485
0.510202
0.507895
0.527248
0.506769
0.515283
0.518052
0.505786
0.551931
0.515195
0.516296
0.527719
0.514348
0.513377
0.511369
0.514949
0.576939
0.701818
0.650171
0.505898
0.766109
0.51636
0.513801
0.520661
0.506743
0.539713
0.521674
0.515048
0.527469
0.539075
0.541181
0.549754
0.533333
0.533994
0.507348
0.540434
0.507102
0.523804
0.505689
0.519328
0.544327
0.511051
0.508759
0.50922
0.513993
0.5194
0.522554
0.593198
0.516459
0.505774
0.649243
0.520868
0.502802
0.528441
0.520563
0.526817
0.50552
0.505349
0.513225
0.525159
0.517009
0.508274
0.513919
0.534883
0.519987
0.518189
0.518727
0.512636
0.528056
0.519935
0.510496
0.534158
0.514681
0.520218
0.551601
0.562142
0.522512
0.769972
0.514379
0.516794
0.516178
0.520296
0.518143
0.518011
0.530263
0.509078
0.509484
0.507996
0.51597
0.511249
0.575615
0.516185
0.500847
0.520877
0.511893
0.550512
0.5148
0.530571
0.513538
0.526802
0.531333
0.514068
0.507501
0.52749
0.532135
0.524558
0.518338
0.529946
0.508865
0.505131
0.502741
0.508085
0.526486
0.533868
0.504771
0.52598
0.515214
0.512137
0.507019
0.533111
0.524164
0.590942
0.520463
0.503212
0.503598
0.523204
0.515165
0.497474
0.516393
0.50942
0.522455
0.514857
0.516065
0.519011
0.544756
0.509086
0.510456
0.528829
0.505984
0.517338
0.545294
0.533343
0.540766
0.561259
0.503751
0.50745
0.528139
0.541691
0.514646
0.528162
0.542999
0.541745
0.530202
0.508131
0.525272
0.510797
0.516293
0.508585
0.518562
0.515808
0.513795
0.512613
0.515563
0.502168
0.50389
0.505129
0.516379
0.506651
0.543886
0.517866
0.508384
0.507814
0.512345
0.61254
0.514197
0.508205
0.505939
0.527575
0.512948
0.514377
0.521795
0.515267
0.559255
0.508855
0.497893
0.520899
0.522841
0.506419
0.530729
0.513941
0.519495
0.514242
0.510972
0.519749
0.516794
0.528463
0.514655
0.509082
0.514099
0.627492
0.508861
0.532334
0.505842
0.524154
0.52832
0.514556
0.526174
0.511287
0.51806
0.533905
0.515471
0.506126
0.50374
0.503297
0.525875
0.530768
0.503898
0.534547
0.511801
0.52011
0.516175
0.531667
0.508112
0.513671
0.519276
0.527183
0.555237
0.522713
0.509091
0.504817
0.513265
0.527941
0.527903
0.521976
0.595876
0.52211
0.649677
0.516876
0.516817
0.536932
0.509621
0.528267
0.52669
0.524694
0.507594
0.624554
0.504773
0.515466
0.527925
0.518774
0.519798
0.501287
0.511372
0.508609
0.524171
0.527011
0.514296
0.510535
0.504137
0.504497
0.531551
0.521462
0.527468
0.52572
0.504526
0.509496
0.507042
0.504356
0.526198
0.530386
0.529177
0.499812
0.513881
0.506417
0.523873
0.517639
0.503925
0.521248
0.515114
0.522675
0.515398
0.518723
0.528394
0.531285
0.515356
0.707828
0.522148
0.509441
0.503372
0.522636
0.648118
0.509062
0.52993
0.531711
0.564008
0.523617
0.508573
0.523019
0.486143
0.519491
0.531045
0.504677
0.499932
0.51178
0.497846
0.5157
0.514794
0.514254
0.512458
0.514389
0.50614
0.527437
0.523178
0.53373
0.530123
0.50659
0.511928
0.503533
0.51145
0.539013
0.514269
0.528464
0.517408
0.520619
0.514849
0.533225
0.548339
0.514852
0.522079
0.507473
0.520735
0.506626
0.510447
0.506586
0.502398
0.511918
0.50649
0.513527
0.510027
0.524202
0.524792
0.632488
0.509205
0.5187
0.516451
0.50783
0.57336
0.51007
0.507627
0.505734
0.506448
0.519514
0.492128
0.515607
0.503864
0.50634
0.520798
0.503937
0.524411
0.557666
0.513423
0.507318
0.508261
0.51023
0.517277
