0.529894
0.526262
0.504099
0.504135
0.517268
0.513621
0.520988
0.498402
0.503101
0.525545
0.521441
0.518107
0.515414
0.511051
0.505606
0.513541
0.506234
0.528025
0.503994
0.514081
0.510918
0.511668
0.506323
0.505895
0.518209
0.508806
0.511771
0.513948
0.515019
0.525096
0.526487
0.507666
0.508955
0.505328
0.513834
0.531964
0.509405
0.509661
0.529288
0.532071
0.519546
0.516584
0.52506
0.51395
0.507568
0.509498
0.506576
0.50685
0.515324
0.50765
0.511481
0.505538
0.50604
0.504191
0.494603
0.505062
0.508119
0.60209
0.665575
0.548147
0.519962
0.556198
0.537514
0.505162
0.50554
0.524857
0.502304
0.538803
0.534438
0.531486
0.527896
0.511186
0.524777
0.506951
0.519455
0.507846
0.501667
0.576643
0.552791
0.522241
0.52537
0.499612
0.522418
0.507609
0.507714
0.508279
0.508962
0.527779
0.508763
0.530417
0.538764
0.55126
0.524761
0.561552
0.507392
0.506256
0.504575
0.50937
0.508678
0.518727
0.516068
0.519163
0.511258
0.566275
0.552345
0.543526
0.524805
0.521708
0.519759
0.515128
0.53793
0.516116
0.515666
0.523403
0.500951
0.510279
0.514534
0.523425
0.5112
0.515663
0.518759
0.509177
0.510068
0.499413
0.502454
0.505601
0.507727
0.508838
0.519075
0.526366
0.511365
0.508662
0.529647
0.52561
0.522756
0.541337
0.508574
0.503345
0.505921
0.571616
0.515407
0.514889
0.543905
0.534382
0.72748
0.623988
0.62888
0.516474
0.516554
0.499112
0.672059
0.675077
0.500814
0.502712
0.508915
0.705401
0.706145
0.52099
0.521586
0.520716
0.508064
0.51978
0.539515
0.541328
0.538944
0.536612
0.535635
0.550997
0.571455
0.510163
0.525733
0.531973
0.502988
0.50497
0.562692
0.587112
0.508414
0.505497
0.50673
0.516733
0.558833
0.520918
0.520429
0.652011
0.542421
0.538123
0.519938
0.513961
0.503965
0.50121
0.507461
0.548669
0.522213
0.523767
0.52131
0.506207
0.536498
0.536197
0.529716
0.643784
0.525168
0.635421
0.521535
0.520577
0.522974
0.519897
0.525071
0.524465
0.526135
0.513505
0.519519
0.512872
0.508583
0.509198
0.558231
0.512576
0.502114
0.506648
0.526287
0.530315
0.511819
0.510064
0.518705
0.522561
0.520139
0.517247
0.53056
0.526668
0.515516
0.518725
0.51965
0.520913
0.534166
0.524037
0.50724
0.506026
0.507939
0.511015
0.511764
0.519394
0.508907
0.510926
0.50903
0.531996
0.531941
0.532468
0.525064
0.530328
0.524283
0.531378
0.530065
0.53237
0.526698
0.52215
0.52428
0.504273
0.501509
0.557077
0.575836
0.511206
0.507506
0.506915
0.532403
0.534738
0.520044
0.521302
0.504447
0.505519
0.506416
0.526621
0.525285
0.528205
0.531736
0.50212
0.506674
0.507008
0.533324
0.528682
0.515728
0.513006
0.513003
0.52655
0.525296
0.519577
0.500486
0.508529
0.499836
0.508493
0.50378
0.503849
0.50344
0.500307
0.502778
0.498544
0.51161
0.507505
0.508425
0.509871
0.509745
0.560642
0.543105
0.517593
0.51325
0.512939
0.512049
0.57926
0.563053
0.509689
0.51548
0.521614
0.526887
0.529958
0.529698
0.524355
0.50874
0.510818
0.51815
0.51163
0.509085
0.513571
0.513782
0.508946
0.523589
0.507812
0.511312
0.508669
0.512285
0.503249
0.510226
0.505045
0.538682
0.516398
0.503279
0.510939
0.531556
0.517188
0.50998
0.512975
0.519276
0.515265
0.516426
0.51484
0.517981
0.532379
0.536178
0.505941
0.511452
0.51114
0.519339
0.520386
0.514569
0.521608
0.527407
0.518439
0.507505
0.510744
0.51869
0.515365
0.501164
0.503861
0.529617
0.521414
0.528882
0.507985
0.510121
0.597471
0.601106
0.533224
0.530886
0.515244
0.503112
0.508495
0.50653
0.516348
0.519589
0.521953
0.514389
0.512423
0.509604
0.523086
0.520875
0.514035
0.513484
0.504861
0.500472
0.508242
0.512683
0.514271
0.513357
0.539432
0.516977
0.511127
0.495295
0.502809
0.544307
0.559126
0.561241
0.56269
0.545505
0.549569
0.547596
0.554576
0.526695
0.527002
0.505203
0.501467
0.504108
0.514266
0.519225
0.513066
0.509073
0.509983
0.500712
0.508994
0.516375
0.520216
0.49881
0.49139
0.499785
0.50001
0.504471
0.575092
0.545811
0.514842
0.530223
0.528244
0.508487
0.525019
0.509774
0.513776
0.509201
0.507238
0.50676
0.505965
0.506351
0.532916
0.531005
0.523277
0.526123
0.521119
0.524247
0.604076
0.505301
0.506167
0.508921
0.497615
0.539956
0.531395
0.640709
0.533994
0.547675
0.54573
0.548822
0.515983
0.509878
0.515786
0.515152
0.516528
0.518807
0.519948
0.515194
0.527213
0.524687
0.544276
0.657524
0.54675
0.51334
0.497765
0.506116
0.506624
0.510777
0.501724
0.517325
0.520448
0.536601
0.520925
0.522586
0.524442
0.509539
0.519721
0.526043
0.52532
0.605212
0.507138
0.499095
0.503133
0.504242
0.509207
0.507573
0.507986
0.509181
0.530661
0.520976
0.526963
0.52787
0.509733
0.511107
0.508958
0.500352
0.497794
0.503553
0.534176
0.527753
0.516739
0.520369
0.525782
0.515891
0.530741
0.51869
0.517603
0.529729
0.626527
0.507627
0.6426
0.683717
0.504692
0.503609
0.511648
0.51141
0.5395
0.508141
0.506816
0.707838
0.786641
0.511029
0.530762
0.583182
0.514527
0.516356
0.527077
0.52614
0.522697
0.521422
0.514583
0.515913
0.517849
0.503822
0.519115
0.508342
0.496281
0.516314
0.515894
0.505157
0.517457
0.522131
0.512862
0.513674
0.507361
0.506521
0.519413
0.510113
0.538928
0.524446
0.535611
0.538878
0.541144
0.509891
0.509558
0.511331
0.527117
0.520774
0.52189
0.515916
0.512551
0.52084
0.525091
0.512362
0.531135
0.642782
0.509562
0.506871
0.719214
0.669188
0.700993
0.50905
0.517987
0.521034
0.519399
0.510369
0.527718
0.518492
0.52147
0.496209
0.502405
0.524269
0.592714
0.528751
0.521532
0.51797
0.507221
0.524499
0.504687
0.51155
0.50737
0.505759
0.510352
0.515683
0.527528
0.532308
0.565417
0.551162
0.50902
0.507242
0.518832
0.509928
0.514398
0.50714
0.501827
0.504888
0.528063
0.56974
0.562643
0.524287
0.510871
0.511715
0.509228
0.514357
0.505175
0.530235
0.522214
0.516466
0.499026
0.513575
0.510455
0.506858
0.509327
0.514722
0.515218
0.500569
0.583444
0.630305
0.51439
0.53614
0.511434
0.510852
0.534827
0.573868
0.525003
0.529418
0.523767
0.53427
0.534772
0.516859
0.547669
0.547309
0.505207
0.516061
0.515379
0.51727
0.531879
0.526059
0.51056
0.510906
0.502842
0.509225
0.5218
0.506151
0.514023
0.511955
0.511344
0.504932
0.504864
0.510335
0.515309
0.506355
0.503142
0.503455
0.530857
0.613557
0.69002
0.517015
0.515275
0.528767
0.529449
0.524067
0.49644
0.509667
0.529938
0.509397
0.50818
0.50787
0.511251
0.525536
0.522374
0.552563
0.539894
0.544246
0.514672
0.514245
0.528588
0.521351
0.520615
0.697574
0.531428
0.505023
0.588124
0.621269
0.509609
0.513467
0.512964
0.515154
0.525955
0.519033
0.522765
0.505027
0.504774
0.507604
0.513779
0.512564
0.504268
0.609796
0.653421
0.504437
0.513309
0.499924
0.505209
0.504704
0.518494
0.523168
0.51129
0.506778
0.572215
0.60404
0.528242
0.527389
0.5282
0.502577
0.499634
0.507589
0.491179
0.494602
0.518577
0.51361
0.511648
0.50139
0.501781
0.502734
0.506612
0.507471
0.510632
0.526549
0.508971
0.510114
0.527511
0.502593
0.511288
0.499988
0.500351
0.58585
0.519075
0.520133
0.515814
0.510861
0.511057
0.507368
0.525197
0.506369
0.49955
0.506076
0.493701
0.500929
0.523462
0.523467
0.505504
0.504496
0.50524
0.510623
0.508883
0.521255
0.545359
0.539567
0.497484
0.578095
0.511992
0.518213
0.510461
0.507722
0.510648
0.507389
0.551321
0.516089
0.509984
0.510764
0.514302
0.494746
0.49887
0.525566
0.526922
0.649073
0.529389
0.528987
0.528151
0.503059
0.514541
0.536679
0.530683
0.515276
0.527436
0.504577
0.5185
0.62363
0.543281
0.544586
0.528225
0.508536
0.521294
0.50221
0.501046
0.533894
0.566425
0.509342
0.51317
0.512991
0.53659
0.553204
0.504875
0.506006
0.517353
0.518381
0.506315
0.51623
0.509196
0.50414
0.505958
0.504751
0.506263
0.60309
0.518367
0.510873
0.524818
0.514766
0.507569
0.501368
0.518333
0.515565
0.511167
0.532453
0.531245
0.506521
0.507238
0.50497
0.511035
0.505901
0.561882
0.506189
0.495304
0.498627
0.514596
0.510311
0.519461
0.515088
0.526678
0.52538
0.523106
0.524044
0.515873
0.507262
0.521139
0.521035
0.589152
0.502193
0.523181
0.525657
0.503341
0.506304
0.506538
0.509214
0.52455
0.52143
0.517763
0.516163
0.510303
0.51107
0.505419
0.504277
0.504855
0.525303
0.520258
0.512807
0.514681
0.521911
0.511831
0.565564
0.65474
0.51185
0.508708
0.505336
0.532822
0.516893
0.514144
0.508252
0.51456
0.505791
0.50395
0.508527
0.510353
0.501953
0.530499
0.510865
0.517819
0.523599
0.593838
0.516873
0.514141
0.505475
0.517702
0.511121
0.511162
0.516607
0.504559
0.547248
0.50668
0.504212
0.526415
0.513611
0.514514
0.51247
0.511257
0.51095
0.498065
0.505112
0.514864
0.524588
0.528011
0.532503
0.526909
0.517483
0.527355
0.51131
0.50289
0.543161
0.529075
0.510002
0.524369
0.52774
0.516446
0.512397
0.682754
0.732886
0.505934
0.528384
0.496359
0.503434
0.515869
0.530061
0.540935
0.535814
0.520762
0.577892
0.507735
0.533953
0.533289
0.648371
0.518139
0.517256
0.516603
0.510375
0.511213
0.571503
0.576962
0.511467
0.519968
0.500109
0.507032
0.500486
0.61717
0.619889
0.506628
0.499328
0.497235
0.5162
0.506617
0.516382
0.525392
0.526965
0.4975
0.509353
0.569324
0.52307
0.501434
0.531905
0.520364
0.531216
0.512119
0.50704
0.53087
0.504091
0.509343
0.555728
0.606119
0.521041
0.508128
0.506092
0.521729
0.507941
0.509513
0.510091
0.515628
0.505714
0.509998
0.512034
0.546525
0.505598
0.510081
0.510602
0.51845
0.535697
0.530908
0.506449
0.505166
0.702344
0.511205
0.525237
0.505181
0.499089
0.49867
0.526879
0.52536
0.535872
0.537696
0.49937
0.515105
0.514179
0.513882
0.556871
0.528867
0.520384
0.511911
0.530945
0.529663
0.517223
0.530242
0.521677
0.52159
0.512303
0.583288
0.588159
0.518769
0.494007
0.49846
0.526835
0.491864
0.507972
0.505029
0.526475
0.541216
0.528536
0.561521
0.586698
0.498519
0.517306
0.51824
0.513434
0.503507
0.519754
0.521048
0.528751
0.515024
0.532612
0.545402
0.525553
0.519908
0.529255
0.523465
0.527261
0.536062
0.532268
0.526948
0.525317
0.511779
0.518827
0.520629
0.514249
0.514313
0.520895
0.520221
0.503913
0.506938
0.535129
0.526074
0.543549
0.515557
0.508883
0.526225
0.530716
0.50049
0.536111
0.527509
0.507623
0.525258
0.524929
0.728936
0.524632
0.522449
0.658829
0.507136
0.526284
0.52679
0.516118
0.501544
0.505486
0.653797
0.50324
0.5049
0.530119
0.530888
0.540529
0.500579
0.506936
0.52986
0.531292
0.50418
0.510065
0.526597
0.507183
0.507315
0.507171
0.528814
0.536435
0.537104
0.522931
0.529616
0.605874
0.525973
0.518958
0.549697
0.527995
0.559576
0.512215
0.520024
0.511361
0.522232
0.764498
0.661399
0.511209
0.522718
0.554452
0.511311
0.514581
0.528343
0.514098
0.51858
0.509141
0.541327
0.509746
0.511126
0.531381
0.50977
0.504252
0.505547
0.500859
0.50375
0.518271
0.520993
0.514221
0.519483
0.50541
0.496616
0.521582
0.782138
0.508237
0.509097
0.525156
0.490938
0.495861
0.5079
0.517175
0.50412
0.502967
0.536492
0.507587
0.528655
0.509895
0.6616
0.518861
0.508889
0.52783
0.529052
0.523153
0.521403
0.535118
0.547328
0.550176
0.510586
0.52911
0.521502
0.522536
0.545576
0.521949
0.676791
0.612237
0.528092
0.51208
0.515218
0.519169
0.510093
0.529482
0.525202
0.526579
0.584803
0.503375
0.523804
0.523375
0.520044
0.500074
0.517401
0.53113
0.505938
0.507674
0.528889
0.51255
0.516208
0.503609
0.528727
0.51591
0.515755
0.518271
0.636193
0.518312
0.527744
0.614216
0.514236
0.515275
0.521056
0.514407
0.50363
0.506941
0.534657
0.583561
0.512091
0.524107
0.528829
0.506741
0.511537
0.521523
0.507148
0.521014
0.514345
0.510679
0.516023
0.537067
0.542638
0.499784
0.494911
0.507175
0.509163
0.506771
0.509309
0.5026
0.533061
0.596062
0.652686
0.779007
0.512029
0.496883
0.506294
0.504575
0.505291
0.509405
0.514615
0.520695
0.510479
0.518565
0.525189
0.526467
0.54362
0.529471
0.532995
0.509944
0.513497
0.511677
0.493081
0.501382
0.527626
0.512903
0.516596
0.520374
0.533422
0.5246
0.500697
0.507279
0.495114
0.500518
0.510499
0.510968
0.516746
0.524185
0.498988
0.51588
0.513636
0.680873
0.513638
0.522678
0.546327
0.518721
0.524559
0.524631
0.522071
0.516701
0.506635
0.563158
0.508516
0.507083
0.547193
0.655103
0.524701
0.503965
0.518442
0.505717
0.509867
0.49822
0.534488
0.531717
0.513009
0.506177
0.516273
0.503987
0.497361
0.51136
0.551222
0.526708
0.543663
0.54174
0.53821
0.521111
0.515714
0.520518
0.503488
0.506465
0.541341
0.522452
0.522679
0.504903
0.529035
0.503972
0.507299
0.561658
0.501701
0.514489
0.521145
0.502802
0.508077
0.729636
0.503812
0.509765
0.504741
0.506352
0.522873
0.525224
0.514199
0.507827
0.532814
0.526645
0.519188
0.550824
0.505635
0.511573
0.497625
0.624936
0.510193
0.50873
0.523955
0.497277
0.517792
0.506799
0.505975
0.534868
0.536461
0.505412
0.510239
0.584695
0.529889
0.50667
0.519247
0.500434
0.494542
0.519205
0.498778
0.508063
0.547957
0.526677
0.505344
0.52084
0.510017
0.536292
0.495661
0.494122
0.626669
0.516546
0.511068
0.50613
0.494642
0.52793
0.519029
0.508272
0.507542
0.702529
0.519247
0.52107
0.495545
0.522207
0.521531
0.527237
0.530226
0.537348
0.530225
0.544671
0.497265
0.50859
0.521488
0.517747
0.50688
0.507183
0.49642
0.496109
0.530362
0.524556
0.511806
0.508026
0.504093
0.507226
0.530287
0.507866
0.496414
0.504537
0.501096
0.52849
0.528682
0.507114
0.513396
0.50588
0.504809
0.505215
0.504753
0.516561
0.514921
0.516537
0.507117
0.522447
0.522041
0.52666
0.510297
0.50913
0.510662
0.506249
0.50871
0.51097
0.513393
0.530374
0.528118
0.52529
0.525562
0.505142
0.53021
0.50932
0.523338
0.50975
0.615572
0.514265
0.506129
0.505329
0.507312
0.517675
0.539762
0.510224
0.566329
0.508341
0.765552
0.521937
0.638532
0.645346
0.530348
0.508031
0.52772
0.514003
0.526118
0.506944
0.509941
0.499396
0.532777
0.694377
0.62914
0.545956
0.528557
0.528298
0.509025
0.527724
0.501301
0.510399
0.508517
0.530468
0.529425
0.521333
0.516137
0.513712
0.536509
0.511111
0.521417
0.518438
0.504119
0.523134
0.504803
0.642582
0.523006
0.511888
0.527555
0.507041
0.518375
0.537774
0.509811
0.516526
0.507107
0.519106
0.521164
0.510645
0.540123
0.504949
0.524417
0.671342
0.51682
0.520666
0.512209
0.506907
0.511118
0.577468
0.494127
0.521899
0.506708
0.545954
0.519246
0.503772
0.515454
0.508197
0.508656
0.513093
0.526381
0.552127
0.529297
0.503186
0.634699
0.648701
0.494281
0.520737
0.533299
0.501212
0.53269
0.525541
0.519975
0.511192
0.51404
0.508032
0.526938
0.488801
0.507616
0.502309
0.510413
0.511758
0.511629
0.514451
0.506987
0.528613
0.524013
0.511449
0.498402
0.529742
0.512941
0.506983
0.519818
0.505346
0.52936
0.517314
0.510054
0.520196
0.5384
0.520028
0.531059
0.513476
0.513184
0.683582
0.50467
0.527042
0.529464
0.50452
0.52308
0.519587
0.519681
0.526498
0.501782
0.524535
0.518143
0.531476
0.528144
0.506783
0.529049
0.521721
0.520895
0.511216
0.530132
0.518172
0.511645
0.512065
0.492826
0.500553
0.511779
0.532788
0.513637
0.514312
0.509391
0.509693
0.508049
0.511061
0.51269
0.505894
0.510799
0.517357
0.619252
0.543404
0.536607
0.529108
0.53374
0.562373
0.540288
0.536636
0.511486
0.512479
0.541029
0.618122
0.513137
0.524804
0.63495
0.514342
0.52009
0.53427
0.535078
0.525627
0.525415
0.508011
0.533296
0.519288
0.523617
0.517484
0.513182
0.513288
0.515478
0.535163
0.511784
0.516039
0.523956
0.510173
0.507938
0.514232
0.660866
0.527685
0.523908
0.516161
0.531791
0.530616
0.532356
0.53223
0.51526
0.508984
0.517688
0.52036
0.529284
0.524554
0.511043
0.694477
0.695025
0.529106
0.523789
0.515497
0.517457
0.505773
0.528704
0.529718
0.506131
0.617351
0.520022
0.526914
0.522183
0.506406
0.527878
0.517984
0.495178
0.491833
0.50407
0.496062
0.505197
0.503361
0.51449
0.522927
0.514536
0.514556
0.518117
0.511084
0.528392
0.509737
0.510358
0.522292
0.655703
0.522852
0.515991
0.517983
0.541227
0.494069
0.583622
0.509254
0.519439
0.508641
0.505175
0.526751
0.527115
0.518055
0.521237
0.536231
0.518914
0.521354
0.517483
0.52472
0.525097
0.512906
0.51245
0.51468
0.670811
0.506121
0.508079
0.513179
0.506214
0.507961
0.538497
0.533011
0.521595
0.515067
0.51729
0.51299
0.511281
0.514396
0.502857
0.517482
0.511667
0.513794
0.533649
0.529289
0.523744
0.566568
0.503905
0.531727
0.521886
0.537935
0.510344
0.642859
0.511654
0.51466
0.509693
0.520032
0.513932
0.511666
0.521608
0.570758
0.514826
0.514305
0.551479
0.508387
0.513351
0.506818
0.511018
0.518587
0.519233
0.633423
0.516455
0.534784
0.52148
0.519819
0.508744
0.499496
0.530473
0.495762
0.506697
0.516388
0.542162
0.506072
0.505546
0.512874
0.507104
0.514382
0.506995
0.520569
0.510242
0.550335
0.518105
0.534683
0.52627
0.5195
0.529575
0.516648
0.509174
0.512763
0.540034
0.51542
0.535889
0.515545
0.514838
0.52144
0.518387
0.515592
0.524923
0.666441
0.520223
0.520283
0.514107
0.509089
0.492725
0.508274
0.526079
0.523964
0.51214
0.513328
0.523142
0.508654
0.505582
0.514402
0.504243
0.506874
0.508471
0.5031
0.515696
0.512549
0.516452
0.507141
0.621616
0.529505
0.512559
0.521132
0.508237
0.518326
0.57318
0.608645
0.514539
0.523493
0.512518
0.518255
0.517679
0.508341
0.512204
0.505912
0.506125
0.616106
0.574825
0.583494
0.505955
0.530598
0.531835
0.522844
0.512581
0.560378
0.507063
0.622649
0.525721
0.518498
0.520251
0.507598
0.598549
0.590369
0.524479
0.521345
0.532808
0.527285
0.524802
0.507592
0.51837
0.507678
0.528272
0.517422
0.514492
0.536177
0.535234
0.499523
0.505686
0.509536
0.516933
0.540123
0.543173
0.537094
0.518995
0.509522
0.512439
0.531428
0.739799
0.508205
0.534208
0.522719
0.510936
0.521031
0.509804
0.499357
0.522532
0.502651
0.535943
0.5218
0.516747
0.521449
0.523396
0.514433
0.51541
0.541057
0.523172
0.53485
0.513162
0.512198
0.519983
0.643819
0.520994
0.51178
0.517097
0.519375
0.512912
0.619667
0.590056
0.633143
0.527487
0.510581
0.543078
0.539122
0.543914
0.53656
0.514968
0.514791
0.511532
0.526728
0.515974
0.519165
0.513403
0.559446
0.505744
0.506476
0.510601
0.515964
0.507857
0.511291
0.51078
0.520602
0.520324
0.579899
0.58751
0.50824
0.507614
0.705879
0.633542
0.532605
0.509036
0.514757
0.531644
0.533432
0.537462
0.507594
0.523313
0.514528
0.531829
0.553916
0.511964
0.513544
0.529351
0.515193
0.515861
0.532973
0.528443
0.506584
0.514652
0.51914
0.510722
0.520944
0.516539
0.531024
0.67623
0.5241
0.505612
0.504785
0.524014
0.521754
0.576633
0.594835
0.525462
0.506653
0.513578
0.510117
0.526532
0.610186
0.519825
0.51291
0.506329
0.506169
0.505474
0.516891
0.517314
0.514635
0.51858
0.545936
0.534603
0.514064
0.508406
0.512312
0.512437
0.511216
0.522639
0.510474
0.514793
0.525864
0.516145
0.541825
0.511817
0.519415
0.51049
0.556938
0.53349
0.511433
0.508043
0.528823
0.501124
0.521332
0.511984
0.514724
0.533719
0.529489
0.511755
0.507505
0.526152
0.50614
0.514372
0.502529
0.535627
0.502547
0.516954
0.504956
0.506212
0.523773
0.501687
0.590848
0.54725
0.500221
0.520403
0.507462
0.512053
0.523206
0.51262
0.508678
0.511227
0.541318
0.52145
0.526395
0.523997
0.518947
0.504634
0.524499
0.515018
0.514229
0.510658
0.511875
0.526655
0.514169
0.506463
0.529215
0.517659
0.511526
0.517243
0.507684
0.523796
0.510565
0.512422
0.520138
0.508523
0.523108
0.524458
0.510752
0.512289
0.521818
0.515672
0.516424
0.521349
0.622365
0.503655
0.522174
0.50961
0.506862
0.643455
0.512671
0.537597
0.516876
0.515235
0.50272
0.513448
0.526475
0.520735
0.516447
0.511381
0.523128
0.514845
0.511166
0.519334
0.524038
0.611581
0.516649
0.596016
0.522808
0.505279
0.530128
0.526282
0.512628
0.512616
0.509347
0.521126
0.519441
0.506576
0.517326
0.522902
0.504558
0.510937
0.533951
0.509689
0.499088
0.523511
0.518389
0.512656
0.50774
0.573662
0.55939
0.496992
0.513176
0.510159
0.515141
0.523944
0.512735
0.548018
0.501767
0.535796
0.509736
0.526273
0.517615
0.505946
0.571927
0.51247
0.520724
0.521302
0.524543
0.529653
0.51496
0.503389
0.508029
0.531463
0.532391
0.651952
0.502389
0.515994
0.600764
0.571499
0.513188
0.509391
0.531478
0.535427
0.526696
0.609716
0.618673
0.518898
0.524736
0.507519
0.51379
0.527936
0.522224
0.521995
0.508456
0.527711
0.521406
0.500925
0.510298
0.50577
0.514975
0.510488
0.509949
0.511202
0.528867
0.53197
0.510682
0.517238
0.532797
0.522422
0.511939
0.519616
0.519668
0.511147
0.512705
0.516273
0.495195
0.524529
0.523419
0.542022
0.504156
0.517635
0.516819
0.510015
0.518085
0.519902
0.507568
0.523989
0.522119
0.518442
0.531486
0.528859
0.511447
0.522851
0.509782
0.522839
0.525583
0.524888
0.524119
0.516378
0.516052
0.516056
0.507015
0.504167
0.701975
0.548577
0.505352
0.535065
0.503723
0.508791
0.51245
0.536749
0.521926
0.523098
0.506377
0.523494
0.502374
0.511234
0.527754
0.527263
0.522053
0.554226
0.506644
0.503487
0.529341
0.523821
0.5076
0.516368
0.516372
0.527598
0.516465
0.505659
0.525852
0.510659
0.52264
0.505376
0.51372
0.509526
0.532994
0.509033
0.508072
0.572533
0.510798
0.521403
0.501536
0.550904
0.516288
0.521403
0.534723
0.536209
0.515056
0.508003
0.514736
0.505153
0.509673
0.506856
0.529145
0.518161
0.526121
0.530598
0.517562
0.499308
0.545943
0.526639
0.543597
0.515063
0.550268
0.516384
0.524901
0.514108
0.524489
0.50776
0.525719
0.529738
