0.52716
0.508323
0.506036
0.513666
0.504199
0.495619
0.517575
0.520692
0.509942
0.515211
0.514217
0.509684
0.509592
0.504265
0.506057
0.516524
0.505312
0.500196
0.505097
0.516793
0.514523
0.517999
0.531183
0.506186
0.507006
0.508876
0.505987
0.51504
0.510399
0.530006
0.488497
0.510532
0.509968
0.523171
0.525953
0.51146
0.516089
0.525938
0.518609
0.513976
0.509097
0.512541
0.50658
0.516068
0.514445
0.505545
0.510039
0.514071
0.506173
0.50283
0.49757
0.504451
0.507493
0.745782
0.671114
0.708384
0.672264
0.630593
0.555558
0.546505
0.523161
0.523627
0.506647
0.525859
0.512045
0.518192
0.525467
0.522427
0.510597
0.513008
0.541706
0.498936
0.497541
0.499899
0.500746
0.505819
0.507077
0.507044
0.50825
0.528345
0.527467
0.507973
0.532553
0.530032
0.54291
0.511818
0.568562
0.525103
0.521827
0.567958
0.592464
0.505313
0.509222
0.510929
0.510249
0.506234
0.503997
0.505592
0.511279
0.508335
0.509388
0.508397
0.508669
0.560703
0.573967
0.548662
0.52428
0.515196
0.519839
0.516739
0.519849
0.509952
0.513885
0.510338
0.525214
0.526205
0.50032
0.51175
0.512386
0.509971
0.524703
0.518079
0.660604
0.7654
0.505088
0.502538
0.510579
0.506976
0.505661
0.526157
0.509267
0.512792
0.520586
0.519596
0.528081
0.529838
0.529962
0.522136
0.532572
0.507487
0.51421
0.510597
0.540049
0.659497
0.521395
0.514685
0.515191
0.527854
0.516471
0.507451
0.509723
0.518957
0.518437
0.509055
0.511175
0.511382
0.507644
0.512715
0.51525
0.545136
0.548979
0.536986
0.53072
0.508274
0.522768
0.496053
0.501618
0.498764
0.522029
0.529361
0.510852
0.510163
0.503857
0.538511
0.63005
0.572625
0.618284
0.507482
0.503779
0.505109
0.519432
0.554383
0.555206
0.520401
0.536589
0.506474
0.504761
0.545296
0.548899
0.511351
0.520376
0.513421
0.506646
0.520843
0.523867
0.521774
0.527003
0.527461
0.58392
0.602709
0.52311
0.516286
0.521688
0.501529
0.504732
0.513241
0.506785
0.508868
0.511694
0.507947
0.514396
0.523444
0.525264
0.508266
0.520448
0.519089
0.516321
0.518341
0.518701
0.505892
0.51877
0.519811
0.509413
0.509552
0.509672
0.531006
0.52935
0.526232
0.525308
0.525515
0.52187
0.52755
0.506658
0.582408
0.539656
0.554829
0.526054
0.529236
0.532127
0.516397
0.511654
0.512229
0.511681
0.520859
0.529769
0.534778
0.522017
0.519857
0.530879
0.52774
0.523293
0.504164
0.526457
0.525098
0.540474
0.524944
0.515162
0.514716
0.520523
0.522022
0.526083
0.525618
0.52513
0.52461
0.506561
0.506123
0.529976
0.509978
0.517243
0.527212
0.604753
0.550562
0.524901
0.519009
0.51779
0.507734
0.505765
0.509119
0.500367
0.510407
0.508458
0.507521
0.509953
0.50947
0.504833
0.507526
0.503623
0.511545
0.53168
0.546532
0.524357
0.512859
0.511924
0.505897
0.514317
0.527746
0.530894
0.528421
0.508434
0.510734
0.505495
0.496847
0.50547
0.506802
0.510706
0.506996
0.512447
0.509839
0.559433
0.515175
0.516668
0.555352
0.50556
0.51346
0.503381
0.509956
0.499972
0.527971
0.515144
0.505606
0.50564
0.501635
0.506639
0.544863
0.538806
0.510024
0.503914
0.521368
0.521939
0.51702
0.531655
0.52643
0.523961
0.509007
0.523084
0.525314
0.516964
0.517347
0.519157
0.503157
0.504409
0.522568
0.528847
0.527109
0.518759
0.507997
0.511247
0.51561
0.512971
0.509697
0.503761
0.716935
0.507076
0.502308
0.706258
0.528187
0.527522
0.509601
0.53573
0.499572
0.504432
0.505898
0.512642
0.511725
0.500947
0.503918
0.504066
0.509555
0.50562
0.506822
0.506381
0.507525
0.507213
0.511742
0.511065
0.511806
0.510669
0.510235
0.50761
0.498629
0.509467
0.513956
0.513992
0.53762
0.515548
0.509116
0.498376
0.544347
0.538858
0.538102
0.528397
0.522278
0.501105
0.506921
0.498409
0.504893
0.501394
0.510959
0.512143
0.512222
0.508199
0.50515
0.51
0.499497
0.504779
0.506528
0.520157
0.519126
0.523855
0.497379
0.496407
0.493952
0.574925
0.541335
0.537611
0.514395
0.490489
0.504457
0.50418
0.504461
0.514614
0.519408
0.519887
0.511004
0.5126
0.532094
0.526292
0.517076
0.521264
0.510007
0.514591
0.590345
0.630011
0.506363
0.516271
0.512362
0.493651
0.504449
0.528069
0.515469
0.512219
0.523057
0.550852
0.547997
0.524872
0.521788
0.507339
0.507428
0.514308
0.512103
0.516503
0.518346
0.506566
0.857578
0.528274
0.504707
0.504615
0.507115
0.503379
0.502399
0.526278
0.532455
0.544114
0.808307
0.517082
0.516703
0.541364
0.512705
0.501554
0.50888
0.506425
0.509397
0.508174
0.502926
0.515794
0.50381
0.518797
0.516164
0.520043
0.516549
0.513655
0.529289
0.531435
0.518285
0.522385
0.526873
0.505439
0.501014
0.528428
0.52742
0.505454
0.505695
0.505379
0.529925
0.522619
0.500546
0.50827
0.520989
0.520874
0.52325
0.495254
0.49411
0.503298
0.532014
0.52575
0.541924
0.516047
0.518776
0.520115
0.517691
0.514257
0.50858
0.508158
0.526174
0.592653
0.620024
0.50639
0.509641
0.51261
0.512061
0.506736
0.509468
0.504294
0.520278
0.519864
0.498607
0.698105
0.528654
0.536561
0.562135
0.569961
0.517686
0.509106
0.514831
0.507375
0.517
0.517808
0.496968
0.499503
0.515991
0.525214
0.507118
0.505924
0.508837
0.517159
0.506987
0.505743
0.520033
0.508039
0.508308
0.534952
0.521893
0.531257
0.526751
0.537635
0.53905
0.512186
0.529332
0.523009
0.502647
0.520401
0.520572
0.520257
0.509777
0.510142
0.516108
0.6189
0.508665
0.621785
0.644135
0.642216
0.513992
0.514267
0.508482
0.520678
0.519945
0.518115
0.512748
0.510643
0.506667
0.52403
0.524724
0.503917
0.527816
0.526928
0.579293
0.517845
0.520676
0.517626
0.51785
0.511729
0.511419
0.512329
0.526627
0.523081
0.509709
0.506374
0.525291
0.503379
0.51751
0.508511
0.50979
0.509772
0.505093
0.50335
0.502333
0.502461
0.58705
0.563758
0.594473
0.562738
0.514055
0.513678
0.508357
0.503062
0.508263
0.524237
0.523397
0.52119
0.537199
0.508724
0.509592
0.500362
0.511558
0.516381
0.50617
0.501097
0.502384
0.61606
0.521854
0.528092
0.657042
0.686483
0.671385
0.510571
0.512176
0.513308
0.512598
0.509269
0.542684
0.528656
0.525478
0.521711
0.519602
0.514806
0.513459
0.511582
0.50667
0.548669
0.520067
0.511252
0.511353
0.516259
0.509513
0.534382
0.527218
0.505795
0.505996
0.497168
0.506396
0.506679
0.507634
0.509065
0.583409
0.588227
0.522361
0.506615
0.51481
0.511672
0.504096
0.505857
0.503352
0.521176
0.525603
0.794873
0.505312
0.495255
0.537186
0.533462
0.511705
0.508734
0.495847
0.502329
0.509768
0.507442
0.52336
0.71213
0.521725
0.507086
0.521716
0.511328
0.510328
0.508276
0.509177
0.532635
0.532859
0.529436
0.624915
0.52098
0.705719
0.66909
0.678851
0.53406
0.536655
0.505166
0.573934
0.603216
0.515895
0.514928
0.507786
0.507776
0.50337
0.505113
0.5119
0.533023
0.503027
0.508482
0.506238
0.503982
0.575403
0.518222
0.527211
0.526723
0.526413
0.539846
0.520914
0.523837
0.509471
0.510363
0.519574
0.52576
0.486785
0.495474
0.499458
0.508343
0.721321
0.713181
0.511891
0.512858
0.506147
0.512764
0.506157
0.500118
0.509008
0.530704
0.52669
0.701801
0.500721
0.525873
0.517158
0.51472
0.511901
0.515026
0.503157
0.521136
0.521721
0.539706
0.522113
0.524977
0.509183
0.507844
0.514176
0.519508
0.513675
0.51844
0.538559
0.564746
0.568402
0.561239
0.511611
0.51432
0.510836
0.508976
0.505822
0.553332
0.512703
0.502063
0.515064
0.514694
0.523255
0.521336
0.522016
0.504505
0.531436
0.527941
0.496824
0.523871
0.528742
0.619691
0.535568
0.538458
0.5304
0.501223
0.512254
0.522394
0.531034
0.536923
0.529606
0.539188
0.535211
0.509814
0.511286
0.525574
0.541776
0.516657
0.518886
0.528416
0.521565
0.511201
0.533875
0.522926
0.5527
0.519968
0.523196
0.52384
0.513506
0.517638
0.496917
0.496071
0.508057
0.502354
0.566732
0.628098
0.504895
0.502278
0.507717
0.517065
0.514832
0.514226
0.507782
0.504056
0.524971
0.522236
0.536331
0.50946
0.508005
0.524475
0.486217
0.49787
0.518681
0.560876
0.492979
0.501157
0.519916
0.523759
0.515952
0.506771
0.502058
0.531568
0.527366
0.526816
0.618923
0.524677
0.520476
0.505948
0.509535
0.526978
0.503511
0.508486
0.518604
0.518772
0.516962
0.804303
0.877436
0.518244
0.505211
0.518468
0.520324
0.521917
0.516078
0.515137
0.598956
0.517587
0.50262
0.50018
0.524173
0.522099
0.514585
0.51364
0.493333
0.522481
0.506772
0.566272
0.510675
0.506377
0.522779
0.509284
0.512339
0.517009
0.505649
0.512135
0.510816
0.507654
0.507389
0.50598
0.510835
0.506317
0.51024
0.718237
0.710959
0.509554
0.5305
0.533484
0.510952
0.51838
0.524768
0.521459
0.521413
0.612483
0.582948
0.583859
0.5052
0.513917
0.519975
0.500792
0.496231
0.513938
0.514221
0.511266
0.502241
0.501178
0.511385
0.507867
0.511588
0.509476
0.507678
0.629554
0.511301
0.718211
0.638626
0.526427
0.533517
0.52179
0.505136
0.530266
0.523835
0.528641
0.606089
0.525765
0.521491
0.556189
0.505388
0.659966
0.508929
0.668476
0.656596
0.503631
0.510665
0.50099
0.505999
0.527064
0.526033
0.524476
0.496795
0.517352
0.505948
0.512932
0.524923
0.534128
0.527742
0.5209
0.527306
0.506917
0.525182
0.620153
0.626533
0.511777
0.514464
0.520077
0.498004
0.515368
0.512978
0.515731
0.617488
0.709484
0.508353
0.503314
0.521342
0.517715
0.500676
0.50229
0.499209
0.49509
0.504344
0.49621
0.50305
0.512531
0.500305
0.497075
0.496876
0.54792
0.544044
0.517894
0.525578
0.508002
0.505705
0.498832
0.531281
0.525723
0.521982
0.528907
0.502702
0.504747
0.537255
0.509268
0.505434
0.499475
0.524036
0.507407
0.516135
0.543789
0.506921
0.49715
0.502929
0.5098
0.525573
0.519711
0.513134
0.540078
0.5366
0.513915
0.52469
0.626625
0.602362
0.506003
0.505777
0.525701
0.507522
0.516546
0.502635
0.509503
0.527463
0.529492
0.500287
0.529446
0.519316
0.507521
0.506758
0.54288
0.530186
0.525147
0.517652
0.527008
0.522889
0.528046
0.526335
0.524765
0.559517
0.525453
0.518429
0.521294
0.528901
0.52028
0.507154
0.509053
0.499839
0.502724
0.539769
0.521411
0.490458
0.525603
0.504674
0.518092
0.529685
0.49393
0.49481
0.518152
0.501468
0.500508
0.522657
0.54874
0.532485
0.570404
0.516829
0.517489
0.515432
0.524453
0.515657
0.538602
0.756929
0.522384
0.52189
0.518526
0.52176
0.520298
0.518408
0.533425
0.523811
0.511222
0.593973
0.520588
0.513472
0.512523
0.517367
0.506731
0.533894
0.503258
0.530677
0.520043
0.531026
0.513623
0.522845
0.528647
0.499884
0.548425
0.529161
0.505346
0.525351
0.524216
0.529564
0.645656
0.525784
0.675446
0.523659
0.526533
0.507736
0.524958
0.504649
0.537811
0.529826
0.498311
0.527816
0.524651
0.529356
0.512247
0.531779
0.517834
0.515154
0.509716
0.530544
0.518902
0.505783
0.515977
0.508251
0.53197
0.520033
0.51658
0.504663
0.634801
0.51352
0.507901
0.544608
0.543047
0.516117
0.523346
0.53726
0.53664
0.555952
0.614078
0.511454
0.511502
0.520494
0.7902
0.52517
0.517346
0.518738
0.523215
0.517198
0.550696
0.502168
0.507968
0.500407
0.512329
0.554909
0.510543
0.511214
0.52715
0.521881
0.510947
0.507584
0.507661
0.541148
0.532412
0.526113
0.529366
0.508212
0.603266
0.520997
0.522247
0.522862
0.530734
0.513336
0.495932
0.508114
0.520429
0.744209
0.510312
0.508824
0.507382
0.519568
0.511581
0.519369
0.504599
0.505054
0.512939
0.53757
0.508882
0.50935
0.514594
0.513592
0.528405
0.522332
0.531333
0.5066
0.541606
0.52163
0.519938
0.51752
0.625921
0.524116
0.524847
0.522004
0.511767
0.516931
0.528832
0.509665
0.526387
0.579152
0.506037
0.515165
0.525196
0.517151
0.505286
0.53253
0.529814
0.505836
0.50768
0.50771
0.518217
0.508135
0.527878
0.507171
0.519735
0.513486
0.513052
0.520632
0.510165
0.527147
0.594245
0.513272
0.514718
0.510649
0.517158
0.505191
0.512576
0.5077
0.529522
0.530176
0.512367
0.527501
0.528945
0.514166
0.681666
0.626057
0.508824
0.494902
0.511634
0.518879
0.504492
0.509003
0.521366
0.515615
0.512049
0.5021
0.49446
0.502185
0.502704
0.508021
0.513456
0.696808
0.508892
0.511265
0.528849
0.507132
0.517307
0.658658
0.52672
0.491745
0.525582
0.510327
0.509545
0.510428
0.535207
0.531073
0.513808
0.524109
0.525044
0.522934
0.523978
0.524094
0.508435
0.530212
0.500935
0.516557
0.520869
0.508915
0.543321
0.526518
0.506747
0.510009
0.543636
0.506695
0.524809
0.494315
0.507789
0.495597
0.518691
0.508158
0.509446
0.508316
0.514097
0.524915
0.525646
0.499364
0.5151
0.505279
0.527325
0.506008
0.506185
0.517469
0.525736
0.513017
0.515078
0.505751
0.558271
0.553236
0.542095
0.559225
0.526826
0.53911
0.60523
0.501398
0.505326
0.509706
0.533572
0.516654
0.506148
0.51497
0.49924
0.503043
0.502037
0.525713
0.503751
0.509949
0.548323
0.545102
0.519545
0.510768
0.496424
0.504192
0.521949
0.523192
0.51526
0.506181
0.518916
0.524728
0.503075
0.504994
0.521075
0.50574
0.500448
0.510639
0.50827
0.513079
0.520709
0.510732
0.507028
0.51047
0.53068
0.548606
0.55433
0.590539
0.778528
0.522574
0.517568
0.516478
0.586359
0.527907
0.522651
0.512841
0.50717
0.533535
0.580826
0.529138
0.507871
0.52161
0.560096
0.49493
0.503925
0.505759
0.516201
0.523667
0.505167
0.506261
0.506087
0.505989
0.531691
0.495477
0.491427
0.553967
0.527257
0.529184
0.52558
0.517472
0.505536
0.527776
0.5314
0.522698
0.511795
0.578501
0.50843
0.526752
0.720299
0.517643
0.520117
0.497476
0.551374
0.514429
0.511712
0.502575
0.536754
0.525156
0.528925
0.497571
0.513583
0.502835
0.517666
0.508014
0.508471
0.502526
0.498016
0.498196
0.522499
0.508805
0.506582
0.537757
0.512761
0.509028
0.510427
0.527644
0.526732
0.508009
0.504878
0.526216
0.522918
0.506777
0.504471
0.51282
0.517917
0.51723
0.515795
0.505507
0.529402
0.507569
0.500017
0.504859
0.51381
0.506823
0.523371
0.523885
0.51163
0.674252
0.519054
0.506739
0.505158
0.503744
0.504872
0.586139
0.581993
0.505871
0.510267
0.531416
0.507885
0.511081
0.50628
0.515332
0.687568
0.518642
0.527743
0.70115
0.526495
0.493578
0.561938
0.517703
0.505069
0.525672
0.533076
0.654086
0.524454
0.543718
0.54593
0.530859
0.527928
0.535374
0.507029
0.518493
0.500718
0.50894
0.526305
0.544822
0.511293
0.50797
0.500203
0.576581
0.520177
0.503835
0.490577
0.505939
0.505299
0.521828
0.518451
0.515984
0.510663
0.643318
0.499667
0.527136
0.507915
0.525784
0.516593
0.535436
0.508367
0.521255
0.518984
0.505768
0.504939
0.524621
0.520061
0.511413
0.545141
0.493036
0.530674
0.506661
0.522584
0.505283
0.503673
0.504059
0.52847
0.511846
0.50965
0.528258
0.519438
0.506452
0.523865
0.530513
0.519039
0.777597
0.512944
0.501316
0.522228
0.510031
0.597508
0.508602
0.547004
0.515491
0.503765
0.504539
0.512594
0.490304
0.503249
0.502901
0.506926
0.513609
0.541248
0.514023
0.529239
0.518278
0.506492
0.52566
0.506003
0.522373
0.507736
0.505707
0.520314
0.498516
0.512139
0.54011
0.528673
0.495701
0.501442
0.53007
0.510044
0.515503
0.514456
0.522091
0.528015
0.528286
0.510105
0.520876
0.521434
0.498955
0.510698
0.514433
0.530401
0.519151
0.525402
0.508295
0.527134
0.526141
0.504035
0.523005
0.508936
0.735712
0.514783
0.521761
0.520609
0.522977
0.504327
0.512977
0.512759
0.496579
0.529967
0.510565
0.509359
0.510741
0.520059
0.511786
0.509083
0.507973
0.510799
0.522479
0.520398
0.597233
0.546664
0.541419
0.522456
0.53586
0.509715
0.512755
0.515365
0.498731
0.501588
0.735802
0.507144
0.523409
0.505956
0.516232
0.520857
0.531881
0.507359
0.53082
0.531809
0.534444
0.523532
0.511265
0.505376
0.512155
0.51434
0.51594
0.504786
0.520559
0.523633
0.523224
0.511863
0.508525
0.510484
0.532251
0.523131
0.511126
0.544391
0.525202
0.506368
0.509128
0.49768
0.51401
0.514621
0.488008
0.507481
0.539954
0.521555
0.518778
0.517072
0.530513
0.527475
0.522996
0.519432
0.51734
0.518912
0.518654
0.502977
0.528636
0.517331
0.517506
0.513683
0.515324
0.520593
0.528476
0.509429
0.508482
0.51966
0.602632
0.517902
0.523471
0.522614
0.523117
0.517456
0.518815
0.508757
0.510805
0.519814
0.513458
0.509706
0.518909
0.510882
0.578898
0.514167
0.509008
0.518066
0.524148
0.516069
0.51083
0.50222
0.510203
0.510285
0.50238
0.510995
0.52449
0.527446
0.526579
0.507213
0.510183
0.515165
0.508352
0.513255
0.548831
0.519147
0.512089
0.508413
0.524885
0.502346
0.522761
0.494994
0.499302
0.511868
0.519033
0.519806
0.509125
0.517425
0.498651
0.524616
0.524984
0.515497
0.502173
0.524585
0.513405
0.506115
0.521021
0.507984
0.528407
0.516309
0.504232
0.50623
0.506663
0.5379
0.523433
0.525932
0.513637
0.50418
0.51674
0.503713
0.507902
0.548209
0.525428
0.527198
0.520615
0.523544
0.568781
0.529459
0.524418
0.520475
0.529544
0.515052
0.527922
0.513882
0.51101
0.51214
0.539358
0.527048
0.507154
0.507158
0.513165
0.510496
0.507375
0.559119
0.505335
0.564477
0.529317
0.512539
0.513678
0.508682
0.510376
0.518043
0.69834
0.504564
0.511045
0.529314
0.521199
0.523702
0.509528
0.509136
0.512222
0.533827
0.517379
0.505906
0.513062
0.513305
0.846789
0.514429
0.523641
0.505041
0.5033
0.521185
0.535353
0.506335
0.522823
0.527849
0.52245
0.505795
0.521586
0.51654
0.52007
0.508276
0.504752
0.517622
0.520107
0.525293
0.515019
0.52897
0.517858
0.51486
0.513054
0.521013
0.519968
0.518387
0.538547
0.5179
0.520459
0.521247
0.521107
0.510578
0.508777
0.521578
0.522411
0.508938
0.50789
0.513046
0.510499
0.510808
0.510888
0.513705
0.511347
0.513703
0.533807
0.518695
0.515941
0.514015
0.512554
0.506066
0.511886
0.506995
0.500994
0.509772
0.598347
0.738825
0.583112
0.517571
0.505337
0.523839
0.506977
0.525108
0.519467
0.510299
0.594281
0.548138
0.506563
0.509619
0.513351
0.581925
0.525517
0.526064
0.524661
0.507301
0.511848
0.525433
0.528338
0.528626
0.525953
0.505521
0.524733
0.669023
0.507975
0.585073
0.50688
0.508167
0.535838
0.540541
0.515808
0.519192
0.514299
0.531357
0.510638
0.523164
0.521716
0.517786
0.529737
0.509898
0.514937
0.526901
0.676175
0.522253
0.525137
0.516767
0.50367
0.502371
0.520184
0.509691
0.509957
0.515225
0.510095
0.514482
0.507738
0.525704
0.516303
0.51809
0.509243
0.510111
0.510612
0.646044
0.532189
0.500945
0.505032
0.655714
0.513492
0.534516
0.522887
0.615221
0.558099
0.522377
0.514484
0.518865
0.535218
0.549013
0.508608
0.526697
0.508389
0.509079
0.517034
0.515923
0.506545
0.51378
0.51591
0.509687
0.559305
0.511888
0.512467
0.533013
0.515955
0.510699
0.509051
0.522757
0.575389
0.509118
0.640768
0.60845
0.632635
0.508602
0.531647
0.533577
0.516437
0.50674
0.527691
0.521731
0.526757
0.620489
0.518752
0.549038
0.553997
0.510875
0.510518
0.510908
0.526464
0.522567
0.510481
0.525684
0.531084
0.508765
0.499897
0.506809
0.524412
0.496243
0.515525
0.523928
0.506549
0.507486
0.512912
0.624013
0.591997
0.506669
0.506315
0.537131
0.513129
0.509743
0.507804
0.510779
0.693717
0.53071
0.51889
0.502146
0.511003
0.512895
0.5177
0.514341
0.512465
0.506861
0.525997
0.516029
0.540158
0.508063
0.525361
0.510725
0.511119
0.52269
0.912997
0.506549
0.515787
0.537038
0.515813
0.508026
0.533936
0.515184
0.505999
0.511932
0.505419
0.516525
0.506824
0.510814
0.510692
0.52124
0.512649
0.549021
0.505304
0.498985
0.537798
0.528331
0.542557
0.522916
0.532049
0.507572
0.503871
0.57721
0.504828
0.509924
0.511967
0.504994
0.512382
0.507662
0.504907
0.509448
0.5207
0.500909
0.501061
0.501427
0.60979
0.507106
0.493736
0.53417
0.507156
0.564013
0.631438
0.529891
0.501604
0.501282
0.507648
0.50728
0.506991
0.522026
0.507968
0.543868
0.513282
0.509911
0.513386
0.604
0.559353
0.515003
0.55155
0.524137
0.515225
0.51162
0.507468
0.527715
0.508908
0.508768
0.523164
0.540126
0.51998
0.509492
0.513713
0.517423
0.516454
0.50406
0.509364
0.513079
0.521571
0.507845
0.524908
0.523601
0.503842
0.506104
0.51003
0.541304
0.532188
0.506712
0.534165
0.512178
0.526176
0.532706
0.534143
0.630065
0.518273
0.514212
0.527234
0.591227
0.508446
0.523012
0.508783
0.54914
0.528051
0.526978
0.511973
0.568776
0.534331
0.563267
0.528308
0.524705
0.514067
0.68419
0.529584
0.531067
0.504908
0.513388
0.506277
0.505065
0.528889
0.528405
0.527954
0.511872
0.505961
0.519472
0.503616
0.511815
0.522868
0.518213
0.788949
0.512761
0.52024
0.506123
0.492035
0.511108
0.514855
0.520099
0.522936
0.511143
0.504019
0.514196
0.503677
0.521942
0.520902
0.516435
0.60267
0.525529
0.506912
0.506063
0.50571
0.642041
0.516197
0.522828
0.507601
0.531296
0.5326
0.528564
0.523134
0.52102
0.506195
0.509107
0.508439
0.521879
0.528922
0.527956
0.526507
0.664194
0.506371
0.497806
0.524014
0.513772
0.517888
0.622974
0.529689
0.511255
0.505408
0.516807
0.501185
0.508059
0.502259
0.516911
0.493329
0.5106
0.524817
0.509783
0.580948
0.511974
0.576317
0.501484
0.530023
0.506935
0.506818
0.524306
0.515764
0.508223
0.516629
0.655473
0.520871
0.511681
0.524848
0.507949
0.513136
0.50539
0.525258
0.498915
0.509649
0.505061
0.508194
0.509396
0.728429
0.573551
0.511422
0.519088
0.500417
0.505695
0.539923
0.506024
0.623182
0.526163
0.524115
0.512109
0.506159
0.526252
0.516637
0.514211
0.508889
0.49619
0.527854
0.506484
0.509562
0.551591
0.524461
0.509244
0.514681
0.532192
0.511779
0.502546
0.537986
0.51325
0.50878
0.506764
0.532107
0.527361
0.506759
0.517297
0.523642
0.529727
0.507536
0.511302
0.530371
0.507949
0.511824
0.504616
0.51691
0.52064
0.519764
0.508299
0.51275
0.509642
0.505596
0.518592
0.518615
0.515206
0.526464
0.525776
0.5058
0.526279
0.516302
0.604923
0.522395
0.526234
0.514175
0.505652
