0.529664
0.527347
0.525919
0.497797
0.502352
0.496207
0.517254
0.509042
0.514778
0.504554
0.521353
0.510609
0.51135
0.515376
0.513147
0.509351
0.507936
0.527259
0.496313
0.490107
0.510392
0.50935
0.520253
0.511204
0.508124
0.509928
0.510955
0.503773
0.505036
0.504893
0.508336
0.508789
0.504439
0.507753
0.509868
0.518291
0.521898
0.515345
0.496958
0.504828
0.680609
0.661109
0.611791
0.663832
0.623252
0.646283
0.500979
0.531822
0.538905
0.523282
0.515464
0.518701
0.518784
0.520868
0.516794
0.525981
0.521335
0.497369
0.513356
0.499542
0.503731
0.500957
0.529869
0.522482
0.718085
0.526841
0.524983
0.525209
0.508754
0.548949
0.533757
0.537619
0.511051
0.511149
0.51033
0.54303
0.539418
0.518649
0.518674
0.582254
0.508228
0.512063
0.496076
0.497025
0.504713
0.511511
0.510713
0.506206
0.505165
0.508138
0.504837
0.522935
0.511433
0.553898
0.548302
0.526654
0.522387
0.523869
0.52511
0.510692
0.50886
0.536269
0.529493
0.530264
0.531945
0.517243
0.510652
0.513593
0.514151
0.764773
0.654997
0.684414
0.500946
0.504886
0.513652
0.509613
0.502881
0.505884
0.527785
0.508382
0.505357
0.508954
0.508051
0.50469
0.523598
0.521209
0.527685
0.530868
0.526254
0.523452
0.663231
0.699653
0.506394
0.553931
0.506948
0.516962
0.516438
0.51095
0.617626
0.670295
0.54187
0.532304
0.655069
0.523065
0.803193
0.508686
0.511218
0.509359
0.517219
0.517213
0.580748
0.584435
0.569036
0.504465
0.508829
0.698632
0.518394
0.502478
0.514979
0.528521
0.510907
0.503502
0.511544
0.52828
0.537511
0.544578
0.513359
0.517406
0.5341
0.535061
0.530066
0.529862
0.515495
0.517503
0.526393
0.686241
0.614262
0.564728
0.575508
0.553706
0.505781
0.502365
0.545222
0.543571
0.517122
0.516479
0.510618
0.509391
0.506756
0.497814
0.55165
0.503482
0.503081
0.528788
0.530624
0.526781
0.500569
0.525347
0.527069
0.497837
0.494884
0.510463
0.577576
0.510191
0.50094
0.512736
0.517503
0.507774
0.508124
0.516293
0.519287
0.511662
0.516726
0.519999
0.517561
0.508297
0.50849
0.508549
0.517003
0.50762
0.507432
0.528609
0.529723
0.53004
0.521907
0.518413
0.521007
0.52406
0.521308
0.499336
0.503337
0.52898
0.527797
0.516871
0.511549
0.507538
0.525521
0.526791
0.5182
0.522764
0.523043
0.525502
0.529202
0.532592
0.5339
0.535591
0.531847
0.515285
0.518168
0.511247
0.519733
0.521145
0.526411
0.529267
0.502814
0.527574
0.512348
0.521627
0.604668
0.534562
0.507198
0.507561
0.50843
0.508149
0.507818
0.506854
0.502158
0.507103
0.50414
0.507783
0.50308
0.513576
0.533351
0.541059
0.517667
0.509057
0.514575
0.519038
0.517636
0.529535
0.507419
0.495734
0.520827
0.504287
0.503801
0.508734
0.511298
0.506373
0.511905
0.516673
0.509688
0.508639
0.50661
0.543838
0.525472
0.548151
0.552864
0.544015
0.510356
0.508347
0.510932
0.515618
0.507239
0.510087
0.503704
0.536372
0.506247
0.507096
0.501939
0.521034
0.518538
0.509413
0.502789
0.506985
0.504394
0.550726
0.539716
0.540948
0.511832
0.514523
0.517371
0.514541
0.521202
0.523832
0.526157
0.52745
0.52354
0.523888
0.525886
0.522548
0.526725
0.508467
0.510231
0.499314
0.525891
0.515351
0.509738
0.50072
0.671095
0.514981
0.512052
0.507331
0.508725
0.507708
0.504935
0.733276
0.505739
0.506603
0.501347
0.510105
0.509433
0.511784
0.524735
0.52606
0.531926
0.498668
0.500162
0.497737
0.519796
0.519176
0.508739
0.524289
0.513884
0.510779
0.503706
0.507246
0.51244
0.51007
0.504771
0.506537
0.504686
0.505507
0.510193
0.508438
0.502133
0.519228
0.50876
0.522331
0.660378
0.530552
0.526546
0.523004
0.517328
0.508053
0.50823
0.518251
0.512448
0.511987
0.503805
0.509445
0.509991
0.49807
0.501926
0.520751
0.519107
0.522393
0.554646
0.541707
0.541254
0.54257
0.516673
0.512536
0.538151
0.509431
0.511574
0.506462
0.513298
0.5156
0.508539
0.508383
0.506717
0.504898
0.526593
0.525879
0.514451
0.517467
0.52236
0.52508
0.523961
0.513707
0.547481
0.543454
0.502335
0.513801
0.520836
0.506736
0.620189
0.522353
0.511259
0.5057
0.506421
0.504871
0.522842
0.521034
0.546029
0.542286
0.533797
0.51056
0.507405
0.683492
0.506849
0.505581
0.509968
0.509553
0.512823
0.875936
0.845627
0.706462
0.514771
0.527497
0.524135
0.525371
0.524983
0.524891
0.507754
0.50302
0.529823
0.52923
0.502868
0.502838
0.504232
0.523167
0.519252
0.520902
0.502721
0.513276
0.527704
0.525193
0.6374
0.505575
0.49745
0.501084
0.523399
0.527953
0.539252
0.515788
0.507761
0.525803
0.518064
0.502619
0.508088
0.507158
0.53109
0.522204
0.510997
0.511881
0.505004
0.506867
0.502891
0.509611
0.527008
0.526874
0.509656
0.504874
0.512848
0.517892
0.507492
0.521204
0.506285
0.507839
0.701174
0.725413
0.526637
0.580931
0.528139
0.52314
0.515026
0.508093
0.514036
0.516182
0.517312
0.504505
0.507319
0.518363
0.51575
0.496877
0.520824
0.521936
0.510444
0.516424
0.528861
0.518109
0.505824
0.507448
0.540292
0.542456
0.52217
0.529913
0.506179
0.510884
0.523321
0.507872
0.503034
0.519471
0.519632
0.516987
0.730035
0.676171
0.507456
0.870051
0.71145
0.737348
0.516636
0.522526
0.518009
0.509284
0.508444
0.507737
0.525849
0.526806
0.532859
0.498855
0.527956
0.526542
0.526054
0.715053
0.622939
0.526891
0.531747
0.522718
0.522931
0.514222
0.508396
0.511925
0.530533
0.530314
0.524286
0.525693
0.50939
0.506601
0.545296
0.519817
0.648803
0.625209
0.493041
0.495002
0.509547
0.509206
0.508377
0.506197
0.527203
0.50669
0.503032
0.5109
0.522136
0.573621
0.517393
0.514864
0.521444
0.501529
0.505935
0.519061
0.520769
0.533557
0.510195
0.537225
0.510259
0.517387
0.519276
0.509783
0.51577
0.510113
0.508672
0.511829
0.618092
0.524938
0.529154
0.633437
0.701312
0.633161
0.617408
0.510531
0.513305
0.51312
0.512047
0.507067
0.507304
0.506
0.540963
0.534308
0.53521
0.521844
0.535247
0.532772
0.661388
0.509454
0.518214
0.516037
0.531982
0.529335
0.513984
0.510032
0.496849
0.510784
0.504227
0.49938
0.504267
0.506398
0.506835
0.564541
0.626739
0.577544
0.511885
0.51325
0.500048
0.504069
0.512539
0.495559
0.545666
0.539883
0.533378
0.51125
0.534656
0.525311
0.513637
0.515038
0.512188
0.510719
0.506806
0.499509
0.522961
0.507628
0.518146
0.508976
0.505168
0.528199
0.527066
0.606915
0.505598
0.520942
0.52125
0.525169
0.524335
0.58036
0.597878
0.516488
0.516788
0.50579
0.52524
0.493127
0.493721
0.51651
0.504035
0.508667
0.528696
0.507195
0.506177
0.505897
0.506414
0.509949
0.50049
0.505057
0.529343
0.527454
0.504864
0.522679
0.539706
0.513571
0.522843
0.491987
0.507187
0.52897
0.527821
0.494618
0.529315
0.526045
0.529371
0.531951
0.526163
0.684591
0.498213
0.512628
0.514344
0.533208
0.530731
0.534344
0.53291
0.525168
0.565424
0.566516
0.521236
0.51302
0.507583
0.512033
0.51184
0.516821
0.544897
0.507523
0.512539
0.516163
0.50627
0.565
0.558711
0.554301
0.511321
0.511403
0.51174
0.511854
0.506012
0.505418
0.516186
0.518825
0.509894
0.497549
0.495052
0.508027
0.513342
0.51832
0.516297
0.504344
0.526857
0.519208
0.514034
0.528186
0.527016
0.525171
0.497549
0.525833
0.516304
0.530358
0.619164
0.52464
0.504371
0.506138
0.535603
0.52996
0.527229
0.520651
0.538385
0.507776
0.532594
0.512415
0.543575
0.507284
0.526838
0.527087
0.529496
0.504474
0.532128
0.525538
0.558965
0.553841
0.554043
0.520458
0.521014
0.517287
0.510545
0.522757
0.520594
0.51195
0.527157
0.510998
0.515784
0.518483
0.561283
0.524596
0.527115
0.525385
0.508338
0.535879
0.537898
0.52889
0.530959
0.498147
0.506691
0.500557
0.492152
0.518818
0.67193
0.546247
0.511055
0.509971
0.546449
0.582466
0.521416
0.606469
0.518869
0.519464
0.519442
0.526973
0.50557
0.494063
0.508774
0.521775
0.518638
0.658187
0.505802
0.517861
0.517224
0.506331
0.505692
0.525316
0.527293
0.520666
0.517143
0.519699
0.633909
0.511939
0.501626
0.50435
0.522946
0.501429
0.550745
0.506353
0.506632
0.501664
0.524654
0.507094
0.491152
0.508316
0.511723
0.522494
0.530856
0.512466
0.518157
0.508743
0.512847
0.506768
0.512735
0.637709
0.656656
0.606521
0.556724
0.502885
0.560277
0.510327
0.533671
0.519283
0.504089
0.523944
0.517855
0.518882
0.508661
0.518561
0.524922
0.509718
0.50877
0.510192
0.513312
0.520814
0.505677
0.504643
0.502568
0.528804
0.5166
0.501885
0.499131
0.509314
0.644383
0.593406
0.532593
0.526429
0.520717
0.519996
0.489369
0.535852
0.545317
0.504377
0.525825
0.529001
0.535152
0.591768
0.506635
0.50811
0.504965
0.52057
0.52307
0.519137
0.510326
0.776989
0.763582
0.509763
0.772698
0.590202
0.507524
0.525523
0.526841
0.522684
0.510374
0.504821
0.511077
0.52749
0.519686
0.518263
0.496811
0.508176
0.501927
0.505517
0.517061
0.511352
0.517617
0.527755
0.527512
0.523565
0.526368
0.505902
0.505242
0.504928
0.512658
0.515151
0.524389
0.526161
0.626091
0.531286
0.492255
0.515676
0.519214
0.519469
0.519192
0.5979
0.584859
0.520901
0.519783
0.499202
0.503838
0.526205
0.514193
0.51981
0.504001
0.501642
0.493539
0.500796
0.507778
0.766288
0.530556
0.531194
0.541804
0.546666
0.517996
0.520414
0.522357
0.746529
0.505112
0.50994
0.509235
0.509865
0.510113
0.525971
0.521578
0.523301
0.513806
0.506356
0.532247
0.507874
0.528822
0.509016
0.503964
0.660955
0.752737
0.53707
0.54064
0.514203
0.518398
0.512299
0.506598
0.66923
0.502101
0.521116
0.511727
0.520619
0.501922
0.512004
0.503105
0.521499
0.510161
0.507084
0.509368
0.527712
0.528017
0.523282
0.504012
0.651281
0.524657
0.509388
0.508846
0.573933
0.527283
0.518821
0.50302
0.526888
0.524295
0.526873
0.528224
0.543123
0.497658
0.604922
0.526891
0.525382
0.610894
0.520729
0.52161
0.576509
0.529473
0.521822
0.522442
0.520773
0.510753
0.508234
0.50816
0.501898
0.534409
0.52122
0.492774
0.526196
0.534222
0.505927
0.518947
0.51034
0.528045
0.526001
0.532832
0.494869
0.523111
0.523595
0.528494
0.505852
0.525981
0.524259
0.502865
0.571086
0.491192
0.515327
0.519975
0.523133
0.518971
0.520899
0.51883
0.538769
0.514351
0.511325
0.499627
0.526853
0.526175
0.646525
0.519228
0.519573
0.517133
0.517007
0.533195
0.570687
0.506825
0.527774
0.525873
0.501692
0.520369
0.525636
0.500454
0.511199
0.547471
0.541218
0.535611
0.518254
0.522778
0.505364
0.724098
0.522118
0.514411
0.655908
0.723593
0.733104
0.519701
0.520627
0.522969
0.523734
0.524411
0.52441
0.525525
0.503656
0.50337
0.526634
0.530255
0.506725
0.530692
0.537557
0.531361
0.514163
0.514246
0.532573
0.526079
0.51279
0.515008
0.511112
0.505107
0.527076
0.503645
0.505279
0.503446
0.519682
0.508375
0.551456
0.532165
0.521622
0.543365
0.505953
0.512067
0.547909
0.507223
0.507962
0.512271
0.544519
0.548907
0.515016
0.512311
0.523798
0.539387
0.539342
0.52585
0.58221
0.50942
0.511678
0.616514
0.602658
0.515712
0.513023
0.530018
0.517209
0.518256
0.51338
0.652326
0.523948
0.520877
0.505956
0.510361
0.51293
0.513885
0.512825
0.510951
0.523418
0.506278
0.517415
0.515585
0.51068
0.525158
0.525349
0.509343
0.503016
0.574597
0.585692
0.522941
0.522775
0.525993
0.533848
0.509597
0.510009
0.506461
0.520195
0.513064
0.510788
0.506286
0.531411
0.529071
0.531396
0.560166
0.51634
0.507996
0.50649
0.529391
0.526682
0.516538
0.508931
0.511786
0.515809
0.515211
0.515775
0.511243
0.530776
0.508359
0.546298
0.519469
0.516552
0.526177
0.515224
0.509108
0.519595
0.691016
0.514735
0.515935
0.519844
0.518246
0.499638
0.51068
0.511638
0.527596
0.510655
0.504296
0.531057
0.517177
0.506799
0.517337
0.506511
0.503873
0.526361
0.528058
0.526861
0.506468
0.507927
0.512329
0.503715
0.509992
0.52299
0.672836
0.500954
0.526491
0.613099
0.515794
0.591997
0.501063
0.511253
0.51166
0.501947
0.506991
0.515259
0.508037
0.506407
0.511822
0.520335
0.526576
0.532518
0.503472
0.512216
0.600169
0.508373
0.491908
0.513017
0.507437
0.500473
0.517237
0.513096
0.651109
0.529575
0.519991
0.507912
0.503162
0.504165
0.661015
0.507937
0.50919
0.508896
0.508553
0.508065
0.515614
0.516208
0.523546
0.499247
0.511748
0.531864
0.502227
0.525352
0.511612
0.504385
0.514375
0.509514
0.521167
0.527067
0.533994
0.527986
0.524042
0.523701
0.527026
0.524635
0.526376
0.515122
0.500968
0.525336
0.510355
0.545092
0.536609
0.508107
0.509114
0.547933
0.505101
0.500549
0.508645
0.509
0.510799
0.507481
0.507793
0.509276
0.516463
0.495637
0.510355
0.521675
0.506119
0.50675
0.52181
0.506595
0.510742
0.523183
0.5125
0.512654
0.511741
0.530799
0.61676
0.524935
0.652609
0.50325
0.553859
0.530087
0.632968
0.582807
0.519847
0.546557
0.500249
0.497751
0.525206
0.527244
0.524261
0.528976
0.504521
0.508618
0.553696
0.518667
0.512674
0.506831
0.541443
0.519448
0.573174
0.501655
0.525917
0.515715
0.506767
0.524417
0.521169
0.640869
0.500017
0.507906
0.523672
0.499957
0.509047
0.512805
0.515903
0.494032
0.531585
0.515663
0.523767
0.504965
0.512892
0.552532
0.678062
0.517205
0.524925
0.523906
0.498998
0.515774
0.524948
0.496514
0.498896
0.513279
0.510292
0.519841
0.515497
0.51911
0.518538
0.503945
0.523802
0.527704
0.508739
0.50093
0.520578
0.548316
0.49422
0.5322
0.502122
0.536357
0.530619
0.52568
0.508142
0.504793
0.521049
0.518828
0.53565
0.523286
0.497288
0.500707
0.489728
0.538763
0.5332
0.679566
0.526773
0.501884
0.512192
0.511925
0.512853
0.520831
0.527686
0.529764
0.498314
0.511353
0.572335
0.524592
0.882027
0.522249
0.522395
0.514885
0.49717
0.5514
0.522601
0.535851
0.517975
0.544678
0.505553
0.525792
0.53132
0.524549
0.520223
0.512631
0.548523
0.501624
0.501779
0.499723
0.500152
0.502751
0.523136
0.500962
0.503045
0.504522
0.51063
0.509778
0.52888
0.50729
0.527144
0.497438
0.497716
0.523436
0.504697
0.500032
0.536575
0.513085
0.508127
0.517916
0.55557
0.506134
0.495155
0.53029
0.524677
0.497707
0.532372
0.551029
0.497957
0.50466
0.507666
0.51671
0.517783
0.523824
0.521517
0.513336
0.653531
0.543039
0.50845
0.51291
0.510134
0.505962
0.506714
0.589393
0.497455
0.508628
0.528164
0.495125
0.524178
0.524729
0.508329
0.527016
0.511171
0.515852
0.50681
0.508403
0.518458
0.532382
0.523673
0.554054
0.511462
0.528986
0.766762
0.738477
0.513096
0.512381
0.509925
0.54386
0.540745
0.511376
0.505742
0.517091
0.534542
0.520987
0.530267
0.530221
0.496824
0.498709
0.527206
0.514629
0.49903
0.515492
0.51723
0.508058
0.517617
0.50476
0.521064
0.533506
0.523035
0.502767
0.513078
0.54736
0.509233
0.520866
0.497153
0.504523
0.508514
0.506254
0.512255
0.550895
0.505474
0.677439
0.519302
0.521083
0.495052
0.527748
0.511789
0.505913
0.521051
0.533141
0.511796
0.525491
0.521731
0.560246
0.490681
0.527863
0.521969
0.507129
0.506018
0.503744
0.513732
0.50921
0.508002
0.496531
0.494457
0.503334
0.526841
0.609204
0.606534
0.507613
0.503949
0.502896
0.499494
0.506678
0.498148
0.520985
0.622326
0.513997
0.509138
0.74927
0.495889
0.522202
0.506049
0.540338
0.527816
0.513874
0.504708
0.513949
0.558778
0.535272
0.502254
0.508285
0.509221
0.514146
0.507097
0.522739
0.546226
0.503347
0.515964
0.588205
0.508516
0.510951
0.519092
0.506809
0.507897
0.503292
0.510459
0.533068
0.495453
0.571464
0.52452
0.501598
0.510487
0.527338
0.51
0.517313
0.496798
0.531314
0.525566
0.502788
0.502285
0.506555
0.496173
0.509184
0.504825
0.505077
0.527006
0.522615
0.517132
0.528422
0.534639
0.506188
0.520931
0.524759
0.509604
0.529947
0.528224
0.511802
0.510778
0.510434
0.517886
0.5053
0.510071
0.517265
0.50936
0.509984
0.523339
0.507728
0.520123
0.51405
0.541214
0.501045
0.56129
0.533435
0.513565
0.521399
0.511565
0.681041
0.510923
0.535588
0.514316
0.516603
0.50777
0.517754
0.526301
0.505138
0.518544
0.517036
0.525451
0.517604
0.508057
0.506359
0.506989
0.515442
0.542737
0.511408
0.520029
0.509531
0.503941
0.54212
0.518572
0.52272
0.521508
0.516985
0.519666
0.523902
0.524972
0.507532
0.518862
0.515293
0.512179
0.514406
0.514914
0.515107
0.526443
0.57058
0.50376
0.507235
0.504967
0.523045
0.537291
0.51173
0.527363
0.524715
0.517895
0.511814
0.515451
0.53232
0.527013
0.513918
0.513949
0.501748
0.514552
0.513212
0.527954
0.520114
0.515554
0.523941
0.636745
0.66071
0.508488
0.526391
0.508579
0.511941
0.514951
0.511106
0.515998
0.515725
0.526934
0.533549
0.512023
0.515168
0.506074
0.522157
0.507162
0.524434
0.508083
0.508341
0.511839
0.510846
0.526746
0.526083
0.506916
0.499312
0.513748
0.515787
0.519292
0.514136
0.511422
0.523445
0.519978
0.507622
0.534259
0.537757
0.511479
0.558917
0.552429
0.518201
0.510927
0.52144
0.512259
0.504505
0.507331
0.521448
0.511205
0.507191
0.508601
0.510735
0.512615
0.517262
0.512851
0.515388
0.512532
0.517009
0.53123
0.515592
0.505793
0.521084
0.51887
0.513112
0.524466
0.922969
0.513569
0.513262
0.522393
0.508555
0.516607
0.510491
0.530942
0.538417
0.527919
0.534562
0.506779
0.531543
0.525894
0.524799
0.52151
0.515219
0.511443
0.509705
0.551071
0.567742
0.515497
0.516275
0.501928
0.515343
0.579059
0.528423
0.523571
0.518998
0.524227
0.523441
0.551719
0.515182
0.507696
0.513899
0.524303
0.526718
0.51275
0.520061
0.513614
0.517765
0.509155
0.494556
0.531009
0.564616
0.534095
0.515078
0.514079
0.509807
0.619349
0.508539
0.512187
0.514307
0.513775
0.509349
0.515492
0.619944
0.583269
0.512116
0.52319
0.51218
0.504251
0.519016
0.517562
0.506871
0.510739
0.510579
0.512052
0.522119
0.516921
0.526937
0.534504
0.521219
0.517975
0.504067
0.510801
0.526841
0.507852
0.51878
0.534194
0.523855
0.526088
0.526624
0.509533
0.511862
0.507928
0.518886
0.523056
0.510518
0.516703
0.516445
0.507269
0.523874
0.516861
0.569317
0.523298
0.515432
0.506549
0.517486
0.50838
0.516075
0.519215
0.515507
0.509208
0.508711
0.522257
0.516752
0.514357
0.513899
0.507564
0.563269
0.505794
0.50945
0.506315
0.513687
0.531062
0.526703
0.622374
0.525633
0.500296
0.512478
0.663115
0.568602
0.5104
0.505764
0.52315
0.53039
0.527303
0.518486
0.517901
0.5815
0.516845
0.51476
0.59495
0.585073
0.564326
0.505425
0.518019
0.549514
0.505049
0.521451
0.508339
0.520224
0.513414
0.519854
0.519759
0.518817
0.507772
0.517717
0.526462
0.523305
0.526456
0.514966
0.5019
0.521621
0.510017
0.505381
0.502705
0.524217
0.523476
0.51821
0.518684
0.519036
0.530129
0.514525
0.503396
0.523399
0.521284
0.515654
0.507522
0.533623
0.538672
0.522158
0.506864
0.532947
0.522198
0.522654
0.514384
0.554598
0.506124
0.510374
0.510781
0.524478
0.547369
0.650981
0.510193
0.509423
0.5233
0.510737
0.725058
0.53316
0.518816
0.512363
0.519184
0.516066
0.522892
0.626835
0.517176
0.516697
0.554616
0.509226
0.512603
0.508285
0.507202
0.511689
0.512267
0.504541
0.515508
0.50167
0.518695
0.512362
0.499861
0.51174
0.512484
0.527791
0.51006
0.505904
0.498657
0.514321
0.52122
0.518889
0.515607
0.509965
0.529731
0.512509
0.529479
0.505646
0.525529
0.497019
0.502945
0.522271
0.505687
0.509156
0.511972
0.509205
0.565031
0.580393
0.50851
0.515651
0.520778
0.491469
0.514905
0.522031
0.515054
0.528179
0.548044
0.517719
0.517782
0.522576
0.503084
0.499741
0.520044
0.733653
0.506114
0.515501
0.503826
0.530094
0.525793
0.540233
0.524825
0.52411
0.510954
0.573688
0.551582
0.537683
0.510758
0.522442
0.527726
0.512863
0.510806
0.511419
0.552262
0.525638
0.543342
0.514617
0.506559
0.508128
0.52427
0.517988
0.512402
0.528168
0.515252
0.499093
0.508476
0.52036
0.553242
0.537641
0.516223
0.512208
0.531439
0.51431
0.504752
0.509069
0.532267
0.534693
0.510769
0.513529
0.512057
0.512508
0.504482
0.663146
0.506941
0.521446
0.510339
0.505781
0.506124
0.508099
0.513344
0.562821
0.514601
0.525455
0.496794
0.516395
0.502601
0.529452
0.496409
0.595104
0.536969
0.523114
0.509171
0.58764
0.522301
0.508239
0.533402
0.582635
0.514078
0.525489
0.50636
0.515574
0.506603
0.512743
1.00976
0.508842
0.510122
0.5243
0.516161
0.522086
0.524908
0.547177
0.618057
0.527553
0.503675
0.511594
0.509983
0.507691
0.527796
0.529936
0.510102
0.508312
0.65575
0.528005
0.510104
0.510138
0.533382
0.516623
0.508028
0.544643
0.506541
0.509519
0.525987
0.502138
0.502813
0.524907
0.516593
0.554911
0.599409
0.530896
0.535823
0.506915
0.5088
0.522105
0.523554
0.518236
0.532298
0.524609
0.503722
0.553945
0.515393
0.52048
0.510222
0.561269
0.528568
0.520924
0.504407
0.526863
0.509564
0.516994
0.507747
0.511962
0.53103
0.533013
0.502312
0.515826
0.521043
0.525976
0.534785
0.507712
0.510981
0.529441
0.517228
0.511021
0.513382
0.511403
0.513297
0.505336
0.51811
0.513305
0.506215
0.510433
0.508599
0.508973
0.513177
0.536659
0.528205
0.52692
0.515998
0.518092
0.521713
0.527855
0.517906
0.524087
0.520355
0.594232
0.532945
0.5074
0.507119
0.505419
0.51105
0.507841
0.717864
0.534764
0.504084
0.525153
0.494632
0.524377
0.493627
0.518608
0.508681
0.493738
0.523916
0.520653
0.518021
0.502395
0.506474
0.511277
0.528851
0.53578
0.523661
0.509995
0.522806
0.513193
0.505641
0.515281
0.538019
0.520863
0.504792
0.50204
0.525557
0.644176
0.512795
0.496949
0.515251
0.502355
0.516237
0.528167
0.506277
0.506613
0.507595
0.533861
0.521836
0.524982
0.728069
0.531988
0.524091
0.51462
0.537743
0.542726
0.527591
0.508454
0.680059
0.528524
0.522513
0.506203
0.508397
0.506603
0.501571
0.503588
0.506903
0.513135
0.50779
0.512907
0.510477
0.522638
0.51114
0.529627
0.510879
0.496383
0.518357
0.5336
0.535837
0.495173
0.513047
0.520015
0.545021
0.514357
0.511245
0.508842
0.516534
0.516456
0.528899
0.509471
0.497146
0.518821
0.513495
0.50291
0.534334
0.508968
0.532163
0.517654
0.515652
0.509461
0.538425
0.50466
