0.526362
0.523763
0.528966
0.518969
0.511304
0.511437
0.51077
0.506433
0.5093
0.500533
0.520979
0.523836
0.507229
0.504654
0.504999
0.505234
0.505955
0.508816
0.510731
0.507231
0.510271
0.515275
0.507996
0.513081
0.509129
0.497024
0.503043
0.509833
0.5095
0.518842
0.510181
0.510957
0.513669
0.514515
0.508902
0.504268
0.505435
0.509861
0.51033
0.504571
0.506521
0.509316
0.513753
0.51548
0.511081
0.512421
0.505336
0.758141
0.751592
0.722514
0.499408
0.523862
0.50705
0.507235
0.522846
0.522148
0.506773
0.507696
0.508597
0.507646
0.522498
0.509986
0.538963
0.516538
0.499743
0.501709
0.50084
0.506833
0.506912
0.527655
0.526902
0.50084
0.584046
0.530277
0.531087
0.527316
0.506859
0.541712
0.508714
0.509739
0.545431
0.519387
0.518034
0.523591
0.569087
0.622268
0.511597
0.508196
0.512336
0.501662
0.499509
0.508092
0.504833
0.506588
0.510127
0.507102
0.506999
0.506305
0.506075
0.568595
0.509793
0.572456
0.56663
0.556642
0.509756
0.531961
0.525414
0.524165
0.525084
0.525445
0.511926
0.50592
0.501533
0.516272
0.537005
0.531818
0.508803
0.506679
0.844309
0.776456
0.675325
0.801033
0.502477
0.507674
0.515773
0.50692
0.515122
0.52544
0.531704
0.513532
0.506932
0.507868
0.50561
0.520647
0.524287
0.526813
0.81525
0.545914
0.513478
0.50751
0.512932
0.515317
0.514354
0.654061
0.601954
0.545651
0.543203
0.523484
0.821267
0.753533
0.532374
0.507898
0.518924
0.581181
0.706431
0.508572
0.510034
0.510561
0.509633
0.905488
0.51281
0.50615
0.528687
0.527396
0.54428
0.54384
0.514537
0.507591
0.506699
0.505305
0.50454
0.492584
0.524692
0.541741
0.546335
0.503132
0.503822
0.507032
0.531434
0.530225
0.512561
0.5118
0.513771
0.526086
0.678257
0.602735
0.586231
0.559737
0.563041
0.553714
0.547276
0.520961
0.525177
0.507238
0.507188
0.519877
0.504737
0.512852
0.512711
0.500891
0.50626
0.510709
0.509698
0.523439
0.508569
0.509709
0.525872
0.525351
0.496237
0.502202
0.810284
0.684037
0.509469
0.509479
0.498886
0.511555
0.519095
0.51536
0.522138
0.518785
0.510578
0.535874
0.540882
0.535656
0.503808
0.527667
0.510757
0.509714
0.509243
0.508573
0.5094
0.527739
0.530563
0.510761
0.516668
0.509649
0.517287
0.517941
0.515456
0.517608
0.516147
0.519158
0.528728
0.529905
0.526398
0.526895
0.526463
0.509469
0.527375
0.528566
0.528778
0.541037
0.527533
0.508083
0.521387
0.518097
0.642872
0.531829
0.534837
0.583326
0.576986
0.526974
0.518138
0.515657
0.504692
0.506252
0.503817
0.504223
0.537321
0.502691
0.512238
0.506157
0.506267
0.503363
0.505317
0.514528
0.513066
0.533844
0.537427
0.521317
0.513341
0.506724
0.499659
0.517972
0.503756
0.503559
0.501713
0.506963
0.512301
0.515109
0.515737
0.510429
0.510004
0.510311
0.520203
0.518637
0.527491
0.527952
0.529774
0.547157
0.51796
0.519057
0.510285
0.503854
0.503528
0.507367
0.535362
0.533497
0.535905
0.507089
0.508411
0.509801
0.534561
0.523996
0.52442
0.52408
0.506523
0.499653
0.505566
0.539249
0.520286
0.519642
0.517209
0.516663
0.516599
0.524697
0.524754
0.525683
0.500775
0.506287
0.525815
0.524939
0.52285
0.52095
0.500275
0.501539
0.526067
0.516311
0.50898
0.712739
0.501708
0.510029
0.50883
0.50824
0.512551
0.506349
0.505015
0.510928
0.504085
0.505188
0.507266
0.51874
0.518172
0.507007
0.522892
0.525467
0.530696
0.529508
0.501706
0.497177
0.518168
0.516154
0.525393
0.517927
0.51865
0.51071
0.511273
0.505472
0.509789
0.501783
0.507275
0.514788
0.504108
0.523957
0.522768
0.513838
0.512111
0.52071
0.520294
0.523564
0.499676
0.505998
0.516374
0.525894
0.526882
0.506699
0.504962
0.526996
0.519489
0.506201
0.503091
0.51541
0.508861
0.509566
0.505939
0.510945
0.512343
0.520726
0.521977
0.523988
0.522959
0.570095
0.532676
0.540307
0.520302
0.511219
0.511034
0.528582
0.53811
0.516599
0.505066
0.505568
0.505101
0.511009
0.531051
0.532371
0.514832
0.507284
0.502866
0.499515
0.5017
0.505697
0.529308
0.528497
0.53567
0.539726
0.508669
0.507469
0.819848
0.727962
0.51059
0.537555
0.503817
0.5034
0.529275
0.527193
0.51639
0.528317
0.512982
0.511922
0.504899
0.507177
0.506271
0.766924
0.825696
0.71178
0.711376
0.519811
0.521528
0.52663
0.505058
0.500799
0.521804
0.536576
0.528145
0.505176
0.505801
0.53057
0.663658
0.506657
0.50247
0.501992
0.50327
0.513938
0.51723
0.724407
0.675791
0.5292
0.521987
0.527168
0.503704
0.515917
0.511593
0.511139
0.51348
0.733569
0.609349
0.641516
0.598889
0.509563
0.497488
0.496521
0.501027
0.527348
0.518479
0.542091
0.519477
0.515384
0.515436
0.50514
0.505802
0.687544
0.507227
0.522911
0.518704
0.540443
0.507901
0.508476
0.50267
0.530679
0.52079
0.506384
0.506733
0.505216
0.503854
0.502663
0.499443
0.505703
0.502089
0.504739
0.527719
0.528991
0.523784
0.511056
0.522184
0.519968
0.52021
0.515616
0.51634
0.506362
1.00095
0.856305
0.525293
0.533614
0.525446
0.79982
0.513226
0.510052
0.534405
0.528328
0.521371
0.504114
0.509847
0.508323
0.502609
0.512602
0.520187
0.503439
0.499243
0.502248
0.51715
0.519864
0.520148
0.53058
0.514281
0.50491
0.519298
0.540308
0.540585
0.53264
0.506489
0.512276
0.513477
0.512933
0.507709
0.501362
0.498784
0.517525
0.515128
0.670244
0.512267
0.522471
0.507757
0.507384
0.499934
0.688917
0.752561
0.516562
0.516069
0.50708
0.524318
0.527435
0.530479
0.523171
0.50363
0.509955
0.52777
0.523896
0.533707
0.522853
0.52016
0.509425
0.508868
0.523698
0.505234
0.544625
0.544939
0.621155
0.598268
0.505504
0.527873
0.504591
0.508605
0.508134
0.507873
0.506264
0.519267
0.503519
0.527272
0.502177
0.514473
0.506403
0.529889
0.5283
0.576337
0.507987
0.511836
0.522115
0.516467
0.518739
0.524032
0.521844
0.518754
0.537992
0.536774
0.542221
0.511591
0.510289
0.512724
0.511258
0.511499
0.511397
0.511472
0.516024
0.560263
0.524713
0.524758
0.500432
0.498787
0.780631
0.516672
0.518453
0.516747
0.529663
0.52619
0.674816
0.513698
0.504833
0.533261
0.545217
0.531614
0.528856
0.734026
0.507446
0.509345
0.506627
0.522581
0.513352
0.530456
0.528376
0.493977
0.514663
0.506958
0.573771
0.523462
0.50433
0.512719
0.52248
0.523556
0.506695
0.509775
0.643513
0.501879
0.521942
0.54445
0.503537
0.509546
0.540368
0.535648
0.510957
0.52889
0.523301
0.515515
0.514818
0.512246
0.509592
0.511132
0.510006
0.505757
0.520683
0.523845
0.503517
0.508234
0.548518
0.540842
0.505167
0.505866
0.50667
0.506202
0.523186
0.526715
0.523567
0.62113
0.510312
0.508333
0.519596
0.521503
0.522449
0.523506
0.547429
0.517137
0.516421
0.498369
0.499255
0.525683
0.505271
0.505218
0.510605
0.525668
0.507362
0.505851
0.504832
0.505322
0.512252
0.505224
0.507358
0.506413
0.502929
0.506687
0.525889
0.52487
0.514605
0.491724
0.498511
0.522975
0.521008
0.52059
0.523059
0.51539
0.519184
0.527187
0.526244
0.530583
0.527831
0.51192
0.512459
0.531527
0.529966
0.530569
0.635877
0.508036
0.505094
0.568254
0.562733
0.564366
0.520093
0.515313
0.510331
0.510662
0.537892
0.503255
0.507992
0.516883
0.51545
0.546923
0.507803
0.506479
0.503282
0.493832
0.503866
0.530044
0.509776
0.506345
0.510562
0.507852
0.508886
0.51796
0.518965
0.503806
0.510926
0.507892
0.507624
0.547854
0.524191
0.505234
0.515074
0.511469
0.518524
0.515933
0.583416
0.525051
0.51704
0.515489
0.528704
0.522749
0.519774
0.520368
0.524914
0.531098
0.50216
0.524568
0.50138
0.502983
0.770909
0.527432
0.512978
0.538394
0.524553
0.537489
0.523773
0.530839
0.529251
0.556615
0.556113
0.502614
0.506204
0.533655
0.64611
0.815626
0.563671
0.548997
0.517411
0.52291
0.521897
0.523091
0.50501
0.515567
0.498604
0.503727
0.516644
0.500939
0.520339
0.505566
0.523343
0.523764
0.512638
0.508306
0.539713
0.535431
0.539497
0.528348
0.506162
0.507098
0.529417
0.509315
0.578567
0.544187
0.547438
0.506232
0.543203
0.542685
0.505102
0.51585
0.543854
0.52009
0.51906
0.507254
0.503139
0.50522
0.486209
0.500757
0.51688
0.513273
0.506293
0.513759
0.715832
0.498336
0.506789
0.503094
0.525085
0.521776
0.52627
0.520997
0.655506
0.51159
0.502174
0.514121
0.527651
0.499987
0.503942
0.523857
0.503724
0.525424
0.526503
0.527986
0.503836
0.505695
0.501311
0.523948
0.512539
0.68087
0.524319
0.518855
0.533074
0.531657
0.514544
0.518678
0.519491
0.519966
0.519445
0.616145
0.605836
0.672502
0.565885
0.555262
0.503711
0.550122
0.497576
0.505596
0.526088
0.539681
0.542109
0.515381
0.512882
0.515459
0.507119
0.511334
0.508066
0.515968
0.502642
0.508083
0.512847
0.514779
0.521129
0.516899
0.516242
0.515585
0.513064
0.524991
0.535013
0.531096
0.528862
0.503432
0.521917
0.520482
0.516494
0.519306
0.508514
0.504103
0.523321
0.509705
0.54364
0.502608
0.507185
0.516274
0.53205
0.526499
0.501957
0.52078
0.523106
0.525258
0.524203
0.526429
0.51693
0.521043
0.520587
0.508796
0.565059
0.662376
0.520757
0.521806
0.52113
0.506081
0.507201
0.519686
0.514236
0.507486
0.511383
0.520891
0.527145
0.515686
0.523335
0.527866
0.52647
0.5311
0.512579
0.525131
0.534545
0.505828
0.508307
0.523437
0.50813
0.508116
0.525573
0.514665
0.522269
0.690802
0.707287
0.50679
0.508399
0.513746
0.510781
0.509106
0.508198
0.509679
0.512551
0.514507
0.519975
0.512824
0.513742
0.52662
0.5185
0.685779
0.816602
0.529593
0.521
0.54653
0.533799
0.644359
0.502296
0.503406
0.51402
0.504714
0.510885
0.511677
0.512274
0.516705
0.503061
0.501081
0.511616
0.498374
0.498866
0.508503
0.505449
0.512094
0.512333
0.506047
0.510204
0.511665
0.615598
0.743436
0.790743
0.534688
0.532821
0.543943
0.506383
0.599841
0.597385
0.58107
0.729692
0.511923
0.515632
0.522277
0.516229
0.498013
0.530369
0.517518
0.510471
0.509305
0.529312
0.727427
0.524855
0.522311
0.516179
0.508829
0.53633
0.564419
0.516326
0.515889
0.502311
0.518065
0.524725
0.525852
0.505047
0.53465
0.532474
0.539699
0.541948
0.509914
0.543204
0.544411
0.520986
0.507879
0.529619
0.528225
0.499597
0.526594
0.52453
0.526231
0.494561
0.516417
0.517329
0.524775
0.530364
0.526082
0.515175
0.843607
0.522723
0.520457
0.523352
0.530126
0.502561
0.523328
0.521093
0.525549
0.527103
0.527258
0.503576
0.522546
0.522347
0.545995
0.503077
0.498852
0.525104
0.531296
0.534219
0.520474
0.518939
0.509053
0.534842
0.514825
0.515476
0.521954
0.510973
0.507229
0.511143
0.52016
0.510576
0.509125
0.513969
0.510518
0.522187
0.541689
0.546764
0.543233
0.505632
0.512314
0.510383
0.527916
0.527533
0.500148
0.506368
0.500841
0.505321
0.508671
0.52468
0.522363
0.544367
0.519858
0.519216
0.528153
0.524573
0.504722
0.51414
0.52158
0.803019
0.524179
0.552781
0.690066
0.780835
0.570353
0.50236
0.514795
0.52572
0.522333
0.526381
0.505268
0.524712
0.524766
0.497935
0.502388
0.532687
0.525169
0.500775
0.516955
0.519678
0.531636
0.506349
0.510336
0.511836
0.533155
0.534049
0.512384
0.52277
0.519625
0.520323
0.51544
0.495582
0.532227
0.507101
0.501815
0.511466
0.50775
0.508005
0.85372
0.828235
0.544585
0.548444
0.508319
0.514067
0.545962
0.506823
0.520131
0.733648
0.509285
0.515422
0.514383
0.505697
0.494046
0.50007
0.528003
0.535052
0.560003
0.509759
0.567583
0.528203
0.516644
0.513113
0.507525
0.682028
0.523188
0.512155
0.542155
0.510601
0.511578
0.512299
0.522424
0.50716
0.522532
0.514848
0.512695
0.506462
0.574309
0.598616
0.519652
0.5208
0.54373
0.518123
0.517584
0.508435
0.526875
0.519492
0.512682
0.504377
0.520056
0.510303
0.513578
0.512187
0.528887
0.527037
0.505975
0.530264
0.511025
0.516056
0.514153
0.51007
0.508214
0.538972
0.528254
0.528825
0.504691
0.50987
0.540105
0.528598
0.517274
0.507963
0.517497
0.51582
0.508041
0.51865
0.518981
0.512975
0.519477
0.501556
0.506696
0.513846
0.50598
0.502866
0.533069
0.524253
0.503647
0.515364
0.526459
0.506306
0.530387
0.505253
0.507649
0.503208
0.512188
0.521279
0.522115
0.525503
0.512957
0.514356
0.526434
0.500891
0.526003
0.534107
0.52024
0.514585
0.535254
0.506261
0.497993
0.520105
0.513316
0.518556
0.529463
0.503136
0.508244
0.624725
0.509781
0.511051
0.517244
0.508291
0.523479
0.516787
0.508428
0.502177
0.502732
0.505608
0.507615
0.506478
0.50755
0.517815
0.528201
0.515925
0.495812
0.515459
0.512016
0.537729
0.510442
0.514212
0.506159
0.52364
0.520319
0.527705
0.536597
0.524411
0.522851
0.516456
0.719794
0.510977
0.533158
0.516124
0.534336
0.50692
0.504327
0.510082
0.513544
0.511177
0.506745
0.508077
0.515453
0.496856
0.502039
0.533359
0.513251
0.502799
0.763528
0.504217
0.505496
0.512715
0.504617
0.506489
0.498475
0.542909
0.553324
0.523151
0.508028
0.527472
0.668313
0.758743
0.507508
0.551701
0.530667
0.59768
0.518282
0.526963
0.522843
0.545177
0.50251
0.495647
0.52909
0.513541
0.527629
0.524997
0.53366
0.508682
0.497947
0.543974
0.518538
0.56743
0.516806
0.508796
0.499857
0.502637
0.508932
0.527943
0.518777
0.520245
0.503473
0.802667
0.500214
0.503765
0.528211
0.505234
0.50667
0.800023
0.516683
0.496736
0.50502
0.522975
0.508259
0.498982
0.518138
0.526904
0.559776
0.554823
0.512308
0.743676
0.500062
0.507754
0.513356
0.508541
0.502411
0.60863
0.506666
0.50756
0.519919
0.520192
0.508321
0.507038
0.508265
0.521639
0.512598
0.514581
0.518272
0.511965
0.522181
0.525083
0.520288
0.524496
0.508088
0.502937
0.551028
0.544336
0.602472
0.529618
0.519302
0.518861
0.526092
0.524142
0.500379
0.50177
0.571167
0.490702
0.511503
0.53
0.743835
0.525733
0.503682
0.513137
0.51521
0.513864
0.522617
0.507183
0.529891
0.530268
0.516568
0.50803
0.831838
0.785741
0.524721
0.503513
0.529334
0.524032
0.509847
0.519977
0.52907
0.516681
0.498035
0.514956
0.517839
0.499151
0.526021
0.525288
0.510881
0.527721
0.509253
0.517376
0.50265
0.518981
0.502797
0.521515
0.506227
0.529472
0.512048
0.505915
0.518677
0.507345
0.524713
0.529228
0.506694
0.515187
0.512801
0.568145
0.504752
0.498215
0.530816
0.526882
0.495953
0.541203
0.499934
0.507681
0.501705
0.500903
0.505629
0.491751
0.509035
0.508035
0.511024
0.498233
0.512189
0.611406
0.599566
0.524506
0.545003
0.4993
0.496603
0.524238
0.526596
0.508301
0.516155
0.504382
0.530911
0.53101
0.515809
0.523861
0.511281
0.568964
0.518493
0.513374
0.52573
0.50739
0.51726
0.522733
0.529987
0.548307
0.517091
0.512642
0.514615
0.499855
0.500398
0.52086
0.516278
0.660529
0.525007
0.528678
0.528011
0.519022
0.514911
0.537265
0.516284
0.578789
0.52086
0.500086
0.503621
0.547442
0.53925
0.541993
0.656675
0.500839
0.512122
0.537595
0.514414
0.509295
0.509925
0.511418
0.517539
0.507758
0.507443
0.518378
0.5247
0.512384
0.506781
0.518589
0.500505
0.50771
0.515091
0.523265
0.52758
0.533165
0.527227
0.546436
0.507384
0.528044
0.506001
0.505772
0.509609
0.509861
0.50855
0.510317
0.510841
0.52309
0.495657
0.493144
0.528772
0.507158
0.507017
0.497748
0.534247
0.504307
0.604727
0.511326
0.527916
0.51386
0.503759
0.518706
0.809861
0.502344
0.499607
0.573959
0.504311
0.511664
0.508731
0.500522
0.522136
0.497899
0.539811
0.514005
0.545539
0.53011
0.512064
0.531661
0.507225
0.508892
0.504838
0.497571
0.580854
0.498421
0.545671
0.503961
0.529039
0.516525
0.506314
0.505753
0.509135
0.506733
0.569174
0.509068
0.505895
0.735466
0.498159
0.523872
0.557793
0.522148
0.545939
0.508464
0.509498
0.500425
0.521812
0.526957
0.530953
0.504214
0.506839
0.517957
0.50607
0.508976
0.519471
0.510525
0.502055
0.50108
0.543872
0.505694
0.530257
0.503659
0.520623
0.523527
0.532371
0.526506
0.506205
0.519379
0.517298
0.500042
0.518311
0.511522
0.5098
0.534101
0.509201
0.527832
0.515866
0.507
0.510381
0.511701
0.515505
0.506347
0.523721
0.50971
0.515504
0.505915
0.615986
0.514247
0.526789
0.528905
0.521078
0.514162
0.507287
0.499074
0.533288
0.507302
0.509961
0.524117
0.510069
0.510815
0.528583
0.530926
0.508154
0.504537
0.506322
0.504139
0.510181
0.543506
0.522207
0.510556
0.509182
0.508407
0.546342
0.516606
0.524442
0.520111
0.524874
0.51436
0.507697
0.526081
0.519176
0.522907
0.50988
0.501078
0.522588
0.51277
0.512984
0.512972
0.511656
0.513409
0.534378
0.503217
0.513252
0.502241
0.504973
0.53444
0.515516
0.510629
0.506538
0.500772
0.529016
0.522084
0.528821
0.502541
0.511998
0.513427
0.510737
0.507741
0.516621
0.511865
0.530941
0.509901
0.507452
0.505708
0.522398
0.510879
0.510603
0.516185
0.513135
0.512058
0.522878
0.515041
0.516168
0.515536
0.51288
0.522822
0.506167
0.507753
0.507663
0.508024
0.505094
0.505329
0.504309
0.515532
0.515439
0.515251
0.523753
0.516653
0.504982
0.53761
0.557193
0.521575
0.506061
0.530985
0.504881
0.521466
0.521346
0.520602
0.51692
0.518383
0.51271
0.511577
0.510752
0.509817
0.515115
0.51922
0.499344
0.540506
0.538404
0.515251
0.507029
0.505044
0.521348
0.515727
0.506562
0.521513
0.527654
0.521348
0.51407
0.514555
0.51362
0.532124
0.526861
0.526845
0.527487
0.525248
0.521904
0.525452
0.521852
0.506239
0.502857
0.515947
0.513371
0.510427
0.687967
0.516318
0.50747
0.507941
0.521317
0.524916
0.559884
0.518291
0.625961
0.51392
0.519212
0.510944
0.527738
0.573587
0.525695
0.51957
0.532911
0.531791
0.537487
0.536449
0.522584
0.554674
0.532379
0.522229
0.531101
0.523723
0.54176
0.529877
0.517066
0.51381
0.514329
0.679031
0.510427
0.516808
0.510974
0.51408
0.512714
0.509018
0.511715
0.512657
0.518282
0.545513
0.599925
0.525031
0.519115
0.503089
0.504994
0.51065
0.521845
0.521859
0.541302
0.51851
0.530872
0.508584
0.510259
0.543255
0.5181
0.5115
0.512238
0.509825
0.505938
0.502667
0.506172
0.506784
0.525603
0.521299
0.514304
0.511018
0.510952
0.509699
0.513894
0.505446
0.525742
0.515448
0.513438
0.521068
0.513486
0.511656
0.514058
0.515388
0.520056
0.518423
0.514918
0.517841
0.519087
0.523017
0.51515
0.515311
0.516531
0.505106
0.506355
0.517828
0.51624
0.520129
0.567201
0.504404
0.508059
0.507502
0.537868
0.528035
0.530213
0.511837
0.515411
0.580521
0.536157
0.527168
0.52589
0.527223
0.518239
0.523098
0.520716
0.51942
0.50849
0.515856
0.519642
0.511658
0.509237
0.608368
0.57227
0.509794
0.5063
0.51122
0.51763
0.51391
0.65714
0.503822
0.517889
0.518732
0.53291
0.515136
0.518108
0.519453
0.516115
0.531675
0.526081
0.709527
0.522555
0.531492
0.50409
0.510875
0.508217
0.515166
0.506791
0.524897
0.517383
0.511189
0.509233
0.509837
0.511219
0.520297
0.529642
0.529839
0.507585
0.526352
0.546251
0.526846
0.517278
0.528437
0.523697
0.551679
0.550925
0.554009
0.509383
0.522817
0.513971
0.50847
0.519457
0.519664
0.559812
0.548749
0.509919
0.511358
0.527776
0.519907
0.511792
0.502983
0.520368
0.53066
0.525181
0.51252
0.513026
0.504067
0.51609
0.517103
0.52032
0.521306
0.502218
0.502406
0.643295
0.534389
0.524501
0.51431
0.512164
0.500229
0.554882
0.506564
0.509469
0.527341
0.52445
0.515867
0.509301
0.507364
0.519904
0.526685
0.51162
0.517473
0.511869
0.527546
0.514619
0.516791
0.511222
0.531075
0.588417
0.509971
0.529809
0.528038
0.519035
0.532021
0.515209
0.504986
0.509497
0.511747
0.519482
0.505156
0.508646
0.511534
0.505696
0.554584
0.566455
0.509131
0.519772
0.521538
0.515345
0.5014
0.521637
0.50623
0.51974
0.517545
0.522326
0.524938
0.532181
0.519138
0.516169
0.514665
0.881322
0.514828
0.501943
0.526965
0.519816
0.520087
0.514106
0.510021
0.517508
0.527873
0.546712
0.533207
0.515981
0.517526
0.546515
0.521173
0.54364
0.511753
0.52664
0.520585
0.523461
0.519885
0.520156
0.520361
0.519942
0.54816
0.515931
0.516337
0.506328
0.526982
0.513507
0.521308
0.508721
0.509234
0.630408
0.510302
0.512782
0.519554
0.585939
0.527862
0.510267
0.510991
0.542852
0.50857
0.528531
0.525505
0.511082
0.515016
0.523466
0.504833
0.52395
0.502388
0.515941
0.58736
0.506858
0.534164
0.640022
0.603053
0.516017
0.525347
0.53942
0.510236
0.517085
0.51302
0.526745
0.515303
0.651334
0.512315
0.526222
0.508425
0.809555
0.500852
0.503299
0.539502
0.509273
0.512365
0.715856
0.515841
0.508747
0.507814
0.506852
0.515106
0.536792
0.621424
0.495954
0.526689
0.51556
0.56189
0.51564
0.500679
0.537037
0.503601
0.51039
0.500113
0.5208
0.502252
0.509634
0.509306
0.505455
0.540555
0.849939
0.50611
0.520583
0.542458
0.503414
0.634413
0.505931
0.533153
0.503543
0.509917
0.522957
0.538618
0.506133
0.530771
0.5145
0.512409
0.518161
0.518652
0.510654
0.523181
0.527049
0.507711
0.516182
0.513257
0.637739
0.504215
0.530467
0.527044
0.52262
0.517725
0.506069
0.503236
0.741473
0.515709
0.515754
0.525113
0.621737
0.53763
0.516613
0.505826
0.539761
0.523707
0.515214
0.53952
0.507774
0.50896
0.848881
0.52965
0.51546
0.518035
0.514617
0.514138
0.519281
0.61745
0.524731
0.514255
0.508115
0.522367
0.526375
0.504644
0.517161
0.53697
0.504744
0.506605
0.509318
0.513299
0.651846
0.506778
0.508189
0.513746
0.59986
0.51123
0.506035
0.527035
0.515669
0.511706
0.513162
0.511515
0.533424
0.579019
0.531881
0.525034
0.507498
0.573494
0.511102
0.510725
0.529548
0.528681
0.522253
0.514985
0.547946
0.53442
0.519712
0.507069
0.510014
0.525694
0.509982
0.503853
0.522789
0.718412
0.514707
0.522266
0.508913
0.586792
0.650156
0.520462
0.529354
0.509709
0.525487
0.510817
0.518637
0.517894
0.513608
0.513995
0.503921
0.526632
0.505621
0.507113
0.513448
0.510765
0.517753
0.516705
0.529189
0.517013
0.503158
0.518857
0.500542
0.528968
0.527046
0.528772
0.506631
0.513137
0.506146
0.517238
0.504884
0.516796
0.504601
0.529368
0.516636
0.523944
0.510372
0.500496
0.524145
0.522243
0.507405
0.520536
0.508957
0.509137
0.507368
0.531617
0.502634
0.502335
0.530222
0.510242
0.525388
0.521339
0.508957
0.517693
0.511634
0.522947
0.694457
