0.519671
0.529502
0.523698
0.524229
0.530455
0.529045
0.517291
0.512105
0.510529
0.503767
0.515066
0.505478
0.503119
0.507506
0.503886
0.523554
0.518146
0.507888
0.511864
0.506422
0.505545
0.503909
0.509676
0.512468
0.510887
0.514393
0.510045
0.523788
0.50914
0.516549
0.601965
0.503695
0.506443
0.513611
0.505981
0.497988
0.527149
0.515906
0.523775
0.520363
0.506786
0.510538
0.511809
0.508097
0.507929
0.506918
0.527902
0.521422
0.53353
0.538422
0.533245
0.530618
0.518709
0.516938
0.522326
0.520641
0.501938
0.503309
0.505253
0.501032
0.50327
0.499656
0.585564
0.549685
0.604392
0.525124
0.525018
0.524923
0.516707
0.518278
0.500649
0.584933
0.50886
0.514737
0.505747
0.494925
0.503984
0.507645
0.505077
0.509121
0.503152
0.538387
0.525066
0.50837
0.511529
0.506266
0.504879
0.50376
0.534538
0.517446
0.527893
0.521615
0.521342
0.540634
0.530253
0.524741
0.518162
0.518855
0.516904
0.510343
0.782474
0.734832
0.770985
0.730171
0.50666
0.511132
0.507008
0.510071
0.513563
0.507419
0.506817
0.516338
0.519552
0.519601
0.521539
0.522105
0.665313
0.711954
0.76262
0.524791
0.526333
0.523849
0.508173
0.504818
0.514666
0.509883
0.519919
0.521087
0.521428
0.640838
0.536331
0.531968
0.630021
0.50307
0.629142
0.49801
0.508047
0.516876
0.51617
0.614581
0.591744
0.505354
0.506486
0.508054
0.50527
0.512917
0.499599
0.508532
0.499005
0.511721
0.510261
0.511248
0.545299
0.505532
0.505737
0.509362
0.50098
0.507319
0.506751
0.524622
0.528437
0.513809
0.507802
0.503426
0.525384
0.518359
0.523351
0.527787
0.525646
0.505433
0.497868
0.518842
0.521974
0.519812
0.521649
0.517317
0.513822
0.510869
0.592344
0.580652
0.571749
0.547056
0.565098
0.511502
0.514022
0.515339
0.518577
0.518613
0.523224
0.520411
0.505018
0.498974
0.506997
0.502844
0.541983
0.512331
0.506087
0.503754
0.519049
0.513043
0.499497
0.500178
0.494026
0.498633
0.615952
0.497045
0.505597
0.508768
0.503116
0.519855
0.50687
0.522529
0.503636
0.501734
0.493182
0.499699
0.513351
0.506423
0.512763
0.521486
0.522096
0.506405
0.503973
0.500874
0.509062
0.505075
0.505382
0.514187
0.515031
0.523611
0.524522
0.527511
0.528113
0.521461
0.52017
0.522466
0.520324
0.547977
0.505955
0.501436
0.523443
0.508744
0.501033
0.505097
0.504093
0.530679
0.510464
0.51122
0.505576
0.504738
0.520069
0.5243
0.521481
0.507709
0.507864
0.504409
0.505522
0.503845
0.508785
0.525666
0.529569
0.515864
0.511387
0.530163
0.532087
0.512078
0.519893
0.525922
0.525002
0.525813
0.524292
0.521252
0.522115
0.52262
0.517309
0.520835
0.523807
0.510546
0.506921
0.521807
0.513648
0.52204
0.526875
0.52407
0.53688
0.524576
0.525164
0.525443
0.584412
0.539141
0.526576
0.526125
0.528836
0.502215
0.503396
0.505145
0.503546
0.512751
0.530905
0.530089
0.535716
0.516029
0.512713
0.512636
0.512521
0.512284
0.515741
0.51864
0.517228
0.511848
0.512864
0.511288
0.521367
0.527979
0.516697
0.512006
0.518777
0.51325
0.518523
0.543332
0.519937
0.527518
0.525369
0.52668
0.517471
0.529252
0.530719
0.508705
0.511163
0.528581
0.502286
0.505385
0.502697
0.528585
0.515388
0.508088
0.533762
0.526605
0.522135
0.502277
0.501695
0.497454
0.524954
0.506496
0.509924
0.498856
0.500851
0.516413
0.520855
0.515221
0.511578
0.514282
0.509261
0.541075
0.540405
0.50689
0.508228
0.512267
0.520869
0.526444
0.523492
0.517716
0.517281
0.512026
0.514391
0.514979
0.503693
0.510997
0.507008
0.511444
0.509141
0.506656
0.510781
0.505063
0.523056
0.511562
0.522632
0.528246
0.522282
0.51313
0.511407
0.514215
0.522027
0.526459
0.511816
0.502032
0.501958
0.508365
0.528375
0.496809
0.505965
0.506517
0.520396
0.539784
0.537429
0.540258
0.499954
0.509912
0.525117
0.507174
0.506708
0.525751
0.516909
0.516005
0.519769
0.520222
0.520625
0.519594
0.503498
0.50473
0.525851
0.527285
0.512824
0.50814
0.513771
0.849133
0.824966
0.519807
0.515291
0.500391
0.501764
0.521532
0.530034
0.524282
0.524437
0.527607
0.539725
0.546374
0.536016
0.527202
0.511655
0.604617
0.601463
0.522902
0.537201
0.531818
0.504531
0.523135
0.510725
0.514484
0.513662
0.503981
0.503223
0.513601
0.525961
0.506144
0.512736
0.512165
0.533839
0.50479
0.515881
0.509231
0.503149
0.505657
0.794446
0.647388
0.509892
0.501209
0.503027
0.503033
0.505572
0.532697
0.511392
0.528325
0.579965
0.567077
0.537146
0.527417
0.53643
0.529473
0.498229
0.507388
0.512752
0.512494
0.570891
0.55384
0.517256
0.518015
0.525455
0.526485
0.524645
0.508748
0.506496
0.509404
0.518465
0.507094
0.508124
0.505333
0.501925
0.52128
0.513766
0.513926
0.510298
0.504579
0.501966
0.515647
0.50467
0.631245
0.616495
0.504735
0.510991
0.521613
0.533225
0.532116
0.513344
0.518112
0.522951
0.523355
0.52773
0.500557
0.502756
0.504578
0.502283
0.501078
0.521694
0.496223
0.500554
0.496765
0.527242
0.523309
0.52152
0.513456
0.516532
0.514812
0.52356
0.521511
0.532935
0.52002
0.517361
0.649786
0.51042
0.514183
0.511536
0.517079
0.657378
0.723871
0.515016
0.509949
0.522405
0.50571
0.51601
0.517981
0.520838
0.528114
0.511815
0.509187
0.538743
0.537161
0.506231
0.513437
0.511077
0.50743
0.537877
0.510594
0.516456
0.543669
0.54106
0.629383
0.5957
0.616131
0.548185
0.533097
0.520144
0.50458
0.501097
0.503502
0.514215
0.513263
0.512641
0.505712
0.506566
0.511207
0.497225
0.523374
0.523682
0.523674
0.543495
0.535685
0.509914
0.509219
0.51752
0.508566
0.541354
0.516768
0.532596
0.506881
0.5233
0.511808
0.513523
0.5154
0.504629
0.57516
0.577321
0.56553
0.495115
0.512217
0.509241
0.511296
0.527605
0.498829
0.524989
0.608013
0.586097
0.514278
0.518116
0.520485
0.49852
0.507789
0.513955
0.515204
0.506025
0.509901
0.516255
0.919955
0.511296
0.67146
0.665503
0.597733
0.512419
0.527915
0.603986
0.514877
0.518719
0.514924
0.512841
0.518031
0.516173
0.51705
0.517838
0.520169
0.518878
0.507635
0.503129
0.507436
0.530084
0.500375
0.49984
0.516336
0.515862
0.520103
0.57455
0.518416
0.517528
0.521775
0.51573
0.584165
0.591472
0.494426
0.494793
0.506084
0.524765
0.533732
0.519072
0.676323
0.766307
0.540501
0.533793
0.539633
0.536171
0.501804
0.501256
0.562935
0.510025
0.514571
0.511331
0.507052
0.505606
0.518279
0.521428
0.504267
0.507076
0.507794
0.542176
0.548782
0.509192
0.50193
0.510236
0.51916
0.512621
0.757661
0.515378
0.515023
0.518866
0.521176
0.51512
0.538675
0.515676
0.519326
0.52617
0.502586
0.507307
0.505618
0.500684
0.50884
0.507717
0.513028
0.520448
0.501367
0.508956
0.499927
0.49836
0.494755
0.49647
0.526342
0.522804
0.528422
0.524095
0.517963
0.525504
0.678935
0.706873
0.503164
0.501536
0.653691
0.519559
0.520371
0.498882
0.506421
0.528395
0.52273
0.525325
0.504954
0.509258
0.525794
0.527526
0.504039
0.623675
0.504211
0.502982
0.503954
0.497399
0.531257
0.503928
0.522579
0.520004
0.527232
0.527686
0.5081
0.508665
0.505622
0.505938
0.510763
0.510477
0.508772
0.509162
0.523921
0.510719
0.506097
0.529626
0.512244
0.509874
0.509014
0.506252
0.527335
0.505824
0.756001
0.533212
0.507883
0.508915
0.507163
0.511133
0.517005
0.511426
0.516973
0.518133
0.507714
0.519713
0.518106
0.514738
0.519231
0.503648
0.528756
0.512041
0.5125
0.509869
0.506411
0.502637
0.547302
0.54684
0.503264
0.501528
0.510967
0.506931
0.507831
0.516103
0.518488
0.536898
0.53275
0.528542
0.527935
0.522366
0.521394
0.517381
0.516147
0.520446
0.522827
0.524489
0.518413
0.525219
0.552491
0.557229
0.510462
0.617251
0.508993
0.519724
0.520994
0.51985
0.522164
0.526454
0.529753
0.49532
0.518076
0.528595
0.535172
0.539836
0.517979
0.515026
0.527856
0.50403
0.509272
0.50351
0.510646
0.507195
0.508076
0.505914
0.501572
0.503585
0.51418
0.508539
0.498118
0.594838
0.507492
0.503671
0.542238
0.50277
0.514329
0.50889
0.503305
0.522059
0.511451
0.514948
0.494508
0.50737
0.514949
0.502687
0.51797
0.516712
0.541066
0.53051
0.501154
0.503135
0.497542
0.497399
0.530002
0.527328
0.505651
0.51884
0.625594
0.505921
0.734794
0.53401
0.534225
0.743988
0.530249
0.526732
0.502943
0.51554
0.51986
0.520492
0.51819
0.520789
0.523394
0.665955
0.493863
0.535379
0.529798
0.54447
0.539553
0.527271
0.512458
0.507189
0.511858
0.508446
0.519095
0.523229
0.526775
0.533402
0.530012
0.654158
0.527123
0.523482
0.524065
0.507394
0.523149
0.518566
0.512325
0.502713
0.506463
0.521035
0.512331
0.509693
0.501697
0.648527
0.525158
0.540723
0.498246
0.509113
0.507449
0.519657
0.523593
0.524049
0.499041
0.592581
0.515902
0.518067
0.508708
0.589727
0.612631
0.558694
0.516696
0.503912
0.508486
0.522572
0.5262
0.52499
0.508223
0.505323
0.533295
0.524698
0.516474
0.521081
0.513531
0.51126
0.503838
0.529529
0.531017
0.539727
0.512618
0.504694
0.504948
0.682479
0.506934
0.518883
0.514664
0.516726
0.515065
0.515867
0.504541
0.747654
0.561038
0.592616
0.520625
0.50879
0.53576
0.50626
0.504278
0.500198
0.485896
0.608095
0.577209
0.521387
0.525424
0.529445
0.513616
0.504174
0.504257
0.519496
0.513323
0.518664
0.511648
0.612207
0.512318
0.60247
0.509592
0.504654
0.502655
0.511699
0.537029
0.519861
0.523602
0.691549
0.626684
0.656399
0.545433
0.49637
0.496215
0.495914
0.530516
0.527359
0.513399
0.518334
0.528173
0.50947
0.519783
0.509816
0.512249
0.526918
0.505458
0.506719
0.507114
0.5153
0.499214
0.508016
0.511451
0.512216
0.514762
0.501529
0.521169
0.534469
0.506435
0.518653
0.516791
0.516
0.579673
0.502635
0.502808
0.857306
0.509334
0.508204
0.513707
0.531645
0.51262
0.514456
0.500924
0.621387
0.550601
0.507867
0.526111
0.514725
0.511278
0.510198
0.515908
0.525192
0.527417
0.528444
0.515225
0.527886
0.530496
0.507028
0.507406
0.514405
0.509227
0.522267
0.56123
0.507065
0.508422
0.525592
0.531734
0.526007
0.513935
0.514874
0.519855
0.50534
0.533247
0.547463
0.517887
0.522753
0.499496
0.500642
0.521959
0.524688
0.525386
0.604604
0.493955
0.509534
0.500077
0.50445
0.520018
0.496079
0.498418
0.522832
0.536207
0.537538
0.525126
0.530713
0.503109
0.503153
0.525114
0.531213
0.529146
0.507644
0.695327
0.509373
0.519138
0.511277
0.515245
0.499715
0.543531
0.523662
0.515717
0.529364
0.511233
0.52679
0.522775
0.516256
0.519431
0.525291
0.504457
0.507036
0.524359
0.521783
0.530889
0.538013
0.576083
0.512749
0.527723
0.52624
0.502917
0.500299
0.510623
0.523503
0.525214
0.528459
0.527593
0.503242
0.532948
0.556162
0.505656
0.517396
0.516274
0.517794
0.525068
0.502983
0.519404
0.89116
0.539808
0.51212
0.522814
0.516515
0.515798
0.580414
0.526025
0.529035
0.527121
0.503777
0.494475
0.507848
0.530125
0.524532
0.503013
0.527621
0.52538
0.528944
0.505962
0.5172
0.517897
0.524281
0.526572
0.617692
0.683422
0.509654
0.505596
0.691508
0.527775
0.528959
0.522914
0.515459
0.516974
0.52258
0.519827
0.506945
0.503503
0.496494
0.501043
0.504999
0.506943
0.544146
0.542827
0.520642
0.657535
0.670328
0.50955
0.525397
0.521106
0.519513
0.51742
0.531865
0.510644
0.504084
0.508661
0.521183
0.544898
0.501165
0.520273
0.52429
0.517941
0.516175
0.523773
0.540922
0.522907
0.505735
0.506844
0.51642
0.509574
0.509362
0.511393
0.499128
0.528994
0.529307
0.495554
0.500077
0.527573
0.51185
0.754793
0.692547
0.51206
0.514484
0.515749
0.518995
0.516
0.543929
0.518432
0.504394
0.502636
0.549143
0.496576
0.507023
0.506252
0.529928
0.547725
0.522079
0.70665
0.573247
0.697382
0.763297
0.503549
0.522746
0.541386
0.505723
0.509367
0.51537
0.507797
0.511424
0.671947
0.508258
0.524089
0.512882
0.506037
0.502039
0.503599
0.521584
0.521193
0.506042
0.517359
0.511654
0.508627
0.509821
0.509877
0.510817
0.526123
0.50563
0.521665
0.517702
0.505003
0.533716
0.507149
0.507775
0.507625
0.50966
0.524198
0.502217
0.547024
0.508346
0.508588
0.505581
0.544026
0.540691
0.506888
0.502006
0.526357
0.523901
0.526397
0.665903
0.687718
0.514185
0.516296
0.528048
0.504898
0.506785
0.530437
0.561875
0.515185
0.508573
0.524389
0.526814
0.516358
0.501829
0.532417
0.508084
0.501921
0.524052
0.529658
0.523896
0.507251
0.516929
0.527495
0.527646
0.501172
0.510717
0.508319
0.508659
0.526573
0.502259
0.499239
0.528542
0.51012
0.495982
0.496379
0.520646
0.509735
0.518268
0.518043
0.517213
0.564037
0.518357
0.512933
0.529265
0.49895
0.500951
0.507908
0.513929
0.50648
0.504559
0.529007
0.501718
0.520218
0.52499
0.524852
0.516286
0.516664
0.51343
0.506883
0.509545
0.529159
0.521739
0.53511
0.521772
0.502805
0.619485
0.512822
0.506574
0.526416
0.579764
0.620269
0.510177
0.517364
0.518553
0.493926
0.518331
0.527766
0.508707
0.513077
0.499465
0.525812
0.541561
0.544778
0.507106
0.520402
0.525337
0.510392
0.522478
0.500021
0.688855
0.5118
0.516059
0.516469
0.520331
0.602526
0.573565
0.505983
0.513634
0.512042
0.524613
0.535916
0.611759
0.508144
0.505225
0.521683
0.520256
0.551619
0.542755
0.527668
0.506364
0.505285
0.496741
0.553611
0.505979
0.502938
0.528643
0.503213
0.498538
0.49895
0.507894
0.509249
0.526961
0.515956
0.572609
0.493171
0.509484
0.503846
0.526167
0.497794
0.525719
0.496976
0.509564
0.536963
0.508674
0.54664
0.544849
0.504595
0.589688
0.527366
0.516044
0.518521
0.527363
0.522921
0.503186
0.503366
0.549762
0.518494
0.501165
0.507469
0.526272
0.496087
0.519087
0.524608
0.526831
0.525714
0.704682
0.735113
0.56928
0.52941
0.525289
0.512213
0.501413
0.522061
0.509865
0.504923
0.522102
0.51128
0.516445
0.555357
0.517012
0.514757
0.517166
0.511956
0.519043
0.518572
0.538191
0.502583
0.519031
0.502781
0.501682
0.658393
0.618507
0.513714
0.526694
0.511661
0.521042
0.526606
0.516772
0.52262
0.51983
0.520386
0.512876
0.519077
0.516558
0.508568
0.53138
0.52175
0.525592
0.526477
0.507572
0.515146
0.506276
0.501763
0.502971
0.570876
0.527229
0.52591
0.506167
0.497041
0.52822
0.528071
0.520073
0.502074
0.509239
0.502115
0.505557
0.525519
0.508846
0.523352
0.52422
0.523201
0.516046
0.544981
0.545149
0.518355
0.527995
0.551214
0.544345
0.508666
0.519869
0.502597
0.49976
0.53009
0.505295
0.502731
0.506648
0.522913
0.507982
0.525474
0.548981
0.716667
0.508477
0.504005
0.50973
0.531577
0.524188
0.521444
0.513296
0.504058
0.515493
0.522316
0.518536
0.53297
0.507639
0.513134
0.529731
0.518114
0.565559
0.518993
0.525234
0.535306
0.547521
0.524607
0.502819
0.534203
0.540743
0.501525
0.512937
0.521303
0.5137
0.782686
0.513054
0.501526
0.502969
0.528725
0.505912
0.501359
0.530582
0.522852
0.504682
0.513338
0.759065
0.503243
0.522789
0.513414
0.504915
0.513736
0.524308
0.507462
0.526398
0.524627
0.520017
0.494798
0.518794
0.527134
0.509711
0.516907
0.508463
0.51058
0.513609
0.500963
0.507718
0.5286
0.527825
0.506674
0.509633
0.507235
0.496788
0.513759
0.512466
0.757622
0.525982
0.804831
0.504915
0.531086
0.52686
0.529363
0.505312
0.529606
0.509846
0.54263
0.504004
0.540376
0.507056
0.520318
0.565934
0.539423
0.526645
0.501176
0.508961
0.507245
0.526669
0.519505
0.498276
0.512562
0.527866
0.506741
0.512671
0.52734
0.497619
0.508906
0.523249
0.508608
0.519981
0.526083
0.525306
0.491127
0.526852
0.507669
0.517447
0.519715
0.506727
0.503444
0.509233
0.519409
0.506352
0.564464
0.555288
0.650869
0.521851
0.492221
0.51129
0.507359
0.503896
0.543847
0.526071
0.521371
0.510864
0.527836
0.523694
0.504316
0.527489
0.508251
0.529121
0.517512
0.513347
0.523247
0.506221
0.537253
0.528937
0.714831
0.503807
0.521044
0.529814
0.530621
0.523793
0.502268
0.525487
0.51879
0.506107
0.519899
0.527851
0.509228
0.512875
0.527064
0.507479
0.524449
0.523251
0.577881
0.523071
0.52502
0.50622
0.508967
0.684777
0.510301
0.530159
0.513384
0.512256
0.508392
0.519316
0.514141
0.514034
0.524713
0.538251
0.541524
0.5058
0.518031
0.523288
0.516621
0.534395
0.529649
0.528782
0.503037
0.518675
0.513176
0.514528
0.524028
0.527834
0.513372
0.506692
0.508745
0.521175
0.520924
0.534976
0.526322
0.511995
0.507902
0.50669
0.518562
0.519259
0.522951
0.512595
0.584891
0.531169
0.521671
0.536853
0.712769
0.503623
0.532963
0.615088
0.508192
0.523538
0.521074
0.521427
0.525521
0.502119
0.524862
0.513289
0.563377
0.525705
0.523477
0.508608
0.509135
0.508577
0.534884
0.524237
0.522062
0.567798
0.56875
0.518396
0.504082
0.520949
0.519523
0.520317
0.510013
0.526586
0.538792
0.513684
0.506646
0.516648
0.501658
0.504598
0.505274
0.4929
0.496049
0.498187
0.506282
0.503326
0.503424
0.540423
0.522626
0.51829
0.51882
0.52137
0.665926
0.519546
0.507361
0.519785
0.505948
0.513505
0.516655
0.517649
0.517527
0.520733
0.524229
0.522092
0.551503
0.525183
0.521129
0.514668
0.497488
0.497237
0.505949
0.681606
0.52062
0.503124
0.517805
0.514502
0.534067
0.529585
0.533354
0.516062
0.512393
0.507771
0.522725
0.530535
0.521513
0.532663
0.530214
0.540422
0.506022
0.569347
0.512267
0.522868
0.517176
0.507104
0.521222
0.511444
0.511152
0.52261
0.515199
0.508017
0.524029
0.528623
0.52376
0.7056
0.702607
0.510769
0.510195
0.512967
0.526605
0.511229
0.544194
0.546687
0.521749
0.517984
0.581866
0.532192
0.535425
0.531604
0.528137
0.511543
0.539168
0.521633
0.524743
0.518339
0.524313
0.523584
0.514928
0.506712
0.532933
0.536906
0.511665
0.525492
0.510077
0.509639
0.510708
0.638996
0.610088
0.586192
0.523921
0.583545
0.514616
0.513154
0.505153
0.546369
0.510991
0.521098
0.513183
0.532919
0.516573
0.513663
0.507663
0.539536
0.506785
0.517676
0.504832
0.524434
0.532452
0.534015
0.516382
0.50432
0.504272
0.515209
0.520589
0.503396
0.503188
0.505364
0.49998
0.506085
0.513
0.511472
0.519892
0.507067
0.506499
0.509744
0.505084
0.533203
0.824802
0.515687
0.514693
0.519098
0.535341
0.505919
0.51154
0.512255
0.518815
0.497847
0.498723
0.498311
0.510066
0.512842
0.50961
0.506352
0.511027
0.526135
0.50577
0.526411
0.551256
0.544564
0.521753
0.503052
0.506855
0.497778
0.523825
0.88217
0.513343
0.51404
0.516162
0.563041
0.53983
0.508053
0.50977
0.505017
0.510931
0.51792
0.523113
0.519667
0.503858
0.547025
0.505823
0.516141
0.522719
0.513055
0.507336
0.519435
0.522984
0.527949
0.523035
0.527445
0.535936
0.53724
0.512768
0.504619
0.511703
0.513929
0.516306
0.5092
0.521389
0.511992
0.52583
0.510635
0.504146
0.506673
0.503066
0.515554
0.522526
0.529941
0.522202
0.506761
0.528322
0.537065
0.504108
0.512442
0.506052
0.545718
0.552471
0.505306
0.520604
0.521788
0.553141
0.538348
0.509383
0.510318
0.50374
0.506561
0.514959
0.504061
0.518454
0.502224
0.511226
0.54809
0.510331
0.508947
0.532788
0.7927
0.515144
0.534689
0.515195
0.526298
0.654434
0.514216
0.518352
0.514673
0.538389
0.516692
0.516142
0.511257
0.515681
0.506981
0.507789
0.508663
0.531095
0.585792
0.518234
0.522347
0.52518
0.512135
0.554268
0.518895
0.514525
0.517647
0.497788
0.500627
0.500605
0.506508
0.514233
0.516569
0.51674
0.510705
0.506975
0.507073
0.51192
0.525982
0.509145
0.517592
0.63476
0.567059
0.650258
0.540789
0.514944
0.522051
0.498681
0.588246
0.503519
0.501931
0.644728
0.578556
0.51498
0.50738
0.510975
0.510994
0.544954
0.538294
0.515027
0.503447
0.513276
0.524483
0.525827
0.521411
0.521202
0.645083
0.514528
0.523474
0.510711
0.51794
0.512641
0.514118
0.529857
0.54865
0.554781
0.521008
0.516716
0.520566
0.514638
0.514146
0.513935
0.531468
0.784085
0.513034
0.54686
0.527693
0.504738
0.508063
0.512505
0.509886
0.521788
0.546151
0.503353
0.508697
0.528925
0.516063
0.515814
0.519884
0.52438
0.508699
0.523117
0.522991
0.506716
0.505612
0.527559
0.568813
0.519768
0.529269
0.530666
0.525764
0.504313
0.499793
0.512743
0.508586
0.506675
0.51005
0.514746
0.515584
0.509108
0.519387
0.653644
0.504257
0.519404
0.503074
0.52463
0.516926
0.504982
0.507526
0.646408
0.521476
0.515569
0.515931
0.516769
0.549113
0.562735
0.524785
0.507134
0.521249
0.504355
0.612797
0.533595
0.528434
0.526329
0.507397
0.523367
0.521513
0.531124
0.506774
0.503803
0.554511
0.532434
0.523889
0.512195
0.635992
0.505819
0.504482
0.528308
0.524537
0.511777
0.513737
0.50022
0.508604
0.506146
0.527929
0.517406
0.521905
0.73594
0.503221
0.509807
0.524486
0.521506
0.591964
0.508782
0.658608
0.499769
0.508584
0.521508
0.529133
0.515169
0.517891
0.513871
0.507993
0.511918
0.515042
0.507746
0.763983
0.521354
0.567049
0.522011
0.536792
0.499389
0.504677
0.5163
0.508802
0.525844
0.530552
0.509584
0.517584
0.530813
0.525533
0.522072
0.526792
0.522768
0.519636
0.567999
0.620234
0.497436
0.499597
0.530146
0.520944
0.529696
0.525155
0.521863
0.500327
0.54705
0.646216
0.525368
0.503859
0.498573
0.527597
0.521111
0.500272
0.527766
0.526792
0.518915
0.531123
0.544909
0.516887
0.523047
0.588621
0.522438
0.526472
0.530637
0.508139
0.509652
0.503606
0.529772
0.501725
0.523575
0.510236
0.522963
0.525861
0.501597
0.512236
0.522421
0.527463
0.523469
0.522989
0.528361
0.508131
0.500951
0.504469
0.505205
0.519603
0.520491
0.518453
0.52144
0.528294
0.501303
0.51632
0.557178
0.522128
0.513017
0.502142
0.526203
0.51654
0.525363
0.513266
0.551067
0.505254
0.513329
0.519114
0.525522
0.513936
0.519832
0.52618
0.508305
0.515254
0.800671
0.506208
0.511609
0.569016
0.513631
0.511178
0.531658
0.50583
0.500026
0.513883
0.521218
0.535573
0.501815
0.5213
0.508734
0.517031
0.513489
0.525701
0.532335
0.502175
0.500561
0.505539
0.527627
0.544635
0.524054
0.512331
0.519571
0.528244
0.51331
0.526605
0.515169
0.529925
0.511108
0.517306
0.5146
0.510574
0.5115
0.514277
0.505263
0.530144
0.523262
0.67862
0.506481
0.521051
0.51397
0.54324
0.527171
0.525005
0.522738
0.528178
0.525608
0.517726
0.517703
0.506114
0.513667
0.496132
0.504685
0.501573
0.519862
0.509632
0.519495
0.52648
0.501009
0.519799
0.525322
0.526633
0.523483
