0.519346
0.519897
0.523213
0.523715
0.534405
0.533661
0.536663
0.529414
0.509125
0.508003
0.497959
0.502364
0.507434
0.511587
0.514038
0.515845
0.517293
0.518404
0.508507
0.508593
0.50991
0.494381
0.496192
0.496237
0.489537
0.533868
0.506982
0.508014
0.505177
0.510421
0.509535
0.504344
0.514338
0.51632
0.532611
0.506892
0.502671
0.514717
0.524846
0.495381
0.500723
0.51547
0.518257
0.527922
0.531523
0.532112
0.559893
0.583789
0.502526
0.503331
0.518645
0.512786
0.520863
0.530542
0.531666
0.502971
0.533681
0.533219
0.505493
0.577055
0.604601
0.618962
0.520834
0.521391
0.50816
0.511392
0.527094
0.511633
0.505972
0.501734
0.509428
0.508807
0.526833
0.531009
0.499561
0.503953
0.501146
0.528612
0.527339
0.516861
0.518288
0.512861
0.511399
0.53126
0.532769
1.00204
0.495377
0.500588
0.528619
0.524168
0.515692
0.520921
0.520748
0.718488
0.731845
0.733373
0.50803
0.508288
0.533094
0.515718
0.518096
0.521669
0.518212
0.521783
0.541642
0.519472
0.805536
0.530116
0.531488
0.528388
0.529988
0.509364
0.510879
0.500734
0.508457
0.512862
0.50598
0.704125
0.690088
0.615449
0.543991
0.542942
0.527768
0.748067
0.651838
0.731896
0.528946
0.527795
0.501169
0.494602
0.517829
0.51816
0.638017
0.612343
0.533385
0.510127
0.515128
0.494289
0.548153
0.546406
0.542929
0.511168
0.507884
0.542257
0.535793
0.541505
0.503613
0.503506
0.506909
0.504051
0.513813
0.509904
0.522131
0.524296
0.528047
0.527238
0.50963
0.527817
0.529843
0.522379
0.522268
0.529501
0.531939
0.49909
0.513626
0.516239
0.568846
0.563835
0.513653
0.5155
0.52561
0.512804
0.512501
0.506183
0.508131
0.498954
0.50001
0.540798
0.693915
0.522501
0.52553
0.516896
0.515817
0.497717
0.503359
0.568797
0.498042
0.511027
0.505418
0.523841
0.504597
0.501557
0.515418
0.511023
0.521091
0.520246
0.503309
0.502431
0.504376
0.500221
0.507768
0.506245
0.503895
0.505702
0.502295
0.507009
0.524025
0.523604
0.52484
0.519539
0.518228
0.516401
0.519178
0.533187
0.52998
0.514538
0.501548
0.519597
0.510754
0.497627
0.505785
0.528345
0.506016
0.519367
0.633424
0.609304
0.599118
0.529344
0.529494
0.503117
0.511451
0.509234
0.502361
0.507592
0.534431
0.51949
0.528013
0.524651
0.531997
0.530336
0.520107
0.522954
0.525477
0.516575
0.517918
0.527643
0.525409
0.526947
0.528876
0.53972
0.522272
0.530259
0.505298
0.505166
0.521527
0.528595
0.52057
0.528469
0.544356
0.538835
0.511117
0.509929
0.503817
0.520393
0.516919
0.521555
0.526234
0.553574
0.567011
0.529466
0.528714
0.527491
0.522
0.525243
0.526478
0.526965
0.52555
0.511036
0.507341
0.505796
0.516883
0.511516
0.516224
0.536143
0.534212
0.514667
0.515065
0.512711
0.501285
0.516825
0.516171
0.511031
0.551418
0.510114
0.527552
0.521747
0.515952
0.509787
0.51297
0.51933
0.519417
0.534908
0.538774
0.536411
0.511418
0.513338
0.529852
0.506224
0.5008
0.507209
0.52562
0.495908
0.503404
0.501072
0.514104
0.524176
0.509313
0.513124
0.520528
0.513163
0.511472
0.509218
0.512423
0.506173
0.508044
0.522524
0.50533
0.503491
0.534139
0.530047
0.536825
0.503952
0.505337
0.504212
0.51396
0.518315
0.507356
0.506724
0.526793
0.532446
0.52317
0.510977
0.511287
0.511734
0.520227
0.496235
0.51838
0.503702
0.511306
0.51947
0.503663
0.50876
0.500228
0.505762
0.506499
0.508312
0.508189
0.504097
0.507187
0.503931
0.505996
0.508054
0.524478
0.524086
0.525465
0.503324
0.505157
0.514622
0.511513
0.517241
0.513107
0.508371
0.529548
0.530422
0.552252
0.506633
0.512437
0.501408
0.499488
0.503097
0.506571
0.538739
0.501034
0.504702
0.511732
0.509981
0.510513
0.507253
0.509835
0.527223
0.529439
0.525145
0.521354
0.519922
0.520087
0.524365
0.530866
0.751225
0.848317
0.513103
0.68889
0.68579
0.648506
0.4976
0.499889
0.498573
0.525704
0.526834
0.535064
0.5365
0.522219
0.520478
0.503248
0.628801
0.598084
0.530431
0.530964
0.532369
0.510909
0.51308
0.512327
0.501168
0.504613
0.50387
0.508985
0.507835
0.543205
0.530165
0.505924
0.514365
0.779013
0.709303
0.707408
0.515436
0.505645
0.504282
0.505922
0.741742
0.534624
0.5315
0.5247
0.531646
0.528851
0.711743
0.661841
0.810741
0.588788
0.538407
0.526603
0.536091
0.515167
0.512105
0.499022
0.570209
0.560942
0.550789
0.51546
0.516398
0.528352
0.527504
0.526112
0.523585
0.499203
0.817133
0.502463
0.503896
0.516935
0.508794
0.520842
0.50258
0.499838
0.50616
0.503215
0.521257
0.519833
0.499661
0.503135
0.509163
0.512043
0.525065
0.518115
0.519001
0.519833
0.572951
0.993211
0.52007
0.520027
0.867232
0.505117
0.504366
0.519534
0.515694
0.523161
0.570052
0.571654
0.592484
0.512402
0.511028
0.510844
0.507623
0.510068
0.522243
0.508265
0.515378
0.518401
0.522239
0.513411
0.512062
0.513915
0.520107
0.515184
0.516421
0.511474
0.506066
0.506106
0.537341
0.538338
0.510583
0.513461
0.541335
0.621779
0.606708
0.636199
0.627381
0.544803
0.56443
0.502018
0.510045
0.510922
0.511618
0.504144
0.511857
0.504813
0.511046
0.504921
0.492502
0.546582
0.50556
0.510565
0.527861
0.513246
0.521951
0.507361
0.507691
0.50755
0.511331
0.542327
0.552443
0.537054
0.492489
0.515403
0.514816
0.526177
0.523348
0.523377
0.604771
0.584861
0.61982
0.511457
0.514397
0.514279
0.518936
0.520277
0.520799
0.53192
0.524594
0.508231
0.507684
0.506615
0.520868
0.645904
0.542438
0.556636
0.518229
0.532149
0.527167
0.524948
0.513849
0.591095
0.515269
0.511967
0.509944
0.51582
0.510876
0.520321
0.513393
0.52029
0.527152
0.529659
0.495355
0.494305
0.494893
0.517077
0.526495
0.525022
0.523346
0.544243
0.575761
0.520935
0.518809
0.521074
0.516116
0.545387
0.578252
0.625344
0.503154
0.508834
0.594175
0.730117
0.825523
0.510529
0.510153
0.501376
0.495863
0.501795
0.525363
0.528952
0.524005
0.518699
0.542542
0.546163
0.540727
0.501876
0.510405
0.533267
0.545023
0.516068
0.514193
0.516317
0.510578
0.503945
0.502386
0.517212
0.521195
0.502233
0.540074
0.507992
0.509859
0.508937
0.508087
0.506045
0.507595
0.590206
0.508537
0.508992
0.525543
0.506373
0.519295
0.503239
0.507215
0.502542
0.506236
0.504781
0.514298
0.510234
0.518749
0.506068
0.505623
0.509124
0.503233
0.518811
0.527775
0.52551
0.519242
0.521498
0.531315
0.796469
0.802815
0.50664
0.509304
0.508391
0.505524
0.522163
0.517862
0.503363
0.513664
0.510366
0.627704
0.520885
0.522985
0.499649
0.496547
0.652267
0.589707
0.508434
0.497306
0.503813
0.504232
0.519372
0.543444
0.52884
0.5287
0.531328
0.519744
0.514794
0.528903
0.528426
0.531713
0.493886
0.523375
0.515084
0.510442
0.507377
0.50527
0.511296
0.51861
0.511669
0.731547
0.528997
0.506159
0.50839
0.506241
0.509933
0.508245
0.501232
0.528451
0.504953
0.508775
0.661901
0.520481
0.539
0.509692
0.508408
0.509592
0.521068
0.520104
0.523656
0.513169
0.510055
0.507254
0.517237
0.502183
0.501903
0.500712
0.528386
0.503559
0.507237
0.513163
0.506048
0.504686
0.547211
0.538796
0.502901
0.502326
0.515236
0.511403
0.51253
0.528384
0.524233
0.518794
0.514787
0.499289
0.520398
0.52719
0.525599
0.526176
0.516164
0.518403
0.518592
0.521165
0.512412
0.527222
0.524995
0.506826
0.518209
0.539995
0.523546
0.525409
0.522582
0.513782
0.510839
0.526871
0.539093
0.532573
0.541183
0.518609
0.518483
0.528566
0.526285
0.497156
0.511864
0.612798
0.501733
0.499134
0.505623
0.50001
0.541774
0.521392
0.497604
0.501118
0.510548
0.507199
0.507577
0.503766
0.504955
0.527436
0.589489
0.519134
0.538808
0.503652
0.530418
0.51221
0.510643
0.504047
0.507779
0.503837
0.520942
0.512876
0.516694
0.516137
0.523015
0.508933
0.526035
0.507937
0.545186
0.50627
0.506919
0.497112
0.499491
0.50951
0.513018
0.509492
0.512483
0.684085
0.519815
0.496958
0.502355
0.529487
0.533966
0.531305
0.535261
0.505417
0.519049
0.516089
0.520432
0.519681
0.518305
0.519323
0.518496
0.521556
0.513067
0.502401
0.52441
0.534476
0.540595
0.527367
0.504988
0.503578
0.515423
0.517072
0.537545
0.50424
0.527859
0.535095
0.589556
0.526755
0.523736
0.523237
0.509395
0.506674
0.522817
0.512194
0.504824
0.502498
0.571509
0.522832
0.652901
0.503822
0.504606
0.541815
0.513716
0.516653
0.49877
0.50722
0.506421
0.513014
0.507362
0.584079
0.51013
0.509417
0.511459
0.511229
0.50553
0.591485
0.581363
0.675161
0.525065
0.555531
0.556479
0.511186
0.516448
0.5239
0.515978
0.516968
0.517482
0.509301
0.503621
0.509634
0.513996
0.513998
0.518631
0.503925
0.507439
0.536604
0.535371
0.537303
0.524934
0.503027
0.506296
0.577167
0.566416
0.503193
0.514132
0.513716
0.524722
0.514055
0.517421
0.514842
0.515548
0.506533
0.650503
0.557286
0.5648
0.526211
0.526696
0.516836
0.535949
0.632788
0.539352
0.506038
0.503893
0.505439
0.575887
0.520953
0.525615
0.527215
0.528892
0.527809
0.512627
0.513669
0.527082
0.504776
0.50583
0.519031
0.515159
0.510868
0.507181
0.535128
0.500757
0.512781
0.506428
0.511422
0.536955
0.52893
0.525809
0.520311
0.515694
0.520774
0.768278
0.693951
0.541921
0.493545
0.491328
0.519567
0.52951
0.526434
0.543503
0.509359
0.509295
0.510034
0.525426
0.523455
0.525173
0.505539
0.514691
0.511393
0.519628
0.516921
0.501266
0.50094
0.50621
0.508515
0.526241
0.512392
0.496277
0.520687
0.52406
0.541532
0.540686
0.513915
0.507302
0.504605
0.504742
0.507082
0.510018
0.507086
0.510094
0.501481
0.514617
0.532563
0.502665
0.503459
0.509471
0.515076
0.528219
0.552841
0.515785
0.526596
0.513141
0.510998
0.508712
0.508142
0.506154
0.510591
0.51075
0.521322
0.522073
0.530283
0.517712
0.514604
0.528074
0.529824
0.525884
0.509132
0.508757
0.50636
0.518466
0.526505
0.556658
0.569511
0.582464
0.509172
0.528486
0.535346
0.52693
0.508927
0.509528
0.505774
0.532499
0.5237
0.502203
0.524866
0.525356
0.555024
0.526094
0.525837
0.514024
0.549546
0.512047
0.521018
0.52463
0.507201
0.530832
0.780323
0.523079
0.505637
0.498608
0.500725
0.487993
0.528243
0.52953
0.504121
0.499428
0.576315
0.542517
0.517699
0.515643
0.51372
0.497258
0.521601
0.515123
0.511292
0.520229
0.521421
0.518833
0.52221
0.513955
0.502065
0.505008
0.52275
0.52822
0.502926
0.517685
0.521635
0.527773
0.531422
0.54567
0.514741
0.504863
0.522843
0.50606
0.503322
0.535554
0.521565
0.526902
0.505434
0.510496
0.527635
0.564687
0.502139
0.507627
0.524496
0.507221
0.735882
0.667212
0.52144
0.519611
0.604342
0.522957
0.51173
0.566464
0.569725
0.501409
0.557563
0.523779
0.525544
0.49822
0.492304
0.506482
0.507717
0.527648
0.514509
0.516307
0.497591
0.529821
0.529938
0.516241
0.519383
0.519559
0.52147
0.556205
0.576105
0.508586
0.511664
0.523782
0.523167
0.519417
0.527412
0.522316
0.502812
0.506749
0.814989
0.538028
0.539117
0.525566
0.502553
0.714909
0.516928
0.507819
0.504663
0.505238
0.503957
0.509373
0.519337
0.518786
0.492242
0.515538
0.515531
0.527846
0.528209
0.507232
0.53053
0.507118
0.508126
0.510922
0.510112
0.504471
0.549657
0.498015
0.507584
0.527065
0.525187
0.527503
0.523414
0.523618
0.512532
0.516556
0.548377
0.548699
0.530187
0.525294
0.53478
0.52488
0.522376
0.526689
0.508992
0.509329
0.49358
0.526226
0.529104
0.493041
0.49212
0.536078
0.548338
0.54568
0.837807
0.525494
0.511763
0.513625
0.514148
0.506851
0.5459
0.548414
0.517917
0.502926
0.546246
0.504219
0.504426
0.494758
0.503272
0.504657
0.519703
0.674609
0.51266
0.526776
0.706023
0.82943
0.502846
0.507338
0.506955
0.49994
0.5065
0.529752
0.53414
0.522766
0.535875
0.50914
0.523812
0.527849
0.503495
0.502421
0.529111
0.520595
0.506104
0.507981
0.501956
0.509909
0.526176
0.52389
0.50962
0.520602
0.521657
0.507239
0.503331
0.502769
0.511579
0.500078
0.508408
0.517829
0.508703
0.508017
0.509789
0.505726
0.509264
0.525884
0.500727
0.504924
0.512043
0.525915
0.503871
0.504978
0.538379
0.506022
0.525851
0.506959
0.50796
0.521364
0.530385
0.54935
0.529559
0.534288
0.541286
0.52169
0.490357
0.502305
0.505463
0.526313
0.523358
0.515141
0.517647
0.511421
0.525786
0.520142
0.545513
0.492667
0.493166
0.496529
0.515595
0.523774
0.526631
0.548285
0.519744
0.515299
0.509757
0.512504
0.506905
0.508678
0.527127
0.528913
0.537655
0.524808
0.504695
0.515506
0.527576
0.527957
0.503569
0.528279
0.510798
0.517792
0.50839
0.498763
0.508295
0.540771
0.497654
0.558555
0.541989
0.54263
0.533044
0.505208
0.519186
0.516631
0.506831
0.509841
0.506072
0.513125
0.508022
0.50502
0.50365
0.529201
0.523707
0.525768
0.525541
0.511702
0.512529
0.521952
0.527615
0.533029
0.519354
0.521578
0.527684
1.14873
0.506064
0.518701
0.528268
0.532875
0.554446
0.51638
0.502115
0.50857
0.546477
0.512347
0.503512
0.522437
0.530469
0.511636
0.512383
0.540158
0.545065
0.517054
0.52009
0.52326
0.521264
0.527061
0.769791
0.515725
0.879572
0.706276
0.513189
0.51694
0.516359
0.50771
0.526642
0.528024
0.52963
0.530224
0.570382
0.521312
0.515372
0.511881
0.529567
0.508023
0.51214
0.505493
0.535476
0.609164
0.580512
0.515033
0.511338
0.50027
0.501253
0.507066
0.508391
0.501313
0.565999
0.507846
0.526003
0.507685
0.499127
0.51556
0.547863
0.506075
0.52834
0.525569
0.496865
0.523291
0.545758
0.539982
0.542802
0.505135
0.507973
0.527775
0.52433
0.51323
0.514981
0.516355
0.522949
0.501813
0.501489
0.547965
0.517506
0.519894
0.501743
0.50649
0.505074
0.504724
0.525964
0.515453
0.497412
0.5001
0.521359
0.520265
0.520981
0.529275
0.524327
0.524119
0.922827
0.530755
0.529596
0.527642
0.525359
0.523247
0.525477
0.507141
0.506406
0.497851
0.521934
0.513747
0.52221
0.515561
0.527514
0.524872
0.51822
0.506338
0.527103
0.518083
0.514342
0.507651
0.517073
0.501306
0.509983
0.51708
0.520572
0.523876
0.633036
0.614076
0.506145
0.527558
0.52847
0.528466
0.518845
0.519153
0.516494
0.517246
0.509096
0.497108
0.493293
0.524336
0.521963
0.495311
0.527796
0.529738
0.544862
0.504583
0.50222
0.572362
0.529159
0.503657
0.512896
0.525752
0.521335
0.505539
0.510467
0.501198
0.504796
0.504378
0.496373
0.525003
0.526042
0.528451
0.50577
0.52416
0.527165
0.515775
0.517313
0.513407
0.547412
0.542963
0.518223
0.515151
0.549711
0.507522
0.518355
0.513328
0.526344
0.503623
0.503937
0.529668
0.498993
0.523736
0.516015
0.511998
0.514713
0.513778
0.737067
0.577083
0.50001
1.24139
0.526685
0.521178
0.514698
0.51417
0.495919
0.533591
0.535452
0.544983
0.508631
0.51447
0.51477
0.528802
0.524594
0.539176
0.534476
0.524683
0.509696
0.507364
0.524735
0.529583
0.522876
0.526222
0.504878
0.534146
0.546684
0.522847
0.499299
0.499122
0.571445
0.603132
0.515073
0.572792
0.519634
0.508381
0.502583
0.504547
0.525279
0.502228
0.502326
0.520063
0.50568
0.506785
0.521711
0.514873
0.560864
0.525965
0.56585
0.526484
0.518251
0.580233
0.537998
0.52583
0.518471
0.518575
0.506552
0.511194
0.526563
0.514504
0.512958
0.507878
0.501289
0.502096
0.507105
0.849359
0.499066
0.508466
0.512247
0.492988
0.504152
0.527597
0.516613
0.83344
0.527996
0.499787
0.532261
0.528597
0.512194
0.50684
0.506976
0.510611
0.523775
0.546276
0.504447
0.520165
0.538005
0.50062
0.529366
0.500605
0.502505
0.525035
0.512255
0.542053
0.561171
0.513199
0.527206
0.52093
0.509364
0.520428
0.527463
0.508341
0.505413
0.505839
0.501257
0.497864
0.510029
0.505185
0.505952
0.50122
0.688871
0.787078
0.520828
0.519748
0.540242
0.505562
0.503897
0.505928
0.52614
0.529134
0.51842
0.504763
0.529946
0.528299
0.511054
0.524667
0.528632
0.503367
0.521546
0.531581
0.506479
0.758336
0.506076
0.502541
0.525786
0.521309
0.532039
0.506328
0.524271
0.528383
0.52268
0.533747
0.508626
0.51228
0.519128
0.518279
0.515951
0.519548
0.520669
0.52287
0.737486
0.668389
0.533736
0.531801
0.530856
0.515087
0.5079
0.493589
0.500561
0.51113
0.51017
0.513121
0.529568
0.505026
0.505205
0.516256
0.539623
0.534977
0.534152
0.501261
0.53683
0.517987
0.526635
0.526151
0.525832
0.512447
0.510829
0.513904
0.514537
0.537686
0.502023
0.517067
0.535762
0.518605
0.513315
0.513918
0.498852
0.53298
0.530926
0.528381
0.500843
0.537605
0.535742
0.512007
0.535981
0.717659
0.504452
0.524333
0.523605
0.51479
0.517505
0.520534
0.516494
0.515033
0.51361
0.552176
0.570733
0.52134
0.521174
0.509798
0.520398
0.516986
0.545822
0.514874
0.513044
0.514895
0.511172
0.528925
0.516404
0.531677
0.523958
0.53909
0.693055
0.532713
0.521922
0.522703
0.5281
0.544471
0.530602
0.525599
0.531084
0.506318
0.508777
0.506308
0.506459
0.502456
0.501919
0.504288
0.496188
0.526089
0.519705
0.518479
0.515626
0.534819
0.518739
0.509547
0.515789
0.501714
0.515686
0.522688
0.512026
0.51918
0.517758
0.517995
0.518119
0.500329
0.515353
0.512547
0.519179
0.523942
0.512605
0.510825
0.504107
0.503296
0.502554
0.528667
0.512644
0.697601
0.500511
0.500267
0.519569
0.519267
0.527182
0.505605
0.562044
0.509626
0.509336
0.515217
0.511401
0.531718
0.520941
0.535876
0.537866
0.562585
0.55618
0.512002
0.511807
0.643425
0.535561
0.514961
0.512368
0.510445
0.510287
0.509837
0.511951
0.514001
0.510005
0.512788
0.506029
0.659305
0.692941
0.516974
0.53327
0.518237
0.519363
0.503032
0.537343
0.532303
0.510104
0.519202
0.506009
0.533321
0.534445
0.50816
0.519316
0.55288
0.518851
0.514665
0.524856
0.519832
0.504102
0.515129
0.53741
0.537069
0.510926
0.559825
0.530617
0.523315
0.803808
0.524786
0.518878
0.511293
0.507355
0.515983
0.519126
0.524477
0.51902
0.528511
0.683891
0.582031
0.614217
0.509244
0.521717
0.508016
0.757645
0.512637
0.525592
0.518586
0.508455
0.498612
0.505183
0.529771
0.527322
0.507034
0.520496
0.532126
0.675796
0.503834
0.501333
0.506838
0.502683
0.512238
0.512073
0.506569
0.504308
0.513769
0.52425
0.50591
0.505443
0.507711
0.500427
0.510612
0.510641
0.539824
0.503214
0.501849
0.513981
0.512575
0.516714
0.496014
0.516218
0.50643
0.53689
0.531654
0.547562
0.508271
0.515141
0.523201
0.523104
0.529616
0.528321
0.508856
0.510018
0.513778
0.529859
0.540353
0.539452
0.532491
0.509975
0.520511
0.552126
0.533835
0.518959
0.511913
0.51987
0.524699
0.523455
0.766405
0.517383
0.495454
0.521177
0.512009
0.529154
0.50451
0.503318
0.503324
0.515973
0.506675
0.50665
0.502762
0.508757
0.520346
0.51527
0.524455
0.51484
0.546116
0.515124
0.505651
0.501831
0.523944
0.525487
0.662608
0.53298
0.526497
0.516834
0.517705
0.504011
0.501713
0.52576
0.50805
0.521333
0.855211
0.524789
0.530251
0.519422
0.517811
0.50526
0.508961
0.543118
0.50164
0.529752
0.566466
0.504123
0.536816
0.536045
0.549161
0.519078
0.510125
0.515439
0.501964
0.518044
0.517105
0.506187
0.504133
0.502896
0.55304
0.501041
0.636084
0.518599
0.499408
0.506405
0.512844
0.610901
0.513313
0.525807
0.510737
0.53807
0.515824
0.524566
0.51327
0.634543
0.509109
0.515445
0.518492
0.503225
0.535798
0.531703
0.521775
0.522149
0.519893
0.502503
0.504777
0.506629
0.512033
0.504678
0.511093
0.513844
0.50977
0.509142
0.509387
0.512924
0.504076
0.520144
0.840942
0.523758
0.663102
0.519914
0.52525
0.565549
0.517719
0.517564
0.659151
0.514892
0.518749
0.515599
0.552569
0.505012
0.504278
0.5168
0.531969
0.526544
0.520166
0.530806
0.510567
0.522296
0.509228
0.50573
0.503846
0.591758
0.526289
0.548881
0.521991
0.506922
0.507635
0.521724
0.496842
0.529722
0.524789
0.517795
0.514025
0.517402
0.535781
0.535024
0.759909
0.693049
0.511869
0.506409
0.516109
0.507675
0.552659
0.718688
0.513309
0.507362
0.504417
0.506168
0.509812
0.529141
0.510534
0.518266
0.526441
0.506009
0.510597
0.519029
0.530111
0.536246
0.523032
0.516808
0.533507
0.497678
0.521749
0.510628
0.514033
0.508798
0.507683
0.524806
0.506748
0.511274
0.512196
0.521955
0.521349
0.49855
0.499912
0.523276
0.52645
0.500343
0.510638
0.507782
0.534297
0.503457
0.592056
0.534035
0.542623
0.523357
0.513831
0.500927
0.505598
0.517066
0.508725
0.519848
0.533015
0.514185
0.505291
0.508294
0.508054
0.505093
0.512711
0.525329
0.506269
0.525605
0.519382
0.500736
0.498547
0.544554
0.510608
0.507652
0.534276
0.521373
0.502753
0.517404
0.511463
0.516433
0.53534
0.550136
0.522554
0.526764
0.51312
0.529492
0.525756
0.526914
0.502127
0.526692
0.51865
0.504201
0.51394
0.522436
0.520183
0.504223
0.524033
0.531383
0.507939
0.52229
0.51351
0.540667
0.511105
0.522031
0.518295
0.514708
0.518315
0.517668
0.515343
0.512839
0.52028
0.508759
0.512711
0.523745
0.989249
0.506245
0.512579
0.509658
0.501479
0.515617
0.522528
0.522956
0.526375
0.530961
0.527759
0.498633
0.510176
0.507945
0.512876
0.514942
0.507445
0.555681
0.522302
0.519329
0.505974
0.676123
0.525925
0.506095
0.571278
0.533655
0.516565
0.543207
0.513204
0.520047
0.522768
0.504878
0.528578
0.519324
0.537187
0.510261
0.519188
0.516268
0.522957
0.539275
0.50393
0.515119
0.517086
0.504946
0.516894
0.525806
0.50405
0.507269
0.499631
0.515734
0.522718
0.512395
0.500632
0.519863
0.546687
0.505206
0.514085
0.519688
0.503729
0.533816
0.500686
0.524955
0.523466
0.534398
0.508296
0.51208
0.532338
0.515863
0.511065
0.517661
0.508609
0.521334
0.515403
0.525401
0.516395
0.508481
0.512881
0.506847
0.528031
0.509925
0.508065
0.500435
0.50611
0.508752
0.515073
0.51812
0.529583
0.504998
0.519934
0.511826
0.527075
0.504985
0.511415
0.517605
0.517529
0.50725
0.526271
0.514108
0.539307
0.510782
0.518874
0.516149
0.500335
0.49679
0.509081
0.516518
0.545569
0.51167
0.522325
0.524928
0.501281
0.527622
0.502574
0.522457
0.50307
0.717298
0.506699
0.519048
0.524249
0.529926
0.506442
0.504193
0.616604
0.510536
0.509507
0.532683
0.508493
0.504131
0.512531
0.502551
0.503435
0.508365
0.515939
0.523219
0.513116
0.514916
0.512599
0.505192
0.513885
0.508899
0.514548
0.52559
0.508976
0.50874
0.511421
0.534831
0.523343
0.509647
0.852586
0.513212
0.4935
0.916772
0.527454
0.517898
0.514445
0.505534
0.518189
0.51248
0.513787
0.528761
0.508423
0.512764
0.524088
0.510263
0.50487
0.510426
0.525186
