0.515902
0.528248
0.530491
0.529049
0.530964
0.512729
0.51529
0.50613
0.521507
0.516299
0.521693
0.526006
0.504333
0.519398
0.514482
0.515252
0.523935
0.543644
0.555397
0.522912
0.507717
0.506371
0.517699
0.493509
0.492751
0.497896
0.495743
0.502017
0.513904
0.517911
0.520952
0.501872
0.505504
0.504733
0.508363
0.50613
0.511052
0.501631
0.501462
0.511592
0.508792
0.513346
0.507647
0.504834
0.496852
0.499647
0.510463
0.518563
0.511494
0.514996
0.515693
0.66483
0.52637
0.556624
0.590546
0.506165
0.503659
0.504694
0.514603
0.521378
0.502218
0.525442
0.531898
0.509943
0.518029
0.512028
0.521876
0.522539
0.51844
0.519873
0.515938
0.508201
0.504605
0.506801
0.519975
0.51566
0.510083
0.51111
0.527541
0.528414
0.527326
0.51665
0.504393
0.501104
0.525376
0.515847
0.520715
0.523504
0.50225
0.503641
0.500905
0.518234
0.514021
0.508491
0.504595
0.504467
0.525035
0.522893
0.672152
0.734143
1.20972
0.496519
0.502964
0.526758
0.52443
0.518184
0.525359
0.913991
0.515694
0.721392
0.689585
0.734442
0.502515
0.504929
0.503038
0.534621
0.534076
0.536584
0.508975
0.509262
0.520824
0.517646
0.521024
0.518773
0.520468
0.538698
0.509856
0.508659
0.525578
0.525903
0.516403
0.51223
0.510215
0.517927
0.501236
0.660038
0.609789
0.553597
0.543279
0.531574
0.702927
0.543002
0.52925
0.505718
0.50593
0.774736
0.858766
0.527912
0.524824
0.523587
0.528533
0.5052
0.509662
0.500802
0.499093
0.518292
0.516047
0.512122
0.512496
0.5104
0.515667
0.525435
0.507996
0.495104
0.501788
0.547868
0.545385
0.550205
0.542805
0.511225
0.514175
0.516563
0.499557
0.511121
0.52195
0.519837
0.522882
0.52747
0.523922
0.497586
0.494993
0.517657
0.517135
0.530557
0.526906
0.532209
0.527599
0.502485
0.5099
0.621784
0.589686
0.504319
0.553192
0.554702
0.655452
0.518802
0.518848
0.514416
0.518636
0.515266
0.507551
0.501918
0.502173
0.527398
0.702419
0.588095
0.497182
0.510625
0.503581
0.511295
0.50248
0.513699
0.502535
0.488587
0.501699
0.500359
0.512163
0.496203
0.494639
0.509193
0.504842
0.508542
0.499984
0.503658
0.506542
0.524231
0.517865
0.52101
0.512829
0.507125
0.507306
0.523274
0.528659
0.499472
0.501627
0.499366
0.535876
0.530186
0.530878
0.538075
0.532056
0.533581
0.515476
0.505633
0.502238
0.497529
0.531625
0.530602
0.507371
0.505232
0.528448
0.515701
0.516274
0.602534
0.755683
0.524486
0.527607
0.516825
0.5218
0.50045
0.507018
0.520161
0.520547
0.520464
0.525497
0.53396
0.525629
0.528885
0.51992
0.519601
0.514109
0.513353
0.52991
0.530098
0.518756
0.51126
0.512694
0.512896
0.52894
0.528013
0.534279
0.52575
0.510024
0.511226
0.50979
0.515927
0.508964
0.526437
0.535262
0.527674
0.512366
0.522912
0.531004
0.514332
0.510445
0.536615
0.520784
0.511086
0.513021
0.537691
0.535087
0.526547
0.513766
0.513108
0.501172
0.506176
0.513178
0.51609
0.510752
0.546032
0.577682
0.509928
0.509352
0.515991
0.517389
0.518081
0.515849
0.528241
0.5357
0.536849
0.496829
0.491634
0.50027
0.502564
0.503541
0.508104
0.515546
0.513021
0.512648
0.512294
0.506839
0.513881
0.497948
0.493647
0.528897
0.505219
0.517886
0.501834
0.527657
0.500762
0.503649
0.72141
0.515673
0.514061
0.683173
0.506848
0.516036
0.507572
0.52753
0.530495
0.526393
0.525637
0.508822
0.511629
0.54988
0.54649
0.495693
0.511243
0.515086
0.520812
0.518379
0.509338
0.509557
0.509266
0.525665
0.52113
0.526664
0.506207
0.506065
0.507991
0.513678
0.517442
0.488769
0.506239
0.512258
0.514265
0.534751
0.538669
0.504555
0.505368
0.506766
0.504861
0.540074
0.508906
0.516933
0.517282
0.519051
0.50509
0.510789
0.506431
0.526555
0.530563
0.518236
0.514464
0.504993
0.553963
0.550795
0.502655
0.50242
0.495868
0.496241
0.496791
0.496006
0.506034
0.520296
0.51467
0.50908
0.49991
0.510664
0.50996
0.524184
0.523276
0.519328
0.512396
0.502661
0.524145
0.526485
0.523141
0.51454
0.516641
0.526574
0.673255
0.708513
0.684798
0.510126
0.51129
0.510837
0.982112
0.759456
0.742352
0.517416
0.512679
0.499438
0.519675
0.549027
0.518737
0.530622
0.525351
0.52256
0.506539
0.52911
0.53266
0.530042
0.514068
0.50978
0.525249
0.527133
0.504417
0.50742
0.508051
0.503825
0.532018
0.499921
0.538968
0.515032
0.513292
0.706157
0.767666
0.504525
0.500368
0.498479
0.759332
0.711654
0.698483
0.675022
0.638325
0.521905
0.530236
0.548547
0.558828
0.507522
0.51001
0.498649
0.550848
0.551562
0.510074
0.516223
0.525817
0.517835
0.522906
0.532893
0.536767
0.499814
0.52279
0.528417
0.514398
0.509286
0.500218
0.5037
0.520857
0.501525
0.505552
0.502381
0.510529
0.522954
0.52165
0.517923
0.522376
0.527201
0.502091
0.515009
0.510863
0.524114
0.519662
0.517999
0.519188
0.816314
1.12906
0.837757
0.604938
0.733197
0.515318
0.516122
0.670815
0.508565
0.516111
0.507994
0.610452
0.593523
0.577513
0.540047
0.509821
0.509829
0.508971
0.5174
0.507056
0.522683
0.517901
0.531994
0.512098
0.511587
0.510499
0.516084
0.516892
0.514192
0.510818
0.500875
0.501901
0.527514
0.525309
0.519037
0.511328
0.536969
0.527979
0.536076
0.52631
0.524197
0.511164
0.508639
0.676407
0.651321
0.602769
0.534724
0.50984
0.512332
0.511139
0.523373
0.515689
0.507196
0.507143
0.540258
0.544549
0.51921
0.516523
0.504271
0.507487
0.509613
0.51278
0.516848
0.508294
0.513558
0.513521
0.937395
0.503496
0.544393
0.558928
0.512067
0.516627
0.515165
0.51498
0.505695
0.526507
0.504401
0.523487
0.533149
0.648091
0.511784
0.513955
0.506161
0.521986
0.509823
0.510845
0.508209
0.518859
0.506738
0.644094
0.545449
0.528385
0.531388
0.511846
0.509937
0.510574
0.508636
0.512143
0.49017
0.495675
0.523273
0.70539
0.776015
0.509498
0.514583
0.510301
0.52856
0.496116
0.502522
0.508456
0.502787
0.522411
0.519351
0.519624
0.521068
0.520541
0.586267
0.53468
0.56891
0.527896
0.527951
0.533613
0.531376
0.526611
0.68936
0.519254
0.793934
0.596731
0.636823
0.51043
0.503591
0.503453
0.518622
0.516044
0.51872
0.509552
0.495381
0.498328
0.53922
0.511719
0.508801
0.510175
0.509405
0.529353
0.511368
0.51219
0.514274
0.510601
0.513307
0.518678
0.868615
0.531605
0.52077
0.538897
0.506878
0.507282
0.511169
0.517003
0.498883
0.5162
0.518075
0.880289
0.503802
0.543315
0.521373
0.53972
0.501691
0.512827
0.516113
0.517068
0.505712
0.503965
0.505043
0.546987
0.53378
0.530177
0.528508
0.516761
0.512752
0.510075
0.522455
0.520029
0.531158
0.829129
0.506578
0.504709
0.507867
0.507066
0.510812
0.523341
0.818235
0.521624
0.530965
0.499606
0.503774
0.505739
0.521547
0.68295
0.522663
0.516393
0.503667
0.502791
0.553154
0.515863
0.527606
0.51504
0.523822
0.529048
0.52881
0.508416
0.50105
0.519673
0.503982
0.517407
0.526235
0.509014
0.65451
0.508252
0.521567
0.509845
0.506228
0.675098
0.733951
0.528035
0.511517
0.512782
0.508919
0.510201
0.506168
0.512344
0.507415
0.506584
0.508286
0.520475
0.528605
0.500963
0.514274
0.841744
0.844982
0.518603
0.537282
0.516738
0.508205
0.507823
0.524888
0.513171
0.517834
0.518486
0.505054
0.543653
0.5364
0.514435
0.511447
0.50528
0.501711
0.502342
0.502
0.532074
0.52826
0.506819
0.503014
0.506639
0.505698
0.511742
0.504773
0.50546
0.501147
0.536975
0.527859
0.510515
0.617757
0.509997
0.508724
0.510695
0.529785
0.514658
0.516372
0.496605
0.501733
0.51298
0.519322
0.523499
0.512653
0.537715
0.539271
0.529279
0.523437
0.514739
0.491743
0.497863
0.51266
0.520586
0.503577
0.522124
0.519753
0.524603
0.525987
0.537703
0.544207
0.515681
0.519138
0.788378
0.794815
0.495742
0.503886
0.505089
0.504691
0.507503
0.506939
0.510868
0.515157
0.513523
0.527248
0.525693
0.497088
0.506211
0.50894
0.507402
0.505202
0.498403
0.497864
0.502151
0.529941
0.522731
0.503482
0.507782
0.508751
0.720681
0.528972
0.534259
0.539657
0.620489
0.506111
0.509571
0.526794
0.51707
0.561774
0.503175
0.513792
0.507081
0.510286
0.530162
0.502944
0.495503
0.498615
0.516717
0.527546
0.527107
0.505404
0.520716
0.519004
0.52169
0.525985
0.513548
0.528757
0.538062
0.500966
0.502963
0.508617
0.535323
0.525861
0.526498
0.511032
0.525704
0.505237
0.550439
0.5045
0.507972
0.501261
0.501839
0.758323
0.518267
0.529729
0.5317
0.518455
0.511268
0.531994
0.502969
0.517042
0.515482
0.521151
0.51952
0.518142
0.523392
0.531295
0.500078
0.531863
0.507805
0.508531
0.503455
0.507403
0.513737
0.517918
0.51629
0.529664
0.535481
0.512597
0.514262
0.704034
0.511206
0.516813
0.521083
0.506561
0.503279
0.50642
0.526672
0.506294
0.50881
0.528099
0.506295
0.51717
0.505121
0.503889
0.521462
0.518087
0.507295
0.589589
0.50168
0.512679
0.497371
0.511061
0.512315
0.510977
0.570566
0.509847
0.505252
0.516037
0.513216
0.594486
0.529607
0.525483
0.530287
0.529684
0.510465
0.517923
0.522266
0.508078
0.51665
0.510966
0.522296
0.519801
0.519933
0.520816
0.5022
0.507637
0.508889
0.509145
0.507156
0.515884
0.578127
0.523533
0.521917
0.52437
0.522762
0.515202
0.512947
0.59885
0.644898
0.558081
0.512529
0.52251
0.514629
0.505839
0.569913
0.572562
0.528008
0.529048
0.505076
0.51707
0.535542
0.50634
0.503296
0.61305
0.513059
0.499822
0.511318
0.51316
0.526848
0.506206
0.519598
0.517918
0.515147
0.515034
0.560088
0.501064
0.514331
0.507521
0.509098
0.508763
0.525342
0.518083
0.513746
0.517487
0.49849
0.540282
0.534807
0.513076
0.504025
0.506198
0.512574
0.52716
0.506295
0.522833
0.51475
0.501307
0.530194
0.50013
0.511372
0.497946
0.514542
0.506852
0.537613
0.499507
0.515826
0.508119
0.520316
0.514684
0.551834
0.545723
0.505055
0.499365
0.507794
0.50117
0.507811
0.499488
0.509774
0.511983
0.531533
0.502337
0.501813
0.525689
0.521599
0.507863
0.510238
0.510636
0.509415
0.523645
0.531005
0.518277
0.515416
0.5254
0.526952
0.505592
0.508473
0.524217
0.526607
0.559848
0.576718
0.582121
0.50717
0.527078
0.507755
0.522479
0.528356
0.530496
0.523739
0.503438
0.512104
0.51733
0.93928
0.558411
0.508292
0.517773
0.5038
0.527642
0.549652
0.770995
0.527428
0.521973
0.52126
0.509323
0.513793
0.729531
0.518635
0.828123
0.518747
0.501652
0.503752
0.533023
0.502024
0.51958
0.50466
0.531058
0.511234
0.583643
0.571104
0.546517
0.686553
0.516414
0.513561
0.51261
0.522767
0.527822
0.523315
0.521001
0.513229
0.517774
0.501106
0.522296
0.515941
0.518759
0.50312
0.50235
0.524868
0.521471
0.506932
0.505995
0.508023
0.525252
0.529498
0.51935
0.525308
0.519422
0.517327
0.510752
0.523435
0.506361
0.534211
0.543999
0.849419
0.522872
0.500174
0.505689
0.50227
0.526699
0.50925
0.505536
0.542618
0.508762
0.797768
0.51454
0.506265
0.520684
0.583158
0.572931
0.494376
0.543744
0.534095
0.506987
0.50721
0.509023
0.520747
0.519391
0.519976
0.52119
0.511128
0.519042
0.516799
0.516243
0.520777
0.515166
0.519134
0.519069
0.551716
0.58909
0.682895
0.512732
0.50825
0.499128
0.500691
0.502432
0.513139
0.746057
0.509514
0.509112
0.53116
0.537515
0.52189
0.513673
0.522998
0.519789
0.804083
0.707778
0.516076
0.532146
0.500497
0.504003
0.512714
0.508357
0.517321
0.512896
0.509727
0.546215
0.5078
0.506808
0.495331
0.49867
0.496936
0.529824
0.512235
0.513021
0.513261
0.524319
0.529301
0.531438
0.505604
0.528959
0.506582
0.506125
0.505934
0.507669
0.640786
0.640864
0.526978
0.552538
0.506917
0.521392
0.520455
0.523433
0.520951
0.510246
0.527912
0.524953
0.528777
0.524497
0.539119
0.530835
0.525576
0.524938
0.525877
0.514755
0.507632
0.504217
0.523751
0.527248
0.490668
0.520544
0.533823
0.512724
0.593915
0.601011
0.513422
0.618558
0.668698
0.755088
0.502462
0.532236
0.514739
0.518124
0.507098
0.517367
0.500066
0.593866
0.501321
0.508791
0.506865
0.515035
0.506141
0.504311
0.570949
0.522644
0.518284
0.523504
0.499432
0.532299
0.546031
0.519274
0.664786
0.532555
0.500927
0.500036
0.508439
0.545128
0.519717
0.519386
0.507298
0.504922
0.521605
0.59124
0.510319
0.515946
0.497609
0.522578
0.526767
0.526854
0.52506
0.509869
0.527311
0.526233
0.500261
0.504677
0.523189
0.500648
0.526817
0.52566
0.521447
0.521065
0.525108
0.505841
0.517506
0.517983
0.516002
0.506692
0.501158
0.50613
0.520911
0.512165
0.513476
0.50687
0.508646
0.520933
0.58372
0.509491
0.510707
0.513084
0.533483
0.505472
0.508934
0.499253
0.496431
0.519667
0.523984
0.508389
0.507882
0.524454
0.505599
0.5037
0.564086
0.559948
0.53647
0.51905
0.489244
0.520043
0.590607
0.509076
0.506903
0.688875
0.504301
0.541214
0.517621
0.506105
0.502297
0.502914
0.512327
0.524655
0.50487
0.544126
0.495138
0.495047
0.537115
0.526625
0.54237
0.509838
0.508939
0.508288
0.517383
0.516684
0.517523
0.495213
0.504205
0.508685
1.02659
0.5291
0.508116
0.509092
0.541044
0.505878
0.508287
0.545648
0.508165
0.559512
0.506909
0.538108
0.544015
0.536813
0.530544
0.503578
0.500187
0.526006
0.512441
0.504406
0.51014
0.502192
0.500307
0.504066
0.522324
0.504828
0.507205
0.5287
0.527097
0.514889
0.526404
0.511526
0.522806
0.539378
0.506705
0.52659
0.527374
0.734716
0.504536
0.513088
0.530835
0.552277
0.555445
0.510622
0.53244
0.508056
0.569388
0.550545
0.516788
0.502578
0.524806
0.511397
0.510558
0.519672
0.512588
0.529096
0.503357
0.526369
0.522819
0.523852
0.524023
0.551079
0.497213
0.514261
0.519611
0.518527
0.522254
0.516385
0.546104
0.501781
0.731344
0.498749
0.504798
0.528166
0.524324
0.514098
0.539445
0.547983
0.513653
0.508299
0.498231
0.518348
0.510001
0.529488
0.493644
0.502022
0.509357
0.514707
0.518548
0.526493
0.504944
0.528231
0.544015
0.520036
0.498927
0.510676
0.512865
0.547342
0.520074
0.501175
0.504757
0.502114
0.505705
0.495917
0.518804
0.521159
0.748862
0.4997
0.509564
0.510397
0.500495
0.501341
0.513494
0.522251
0.495925
0.51938
0.509591
0.517333
0.514714
0.516575
0.528947
0.52613
0.527495
0.508248
0.528086
0.533478
0.520116
0.496987
0.541942
0.505814
0.521076
0.528242
0.576547
0.528386
0.523171
0.529177
0.525963
0.51826
0.502309
0.511311
0.520809
0.510461
0.511433
0.519573
0.507775
0.680152
0.525654
0.540187
0.525515
0.518197
0.506663
0.507516
0.496235
0.497936
0.494399
0.528287
0.523995
0.502805
0.549837
0.506568
0.523517
0.521206
0.502102
0.504784
0.500584
0.532612
0.532485
0.506073
0.522531
0.524806
0.507628
0.513753
0.523742
0.516775
0.517457
0.513843
0.528333
0.513438
0.522037
0.522663
0.522663
0.52243
0.503852
0.517571
0.526512
0.511209
0.517161
0.565918
0.526856
0.707392
0.523608
0.51614
0.508209
0.520549
0.514254
0.521196
0.51493
0.51033
0.512325
0.505386
0.527693
0.494048
0.503999
0.534745
0.496761
0.51186
0.515056
0.518606
0.516613
0.539768
0.50734
0.516983
0.526241
0.504382
0.535063
0.522736
0.496756
0.499365
0.563852
0.568662
0.506371
0.511678
0.503552
0.514209
0.509559
0.522804
0.508474
0.510112
0.526803
0.522415
0.742974
0.520501
0.501773
0.519188
0.505252
0.524267
0.560043
0.529117
0.548621
0.509108
0.497771
0.518873
0.566691
0.50586
0.528339
0.527916
0.509115
0.528795
0.519195
0.500623
0.624487
0.500607
0.79185
0.514448
0.523532
0.512779
0.497443
0.551323
0.524318
0.530747
0.530223
0.528695
0.513566
0.507646
0.518139
0.517389
0.513116
0.507415
0.512249
0.545862
0.501393
0.501806
0.507687
0.529268
0.525994
0.520424
0.505985
0.655848
0.520523
0.519093
0.527499
0.50857
0.742191
0.518583
0.532675
0.505303
0.512904
0.510069
0.511371
0.526298
0.507258
0.52031
0.654508
0.629182
0.612916
0.515365
0.508598
0.539777
0.500872
0.505999
0.508653
0.525832
0.529446
0.52046
0.521178
0.525142
0.509294
0.569486
0.521526
0.507726
0.523268
0.528096
0.500132
0.50454
0.539113
0.504389
0.507726
0.510374
0.507666
0.523309
0.51579
0.531484
0.526797
0.531523
0.514565
0.507507
0.507275
0.534577
0.531137
0.531331
0.517638
0.517868
0.491485
0.51669
0.515625
0.518978
0.516248
0.514459
0.53193
0.531117
0.51625
0.526527
0.53305
0.512092
0.499363
0.493706
0.493769
0.522752
0.506235
0.506643
0.522535
0.502333
0.507251
0.504782
0.533901
0.50941
0.521624
0.519235
0.51532
0.514348
0.524852
0.528554
0.53165
0.537134
0.513176
0.508829
0.511283
0.501876
0.516261
0.519243
0.508971
0.52759
0.507476
0.511353
0.495358
0.531538
0.525115
0.526311
0.758866
0.68444
0.537375
0.531279
0.530897
0.512394
0.519113
0.520777
0.519276
0.516099
0.514649
0.515886
0.503712
0.510411
0.522858
0.525032
0.517795
0.519645
0.511851
0.516389
0.521887
0.596848
0.523647
0.524457
0.525163
0.52361
0.510857
0.509893
0.530805
0.531987
0.518215
0.51026
0.511111
0.520881
0.561645
0.52426
0.522643
0.545371
0.529429
0.522559
0.506374
0.504844
0.544931
0.525799
0.777272
0.506612
0.504182
0.503204
0.50044
0.50885
0.498758
0.50225
0.518293
0.517418
0.514922
0.514767
0.517855
0.521048
0.517427
0.53112
0.538395
0.527773
0.512971
0.511246
0.516582
0.537856
0.515234
0.516773
0.517822
0.509233
0.51193
0.50603
0.503341
0.504681
0.499839
0.518105
0.518766
0.505215
0.503913
0.533666
0.519992
0.506549
0.502988
0.502847
0.717982
0.502807
0.501105
0.51541
0.521531
0.511047
0.511996
0.509836
0.51164
0.527097
0.5303
0.510315
0.507479
0.524875
0.569102
0.568818
0.530397
0.636962
0.498823
0.509386
0.512043
0.507747
0.813034
0.508633
0.512451
0.515087
0.511539
0.511602
0.49984
0.514881
0.500211
0.847982
0.503636
0.528457
0.527847
0.532904
0.504369
0.52816
0.519746
0.503226
0.524635
0.512935
0.524121
0.517237
0.589162
0.521958
0.516262
0.524401
0.521463
0.512691
0.511299
0.555
0.54938
0.506964
0.522466
0.506289
0.503935
0.505022
0.517751
0.523637
0.521013
0.511804
0.558983
0.529198
0.51047
0.516438
0.556188
0.513905
0.511014
0.522848
0.505549
0.519797
0.525685
0.52353
0.519458
0.501941
0.523767
0.499292
0.513573
0.499432
0.518438
0.582905
0.600116
0.655595
0.527284
0.50362
0.529743
0.513984
0.50514
0.515292
0.586491
0.569563
0.658089
0.500247
0.523934
0.534231
0.51381
0.529438
0.527374
0.50359
0.504802
0.51414
0.518424
0.497186
0.504376
0.527543
0.523682
0.497069
0.503207
0.50578
0.526362
0.507486
0.50425
0.589923
0.544563
0.521923
0.522619
0.521731
0.53031
0.506934
0.50771
0.514595
0.520612
0.626001
0.511971
0.523821
0.517962
0.525253
0.516821
0.499701
0.51305
0.508869
0.511397
0.516114
0.775629
0.509485
0.525692
0.528411
0.531539
0.53179
0.529151
0.507185
0.511714
0.497393
0.500156
0.5005
0.511613
0.513133
0.519499
0.518428
0.514335
0.536311
0.514242
0.513534
0.518001
0.50721
0.501947
0.516694
0.511756
0.510124
0.512472
0.52456
0.827249
0.727442
0.54897
0.512018
0.50394
0.501014
0.5096
0.531246
0.528749
0.531102
0.519578
0.526914
0.505469
0.519528
0.530706
0.518474
0.507781
0.523101
0.512473
0.526424
0.530511
0.501823
0.573767
0.497133
0.522386
0.523788
0.504521
0.757688
0.520261
0.513263
0.510307
0.526476
0.504661
0.520657
0.523262
0.505033
0.713076
0.576691
0.536293
0.520074
0.501609
0.506476
0.507054
0.508403
0.502502
0.504236
0.499196
0.505945
0.51241
0.548445
0.530103
0.516352
0.509071
0.5384
0.514078
0.500364
0.515559
0.517953
0.510079
0.510706
0.508544
0.52859
0.496984
0.535633
0.532709
0.507027
0.504776
0.513513
0.516724
0.50786
0.506163
0.511658
0.519543
0.608345
0.522955
0.525683
0.516715
0.498469
0.521644
0.521618
0.509992
0.518632
0.560051
0.543646
0.528685
0.532146
0.504996
0.51091
0.527829
0.514505
0.513393
0.513523
0.524455
0.50675
0.517116
0.503729
0.509989
0.517193
0.504451
0.526988
0.529551
0.503841
0.519194
0.514924
0.509457
0.513332
0.520155
0.509101
0.527922
0.509147
0.530191
0.525105
0.512451
0.526047
0.519742
0.534791
0.528467
0.504365
1.03063
0.727129
0.661718
0.50769
0.875206
0.650075
0.528297
0.51141
0.521749
0.512983
0.523968
0.52489
0.518547
0.51761
0.519261
0.508801
0.508306
0.532449
0.519365
0.514874
0.79134
0.510236
0.51097
0.547779
0.529175
0.510864
0.513016
0.506699
0.520466
0.518006
0.507243
0.509474
0.511627
0.520419
0.501616
0.513933
0.528297
0.515933
0.514568
0.506849
0.510713
0.512682
0.545712
0.535614
0.506821
0.514675
0.515138
0.503098
0.51004
0.507445
0.514218
0.522101
0.515806
0.521119
0.522813
0.521003
0.514742
0.522348
0.508337
0.501139
0.501099
0.52938
0.530874
0.564089
0.515219
0.500994
0.501525
0.538431
0.551053
0.510129
0.527863
0.502287
0.516779
0.517395
0.525614
0.511043
0.526104
0.505328
0.525803
0.507305
0.504036
0.527605
0.518393
0.522604
0.535836
0.510351
0.513014
0.525466
0.506419
0.528068
0.508057
0.513079
0.500265
0.543957
0.515179
0.522512
0.513535
0.528576
0.527571
0.821404
0.510219
0.531547
0.500807
0.516234
0.511765
0.547263
0.521268
0.509254
0.5193
0.532895
0.885751
0.506376
0.525407
0.507378
0.524377
0.508897
0.518254
0.527175
0.526471
0.504666
0.520238
0.502586
0.508239
0.509224
0.518412
0.509704
0.518687
0.512035
0.514079
0.516475
0.687722
0.505239
0.520015
0.53016
0.519798
0.504694
0.50176
0.527382
0.528464
0.522267
0.517235
0.521169
0.511478
0.517472
0.546474
0.524926
0.528222
0.611306
0.512518
0.513892
0.521902
0.52065
0.514187
0.514662
0.524234
0.509069
0.500294
0.520036
0.816849
0.529672
0.517788
0.507226
0.501582
0.516882
0.528896
0.504335
0.514844
0.503012
0.505781
0.516099
0.510048
0.502324
0.50976
0.511978
0.515705
0.518402
0.515061
0.51145
0.516953
0.529831
0.537779
0.513395
0.50292
0.512322
0.498271
0.527213
0.516259
0.504468
0.505892
0.500087
0.506833
0.865091
0.512348
0.520097
0.513091
0.50871
0.505757
0.508214
0.504849
0.525901
0.512884
0.519457
0.521622
0.513621
0.508751
0.512354
0.500166
0.907591
0.508046
0.512081
0.499744
0.540789
0.504071
0.51839
0.53399
0.495687
0.50382
0.510719
0.712403
0.50097
0.524075
0.511733
0.515692
0.506132
0.499147
0.5048
0.534405
0.511444
0.507976
0.506931
0.520087
0.658031
0.503931
0.508846
0.497164
0.502456
0.512228
0.516332
