0.531909
0.529489
0.524067
0.527264
0.532847
0.528386
0.530533
0.538541
0.539623
0.53535
0.53448
0.535787
0.531743
0.532964
0.52737
0.535439
0.526376
0.528163
0.524098
0.530976
0.531458
0.534144
0.545315
0.524921
0.519958
0.53222
0.525375
0.530068
0.535691
0.512444
0.51919
0.531906
0.542995
0.54348
0.541139
0.513236
0.518705
0.516984
0.517826
0.525059
0.533435
0.535727
0.523143
0.519371
0.521762
0.52195
0.520878
0.521469
0.5214
0.551847
0.538714
0.528727
0.54241
0.525771
0.538166
0.532578
0.532958
0.520638
0.521506
0.535851
0.534823
0.537109
0.539816
0.514943
0.541008
0.53993
0.532533
0.505159
0.519328
0.524425
0.529006
0.533119
0.522191
0.521812
0.520946
0.527448
0.525223
0.521918
0.521311
0.533237
0.530993
0.539671
0.551219
0.524302
0.518069
0.519931
0.524569
0.532446
0.509038
0.515582
0.526552
0.528222
0.527208
0.530444
0.521289
0.521648
0.542335
0.521742
0.521446
0.531858
0.527723
0.515777
0.517728
0.524188
0.524463
0.51777
0.530412
0.532029
0.52405
0.523465
0.521134
0.523201
0.522425
0.522532
0.51686
0.5173
0.527739
0.535622
0.536091
0.522125
0.521523
0.521034
0.533875
0.533008
0.533275
0.538704
0.53231
0.529884
0.536392
0.531828
0.522318
0.516851
0.512039
0.517684
0.521885
0.526267
0.521346
0.540067
0.522387
0.529878
0.531597
0.536362
0.54317
0.52095
0.526376
0.52483
0.511656
0.512993
0.521482
0.534396
0.51594
0.529223
0.528137
0.531772
0.525592
0.526803
0.527223
0.547708
0.552051
0.5371
0.538378
0.538119
0.539854
0.539153
0.526582
0.534646
0.52743
0.524806
0.523632
0.523422
0.527579
0.52487
0.525388
0.533329
0.533612
0.529527
0.521371
0.523051
0.51906
0.519066
0.526098
0.532111
0.524907
0.524732
0.52116
0.523954
0.521145
0.532419
0.522465
0.518431
0.519041
0.521547
0.51303
0.512078
0.524984
0.527071
0.52669
0.545562
0.533799
0.54256
0.519528
0.52118
0.522099
0.524244
0.524482
0.529027
0.529984
0.535282
0.520214
0.523356
0.522894
0.52307
0.539078
0.521062
0.518187
0.521364
0.522585
0.541354
0.535715
0.527856
0.522632
0.523228
0.527074
0.526957
0.527366
0.544908
0.532294
0.541641
0.54073
0.541721
0.528514
0.526638
0.535458
0.534368
0.529399
0.526028
0.531286
0.522432
0.515556
0.533365
0.520015
0.533823
0.508284
0.541148
0.546264
0.53566
0.52152
0.520578
0.524237
0.520156
0.519406
0.533993
0.524903
0.52654
0.522935
0.52261
0.533724
0.535222
0.533612
0.52033
0.52967
0.5248
0.537264
0.53364
0.528143
0.523323
0.54929
0.522477
0.532106
0.535067
0.536767
0.538929
0.542837
0.519869
0.519785
0.517932
0.520668
0.519431
0.520678
0.521464
0.506794
0.538357
0.537193
0.508663
0.522711
0.528549
0.521544
0.532271
0.526466
0.530259
0.515723
0.531701
0.53032
0.52418
0.52395
0.52535
0.531086
0.540001
0.526002
0.527022
0.539275
0.522881
0.524387
0.534868
0.521926
0.521871
0.526037
0.523788
0.520666
0.521503
0.525029
0.528976
0.521059
0.537175
0.532759
0.536451
0.530626
0.525579
0.52537
0.527421
0.529752
0.536816
0.513518
0.521028
0.520944
0.520625
0.527908
0.529362
0.511296
0.522338
0.529553
0.522185
0.507076
0.516796
0.521132
0.523827
0.523141
0.520676
0.515926
0.515147
0.521156
0.522309
0.522409
0.533969
0.519941
0.523138
0.521781
0.521337
0.524219
0.542161
0.525006
0.516787
0.522377
0.540434
0.522605
0.522874
0.525407
0.521514
0.520316
0.51976
0.522268
0.537091
0.532214
0.53376
0.530398
0.531002
0.519312
0.52509
0.521599
0.521875
0.525405
0.529694
0.538195
0.534125
0.50756
0.517793
0.523814
0.54058
0.521715
0.546127
0.535098
0.525969
0.520262
0.534325
0.53956
0.528655
0.523507
0.530167
0.525981
0.528758
0.525112
0.526881
0.520779
0.523861
0.524949
0.52121
0.528447
0.521061
0.5219
0.540902
0.53867
0.547254
0.523787
0.523194
0.53473
0.540987
0.555948
0.559298
0.569564
0.536363
0.51321
0.524651
0.522394
0.510307
0.522977
0.523665
0.528701
0.520243
0.524402
0.520464
0.519544
0.52428
0.524454
0.520761
0.521713
0.517816
0.514877
0.526136
0.524483
0.536063
0.520076
0.520121
0.520747
0.529583
0.52097
0.521799
0.517548
0.522712
0.517538
0.51991
0.525587
0.528732
0.520281
0.520582
0.520341
0.526666
0.527182
0.522015
0.540761
0.518011
0.536888
0.517575
0.521643
0.52032
0.521858
0.522683
0.53281
0.534284
0.532039
0.535999
0.538336
0.54169
0.521933
0.521709
0.521779
0.525739
0.52236
0.532945
0.516685
0.533474
0.519296
0.520724
0.522412
0.521764
0.521229
0.529254
0.523896
0.522367
0.521881
0.522029
0.52736
0.524644
0.519127
0.520821
0.534401
0.534307
0.531533
0.511034
0.526289
0.530865
0.523274
0.523222
0.519553
0.534465
0.51769
0.536118
0.521905
0.533714
0.531045
0.522208
0.530055
0.522167
0.533557
0.527682
0.51062
0.539777
0.535879
0.522198
0.521535
0.520008
0.527925
0.529176
0.533828
0.528225
0.539926
0.538161
0.534714
0.523594
0.53686
0.528261
0.530685
0.528875
0.53125
0.528944
0.530991
0.529079
0.522701
0.521503
0.521289
0.51861
0.525041
0.522336
0.522987
0.538594
0.532542
0.530483
0.528074
0.542647
0.523581
0.530322
0.527552
0.519583
0.529224
0.520726
0.515552
0.537039
0.536008
0.535579
0.552134
0.534106
0.540791
0.52358
0.528748
0.528012
0.523818
0.530391
0.521099
0.522365
0.520184
0.543295
0.543293
0.520371
0.518695
0.520365
0.521497
0.533641
0.539724
0.538053
0.51137
0.518798
0.525979
0.521292
0.536615
0.545404
0.524681
0.523808
0.525314
0.523219
0.529556
0.5339
0.53118
0.507799
0.530536
0.521723
0.518599
0.523513
0.536516
0.523472
0.533228
0.533188
0.524725
0.52535
0.526114
0.526034
0.536081
0.537656
0.506211
0.515133
0.518127
0.518906
0.541855
0.532438
0.533513
0.5324
0.528846
0.527789
0.529865
0.542232
0.547138
0.52308
0.523797
0.525932
0.522456
0.528253
0.542564
0.541539
0.52522
0.527651
0.523412
0.525834
0.523721
0.524277
0.52454
0.523987
0.530858
0.52288
0.532234
0.531983
0.521151
0.531193
0.542333
0.541811
0.518963
0.535001
0.524475
0.527544
0.52338
0.538057
0.509638
0.513371
0.525984
0.520035
0.527085
0.526245
0.520259
0.52287
0.528643
0.52327
0.518422
0.535807
0.531857
0.509017
0.523001
0.523624
0.531978
0.521955
0.521686
0.53499
0.538345
0.532292
0.525835
0.525896
0.522717
0.518382
0.509594
0.541268
0.522266
0.548862
0.53087
0.523515
0.529136
0.529082
0.528862
0.553367
0.53468
0.51278
0.519957
0.531432
0.540812
0.517101
0.525848
0.52222
0.530063
0.521793
0.521967
0.513119
0.519141
0.533206
0.525402
0.533687
0.52368
0.538631
0.526849
0.525595
0.518831
0.519711
0.537712
0.536059
0.528045
0.526514
0.522373
0.536668
0.53618
0.525911
0.520962
0.533737
0.525877
0.532983
0.5346
0.520256
0.523251
0.521407
0.521621
0.537691
0.521877
0.520264
0.537724
0.530303
0.519436
0.53191
0.52459
0.522008
0.521574
0.539345
0.532212
0.533026
0.527634
0.526772
0.524583
0.531761
0.537078
0.530813
0.523364
0.522964
0.524621
0.53106
0.5246
0.529077
0.520606
0.519502
0.520898
0.52242
0.507944
0.522416
0.53034
0.537643
0.535998
0.521851
0.522466
0.528457
0.528381
0.522207
0.52427
0.529654
0.530592
0.526028
0.526053
0.538831
0.509497
0.523752
0.530665
0.52256
0.519459
0.520551
0.52222
0.507761
0.528109
0.535844
0.522543
0.524637
0.525325
0.524099
0.523327
0.530755
0.534277
0.523237
0.542613
0.521578
0.531391
0.520603
0.525947
0.522829
0.519749
0.52596
0.537363
0.519977
0.521932
0.526176
0.529975
0.522085
0.523428
0.522032
0.521138
0.522634
0.530296
0.533088
0.534211
0.534412
0.528104
0.530196
0.521344
0.549787
0.505588
0.52111
0.522861
0.522778
0.523305
0.528365
0.518807
0.51958
0.522222
0.519332
0.51972
0.519701
0.52212
0.522602
0.522272
0.523677
0.519669
0.523166
0.520678
0.516721
0.518583
0.528457
0.521733
0.523399
0.524278
0.519892
0.522452
0.531827
0.533891
0.52445
0.524127
0.539083
0.525401
0.522182
0.523644
0.523898
0.521575
0.522237
0.5186
0.52265
0.520918
0.530931
0.522094
0.523168
0.52754
0.520645
0.519724
0.527977
0.507142
0.526832
0.523194
0.529294
0.521818
0.521254
0.51238
0.521565
0.520223
0.522604
0.529397
0.520841
0.525295
0.532491
0.528851
0.521454
0.521022
0.53961
0.521037
0.525321
0.535848
0.522922
0.507115
0.520541
0.524543
0.532236
0.527035
0.526007
0.535093
0.539128
0.522182
0.528772
0.532769
0.530965
0.527936
0.534251
0.5296
0.532469
0.513032
0.523802
0.527003
0.524739
0.526618
0.522236
0.524088
0.533259
0.522635
0.533135
0.519137
0.528214
0.527425
0.528067
0.505596
0.510751
0.527068
0.525136
0.52173
0.521194
0.521095
0.521416
0.528654
0.537012
0.521878
0.528535
0.530124
0.53063
0.519749
0.542269
0.524445
0.530736
0.537888
0.537651
0.530695
0.519924
0.511927
0.526922
0.53392
0.530491
0.525298
0.522558
0.526904
0.523672
0.522095
0.525069
0.521677
0.54975
0.533561
0.531822
0.530409
0.523404
0.531126
0.522742
0.528103
0.532061
0.521305
0.531582
0.516407
0.533688
0.518867
0.518262
0.540835
0.52736
0.532324
0.533591
0.509181
0.519433
0.528802
0.527101
0.520256
0.534523
0.539942
0.521498
0.5259
0.524356
0.526451
0.522665
0.526706
0.517086
0.529265
0.536574
0.520738
0.518656
0.522829
0.522148
0.519952
0.522188
0.549255
0.532428
0.543356
0.528695
0.535123
0.538393
0.522945
0.515947
0.519868
0.513545
0.527905
0.534424
0.535365
0.522722
0.522665
0.527474
0.52799
0.524481
0.524399
0.522428
0.511872
0.531982
0.528489
0.522739
0.531817
0.527571
0.541657
0.539629
0.517301
0.530189
0.518806
0.539901
0.520118
0.528184
0.533581
0.524171
0.517183
0.532792
0.522052
0.520735
0.525514
0.519149
0.524007
0.521215
0.522285
0.535998
0.546094
0.537028
0.546887
0.535472
0.526284
0.538353
0.53553
0.518078
0.547005
0.519041
0.527695
0.514362
0.5198
0.517881
0.537968
0.523055
0.514213
0.53733
0.520773
0.513759
0.533369
0.522868
0.523757
0.523867
0.526536
0.52523
0.528703
0.520319
0.523325
0.525968
0.537025
0.520259
0.531658
0.523979
0.52196
0.520972
0.521878
0.515502
0.522124
0.543432
0.525868
0.526623
0.513839
0.518515
0.5145
0.532849
0.514224
0.515044
0.519701
0.513927
0.520939
0.508986
0.5152
0.527063
0.530032
0.524668
0.545852
0.547683
0.530508
0.533468
0.520671
0.533881
0.527704
0.530265
0.511305
0.523938
0.527996
0.535501
0.522528
0.529561
0.543974
0.514121
0.524375
0.535431
0.540019
0.528723
0.529351
0.52913
0.506328
0.51871
0.528351
0.52694
0.520047
0.521124
0.532138
0.53228
0.522849
0.53321
0.51717
0.523031
0.535079
0.528098
0.519602
0.511958
0.509674
0.523592
0.521657
0.531759
0.536731
0.514808
0.508331
0.521286
0.53813
0.540853
0.536059
0.516165
0.514944
0.52884
0.528077
0.521117
0.520061
0.531629
0.517256
0.527149
0.513392
0.52516
0.521295
0.521579
0.521823
0.517794
0.531268
0.536974
0.530071
0.53506
0.522342
0.522622
0.526059
0.538369
0.528824
0.519661
0.529951
0.508233
0.514377
0.527861
0.523617
0.514518
0.519963
0.528863
0.506784
0.512578
0.530772
0.532439
0.523071
0.523685
0.51729
0.514789
0.510723
0.525265
0.514376
0.521283
0.540959
0.517923
0.519529
0.530377
0.506734
0.512556
0.524932
0.528041
0.544445
0.537868
0.537258
0.521839
0.534477
0.526981
0.536949
0.520228
0.516077
0.529418
0.542908
0.521845
0.51848
0.512555
0.5148
0.50621
0.521456
0.534769
0.51518
0.510526
0.532849
0.534818
0.52447
0.525309
0.535539
0.529632
0.526112
0.520673
0.523265
0.520516
0.535051
0.549624
0.522272
0.523477
0.528013
0.526236
0.522138
0.520122
0.516765
0.522959
0.522337
0.521832
0.521771
0.520287
0.520029
0.519846
0.497229
0.522563
0.524422
0.523003
0.518325
0.525214
0.524845
0.521069
0.533088
0.528307
0.524375
0.537241
0.537391
0.524373
0.52497
0.507783
0.517267
0.530452
0.520398
0.535895
0.520364
0.521381
0.520928
0.524646
0.520097
0.519769
0.523109
0.526009
0.524324
0.519761
0.531438
0.515988
0.522786
0.522348
0.522303
0.52251
0.523028
0.543219
0.51972
0.520576
0.540693
0.5253
0.52034
0.53045
0.529114
0.517755
0.526554
0.523008
0.534085
0.521868
0.521711
0.523034
0.535183
0.517285
0.521912
0.529314
0.526389
0.512009
0.522728
0.523679
0.530865
0.523768
0.52291
0.519603
0.526211
0.522845
0.518069
0.521717
0.536938
0.52417
0.516678
0.514556
0.530715
0.520888
0.524238
0.51222
0.523981
0.521037
0.522506
0.523432
0.524405
0.546279
0.52134
0.519622
0.52558
0.537261
0.522058
0.527826
0.524486
0.548512
0.526933
0.539816
0.525061
0.522314
0.520697
0.53913
0.525202
0.522034
0.527931
0.523922
0.528744
0.529152
0.531075
0.522459
0.525087
0.521854
0.530461
0.522896
0.521273
0.517182
0.518417
0.525996
0.531457
0.512881
0.52354
0.517801
0.538498
0.520281
0.522363
0.519978
0.521958
0.514521
0.53388
0.528133
0.528055
0.527965
0.523319
0.533778
0.517658
0.522821
0.5334
0.533124
0.523485
0.513615
0.520654
0.5313
0.519665
0.529317
0.535756
0.538497
0.53985
0.521552
0.521016
0.514855
0.524235
0.531685
0.524799
0.521083
0.530589
0.53669
0.522184
0.539863
0.534028
0.520271
0.518239
0.522398
0.546721
0.523679
0.520668
0.533231
0.528807
0.519937
0.531625
0.518523
0.521077
0.527528
0.521215
0.528819
0.522213
0.521638
0.523248
0.521953
0.525261
0.53293
0.533939
0.52987
0.515697
0.539506
0.520769
0.531426
0.519536
0.520966
0.533306
0.530638
0.524175
0.522867
0.520725
0.544919
0.523407
0.518765
0.522527
0.522297
0.530577
0.513584
0.531344
0.51779
0.525375
0.530352
0.511449
0.521488
0.518083
0.527822
0.524018
0.537861
0.522289
0.531102
0.522326
0.525601
0.541878
0.518431
0.537348
0.547563
0.522908
0.522776
0.523053
0.522235
0.520133
0.536557
0.521906
0.515412
0.530473
0.523799
0.535626
0.52601
0.525837
0.516722
0.534225
0.520708
0.530068
0.534874
0.540748
0.536241
0.524085
0.523626
0.519449
0.521067
0.515343
0.527573
0.530804
0.547615
0.521621
0.536243
0.522723
