0.515867
0.514189
0.679462
0.697662
0.53697
0.532036
0.535424
0.525679
0.513759
0.518464
0.494384
0.519629
0.513055
0.51513
0.513918
0.52316
0.512973
0.502999
0.506033
0.537948
0.581275
0.503083
0.501744
0.494492
0.525886
0.523375
0.527389
0.532615
0.520131
0.526348
0.512217
0.506436
0.508495
0.524064
0.521601
0.496651
0.495867
0.499008
0.503127
0.730218
0.520214
0.521771
0.518851
0.49888
0.524898
0.523292
0.487172
0.525952
0.524477
0.524624
0.524454
0.514416
0.52718
0.511405
0.519587
0.533367
0.535109
0.516329
0.505014
0.510003
0.508023
0.505844
0.507056
0.521067
0.517143
0.518592
0.518803
0.521091
0.528298
0.528192
0.528782
0.516584
0.513972
0.52408
0.517161
0.519209
0.537641
0.537026
0.525237
0.528196
0.524418
0.632255
0.623443
0.720673
0.66673
0.527664
0.527724
0.513536
0.520557
0.522086
0.517789
0.516369
0.52349
0.522092
0.521912
0.521604
0.524129
0.525101
0.52454
0.500352
0.501658
0.520021
0.521906
0.507322
0.505375
0.524049
0.538989
0.505708
0.528715
0.508506
0.509515
0.647705
0.504891
0.507046
0.511062
0.509681
0.518602
0.525206
0.518789
0.525616
0.508845
0.510504
0.50512
0.489054
0.496555
0.7677
0.504103
0.506015
0.506229
0.500159
0.508363
0.509652
0.519811
0.519599
0.504754
0.50947
0.516561
0.520599
0.533885
0.530389
0.528365
0.522035
0.525923
0.521459
0.523492
0.505504
0.506065
0.506267
0.513744
0.514169
0.513932
0.516521
0.523812
0.522298
0.629842
0.605137
0.618403
0.518236
0.513309
0.517296
0.569196
0.54823
0.525705
0.527827
0.511795
0.520974
0.520769
0.516228
0.516176
0.514896
0.50622
0.50493
0.505072
0.496677
0.502547
0.497919
0.509449
0.57902
0.573893
0.52403
0.52415
0.516823
0.50422
0.511762
0.548955
0.518966
0.525669
0.524925
0.522216
0.508444
0.512937
0.519116
0.518604
0.545339
0.520736
0.513289
0.500278
0.512857
0.513537
0.499013
0.494779
0.526549
0.524209
0.52046
0.512831
0.505006
0.516918
0.503858
0.508898
0.502118
0.511732
0.515456
0.507179
0.507344
0.50433
0.504427
0.519086
0.524333
0.525627
0.52522
0.525758
0.518585
0.520103
0.52235
0.515466
0.519414
0.510375
0.510597
0.514171
0.732302
0.654829
0.696752
0.505431
0.502255
0.520627
0.519119
0.516535
0.514927
0.577021
0.627036
0.536981
0.505524
0.511359
0.502127
0.521269
0.519758
0.509749
0.506731
0.502589
0.510078
0.506386
0.501428
0.562844
0.597137
0.525714
0.521449
0.519614
0.511183
0.511354
0.511935
0.510712
0.516841
0.516235
0.507653
0.521278
0.510691
0.54621
0.501426
0.498362
0.50548
0.599956
0.510022
0.525148
0.529148
0.513705
0.517468
0.514507
0.514838
0.518558
0.497874
0.524046
0.519069
0.495593
0.498312
0.512483
0.524582
0.514443
0.51508
0.528264
0.522438
0.725167
0.506447
0.506066
0.520017
0.526223
0.519786
0.519817
0.516976
0.518552
0.51688
0.515071
0.504759
0.508068
0.519726
0.524268
0.52645
0.510395
0.512351
0.50137
0.509731
0.511278
0.773846
0.514699
0.509508
0.505319
0.546052
0.512494
0.500036
0.503903
0.513944
0.50738
0.497012
0.726832
0.77953
0.774956
0.766279
0.508862
0.628622
0.516143
0.518781
0.504336
0.528181
0.504337
0.507048
0.515108
0.515006
0.512616
0.533878
0.50507
0.503414
0.500287
0.50095
0.535618
0.49834
0.590417
0.600294
0.528188
0.522802
0.790696
0.663231
0.502793
0.517655
0.515442
0.519692
0.522316
0.520949
0.521865
0.529747
0.530362
0.538871
0.538731
0.528605
0.509491
0.508375
0.508083
0.510361
0.518494
0.516147
0.513923
0.517575
0.525949
0.524971
0.50093
0.524215
0.533619
0.527585
0.530086
0.548229
0.52344
0.520698
0.705251
0.514469
0.523873
0.5244
0.506819
0.514632
0.50371
0.511075
0.649941
0.699531
0.502744
0.503224
0.501175
0.500471
0.517849
0.509852
0.507732
0.50759
0.516556
0.509134
0.528128
0.528796
0.49506
0.526093
0.513489
0.518854
0.521266
0.696529
0.73756
0.521095
0.523182
0.525016
0.526715
0.512936
0.540728
0.523261
0.523347
0.506576
0.504101
0.508505
0.521191
0.511456
0.51672
0.509046
0.504635
0.665588
0.509564
0.52255
0.528714
0.517321
0.504692
0.525169
0.52693
0.507442
0.508912
0.506616
0.534764
0.525008
0.517768
0.505838
0.517427
0.507453
0.5719
0.524796
0.521801
0.517769
0.52361
0.527501
0.525857
0.507524
0.511633
0.522595
0.514463
0.497761
0.516521
0.514436
0.505403
0.506149
0.505388
0.504107
0.522604
0.521546
0.512679
0.50755
0.504681
0.500533
0.508184
0.507194
0.505734
0.688596
0.707088
0.772519
0.520312
0.524934
0.514943
0.514501
0.523394
0.491476
0.648619
0.601717
0.522426
0.515428
0.502192
0.507843
0.527725
0.513981
0.504584
0.498155
0.508667
0.507252
0.511036
0.508846
0.513086
0.516236
0.530421
0.526776
0.502822
0.530381
0.741528
0.648165
0.667122
0.627055
0.676571
0.684429
0.517032
0.505177
0.513268
0.517418
0.553842
0.611551
0.583521
0.540474
0.524086
0.515849
0.51001
0.549136
0.504689
0.504867
0.527605
0.511896
0.514185
0.526532
0.524026
0.522737
0.688194
0.540565
0.515775
0.520717
0.51012
0.530219
0.523086
0.525499
0.526638
0.521285
0.517573
0.502425
0.504968
0.51325
0.510585
0.512632
0.50244
0.519352
0.516152
0.509793
0.509435
0.6281
0.598923
0.591748
0.511387
0.498932
0.496091
0.523533
0.527604
0.599033
0.503689
0.504295
0.507042
0.508708
0.540868
0.540531
0.527064
0.524525
0.5289
0.527292
0.528392
0.515042
0.510356
0.721302
0.659412
0.512254
0.509062
0.496842
0.499528
0.523044
0.524269
0.523365
0.521174
0.504902
0.507273
0.523576
0.525336
0.52527
0.505684
0.506641
0.516473
0.526496
0.530971
0.550803
0.542837
0.534719
0.539325
0.514023
0.516585
0.579761
0.533768
0.525233
0.52344
0.525455
0.520994
0.5209
0.522543
0.517584
0.521297
0.510143
0.506905
0.511185
0.511988
0.507836
0.530833
0.518533
0.508982
0.509652
0.515996
0.509799
0.509162
0.512659
0.516482
0.524548
0.525469
0.515756
0.510087
0.525586
0.508193
0.513441
0.511583
0.518838
0.517521
0.509727
0.529975
0.502603
0.51206
0.503387
0.49951
0.53158
0.507899
0.497748
0.497402
0.497076
0.524183
0.505579
0.498143
0.519677
0.528042
0.503115
0.524546
0.510411
0.534933
0.522144
0.505732
0.506799
0.507683
0.506288
0.523569
0.526044
0.531852
0.510313
0.519469
0.516422
0.521884
0.526218
0.507645
0.596609
0.521087
0.521266
0.525528
0.537076
0.502151
0.504184
0.528015
0.523742
0.518668
0.508544
0.52692
0.531807
0.508441
0.510306
0.664452
0.663958
0.522192
0.518236
0.512953
0.504084
0.582881
0.655566
0.518502
0.53287
0.553632
0.504739
0.507372
0.509665
0.509812
0.505835
0.510811
0.512076
0.522295
0.523288
0.506459
0.506102
0.512267
0.515028
0.522535
0.516023
0.521462
0.522686
0.531595
0.504018
0.506955
0.507503
0.515236
0.504982
0.527259
0.519147
0.506028
0.512094
0.509527
0.569169
0.548927
0.494901
0.506439
0.539985
0.537629
0.504111
0.508929
0.509934
0.5077
0.509244
0.50832
0.522676
0.523296
0.539232
0.500097
0.522029
0.512911
0.505825
0.52742
0.660977
0.500817
0.500153
0.499779
0.515488
0.545406
0.535659
0.499952
0.527611
0.522955
0.509922
0.512337
0.510849
0.501444
0.509728
0.513421
0.511874
0.524494
0.526479
0.497911
0.500265
0.501511
0.504844
0.529127
0.526774
0.525499
0.509633
0.68194
0.670681
0.512065
0.511362
0.519539
0.520755
0.513481
0.515103
0.520489
0.517012
0.539202
0.535794
0.509094
0.507716
0.752722
0.523443
0.525312
0.514611
0.505062
0.502224
0.508788
0.525087
0.520819
0.509523
0.501249
0.506274
0.525858
0.545001
0.508629
0.523782
0.511213
0.50925
0.509481
0.494172
0.499005
0.507996
0.513696
0.521107
0.523166
0.511851
0.511904
0.510785
0.519863
0.525695
0.52561
0.506195
0.522015
0.52319
0.505726
0.50337
0.507535
0.517729
0.525441
0.528547
0.569419
0.562966
0.502528
0.50562
0.519969
0.548349
0.545462
0.508669
0.518946
0.717071
0.522128
0.512967
0.510853
0.512556
0.528862
0.538994
0.530365
0.517096
0.517454
0.508002
0.527446
0.506871
0.495198
0.492473
0.498366
0.502257
0.505615
0.50253
0.493593
0.52329
0.527168
0.499022
0.515811
0.518063
0.519134
0.5397
0.497217
0.574492
0.597409
0.521182
0.514229
0.503668
0.504126
0.503579
0.506032
0.519583
0.510619
0.514634
0.513886
0.512022
0.525938
0.526958
0.514931
0.514696
0.52717
0.523931
0.528061
0.528439
0.527567
0.506043
0.511353
0.501886
0.49777
0.751368
0.678424
0.524826
0.511862
0.531428
0.528123
0.525731
0.49947
0.500734
0.527982
0.532728
0.499843
0.510793
0.509017
0.526837
0.528417
0.516041
0.505468
0.704747
0.667171
0.709891
0.535587
0.508592
0.527177
0.530605
0.528732
0.503804
0.506098
0.512942
0.50479
0.509261
0.520284
0.503962
0.513731
0.510039
0.528776
0.51357
0.511389
0.509369
0.520341
0.517478
0.51439
0.519127
0.515541
0.518984
0.521276
0.542855
0.512257
0.506801
0.684835
0.507799
0.508349
0.509936
0.525756
0.619941
0.634102
0.505767
0.517492
0.521552
0.512826
0.497933
0.514233
0.495799
0.533696
0.529242
0.525873
0.535281
0.504274
0.505892
0.520616
0.511601
0.514826
0.526079
0.525129
0.51449
0.521335
0.686711
0.541416
0.506743
0.503614
0.504337
0.511695
0.523077
0.512298
0.515948
0.725186
0.495237
0.494319
0.584789
0.613203
0.577657
0.553147
0.551775
0.509917
0.509161
0.503157
0.501095
0.50851
0.524732
0.499602
0.516985
0.514292
0.530129
0.523186
0.524375
0.513901
0.510436
0.513146
0.515866
0.517248
0.523933
0.525144
0.515036
0.50771
0.503579
0.525154
0.563547
0.541065
0.507145
0.512892
0.513575
0.512225
0.516471
0.530416
0.527086
0.524579
0.522159
0.528444
0.517196
0.501002
0.517574
0.508173
0.521643
0.497056
0.521665
0.519257
0.520527
0.512035
0.537296
0.530999
0.527581
0.525741
0.531232
0.609354
0.516907
0.504331
0.504384
0.513869
0.518135
0.504093
0.505769
0.525438
0.524035
0.528451
0.524042
0.52053
0.525079
0.522426
0.51586
0.506566
0.507851
0.496858
0.515138
0.489702
0.50693
0.522695
0.526881
0.539045
0.51496
0.51105
0.517989
0.523287
0.518638
0.511399
0.534337
0.54085
0.53616
0.543602
0.539913
0.540772
0.535144
0.539499
0.503647
0.509863
0.51326
0.502157
0.542117
0.505921
0.509763
0.513059
0.509067
0.507064
0.521668
0.507122
0.505288
0.750183
0.524292
0.531585
0.513817
0.515779
0.551956
0.515437
0.520341
0.530147
0.522199
0.521603
0.526615
0.510688
0.503975
0.580935
0.509201
0.51045
0.515475
0.675933
0.508217
0.520844
0.520141
0.510204
0.509074
0.502953
0.505978
0.515496
0.509205
0.574238
0.590675
0.63024
0.542233
0.507157
0.511564
0.513449
0.514436
0.578895
0.510503
0.509212
0.529284
0.522923
0.523676
0.516901
0.505895
0.523181
0.497345
0.51527
0.501998
0.52459
0.514458
0.787877
0.689267
0.759872
0.526488
0.495281
0.500014
0.536969
0.522948
0.521888
0.504951
0.518882
0.516318
0.499079
0.504304
0.503652
0.510346
0.514544
0.511166
0.524096
0.505827
0.526913
0.500814
0.51992
0.573839
0.515689
0.513633
0.512051
0.508855
0.564619
0.741902
0.501134
0.513737
0.51653
0.517304
0.517268
0.510294
0.51662
0.516084
0.637956
0.510847
0.499154
0.608597
0.513008
0.680132
0.529034
0.50681
0.516746
0.501626
0.513371
0.505854
0.522577
0.502523
0.510593
0.503963
0.508511
0.501529
0.505397
0.52494
0.510561
0.505581
0.507223
0.510654
0.51289
0.502217
0.528654
0.548095
0.526019
0.513648
0.523354
0.511023
0.51168
0.56338
0.51238
0.520267
0.509371
0.511246
0.525805
0.512622
0.516165
0.509638
0.506766
0.505786
0.518459
0.519434
0.610278
0.511907
0.49751
0.520658
0.525768
0.509717
0.497131
0.528432
0.51694
0.519244
0.526779
0.495713
0.509412
0.512712
0.495213
0.512108
0.502447
0.518861
0.528619
0.495532
0.507838
0.547114
0.512344
0.513418
0.506338
0.5052
0.494512
0.522694
0.514642
0.707504
0.761153
0.526453
0.618823
0.659316
0.598885
0.614139
0.521662
0.512762
0.518551
0.551769
0.519784
0.525103
0.517945
0.495403
0.620937
0.525447
0.51044
0.517646
0.51337
0.543841
0.521224
0.513056
0.505788
0.518702
0.698144
0.543127
0.522573
0.522009
0.531695
0.690403
0.560046
0.501302
0.521763
0.522869
0.632127
0.509608
0.510016
0.511281
0.531188
0.508808
0.53025
0.527589
0.517732
0.500896
0.501195
0.520334
0.523799
0.524946
0.507767
0.516357
0.507148
0.517757
0.521346
0.525552
0.507233
0.557633
0.524062
0.529343
0.531001
0.511483
0.517878
0.554503
0.506029
0.511304
0.607244
0.505751
0.499954
0.511988
0.511733
0.53745
0.531015
0.523005
0.519806
0.517808
0.52615
0.546136
0.534006
0.508279
0.52444
0.530982
0.53396
0.507301
0.513072
0.497956
0.497781
0.49327
0.503876
0.517642
0.508328
0.522093
0.501709
0.503728
0.518104
0.546656
0.507842
0.51264
0.510538
0.513772
0.559284
0.527374
0.558837
0.551932
0.507417
0.503764
0.515408
0.51567
0.506217
0.504305
0.527091
0.494256
0.50931
0.509097
0.51045
0.511448
0.517492
0.514806
0.530068
0.521092
0.492308
0.498024
0.524709
0.508996
0.65124
0.495537
0.495453
0.524593
0.509005
0.50088
0.510669
0.496026
0.506395
0.521482
0.521059
0.520383
0.518114
0.499553
0.502621
0.569736
0.50038
0.508335
0.514118
0.51234
0.52552
0.513535
0.543318
0.531643
0.506256
0.508406
0.508766
0.683929
0.5143
0.500887
0.505914
0.495019
0.527576
0.530415
0.508115
0.5071
0.528211
0.506487
0.500691
0.510637
0.524508
0.531414
0.525025
0.544506
0.50354
0.530013
0.506772
0.516637
0.541937
0.526685
0.536271
0.520671
0.500817
0.515793
0.511806
0.509595
0.509578
0.50352
0.528353
0.530915
0.531282
0.50605
0.524069
0.511034
0.517977
0.516416
0.51529
0.506843
0.509315
0.518972
0.530026
0.516212
0.509904
0.519327
0.507312
0.512764
0.499426
0.506356
0.528827
0.807474
0.521261
0.524041
0.517804
0.527976
0.504917
0.517727
0.512037
0.521106
0.51959
0.537158
0.800412
0.518562
0.522232
0.508389
0.526606
0.750426
0.501832
0.521648
0.75777
0.498237
0.521936
0.519991
0.513958
0.515321
0.54203
0.528033
0.653536
0.507779
0.525553
0.504051
0.682582
0.514859
0.526649
0.508318
0.506674
0.515582
0.506555
0.508136
0.511902
0.505503
0.529625
0.537709
0.528168
0.512042
0.508803
0.509053
0.526764
0.525572
0.523993
0.525505
0.526465
0.527491
0.506745
0.747619
0.527603
0.505863
0.50256
0.511599
0.527942
0.51534
0.522724
0.526792
0.525762
0.501175
0.516916
0.50413
0.722151
0.507775
0.508896
0.512763
0.525411
0.525155
0.520417
0.528233
0.539656
0.556574
0.528187
0.564429
0.519792
0.496708
0.512304
0.669364
0.537201
0.513564
0.503167
0.535163
0.53903
0.508793
0.546154
0.543385
0.748024
0.49427
0.519986
0.526733
0.541371
0.513855
0.499972
0.527611
0.507136
0.508863
0.511619
0.655179
0.50649
0.501686
0.533692
0.509655
0.510717
0.543575
0.49985
0.520764
0.515152
0.508981
0.50651
0.531245
0.503549
0.506048
0.496213
0.517533
0.518368
0.504579
0.503012
0.509447
0.522271
0.525994
0.495385
0.503469
0.50894
0.541232
0.50875
0.502159
0.527502
0.527984
0.496183
0.502935
0.512548
0.51837
0.507755
0.700926
0.526695
0.504916
0.569235
0.505485
0.52595
0.501196
0.508907
0.512772
0.521164
0.527952
0.518193
0.673501
0.601432
0.518893
0.507196
0.500003
0.507155
0.509535
0.50924
0.506462
0.51195
0.515353
0.505755
0.522145
0.540231
0.514477
0.512687
0.51662
0.521565
0.529968
0.521047
0.505035
0.510136
0.5215
0.525446
0.54447
0.513907
0.523061
0.511323
0.515264
0.505067
0.511643
0.588471
0.52833
0.503069
0.541494
0.528014
0.497784
0.544136
0.518951
0.51072
0.525911
0.507196
0.54117
0.529963
0.523321
0.547529
0.509452
0.511209
0.511716
0.511517
0.520301
0.491505
0.583885
0.507232
0.508808
0.544905
0.518977
0.507016
0.568769
0.501169
0.557602
0.711137
0.528076
0.521403
0.542877
0.515446
0.522956
0.524834
0.511306
0.509521
0.510327
0.516442
0.501868
0.511437
0.791369
0.506908
0.526521
0.514215
0.522883
0.519203
0.508366
0.507869
0.624014
0.512904
0.521567
0.518818
0.613756
0.513412
0.506981
0.522532
0.522844
0.511189
0.508918
0.521242
0.52398
0.532393
0.511518
0.50913
0.511642
0.519853
0.514248
0.510202
0.524981
0.514228
0.516421
0.509703
0.52432
0.512368
0.51491
0.569459
0.506348
0.510265
0.508479
0.49907
0.524374
0.510071
0.507031
0.513763
0.570041
0.569931
0.55614
0.633354
0.566176
0.523973
0.516396
0.530606
0.544212
0.509028
0.514894
0.503404
0.505478
0.504271
0.508796
0.511223
0.508045
0.503315
0.505273
0.518417
0.498216
0.509341
0.505905
0.519183
0.516383
0.684862
0.517768
0.531248
0.526058
0.530257
0.519047
0.512026
0.531785
0.506485
0.528647
0.513584
0.509471
0.511278
0.518017
0.521892
0.518309
0.575427
0.597028
0.505598
0.500951
0.595843
0.522323
0.514401
0.507553
0.53189
0.515759
0.514961
0.533013
0.514074
0.525199
0.506418
0.511741
0.509655
0.503073
0.52569
0.509113
0.506283
0.516464
0.508378
0.500851
0.512687
0.519067
0.517788
0.52429
0.502024
0.503499
0.503061
0.531616
0.532117
0.528011
0.50704
0.525122
0.523028
0.515672
0.502556
0.511128
0.50563
0.512533
0.513359
0.520224
0.492727
0.512703
0.512366
0.526296
0.512564
0.51692
0.597913
0.503286
0.508219
0.529761
0.524962
0.584211
0.554195
0.507378
0.513492
0.533353
0.528611
0.526361
0.509606
0.523158
0.515921
0.518417
0.520782
0.512867
0.516036
0.518588
0.51278
0.502579
0.513297
0.516031
0.552233
0.5201
0.517703
0.514616
0.520812
0.545693
0.523521
0.507949
0.507711
0.519471
0.498576
0.518353
0.526412
0.505181
0.515942
0.530276
0.537773
0.514431
0.509032
0.536385
0.505926
0.498827
0.514366
0.509767
0.515308
0.501487
0.515507
0.519888
0.511407
0.509113
0.51101
0.504123
0.509474
0.509618
0.509716
0.517659
0.521078
0.517726
0.518975
0.520718
0.512006
0.506525
0.505471
0.516909
0.516532
0.501475
0.507383
0.508114
0.511113
0.501502
0.502459
0.513475
0.516209
0.514671
0.537157
0.50719
0.505713
0.511973
0.518693
0.50432
0.511585
0.521519
0.521549
0.515085
0.518363
0.514489
0.507605
0.504708
0.508522
0.515137
0.525971
0.507033
0.499072
0.516041
0.51725
0.517014
0.516342
0.509829
0.5229
0.518035
0.504631
0.664079
0.515288
0.511356
0.526372
0.516877
0.513843
0.504226
0.513098
0.519059
0.515772
0.530361
0.509029
0.536346
0.521655
0.513416
0.511878
0.519313
0.516475
0.525266
0.504263
0.513854
0.529403
0.514561
0.511121
0.528131
0.51077
0.511215
0.521334
0.521369
0.518082
0.522616
0.521859
0.524742
0.524275
0.504347
0.531846
0.514104
0.514736
0.5316
0.520029
0.52638
0.531929
0.503921
0.504941
0.524009
0.733843
0.515562
0.519554
0.63738
0.517341
0.533765
0.51101
0.524356
0.559069
0.507463
0.52719
0.522595
0.520376
0.509896
0.503812
0.503236
0.529676
0.673249
0.509251
0.51887
0.522271
0.517296
0.510983
0.545415
0.514192
0.50143
0.496282
0.515097
0.519587
0.517125
0.51474
0.518589
0.500435
0.523154
0.509703
0.505037
0.512064
0.511984
0.525077
0.519005
0.526423
0.512948
0.510702
0.525591
0.524599
0.533202
0.531445
0.51208
0.534839
0.531976
0.736693
0.535837
0.505468
0.504074
0.516727
0.515559
0.507602
0.622851
0.593503
0.5118
0.517047
0.535767
0.51193
0.530108
0.524663
0.497471
0.556159
0.51098
0.547023
0.527778
0.537934
0.534058
0.515932
0.548135
0.507088
0.505351
0.506449
0.506631
0.509914
0.527064
0.528009
0.520045
0.51026
0.505359
0.522157
0.5294
0.541808
0.519227
0.51261
0.511536
0.517868
0.522233
0.526051
0.522188
0.52812
0.511647
0.518219
0.517952
0.514997
0.510599
0.524717
0.516656
0.563626
0.519777
0.520146
0.505565
0.530262
0.535079
0.50876
0.525022
0.531876
0.511142
0.522631
0.517183
0.509033
0.50557
0.517204
0.500881
0.529949
0.518252
0.507268
0.511151
0.522898
0.521083
0.582665
0.520382
0.520373
0.518921
0.753891
0.506649
0.50784
0.517976
0.507907
0.529664
0.535645
0.538748
0.507936
0.514459
0.499443
0.516375
0.528971
0.509681
0.504651
0.49752
0.540569
0.518597
0.517058
0.506855
0.520571
0.516951
0.701746
0.499902
0.757888
0.510125
0.508034
0.504688
0.498524
0.504485
0.509929
0.506228
0.511558
0.504995
0.519774
0.565058
0.513921
0.526676
0.523244
0.514989
0.513637
0.57117
0.649591
0.517862
0.506647
0.502327
0.536526
0.542189
0.510412
0.657299
0.506004
0.531272
0.503584
0.504415
0.573312
0.538673
0.694285
0.513786
0.509678
0.523807
0.507869
0.503667
0.515548
0.508878
0.500426
0.504047
0.527072
0.500423
0.521411
0.549098
0.519499
0.521882
0.506125
0.516052
0.510696
0.51888
0.499296
0.536458
0.516972
0.530586
0.526437
0.515173
0.533373
0.503725
0.511076
0.509942
0.50194
0.505285
0.500587
0.521754
0.515117
0.504531
0.524348
0.505447
0.526043
0.531449
0.524132
0.507808
0.526424
0.49373
0.500373
0.503451
0.52525
0.500097
0.524102
0.517662
0.502375
0.504231
0.508337
0.540464
0.503988
0.514058
0.505396
0.505892
0.541345
0.525402
0.509961
0.512308
0.524548
0.506526
0.549971
0.519282
0.554132
0.513681
0.528709
0.520465
0.524109
0.527653
0.541444
0.514172
0.525284
0.513323
0.553838
0.50686
0.517278
0.509353
0.514146
0.516135
0.735527
0.518242
0.531144
0.513737
0.504976
0.504999
0.502054
0.525477
0.523704
0.565732
0.517135
0.515158
0.508587
0.51277
0.758278
0.50731
0.508415
0.587946
0.527371
0.517207
0.528393
0.534503
0.523226
0.510534
0.513342
0.510315
0.504059
0.516433
0.51058
0.534372
0.545265
0.51734
0.503252
0.518303
0.530207
0.5195
0.527365
0.520629
0.497068
0.528222
0.52264
0.528986
0.524264
0.60306
0.517823
0.526707
0.514958
0.525273
0.562486
0.513542
0.519699
0.50707
0.508935
0.521538
0.512082
0.585083
0.508737
0.530564
0.506311
0.506236
0.510427
0.517119
0.519233
0.50731
0.501859
0.514258
0.529569
0.523047
0.514959
0.511632
0.506353
0.529752
0.527718
0.522507
0.527936
0.504761
0.519549
0.51741
0.534761
0.527799
0.527239
0.510548
0.522977
0.586683
0.513801
0.51488
0.507626
0.637519
0.702734
0.514141
0.536933
0.517386
0.517431
0.542944
0.519356
0.521392
0.540604
0.506284
0.493764
0.535786
0.610142
0.506935
0.522593
0.506305
0.509375
0.531597
0.521658
0.525872
0.523399
0.52792
0.513937
0.504691
0.686143
0.512736
0.527748
0.598371
0.622127
0.518746
0.518673
0.547765
0.52093
0.525048
0.514802
0.536779
0.695258
0.518443
0.506597
0.508185
0.513637
0.507154
0.526998
0.502022
0.521396
0.515495
0.513061
