0.527353
0.521323
0.516354
0.515164
0.534994
0.531833
0.533206
0.527953
0.502184
0.504478
0.511263
0.521906
0.504278
0.504239
0.507909
0.504971
0.503306
0.504251
0.505137
0.540257
0.582407
0.499407
0.497762
0.490632
0.524679
0.531154
0.536334
0.535737
0.507242
0.508471
0.509088
0.50684
0.507644
0.524772
0.526961
0.50759
0.511706
0.494061
0.496331
0.711492
0.514354
0.518037
0.496327
0.497672
0.526571
0.527526
0.529115
0.503545
0.51697
0.515388
0.511272
0.513624
0.524797
0.534828
0.536699
0.508277
0.512165
0.507232
0.518897
0.516576
0.507863
0.521176
0.517452
0.515495
0.529386
0.529562
0.529199
0.511844
0.527782
0.514029
0.514724
0.510093
0.534184
0.536009
0.587407
0.595045
0.622641
0.505892
0.511522
0.506285
0.520216
0.517328
0.518076
0.52622
0.519706
0.66889
0.612189
0.62878
0.498616
0.50216
0.523027
0.523607
0.519387
0.522347
0.522797
0.504113
0.503882
0.520972
0.52444
0.54437
0.546284
0.679528
0.644628
0.527337
0.537971
0.504884
0.526006
0.513108
0.516545
0.510248
0.509688
0.51116
0.512077
0.519453
0.516663
0.528202
0.523306
0.522742
0.523197
0.501968
0.504047
0.502456
0.699169
0.515059
0.515817
0.506374
0.508738
0.502228
0.503407
0.500729
0.524883
0.517222
0.51656
0.52339
0.531795
0.525394
0.526453
0.504458
0.497877
0.498859
0.514858
0.524373
0.523259
0.612111
0.576927
0.607174
0.518141
0.559338
0.564141
0.521017
0.520412
0.523346
0.511084
0.518405
0.518232
0.5299
0.535882
0.535614
0.527147
0.528253
0.528684
0.503773
0.504674
0.530999
0.491762
0.594497
0.581345
0.514976
0.511042
0.501065
0.523374
0.505421
0.503498
0.537856
0.530042
0.519024
0.523999
0.514091
0.517004
0.52341
0.508561
0.498899
0.513183
0.505722
0.508271
0.514504
0.529641
0.531664
0.519103
0.521391
0.509923
0.524092
0.504081
0.508876
0.525122
0.51744
0.518223
0.503442
0.502709
0.508636
0.50538
0.501678
0.511587
0.51034
0.508306
0.511953
0.504241
0.520852
0.522557
0.520459
0.524153
0.522131
0.509194
0.513472
0.513909
0.526039
0.523364
0.528271
0.64969
0.641204
0.514492
0.512686
0.543743
0.662156
0.696136
0.507234
0.507502
0.498999
0.521841
0.51997
0.519097
0.508532
0.504132
0.510852
0.510962
0.508985
0.498373
0.491682
0.545805
0.571987
0.515801
0.531432
0.529147
0.530752
0.521106
0.520956
0.50843
0.508613
0.51522
0.519736
0.512248
0.517933
0.519336
0.513123
0.511497
0.552107
0.506706
0.50486
0.502535
0.51729
0.517439
0.515697
0.509187
0.551595
0.554473
0.52792
0.508352
0.508556
0.508521
0.513827
0.525629
0.523291
0.51595
0.514498
0.513044
0.511989
0.512644
0.525151
0.519678
0.495533
0.495387
0.491665
0.506041
0.52715
0.522009
0.513734
0.515664
0.527198
0.528025
0.713232
0.70819
0.532388
0.524645
0.525474
0.527862
0.519927
0.528752
0.526358
0.523579
0.678909
0.529246
0.510421
0.510207
0.5101
0.50968
0.512556
0.511539
0.510461
0.508424
0.509936
0.5147
0.50776
0.509345
0.763802
0.698137
0.711014
0.513124
0.514489
0.53145
0.541484
0.53765
0.503357
0.505779
0.520241
0.519059
0.679422
0.663568
0.619695
0.51401
0.516503
0.512414
0.512656
0.507802
0.513455
0.512249
0.512078
0.504991
0.503967
0.529024
0.531495
0.526569
0.503816
0.505628
0.508127
0.525933
0.529449
0.528326
0.500291
0.511917
0.509975
0.503852
0.542794
0.495723
0.525918
0.52068
0.507003
0.504959
0.511874
0.678632
0.522079
0.52804
0.524933
0.536104
0.531619
0.50674
0.508117
0.506644
0.526703
0.506064
0.516511
0.525094
0.523714
0.528295
0.503736
0.529201
0.530631
0.528898
0.511237
0.539859
0.546287
0.537903
0.690811
0.50928
0.511654
0.511993
0.527434
0.501689
0.506
0.529451
0.505038
0.506214
0.522776
0.52884
0.507477
0.508145
0.539633
0.502423
0.496569
0.499697
0.521245
0.514876
0.514648
0.505682
0.506621
0.504598
0.527671
0.518159
0.531765
0.526019
0.52023
0.525157
0.525912
0.514409
0.509639
0.511768
0.531178
0.511339
0.52178
0.508192
0.507632
0.505087
0.520861
0.515977
0.523001
0.733388
0.684518
0.509344
0.511536
0.511229
0.510164
0.524559
0.511708
0.509172
0.532072
0.5314
0.524323
0.51982
0.521223
0.510732
0.514507
0.507455
0.51821
0.498686
0.518162
0.528445
0.524307
0.521914
0.525618
0.512951
0.50075
0.510786
0.499928
0.500412
0.500204
0.532879
0.531554
0.532388
0.511792
0.5051
0.503969
0.507447
0.50958
0.706925
0.635835
0.52509
0.497481
0.522868
0.516188
0.496457
0.626378
0.519722
0.515091
0.524838
0.550871
0.50306
0.52449
0.53194
0.525461
0.501267
0.49869
0.502439
0.500548
0.506566
0.51126
0.514955
0.512947
0.515936
0.510391
0.514008
0.511482
0.5115
0.510873
0.50857
0.60327
0.627142
0.645695
0.51135
0.528295
0.521395
0.537502
0.522527
0.521222
0.517605
0.518373
0.511532
0.508059
0.509036
0.522964
0.499627
0.516978
0.520144
0.513562
0.526902
0.518968
0.506184
0.519305
0.528872
0.526679
0.500238
0.531167
0.527127
0.513113
0.51601
0.514235
0.551695
0.52234
0.52082
0.528217
0.524804
0.506955
0.521357
0.526848
0.528153
0.5303
0.522322
0.528213
0.527399
0.521631
0.512148
0.494358
0.499356
0.505134
0.506692
0.565315
0.571495
0.511072
0.510988
0.508158
0.499004
0.520738
0.51004
0.56462
0.60617
0.585635
0.596038
0.512949
0.520295
0.515228
0.520908
0.505007
0.50695
0.507483
0.535492
0.525549
0.541899
0.541535
0.525296
0.524412
0.519244
0.515798
0.515502
0.511965
0.636834
0.594957
0.627595
0.511457
0.510661
0.509685
0.507935
0.508103
0.52807
0.519251
0.521911
0.50954
0.511141
0.51875
0.526487
0.536227
0.524063
0.525605
0.497351
0.505692
0.535585
0.544501
0.533416
0.540334
0.573707
0.510146
0.531856
0.513557
0.506869
0.593534
0.508185
0.507233
0.518629
0.517595
0.526421
0.50941
0.50773
0.506686
0.507421
0.510451
0.500456
0.671318
0.534304
0.525503
0.519652
0.520837
0.526402
0.519997
0.51562
0.524554
0.510314
0.520688
0.522977
0.527372
0.510361
0.513437
0.503596
0.513417
0.515604
0.504773
0.517855
0.500715
0.511606
0.512691
0.542453
0.506754
0.532847
0.543359
0.531588
0.512791
0.512509
0.502886
0.526923
0.527754
0.520589
0.527215
0.506046
0.505652
0.514932
0.528827
0.508499
0.509324
0.518772
0.519891
0.519592
0.594856
0.522799
0.529751
0.523593
0.538022
0.502956
0.505774
0.505601
0.508097
0.531952
0.524507
0.54124
0.503665
0.517629
0.508634
0.503824
0.50351
0.515397
0.532882
0.508335
0.505668
0.509476
0.511656
0.511265
0.52508
0.516522
0.537745
0.499838
0.504228
0.504275
0.502288
0.516732
0.496864
0.524479
0.516127
0.51981
0.51747
0.517098
0.532357
0.539302
0.497255
0.513081
0.508652
0.516612
0.518519
0.529089
0.565101
0.55729
0.497226
0.519217
0.506974
0.511075
0.532928
0.542311
0.536179
0.533102
0.528073
0.530915
0.503903
0.507262
0.504842
0.50313
0.501929
0.513098
0.515314
0.506772
0.506679
0.522662
0.528603
0.531107
0.529553
0.520567
0.5191
0.510182
0.510874
0.51207
0.527657
0.526509
0.524909
0.623486
0.511352
0.499002
0.497387
0.497209
0.496436
0.514386
0.544281
0.541081
0.530375
0.528703
0.521797
0.516563
0.509887
0.507949
0.497613
0.502231
0.521064
0.509746
0.528716
0.522645
0.502818
0.496851
0.508928
0.501387
0.50737
0.530473
0.527521
0.53946
0.535484
0.535102
0.510245
0.521865
0.523056
0.514325
0.663138
0.501043
0.509967
0.51499
0.540491
0.535725
0.506712
0.510633
0.513042
0.510679
0.513515
0.786422
0.657549
0.722833
0.519021
0.521496
0.505981
0.510714
0.515935
0.509605
0.537529
0.50851
0.511094
0.510017
0.53194
0.531816
0.541636
0.497317
0.500781
0.497797
0.497315
0.518653
0.504596
0.501995
0.526357
0.526358
0.528338
0.513349
0.519102
0.519626
0.522958
0.521987
0.519355
0.524935
0.513514
0.508103
0.512802
0.516586
0.50537
0.508447
0.513249
0.526298
0.525127
0.507245
0.52556
0.515127
0.508878
0.510067
0.563563
0.55875
0.496035
0.508642
0.522025
0.510897
0.500141
0.501583
0.52095
0.522449
0.772031
0.511922
0.510136
0.516441
0.519507
0.528018
0.531996
0.532659
0.516395
0.523627
0.59147
0.527194
0.525899
0.495138
0.50129
0.51735
0.512682
0.511773
0.505546
0.677214
0.503178
0.527385
0.497085
0.506056
0.512706
0.538679
0.515312
0.546587
0.601874
0.593945
0.513856
0.511071
0.508404
0.515171
0.510467
0.522266
0.525491
0.526718
0.505735
0.501885
0.51108
0.518538
0.5201
0.524088
0.529963
0.534914
0.655868
0.498721
0.500144
0.523596
0.508002
0.509278
0.512477
0.530837
0.533271
0.529511
0.525271
0.526706
0.541269
0.50711
0.504983
0.512407
0.5242
0.526273
0.511195
0.587573
0.555618
0.547639
0.594813
0.508364
0.510266
0.511623
0.533844
0.508689
0.522804
0.526715
0.510245
0.511677
0.510641
0.503478
0.506855
0.518493
0.499725
0.509934
0.510625
0.507724
0.506246
0.539028
0.531984
0.509167
0.518959
0.517448
0.507955
0.521713
0.535447
0.517333
0.702285
0.509244
0.509155
0.507539
0.507726
0.493847
0.502524
0.512945
0.521108
0.520278
0.52
0.513171
0.511697
0.496383
0.494741
0.493549
0.532105
0.524764
0.510342
0.506762
0.537795
0.535737
0.506463
0.526336
0.509122
0.509072
0.618795
0.527379
0.525196
0.524344
0.519323
0.510479
0.495698
0.504398
0.523213
0.519032
0.523717
0.512199
0.520162
0.518019
0.520794
0.509966
0.516348
0.515367
0.501997
0.525956
0.516354
0.510786
0.525523
0.528518
0.526585
0.505501
0.507619
0.553412
0.55509
0.744475
0.715813
0.510347
0.53051
0.499018
0.509521
0.510953
0.511323
0.510831
0.528612
0.526068
0.496626
0.51692
0.530286
0.5164
0.524099
0.514069
0.502009
0.515923
0.525193
0.497704
0.518229
0.528183
0.529856
0.503206
0.503802
0.506171
0.518165
0.553222
0.546366
0.635936
0.652431
0.520463
0.511194
0.513953
0.522256
0.526229
0.507135
0.504227
0.515997
0.515983
0.504493
0.492648
0.507571
0.522482
0.536048
0.543693
0.521949
0.557883
0.516326
0.511964
0.520466
0.529509
0.510453
0.529057
0.522709
0.51936
0.508657
0.504541
0.52095
0.522711
0.519904
0.515152
0.495075
0.50254
0.521178
0.495232
0.495395
0.496659
0.514976
0.524281
0.505738
0.508669
0.517208
0.515876
0.517063
0.510386
0.508352
0.533985
0.539773
0.503581
0.514952
0.502482
0.684733
0.500249
0.526356
0.524269
0.537276
0.537898
0.503568
0.502341
0.513694
0.5289
0.534857
0.520484
0.536477
0.504832
0.53436
0.506699
0.50528
0.503347
0.60835
0.511934
0.515634
0.513364
0.506562
0.517605
0.506768
0.51363
0.591542
0.513258
0.515187
0.506858
0.509136
0.527069
0.513346
0.514617
0.582727
0.529834
0.521477
0.522769
0.519872
0.564202
0.546416
0.497752
0.504674
0.505373
0.528566
0.511496
0.526932
0.504927
0.507825
0.509282
0.507978
0.515461
0.514644
0.512668
0.52363
0.522034
0.523524
0.515173
0.519309
0.52585
0.504034
0.50124
0.504971
0.513361
0.613552
0.525702
0.509354
0.498299
0.497533
0.522335
0.513269
0.5156
0.521414
0.53117
0.501328
0.704155
0.515196
0.514412
0.502603
0.513873
0.50392
0.532007
0.525597
0.498004
0.496647
0.521448
0.50616
0.513655
0.554778
0.512489
0.522183
0.512704
0.609289
0.621501
0.506038
0.528035
0.518558
0.522455
0.529652
0.514027
0.50046
0.508521
0.489502
0.510194
0.505867
0.510737
0.494637
0.508621
0.517328
0.525562
0.52507
0.491979
0.501226
0.510698
0.561902
0.511204
0.521001
0.513097
0.511827
0.525589
0.50605
0.512087
0.515945
0.51377
0.501237
0.508291
0.51516
0.518923
0.750397
0.507979
0.520074
0.516615
0.525919
0.511503
0.495447
0.506169
0.501236
0.508094
0.517966
0.512275
0.493605
0.493591
0.511384
0.497538
0.50674
0.540369
0.509344
0.512358
0.515305
0.683214
0.508919
0.547147
0.536776
0.518888
0.509053
0.532859
0.541923
0.504027
0.505971
0.513767
0.516103
0.507783
0.58725
0.670642
0.533169
0.592213
0.535958
0.526851
0.516696
0.516459
0.53869
0.599891
0.523525
0.518285
0.523944
0.547647
0.502666
0.509039
0.517026
0.748822
0.545675
0.519447
0.526282
0.571563
0.587775
0.506058
0.526371
0.564829
0.515569
0.608215
0.507988
0.51839
0.520418
0.510332
0.530573
0.501489
0.530748
0.506325
0.521782
0.524135
0.700009
0.655487
0.656709
0.526115
0.506765
0.506079
0.522433
0.505323
0.542547
0.535779
0.508249
0.514568
0.528556
0.513581
0.522699
0.613688
0.501225
0.506775
0.524111
0.526221
0.512425
0.5895
0.505159
0.576657
0.511098
0.741411
0.506284
0.495348
0.501273
0.510716
0.506911
0.513398
0.508374
0.504707
0.527599
0.511503
0.535712
0.536647
0.535474
0.495449
0.512338
0.495884
0.49373
0.497952
0.52669
0.511692
0.515918
0.518555
0.514579
0.526349
0.507142
0.511466
0.519157
0.544863
0.558166
0.556173
0.512094
0.506919
0.519503
0.522996
0.556103
0.50901
0.527065
0.554449
0.547702
0.507515
0.507631
0.5051
0.503796
0.507361
0.498592
0.50606
0.498648
0.505754
0.51004
0.511509
0.523624
0.503077
0.513088
0.515218
0.517209
0.508033
0.527288
0.505575
0.495401
0.501885
0.532866
0.50851
0.512334
0.501645
0.51472
0.514242
0.638257
0.502294
0.495357
0.49897
0.608714
0.501603
0.505827
0.492118
0.508813
0.510481
0.518786
0.506764
0.556912
0.509553
0.513727
0.519553
0.526311
0.522389
0.513169
0.543541
0.527726
0.523753
0.523504
0.511492
0.522184
0.524062
0.527345
0.528595
0.502509
0.504082
0.529308
0.529084
0.50395
0.645218
0.505055
0.532875
0.507557
0.526244
0.51362
0.540633
0.526447
0.530623
0.519387
0.49842
0.509714
0.498265
0.530146
0.514047
0.536114
0.532328
0.50762
0.615955
0.509327
0.519864
0.662397
0.514003
0.505485
0.508765
0.507032
0.515649
0.508631
0.52079
0.520603
0.512551
0.502591
0.530538
0.5073
0.520092
0.511619
0.520734
0.527071
0.513196
0.658969
0.523755
0.494994
0.503434
0.517191
0.533504
0.503818
0.515594
0.517337
0.549091
0.558018
0.499213
0.522712
0.508439
0.515446
0.512352
0.743536
0.51455
0.530904
0.520149
0.51776
0.51479
0.494986
0.518045
0.497638
0.521059
0.506433
0.518908
0.518033
0.516215
0.541885
0.509901
0.512369
0.51926
0.66612
0.611629
0.506927
0.508394
0.50598
0.689353
0.502556
0.531323
0.52105
0.502157
0.514251
0.510906
0.507004
0.528566
0.510773
0.509063
0.509564
0.509232
0.529399
0.528423
0.507174
0.511645
0.528041
0.50818
0.524025
0.497838
0.521756
0.524402
0.520787
0.504553
0.73993
0.526025
0.514826
0.511896
0.519006
0.524403
0.520867
0.521394
0.495092
0.499879
0.502229
0.580775
0.509089
0.525777
0.52484
0.493448
0.681272
0.529678
0.506051
0.496132
0.534685
0.53469
0.55188
0.502862
0.548148
0.50459
0.579287
0.631053
0.690567
0.499792
0.537683
0.531853
0.49894
0.536355
0.529094
0.543289
0.543495
0.694779
0.495595
0.511961
0.526704
0.500736
0.52511
0.573252
0.508271
0.541414
0.538191
0.529074
0.516092
0.50933
0.515476
0.500592
0.499968
0.509715
0.507157
0.543687
0.504679
0.519866
0.63596
0.555951
0.517405
0.5008
0.523141
0.508709
0.521914
0.518825
0.50725
0.526667
0.498625
0.508094
0.519202
0.508258
0.508038
0.538901
0.50134
0.520564
0.50709
0.528204
0.511747
0.496404
0.506083
0.51424
0.517676
0.518579
0.507752
0.51048
0.507533
0.525076
0.508836
0.529089
0.541633
0.518648
0.508018
0.511665
0.520098
0.523443
0.494644
0.529274
0.579093
0.50413
0.505636
0.663928
0.508509
0.50372
0.523555
0.509503
0.521746
0.845352
0.507614
0.505337
0.503386
0.498984
0.506189
0.52191
0.51272
0.511063
0.517103
0.519332
0.511393
0.51499
0.528659
0.499681
0.75517
0.508092
0.545843
0.513907
0.51709
0.499734
0.521504
0.533348
0.515003
0.516077
0.512297
0.663082
0.52489
0.509653
0.508527
0.517299
0.527997
0.505949
0.503643
0.526105
0.512131
0.542642
0.521316
0.516402
0.519466
0.502669
0.518374
0.77719
0.774478
0.508537
0.659236
0.688514
0.501737
0.593706
0.508058
0.518403
0.509565
0.505652
0.519554
0.57109
0.656091
0.522416
0.515552
0.532452
0.516281
0.509219
0.510456
0.52169
0.518168
0.539407
0.517611
0.528563
0.517427
0.520969
0.512311
0.51356
0.497524
0.505522
0.497697
0.527735
0.503303
0.512997
0.5132
0.522794
0.565556
0.526536
0.494964
0.514481
0.50992
0.513418
0.541945
0.539838
0.531162
0.507465
0.506856
0.518626
0.515392
0.510884
0.518625
0.528093
0.52219
0.533971
0.536154
0.509024
0.514984
0.514492
0.509028
0.51731
0.516915
0.508781
0.505096
0.529787
0.519898
0.522338
0.506993
0.50605
0.628386
0.6461
0.512943
0.52909
0.530608
0.52236
0.516934
0.505011
0.558221
0.556658
0.550687
0.572982
0.518305
0.497812
0.558772
0.521822
0.529128
0.512533
0.506737
0.509148
0.50383
0.507427
0.493858
0.505254
0.511513
0.51999
0.620982
0.637442
0.504446
0.51065
0.510826
0.531075
0.519757
0.519771
0.52056
0.505935
0.526356
0.500249
0.506827
0.519393
0.60257
0.515649
0.501593
0.513329
0.581293
0.511235
0.514571
0.514231
0.519175
0.510954
0.511843
0.523603
0.511677
0.509071
0.523634
0.51214
0.511695
0.525372
0.515738
0.503958
0.514825
0.501273
0.505491
0.533064
0.500544
0.50227
0.509288
0.532382
0.508999
0.517477
0.507084
0.517176
0.543279
0.522578
0.506292
0.509798
0.505021
0.509415
0.510406
0.516103
0.5123
0.521043
0.519059
0.529501
0.529975
0.529016
0.523101
0.553927
0.50848
0.523928
0.526475
0.513744
0.525006
0.509923
0.50299
0.519201
0.514159
0.519069
0.512594
0.516712
0.51214
0.512665
0.520513
0.502579
0.557969
0.521672
0.524005
0.522684
0.520372
0.517364
0.539194
0.545391
0.518828
0.509037
0.523686
0.531829
0.507563
0.514495
0.536286
0.533019
0.522003
0.508904
0.516856
0.570278
0.512422
0.515394
0.514065
0.518758
0.534827
0.527688
0.509317
0.523679
0.504009
0.528304
0.512448
0.511915
0.61366
0.524768
0.517465
0.502638
0.503967
0.502263
0.518142
0.530751
0.512525
0.60283
0.509635
0.511499
0.51465
0.509449
0.499985
0.507312
0.511453
0.510756
0.522562
0.526716
0.511353
0.501653
0.516639
0.507199
0.531435
0.52809
0.508819
0.522089
0.521807
0.550405
0.509144
0.507843
0.508466
0.506214
0.502349
0.516837
0.5146
0.506887
0.507308
0.51011
0.518911
0.502099
0.513341
0.509768
0.513093
0.526366
0.575313
0.604275
0.527369
0.518409
0.503628
0.504501
0.528016
0.530272
0.513194
0.514905
0.514864
0.519897
0.533072
0.524037
0.670279
0.512282
0.506457
0.520586
0.520039
0.516046
0.512242
0.512319
0.52811
0.513792
0.515556
0.530273
0.514988
0.518536
0.524918
0.543283
0.51539
0.533325
0.503669
0.507683
0.526972
0.52584
0.518153
0.519877
0.64565
0.508825
0.515167
0.51802
0.520485
0.500581
0.517925
0.51257
0.512524
0.509011
0.508745
0.51214
0.508656
0.531093
0.510573
0.50585
0.604621
0.503954
0.532273
0.53078
0.525405
0.519772
0.521469
0.510398
0.512435
0.589411
0.51074
0.51455
0.522252
0.533729
0.509474
0.618862
0.529177
0.512472
0.502
0.523398
0.522278
0.514747
0.503438
0.505589
0.512428
0.500057
0.501002
0.606483
0.518856
0.51398
0.516006
0.530339
0.516751
0.513542
0.521393
0.519232
0.525906
0.516638
0.531212
0.545565
0.534906
0.513366
0.510176
0.509098
0.667123
0.51986
0.528032
0.511171
0.527139
0.507576
0.509617
0.508928
0.520897
0.493953
0.510369
0.555495
0.558343
0.685832
0.529759
0.527181
0.533781
0.509232
0.510758
0.501043
0.512582
0.549668
0.522237
0.664477
0.540486
0.536899
0.541816
0.531931
0.518017
0.523262
0.517883
0.522333
0.510105
0.533753
0.523214
0.509556
0.523734
0.575772
0.547239
0.51869
0.505545
0.51738
0.51481
0.511143
0.527679
0.513117
0.510765
0.564791
0.558778
0.521401
0.524573
0.509114
0.53036
0.536354
0.50205
0.517824
0.516951
0.515251
0.504888
0.504844
0.513336
0.499932
0.50601
0.589458
0.522396
0.526503
0.538495
0.520343
0.520872
0.50855
0.540387
0.505994
0.522842
0.509211
0.523797
0.54961
0.532349
0.51505
0.735103
0.518306
0.504729
0.512002
0.520846
0.49396
0.610485
0.523963
0.510216
0.521132
0.519105
0.51164
0.521978
0.51694
0.510424
0.507582
0.503126
0.522724
0.527166
0.522148
0.506738
0.532008
0.512294
0.505987
0.522792
0.505762
0.531215
0.515429
0.52224
0.515068
0.517287
0.529704
0.50041
0.511706
0.510938
0.525769
0.507886
0.51304
0.571305
0.498991
0.531658
0.522761
0.51119
0.506742
0.635243
0.516248
0.512377
0.504149
0.522242
0.510985
0.530662
0.509425
0.530088
0.528307
0.51006
0.530805
0.504088
0.524579
0.513073
0.702003
0.519005
0.537086
0.508517
0.505938
0.63902
0.507431
0.654984
0.518629
0.512855
0.549025
0.521569
0.523677
0.509626
0.678372
0.498926
0.532836
0.513692
0.64196
0.629148
0.519499
0.513036
0.521042
0.505088
0.516756
0.512169
0.547901
0.527282
0.506079
0.523456
0.580679
0.528724
0.521157
0.647321
0.521106
0.516886
0.517458
0.551351
0.500725
0.504337
0.524864
0.526916
0.560271
0.531882
0.530292
0.511704
0.524973
0.519283
0.52352
0.529917
0.515842
0.504126
0.525082
0.512793
0.506387
0.510598
0.542553
0.701846
0.528866
0.541161
0.569513
0.510727
0.528859
0.514399
0.505222
0.511269
0.524296
0.511883
0.526963
0.51521
0.506185
0.51963
0.508454
0.534442
0.523489
0.515725
0.509039
0.502281
0.508027
0.51015
0.507365
0.533093
0.53166
0.510243
0.520142
0.51231
0.511284
0.512422
0.512676
0.527332
0.527893
0.512289
0.512483
0.5067
0.512371
0.506836
0.5084
0.515185
0.524778
0.528931
0.523657
0.514185
0.512319
0.647506
0.544513
0.530624
0.514898
0.514686
0.524164
0.594776
0.553602
0.52152
0.500259
0.586262
0.510663
0.530394
0.500802
0.517066
0.505897
0.507762
0.533588
0.512441
0.513331
0.519597
0.520074
0.555574
0.512805
0.523657
0.60565
0.512957
0.673995
0.522168
0.53069
0.499508
0.523549
0.597017
0.514779
0.513061
0.520222
0.520718
0.512499
0.530985
0.512557
0.52073
0.514197
0.517344
0.506518
0.511895
0.629418
0.518281
0.63459
0.544159
0.513495
0.504088
0.637617
0.506649
0.499796
0.505787
0.511011
0.52523
0.518539
0.523272
0.576882
0.56519
0.507817
0.502387
0.665309
0.528636
0.515035
0.509156
0.50291
0.508787
0.52725
0.51516
0.576067
0.52129
0.517411
0.523534
0.526498
0.502927
0.610876
0.495188
0.524831
0.51082
0.500444
0.513289
0.508815
0.51748
0.523777
0.497217
0.510321
0.523364
0.508154
0.524773
0.514449
0.51966
0.523072
0.498666
0.518274
0.500421
0.507913
0.516458
0.495885
0.546927
0.514885
0.585583
0.516913
0.505555
0.526255
0.508425
0.504763
0.520221
0.501346
0.512283
0.523562
0.525761
0.505625
0.528795
0.516282
0.522937
0.527599
0.52577
0.522456
0.521961
0.506286
0.587139
0.532668
0.532452
0.50862
0.519568
0.510507
0.51335
