0.522967
0.529018
0.530725
0.534907
0.534011
0.500384
0.503111
0.493154
0.531051
0.529015
0.52613
0.67958
0.50866
0.516298
0.515874
0.518996
0.513838
0.513496
0.504188
0.50829
0.504936
0.503222
0.502518
0.503393
0.507037
0.569595
0.564041
0.562286
0.527947
0.537848
0.530795
0.510795
0.512432
0.523463
0.523165
0.509414
0.510239
0.721229
0.724361
0.51319
0.515939
0.5012
0.511532
0.499292
0.525324
0.523125
0.518326
0.515089
0.518844
0.525014
0.526444
0.526695
0.525075
0.506597
0.510651
0.525436
0.524967
0.527828
0.521357
0.518672
0.507632
0.506393
0.51848
0.516234
0.519141
0.527402
0.522276
0.514992
0.515881
0.515267
0.530705
0.534782
0.575156
0.594597
0.580393
0.509793
0.50637
0.521072
0.523231
0.524532
0.529582
0.523432
0.504813
0.50007
0.505007
0.519433
0.514731
0.515896
0.520017
0.516439
0.576839
0.57324
0.56645
0.503211
0.518088
0.519639
0.499369
0.501058
0.497128
0.520258
0.521822
0.518368
0.518734
0.50088
0.518772
0.521265
0.543804
0.536415
0.573111
0.567335
0.524787
0.519488
0.530412
0.51709
0.51363
0.507182
0.508499
0.509544
0.509718
0.516012
0.511315
0.517037
0.5173
0.507415
0.52607
0.531125
0.711177
0.510011
0.510688
0.691035
0.524739
0.509269
0.510074
0.508837
0.50896
0.514634
0.503685
0.522351
0.526607
0.523605
0.508591
0.51322
0.524105
0.549808
0.524711
0.519607
0.517868
0.510375
0.514424
0.58282
0.632533
0.529914
0.518591
0.515223
0.512484
0.518785
0.516149
0.522537
0.525285
0.51015
0.508776
0.518512
0.50983
0.522099
0.523931
0.525528
0.524107
0.519844
0.509494
0.521578
0.524222
0.523029
0.507276
0.543245
0.520702
0.52693
0.518499
0.519116
0.512486
0.509001
0.513009
0.503053
0.499454
0.503599
0.542019
0.521999
0.533288
0.523377
0.522488
0.532136
0.502854
0.502845
0.50093
0.505813
0.508163
0.511597
0.506965
0.50555
0.499501
0.502695
0.518648
0.512323
0.505013
0.507862
0.507393
0.526999
0.521359
0.52146
0.525519
0.52001
0.521288
0.518181
0.51287
0.505206
0.50459
0.506821
0.524725
0.520763
0.640921
0.691718
0.517417
0.528109
0.5061
0.516724
0.51986
0.518939
0.517906
0.50606
0.507118
0.507381
0.504321
0.52481
0.573021
0.557153
0.518363
0.506247
0.523912
0.521848
0.534768
0.512078
0.499123
0.500017
0.492237
0.517367
0.518366
0.515619
0.51658
0.56194
0.548727
0.514652
0.504989
0.559379
0.519508
0.516941
0.516056
0.558913
0.507442
0.512973
0.508263
0.514226
0.527223
0.526759
0.515606
0.512279
0.509314
0.495761
0.522154
0.521738
0.545242
0.526588
0.529697
0.504473
0.508682
0.526114
0.522566
0.521517
0.52607
0.511944
0.558934
0.518418
0.707423
0.508654
0.505589
0.529469
0.531023
0.534813
0.531891
0.519072
0.518822
0.508657
0.524561
0.524695
0.518271
0.522333
0.514853
0.684453
0.636814
0.527457
0.63168
0.7378
0.73177
0.507563
0.509341
0.509236
0.50229
0.508842
0.513961
0.512073
0.513061
0.512319
0.704715
0.651273
0.525021
0.502239
0.527774
0.532262
0.507571
0.515507
0.511756
0.508726
0.507608
0.491782
0.494571
0.497982
0.737008
0.715004
0.766701
0.506068
0.51194
0.51595
0.505523
0.507721
0.515365
0.516186
0.516633
0.503246
0.506234
0.526532
0.521606
0.531179
0.529644
0.535278
0.51071
0.509549
0.508841
0.505072
0.516898
0.512673
0.51855
0.780703
0.788784
0.503818
0.501536
0.525575
0.524998
0.509053
0.510719
0.506519
0.510534
0.512125
0.524353
0.505371
0.504533
0.524562
0.506298
0.506424
0.518334
0.513191
0.519041
0.503796
0.529759
0.528933
0.525831
0.528524
0.530372
0.604871
0.622851
0.510428
0.537226
0.546642
0.534232
0.526167
0.540543
0.777733
0.554318
0.543149
0.499729
0.525679
0.524064
0.503703
0.503984
0.504034
0.510233
0.513292
0.512397
0.523739
0.525609
0.526023
0.515781
0.541034
0.500058
0.502166
0.497423
0.522791
0.504834
0.504528
0.505515
0.496907
0.525198
0.520222
0.524834
0.511335
0.745417
0.539832
0.530726
0.536391
0.52239
0.525794
0.511763
0.538483
0.534338
0.51977
0.50843
0.52411
0.52417
0.505278
0.50733
0.509684
0.513571
0.514359
0.517577
0.509412
0.515177
0.516433
0.514757
0.561661
0.501948
0.506161
0.504426
0.534888
0.53605
0.529468
0.527345
0.523798
0.492937
0.496296
0.516622
0.505539
0.526912
0.527612
0.521162
0.49992
0.515366
0.503088
0.497106
0.52103
0.505074
0.498877
0.510938
0.529312
0.52953
0.528686
0.506738
0.511471
0.501499
0.601258
0.521998
0.517714
0.494574
0.620848
0.575985
0.506589
0.520147
0.523259
0.543187
0.532381
0.531848
0.499337
0.496957
0.515711
0.524704
0.523198
0.509888
0.514121
0.512112
0.508851
0.511391
0.511628
0.505682
0.513361
0.509647
0.513114
0.508453
0.507782
0.579038
0.573844
0.559577
0.51927
0.510275
0.807072
0.744462
0.511107
0.517481
0.540848
0.548204
0.510164
0.511432
0.505265
0.508807
0.524951
0.523389
0.52443
0.517558
0.598754
0.510467
0.50549
0.645203
0.496016
0.508383
0.51134
0.508453
0.514156
0.512474
0.523701
0.507375
0.506638
0.706556
0.529043
0.532422
0.511468
0.514936
0.514375
0.517513
0.528199
0.505017
0.503489
0.530309
0.511338
0.513267
0.511806
0.522988
0.520755
0.512591
0.523376
0.507374
0.521922
0.517283
0.523552
0.521995
0.530503
0.502229
0.504258
0.522504
0.52728
0.522895
0.516171
0.512629
0.513577
0.506875
0.512667
0.508039
0.520677
0.516084
0.508351
0.509522
0.551865
0.507881
0.514603
0.513818
0.521519
0.515542
0.519027
0.532475
0.508499
0.508418
0.526852
0.523211
0.515583
0.516222
0.536669
0.536464
0.52459
0.522182
0.52599
0.515912
0.513958
0.646444
0.508871
0.513175
0.511588
0.527809
0.529422
0.514415
0.508324
0.511057
0.503964
0.501539
0.535731
0.524802
0.508694
0.529155
0.511962
0.54056
0.537694
0.535663
0.535469
0.51448
0.524915
0.514194
0.514882
0.572821
0.571473
0.501734
0.503697
0.51616
0.511007
0.528156
0.528311
0.527865
0.527912
0.504487
0.504543
0.506465
0.499729
0.509254
0.627661
0.692939
0.535545
0.508665
0.510927
0.527436
0.524639
0.518788
0.518789
0.5232
0.523406
0.526614
0.516359
0.516769
0.517727
0.513146
0.51055
0.506839
0.510784
0.50543
0.506672
0.502398
0.50304
0.50458
0.544162
0.536587
0.506015
0.512023
0.510047
0.511155
0.506962
0.498326
0.500524
0.499869
0.525584
0.535557
0.521689
0.518049
0.538568
0.531626
0.52408
0.499721
0.517493
0.518199
0.525701
0.505382
0.501582
0.53015
0.52249
0.53908
0.519843
0.529335
0.508436
0.517367
0.51925
0.526748
0.520298
0.529256
0.528905
0.532711
0.501159
0.499444
0.503036
0.504581
0.505873
0.520985
0.538186
0.509869
0.494571
0.503034
0.524507
0.505008
0.503017
0.506427
0.503707
0.512964
0.518457
0.517905
0.526628
0.524128
0.519958
0.509149
0.511458
0.5181
0.524883
0.499307
0.502867
0.500332
0.51673
0.529535
0.516816
0.515933
0.513803
0.530399
0.51257
0.517159
0.498203
0.507901
0.506638
0.494083
0.514676
0.520009
0.506715
0.515542
0.513061
0.537623
0.527919
0.528593
0.498929
0.494773
0.504529
0.508015
0.509486
0.510368
0.526293
0.517428
0.509589
0.50398
0.512035
0.526876
0.503832
0.599446
0.557836
0.508656
0.529023
0.520157
0.508333
0.536842
0.505517
0.518362
0.515819
0.510286
0.524425
0.503327
0.502158
0.503811
0.503889
0.511193
0.516213
0.54048
0.535013
0.529649
0.505797
0.519686
0.517708
0.66328
0.729849
0.51969
0.513955
0.672168
0.692174
0.51607
0.508702
0.525305
0.531036
0.50367
0.507423
0.512922
0.498226
0.500749
0.497752
0.496594
0.510549
0.510667
0.534539
0.509269
0.508686
0.512768
0.524923
0.499067
0.498337
0.50017
0.510555
0.516053
0.508247
0.516845
0.513967
0.526246
0.523607
0.526975
0.523174
0.528268
0.520561
0.501135
0.524847
0.522694
0.51341
0.514206
0.501768
0.493933
0.509926
0.509972
0.504027
0.503885
0.508444
0.508107
0.524377
0.521699
0.510791
0.509672
0.555469
0.525106
0.51499
0.512774
0.507025
0.52538
0.633868
0.724373
0.519848
0.520397
0.505273
0.524057
0.537459
0.527954
0.518079
0.511631
0.5297
0.523377
0.500962
0.526009
0.57185
0.521544
0.522482
0.532045
0.511849
0.641276
0.499635
0.501218
0.501538
0.510485
0.513725
0.541637
0.491963
0.498525
0.521494
0.520241
0.508617
0.515198
0.507144
0.503919
0.538634
0.51973
0.503061
0.522909
0.522603
0.51101
0.534717
0.533753
0.527397
0.714488
0.526906
0.527358
0.544454
0.510188
0.51152
0.518689
0.555485
0.558475
0.55164
0.502705
0.506673
0.5075
0.564473
0.508443
0.509584
0.513276
0.511138
0.506896
0.506468
0.51983
0.508709
0.50775
0.508746
0.531006
0.51579
0.518367
0.517758
0.519308
0.537322
0.53723
0.512677
0.511492
0.728654
0.508491
0.524548
0.491087
0.516158
0.52239
0.522505
0.518396
0.520101
0.49939
0.493826
0.500358
0.510516
0.490715
0.499253
0.514648
0.513562
0.518611
0.499036
0.504474
0.505673
0.594793
0.525899
0.511463
0.492973
0.495144
0.564069
0.514608
0.560015
0.501136
0.500906
0.500037
0.503581
0.524296
0.523637
0.535772
0.520407
0.517776
0.517774
0.512704
0.510061
0.510258
0.50644
0.517453
0.526593
0.514734
0.503461
0.51701
0.507928
0.509432
0.522455
0.523834
0.524148
0.507855
0.51095
0.512819
0.505728
0.505582
0.507603
0.504094
0.533869
0.534834
0.578832
0.525737
0.505371
0.507202
0.491825
0.506349
0.518332
0.514524
0.520292
0.51987
0.51885
0.522072
0.506216
0.513146
0.515383
0.501837
0.498599
0.511183
0.512721
0.525094
0.515611
0.516046
0.505683
0.568539
0.5851
0.511506
0.526554
0.527598
0.511878
0.515459
0.528025
0.499479
0.514853
0.543198
0.539831
0.692156
0.628745
0.661601
0.522751
0.526735
0.527148
0.511909
0.510105
0.510035
0.525386
0.521492
0.5273
0.529802
0.530593
0.504956
0.508516
0.504497
0.499511
0.510696
0.520229
0.555029
0.525405
0.549453
0.516507
0.509145
0.507639
0.526911
0.525366
0.517502
0.520976
0.503319
0.502319
0.505497
0.518706
0.515709
0.514583
0.532807
0.537415
0.522055
0.525115
0.518901
0.497084
0.499318
0.52263
0.518611
0.529361
0.540015
0.751974
0.525322
0.536211
0.529323
0.505199
0.514731
0.533638
0.533885
0.52403
0.53057
0.505999
0.508603
0.537764
0.523604
0.527575
0.592394
0.507535
0.511926
0.717578
0.512682
0.50531
0.509333
0.51558
0.517784
0.508949
0.503357
0.517584
0.509267
0.507506
0.530793
0.512322
0.511885
0.508374
0.510734
0.511506
0.541748
0.518484
0.517899
0.61961
0.523515
0.511989
0.505711
0.51052
0.542425
0.552141
0.504083
0.496389
0.496626
0.506005
0.521139
0.520629
0.515568
0.519265
0.513261
0.503696
0.503375
0.507839
0.50636
0.6027
0.557487
0.503362
0.576447
0.504422
0.514173
0.513133
0.773895
0.522618
0.518058
0.49636
0.524291
0.523785
0.513859
0.520102
0.521219
0.511704
0.523538
0.504859
0.503542
0.621428
0.628599
0.520572
0.506147
0.49537
0.518505
0.510956
0.523232
0.529419
0.511403
0.526247
0.504277
0.507687
0.503823
0.504618
0.516991
0.513491
0.494528
0.503119
0.505929
0.526081
0.658516
0.525959
0.509766
0.52515
0.536147
0.516296
0.519517
0.522954
0.510519
0.508283
0.525679
0.515963
0.55478
0.727257
0.507001
0.593426
0.581655
0.508822
0.508078
0.520286
0.498138
0.510727
0.609471
0.506797
0.603935
0.503724
0.516644
0.517667
0.510855
0.51176
0.527042
0.527692
0.509084
0.514039
0.501125
0.525499
0.52483
0.514454
0.495409
0.509141
0.517991
0.505076
0.504737
0.509494
0.525213
0.510062
0.509564
0.525741
0.518313
0.519076
0.520828
0.508132
0.506374
0.508889
0.513235
0.51131
0.514023
0.519815
0.500987
0.501838
0.7754
0.765348
0.504261
0.517234
0.511081
0.520265
0.518362
0.505015
0.554231
0.504549
0.519001
0.519774
0.493424
0.494128
0.505561
0.538145
0.50801
0.509046
0.529016
0.51363
0.67011
0.510338
0.514949
0.512924
0.544361
0.543152
0.532155
0.541351
0.532363
0.515537
0.495555
0.501495
0.508516
0.513999
0.508446
0.512162
0.514237
0.500748
0.503208
0.574216
0.552713
0.508597
0.582159
0.533412
0.522056
0.521981
0.527936
0.536865
0.50945
0.506613
0.530702
0.520156
0.531525
0.566075
0.524025
0.505766
0.535546
0.513249
0.511041
0.537476
0.50228
0.526173
0.520005
0.516684
0.50459
0.506284
0.518084
0.515138
0.537172
0.519625
0.50647
0.5434
0.51673
0.51834
0.518576
0.525042
0.549457
0.547273
0.557154
0.519727
0.513441
0.524823
0.506839
0.524217
0.524393
0.516842
0.503472
0.506114
0.508206
0.507057
0.5831
0.508507
0.505586
0.543986
0.525517
0.502238
0.521694
0.528131
0.525125
0.506443
0.5297
0.509527
0.516639
0.519439
0.712466
0.819681
0.520437
0.506055
0.504473
0.526588
0.505872
0.510661
0.54719
0.507153
0.526132
0.500934
0.524933
0.524594
0.520044
0.501683
0.503557
0.511242
0.546499
0.489494
0.493424
0.548001
0.550623
0.507191
0.511477
0.517735
0.509563
0.510105
0.526043
0.517305
0.508935
0.514628
0.51519
0.527057
0.521885
0.538833
0.532807
0.495944
0.489232
0.517785
0.506374
0.505388
0.50912
0.520888
0.509576
0.514496
0.523465
0.518748
0.504841
0.520344
0.520751
0.520822
0.504926
0.505319
0.50019
0.512923
0.516239
0.506511
0.500671
0.504536
0.50728
0.528932
0.503092
0.5084
0.524661
0.521775
0.507295
0.506611
0.528423
0.515869
0.50719
0.523433
0.510337
0.504834
0.497769
0.492419
0.499174
0.505056
0.499056
0.49512
0.50311
0.507112
0.519216
0.595369
0.514246
0.514861
0.492345
0.508608
0.520359
0.519319
0.507739
0.521114
0.513055
0.505035
0.502984
0.493425
0.495281
0.524836
0.52783
0.502982
0.529284
0.572574
0.633911
0.622799
0.510293
0.512353
0.509118
0.497374
0.500293
0.533332
0.526227
0.680409
0.624776
0.507444
0.496024
0.523201
0.511428
0.711335
0.504506
0.503545
0.528429
0.533535
0.5062
0.538167
0.540016
0.500578
0.515427
0.529494
0.564242
0.513551
0.50993
0.518112
0.606625
0.512632
0.502501
0.506305
0.617739
0.494029
0.504984
0.525323
0.518189
0.520797
0.502906
0.523556
0.533849
0.52743
0.522738
0.525677
0.509941
0.527113
0.525267
0.515757
0.508507
0.524301
0.521479
0.543037
0.495294
0.494009
0.507709
0.512605
0.53252
0.537095
0.512325
0.530826
0.51013
0.519831
0.516505
0.514004
0.517467
0.512392
0.516336
0.535741
0.525622
0.519148
0.524332
0.753875
0.523591
0.49567
0.512836
0.512414
0.640751
0.602991
0.504603
0.515495
0.510516
0.492448
0.500318
0.504531
0.503024
0.526192
0.55119
0.510314
0.500986
0.52126
0.493218
0.642857
0.518367
0.506531
0.508724
0.719326
0.507969
0.504165
0.521971
0.531622
0.529282
0.505912
0.511832
0.504476
0.764016
0.507337
0.509217
0.509201
0.507316
0.525175
0.518097
0.504049
0.519519
0.575514
0.506489
0.530575
0.520907
0.518056
0.527591
0.500982
0.504984
0.521027
0.506569
0.525809
0.491464
0.509202
0.515587
0.520919
0.511415
0.501486
0.528796
0.523719
0.495062
0.49701
0.508641
0.615313
0.521308
0.525065
0.52382
0.512816
0.52249
0.506013
0.513534
0.500115
0.508834
0.548203
0.515182
0.602787
0.666931
0.507306
0.497652
0.51836
0.597992
0.501021
0.510102
0.508828
0.513988
0.515885
0.537753
0.628391
0.523477
0.520172
0.796122
0.568759
0.502383
0.543561
0.506403
0.498521
0.525721
0.564016
0.516646
0.509017
0.497583
0.52576
0.50996
0.510782
0.52559
0.523378
0.506987
0.539738
0.501076
0.519141
0.598349
0.518951
0.509148
0.503245
0.520469
0.512942
0.517568
0.518884
0.493706
0.529578
0.504927
0.505126
0.509579
0.493846
0.527824
0.501533
0.540766
0.507644
0.508543
0.537912
0.546225
0.523684
0.503692
0.502232
0.517909
0.504344
0.520553
0.545682
0.509313
0.507507
0.508882
0.493009
0.530736
0.549517
0.620175
0.506857
0.511944
0.524902
0.512291
0.550102
0.527604
0.539038
0.532079
0.541459
0.521826
0.512314
0.518319
0.521052
0.527105
0.517034
0.523572
0.505374
0.527658
0.495924
0.696801
0.503419
0.503846
0.50325
0.635476
0.501805
0.503067
0.521476
0.780435
0.506779
0.502147
0.4965
0.507678
0.514502
0.509619
0.502714
0.526332
0.508987
0.50299
0.503546
0.498165
0.539801
0.505035
0.505486
0.54115
0.541086
0.512408
0.535945
0.522281
0.573795
0.513227
0.503493
0.693886
0.505019
0.513155
0.514656
0.51817
0.521656
0.507643
0.521842
0.500058
0.527492
0.500858
0.724102
0.72389
0.505833
0.603114
0.513768
0.547825
0.506488
0.519577
0.50553
0.6163
0.50451
0.52513
0.521775
0.546801
0.495103
0.51024
0.560301
0.501667
0.517173
0.509342
0.524354
0.520728
0.527164
0.519009
0.513708
0.525055
0.510511
0.512021
0.511497
0.525656
0.574622
0.578387
0.523953
0.508128
0.523348
0.512084
0.510688
0.526774
0.50582
0.518715
0.515301
0.517789
0.51729
0.511878
0.507087
0.516956
0.517467
0.517142
0.524507
0.514943
0.520099
0.519186
0.5006
0.526979
0.531238
0.506012
0.689554
0.529677
0.533188
0.507191
0.501394
0.502658
0.521074
0.50307
0.561529
0.550976
0.550817
0.553781
0.50296
0.516402
0.514309
0.546365
0.532383
0.507768
0.509466
0.508844
0.690228
0.501645
0.520316
0.512731
0.518327
0.533398
0.529474
0.505225
0.507903
0.523743
0.510594
0.519213
0.526771
0.49738
0.533649
0.499825
0.521661
0.510602
0.514178
0.523434
0.498223
0.513768
0.513011
0.564764
0.525395
0.516599
0.503535
0.50332
0.512223
0.537968
0.515602
0.547377
0.529023
0.527218
0.510196
0.52395
0.508095
0.50171
0.515113
0.535054
0.516695
0.517908
0.527481
0.529499
0.52689
0.525693
0.528872
0.524342
0.525643
0.508323
0.508986
0.51046
0.509277
0.519852
0.504792
0.546214
0.527366
0.510162
0.505002
0.499436
0.510922
0.521408
0.515855
0.50323
0.513029
0.516782
0.524558
0.533503
0.508326
0.503524
0.525236
0.510955
0.528869
0.666037
0.520138
0.517985
0.507019
0.539858
0.501816
0.517769
0.518834
0.515676
0.507433
0.512053
0.510311
0.517158
0.519003
0.511768
0.513758
0.518748
0.512379
0.530498
0.498666
0.549157
0.527593
0.506787
0.512962
0.513287
0.506755
0.5254
0.517578
0.508737
0.522336
0.533136
0.527722
0.514403
0.563477
0.507023
0.510366
0.510657
0.508959
0.52548
0.526232
0.509278
0.560416
0.514144
0.51301
0.580928
0.519653
0.518284
0.524617
0.49955
0.525217
0.589364
0.515627
0.52459
0.512775
0.510564
0.500387
0.522744
0.527211
0.500907
0.516218
0.511152
0.496715
0.518175
0.524181
0.530213
0.524261
0.51731
0.526523
0.500547
0.507212
0.506352
0.505848
0.533932
0.523628
0.57488
0.542854
0.503629
0.498775
0.5257
0.510592
0.542437
0.497743
0.50279
0.52824
0.521073
0.520134
0.506724
0.506394
0.508765
0.5232
0.52386
0.558899
0.522326
0.516779
0.503756
0.528139
0.500522
0.511811
0.526438
0.511234
0.51536
0.553776
0.508033
0.504438
0.503632
0.509626
0.506583
0.507689
0.508988
0.546641
0.546496
0.492253
0.791194
0.511432
0.54794
0.52137
0.514988
0.528427
0.531236
0.512909
0.650956
0.513045
0.533789
0.502755
0.518644
0.515008
0.530454
0.524147
0.519326
0.517065
0.519457
0.509268
0.783951
0.529969
0.498386
0.52545
0.606337
0.521859
0.52294
0.515475
0.512443
0.537947
0.68228
0.506187
0.519313
0.510649
0.516915
0.520196
0.527895
0.50854
0.523425
0.52173
0.511878
0.521654
0.507679
0.544141
0.518078
0.523477
0.69695
0.512952
0.517511
0.508491
0.51809
0.523886
0.637222
0.515638
0.51345
0.508622
0.517016
0.512625
0.525221
0.50389
0.506022
0.502022
0.525011
0.516358
0.532066
0.507135
0.524424
0.534126
0.511361
0.525788
0.506333
0.503265
0.520483
0.507274
0.561692
0.55197
0.642113
0.519371
0.521054
0.520718
0.510442
0.542035
0.518759
0.542072
0.534542
0.773607
0.624252
0.516923
0.509455
0.505782
0.52842
0.500631
0.52872
0.526155
0.528275
0.515053
0.513233
0.511123
0.51112
0.514152
0.518723
0.503045
0.52068
0.545543
0.630933
0.511507
0.537199
0.50662
0.580622
0.581859
0.588866
0.521022
0.506411
0.531355
0.529973
0.509042
0.657353
0.5138
0.558454
0.507172
0.519404
0.519484
0.499025
0.528954
0.506923
0.565332
0.510616
0.510786
0.54062
0.613047
0.517344
0.512765
0.519909
0.567628
0.521917
0.521938
0.525408
0.5113
0.510587
0.502696
0.515285
0.513896
0.51099
0.508151
0.534356
0.51879
0.517489
0.524201
0.510967
0.513964
0.546041
0.569047
0.725115
0.52844
0.515452
0.503146
0.746063
0.513193
0.511984
0.511314
0.503248
0.51291
0.524676
0.516937
0.52672
0.518508
0.526362
0.530374
0.505631
0.522546
0.515385
0.498717
0.515881
0.508561
0.516956
0.507813
0.509183
0.51485
0.502919
0.503408
0.507136
0.522973
0.503499
0.502001
0.656911
0.51774
0.496851
0.513935
0.508073
0.547033
0.508323
0.520598
0.522824
0.497459
0.511839
0.491986
0.512552
0.510854
0.515611
0.510668
0.497262
0.503295
0.499434
0.528746
0.52108
0.503938
0.506603
0.516139
0.507135
0.507478
0.524343
0.52969
0.512553
0.506106
0.50054
0.546557
0.506731
0.518646
0.50684
0.503875
0.509107
0.50123
0.518641
0.513305
0.507787
0.509326
0.530109
0.50068
0.534117
0.519644
0.516889
0.554365
0.509763
0.520396
0.520421
0.573353
0.500487
0.514363
0.507052
0.531556
0.515045
0.508558
0.4993
0.529741
0.498605
0.518912
0.529312
0.512511
0.666685
0.515944
0.512431
0.556326
0.513679
0.508035
0.512838
0.516478
0.506375
0.763453
0.513818
0.512474
0.51259
0.535159
0.512524
0.517453
0.497519
0.497278
0.507081
0.507641
0.500935
0.51462
0.509862
0.508182
0.518771
0.519604
0.524654
0.516671
0.518168
0.517393
0.530536
0.520774
0.518318
0.517149
0.506437
0.513621
0.517379
0.529113
0.500649
0.503602
0.503572
0.50284
0.511195
0.524656
0.52783
0.497008
0.503668
0.511668
0.529127
0.519923
0.511035
0.522948
0.519283
0.512686
0.511191
0.503363
0.53396
0.509677
0.516283
0.529618
0.510283
0.512264
0.499123
0.615416
0.497585
0.504299
0.492954
0.50096
0.518782
0.506842
0.510484
0.521406
0.754292
0.52598
0.515877
0.737102
0.505596
0.50259
0.528965
0.52311
0.500143
0.528541
0.525202
0.541601
0.53643
0.530664
0.509883
0.522095
0.515043
0.500859
0.511477
0.523313
0.51273
0.507882
0.549199
0.517633
0.533699
0.53315
0.509674
0.539393
0.511173
0.520595
0.535542
0.584389
0.510476
0.533804
0.506666
0.672612
0.53201
0.504508
0.528793
0.531618
0.529118
0.50295
0.498097
0.517081
0.50758
0.523985
0.514351
0.519537
0.500582
0.53344
0.518848
0.499412
0.514897
0.506437
0.520424
0.532752
0.570939
0.50904
0.62701
0.528136
0.499798
0.507517
0.528002
0.517437
0.49579
0.492429
0.507578
0.557893
0.510723
0.50403
0.509475
0.52634
0.513006
0.524088
0.526361
0.524215
0.513986
0.507655
0.506377
0.509541
0.519251
0.49824
0.552593
0.504207
0.507751
0.498195
0.516737
0.528321
0.538507
0.507708
0.510735
0.531274
0.518435
0.544863
0.51887
0.521878
