0.50382
0.520775
0.523198
0.516524
0.508427
0.539895
0.809383
0.77811
0.736065
0.705179
0.543357
0.5276
0.537512
0.510137
0.50894
0.504397
0.645419
0.558236
0.598175
0.522621
0.53465
0.522482
0.522989
0.508115
0.508631
0.502316
0.508075
0.501775
0.512317
0.499886
0.52066
0.519714
0.520079
0.521428
0.534157
0.516872
0.512727
0.507323
0.52934
0.510571
0.511504
0.543674
0.549503
0.561352
0.532699
0.53795
0.513382
0.514234
0.525334
0.527243
0.528188
0.496333
0.495874
0.497515
0.681548
0.520573
0.517368
0.517478
0.524548
0.522944
0.519432
0.510867
0.505165
0.510164
0.515919
0.504644
0.508137
0.526163
0.527332
0.536525
0.509743
0.51658
0.520237
0.512524
0.576229
0.566894
0.575061
0.566594
0.523857
0.525615
0.523
0.513316
0.517165
0.517236
0.512276
0.51523
0.523949
0.52292
0.502445
0.503523
0.513979
0.515807
0.570069
0.575596
0.495891
0.50399
0.502977
0.518747
0.496339
0.494832
0.498315
0.508424
0.525744
0.515237
0.513507
0.546444
0.557451
0.50522
0.526074
0.593956
0.623279
0.518126
0.51605
0.539611
0.540522
0.503271
0.513618
0.512858
0.511285
0.502384
0.500827
0.503796
0.504198
0.520789
0.521237
0.699033
0.676413
0.682879
0.51024
0.527439
0.506938
0.50624
0.516041
0.513798
0.512937
0.722287
0.519036
0.510186
0.516726
0.526693
0.508706
0.51153
0.517909
0.520203
0.518759
0.508802
0.508394
0.513936
0.512484
0.526417
0.524475
0.513103
0.517975
0.514826
0.509429
0.508092
0.505878
0.507372
0.520183
0.542052
0.540986
0.530733
0.53345
0.512059
0.507464
0.530735
0.532267
0.505804
0.50861
0.497092
0.496236
0.52138
0.520458
0.526451
0.527267
0.510056
0.509932
0.527194
0.50562
0.508782
0.511872
0.519741
0.503076
0.521841
0.514921
0.513258
0.538038
0.50983
0.514742
0.510671
0.505431
0.503817
0.527418
0.5269
0.518877
0.520658
0.51963
0.816713
0.519325
0.518133
0.519284
0.502946
0.511134
0.528903
0.52353
0.530546
0.522985
0.524616
0.496379
0.495108
0.512185
0.524554
0.526233
0.526446
0.507874
0.511788
0.519069
0.528307
0.520937
0.526477
0.511614
0.515596
0.522788
0.527368
0.507855
0.497864
0.529869
0.508395
0.507895
0.533615
0.529657
0.511884
0.515861
0.521449
0.513652
0.501513
0.503636
0.509592
0.505978
0.549759
0.541791
0.510293
0.514995
0.518866
0.520455
0.509397
0.502857
0.511382
0.508715
0.531181
0.521267
0.513488
0.56746
0.734479
0.524699
0.517617
0.521224
0.509205
0.508054
0.532909
0.53078
0.528599
0.522549
0.510534
0.502242
0.505051
0.520906
0.520446
0.526753
0.51546
0.515743
0.517413
0.524297
0.518728
0.510822
0.512934
0.510004
0.521799
0.652489
0.504505
0.508333
0.5311
0.51972
0.52539
0.505735
0.503969
0.513189
0.506504
0.52675
0.521362
0.527171
0.495663
0.509348
0.515475
0.50975
0.516029
0.502244
0.50086
0.538315
0.543267
0.571401
0.514084
0.515532
0.514505
0.510477
0.522274
0.51506
0.515506
0.528285
0.526548
0.528988
0.527807
0.510028
0.506673
0.506532
0.509217
0.509595
0.50658
0.554119
0.508397
0.508349
0.533572
0.500504
0.52094
0.504456
0.510015
0.515758
0.531347
0.530348
0.506463
0.757078
0.845501
0.833667
0.511276
0.514518
0.529483
0.525453
0.496767
0.503494
0.538504
0.531811
0.660428
0.760836
0.523406
0.524337
0.526494
0.529767
0.524161
0.524302
0.524822
0.523174
0.519594
0.508131
0.525659
0.525079
0.512473
0.524991
0.516498
0.522876
0.52864
0.555137
0.53957
0.511745
0.507875
0.508723
0.508134
0.517635
0.508557
0.526222
0.503519
0.505573
0.513567
0.51155
0.511848
0.585017
0.729131
0.503103
0.49992
0.508037
0.511581
0.509066
0.511005
0.532592
0.58876
0.507002
0.502434
0.537659
0.528077
0.525278
0.52622
0.522523
0.501783
0.506412
0.507565
0.508251
0.510562
0.531746
0.505747
0.506917
0.504532
0.503973
0.508195
0.511906
0.521719
0.757224
0.690337
0.508246
0.507736
0.520594
0.526355
0.502693
0.503404
0.510889
0.524989
0.508695
0.511841
0.529194
0.515601
0.517999
0.522592
0.520807
0.511419
0.502542
0.519809
0.517237
0.516461
0.525961
0.672224
0.509735
0.511811
0.522608
0.532351
0.525042
0.539031
0.525179
0.536659
0.5306
0.503551
0.524712
0.52175
0.521003
0.522352
0.51923
0.505903
0.505407
0.500287
0.503006
0.554827
0.546406
0.564792
0.55876
0.512946
0.513531
0.493365
0.499985
0.523804
0.505857
0.506135
0.506114
0.502633
0.504817
0.504061
0.515485
0.506119
0.514576
0.520259
0.507173
0.501222
0.568205
0.512377
0.512441
0.502053
0.508561
0.523925
0.511616
0.524445
0.518529
0.517462
0.516511
0.516728
0.516772
0.51245
0.506684
0.523349
0.504767
0.532108
0.527133
0.53922
0.557222
0.513477
0.513601
0.503159
0.624493
0.718382
0.770814
0.510187
0.495495
0.499623
0.502193
0.509443
0.504266
0.506196
0.515647
0.515185
0.504237
0.506169
0.529286
0.526013
0.600507
0.509305
0.509408
0.5249
0.522551
0.505516
0.509109
0.52533
0.525787
0.524479
0.525782
0.506846
0.738707
0.699639
0.522855
0.517932
0.509092
0.523865
0.523441
0.507463
0.506715
0.507741
0.516144
0.514827
0.520033
0.522342
0.511741
0.506647
0.510396
0.523148
0.52218
0.683773
0.534741
0.525605
0.521017
0.51731
0.530144
0.525695
0.524745
0.518309
0.520087
0.519434
0.512535
0.503142
0.510529
0.50928
0.508875
0.501054
0.518918
0.51572
0.511263
0.511617
0.513072
0.582055
0.543725
0.539664
0.538397
0.519249
0.501418
0.550737
0.571756
0.568109
0.525888
0.52233
0.646042
0.50246
0.50415
0.660423
0.506874
0.504823
0.673773
0.617546
0.518527
0.509676
0.51032
0.520112
0.52213
0.523786
0.514176
0.520654
0.518235
0.526305
0.525734
0.517301
0.51875
0.519058
0.762235
0.732634
0.736747
0.664182
0.501888
0.516392
0.511185
0.509707
0.522795
0.509372
0.506924
0.527032
0.508758
0.509999
0.511922
0.520312
0.513417
0.511569
0.505599
0.517049
0.506093
0.518576
0.523477
0.508142
0.519881
0.509634
0.5054
0.506531
0.526092
0.531153
0.520136
0.510028
0.525083
0.539275
0.523607
0.574088
0.570438
0.52393
0.500944
0.510069
0.515252
0.514922
0.51591
0.511618
0.511348
0.503499
0.525989
0.503285
0.502806
0.644777
0.525628
0.522792
0.510487
0.506688
0.524516
0.505415
0.501207
0.730662
0.524486
0.524157
0.526315
0.529047
0.501134
0.504057
0.521746
0.507667
0.502922
0.517519
0.523653
0.526148
0.512749
0.511659
0.522836
0.503402
0.526422
0.524262
0.513163
0.520026
0.52307
0.523407
0.528776
0.519644
0.515234
0.512264
0.52427
0.52581
0.663182
0.509851
0.515423
0.512057
0.514573
0.516877
0.517377
0.518443
0.501881
0.500663
0.712345
0.506513
0.51616
0.514404
0.513979
0.522172
0.509237
0.505242
0.510669
0.524453
0.511547
0.512352
0.547422
0.630779
0.508211
0.514795
0.514429
0.525972
0.526708
0.49298
0.509887
0.510357
0.500984
0.508093
0.50952
0.522178
0.530687
0.552459
0.528721
0.524043
0.711141
0.753771
0.516766
0.520059
0.510162
0.504714
0.523898
0.52934
0.504126
0.503421
0.52458
0.524316
0.511724
0.517891
0.518414
0.513686
0.536695
0.501703
0.526686
0.506199
0.525322
0.497584
0.501341
0.521093
0.49911
0.500557
0.502332
0.53216
0.514498
0.515568
0.76286
0.515245
0.513634
0.505278
0.508526
0.505664
0.516532
0.518911
0.53765
0.522288
0.519396
0.497075
0.497435
0.499319
0.51134
0.508718
0.517024
0.511592
0.519977
0.525177
0.529398
0.503151
0.515142
0.512147
0.585246
0.534103
0.530836
0.534178
0.521431
0.519516
0.520313
0.506357
0.503568
0.508227
0.526835
0.516688
0.524365
0.519877
0.52862
0.502903
0.505334
0.515561
0.523792
0.506846
0.508362
0.506983
0.5245
0.534597
0.503179
0.505023
0.500468
0.533142
0.507791
0.51719
0.518054
0.519104
0.521326
0.53045
0.534947
0.502486
0.50753
0.680786
0.63578
0.80426
0.737886
0.507776
0.62254
0.594097
0.633125
0.508546
0.510166
0.510404
0.518683
0.518258
0.521799
0.51021
0.501869
0.507068
0.536873
0.524703
0.523169
0.517883
0.505119
0.522776
0.527355
0.52794
0.495413
0.505344
0.524428
0.521229
0.656644
0.505517
0.504482
0.552495
0.551234
0.580217
0.509163
0.512299
0.508578
0.517322
0.52372
0.503569
0.507135
0.504415
0.511644
0.506753
0.500223
0.528166
0.529497
0.520892
0.527356
0.525671
0.506866
0.524174
0.504677
0.501392
0.540141
0.543455
0.54271
0.528361
0.527627
0.55901
0.516384
0.507078
0.507997
0.505525
0.507162
0.522242
0.517299
0.506344
0.52262
0.531409
0.510738
0.558762
0.502102
0.505389
0.513882
0.529776
0.53032
0.531386
0.533104
0.51112
0.531048
0.749126
0.532862
0.505241
0.509795
0.511174
0.578243
0.57632
0.595157
0.504393
0.527943
0.505972
0.493678
0.509287
0.524503
0.52448
0.509353
0.510941
0.517917
0.52382
0.526698
0.53115
0.519893
0.530586
0.530662
0.524797
0.502566
0.52701
0.51804
0.497758
0.520814
0.53913
0.552111
0.55869
0.552885
0.507461
0.494562
0.515678
0.613181
0.620973
0.502242
0.520535
0.514302
0.516579
0.509191
0.508733
0.511166
0.525887
0.511942
0.515991
0.500545
0.520999
0.626518
0.520028
0.492762
0.49293
0.508946
0.508752
0.506205
0.516836
0.529391
0.530055
0.50871
0.532449
0.535397
0.510113
0.521033
0.531456
0.520628
0.507273
0.504652
0.517959
0.517773
0.519509
0.527232
0.504559
0.502662
0.502238
0.509641
0.526094
0.525711
0.495815
0.51858
0.774902
0.509504
0.503123
0.494392
0.497398
0.527311
0.499617
0.753094
0.72726
0.649561
0.515342
0.51476
0.524766
0.513461
0.519199
0.533248
0.499458
0.528501
0.528807
0.502371
0.50353
0.521673
0.521838
0.505498
0.515541
0.521413
0.514872
0.517288
0.52333
0.531119
0.52282
0.513683
0.532787
0.521436
0.518778
0.518564
0.533068
0.524318
0.526695
0.749871
0.658159
0.523631
0.52789
0.509475
0.503377
0.514044
0.523053
0.525919
0.496961
0.515867
0.568412
0.519087
0.522107
0.510439
0.5074
0.585796
0.529377
0.511783
0.529309
0.503118
0.507802
0.508984
0.514363
0.515772
0.513431
0.552803
0.500639
0.518807
0.516163
0.50055
0.515342
0.509328
0.545151
0.573931
0.506487
0.513828
0.515208
0.502253
0.631872
0.503109
0.572432
0.582872
0.582107
0.519864
0.512791
0.509996
0.524104
0.534523
0.536914
0.506079
0.511336
0.523874
0.518539
0.512622
0.520164
0.505184
0.523092
0.509163
0.511368
0.508348
0.509606
0.638685
0.51933
0.516956
0.506097
0.511493
0.509104
0.503271
0.502465
0.504479
0.529363
0.503615
0.500783
0.500006
0.520022
0.515987
0.511399
0.513056
0.530376
0.496134
0.531568
0.520916
0.525196
0.523831
0.640803
0.525064
0.526714
0.524798
0.506697
0.511751
0.515126
0.570243
0.569525
0.522513
0.529376
0.512786
0.495449
0.511324
0.51199
0.512302
0.497702
0.503784
0.501059
0.498723
0.519629
0.524979
0.511988
0.526376
0.506239
0.501941
0.503657
0.523904
0.515602
0.537312
0.497556
0.516201
0.545189
0.509478
0.504988
0.505561
0.506536
0.512252
0.511941
0.679111
0.501677
0.499771
0.524662
0.504692
0.52084
0.509691
0.507423
0.540038
0.521835
0.50303
0.503331
0.50542
0.507707
0.513151
0.519119
0.521742
0.523542
0.526028
0.498911
0.511513
0.503763
0.505017
0.505321
0.514357
0.498892
0.497791
0.502602
0.50682
0.508105
0.708667
0.499354
0.515432
0.505908
0.501142
0.51119
0.507216
0.506255
0.524465
0.525651
0.520648
0.510225
0.511671
0.545494
0.525108
0.538682
0.523479
0.52378
0.525148
0.541215
0.534265
0.502323
0.548326
0.515743
0.518199
0.515724
0.501322
0.52456
0.508387
0.507411
0.506836
0.52703
0.507816
0.509666
0.52204
0.503054
0.572588
0.52289
0.525886
0.511927
0.512319
0.509617
0.526127
0.521263
0.507681
0.515334
0.49802
0.529143
0.510222
0.510209
0.543088
0.505732
0.521538
0.517538
0.521856
0.507781
0.522765
0.499469
0.50405
0.551939
0.532233
0.540515
0.509568
0.528547
0.587496
0.557969
0.522369
0.516575
0.521122
0.506707
0.498564
0.508251
0.525345
0.52793
0.492793
0.518919
0.522556
0.528403
0.512374
0.529426
0.533697
0.50739
0.519712
0.505157
0.519517
0.518314
0.505902
0.524797
0.547373
0.548955
0.523371
0.720153
0.739507
0.522329
0.521816
0.518939
0.511619
0.528969
0.535422
0.532458
0.50129
0.504913
0.512558
0.523963
0.525712
0.51838
0.497833
0.531401
0.541179
0.493623
0.505102
0.524437
0.513445
0.504402
0.520299
0.521617
0.519076
0.497972
0.516787
0.509442
0.516755
0.515344
0.51222
0.496369
0.508123
0.515501
0.522597
0.51553
0.515404
0.523121
0.503645
0.568687
0.512064
0.52487
0.509933
0.529312
0.521735
0.523928
0.506895
0.716347
0.506441
0.508487
0.510455
0.592526
0.516131
0.53044
0.530936
0.529372
0.541961
0.50831
0.539347
0.535682
0.499481
0.52519
0.508716
0.541114
0.542405
0.516038
0.545016
0.5111
0.514744
0.520617
0.520261
0.522342
0.513227
0.504335
0.504998
0.511671
0.50025
0.501189
0.507936
0.510698
0.514292
0.516499
0.526593
0.504315
0.55743
0.579686
0.51523
0.519571
0.66184
0.519761
0.52802
0.516128
0.502216
0.50546
0.586412
0.519554
0.513415
0.520712
0.516741
0.505216
0.54584
0.507449
0.510948
0.50428
0.509338
0.520435
0.506442
0.511187
0.528509
0.521287
0.527857
0.529098
0.504703
0.531202
0.499341
0.499374
0.683085
0.520488
0.530003
0.671316
0.514074
0.77079
0.759291
0.779732
0.575007
0.507003
0.523734
0.524382
0.501807
0.605137
0.515464
0.514669
0.509942
0.512676
0.508832
0.695001
0.52542
0.515867
0.512639
0.536124
0.528201
0.516472
0.492186
0.510148
0.508381
0.51237
0.50301
0.506947
0.511195
0.532074
0.522834
0.523349
0.513108
0.514255
0.513988
0.564069
0.534229
0.514787
0.50897
0.527932
0.499858
0.502517
0.505668
0.506807
0.51304
0.52731
0.52679
0.507084
0.511742
0.532593
0.537245
0.545444
0.529194
0.585393
0.591315
0.506609
0.517481
0.501869
0.487787
0.517943
0.524898
0.526981
0.518833
0.516365
0.502296
0.507805
0.498338
0.514373
0.524904
0.529807
0.521041
0.50377
0.522498
0.516015
0.524693
0.583787
0.512176
0.507446
0.52663
0.524311
0.516977
0.501526
0.500448
0.523907
0.512891
0.512831
0.536139
0.515452
0.505414
0.518565
0.523411
0.5285
0.524042
0.52316
0.522305
0.504338
0.503605
0.525398
0.55629
0.524402
0.499923
0.519197
0.502659
0.505404
0.505171
0.517738
0.519519
0.517886
0.596266
0.732245
0.525623
0.538809
0.53734
0.521435
0.522069
0.517985
0.511883
0.514691
0.509607
0.524317
0.509499
0.528766
0.50756
0.523012
0.50906
0.526589
0.524744
0.510543
0.512869
0.509307
0.597111
0.519316
0.500443
0.501627
0.499634
0.512053
0.522644
0.51938
0.541354
0.511232
0.515187
0.523361
0.52242
0.523524
0.52614
0.524922
0.52058
0.505556
0.506634
0.51191
0.500346
0.49801
0.50353
0.776278
0.714722
0.53936
0.505141
0.524373
0.510486
0.521294
0.517356
0.521664
0.503919
0.518712
0.538072
0.503905
0.508336
0.520989
0.518826
0.503424
0.588805
0.521626
0.539026
0.505346
0.504967
0.502859
0.504269
0.510419
0.526529
0.525546
0.50888
0.511656
0.789595
0.497242
0.499937
0.500428
0.515499
0.601539
0.519208
0.536423
0.503747
0.555091
0.525779
0.531991
0.520581
0.525661
0.498829
0.512291
0.577322
0.525226
0.508788
0.500485
0.506129
0.527365
0.522752
0.548563
0.496557
0.696574
0.504252
0.662103
0.494165
0.630932
0.518071
0.503905
0.522453
0.498824
0.528573
0.506222
0.513151
0.556647
0.516657
0.498166
0.49974
0.529165
0.621169
0.525897
0.504472
0.526146
0.510934
0.515469
0.52704
0.510157
0.494887
0.523875
0.525742
0.505578
0.596564
0.490443
0.521056
0.506202
0.512603
0.516516
0.521062
0.512872
0.504165
0.512002
0.517495
0.571604
0.521726
0.5062
0.506483
0.516774
0.508564
0.504024
0.616479
0.519189
0.514211
0.520533
0.557584
0.577022
0.503124
0.505011
0.521548
0.502538
0.505968
0.522548
0.502789
0.525124
0.513496
0.520906
0.541354
0.518839
0.518817
0.580536
0.507121
0.51238
0.496805
0.498324
0.566342
0.520974
0.522963
0.572725
0.501117
0.508597
0.502748
0.500599
0.763084
0.516147
0.516568
0.508734
0.525376
0.527002
0.496202
0.517307
0.50853
0.675524
0.51043
0.527002
0.514957
0.51364
0.516418
0.523622
0.527011
0.5262
0.504084
0.519943
0.506951
0.539857
0.524761
0.511202
0.513936
0.51392
0.508432
0.521068
0.590844
0.498055
0.500594
0.524742
0.504407
0.52934
0.521432
0.516431
0.510749
0.53903
0.504836
0.502831
0.542577
0.499726
0.513762
0.522694
0.505048
0.524218
0.520324
0.523489
0.505617
0.504887
0.532384
0.514112
0.494577
0.498879
0.523237
0.505966
0.509357
0.508634
0.495071
0.511355
0.525931
0.525324
0.493032
0.49496
0.511723
0.507359
0.503857
0.498217
0.508855
0.507178
0.50174
0.523684
0.514276
0.715226
0.499669
0.507099
0.512618
0.518509
0.516181
0.657253
0.522907
0.51285
0.500728
0.527094
0.514769
0.540906
0.497921
0.530932
0.508337
0.525415
0.504185
0.504212
0.50873
0.523102
0.520021
0.518455
0.509232
0.536026
0.520466
0.517396
0.505971
0.50537
0.501516
0.522624
0.512936
0.512029
0.52508
0.532577
0.773644
0.529667
0.523241
0.50417
0.503988
0.534645
0.651825
0.524976
0.508124
0.507194
0.526452
0.524746
0.525561
0.525721
0.527394
0.529014
0.523729
0.506852
0.505798
0.515152
0.528665
0.523098
0.507089
0.499822
0.508805
0.519011
0.572773
0.524967
0.508953
0.525766
0.513387
0.511935
0.507362
0.501898
0.514982
0.500576
0.510387
0.529321
0.511003
0.525922
0.520856
0.509409
0.519834
0.599539
0.525486
0.518173
0.509572
0.502314
0.525817
0.507301
0.497955
0.509091
0.520199
0.521441
0.504762
0.504622
0.506083
0.579655
0.507887
0.525653
0.527777
0.526963
0.529837
0.525239
0.524157
0.505879
0.507597
0.501546
0.506832
0.506867
0.51396
0.526718
0.51915
0.513016
0.518336
0.559333
0.521161
0.529104
0.531823
0.51531
0.520488
0.508154
0.529969
0.528548
0.528346
0.529088
0.513099
0.50557
0.509077
0.531349
0.508319
0.525431
0.509754
0.510921
0.522205
0.524442
0.515063
0.523492
0.522266
0.506367
0.510812
0.534186
0.533465
0.506131
0.512382
0.524809
0.522085
0.518521
0.517294
0.515936
0.525577
0.509622
0.499812
0.502385
0.529166
0.510082
0.519481
0.502357
0.54012
0.525952
0.509635
0.581858
0.503297
0.528796
0.521412
0.514854
0.509311
0.528596
0.506781
0.508963
0.511373
0.527707
0.506176
0.506502
0.502386
0.656594
0.628204
0.536149
0.519317
0.515643
0.509107
0.537908
0.522239
0.527744
0.508312
0.517285
0.526697
0.516268
0.522779
0.513293
0.497944
0.514787
0.511223
0.517926
0.508618
0.503679
0.506277
0.570473
0.5109
0.497154
0.496385
0.510257
0.522105
0.529991
0.526651
0.530729
0.513629
0.545376
0.510918
0.507738
0.513425
0.511931
0.507494
0.517328
0.516028
0.529061
0.52326
0.516929
0.515043
0.527451
0.500468
0.52198
0.524866
0.518054
0.598538
0.515546
0.515822
0.524909
0.506584
0.527614
0.529484
0.73088
0.716546
0.659817
0.508387
0.517225
0.511145
0.506755
0.515212
0.524563
0.523379
0.521589
0.503419
0.515716
0.516332
0.512273
0.514908
0.533143
0.50467
0.504875
0.518076
0.659221
0.508996
0.511247
0.518899
0.52109
0.502385
0.526076
0.50875
0.503752
0.511432
0.523429
0.500347
0.513399
0.51408
0.521998
0.522363
0.534201
0.514716
0.505671
0.523289
0.52182
0.506135
0.512062
0.662427
0.503452
0.524524
0.515929
0.506778
0.52441
0.506388
0.532296
0.523758
0.523093
0.516429
0.525092
0.506173
0.513797
0.508132
0.507822
0.51152
0.535801
0.525219
0.511559
0.514939
0.514204
0.510296
0.510466
0.51065
0.513322
0.508441
0.506349
0.595691
0.509252
0.545881
0.513025
0.522243
0.511648
0.522005
0.52383
0.516754
0.507973
0.514287
0.514659
0.519086
0.511555
0.51423
0.508494
0.514329
0.512327
0.523448
0.50592
0.516434
0.516212
0.524975
0.504216
0.531955
0.514223
0.535009
0.511509
0.509445
0.511338
0.516703
0.59725
0.52845
0.522529
0.513226
0.497527
0.502676
0.517378
0.508485
0.523102
0.532795
0.524074
0.501933
0.503706
0.505266
0.511097
0.504653
0.514194
0.519011
0.515704
0.516424
0.509763
0.527258
0.518865
0.659816
0.508711
0.521353
0.514981
0.500208
0.507933
0.508299
0.522299
0.523698
0.518411
0.506644
0.521922
0.501602
0.507259
0.513344
0.525125
0.508803
0.527656
0.521789
0.505768
0.511787
0.511876
0.506457
0.503681
0.522287
0.509265
0.530136
0.512385
0.526412
0.513375
0.525332
0.523789
0.51026
0.510012
0.806061
0.516242
0.534013
0.528143
0.522268
0.503666
0.532466
0.51695
0.50069
0.523726
0.531475
0.520976
0.520593
0.504953
0.523129
0.69095
0.52353
0.548853
0.50504
0.507913
0.525245
0.513806
0.52017
0.529149
0.499778
0.507121
0.502211
0.51193
0.52632
0.525065
0.538665
0.516947
0.523169
0.526095
0.513074
0.495676
0.552368
0.520083
0.521366
0.519668
0.508606
0.505886
0.510226
0.513596
0.538822
0.537082
0.509282
0.52123
0.513572
0.633183
0.518411
0.593897
0.517248
0.521003
0.504956
0.61098
0.511976
0.521325
0.521193
0.567214
0.520458
0.587746
0.52797
0.50751
0.531929
0.581267
0.506285
0.548105
0.59934
0.52395
0.529524
0.526901
0.528402
0.523271
0.533114
0.522435
0.524468
0.498202
0.512836
0.517377
0.507337
0.535677
0.512659
0.511957
0.498632
0.502976
0.529066
0.527803
0.514736
0.518211
0.529772
0.506549
0.528013
0.537814
0.524997
0.523418
0.52764
0.518022
0.514817
0.521506
0.514602
0.50724
0.530295
0.516511
0.727764
0.517044
0.50815
0.507154
0.519257
0.505375
0.506428
0.521256
0.52594
0.519705
0.533352
0.530459
0.531338
0.529537
0.526562
0.535465
0.523398
0.529768
0.519726
0.512325
0.526549
0.525873
0.520528
0.499117
0.528926
0.530998
0.496603
0.526021
0.618788
0.521846
0.72942
0.511512
0.521784
0.515524
0.506394
0.506243
0.499421
0.529497
0.514633
0.529732
0.508401
0.504538
0.519179
0.681469
0.524301
0.519875
0.50903
0.507163
0.524853
0.50756
0.516347
0.514458
0.504821
0.527631
0.503585
0.530688
0.523116
0.498415
0.522383
0.684516
0.522954
0.527228
0.507751
0.758344
0.516923
0.53152
0.516135
0.521987
0.515321
0.665037
0.533289
0.521942
0.504512
0.502717
0.500439
0.54054
0.561525
0.518182
0.52076
0.506985
0.509045
0.514979
0.527836
0.528915
0.534664
0.536586
0.516448
0.514441
0.522301
0.519784
0.523187
0.530234
0.529233
0.50283
0.506021
0.516985
0.517808
0.517007
0.518461
0.499883
0.523483
0.503582
0.517724
0.524348
0.5158
0.514074
0.507014
0.587114
0.510572
0.501059
0.528218
0.510691
0.527049
0.508581
0.518442
0.50791
0.513951
0.52915
0.524207
0.530587
0.512198
0.536169
0.512594
0.521164
0.513448
0.507336
0.506076
0.534213
0.526294
0.513856
0.533288
0.494889
0.508884
0.513179
0.511452
0.530614
0.520208
0.525004
0.512505
0.522044
0.507187
0.60536
0.514928
0.510415
0.527511
0.51892
0.521536
0.510638
0.507631
0.505284
0.513348
0.509215
0.510435
0.499462
0.513727
0.499486
0.503441
0.516272
0.511423
0.509393
0.541204
0.4957
0.556915
0.523447
0.507619
0.517588
0.551127
0.507223
0.509581
0.535758
0.499181
