0.509439
0.512649
0.521683
0.50485
0.50259
0.510132
0.514319
0.514803
0.534968
0.641689
0.626743
0.524911
0.543827
0.500841
0.508557
0.686071
0.651473
0.646948
0.520971
0.523634
0.507418
0.516354
0.501167
0.503283
0.515609
0.515316
0.501302
0.520905
0.526356
0.522821
0.531966
0.512574
0.508567
0.514789
0.526923
0.528412
0.523724
0.523611
0.512975
0.511847
0.544197
0.547604
0.558665
0.537341
0.537509
0.52401
0.521563
0.508565
0.718363
0.516715
0.520484
0.517818
0.500492
0.517859
0.519728
0.520572
0.524203
0.518321
0.516485
0.50882
0.508774
0.529846
0.517089
0.522048
0.534164
0.537202
0.531948
0.518495
0.517848
0.522117
0.518249
0.566149
0.566823
0.570068
0.520309
0.511625
0.502048
0.500494
0.501091
0.516499
0.521642
0.499162
0.505518
0.512807
0.563282
0.591724
0.581231
0.533275
0.536519
0.526
0.504195
0.518357
0.514385
0.515654
0.536273
0.536939
0.552397
0.514512
0.510701
0.51607
0.515954
0.520296
0.519476
0.582193
0.562054
0.606958
0.510771
0.51205
0.511144
0.549283
0.537189
0.516111
0.512433
0.505646
0.519108
0.51921
0.517355
0.546224
0.546797
0.580186
0.495185
0.501204
0.504094
0.500318
0.493347
0.500768
0.497771
0.520165
0.522891
0.697171
0.753326
0.68108
0.517043
0.512897
0.512223
0.53021
0.520186
0.517434
0.522821
0.509846
0.505363
0.506121
0.502901
0.86186
0.507741
0.520559
0.520578
0.518013
0.517858
0.518049
0.516453
0.516551
0.518735
0.514855
0.508494
0.507207
0.507164
0.521216
0.528061
0.523613
0.513046
0.506873
0.509035
0.519094
0.517341
0.512811
0.514065
0.511123
0.511122
0.529814
0.530383
0.503429
0.498346
0.507236
0.52075
0.520248
0.523207
0.520742
0.522802
0.505325
0.52675
0.50746
0.508926
0.521687
0.518302
0.52113
0.507453
0.507701
0.516536
0.520077
0.509343
0.508672
0.527316
0.526628
0.517459
0.517911
0.688743
0.667575
0.709944
0.511187
0.512757
0.508139
0.519547
0.507076
0.508946
0.526644
0.528015
0.525556
0.525482
0.525179
0.530988
0.521534
0.497826
0.509635
0.512828
0.524402
0.526957
0.517285
0.525534
0.534512
0.533441
0.52895
0.509834
0.526096
0.523002
0.509993
0.514086
0.509237
0.52903
0.526997
0.510813
0.514896
0.53338
0.860882
0.50715
0.512758
0.521739
0.509005
0.505792
0.504016
0.506502
0.511123
0.506285
0.510359
0.502783
0.505434
0.50575
0.533754
0.532051
0.514773
0.508221
0.562671
0.680159
0.679594
0.648406
0.521066
0.522804
0.520957
0.49564
0.495186
0.507975
0.506666
0.505324
0.53166
0.531439
0.498998
0.50624
0.525276
0.50785
0.520835
0.503805
0.503377
0.503561
0.532772
0.524081
0.518953
0.791409
0.51177
0.516524
0.516885
0.518338
0.52019
0.516963
0.514965
0.51743
0.522361
0.520812
0.516799
0.513111
0.518052
0.516537
0.508594
0.507983
0.509829
0.508308
0.50616
0.514679
0.504872
0.503626
0.532796
0.529739
0.525209
0.518458
0.532391
0.512695
0.503946
0.500103
0.499869
0.506645
0.515698
0.512506
0.526573
0.534986
0.523473
0.522827
0.521053
0.507986
0.514307
0.520021
0.512547
0.509195
0.509509
0.541551
0.54271
0.545187
0.554997
0.504797
0.503821
0.588627
0.640557
0.51522
0.513373
0.511857
0.517357
0.519571
0.513635
0.514541
0.513436
0.518887
0.529548
0.501024
0.509215
0.507427
0.508839
0.509524
0.51181
0.544679
0.508948
0.513878
0.527085
0.521292
0.520938
0.503351
0.512494
0.50981
0.650286
0.762806
0.530729
0.530554
0.528874
0.519528
0.523678
0.658966
0.512668
0.513903
0.511849
0.53743
0.535649
0.674515
0.524189
0.528337
0.528813
0.51648
0.524074
0.520426
0.51674
0.505977
0.510444
0.517304
0.522231
0.622137
0.505038
0.516887
0.52068
0.519151
0.553847
0.569353
0.56671
0.534411
0.506765
0.504351
0.503779
0.512025
0.512559
0.518016
0.505493
0.501627
0.50129
0.505894
0.515848
0.515131
0.513322
0.68577
0.760366
0.696311
0.510014
0.512793
0.507112
0.503039
0.558316
0.546684
0.533003
0.699409
0.760239
0.551513
0.489113
0.533074
0.534877
0.529427
0.517781
0.523762
0.518058
0.51802
0.514564
0.510218
0.516685
0.505443
0.50859
0.528227
0.530808
0.52721
0.503777
0.509517
0.512805
0.511711
0.521231
0.575351
0.499633
0.501266
0.497409
0.526793
0.522298
0.512495
0.516013
0.506615
0.507433
0.513593
0.509547
0.523175
0.510228
0.539495
0.534981
0.516252
0.53382
0.534896
0.520264
0.521406
0.521309
0.526325
0.526447
0.52799
0.523121
0.530824
0.505962
0.504373
0.508995
0.516966
0.520876
0.527106
0.524944
0.539057
0.534224
0.5347
0.534086
0.501701
0.522903
0.526071
0.529688
0.517702
0.507201
0.510318
0.564529
0.509433
0.510029
0.497305
0.501089
0.516912
0.516733
0.535579
0.510189
0.508527
0.508132
0.505621
0.508289
0.52988
0.510041
0.552083
0.526716
0.504698
0.508142
0.523373
0.521786
0.518791
0.521794
0.525173
0.520235
0.52204
0.522039
0.526348
0.515655
0.509162
0.522762
0.519932
0.504295
0.503955
0.504494
0.528962
0.537483
0.544115
0.694216
0.525278
0.512044
0.509147
0.529756
0.5717
0.593007
0.494765
0.498634
0.499752
0.543285
0.539413
0.509665
0.516246
0.522527
0.509593
0.50704
0.505328
0.507831
0.53684
0.53381
0.531225
0.83101
0.787802
0.502847
0.509742
0.495227
0.500963
0.514231
0.525053
0.522703
0.522468
0.517577
0.520109
0.524069
0.502195
0.501436
0.500959
0.510589
0.512265
0.506996
0.509809
0.673053
0.645799
0.513044
0.509947
0.513151
0.510934
0.513913
0.514444
0.52175
0.520773
0.678254
0.525537
0.523342
0.518502
0.517253
0.535304
0.542372
0.526285
0.529347
0.523725
0.509421
0.507735
0.505266
0.506518
0.508906
0.500697
0.521115
0.512847
0.514963
0.514832
0.622531
0.5406
0.540512
0.536974
0.5393
0.502696
0.507398
0.55673
0.56412
0.522382
0.511068
0.513067
0.50447
0.513254
0.693357
0.505942
0.502264
0.507428
0.517625
0.507193
0.510179
0.510756
0.511181
0.524606
0.525892
0.516649
0.517716
0.53098
0.529862
0.518218
0.526668
0.529545
0.710813
0.499401
0.509589
0.529678
0.509272
0.504843
0.523231
0.508266
0.51599
0.519946
0.513621
0.5051
0.504734
0.522602
0.52177
0.528454
0.520942
0.510116
0.511232
0.560901
0.530123
0.527146
0.511367
0.511568
0.503005
0.518009
0.531649
0.526346
0.518433
0.508144
0.516966
0.52593
0.532193
0.542718
0.52624
0.526426
0.514983
0.567935
0.517686
0.524258
0.525097
0.504541
0.505996
0.5234
0.519786
0.518459
0.51325
0.506395
0.50483
0.511091
0.509193
0.510982
0.508051
0.50841
0.51897
0.52042
0.537885
0.529777
0.686576
0.529994
0.524347
0.523613
0.527161
0.506698
0.504223
0.50695
0.844657
0.555607
0.543517
0.586585
0.528831
0.52524
0.532631
0.520508
0.503192
0.50815
0.505917
0.518609
0.518226
0.520778
0.509085
0.516026
0.498654
0.524142
0.51825
0.521488
0.515899
0.523516
0.512658
0.520521
0.526909
0.510811
0.511509
0.525588
0.527119
0.523264
0.521665
0.489971
0.52838
0.50443
0.717223
0.503417
0.619078
0.624266
0.499934
0.510346
0.51307
0.514798
0.630042
0.50674
0.518447
0.51667
0.520305
0.525755
0.526147
0.498211
0.508662
0.514928
0.504398
0.515681
0.509884
0.520615
0.546505
0.52251
0.508835
0.51497
0.626414
0.708727
0.512621
0.509171
0.506215
0.516571
0.516456
0.522956
0.523771
0.505972
0.496013
0.527532
0.501321
0.519439
0.517352
0.518359
0.533067
0.532741
0.504174
0.523748
0.505501
0.508336
0.503992
0.519677
0.516985
0.505679
0.525285
0.527918
0.520831
0.52135
0.521855
0.524939
0.525147
0.503453
0.525335
0.53531
0.528469
0.510424
0.510702
0.507566
0.505537
0.529856
0.528887
0.743207
0.698059
0.497989
0.500783
0.497184
0.50329
0.502204
0.532051
0.518402
0.506623
0.517547
0.520799
0.535555
0.537287
0.596856
0.515257
0.510033
0.505891
0.507243
0.50352
0.521756
0.511764
0.514573
0.525912
0.526793
0.505209
0.497281
0.555354
0.511235
0.534554
0.536204
0.537764
0.516141
0.52979
0.502055
0.516492
0.519047
0.498321
0.508157
0.507615
0.507855
0.492064
0.526013
0.524551
0.518504
0.517811
0.520753
0.50267
0.502461
0.515262
0.52983
0.529524
0.647671
0.600341
0.525703
0.517604
0.518706
0.513003
0.519207
0.516186
0.500219
0.500426
0.499644
0.674729
0.535642
0.50804
0.517372
0.516803
0.532573
0.503691
0.502013
0.516717
0.514177
0.516448
0.661435
0.71654
0.660001
0.519939
0.521098
0.70498
0.629757
0.615876
0.509152
0.520074
0.518408
0.526029
0.503507
0.528653
0.541044
0.526391
0.524915
0.514083
0.502532
0.503179
0.51047
0.509617
0.505848
0.551209
0.531772
0.539385
0.526482
0.533089
0.519704
0.508904
0.529941
0.52365
0.525524
0.523019
0.738128
0.512117
0.515456
0.504656
0.506113
0.544952
0.547056
0.55745
0.517403
0.511778
0.510269
0.513775
0.521118
0.505241
0.507389
0.553951
0.529098
0.522827
0.524785
0.518624
0.515995
0.522891
0.529497
0.524199
0.528847
0.500143
0.545262
0.528228
0.521
0.513313
0.508942
0.50812
0.502473
0.544084
0.52322
0.514618
0.525969
0.50526
0.58895
0.574866
0.5084
0.533763
0.538526
0.514749
0.507636
0.509846
0.517973
0.528447
0.500673
0.503061
0.530149
0.53195
0.528156
0.826628
0.906133
0.515985
0.515891
0.582319
0.525108
0.506346
0.524722
0.507023
0.505531
0.522865
0.510206
0.509292
0.519226
0.511292
0.70078
0.527034
0.529326
0.527416
0.528215
0.503921
0.526669
0.521183
0.515347
0.514115
0.50953
0.508091
0.504664
0.511026
0.522378
0.491554
0.522336
0.564977
0.540948
0.572768
0.504295
0.550052
0.506275
0.506423
0.574548
0.596177
0.614742
0.528574
0.514564
0.517894
0.513048
0.507085
0.506642
0.509946
0.513469
0.512034
0.516328
0.493695
0.504877
0.501834
0.506905
0.509498
0.524917
0.527665
0.530626
0.515223
0.523603
0.499994
0.517323
0.517298
0.508617
0.52069
0.529525
0.50173
0.510374
0.531697
0.509424
0.511144
0.506835
0.522918
0.520564
0.520683
0.498388
0.528072
0.523026
0.524259
0.50786
0.508895
0.518378
0.515404
0.511403
0.516573
0.500178
0.508909
0.51958
0.52348
0.522016
0.528376
0.534726
0.538315
0.529316
0.522842
0.529006
0.517096
0.519779
0.494728
0.531322
0.523342
0.521728
0.520366
0.52472
0.530293
0.518351
0.522883
0.503584
0.529587
0.519582
0.518036
0.526073
0.510624
0.514065
0.513722
0.5163
0.526474
0.52667
0.516039
0.51184
0.526122
0.516471
0.508757
0.516817
0.517484
0.506841
0.512551
0.509973
0.516205
0.585435
0.576216
0.528988
0.499872
0.498058
0.506509
0.521432
0.517905
0.559041
0.499502
0.519902
0.519326
0.646928
0.590379
0.529186
0.50289
0.50311
0.503289
0.510644
0.495465
0.542307
0.502085
0.55146
0.587746
0.526777
0.513211
0.511723
0.517131
0.503439
0.571623
0.574545
0.573252
0.508515
0.519248
0.525563
0.51878
0.509624
0.523061
0.523858
0.510048
0.503403
0.537707
0.504846
0.512979
0.518217
0.521532
0.523046
0.509716
0.515107
0.507425
0.518814
0.520507
0.507609
0.521879
0.52324
0.508138
0.508594
0.503992
0.505412
0.505202
0.508735
0.527264
0.512922
0.499872
0.498695
0.498385
0.526924
0.511156
0.507968
0.505501
0.503887
0.502557
0.528283
0.521423
0.525385
0.526497
0.521839
0.519127
0.521296
0.523742
0.501817
0.509022
0.561114
0.578533
0.507994
0.50901
0.495681
0.519004
0.514764
0.581948
0.569264
0.505091
0.515701
0.495133
0.510912
0.507064
0.500949
0.501424
0.506992
0.529615
0.508306
0.506202
0.525302
0.513874
0.541464
0.538529
0.496233
0.506102
0.502548
0.501258
0.50327
0.501824
0.500407
0.506876
0.508621
0.504226
0.519068
0.524772
0.526613
0.514594
0.500848
0.503379
0.503397
0.511456
0.515539
0.507946
0.50494
0.505425
0.50948
0.516513
0.512306
0.522261
0.514066
0.520775
0.512255
0.504904
0.504007
0.537741
0.514172
0.505461
0.5048
0.512676
0.521037
0.505894
0.530884
0.509943
0.522798
0.59115
0.519557
0.514254
0.511312
0.509705
0.535063
0.510882
0.537822
0.502169
0.502853
0.553256
0.514165
0.518586
0.52461
0.531413
0.522539
0.503714
0.506409
0.513363
0.506345
0.515333
0.525553
0.507826
0.511312
0.523922
0.515587
0.499627
0.499286
0.49779
0.502943
0.532995
0.509631
0.521919
0.509536
0.510197
0.552902
0.515656
0.539388
0.535629
0.507293
0.540879
0.506314
0.520247
0.51351
0.513134
0.509132
0.524139
0.504331
0.52501
0.523041
0.512703
0.502986
0.529016
0.546258
0.521093
0.506385
0.499542
0.676102
0.508333
0.524405
0.529184
0.528214
0.512333
0.529534
0.534305
0.508617
0.504966
0.525985
0.526572
0.501094
0.523311
0.505504
0.534593
0.524159
0.663502
0.517146
0.52235
0.512676
0.525039
0.512389
0.51765
0.51318
0.51156
0.524086
0.588837
0.534806
0.505949
0.503759
0.508906
0.520837
0.496833
0.512916
0.517374
0.506525
0.526503
0.567071
0.518417
0.516232
0.496747
0.523787
0.523655
0.511683
0.51702
0.504535
0.738711
0.511483
0.516565
0.528418
0.525028
0.517528
0.519163
0.50565
0.522776
0.505743
0.529372
0.525041
0.523914
0.517351
0.521758
0.529136
0.515272
0.497218
0.510895
0.82655
0.5159
0.528153
0.532267
0.502559
0.531488
0.535388
0.5307
0.503184
0.524017
0.507299
0.510196
0.526599
0.53433
0.525184
0.51835
0.542393
0.509237
0.513783
0.522878
0.495435
0.521455
0.516056
0.506592
0.504804
0.509752
0.512608
0.508839
0.504191
0.517903
0.509156
0.510064
0.505758
0.507137
0.506819
0.503522
0.551701
0.507666
0.513417
0.522729
0.500862
0.673241
0.518682
0.530761
0.527397
0.509267
0.502571
0.506337
0.509369
0.504987
0.519562
0.516783
0.517001
0.521575
0.523976
0.515171
0.516501
0.516235
0.504201
0.509148
0.505245
0.511825
0.520008
0.51778
0.519656
0.511057
0.516199
0.572243
0.50401
0.529666
0.530032
0.512614
0.503955
0.528686
0.499738
0.518334
0.658436
0.53087
0.619735
0.526734
0.556139
0.503604
0.50607
0.507546
0.509153
0.501766
0.508808
0.519703
0.509801
0.515917
0.510651
0.506829
0.516988
0.517513
0.513631
0.5344
0.535995
0.503588
0.523155
0.515154
0.506224
0.502372
0.540183
0.501216
0.512636
0.5026
0.520327
0.532762
0.534413
0.513967
0.513072
0.512041
0.508018
0.51875
0.531498
0.511021
0.52439
0.522512
0.506616
0.511037
0.513229
0.50684
0.504982
0.505674
0.530887
0.530415
0.498684
0.501105
0.50705
0.512129
0.514558
0.658275
0.617344
0.515073
0.522842
0.518015
0.507255
0.517144
0.489202
0.51925
0.528122
0.52232
0.497265
0.547585
0.521847
0.502316
0.515019
0.518652
0.521109
0.557978
0.510272
0.505246
0.503863
0.518709
0.514653
0.527041
0.523082
0.509789
0.516524
0.511669
0.500846
0.511525
0.513687
0.509892
0.50749
0.52778
0.540019
0.611278
0.51516
0.525258
0.525953
0.524058
0.521517
0.51278
0.504351
0.522482
0.504514
0.525338
0.502638
0.50213
0.529778
0.508532
0.505217
0.506461
0.519678
0.516477
0.558323
0.51495
0.496195
0.538637
0.537915
0.518721
0.517817
0.521738
0.51903
0.518854
0.518968
0.512843
0.51328
0.520525
0.517152
0.525625
0.507947
0.504999
0.519899
0.513265
0.511927
0.511081
0.54033
0.516302
0.501493
0.521522
0.505182
0.505524
0.517018
0.514235
0.526726
0.524132
0.525437
0.521842
0.521383
0.502741
0.506304
0.704011
0.597494
0.50846
0.514146
0.512753
0.494718
0.521382
0.505246
0.794052
0.540999
0.537945
0.503817
0.526102
0.522914
0.518562
0.517396
0.499587
0.505963
0.522481
0.514884
0.521303
0.498554
0.50514
0.506311
0.525544
0.52561
0.504147
0.507764
0.539747
0.506972
0.505012
0.501079
0.541118
0.507847
0.528528
0.526831
0.508975
0.51199
0.505444
0.514399
0.504165
0.52178
0.499622
0.529105
0.704741
0.52871
0.713884
0.523272
0.52553
0.518584
0.516147
0.524071
0.508573
0.502618
0.513625
0.500167
0.525418
0.528448
0.523389
0.530269
0.518448
0.543391
0.619988
0.57013
0.498636
0.521755
0.508956
0.505632
0.532536
0.5066
0.512456
0.501932
0.50098
0.531426
0.514955
0.587879
0.519071
0.520681
0.521135
0.503491
0.508157
0.600121
0.580279
0.498061
0.528825
0.518808
0.524689
0.524219
0.503224
0.512916
0.510267
0.523087
0.502907
0.510335
0.515365
0.517086
0.810955
0.526075
0.775777
0.505254
0.517142
0.511628
0.505566
0.503409
0.507258
0.523424
0.518071
0.506214
0.552346
0.52425
0.509163
0.501715
0.512365
0.501233
0.523681
0.506305
0.522393
0.520918
0.508654
0.509885
0.544446
0.520021
0.56041
0.51046
0.52078
0.519098
0.499203
0.49666
0.547913
0.515858
0.522157
0.52284
0.503124
0.781392
0.811343
0.514174
0.515313
0.505472
0.525838
0.499266
0.513823
0.51779
0.644614
0.511922
0.52732
0.514875
0.50681
0.52852
0.521645
0.526469
0.500051
0.514794
0.501028
0.520842
0.52376
0.508505
0.512938
0.742078
0.550958
0.501582
0.502751
0.519322
0.539218
0.503354
0.816008
0.511039
0.509502
0.500726
0.507515
0.504442
0.52366
0.502725
0.529167
0.50153
0.532361
0.63596
0.51289
0.496556
0.504858
0.521747
0.508967
0.501171
0.548156
0.535313
0.523869
0.505208
0.500297
0.733674
0.54487
0.529279
0.522829
0.532015
0.495604
0.557609
0.523809
0.51714
0.656843
0.501198
0.513527
0.508596
0.514506
0.670911
0.66122
0.507837
0.502892
0.531215
0.515807
0.698077
0.529209
0.531168
0.527843
0.529215
0.507653
0.509157
0.512339
0.507453
0.505345
0.512552
0.503669
0.504092
0.531947
0.533611
0.522211
0.520512
0.511955
0.517661
0.500131
0.523456
0.522944
0.511643
0.510702
0.515459
0.520981
0.509446
0.51153
0.655024
0.672825
0.521618
0.52202
0.49656
0.60496
0.508759
0.692246
0.50479
0.511422
0.501459
0.507871
0.507164
0.506081
0.512267
0.521208
0.498627
0.508784
0.516782
0.52472
0.506424
0.518465
0.509622
0.522122
0.699095
0.508859
0.524908
0.511311
0.512061
0.512334
0.526697
0.509958
0.630867
0.525916
0.510719
0.513781
0.670432
0.529805
0.526409
0.502372
0.513168
0.513005
0.675097
0.524932
0.519265
0.534161
0.532684
0.507784
0.506209
0.512062
0.530729
0.519298
0.520694
0.508478
0.508078
0.533391
0.519412
0.500861
0.509364
0.518376
0.518385
0.496612
0.498815
0.500691
0.706844
0.776481
0.636265
0.508254
0.507372
0.52042
0.521872
0.524043
0.523868
0.505424
0.527201
0.533008
0.508256
0.509937
0.504538
0.526346
0.511312
0.533553
0.521836
0.525584
0.511877
0.518767
0.512666
0.532206
0.531265
0.507358
0.508056
0.523981
0.527213
0.524485
0.676746
0.512624
0.503884
0.504837
0.512341
0.502227
0.67708
0.524954
0.510665
0.51695
0.514636
0.523188
0.519289
0.510975
0.510416
0.516175
0.521898
0.502201
0.50408
0.501442
0.528043
0.513555
0.52091
0.504695
0.524108
0.524683
0.511531
0.495013
0.515504
0.506964
0.505273
0.511518
0.517396
0.50975
0.524447
0.521779
0.504016
0.521579
0.502037
0.522693
0.508382
0.529121
0.536882
0.519808
0.507752
0.66477
0.716782
0.515409
0.51746
0.530898
0.520536
0.528436
0.520877
0.528134
0.516082
0.52315
0.514185
0.513905
0.5079
0.518448
0.509726
0.50584
0.531949
0.513882
0.507211
0.534005
0.604411
0.654888
0.516751
0.505635
0.509385
0.51874
0.510273
0.518821
0.532893
0.531733
0.516169
0.516167
0.508081
0.513033
0.508985
0.517921
0.518439
0.515128
0.531167
0.506356
0.531129
0.51423
0.52667
0.516725
0.522361
0.533449
0.515305
0.5729
0.517473
0.518803
0.505239
0.503882
0.509237
0.530155
0.528374
0.513477
0.511426
0.520687
0.535264
0.714742
0.522053
0.509444
0.501723
0.521664
0.519888
0.514696
0.510399
0.520365
0.505485
0.50785
0.508777
0.528286
0.534865
0.519265
0.516927
0.509383
0.514388
0.507772
0.523657
0.541888
0.533243
0.518347
0.50397
0.527658
0.52529
0.51545
0.508521
0.529166
0.513145
0.522479
0.518929
0.548484
0.511209
0.495888
0.513138
0.503867
0.505785
0.512635
0.5159
0.503349
0.514866
0.516432
0.519838
0.59511
0.511217
0.50234
0.513913
0.534171
0.547099
0.514126
0.524409
0.529512
0.515129
0.521149
0.502545
0.505796
0.488222
0.514416
0.510891
0.516214
0.519058
0.50719
0.521233
0.531482
0.525007
0.526713
0.714969
0.506275
0.509574
0.513988
0.527168
0.522782
0.527479
0.520421
0.523607
0.52341
0.524836
0.511236
0.526629
0.522998
0.501338
0.502896
0.532979
0.510271
0.508414
0.500871
0.523973
0.524346
0.513205
0.512387
0.525953
0.506784
0.560323
0.50963
0.542616
0.526924
0.518386
0.523923
0.506291
0.514226
0.508802
0.51834
0.525645
0.535855
0.499115
0.510899
0.518246
0.510542
0.526167
0.523201
0.504633
0.511846
0.515011
0.51996
0.489137
0.50238
0.525619
0.510713
0.508489
0.492429
0.577264
0.519787
0.519935
0.515658
0.504994
0.521532
0.520429
0.519502
0.498703
0.556448
0.504368
0.528071
0.504234
0.531083
0.524204
0.53368
0.556925
0.647748
0.52536
0.521456
0.519821
0.518086
0.5236
0.533062
0.602956
0.53322
0.521706
0.510991
0.521201
0.523201
0.531095
0.528592
0.51321
0.612376
0.53059
0.534329
0.51106
0.524189
0.514779
0.50697
0.511018
0.533834
0.507524
0.503673
0.511678
0.529212
0.51935
0.557048
0.51079
0.510988
0.564086
0.517887
0.501776
0.498848
0.532853
0.500317
0.648189
0.50751
0.514036
0.501227
0.505011
0.505839
0.511441
0.519274
0.499017
0.497888
0.774336
0.553476
0.510467
0.508475
0.505687
0.526847
0.529304
0.518212
0.512645
0.515019
0.509717
0.523895
0.522341
0.513108
0.537179
0.532545
0.523748
0.527333
0.520513
0.524641
0.508698
0.515063
0.509491
0.507606
0.505095
0.651423
0.503471
0.505201
0.526743
0.523912
0.507442
0.699607
0.529387
0.499018
0.507318
0.528058
0.518481
0.563309
0.525251
0.660897
0.530141
0.590468
0.661692
0.669725
0.53423
0.512134
0.512141
0.514963
0.507315
0.525713
0.521431
0.503141
0.500454
0.530047
0.803259
0.530175
0.505256
0.501951
0.50461
0.528009
0.57027
0.518055
0.523379
0.711555
0.518413
0.521544
0.51073
0.509097
0.510262
0.544805
0.498666
0.538812
0.517563
0.523549
0.525371
0.509388
0.525135
0.531498
0.505495
0.510253
0.50854
0.49321
0.505347
0.501169
0.51576
0.505611
0.516877
0.505238
0.524034
0.503409
0.53076
0.539497
0.50521
0.51802
0.532734
0.52079
0.552238
0.516012
0.516245
0.558316
0.511129
0.516201
0.521501
0.521166
0.510395
0.524639
0.558253
0.504012
0.533081
0.498712
0.722932
0.515526
0.498181
0.50371
0.524709
0.505572
0.506566
0.526405
0.511439
0.508951
0.497935
0.492321
0.515865
0.515976
0.611443
0.505426
0.519846
0.503052
0.524438
0.508569
0.506763
0.533313
0.542971
0.54859
0.505551
0.535012
0.506107
0.509448
0.529994
0.503935
0.507328
0.524398
0.504656
0.50964
0.516355
0.517005
0.530624
0.523853
0.54739
0.535693
0.525222
0.522929
0.51606
0.540596
0.50546
0.510722
0.510427
0.534176
0.517772
0.514135
0.520874
0.504171
0.512188
0.52311
0.516061
0.513406
0.506826
0.531174
0.498627
0.504921
0.506552
0.576717
0.626071
0.525592
0.522624
0.529991
0.502623
0.508682
0.530741
0.524019
0.516287
0.520822
0.501251
0.522803
0.516516
0.520513
0.518098
0.526818
0.50915
0.505188
0.532139
0.533138
0.521866
0.523963
0.509469
0.497638
0.525575
0.539153
0.531591
0.504345
0.509662
0.506585
0.529921
0.538428
0.518734
0.531088
0.524834
0.509605
0.516139
0.531415
0.629
0.505086
0.528793
0.519782
0.525723
0.504338
0.515104
