0.520504
0.532883
0.536254
0.542948
0.53773
0.538367
0.531424
0.532595
0.534654
0.523958
0.530291
0.523447
0.520969
0.524164
0.52485
0.544017
0.533929
0.519765
0.522757
0.522437
0.525349
0.531748
0.545719
0.515652
0.515631
0.536227
0.536547
0.525253
0.543928
0.521304
0.520024
0.521336
0.517859
0.526857
0.52803
0.528967
0.527838
0.526544
0.520466
0.52161
0.536974
0.521933
0.52686
0.526791
0.535348
0.530853
0.537741
0.533666
0.521095
0.520196
0.515798
0.536943
0.547073
0.53766
0.512224
0.517719
0.519645
0.517634
0.533522
0.511996
0.519742
0.517067
0.512124
0.519547
0.519039
0.527829
0.522513
0.5225
0.5227
0.545068
0.540053
0.530854
0.52523
0.522195
0.522434
0.522515
0.532465
0.514316
0.516183
0.521454
0.524667
0.515121
0.529433
0.527807
0.537033
0.536779
0.509669
0.527434
0.531739
0.530034
0.527869
0.52832
0.528486
0.52311
0.545234
0.521286
0.52036
0.521788
0.53269
0.521291
0.524002
0.522674
0.522878
0.522699
0.516465
0.52748
0.52817
0.528632
0.521745
0.522802
0.52253
0.51239
0.517258
0.521704
0.521557
0.532036
0.54346
0.509818
0.521818
0.533355
0.521392
0.521479
0.521511
0.521461
0.524892
0.538626
0.534108
0.535412
0.535392
0.514801
0.506502
0.513545
0.516889
0.533494
0.534346
0.519952
0.529763
0.528277
0.52314
0.529512
0.530046
0.532448
0.521273
0.528462
0.526594
0.5113
0.514335
0.531457
0.526725
0.527971
0.525915
0.530753
0.552729
0.518306
0.536934
0.522687
0.523506
0.557353
0.532961
0.531062
0.525345
0.524154
0.524975
0.518231
0.522649
0.524652
0.526109
0.534296
0.536797
0.526668
0.518618
0.519766
0.520113
0.528926
0.524682
0.527031
0.521062
0.522887
0.522184
0.53079
0.535253
0.525913
0.526906
0.535754
0.548051
0.530087
0.5434
0.523141
0.521776
0.522179
0.524403
0.524508
0.534262
0.534268
0.527305
0.533288
0.519235
0.519156
0.52233
0.52281
0.524251
0.5237
0.528628
0.525233
0.52795
0.529237
0.531892
0.547653
0.5189
0.520276
0.524642
0.520654
0.533833
0.54773
0.529523
0.530281
0.52266
0.518834
0.531092
0.527125
0.522904
0.522378
0.522172
0.52153
0.516185
0.528878
0.538313
0.507395
0.523382
0.526535
0.525632
0.523684
0.523257
0.5217
0.521043
0.522104
0.53173
0.52206
0.523101
0.539789
0.537308
0.536096
0.534707
0.525132
0.522866
0.52094
0.520902
0.521123
0.532146
0.539688
0.540789
0.534116
0.522357
0.522835
0.530915
0.520321
0.520649
0.520826
0.52073
0.52151
0.514553
0.511185
0.516443
0.512485
0.537359
0.536277
0.530718
0.517887
0.522689
0.523803
0.52014
0.517637
0.518462
0.528926
0.522521
0.536356
0.531917
0.534194
0.526294
0.539258
0.548332
0.538441
0.52878
0.525291
0.54662
0.522948
0.521059
0.528151
0.522431
0.522457
0.523188
0.534214
0.526117
0.52021
0.527742
0.522186
0.529863
0.521359
0.520897
0.530035
0.535231
0.540396
0.527217
0.528848
0.524179
0.532255
0.533019
0.519794
0.52048
0.52869
0.533631
0.526821
0.525831
0.528089
0.522614
0.531854
0.538421
0.523124
0.518739
0.526129
0.521171
0.527341
0.518902
0.516047
0.516682
0.52118
0.520803
0.524937
0.522619
0.526703
0.524062
0.52916
0.539921
0.540956
0.525938
0.537898
0.530182
0.522318
0.542489
0.524459
0.523242
0.526946
0.52048
0.514852
0.521589
0.52265
0.522347
0.540542
0.541985
0.535049
0.53212
0.530041
0.538149
0.529735
0.517491
0.527941
0.527868
0.524343
0.523887
0.525484
0.535111
0.531931
0.540929
0.52396
0.530589
0.522436
0.529979
0.525169
0.540459
0.52921
0.5258
0.536547
0.525244
0.51994
0.510539
0.518934
0.5286
0.531169
0.523077
0.521443
0.52618
0.52157
0.526424
0.522799
0.518562
0.531044
0.539403
0.524119
0.522237
0.524178
0.531241
0.527515
0.53624
0.513787
0.518089
0.521525
0.527391
0.527458
0.535124
0.536873
0.536323
0.523473
0.528387
0.519832
0.527469
0.526702
0.518907
0.517403
0.518425
0.518488
0.518325
0.520549
0.530213
0.526236
0.520937
0.520265
0.520244
0.533119
0.521553
0.523358
0.528907
0.515633
0.518375
0.520715
0.524042
0.521811
0.541322
0.524523
0.524523
0.522831
0.51952
0.521876
0.512438
0.546416
0.54072
0.541326
0.532913
0.531887
0.525395
0.525032
0.521282
0.527347
0.523978
0.522497
0.529203
0.529051
0.533252
0.531449
0.516772
0.5202
0.522971
0.521749
0.529786
0.523144
0.528737
0.517668
0.529243
0.520046
0.523096
0.527736
0.516479
0.524673
0.51916
0.519067
0.532949
0.532081
0.532443
0.535414
0.541565
0.527682
0.521834
0.522859
0.524812
0.523715
0.520454
0.525295
0.534015
0.535743
0.520564
0.522832
0.535212
0.534329
0.522014
0.524156
0.525171
0.536644
0.527683
0.537339
0.531352
0.52653
0.514147
0.538963
0.538754
0.521427
0.522924
0.526251
0.523019
0.524792
0.527436
0.519139
0.525389
0.524115
0.530333
0.525478
0.529781
0.524839
0.517591
0.5315
0.529185
0.518711
0.518623
0.527897
0.541527
0.5223
0.521777
0.522888
0.540178
0.521164
0.524037
0.523672
0.535427
0.534697
0.536964
0.515775
0.51054
0.517094
0.536273
0.530039
0.524027
0.528824
0.53151
0.534908
0.528622
0.535324
0.537871
0.533107
0.532326
0.522727
0.54595
0.541868
0.544672
0.527823
0.527593
0.529174
0.521344
0.521297
0.526606
0.527386
0.51158
0.524722
0.523074
0.521537
0.521443
0.520921
0.521638
0.531096
0.534391
0.520271
0.528659
0.506266
0.532812
0.5247
0.524701
0.514017
0.529251
0.524599
0.523669
0.522482
0.523216
0.541395
0.529636
0.532326
0.533653
0.536491
0.515743
0.540683
0.534599
0.53147
0.545084
0.538343
0.517164
0.519567
0.533067
0.535895
0.527348
0.527498
0.533018
0.536085
0.524944
0.525133
0.511295
0.525901
0.531407
0.54326
0.532802
0.539344
0.524157
0.529791
0.522597
0.518921
0.520409
0.531344
0.536728
0.543864
0.521914
0.529632
0.529161
0.51719
0.518976
0.524364
0.524004
0.538564
0.507274
0.510767
0.520784
0.537693
0.535506
0.538145
0.531621
0.52684
0.524357
0.526591
0.525632
0.528766
0.523133
0.521825
0.522448
0.539077
0.510448
0.508186
0.518325
0.518649
0.518263
0.517389
0.522232
0.506222
0.516965
0.525413
0.523723
0.513626
0.512745
0.524805
0.525182
0.523007
0.522068
0.52639
0.535948
0.538762
0.519576
0.531128
0.523439
0.525468
0.520699
0.518867
0.519743
0.522706
0.522052
0.533445
0.517972
0.526503
0.520766
0.521089
0.524644
0.538471
0.544929
0.529244
0.532078
0.522027
0.524369
0.523438
0.541378
0.521675
0.52176
0.521356
0.533718
0.539529
0.532303
0.545093
0.518934
0.523836
0.523732
0.525965
0.54017
0.544733
0.520703
0.521543
0.530418
0.532817
0.515599
0.527687
0.523384
0.517145
0.519286
0.527875
0.521806
0.529829
0.522914
0.519958
0.520433
0.536413
0.536596
0.530792
0.522126
0.534129
0.526488
0.513172
0.532632
0.530804
0.521902
0.52607
0.534852
0.508526
0.515972
0.531561
0.524476
0.522935
0.529998
0.525722
0.524978
0.525174
0.516898
0.535104
0.520447
0.516643
0.517103
0.522118
0.532995
0.531888
0.521963
0.526469
0.533622
0.546777
0.512985
0.521413
0.526838
0.535896
0.525809
0.532132
0.529142
0.532822
0.531391
0.528826
0.53134
0.52091
0.521908
0.524231
0.507945
0.521727
0.522622
0.540927
0.531973
0.521279
0.524378
0.549132
0.522446
0.522362
0.518857
0.523829
0.523086
0.52897
0.528065
0.528517
0.51824
0.526167
0.515521
0.522035
0.542795
0.522729
0.527917
0.534376
0.529631
0.514133
0.521639
0.521545
0.549906
0.539043
0.519567
0.52514
0.516772
0.517499
0.520637
0.524932
0.522453
0.519011
0.524032
0.520347
0.522482
0.525926
0.525827
0.514506
0.515341
0.524853
0.515432
0.529508
0.528169
0.521027
0.518902
0.534053
0.523934
0.523505
0.521983
0.522499
0.527223
0.524137
0.524521
0.523301
0.522927
0.53129
0.534018
0.526373
0.524334
0.525087
0.52421
0.522309
0.537987
0.536584
0.523003
0.520928
0.529788
0.536679
0.510232
0.523555
0.517545
0.520803
0.508695
0.522552
0.520967
0.520917
0.520341
0.520783
0.539401
0.529343
0.536305
0.525077
0.530628
0.51349
0.515294
0.53604
0.513128
0.535162
0.522538
0.523122
0.524831
0.526052
0.529766
0.521406
0.530551
0.522754
0.533664
0.509531
0.519489
0.524207
0.525765
0.522268
0.522635
0.52248
0.522357
0.531535
0.529315
0.522167
0.53587
0.541215
0.525836
0.524909
0.521952
0.521416
0.520953
0.519271
0.52936
0.529757
0.526825
0.542472
0.518534
0.521273
0.524005
0.531632
0.530855
0.530125
0.520943
0.545812
0.526288
0.539125
0.525621
0.524099
0.530673
0.526668
0.515781
0.538544
0.523125
0.522055
0.524016
0.514317
0.516471
0.528026
0.521422
0.523609
0.521959
0.525887
0.53714
0.519291
0.525044
0.524418
0.533266
0.522733
0.522877
0.521056
0.523519
0.534301
0.522719
0.523522
0.525451
0.527908
0.519417
0.536031
0.520344
0.520589
0.531075
0.543803
0.538989
0.537605
0.511461
0.515857
0.530295
0.522596
0.52236
0.537359
0.522136
0.520765
0.521916
0.523309
0.524577
0.532611
0.522281
0.519778
0.535549
0.529282
0.518801
0.51957
0.52856
0.532052
0.513596
0.521551
0.525507
0.527985
0.540152
0.536928
0.520109
0.512121
0.527792
0.522632
0.521725
0.528057
0.521995
0.515756
0.516881
0.522545
0.539733
0.518684
0.538431
0.520462
0.523942
0.53468
0.536913
0.529754
0.511443
0.534976
0.535227
0.525325
0.52813
0.514073
0.533764
0.522099
0.532387
0.520262
0.51156
0.513007
0.518533
0.5087
0.520164
0.529518
0.530034
0.529469
0.522969
0.522297
0.530235
0.533888
0.523844
0.52021
0.519058
0.530329
0.508361
0.527072
0.538254
0.537131
0.531473
0.539825
0.520858
0.515189
0.528034
0.533694
0.52146
0.522669
0.52
0.520662
0.517976
0.521943
0.522447
0.524127
0.525942
0.521874
0.520265
0.512811
0.527236
0.529803
0.523386
0.542734
0.532529
0.522625
0.520044
0.518703
0.532629
0.521671
0.53234
0.510199
0.525262
0.520912
0.521678
0.523369
0.52268
0.515904
0.535446
0.546248
0.527928
0.535674
0.518985
0.515652
0.521611
0.527509
0.537554
0.519864
0.516722
0.517773
0.515001
0.521728
0.519789
0.517059
0.532822
0.523722
0.521402
0.523727
0.507213
0.523274
0.516024
0.517336
0.539649
0.533369
0.531739
0.531497
0.529354
0.532177
0.523699
0.530364
0.527201
0.526195
0.533531
0.522069
0.520869
0.536009
0.533731
0.517837
0.522162
0.529973
0.528303
0.532671
0.538518
0.525913
0.523176
0.513429
0.512804
0.51688
0.516557
0.52259
0.529706
0.512209
0.521245
0.517571
0.520086
0.536427
0.529382
0.510133
0.521362
0.522677
0.52308
0.518753
0.531957
0.53591
0.515019
0.532573
0.510379
0.520252
0.520784
0.522045
0.523228
0.524861
0.523497
0.510617
0.516611
0.517661
0.520159
0.519633
0.531314
0.516953
0.528174
0.521932
0.534161
0.51454
0.514907
0.509282
0.522766
0.532321
0.544707
0.52572
0.514533
0.529107
0.515046
0.529214
0.522737
0.530269
0.516454
0.517546
0.528507
0.531627
0.533831
0.5231
0.521797
0.522907
0.541939
0.529284
0.535681
0.521237
0.517665
0.514321
0.519301
0.529184
0.528016
0.511681
0.515472
0.547098
0.518742
0.515661
0.52007
0.533481
0.520786
0.525651
0.525615
0.528429
0.538242
0.525374
0.516548
0.522047
0.518001
0.539199
0.533654
0.52013
0.528645
0.528769
0.507914
0.538415
0.510888
0.510697
0.533439
0.539295
0.5277
0.541661
0.527839
0.521926
0.530624
0.519466
0.517676
0.541444
0.521653
0.544448
0.515412
0.529222
0.528427
0.508412
0.529305
0.519945
0.516835
0.515149
0.519083
0.53437
0.528866
0.524187
0.539269
0.525022
0.525276
0.533885
0.548683
0.504135
0.531698
0.5219
0.531118
0.525533
0.519515
0.526581
0.529401
0.522373
0.527614
0.520276
0.522312
0.522388
0.523585
0.518438
0.523073
0.519569
0.530738
0.522454
0.522585
0.518896
0.509518
0.524903
0.521458
0.52991
0.524541
0.534696
0.524442
0.52385
0.517299
0.522578
0.528092
0.521853
0.525596
0.497488
0.532048
0.524285
0.516224
0.522175
0.521968
0.525002
0.521655
0.524303
0.517983
0.519383
0.539741
0.543247
0.535074
0.530495
0.52271
0.521368
0.536019
0.521991
0.529726
0.524408
0.528291
0.539272
0.520678
0.521487
0.527229
0.51947
0.510334
0.522054
0.530586
0.496552
0.523239
0.529092
0.522406
0.527196
0.526462
0.51436
0.519881
0.500496
0.507746
0.524069
0.529215
0.519414
0.521833
0.505477
0.53527
0.527145
0.524424
0.526062
0.524232
0.521183
0.529345
0.509914
0.522239
0.519109
0.522045
0.510113
0.501615
0.537754
0.51243
0.52268
0.52783
0.521572
0.503062
0.50293
0.521796
0.489579
0.521949
0.527017
0.512894
0.52488
0.528443
0.527152
0.544452
0.540891
0.53718
0.523588
0.521366
0.529911
0.520827
0.54694
0.52344
0.528694
0.531011
0.522978
0.522497
0.540817
0.529643
0.523005
0.524612
0.524871
0.527536
0.520215
0.52899
0.529071
0.522656
0.520726
0.521466
0.536061
0.52876
0.51784
0.53456
0.530049
0.514131
0.529489
0.534446
0.524087
0.525237
0.525772
0.530813
0.530767
0.516739
0.52252
0.529568
0.524537
0.521611
0.538239
0.51782
0.523619
0.523334
0.53024
0.521365
0.523352
0.522599
0.519593
0.504558
0.521198
0.540027
0.525603
0.535193
0.542669
0.509903
0.535097
0.528901
0.526538
0.521495
0.523353
0.52121
0.523214
0.522709
0.527816
0.523456
0.537827
0.525183
0.519921
0.528064
0.527441
0.518594
0.539863
0.521019
0.524511
0.524833
0.537285
0.52794
0.526675
0.524196
0.522876
0.522452
0.529388
0.50425
0.519186
0.52257
0.527266
0.527038
0.535096
0.536325
0.530458
0.522214
0.52117
0.521244
0.529985
0.52337
0.518075
0.522009
0.536981
0.531479
0.523545
0.529909
0.52875
0.521281
0.525155
0.529679
0.524409
0.523274
0.522258
0.506212
0.509998
0.523125
0.514886
0.529065
0.537181
0.534136
0.522984
0.539812
0.531177
0.515823
0.531639
0.521907
0.542959
0.522759
0.536063
0.523475
0.52282
0.523574
0.520015
0.516563
0.520063
0.52759
0.521605
0.535923
0.52545
0.510561
0.514826
0.518347
0.509798
0.52289
0.516677
0.522809
0.543429
0.530061
0.520622
0.545878
0.530218
0.522434
0.550934
0.535128
0.514852
0.534628
0.523192
0.521505
0.526482
0.514717
0.516552
0.531243
0.535879
0.521178
0.534279
0.522018
0.512462
0.526455
