0.504914
0.507222
0.614805
0.596653
0.62686
0.519114
0.516574
0.518273
0.530583
0.524115
0.524503
0.524744
0.53062
0.520398
0.529193
0.569642
0.512534
0.51114
0.834361
0.69757
0.52644
0.522914
0.521288
0.5251
0.523503
0.511956
1.13751
0.517978
0.518292
0.512892
0.502574
0.500262
0.512339
0.507712
0.532028
0.521582
0.525284
0.518329
0.518634
0.51211
0.509493
0.512277
0.567678
0.644384
0.63138
0.523698
0.522107
0.516674
0.515959
0.515049
0.516718
0.536603
0.546168
0.622057
0.516681
0.51445
0.514703
0.51499
0.517083
0.50796
0.506873
0.526883
0.529501
0.536726
0.505227
0.504997
0.52239
0.525116
0.525713
0.5336
0.527447
0.527257
0.522335
0.508731
0.515795
0.527706
0.524769
0.516406
0.519748
0.489388
0.503406
0.504715
0.58126
0.561152
0.527752
0.530299
0.531797
0.5138
0.514115
0.514594
0.515965
0.572688
0.501354
0.500311
0.499567
0.510725
0.50591
0.5072
0.570957
0.566218
0.517509
0.515889
0.518517
0.515502
0.523166
0.52388
0.589748
0.567414
0.595344
0.503677
0.508529
0.516329
0.511757
0.54177
0.535797
0.535303
0.517904
0.517028
0.521256
0.519919
0.506704
0.51981
0.515777
0.516149
0.556624
0.505795
0.509674
0.508545
0.521518
0.513634
0.517214
0.827667
0.504942
0.509023
0.507788
0.519636
0.520336
0.519932
0.52158
0.502292
0.50488
0.510645
0.505665
0.550865
0.508507
0.516154
0.511902
0.505894
0.502946
0.515982
0.515882
0.515672
0.516185
0.503824
0.522915
0.524517
0.509008
0.514214
0.524648
0.525116
0.506771
0.51369
0.508953
0.52026
0.516156
0.528897
0.527868
0.531913
0.516743
0.520729
0.519195
0.517608
0.524134
0.50724
0.521036
0.520553
0.508661
0.513661
0.959492
0.51458
0.512463
0.511209
0.511203
0.92694
0.853332
0.512228
0.511748
0.511516
0.519492
0.522874
0.527941
0.506878
0.513896
0.744643
0.715776
0.522571
0.526285
0.528345
0.496698
0.531761
0.514217
0.505779
0.505694
0.528209
0.526953
0.526287
0.521306
0.524477
0.500138
0.52737
0.526511
0.528453
0.523042
0.521773
0.535415
0.513847
0.516056
0.515833
0.524816
0.517659
0.52764
0.515172
0.507443
0.723238
0.779427
0.729837
0.674494
0.508136
0.501118
0.498784
0.536803
0.543188
0.546514
0.535216
0.509246
0.726936
0.755791
0.499645
0.501373
0.503318
0.513796
0.663514
0.521344
0.521768
0.503469
0.513185
0.507506
0.512143
0.515848
0.505194
0.533323
0.527676
0.526613
0.492063
0.502516
0.527925
0.52779
0.525602
0.503227
0.50139
0.524428
0.508488
0.511588
0.514874
0.521143
0.526717
0.519362
0.513612
0.516595
0.511721
0.525729
0.520839
0.523455
0.531345
0.504516
0.519801
0.517589
0.502671
0.519666
0.519961
0.511634
0.507579
0.507312
0.503435
0.52735
0.519015
0.529743
0.529655
0.535917
0.535326
0.507357
0.50992
0.511812
0.514398
0.514041
0.504059
0.505584
0.536882
0.514515
0.515842
0.514417
0.512205
0.509679
0.512846
0.517407
0.518805
0.511062
0.536008
0.543598
0.508661
0.506753
0.604552
0.507112
0.504827
0.50813
0.517484
0.52202
0.515807
0.518101
0.521771
0.507302
0.512803
0.511201
0.520157
0.522737
0.498785
0.503392
0.499468
0.521197
0.52233
0.534086
0.503991
0.516648
0.513904
0.518243
0.602197
0.560063
0.527627
0.499171
0.502702
0.507606
0.53034
0.526603
0.526625
0.516603
0.51645
0.518154
0.514142
0.517705
0.502806
0.508873
0.520233
0.512692
0.514517
0.515452
0.508102
0.509677
0.520471
0.514071
0.568728
0.604526
0.515685
0.532583
0.527484
0.531047
0.574215
0.517846
0.518212
0.517147
0.498341
0.488076
0.5236
0.503547
0.493866
0.497323
0.50873
0.507338
0.506291
0.4972
0.500671
0.649717
0.503917
0.513206
0.543089
0.548826
0.509652
0.50804
0.508785
0.522175
0.523377
0.510735
0.51162
0.518381
0.519433
0.52878
0.529329
0.524327
0.524108
0.521107
0.525893
0.517928
0.534561
0.511598
0.505324
0.584379
0.620818
0.591128
0.514733
0.501535
0.498349
0.498977
0.523163
0.512155
0.523897
0.54197
0.541158
0.506565
0.503544
0.502342
0.505028
0.50393
0.507013
0.543919
0.492654
0.510508
0.521364
0.685946
0.534343
0.535984
0.529029
0.526465
0.525102
0.493338
0.505474
0.502901
0.528628
0.537899
0.791868
0.51835
0.51685
0.566266
0.531496
0.534317
0.529581
0.528279
0.538121
0.516562
0.507795
0.520774
0.524129
0.507388
0.50987
0.523902
0.526037
0.525199
0.51278
0.512333
0.504103
0.506653
0.505646
0.52759
0.501314
0.512016
0.522157
0.52808
0.506209
0.502136
0.504462
0.506299
0.504186
0.505113
0.595544
0.525203
0.520257
0.508323
0.509329
0.497927
0.496294
0.512886
0.520931
0.519021
0.513566
0.848671
0.823023
0.518326
0.519785
0.519659
0.519808
0.517229
0.515156
0.516843
0.508337
0.508234
0.527583
0.525503
0.516964
0.520344
0.538442
0.537947
0.533578
0.531561
0.530926
0.513693
0.515629
0.510503
0.500434
0.536913
0.532669
0.511114
0.50623
0.523464
0.521487
0.515254
0.510051
0.508431
0.629636
0.509127
0.510183
0.525769
0.522204
0.527961
0.527826
0.537307
0.507823
0.51036
0.532483
0.50831
0.520473
0.522373
0.821004
0.733598
0.500495
0.503881
0.501005
0.519409
0.587936
0.567391
0.503008
0.50719
0.505075
0.532441
0.515382
0.520391
0.527509
0.526833
0.529019
0.527312
0.517589
0.514245
0.50926
0.51432
0.505532
0.507141
0.706136
0.683255
0.513208
0.513979
0.514393
0.72458
0.759181
0.525148
0.507932
0.737988
0.963945
0.899515
0.534106
0.504731
0.503544
0.529415
0.536058
0.535422
0.51135
0.509232
0.495926
0.510712
0.510016
0.51452
0.520573
0.508279
0.506276
0.510665
0.511379
0.526893
0.534909
0.508229
0.500195
0.497783
0.524626
0.501638
0.501255
0.550561
0.506066
0.509621
0.52758
0.545583
0.55584
0.543345
0.521768
0.514789
0.519065
0.547492
0.510525
0.505067
0.520007
0.500891
0.503826
0.503369
0.504041
0.506296
0.505263
0.512266
0.522223
0.519778
0.515404
0.526997
0.521934
0.523963
0.520665
0.521858
0.520253
0.503634
0.524159
0.520321
0.508075
0.521804
0.526048
0.502002
0.511346
0.504282
0.496166
0.524701
0.527741
0.519495
0.514263
0.515401
0.527427
0.522806
0.517858
0.524014
0.51773
0.518403
0.505243
0.577655
0.527004
0.52357
0.539797
0.537352
0.531393
0.522485
0.528478
0.51897
0.520305
0.505463
0.501274
0.503366
0.531143
0.505312
0.504098
0.51349
0.506926
0.52165
0.494774
0.505246
0.518644
0.538117
0.540736
0.512674
0.521449
0.521728
0.522762
0.514373
0.516771
0.518588
0.670983
0.533422
0.649837
0.641653
0.736208
0.507469
0.505265
0.70959
0.508893
0.525768
0.521088
0.525783
0.522764
0.522302
0.522852
0.581912
0.649104
0.636248
0.665994
0.535875
0.509865
0.511175
0.498636
0.813313
0.512376
0.518714
0.517292
0.520176
0.517912
0.610016
0.716581
0.511467
0.51173
0.512968
0.525434
0.524955
0.526202
0.527528
0.5164
0.517303
0.515669
0.513536
0.513532
0.512026
0.516589
0.517291
0.510663
0.522929
0.524448
0.530672
0.525959
0.497156
0.50054
0.512013
0.514204
0.514795
0.513713
0.577521
0.562104
0.511734
0.514502
0.528075
0.61014
0.646872
0.503839
0.505358
0.513956
0.510435
0.508215
0.509344
0.503662
0.502838
0.524574
0.523641
0.524795
0.589441
0.629763
0.543346
0.538421
0.503349
0.507346
0.512533
0.512282
0.637173
0.581852
0.504298
0.51203
0.521763
0.518648
0.514974
0.519297
0.52794
0.509597
0.515601
0.499509
0.523648
0.507498
0.505891
0.516942
0.523087
0.544275
0.54541
0.52261
0.520789
0.50455
0.522161
0.50096
0.520093
0.521569
0.621022
0.630178
0.526154
0.521705
0.516753
0.504592
0.529412
0.534731
0.512134
0.659359
0.776575
0.502028
0.522217
0.508633
0.513217
0.511808
0.506637
0.535937
0.50407
0.526875
0.526938
0.526828
0.540886
0.538072
0.532541
0.509781
0.499574
0.504052
0.501361
0.504436
0.513203
0.507347
0.527047
0.580971
0.495264
0.494829
0.5113
0.515319
0.51258
0.511009
0.515758
0.513125
0.511381
0.583066
0.568466
0.662382
0.718835
0.522149
0.513037
0.512048
0.514916
0.51006
0.506705
0.502064
0.526983
0.52819
0.505547
0.507025
0.523889
0.529217
0.612062
0.569154
0.53058
0.525706
0.504828
0.515817
0.515827
0.516058
0.539627
0.498165
0.496091
0.51514
0.51968
0.52553
0.880972
0.997073
1.07195
0.505258
0.528528
0.514113
0.514687
0.506126
0.515758
0.521563
0.514765
0.521539
0.924377
0.524062
0.522099
0.52003
0.523073
0.522195
0.511494
0.512529
0.526524
0.522238
0.503958
0.51034
0.510941
0.507074
0.51106
0.528908
0.511796
0.54941
0.536949
0.537946
0.530418
0.526405
0.837326
0.848004
0.526515
0.527384
0.515158
0.521528
0.523725
0.529234
0.526601
0.513744
0.500668
0.499057
0.513686
0.506721
0.504799
0.584562
0.513063
0.526637
0.519701
0.513831
0.526621
0.500867
0.502377
0.497885
0.731966
0.592195
0.519372
0.522725
0.510983
0.506284
0.511465
0.522659
0.521004
0.500082
0.513691
0.516303
0.516039
0.496085
0.532462
0.527633
0.530368
0.512585
0.52605
0.604051
0.597216
0.50891
0.518957
0.546634
0.503857
0.521019
0.501055
0.498612
0.528283
0.527506
0.504667
0.50517
0.533188
0.499323
0.513054
0.510703
0.525434
0.529586
0.524404
0.519477
0.521462
0.525679
0.526815
0.524355
0.506108
0.509704
0.514643
0.51212
0.544292
0.533762
0.513846
0.526815
0.761793
0.534151
0.536579
0.514962
0.501822
0.525755
0.518605
0.519548
0.517172
0.53438
0.509839
0.517353
0.515178
0.509013
0.513584
0.526697
0.882199
0.508201
0.552823
0.567474
0.523171
0.517232
0.508047
0.502441
0.536529
0.51343
0.49436
0.521535
0.524442
0.52012
0.508034
0.507725
0.513028
0.499239
0.523799
0.510275
0.514882
0.522698
0.515756
0.514579
0.512105
0.520433
0.495347
0.494069
0.528436
0.610729
0.628354
0.512877
0.515111
0.530757
0.505489
0.546686
0.555476
0.520844
0.517647
0.523715
0.524314
0.500934
0.527473
0.531246
0.528073
0.529792
0.535093
0.506639
0.507165
0.528125
0.54789
0.527085
0.526359
0.506106
0.499786
0.507772
0.52723
0.499684
0.516178
0.519665
0.52735
0.529993
0.508361
0.503045
0.507782
0.72119
0.515124
0.502915
0.535343
0.53112
0.499369
0.505018
0.525641
0.539106
0.540851
0.557567
0.501194
0.504203
0.517239
0.522395
0.510448
0.585859
0.522827
0.51091
0.517509
0.522598
0.52397
0.519803
0.501904
0.56702
0.530597
0.532928
0.683411
0.515083
0.512066
0.511546
0.515949
0.526771
0.521861
0.512473
0.51866
0.514865
0.512064
0.516374
0.53035
0.510587
0.508273
0.515878
0.519567
0.521751
0.505945
0.513799
0.513449
0.514322
0.510226
0.505773
0.889613
0.690141
0.524771
0.521359
0.555328
0.55588
0.591315
0.508302
0.505541
0.504954
0.504254
0.520301
0.519611
0.520045
0.500811
0.520735
0.506
0.508853
0.511038
0.523861
0.507349
0.503564
0.516127
0.51446
0.526984
0.520616
0.523116
0.523319
0.509418
0.516149
0.521224
0.506839
0.509999
0.5156
0.514724
0.831736
0.521944
0.507527
0.504873
0.514225
0.518984
0.508806
0.526554
0.505917
0.507559
0.52684
0.534266
0.528854
0.505748
0.528434
0.497623
0.49874
0.510649
0.536809
0.512756
0.500543
0.514232
0.529377
0.529004
0.561277
0.548262
0.519159
0.515017
0.50594
0.499152
0.580999
0.514239
0.526414
0.531014
0.509435
0.522687
0.510039
0.504422
0.514059
0.500134
0.724137
0.516923
0.51525
0.521385
0.502571
0.509487
0.508735
0.500814
0.524879
0.527179
0.50913
0.50804
0.539884
0.540535
0.554394
0.530748
0.506808
0.51239
0.505459
0.51312
0.531986
0.508988
0.701546
0.503805
0.506266
0.508494
0.666069
0.508018
0.524755
0.503079
0.530452
0.532963
0.514923
0.520405
0.539577
0.512241
0.510171
0.512994
0.505519
0.502981
0.506768
0.506363
0.50905
0.553927
0.506468
0.508868
0.50396
0.503391
0.521525
0.51361
0.51273
0.658708
0.650935
0.517804
0.505477
0.537541
0.515527
0.507919
0.522924
0.504938
0.500901
0.511821
0.536423
0.509732
0.524535
0.594274
0.523603
0.513607
0.50936
0.510568
0.532554
0.532831
0.515611
0.505681
0.505438
0.509062
0.533125
0.53372
0.612645
0.686802
0.537686
0.498104
0.501599
0.509452
0.511541
0.512169
0.513665
0.503913
0.505634
0.531323
0.536632
0.545537
0.505338
0.506809
0.507978
0.509734
0.510905
0.511553
0.534932
0.542185
0.510377
0.519764
0.508672
0.590321
0.49875
0.513571
0.507825
0.507241
0.528817
0.504435
0.515118
0.895579
0.514074
0.541615
0.556678
0.496047
0.510167
0.512904
0.510935
0.727639
0.504717
0.549053
0.521005
0.536101
0.536797
0.522019
0.5197
0.501614
0.513539
0.532322
0.512249
0.499362
0.5086
0.529643
0.528149
0.519297
0.521819
0.515569
0.542376
0.507433
0.511557
0.501755
0.503224
0.534066
0.51734
0.518864
0.50955
0.511045
0.512186
0.58509
0.577279
0.53051
0.67545
0.505884
0.527334
0.506085
0.508502
0.507896
0.521241
0.497192
0.505184
0.524809
0.523721
0.50352
0.525785
0.496206
0.512666
0.509877
0.804541
0.688038
0.714778
0.525187
0.515708
0.509326
0.577007
0.511546
0.500983
0.511425
0.50897
0.525724
0.494757
0.504589
0.497422
0.50741
0.528893
0.492347
0.519959
0.52403
0.514962
0.531688
0.532236
0.504353
0.519647
0.508591
0.51021
0.509015
0.523348
0.518605
0.508842
0.507326
0.510995
0.513154
0.503605
0.575981
0.514574
0.514364
0.524413
0.514077
0.509534
0.558381
0.509145
0.514685
0.505297
0.510663
0.509967
0.831197
0.526238
0.502028
0.540469
0.519548
0.525597
0.526668
0.508042
0.519702
0.532662
0.51749
0.512141
0.504421
0.518334
0.49928
0.504887
0.50421
0.523609
0.510286
0.524409
0.531345
0.516483
0.5076
0.535303
0.508672
0.515157
0.517129
0.518433
0.496762
0.514614
0.514365
0.502966
0.495333
0.524374
0.532413
0.509372
0.531011
0.532348
0.693281
0.528339
1.03268
0.493935
0.532185
0.547378
0.517098
0.506009
0.503275
0.517222
0.933037
0.517664
0.512344
0.517646
0.504626
0.534634
0.507158
0.495256
0.495218
0.534358
0.509794
0.521786
0.520729
0.513837
0.516701
0.518789
0.500227
0.525755
0.508713
0.523739
0.744618
0.50053
0.507343
0.536695
0.539231
0.514579
0.51482
0.504516
0.502536
0.504819
0.523824
0.49882
0.499996
0.508513
0.509078
0.526015
0.50141
0.506462
0.507908
0.525305
0.508593
0.50478
0.495486
0.494495
0.515449
0.509624
0.510598
0.515332
0.699099
0.801365
0.713193
0.503442
0.513922
0.513989
0.513187
0.533012
0.509853
0.513663
0.515217
0.513315
0.511128
0.548064
0.526531
0.526181
0.542619
0.518858
0.521081
0.540366
0.505307
0.509841
0.495236
0.519707
0.516362
0.515012
0.54125
0.524584
0.539365
0.538656
0.505508
0.511495
0.514
0.514685
0.511844
0.511619
0.508874
0.505289
0.5099
0.510669
0.513257
0.502792
0.505302
0.593275
0.515773
0.545962
0.516508
0.498549
0.525937
0.527105
0.506776
0.514048
0.504805
0.502718
0.512532
0.515581
0.511672
0.495206
0.498504
0.529787
0.519934
0.524361
0.524487
0.523839
0.517403
0.533556
0.500657
0.523417
0.501416
0.500563
0.512604
0.516314
0.790198
0.885423
0.495984
0.51404
0.518334
0.528728
0.542521
0.517554
0.495747
0.520084
0.531328
0.533436
0.537775
0.529906
0.51465
0.521138
0.509991
0.518584
0.918992
0.52329
0.516156
0.516055
0.513686
0.523002
0.524807
0.503164
0.500698
0.495322
0.511009
0.540305
0.494886
0.516568
0.516218
0.504557
0.526624
0.524324
0.515293
0.534677
0.496088
0.504906
0.533982
0.523
0.523784
0.504254
0.523012
0.503606
0.5184
0.516933
0.510925
0.521397
0.506693
0.524306
0.503006
0.505638
0.522375
0.738624
0.490174
0.53674
0.529437
0.527924
0.522874
0.498309
0.512594
0.549489
0.522939
0.506199
0.526376
0.520102
0.498628
0.495464
0.515242
0.558506
0.52981
0.526327
0.560441
0.557014
0.518787
0.52345
0.52996
0.501213
0.616329
0.500744
0.527074
0.499965
0.520681
0.536039
0.510303
0.527178
0.519068
0.528889
0.526355
0.493933
0.588192
0.515891
0.53902
0.509444
0.50676
0.526944
0.493143
0.530717
0.518345
0.544592
0.508741
0.517178
0.53405
0.508835
0.502078
0.523202
0.523792
0.57837
0.520001
0.513341
0.513962
0.497083
0.512336
0.540061
0.540767
0.530267
0.499707
0.50011
0.541264
0.528033
0.697533
0.509699
0.523435
0.528098
0.513626
0.495604
0.52856
0.522378
0.576796
0.500931
0.504328
0.522093
0.518645
0.505786
0.639886
0.522706
0.504277
0.506362
0.517824
0.506484
0.533849
0.533641
0.526192
0.54189
0.514219
0.60225
0.586144
0.507483
0.529074
0.59526
0.522693
1.08422
0.492677
0.510935
0.501382
0.503555
0.500291
0.502499
0.522605
0.504925
0.49917
0.513421
0.52711
0.514605
0.512376
0.510281
0.50854
0.576166
0.533989
0.518313
0.523161
0.525967
0.501116
0.51907
0.498999
0.524482
0.56238
0.51463
0.518555
0.796939
0.523972
0.514353
0.516655
0.550708
0.517339
0.510155
0.523006
0.519917
0.858405
0.515845
0.509417
0.515087
0.50802
0.512776
0.512103
0.503283
0.502154
0.514075
0.508151
0.506487
0.505109
0.513985
0.528064
0.510183
0.510822
0.516271
0.513142
0.507187
0.516564
0.522199
0.539929
0.611891
0.53019
0.520944
0.505917
0.503375
0.52772
0.504794
0.541884
0.511014
0.518276
0.52994
0.530117
0.495491
0.515291
0.50751
0.528014
0.529382
0.504846
0.509533
0.525009
0.507498
0.568367
0.517468
0.511837
0.526878
0.506701
0.508002
0.575052
0.522717
0.517248
0.518498
0.514195
0.52157
0.51814
0.514609
0.520676
0.504307
0.50743
0.530746
0.50859
0.515124
0.506166
0.511985
0.508028
0.518498
0.522956
0.49861
0.516432
0.518037
0.507161
0.668957
0.507371
0.525955
0.524573
0.505981
0.510631
0.506459
0.520616
0.522771
0.527485
0.528793
0.52043
0.765473
0.512854
0.511975
0.515056
0.585048
0.631909
0.518662
0.508716
0.524037
0.564927
0.511305
0.534098
0.528848
0.514793
0.510342
0.503025
0.654954
0.535206
0.526458
0.513162
0.557634
0.493131
0.496136
0.496974
0.527131
0.514642
0.51594
0.804077
0.790902
0.520113
0.525375
0.56205
0.530784
0.540323
0.513109
0.512096
0.522405
0.510612
0.505507
0.517064
0.504888
0.515311
0.526075
0.524392
0.521039
0.535619
0.527525
0.522785
0.537965
0.499251
0.500711
0.508592
0.506445
0.509814
0.543289
0.498618
0.518437
0.535896
0.533204
0.525487
0.520279
0.513565
0.516038
0.525492
0.512924
0.527266
0.503342
0.512763
0.516951
0.488085
0.514027
0.512511
0.51038
0.512109
0.528241
0.527122
0.521078
0.509986
0.512039
0.528056
0.498333
0.529311
0.529152
0.525166
0.526787
0.513639
0.535916
0.499573
0.495824
0.523466
0.566514
0.525508
0.523299
0.527764
0.512063
0.621355
0.53083
0.529663
0.532166
0.516751
0.514643
0.510447
0.802883
0.55891
0.527002
0.510624
0.509506
0.511168
0.51525
0.514135
0.596295
0.52589
0.51262
0.517955
0.508997
0.515668
0.503379
0.507443
0.521265
0.506705
0.512507
0.509514
0.527186
0.520039
0.499627
0.51422
0.512604
0.507758
0.524054
0.531068
0.534027
0.531464
0.508719
0.514719
0.516454
0.517384
0.518143
0.536462
0.521129
0.531343
0.515675
0.522643
0.512921
0.523399
0.516869
0.510868
0.514061
0.514757
0.529651
0.548183
0.512679
0.506871
0.510066
0.738223
0.498984
0.489254
0.530965
0.522353
0.532423
0.556417
0.526118
0.781306
0.508302
0.504075
0.526909
0.510591
0.507987
0.504486
0.507526
0.509811
0.516686
0.519559
0.516294
0.505318
0.515449
0.5208
0.543607
0.518248
0.527669
0.50919
0.697503
0.517108
0.520099
0.52986
0.509316
0.513751
0.508327
0.510868
0.511306
0.512751
0.52956
0.527604
0.527895
0.511809
0.82601
0.537429
0.512419
0.505897
0.504876
0.512691
0.504048
0.515096
0.511075
0.52458
0.523832
0.523841
0.520141
0.519281
0.501098
0.527248
0.526361
0.509748
0.523407
0.49224
0.503059
0.527041
0.518581
0.513081
0.556345
0.509052
0.510246
0.532166
0.520559
0.515474
0.514368
0.525516
0.571826
0.561436
0.568363
0.521174
0.525765
0.510006
0.506386
0.509958
0.504945
0.506664
0.514767
0.507748
0.504573
0.530203
0.623969
0.509579
0.52732
0.504406
0.518803
0.519032
0.50909
0.513232
0.516631
0.518898
0.502671
0.509098
0.705228
0.532862
0.524859
0.63051
0.640793
0.519056
0.522532
0.512491
0.517502
0.525451
0.520097
0.519968
0.507292
0.521093
0.517672
0.54955
0.516719
0.526999
0.528364
0.510724
0.511293
0.513173
0.510643
0.529418
0.524878
0.504163
0.530779
0.513235
0.515521
0.513779
0.508548
0.507095
0.55465
0.516506
0.52368
0.524056
0.511488
0.506821
0.509536
0.513469
0.519037
0.525042
0.531441
0.516431
0.580106
0.506029
0.513706
0.51551
0.501633
0.53822
0.522016
0.493331
0.498759
0.521473
0.535955
0.521418
0.523248
0.518443
0.525
0.506935
0.510646
0.515768
0.534824
0.524824
0.526472
0.52612
0.512858
0.506218
0.539413
0.540659
0.522012
0.517754
0.513013
0.506489
0.520725
0.507391
0.639315
0.516994
0.515822
0.500397
0.512719
0.501946
0.514289
0.504844
0.50487
0.604264
0.515828
0.491129
0.51028
0.526462
0.5314
0.519599
0.505931
0.508145
0.523818
0.541897
0.527336
0.538217
0.500854
0.50188
0.50461
0.51285
0.514216
0.515153
0.53144
0.528276
0.525652
0.522504
0.516767
0.522556
0.536455
0.905657
0.523449
0.529106
0.524385
0.511547
0.511542
0.508126
0.529803
0.535556
0.511658
0.506578
0.505127
0.514572
0.522317
0.51598
0.505716
0.529942
0.502055
0.516926
0.527184
0.499276
0.52892
0.513802
0.519871
0.521168
0.505943
0.528103
0.523168
0.500265
0.514863
0.532595
0.521324
0.498672
0.504512
0.525705
0.509622
0.54157
0.50869
0.520868
0.505055
0.51632
0.498236
0.490641
0.513523
0.516677
0.528814
0.502907
0.522574
0.533227
0.500536
0.505956
0.523876
0.52594
0.502425
0.507387
0.530874
0.506956
0.491792
0.523343
0.497633
0.514472
0.518212
0.506729
0.496756
0.520812
0.5395
0.502382
0.504902
0.500373
0.521779
0.509424
0.522055
0.502531
0.514459
0.591854
0.497079
0.518089
0.520352
0.515694
0.521999
0.525194
0.517431
0.512558
0.498654
0.515911
0.502185
0.520533
0.523571
0.523874
0.571089
0.546068
0.510693
0.505086
0.4893
0.510841
0.523466
0.512028
0.510973
0.513258
0.498672
0.498023
0.497319
0.511482
0.505624
0.510133
0.530495
0.511506
0.527469
0.513168
0.531197
0.501929
0.518976
0.528397
0.555286
0.521686
0.509752
0.517262
0.496478
0.514667
0.529778
0.50889
0.522937
0.511036
0.517284
0.52773
0.509848
0.511538
0.519917
0.514825
0.52381
0.50746
0.508436
0.504899
0.625729
0.505262
0.504696
0.523659
0.552404
0.499283
0.515007
0.508996
0.521493
0.514803
0.533368
0.523026
0.517983
0.551248
0.568291
0.515306
0.515011
0.507918
0.495141
0.53533
0.495265
0.526242
0.903856
0.519705
0.526797
0.493592
0.529986
0.506955
0.51865
0.896436
0.519408
0.515904
0.522859
0.532832
0.701006
0.544846
0.507948
0.507976
0.528033
0.510642
0.5988
0.531108
0.527978
0.513949
0.506045
0.500817
0.516436
0.524124
0.506987
0.529064
0.521925
0.523671
0.517255
0.511408
0.500513
0.520052
0.530811
0.522325
0.529985
0.51646
0.516795
0.505742
0.512585
0.518636
0.512832
0.519372
0.547614
0.522024
0.543554
0.519297
0.518591
