0.506338
0.505881
0.496518
0.51321
0.616288
0.665511
0.521536
0.523593
0.505798
0.508744
0.515275
0.518348
0.506653
0.530751
0.528988
0.5329
0.520046
0.521938
0.516201
0.517932
0.50927
0.882159
0.738589
0.730313
0.523133
0.519991
0.511928
0.51747
0.520966
0.519278
0.510644
0.504094
0.509263
0.52105
0.528529
0.520558
0.512575
0.507938
0.662988
0.508771
0.509608
0.505983
0.508555
0.516455
0.516133
0.514565
0.574132
0.615296
0.599547
0.539562
0.580487
0.538319
0.523169
0.516988
0.514316
0.514188
0.534514
0.608208
0.604446
0.522313
0.517356
0.521197
0.507623
0.512723
0.503584
0.526929
0.520122
0.524517
0.504898
0.532856
0.52797
0.521104
0.534919
0.529682
0.527412
0.508334
0.511856
0.511041
0.510568
0.529612
0.528107
0.511319
0.519124
0.508959
0.516687
0.509398
0.528964
0.518029
0.514539
0.515674
0.512073
0.508204
0.508222
0.513289
0.50545
0.564138
0.550257
0.52778
0.523686
0.513265
0.531569
0.534381
0.506494
0.52917
0.560231
0.520259
0.499161
0.512284
0.546198
0.509466
0.509563
0.509243
0.504904
0.545166
0.513463
0.521821
0.495861
0.494078
0.498792
0.512275
0.529378
0.533412
0.521131
0.514558
0.50432
0.529231
0.528599
0.518498
0.514142
0.517076
0.515099
0.55181
0.53725
0.523922
0.528668
0.506324
0.787615
0.51145
0.651418
0.512238
0.526549
0.524165
0.51964
0.51292
0.50771
0.522096
0.52272
0.530593
0.497054
0.503332
0.545816
0.506451
0.504777
0.507934
0.505723
0.50004
0.521046
0.514753
0.519325
0.511308
0.515253
0.523729
0.531058
0.511825
0.521788
0.577861
0.579293
0.503253
0.499497
0.496708
0.502656
0.498196
0.528881
0.528805
0.515356
0.514137
0.517796
0.516134
0.510959
0.511292
0.497222
0.486378
0.627619
0.520595
0.522461
0.503804
0.494226
0.517214
0.517149
0.52284
0.518107
0.506454
0.503097
0.499865
0.506755
0.502147
0.517834
0.522011
0.516246
0.506111
0.507017
0.507394
0.524055
0.732449
0.494431
0.500226
0.49463
0.555906
0.681424
0.762524
0.507306
0.511369
0.508209
0.511919
0.514793
0.724954
0.525704
0.522249
0.498517
0.508599
0.515606
0.497697
0.500799
0.529996
0.513054
0.510897
0.510212
0.504065
0.506232
0.519994
0.502595
0.499213
0.523843
0.516511
0.515546
0.51323
0.508034
0.510859
0.510576
0.514312
0.519879
0.521536
0.511832
0.51493
0.51641
0.516421
0.523336
0.50496
0.50425
0.708098
0.760314
0.499827
0.511291
0.502143
0.500966
0.506626
0.549235
0.540727
0.508446
0.514605
0.516073
0.522158
0.524789
0.726394
0.675507
0.520531
0.525559
0.510166
0.519941
0.516963
0.524486
0.523666
0.502233
0.506182
0.511873
0.511375
0.663102
0.506567
0.508893
0.508769
0.514653
0.536889
0.545277
0.548802
0.527799
0.735116
0.739232
0.52335
0.517678
0.514644
0.508723
0.509383
0.513043
0.512406
0.513816
0.513203
0.509552
0.506585
0.510076
0.528643
0.528163
0.502045
0.500236
0.517049
0.542673
0.515411
0.51808
0.523878
0.519584
0.510871
0.523806
0.530762
0.533729
0.503545
0.504507
0.512795
0.511123
0.500333
0.493745
0.508349
0.517121
0.517266
0.513011
0.518163
0.513987
0.50928
0.506369
0.506094
0.504741
0.521687
0.517635
0.518784
0.519406
0.50884
0.501585
0.510742
0.539616
0.547476
0.50626
0.503086
0.557833
0.573592
0.515499
0.512502
0.509123
0.513759
0.515338
0.511459
0.51258
0.512648
0.511731
0.515122
0.516724
0.516922
0.507326
0.511043
0.511446
0.521245
0.520102
0.51694
0.52001
0.513809
0.541631
0.506109
0.524397
0.527422
0.524518
0.528238
0.516435
0.502287
0.511009
0.530192
0.52673
0.528927
0.528202
0.52668
0.525591
0.524232
0.516488
0.503843
0.530997
0.501883
0.510046
0.505548
0.504345
0.51825
0.52647
0.502098
0.504973
0.516466
0.51824
0.521777
0.523013
0.5073
0.50537
0.528466
0.527208
0.498071
0.498285
0.509649
0.696993
0.683422
0.507302
0.512037
0.527142
0.508674
0.517756
0.705494
0.510477
0.572714
0.521824
0.526949
0.525866
0.526691
0.524505
0.516321
0.516935
0.506816
0.52031
0.520358
0.519571
0.521675
0.507119
0.508913
0.503846
0.598019
0.541976
0.533094
0.50368
0.530479
0.525513
0.53802
0.670352
0.497252
0.547132
0.694082
0.463938
0.537107
0.535673
0.529322
0.519618
0.525552
0.510038
0.510252
0.510585
0.535757
0.529035
0.512564
0.51635
0.532478
0.524742
0.524527
0.529338
0.525753
0.526829
0.516127
0.516765
0.52017
0.522815
0.521332
0.527602
0.519373
0.522938
0.494209
0.496169
0.567578
0.576136
0.523016
0.518965
0.499562
0.616351
0.585112
0.514007
0.522669
0.521059
0.501259
0.488448
0.534916
0.497965
0.53122
0.518229
0.52718
0.499966
0.494092
0.503007
0.500496
0.537811
0.504026
0.507402
0.516511
0.528507
0.582792
0.623922
0.526485
0.522531
0.517984
0.660723
0.664175
0.523138
0.522638
0.533906
0.517619
0.524332
0.517108
0.509742
0.510506
0.527875
0.521069
0.623579
0.574745
0.538854
0.528414
0.527661
0.515073
0.521541
0.516922
0.503341
0.51681
0.50204
0.50233
0.527523
0.515385
0.528197
0.545329
0.505748
0.510709
0.503626
0.502822
0.516191
0.506644
0.55271
0.572597
0.556045
0.523401
0.522877
0.512678
0.514813
0.517979
0.514303
0.521503
0.521413
0.522719
0.520125
0.519368
0.520273
0.891783
0.526475
0.525629
0.497169
0.512412
0.513998
0.68755
0.516053
0.512345
0.521408
0.518537
0.515064
0.506904
0.518466
0.514548
0.51894
0.506978
0.511599
0.501957
0.532119
0.510021
0.51115
0.506973
0.509559
0.508734
0.504836
0.531179
0.533177
0.527522
0.514596
0.513163
0.506259
0.522305
0.493801
0.498553
0.519367
0.509241
0.507981
0.522705
0.531281
0.532028
0.544479
0.529014
0.533472
0.50572
0.507271
0.514481
0.514848
0.518896
0.520378
0.50676
0.506746
0.506935
0.504722
0.5092
0.510985
0.512946
0.516611
0.518273
0.533015
0.542918
0.528959
0.534347
0.507569
0.543231
0.525306
0.528244
0.514399
0.517393
0.532718
0.531856
0.523967
0.514575
0.509363
0.509384
0.51546
0.5184
0.503509
0.50428
0.690611
0.513818
0.51494
0.51672
0.537043
0.537034
0.606482
0.500489
0.510458
0.515702
0.62505
0.527208
0.525557
0.542885
0.53565
0.502544
0.517214
0.51343
0.501044
0.53079
0.502026
0.501924
0.502999
0.508929
0.504602
0.535368
0.500824
0.50001
0.508854
0.569477
0.559385
0.520485
0.520217
0.520681
0.522869
0.509473
0.52791
0.524859
0.527668
0.503973
0.5003
0.496708
0.549113
0.528818
0.526991
0.510826
0.521643
0.519415
0.541699
0.533114
0.518828
0.516006
0.502914
0.498276
0.506256
0.563628
0.515493
0.713595
0.527021
0.51098
0.510729
0.518755
0.496894
0.517214
0.521698
0.524723
0.520021
0.518934
0.528374
0.529083
0.527178
0.501512
0.507175
0.498294
0.530288
0.530938
0.533651
0.527176
0.513411
0.515986
0.511314
0.517251
0.506696
0.5211
0.505745
0.512357
0.510886
0.524123
0.525387
0.523783
0.52596
0.565692
0.567878
0.522447
0.523143
0.5285
0.5248
0.520117
0.518132
0.508428
0.504105
0.518438
0.528074
0.521335
0.525006
0.527826
0.504115
0.504027
0.521013
0.514932
0.538896
0.512284
0.57378
0.506005
0.507982
0.534667
0.519702
0.523414
0.524091
0.50393
0.529751
0.5296
0.511451
0.514721
0.513476
0.515074
0.499202
0.504757
0.497553
0.50712
0.542604
0.52139
0.685846
0.493861
0.526381
0.529857
0.506868
0.509778
0.649137
0.637899
0.528064
0.537556
0.505695
0.504433
0.508414
0.507241
0.50601
0.517445
0.512846
0.518867
0.621779
0.517461
0.518826
0.515626
0.51422
0.516732
0.500002
0.511534
0.509533
0.509795
0.509839
0.52519
0.523616
0.516396
0.524039
0.525298
0.501927
0.514796
0.517196
0.514771
0.516712
0.507204
0.51392
0.513548
0.507779
0.506822
0.505174
0.5274
0.523466
0.52965
0.504561
0.528454
0.505098
0.522977
0.528184
0.545943
0.623276
0.50416
0.529346
0.514356
0.676371
0.522892
0.525606
0.523184
0.527985
0.531126
0.532073
0.498036
0.497174
0.514625
0.517623
0.503105
0.511505
0.511736
0.508496
0.500179
0.521427
0.520378
0.523686
0.50837
0.514738
0.572033
0.501361
0.501888
0.5119
0.51181
0.50913
0.506552
0.525825
0.528454
0.526267
0.526618
0.524312
0.531737
0.585813
0.508279
0.509188
0.565116
0.56348
0.50488
0.518841
0.49782
0.524517
0.516007
0.523603
0.541426
0.51312
0.522538
0.503819
0.508543
0.528822
0.667582
0.503871
0.500375
0.508455
0.513728
0.512664
0.527719
0.517462
0.530668
0.520067
0.505148
0.499232
0.504856
0.511533
0.514464
0.511838
0.51753
0.514226
0.509983
0.531469
0.547826
0.5097
0.512873
0.513566
0.513623
0.511558
0.504377
0.511102
0.5118
0.787665
0.798747
0.514254
0.516877
0.504765
0.505127
0.510825
0.516482
0.509945
0.51732
0.499633
0.525009
0.52756
0.50686
0.515509
0.522925
0.496798
0.499582
0.504292
0.520371
0.528639
0.613589
0.52217
0.542076
0.515369
0.516803
0.513367
0.524785
0.495202
0.52421
0.502582
0.517268
0.629606
0.669086
0.499403
0.504377
0.503323
0.514279
0.512165
0.513748
0.544577
0.516181
0.519217
0.687842
0.518942
0.524118
0.523558
0.521357
0.524044
0.519764
0.529692
0.559004
0.52395
0.528305
0.506949
0.508888
0.529272
0.500946
0.49877
0.514886
0.54515
0.534289
0.533353
0.515321
0.513155
0.531542
0.528016
0.504902
0.503538
0.505171
0.515812
0.516355
0.523532
0.516739
0.52213
0.526286
0.509882
0.502605
0.494916
0.513001
0.51666
0.515538
0.512077
0.584114
0.522098
0.498098
0.509177
0.528382
0.537229
0.502587
0.513109
0.502386
0.521366
0.511609
0.521385
0.505676
0.517097
0.513025
0.518824
0.513958
0.513419
0.522527
0.496668
0.499453
0.529998
0.521681
0.526546
0.530033
0.50434
0.599873
0.621269
0.504231
0.50214
0.583281
0.524027
0.540032
0.505409
0.506378
0.502439
0.516272
0.518709
0.529913
0.527612
0.560262
0.516777
0.507005
0.530813
0.52505
0.525081
0.532436
0.5256
0.552901
0.511383
0.526599
0.499332
0.503827
0.517157
0.506767
0.507679
0.516701
0.510185
0.510117
0.510148
0.618304
0.51629
0.51953
0.519507
0.51937
0.510257
0.512288
0.510244
0.519357
0.519614
0.515039
0.767854
0.672501
0.674094
0.56671
0.505556
0.506917
0.508123
0.568145
0.527376
0.521519
0.521059
0.50279
0.518084
0.506689
0.508138
0.616514
0.519619
0.520582
0.518124
0.49665
0.504668
0.706402
0.527444
0.508517
0.524131
0.530586
0.519215
0.517632
0.512045
0.500194
0.529939
0.530131
0.530714
0.526888
0.502921
0.524187
0.520683
0.503363
0.517509
0.501804
0.504034
0.507377
0.503988
0.520357
0.516033
0.506898
0.503199
0.504633
0.663423
0.667978
0.504505
0.515218
0.507473
0.504453
0.500309
0.524267
0.522946
0.515707
0.506127
0.501489
0.504043
0.514536
0.513541
0.525734
0.49909
0.50947
0.504013
0.709877
0.724937
0.50485
0.515862
0.502275
0.595342
0.690985
0.554999
0.532301
0.556477
0.499909
0.516428
0.519376
0.539572
0.542443
0.55443
0.509955
0.541907
0.516832
0.531887
0.508311
0.507334
0.515595
0.530481
0.525141
0.515481
0.512234
0.514129
0.524333
0.560608
0.505908
0.511179
0.572885
0.577769
0.570246
0.507143
0.505709
0.514366
0.506586
0.517179
0.508648
0.740103
0.51564
0.525421
0.524689
0.525188
0.655984
0.644577
0.527159
0.507017
0.506037
0.503155
0.508039
0.518631
0.502225
0.503683
0.52344
0.520424
0.527661
0.534422
0.51896
0.507009
0.506185
0.510036
0.510357
0.521798
0.505744
0.536775
0.511242
0.515581
0.516181
0.499532
0.502629
0.513863
0.523238
0.517967
0.494575
0.500838
0.531909
0.52826
0.541353
0.666617
0.536834
0.541665
0.514056
0.500073
0.497233
0.528812
0.524701
0.524965
0.506947
0.511475
0.523821
0.517829
0.629328
0.550157
0.513317
0.529416
0.528216
0.52623
0.523521
0.511077
0.515055
0.514941
0.514484
0.510994
0.515432
0.51655
0.519311
0.500804
0.503633
0.535336
0.5754
0.525864
0.512729
0.511252
0.543894
0.511093
0.508458
0.504459
0.529815
0.548072
0.515691
0.533667
0.506354
0.510624
0.512635
0.509179
0.507718
0.523075
0.508146
0.506773
0.520566
0.661535
0.529134
0.511047
0.53723
0.525012
0.518691
0.517739
0.5177
0.505422
0.529592
0.526024
0.529175
0.544331
0.506061
0.508404
0.506473
0.512564
0.511606
0.505136
0.511361
0.508251
0.503331
0.50204
0.56877
0.578587
0.490396
0.507987
0.574191
0.544519
0.513327
0.628663
0.636518
0.529335
0.630787
0.518039
0.510388
0.502375
0.513427
0.511618
0.499726
0.500588
0.499734
0.511483
0.510808
0.506319
0.505348
0.628699
0.507786
0.498429
0.499739
0.507902
0.525953
0.525428
0.528833
0.529715
0.529813
0.511967
0.512315
0.516195
0.493063
0.507448
0.504418
0.511441
0.522449
0.540107
0.515614
0.516723
0.527263
0.507314
0.511323
0.508237
0.511322
0.866652
0.496716
0.500543
0.507165
0.543978
0.528828
0.50803
0.509945
0.509081
0.714523
0.520631
0.687492
0.607926
0.513479
0.524804
0.514764
0.513908
0.501294
0.51306
0.526496
0.545655
0.520722
0.524281
0.623526
0.506107
0.524237
0.580799
0.509306
0.540311
0.539019
0.514432
0.514152
0.513465
0.504218
0.506276
0.542904
0.559896
0.5278
0.510365
0.581665
0.60438
0.505581
0.507325
0.512332
0.530039
0.619811
0.515612
0.504399
0.502613
0.527524
0.526707
0.493188
0.555965
0.562962
0.572874
0.521695
0.521421
0.520025
0.519558
0.501908
0.530044
0.512055
0.506172
0.514081
0.523863
0.605049
0.51167
0.517747
0.518287
0.520042
0.576874
0.514057
0.50793
0.516253
0.49933
0.526328
0.516824
0.515304
0.556312
0.555253
0.499339
0.524708
0.503608
0.507855
0.514467
0.527173
0.506388
0.509342
0.510249
0.506764
0.50766
0.518838
0.501501
0.507384
0.520733
0.519737
0.512471
0.643821
0.610556
0.506278
0.523737
0.554516
0.506658
0.517342
0.507738
0.784983
0.522636
0.502829
0.524237
0.516889
0.655258
0.50788
0.505788
0.526212
0.538904
0.505091
0.519928
0.522891
0.500448
0.521954
0.536161
0.5135
0.507452
0.511882
0.501091
0.523808
0.51831
0.561996
0.491209
0.504177
0.524521
0.52255
0.521672
0.518987
0.526514
0.538654
0.509249
0.52754
0.50808
0.506901
0.544277
0.509318
0.588127
0.507422
0.514127
0.503837
0.499809
0.495454
0.497725
0.51488
0.508462
0.499982
0.527115
0.52093
0.498265
0.513683
0.534937
0.651345
0.502255
0.507332
0.526549
0.50899
0.508667
0.510789
0.51409
0.505307
0.512115
0.53014
0.506485
0.510191
0.564666
0.511452
0.511022
0.505188
0.520081
0.553202
0.503874
0.511113
0.49455
0.764214
0.520887
0.52862
0.522452
0.510011
0.515404
0.527759
0.511087
0.512932
0.511905
0.522735
0.503057
0.511278
0.547862
0.525085
0.529363
0.509879
0.518011
0.516248
0.501786
0.527682
0.516212
0.516882
0.508708
0.510447
0.52886
0.516312
0.513386
0.514792
0.522566
0.504526
0.542323
0.646709
0.656886
0.664979
0.511265
0.519787
0.516124
0.512157
0.508636
0.526193
0.5254
0.506865
0.495761
0.508241
0.521302
0.51719
0.533974
0.519777
0.513721
0.504827
0.506255
0.524522
0.531601
0.530113
0.514927
0.524479
0.526824
0.524697
0.5034
0.492989
0.50866
0.591351
0.651043
0.505007
0.504185
0.494635
0.518562
0.528844
0.524858
0.504607
0.520343
0.539667
0.499623
0.517989
0.517979
0.514121
0.500651
0.528104
0.530067
0.546053
0.522675
0.502713
0.518092
0.517966
0.49577
0.50727
0.509041
0.52397
0.510168
0.52316
0.520948
0.515859
0.513537
0.513219
0.509847
0.507736
0.513407
0.507843
0.508532
0.507945
0.502236
0.51763
0.526851
0.503789
0.511595
0.522771
0.573611
0.514598
0.519344
0.509232
0.504578
0.522287
0.533136
0.53288
0.642929
0.508922
0.507446
0.561214
0.526223
0.503621
0.518394
0.526969
0.519984
0.523445
0.495616
0.540051
0.530919
0.522579
0.522682
0.499136
0.52792
0.526295
0.508662
0.515516
0.549185
0.538458
0.517326
0.519254
0.504496
0.497169
0.529208
0.546419
0.526988
0.511596
0.60228
0.501541
0.51077
0.520393
0.524554
0.502357
0.525496
0.526298
0.498969
0.507242
0.572741
0.522282
0.508545
0.509554
0.517006
0.510417
0.522758
0.514973
0.547229
0.551394
0.511072
0.521437
0.532615
0.503144
0.534585
0.509467
0.502188
0.527106
0.537712
0.519671
0.526186
0.495172
0.515285
0.500593
0.500913
0.547351
0.515963
0.517702
0.507914
0.519077
0.524973
0.526897
0.514773
0.525417
0.510843
0.514013
0.503967
0.521605
0.686724
0.580769
0.518368
0.493611
0.523849
0.509817
0.509929
0.507143
0.499145
0.512704
0.516032
0.508228
0.528322
0.524158
0.523161
0.53145
0.528891
0.516493
0.541667
0.507064
0.503896
0.721205
0.504558
0.514301
0.545224
0.533766
0.525247
0.518521
0.499424
0.539469
0.537656
0.500854
0.607332
0.517635
0.519514
0.524171
0.701661
0.50213
0.534846
0.514254
0.518108
0.514346
0.497225
0.515213
0.624903
0.496368
0.542303
0.521876
0.502788
0.497564
0.510989
0.70428
0.511459
0.51003
0.527955
0.51433
0.503302
0.529962
0.514551
0.514266
0.52266
0.508308
0.501701
0.516184
0.525052
0.54976
0.51085
0.519008
0.51412
0.50683
0.525902
0.58693
0.524975
0.522103
0.531452
0.527913
0.510392
0.512073
0.50416
0.512855
0.552372
0.501784
0.51301
0.513202
0.493288
0.519233
0.543547
0.52195
0.501705
0.490464
0.490338
0.664043
0.52715
0.502417
0.510947
0.538452
0.534161
0.511776
0.507399
0.507879
0.509624
0.503954
0.50764
0.526627
0.529784
0.517865
0.521563
0.520581
0.520463
0.506808
0.529252
0.507287
0.522506
0.530112
0.528562
0.534681
0.5459
0.536485
0.536486
0.536017
0.510139
0.529246
0.531666
0.526757
0.580466
0.511062
0.516304
0.504341
0.55664
0.518322
0.522873
0.514247
0.515814
0.510155
0.509485
0.511186
0.52562
0.512272
0.529501
0.537474
0.53015
0.521289
0.521651
0.503092
0.528266
0.512742
0.51687
0.513159
0.511966
0.512043
0.508989
0.509805
0.510104
0.506384
0.509871
0.495067
0.495122
0.58844
0.503731
0.519577
0.512341
0.524894
0.517466
0.512843
0.522361
0.507669
0.544929
0.515414
0.507222
0.50823
0.531064
0.525345
0.525997
0.512299
0.510974
0.508896
0.52077
0.507225
0.524358
0.530461
0.53305
0.587808
0.517838
0.517939
0.524426
0.521777
0.55261
0.520196
0.526167
0.539811
0.510201
0.515138
0.50945
0.508962
0.525798
0.505675
0.513175
0.525358
0.535925
0.545199
0.531613
0.527448
0.504965
0.532613
0.527792
0.502181
0.504425
0.518045
0.52981
0.51511
0.515254
0.523426
0.52746
0.516701
0.526068
0.4997
0.524982
0.530939
0.51155
0.511458
0.509769
0.504805
0.574362
0.567663
0.513956
0.515546
0.557682
0.576769
0.517763
0.526495
0.543739
0.508754
0.507353
0.505448
0.511129
0.52249
0.521619
0.520588
0.507663
0.504621
0.502626
0.504854
0.506067
0.523522
0.523931
0.519011
0.510809
0.529692
0.521776
0.508327
0.516192
0.512016
0.540002
0.612973
0.643649
0.584185
0.517744
0.524336
0.532712
0.507354
0.5259
0.507077
0.501716
0.51025
0.510462
0.504771
0.508893
0.511002
0.530991
0.632749
0.503631
0.496875
0.495515
0.516315
0.510621
0.511751
0.512351
0.531336
0.519589
0.516136
0.511098
0.507407
0.514303
0.50516
0.52694
0.527109
0.533268
0.520617
0.505303
0.510202
0.616172
0.505509
0.504275
0.50554
0.510614
0.5158
0.524513
0.52614
0.503207
0.510916
0.510001
0.513969
0.513147
0.534869
0.519503
0.512773
0.511747
0.5169
0.664411
0.522378
0.507706
0.52877
0.534244
0.511517
0.511813
0.511206
0.511173
0.519789
0.529265
0.528321
0.573762
0.51164
0.492646
0.528397
0.503794
0.510235
0.517478
0.744969
0.520922
0.508168
0.544395
0.527612
0.515701
0.517331
0.526708
0.524234
0.509968
0.536223
0.52656
0.515556
0.505828
0.512665
0.516201
0.515771
0.513656
0.531705
0.498648
0.507493
0.50903
0.53938
0.526863
0.530094
0.569175
0.499648
0.515902
0.519049
0.521648
0.527692
0.520171
0.510555
0.556717
0.510772
0.508196
0.517884
0.516468
0.532234
0.520233
0.533926
0.503438
0.514643
0.511189
0.699498
0.510741
0.500484
0.499831
0.527755
0.538591
0.511528
0.51313
0.516137
0.520344
0.520818
0.509337
0.50964
0.527245
0.501602
0.531689
0.537106
0.502976
0.520849
0.518191
0.500714
0.509897
0.516244
0.516397
0.514427
0.523927
0.522675
0.517016
0.526023
0.505363
0.504115
0.532941
0.543877
0.525337
0.538821
0.525443
0.528679
0.52563
0.528787
0.506471
0.505944
0.524065
0.525873
0.521998
0.516421
0.518854
0.517731
0.51055
0.50488
0.510855
0.662101
0.511881
0.521763
0.509349
0.531745
0.529907
0.525778
0.50551
0.527347
0.520555
0.519134
0.516058
0.525385
0.492565
0.529527
0.518761
0.531678
0.505303
0.520911
0.525313
0.518344
0.517747
0.534587
0.609445
0.519929
0.50992
0.507149
0.601436
0.511965
0.51327
0.505376
0.513339
0.510601
0.511232
0.560368
0.510678
0.515846
0.526702
0.532965
0.49633
0.501883
0.504696
0.510677
0.529504
0.527532
0.517886
0.515472
0.502777
0.507455
0.494775
0.508647
0.500856
0.517107
0.50457
0.509061
0.50774
0.54356
0.503551
0.527977
0.513315
0.528657
0.509269
0.513774
0.520883
0.503325
0.516558
0.530969
0.529856
0.512288
0.515398
0.508561
0.523701
0.499418
0.510696
0.540001
0.509122
0.570485
0.49696
0.5026
0.608474
0.525737
0.523978
0.519327
0.51324
0.5071
0.508503
0.507894
0.514555
0.526793
0.516717
0.50978
0.522395
0.505503
0.534489
0.58034
0.541391
0.511538
0.513006
0.537471
0.67205
0.51716
0.574419
0.50027
0.515852
0.501545
0.501906
0.504965
0.504038
0.589355
0.698456
0.513181
0.526417
0.51984
0.543377
0.514425
0.510069
0.522053
0.5122
0.516848
0.518523
0.506053
0.505064
0.516027
0.520362
0.508826
0.541183
0.526997
0.520446
0.53673
0.516489
0.546802
0.518258
0.506786
0.529235
0.531786
0.502542
0.518412
0.507476
0.5143
0.593434
0.520819
0.513088
0.527218
0.516842
0.523556
0.526619
0.499727
0.524473
0.521955
0.508079
0.50387
0.51452
0.517531
0.505078
0.515418
0.51164
0.504958
0.501139
0.509412
0.593588
0.510611
0.508569
0.528568
0.526581
0.685229
0.505278
0.529894
0.539757
0.507824
0.530854
0.517258
0.513881
0.511394
0.51205
0.641206
0.50875
0.531252
0.505892
0.533786
0.526022
0.538827
0.587299
0.530459
0.518149
0.527629
0.522431
0.510004
0.53114
0.524858
0.522141
0.52588
0.521815
0.512411
0.513759
0.533116
0.501117
0.517693
0.526973
0.502721
0.522976
0.573328
0.512097
0.506774
0.579157
0.503479
0.505653
0.514137
0.51628
0.522834
0.508064
0.510143
0.556668
0.516644
0.500745
0.508056
0.494994
0.513304
0.537266
0.533426
0.504347
0.503469
0.519427
0.643191
0.514319
0.512681
0.528612
0.515652
0.50624
0.515269
0.529034
0.507684
0.532283
0.523765
0.535499
0.529875
0.523286
0.524678
0.519578
0.531438
0.517006
0.515536
0.50903
0.634279
0.515635
0.527359
0.671883
0.513892
0.513446
0.514386
0.514727
0.607737
0.516424
0.529845
0.81696
0.522969
0.513259
0.502966
0.595052
0.520162
0.530774
0.495076
0.521232
0.5073
0.516764
0.517635
0.508569
0.525749
0.523983
0.519786
0.583986
0.517936
0.519894
0.511873
0.514255
0.510021
0.516944
0.53484
0.532556
0.509547
0.516142
0.50012
0.510348
0.527853
0.523402
0.511929
0.51053
0.516589
0.515484
0.516103
0.531296
0.512054
0.503822
0.508908
0.515557
0.502366
0.520081
0.512188
0.532705
0.526618
0.534771
0.526229
0.513055
0.518432
0.516042
0.515426
0.501564
0.525587
0.51057
0.498331
0.509987
0.504617
0.510491
0.520829
0.504235
0.507569
