0.507923
0.513419
0.511163
0.511585
0.515862
0.510738
0.511338
0.50609
0.506735
0.504474
0.525476
0.530623
0.524765
0.528327
0.505547
0.501234
0.50306
0.509936
0.514017
0.52188
0.521344
0.553312
0.531908
0.537588
0.516481
0.707678
0.791131
0.505844
0.519086
0.521836
0.515488
0.516782
0.52246
0.511522
0.510023
0.511973
0.520666
0.51916
0.520036
0.525784
0.520216
0.525132
0.510206
0.507114
0.505961
0.585983
0.629293
0.504743
0.50246
0.515682
0.516165
0.566164
0.610101
0.579492
0.529833
0.521662
0.516141
0.51521
0.513843
0.514234
0.51527
0.55483
0.553022
0.598779
0.591054
0.516124
0.515126
0.516543
0.505671
0.509674
0.534396
0.534791
0.518508
0.522895
0.509107
0.517288
0.513784
0.504821
0.523765
0.508456
0.509933
0.526637
0.527395
0.502168
0.525399
0.524365
0.525579
0.503292
0.51549
0.515742
0.517045
0.516139
0.511022
0.522936
0.519462
0.5326
0.519192
0.583818
0.550275
0.516963
0.513754
0.523024
0.518577
0.517948
0.508568
0.514365
0.508638
0.50835
0.513026
0.505876
0.507581
0.511013
0.509694
0.52461
0.52199
0.531998
0.5357
0.555599
0.549558
0.608442
0.621252
0.50892
0.531983
0.540113
0.530753
0.510636
0.501166
0.506325
0.526816
0.529972
0.572655
0.56103
0.575831
0.514336
0.516549
0.498899
0.498537
0.50776
0.506173
0.50267
0.506352
0.549506
0.515061
0.497592
0.494916
0.495044
0.517094
0.512163
0.513494
0.535931
0.518346
0.51319
0.503763
0.530235
0.52854
0.512664
0.524681
0.507794
0.506978
0.514577
0.507802
0.52052
0.520206
0.534013
0.497382
0.497554
0.502576
0.529607
0.533769
0.552164
0.551469
0.507374
0.50912
0.502208
0.501444
0.505646
0.507345
0.521886
0.51472
0.50909
0.517569
0.545821
0.521901
0.522122
0.516276
0.512152
0.514082
0.5122
0.541274
0.568754
0.556986
0.510889
0.499792
0.503871
0.52712
0.514599
0.514314
0.518806
0.517464
0.520079
0.52561
0.518121
0.595071
0.595409
0.513672
0.51654
0.522162
0.81265
0.509893
0.508914
0.508038
0.507733
0.517368
0.504768
0.515044
0.511303
0.505556
0.527889
0.52776
0.505913
0.505574
0.506457
0.505044
0.524253
0.52885
0.529366
0.507801
0.50151
0.55854
0.504371
0.497077
0.513404
0.511682
0.518944
0.518599
0.524133
0.52885
0.756417
0.757543
0.509282
0.508232
0.498966
0.709914
0.508538
0.512553
0.517021
0.522651
0.508729
0.503053
0.501172
0.50537
0.51449
0.513979
0.513169
0.501657
0.508418
0.532795
0.512485
0.516132
0.507196
0.537786
0.505988
0.51168
0.515733
0.493202
0.493665
0.513741
0.521435
0.517569
0.522904
0.523493
0.507901
0.511438
0.512634
0.512772
0.510131
0.51259
0.520106
0.521095
0.515147
0.498784
0.50467
0.507393
0.505397
0.512131
0.531684
0.528803
0.536242
0.531573
0.512858
0.525734
0.526873
0.525117
0.520484
0.521711
0.500791
0.517708
0.521859
0.520118
0.518736
0.508464
0.507145
0.70642
0.704779
0.513324
0.506475
0.50666
0.49599
0.499076
0.535744
0.541151
0.501957
0.549404
0.551049
0.529408
0.527163
0.679586
0.589363
0.505923
0.510044
0.502825
0.511906
0.520485
0.524129
0.523371
0.521166
0.518594
0.51641
0.506638
0.515581
0.510209
0.508719
0.507561
0.50962
0.509668
0.528409
0.52593
0.52566
0.493275
0.513243
0.540529
0.540408
0.507803
0.508194
0.504014
0.525043
0.531205
0.528111
0.503733
0.503739
0.513132
0.507245
0.561674
0.529384
0.529919
0.506908
0.502476
0.513909
0.518422
0.511059
0.513268
0.526546
0.526968
0.529274
0.52553
0.500264
0.501263
0.504831
0.504421
0.521256
0.516046
0.507675
0.507507
0.508533
0.505371
0.502626
0.562189
0.568165
0.515064
0.502331
0.508776
0.509685
0.51333
0.51894
0.514434
0.513334
0.642361
0.514934
0.504856
0.514681
0.51412
0.509227
0.512452
0.505451
0.531124
0.526269
0.525091
0.525723
0.527237
0.522448
0.521138
0.505344
0.514072
0.512135
0.526595
0.52677
0.505076
0.503045
0.497605
0.502835
0.50978
0.501104
0.500881
0.500186
0.503799
0.503475
0.512606
0.516623
0.513507
0.523077
0.525035
0.505091
0.503481
0.508397
0.510745
0.513009
0.513171
0.622479
0.613143
0.510909
0.509168
0.512394
0.528018
0.507484
0.52611
0.514503
0.522947
0.510334
0.528134
0.52812
0.530766
0.508282
0.521182
0.517224
0.725029
0.503649
0.532431
0.542947
0.524674
0.52414
0.545082
0.527806
0.522012
0.525944
0.506564
0.75085
0.504939
0.709652
0.598469
0.704016
0.531218
0.528045
0.528272
0.519608
0.518485
0.518405
0.518451
0.522584
0.519904
0.524106
0.509232
0.506358
0.507768
0.528621
0.516225
0.524136
0.513624
0.522082
0.524429
0.50959
0.50962
0.506738
0.522075
0.521688
0.525603
0.520438
0.525771
0.533317
0.515949
0.508984
0.507033
0.508068
0.520638
0.502885
0.516921
0.595132
0.504834
0.586889
0.520061
0.522784
0.533593
0.527998
0.531138
0.506112
0.503924
0.506565
0.503536
0.560242
0.520133
0.508312
0.522617
0.532301
0.501425
0.52744
0.637423
0.514649
0.50616
0.520098
0.532834
0.531199
0.52522
0.516806
0.510556
0.516831
0.518927
0.517651
0.523304
0.511345
0.535616
0.536603
0.538339
0.531035
0.505759
0.501664
0.516273
0.506051
0.528154
0.501443
0.516538
0.52568
0.543243
0.50463
0.531439
0.559683
0.55202
0.514028
0.513877
0.514209
0.503821
0.520392
0.519455
0.520421
0.505752
0.530262
0.521933
0.523071
0.516535
0.561118
0.657977
0.619848
0.517426
0.514345
0.521803
0.573665
0.512297
0.513577
0.530931
0.502733
0.492725
0.505718
0.503973
0.504412
0.52773
0.512608
0.498381
0.516795
0.530541
0.526669
0.510299
0.513085
0.515552
0.519123
0.499176
0.51937
0.512226
0.527209
0.506702
0.525347
0.522702
0.528063
0.526391
0.535977
0.54012
0.534677
0.502982
0.527746
0.524921
0.528682
0.506341
0.50739
0.510864
0.515201
0.50919
0.509537
0.505945
0.518281
0.505708
0.519712
0.51826
0.768278
0.528428
0.497876
0.526586
0.528432
0.527638
0.508169
0.505293
0.52955
0.531983
0.522463
0.525671
0.523001
0.518733
0.512453
0.509987
0.523709
0.535607
0.531424
0.580922
0.707695
0.530915
0.532247
0.513104
0.523171
0.506021
0.672211
0.678723
0.525523
0.525072
0.541838
0.538575
0.514644
0.51515
0.502736
0.500593
0.502324
0.513154
0.526261
0.494773
0.506615
0.513279
0.514791
0.535696
0.520402
0.520223
0.53723
0.524911
0.532901
0.515587
0.515147
0.50566
0.683752
0.526833
0.510031
0.517208
0.515685
0.52083
0.518651
0.507521
0.513622
0.529931
0.524976
0.50573
0.508352
0.633944
0.512098
0.495642
0.497866
0.498773
0.495314
0.487477
0.495857
0.503745
0.500619
0.506626
0.521842
0.524911
0.518835
0.524567
0.523477
0.522276
0.528143
0.528226
0.527844
0.514121
0.505351
0.504186
0.513605
0.522879
0.538481
0.502189
0.514031
0.508726
0.525221
0.527674
0.521467
0.52346
0.573712
0.57735
0.523054
0.51923
0.529658
0.528091
0.505608
0.518741
0.519777
0.508173
0.503057
0.519439
0.524569
0.522457
0.52241
0.522569
0.509387
0.509766
0.501651
0.503152
0.541563
0.50122
0.569254
0.563869
0.513504
0.513385
0.506591
0.532507
0.516195
0.523699
0.522718
0.526144
0.514384
0.504481
0.530461
0.531334
0.524797
0.509469
0.501983
0.678448
0.51694
0.491806
0.511403
0.526747
0.526367
0.503934
0.599751
0.525747
0.51996
0.530471
0.530443
0.515413
0.515942
0.509801
0.522243
0.523952
0.512577
0.516515
0.61613
0.518728
0.51322
0.51218
0.512945
0.509839
0.656551
0.618241
0.512463
0.497039
0.508044
0.51022
0.535597
0.541179
0.515578
0.508605
0.50589
0.516409
0.518328
0.508938
0.512551
0.51184
0.871217
0.520139
0.518823
0.529837
0.513962
0.515682
0.527633
0.526978
0.526646
0.529746
0.536422
0.53066
0.527866
0.531609
0.521801
0.525698
0.542365
0.514147
0.522152
0.526674
0.517806
0.519983
0.5074
0.504733
0.695409
0.657218
0.52098
0.52164
0.523412
0.530274
0.529699
0.528663
0.52591
0.513098
0.500754
0.512114
0.510304
0.510487
0.555547
0.515399
0.527587
0.524749
0.505999
0.507877
0.502657
0.510052
0.525167
0.529748
0.51116
0.517455
0.502437
0.512295
0.522834
0.527852
0.524905
0.525124
0.528363
0.519636
0.509827
0.507709
0.512407
0.55535
0.522907
0.528051
0.523066
0.533762
0.527869
0.507461
0.525439
0.531098
0.508776
0.502753
0.504669
0.501371
0.508924
0.528889
0.522691
0.517238
0.524338
0.512013
0.511144
0.513773
0.514916
0.529672
0.503458
0.504597
0.514524
0.511136
0.511355
0.496927
0.506191
0.510347
0.514665
0.742893
0.786778
0.524989
0.495927
0.497052
0.493362
0.518271
0.513549
0.498979
0.497215
0.51218
0.803202
0.525303
0.535763
0.529903
0.531318
0.495324
0.50032
0.501286
0.525047
0.526252
0.538725
0.510817
0.509196
0.509973
0.522035
0.505063
0.505431
0.621693
0.504421
0.50384
0.501603
0.512087
0.514111
0.514477
0.515856
0.515179
0.535404
0.516627
0.515072
0.516438
0.517461
0.52502
0.533528
0.526117
0.5262
0.539524
0.524981
0.502306
0.5138
0.529858
0.530741
0.516251
0.51299
0.511846
0.52441
0.528185
0.534436
0.504905
0.511193
0.516757
0.501719
0.518291
0.51292
0.51757
0.523535
0.511417
0.539832
0.501725
0.500954
0.510477
0.51441
0.504224
0.53099
0.515076
0.526449
0.523645
0.52411
0.526451
0.508847
0.521024
0.507585
0.508093
0.512177
0.537143
0.504898
0.506225
0.499743
0.523434
0.532034
0.517171
0.522275
0.527058
0.681668
0.635458
0.524894
0.528351
0.543508
0.50854
0.510518
0.50625
0.521208
0.505947
0.530982
0.523723
0.523551
0.529386
0.529501
0.528721
0.606961
0.598411
0.502014
0.51481
0.515128
0.507083
0.507443
0.510435
0.505985
0.518069
0.511007
0.512215
0.528626
0.494011
0.697461
0.547891
0.539102
0.529146
0.551069
0.512529
0.527571
0.517943
0.506893
0.521118
0.513044
0.507188
0.511626
0.573395
0.509873
0.51601
0.528918
0.512145
0.507067
0.506646
0.630464
0.528954
0.512888
0.504892
0.50263
0.526645
0.530415
0.514089
0.522198
0.503287
0.686687
0.522487
0.518936
0.518009
0.525989
0.505009
0.52127
0.523027
0.573379
0.516658
0.516578
0.51609
0.505623
0.508422
0.522275
0.50428
0.515559
0.512744
0.508329
0.497371
0.513825
0.524055
0.524963
0.5228
0.506506
0.522521
0.498417
0.516409
0.512633
0.495913
0.539813
0.512587
0.514145
0.50642
0.509058
0.526235
0.508595
0.532026
0.542638
0.536125
0.514233
0.497688
0.502795
0.513914
0.510518
0.512179
0.561383
0.764169
0.514413
0.510984
0.510528
0.509322
0.518394
0.505286
0.531315
0.52256
0.51514
0.519098
0.524076
0.521848
0.51264
0.762096
0.531039
0.5193
0.503805
0.513383
0.519682
0.502341
0.509567
0.527447
0.527569
0.522715
0.520564
0.512284
0.516833
0.532978
0.504881
0.523607
0.506365
0.511409
0.522879
0.525593
0.50874
0.509157
0.519912
0.515325
0.501391
0.501204
0.519635
0.518533
0.497204
0.511909
0.487119
0.516775
0.778498
0.528835
0.528581
0.504428
0.507383
0.505618
0.528337
0.514607
0.50283
0.551355
0.544274
0.510942
0.491068
0.495126
0.519828
0.522833
0.521855
0.505748
0.509892
0.529684
0.519637
0.505214
0.531949
0.56179
0.52719
0.528028
0.510553
0.514274
0.655158
0.529286
0.514418
0.513768
0.512736
0.517875
0.505285
0.5106
0.51773
0.535799
0.529972
0.509013
0.503257
0.542007
0.542178
0.536468
0.586417
0.509758
0.513216
0.515299
0.513067
0.523904
0.504215
0.511958
0.522719
0.529144
0.542773
0.513358
0.537402
0.504057
0.520565
0.511442
0.527659
0.523592
0.517468
0.515127
0.504781
0.511467
0.503958
0.700189
0.588761
0.578357
0.50533
0.508543
0.501425
0.541124
0.559834
0.567549
0.505158
0.503222
0.546877
0.518247
0.539702
0.517929
0.517436
0.528949
0.531007
0.536638
0.505108
0.636658
0.621788
0.499514
0.50408
0.502534
0.500995
0.507888
0.511655
0.492264
0.494898
0.508354
0.514037
0.507529
0.54718
0.524992
0.553129
0.539242
0.510796
0.511015
0.530986
0.527927
0.532899
0.508037
0.527857
0.545376
0.521642
0.528819
0.513188
0.500528
0.507378
0.502417
0.514626
0.50482
0.513631
0.501459
0.495319
0.519441
0.521607
0.511042
0.517641
0.514373
0.563637
0.766733
0.67259
0.522349
0.510157
0.511315
0.513255
0.508488
0.607828
0.512093
0.51656
0.516276
0.50957
0.506546
0.507766
0.508462
0.50933
0.551959
0.514169
0.517917
0.52373
0.77414
0.528116
0.515118
0.511451
0.557182
0.574084
0.605465
0.508534
0.504427
0.502324
0.515231
0.617469
0.51454
0.505448
0.512104
0.511224
0.509109
0.510796
0.658735
0.710274
0.565566
0.527895
0.501475
0.521327
0.520039
0.52641
0.50754
0.503799
0.510751
0.520551
0.519479
0.783086
0.509507
0.526342
0.511766
0.514043
0.519587
0.522981
0.549463
0.540906
0.51657
0.525123
0.509727
0.530017
0.526682
0.522628
0.526714
0.523747
0.494951
0.512427
0.500831
0.525155
0.521131
0.525287
0.521672
0.500031
0.502234
0.524706
0.514698
0.511716
0.506422
0.505933
0.508037
0.505487
0.513561
0.502864
0.519468
0.518172
0.500106
0.503952
0.523741
0.515742
0.647894
0.62094
0.574813
0.529275
0.688257
0.54862
0.516504
0.506101
0.511849
0.505115
0.507741
0.517607
0.500247
0.777158
0.512763
0.71369
0.569301
0.5212
0.522837
0.52982
0.504755
0.51361
0.517749
0.525912
0.528281
0.641963
0.521529
0.510371
0.510376
0.513244
0.512267
0.682191
0.580755
0.520754
0.508214
0.504975
0.521791
0.528212
0.521683
0.538569
0.511071
0.501779
0.502168
0.511961
0.524467
0.508542
0.512191
0.637897
0.543775
0.506129
0.506153
0.504019
0.722376
0.744729
0.505659
0.529214
0.625823
0.505603
0.511073
0.528737
0.523169
0.500852
0.503968
0.510512
0.505225
0.508554
0.526363
0.526159
0.517799
0.521065
0.522139
0.520379
0.505697
0.510646
0.522138
0.497912
0.525278
0.511683
0.50829
0.590314
0.503148
0.508245
0.51718
0.509577
0.530306
0.51158
0.506412
0.551933
0.600738
0.506242
0.511431
0.520389
0.520516
0.503955
0.507349
0.513651
0.504283
0.553409
0.505326
0.522906
0.632936
0.503725
0.509053
0.747557
0.495668
0.527959
0.521238
0.523795
0.506297
0.505693
0.528766
0.511836
0.53361
0.514653
0.50736
0.795894
0.518517
0.509147
0.529575
0.513672
0.526534
0.530404
0.512563
0.516952
0.515096
0.505683
0.511054
0.509133
0.508512
0.515596
0.51468
0.506655
0.503375
0.503344
0.50231
0.524893
0.493943
0.510393
0.527003
0.505693
0.512155
0.507125
0.530965
0.528407
0.543133
0.511998
0.505123
0.608078
0.516885
0.517685
0.546231
0.530576
0.518595
0.517098
0.50573
0.507178
0.500654
0.51979
0.537914
0.510564
0.519922
0.508471
0.50213
0.506456
0.522845
0.524517
0.510598
0.52486
0.527199
0.51375
0.537653
0.523628
0.524725
0.501005
0.505399
0.504017
0.568236
0.498228
0.506542
0.53061
0.499129
0.50728
0.525057
0.503484
0.502385
0.540973
0.498865
0.507658
0.513985
0.506112
0.521805
0.505799
0.500962
0.503039
0.513507
0.490173
0.556611
0.530333
0.500964
0.507645
0.525052
0.504055
0.515613
0.521875
0.51633
0.507742
0.569628
0.517859
0.495102
0.508997
0.518526
0.507357
0.513973
0.504842
0.501197
0.530912
0.51863
0.525344
0.510764
0.506997
0.528379
0.587666
0.511923
0.504114
0.497299
0.6135
0.53557
0.523621
0.526059
0.525635
0.498866
0.525276
0.52391
0.529393
0.53467
0.546688
0.499927
0.50337
0.524963
0.525618
0.529763
0.524626
0.527999
0.511902
0.503584
0.511219
0.492641
0.506183
0.508362
0.512915
0.538972
0.542824
0.511095
0.504619
0.50468
0.766403
0.495257
0.533676
0.512445
0.854514
0.509268
0.511035
0.519501
0.491154
0.527142
0.50049
0.49842
0.523764
0.503427
0.511993
0.540435
0.507189
0.521338
0.502945
0.519027
0.521173
0.56948
0.52561
0.509107
0.518866
0.514917
0.510997
0.525589
0.517527
0.520941
0.516801
0.521199
0.623981
0.642072
0.524392
0.51122
0.508707
0.525751
0.506713
0.517617
0.529417
0.507328
0.523527
0.5028
0.4947
0.512132
0.494396
0.494337
0.495553
0.494912
0.529334
0.513712
0.529891
0.524092
0.522605
0.504903
0.512441
0.510347
0.50585
0.517814
0.570436
0.519446
0.500765
0.522935
0.496995
0.711148
0.520904
0.511372
0.49573
0.521641
0.510133
0.505147
0.519618
0.530116
0.521694
0.519736
0.532244
0.53163
0.506932
0.53223
0.509252
0.506164
0.503529
0.548579
0.518866
0.518344
0.501054
0.580207
0.513109
0.648011
0.505995
0.534836
0.502561
0.511112
0.758435
0.522758
0.511811
0.692628
0.517804
0.517617
0.627732
0.534985
0.503404
0.496723
0.650437
0.508331
0.517988
0.512406
0.52375
0.520578
0.522979
0.516647
0.521706
0.515733
0.509316
0.519807
0.512063
0.511648
0.608122
0.522955
0.518044
0.52124
0.5233
0.522637
0.555496
0.521058
0.524329
0.496017
0.513004
0.518336
0.508857
0.517099
0.515645
0.533895
0.515368
0.506679
0.509645
0.66474
0.508591
0.528301
0.532831
0.505266
0.512151
0.518375
0.529884
0.530145
0.504629
0.523629
0.498477
0.496497
0.531474
0.525058
0.528688
0.525743
0.509074
0.529529
0.532434
0.529896
0.507449
0.520949
0.512277
0.526774
0.513539
0.513146
0.530027
0.546392
0.535031
0.522502
0.681973
0.535218
0.52788
0.528354
0.537097
0.521571
0.509928
0.509797
0.504689
0.505403
0.497412
0.516612
0.512253
0.512117
0.516027
0.515555
0.508052
0.511609
0.529979
0.51457
0.514004
0.510372
0.507852
0.502843
0.533674
0.51078
0.53535
0.531022
0.517039
0.527126
0.534895
0.52963
0.504564
0.505606
0.5284
0.531166
0.505298
0.519134
0.519025
0.595008
0.514707
0.528869
0.514289
0.52085
0.548169
0.50245
0.528167
0.505911
0.528028
0.504716
0.525663
0.505501
0.503781
0.528225
0.521599
0.502363
0.513245
0.519827
0.523363
0.515448
0.506532
0.578542
0.513712
0.513331
0.517148
0.526126
0.506779
0.515669
0.509385
0.540928
0.548008
0.538558
0.510791
0.514146
0.510105
0.521019
0.505476
0.514359
0.520179
0.5053
0.514638
0.50435
0.515542
0.521447
0.527611
0.531708
0.528673
0.528347
0.538291
0.53324
0.523712
0.524949
0.508042
0.529973
0.518724
0.528641
0.529635
0.520764
0.516282
0.510959
0.526349
0.521131
0.508609
0.52264
0.522902
0.516114
0.516122
0.579482
0.519688
0.561666
0.532323
0.50403
0.527495
0.511423
0.524676
0.486773
0.490734
0.516051
0.510012
0.522289
0.524653
0.493949
0.508084
0.525127
0.517697
0.532426
0.506676
0.517282
0.519385
0.517926
0.666883
0.66374
0.72123
0.506204
0.509504
0.518196
0.528354
0.508432
0.501144
0.512151
0.506821
0.507699
0.508072
0.527292
0.502465
0.497654
0.506609
0.510403
0.514728
0.514221
0.516609
0.525979
0.535275
0.514438
0.516526
0.520647
0.539203
0.514943
0.511132
0.539813
0.514463
0.518993
0.524555
0.511558
0.512573
0.505037
0.507531
0.513491
0.680924
0.520068
0.529103
0.517692
0.506
0.507248
0.516356
0.528449
0.533096
0.53645
0.519638
0.521567
0.512758
0.52219
0.498484
0.522217
0.528075
0.521927
0.512609
0.505919
0.527687
0.507126
0.59246
0.51778
0.51968
0.513121
0.526447
0.525445
0.532902
0.509218
0.507291
0.530314
0.512757
0.610388
0.518682
0.520193
0.528562
0.50999
0.509349
0.517738
0.797337
0.533205
0.516229
0.508447
0.510003
0.517746
0.518478
0.515265
0.710463
0.529153
0.511167
0.516807
0.548608
0.530667
0.515365
0.576871
0.511712
0.512209
0.528046
0.526855
0.529176
0.516502
0.508653
0.510459
0.520673
0.529335
0.529389
0.506333
0.506613
0.520668
0.51522
0.522744
0.526412
0.523076
0.529988
0.528893
0.508151
0.565246
0.512398
0.505913
0.531703
0.510825
0.51679
0.531296
0.523041
0.54366
0.509373
0.667764
0.527069
0.524574
0.531843
0.514116
0.50576
0.513936
0.505274
0.522151
0.506323
0.531801
0.528713
0.509291
0.512506
0.51887
0.519436
0.506554
0.531331
0.51247
0.512891
0.520444
0.521633
0.509411
0.50571
0.517022
0.514698
0.511476
0.497004
0.51436
0.542578
0.529277
0.507928
0.510228
0.517737
0.510903
0.513633
0.72821
0.508236
0.51909
0.518629
0.54944
0.627398
0.556051
0.521411
0.526869
0.503542
0.510991
0.519125
0.532679
0.524056
0.524632
0.51855
0.527445
0.521207
0.525782
0.520869
0.524618
0.515787
0.517177
0.531426
0.571286
0.541837
0.50114
0.526589
0.527563
0.528231
0.536682
0.514409
0.516037
0.525323
0.507341
0.508732
0.510746
0.5485
0.502323
0.587792
0.511904
0.506072
0.557481
0.524342
0.804371
0.717241
0.506178
0.52551
0.519464
0.52114
0.513124
0.488655
0.518494
0.524428
0.649273
0.629457
0.528415
0.527568
0.517569
0.517133
0.529895
0.650415
0.519748
0.514708
0.500372
0.560602
0.522333
0.517425
0.510911
0.515403
0.518246
0.515093
0.514103
0.511842
0.638029
0.521729
0.520266
0.504923
0.491574
0.519865
0.524552
0.521383
0.527327
0.549504
0.521278
0.505401
0.535989
0.508966
0.518992
0.54552
0.512137
0.512591
0.732976
0.571905
0.492588
0.520429
0.50492
0.513294
0.531976
0.515323
0.536725
0.517473
0.500472
0.530567
0.508947
0.533792
0.513692
0.579157
0.523237
0.514272
0.520581
0.524243
0.521999
0.539792
0.525191
0.524141
0.53591
0.509919
0.506161
0.527229
0.522631
0.549004
0.522575
0.514009
0.498031
0.542777
0.520476
0.514847
0.514904
0.51004
0.515214
0.517495
0.526432
0.612242
0.571968
0.51958
0.508268
0.521881
0.780333
0.512146
0.523757
0.510641
0.514591
0.509779
0.520923
0.513972
0.528274
0.526449
0.504436
0.502591
0.501676
0.518112
0.517017
0.518529
0.51413
0.541356
0.521525
0.52653
0.531925
0.537998
0.492953
0.518266
0.511223
0.518466
0.531338
0.522398
0.538168
0.499259
0.581651
0.489483
0.524824
0.511908
0.508869
0.511153
0.506311
0.518728
0.519624
0.537176
0.508558
0.506766
0.525186
0.5219
0.513947
0.515733
0.748847
0.525043
0.509759
0.512023
0.511987
0.526729
0.509613
0.510729
0.507189
0.52368
0.516625
0.655279
0.516189
0.594423
0.507128
0.534082
0.504891
0.507112
0.526404
0.511969
0.617264
0.501485
0.526102
0.514401
0.509984
0.503851
0.512796
0.517752
0.508691
0.506969
0.535172
0.497271
0.530888
0.524472
0.497145
0.51138
0.50936
0.50819
0.507427
0.505846
0.529564
0.514539
0.50501
0.507963
0.50643
0.514266
0.509526
0.506981
0.551928
0.510803
0.50348
0.513802
0.522469
0.51474
0.524895
0.529691
0.596842
0.511922
0.522045
0.511638
0.508615
0.509052
0.516119
0.508083
0.521623
0.518458
0.510981
0.540631
0.663326
0.508753
0.600551
0.514637
0.508641
0.513397
0.508868
0.513768
0.544786
0.509773
0.496728
0.554796
0.527852
0.504046
0.525011
0.523667
0.514465
0.491416
0.660314
0.509256
0.50628
0.515545
0.531877
0.507261
0.508269
0.50719
0.510178
0.514617
0.521458
0.520364
0.512941
0.523939
0.51985
0.516761
0.513198
0.537103
0.510102
0.50029
0.50478
0.527945
0.512888
0.533061
0.518431
0.508542
0.501084
0.562837
0.535261
0.776823
0.515226
0.515057
0.503729
0.50636
0.684933
0.531567
0.510471
0.541213
0.506527
0.513563
0.530304
0.533912
0.509876
0.523428
0.516172
0.504403
0.507731
0.728755
0.516162
0.528067
0.513495
0.504386
0.515443
0.529495
0.511774
0.523152
0.51498
0.523956
0.515799
0.508695
0.507075
0.509174
0.529483
0.515305
0.528887
0.608062
0.592844
0.505682
0.510525
0.583535
0.508922
0.529042
0.528007
0.513904
0.514352
0.507897
