0.513654
0.517148
0.517704
0.503607
0.506133
0.51215
0.507138
0.522385
0.519236
0.51985
0.511026
0.55004
0.504609
0.508515
0.502402
0.524259
0.522002
0.525729
0.620431
0.621707
0.53133
0.520463
0.677433
0.781355
0.509038
0.505407
0.512597
0.508128
0.515811
0.515784
0.518405
0.519659
0.511632
0.518584
0.560337
0.556971
0.547088
0.547328
0.582519
0.561637
0.555604
0.521734
0.518909
0.519798
0.502631
0.511204
0.512248
0.515
0.549371
0.522873
0.551773
0.564569
0.518406
0.516247
0.502696
0.501619
0.499436
0.505493
0.522174
0.522537
0.514184
0.515939
0.528376
0.528637
0.503115
0.531696
0.515561
0.514852
0.515673
0.522941
0.526001
0.548291
0.556266
0.505114
0.509972
0.507495
0.516374
0.507847
0.507718
0.504814
0.505598
0.50544
0.503195
0.529398
0.531715
0.528197
0.5118
0.508773
0.505062
0.513836
0.516301
0.51579
0.625348
0.641646
0.496712
0.508049
0.51394
0.505232
0.501678
0.522468
0.525893
0.524011
0.509451
0.513569
0.526137
0.514658
0.494332
0.493803
0.49802
0.521323
0.512027
0.528661
0.520791
0.516368
0.512077
0.518639
0.521545
0.505164
0.51386
0.517606
0.516693
0.516628
0.506939
0.50391
0.502602
0.534596
0.533788
0.514222
0.505304
0.513807
0.517307
0.511535
0.511593
0.531797
0.539568
0.518665
0.519171
0.517196
0.511377
0.518405
0.507952
0.526125
0.526507
0.500268
0.501178
0.533875
0.532517
0.526334
0.529989
0.513963
0.513325
0.512345
0.503259
0.501206
0.49976
0.546993
0.606151
0.582365
0.512902
0.513466
0.51855
0.517264
0.505403
0.512296
0.508004
0.50633
0.524881
0.529173
0.509684
0.510336
0.520278
0.522069
0.519901
0.524462
0.53339
0.545341
0.547807
0.526594
0.514752
0.516825
0.511615
0.536767
0.515219
0.513482
0.514458
0.526642
0.526978
0.526059
0.497239
0.504222
0.494479
0.645185
0.573174
0.506458
0.499991
0.508598
0.515794
0.516261
0.516165
0.50052
0.496971
0.512001
0.50983
0.533013
0.539668
0.509375
0.515123
0.506632
0.507859
0.529694
0.749383
0.722728
0.545079
0.538088
0.51036
0.509594
0.508341
0.504512
0.504469
0.511044
0.512218
0.513374
0.512777
0.528305
0.524581
0.527638
0.534482
0.510821
0.507759
0.509081
0.528939
0.514916
0.522801
0.521578
0.509569
0.510246
0.509101
0.510259
0.501337
0.551142
0.515876
0.545512
0.510457
0.499299
0.49983
0.507248
0.516825
0.515105
0.500743
0.503549
0.504998
0.513353
0.520447
0.521626
0.528064
0.528412
0.51136
0.513423
0.511821
0.506046
0.49963
0.504032
0.507586
0.507884
0.517414
0.538509
0.544254
0.520764
0.519967
0.511887
0.514855
0.506907
0.525534
0.506121
0.506949
0.527658
0.529161
0.535541
0.520525
0.520051
0.51346
0.518099
0.515476
0.526453
0.505394
0.52823
0.640779
0.668152
0.529349
0.529143
0.52651
0.52738
0.525079
0.522382
0.524157
0.533132
0.544342
0.525923
0.510222
0.513383
0.49281
0.505519
0.514291
0.517577
0.507578
0.508347
0.510313
0.513198
0.506719
0.533064
0.532621
0.607172
0.503052
0.502136
0.499198
0.508953
0.535378
0.513947
0.504701
0.502561
0.51415
0.51362
0.569759
0.509481
0.519103
0.521926
0.52094
0.519671
0.518649
0.526205
0.529423
0.529407
0.531031
0.528681
0.523199
0.526979
0.532768
0.530785
0.526406
0.517427
0.519981
0.501966
0.506959
0.510298
0.50864
0.511679
0.51881
0.517391
0.518084
0.52163
0.521625
0.512373
0.517298
0.518076
0.514393
0.510797
0.508677
0.522486
0.545307
0.547384
0.553738
0.511292
0.504829
0.519855
0.518277
0.518289
0.51253
0.511165
0.505505
0.680062
0.672278
0.527541
0.527642
0.509206
0.510976
0.511708
0.523286
0.816223
0.826007
0.506835
0.61742
0.588268
0.588428
0.73304
0.593091
0.500667
0.520934
0.542788
0.520356
0.528282
0.529042
0.528023
0.528229
0.514224
0.508741
0.527645
0.522609
0.502356
0.50483
0.513887
0.514023
0.528948
0.52918
0.501457
0.496256
0.515114
0.53885
0.534843
0.524359
0.521192
0.509189
0.508373
0.518777
0.517705
0.519949
0.515844
0.512429
0.516038
0.507769
0.501362
0.500632
0.503227
0.492813
0.504487
0.497781
0.544889
0.56649
0.499889
0.528452
0.527425
0.526058
0.576616
0.588543
0.511661
0.50996
0.512695
0.520414
0.51758
0.524157
0.504958
0.557643
0.560356
0.507727
0.507624
0.503812
0.526257
0.516726
0.505272
0.516073
0.509209
0.514051
0.502084
0.50709
0.50433
0.778638
0.510627
0.503391
0.509555
0.499961
0.53909
0.507442
0.500282
0.500653
0.511791
0.50738
0.611404
0.505799
0.504866
0.504478
0.516856
0.513657
0.509041
0.519711
0.547628
0.506492
0.518348
0.517754
0.514434
0.525047
0.50905
0.516676
0.510955
0.508178
0.509552
0.534469
0.518151
0.518513
0.519327
0.535912
0.53559
0.533763
0.513921
0.522456
0.519226
0.51459
0.512899
0.516298
0.50882
0.529835
0.53263
0.512479
0.508346
0.512899
0.515443
0.514113
0.51345
0.514393
0.513382
0.525645
0.525451
0.51983
0.516972
0.508242
0.564511
0.585399
0.504753
0.5088
0.515274
0.50819
0.505637
0.513282
0.513053
0.50542
0.508803
0.518108
0.51907
0.515067
0.512009
0.565093
0.566247
0.614232
0.50236
0.514798
0.516749
0.517765
0.50464
0.509126
0.532882
0.511349
0.531781
0.513009
0.527642
0.524931
0.517408
0.521931
0.52092
0.523691
0.523064
0.506465
0.507453
0.508511
0.602381
0.515153
0.521432
0.514233
0.512665
0.521639
0.519761
0.525378
0.514431
0.51338
0.519089
0.516178
0.517328
0.53429
0.535243
0.503928
0.508031
0.509059
0.510946
0.517542
0.516988
0.553302
0.497829
0.502846
0.516124
0.516644
0.695237
0.709522
0.800506
0.790162
0.52184
0.524032
0.523646
0.519767
0.520488
0.523811
0.532641
0.511635
0.513381
0.537265
0.536413
0.532864
0.54349
0.539841
0.528041
0.519267
0.516781
0.523195
0.524152
0.522777
0.519315
0.521588
0.511911
0.517722
0.511808
0.509963
0.529558
0.507738
0.504105
0.503345
0.498684
0.502836
0.522344
0.544845
0.535124
0.517646
0.505889
0.523959
0.524258
0.504422
0.502275
0.520378
0.518511
0.502876
0.517418
0.511939
0.51009
0.506913
0.784608
0.80015
0.503961
0.52022
0.522313
0.498357
0.504601
0.502337
0.807225
0.538005
0.508457
0.512344
0.506414
0.520599
0.517763
0.748577
0.511336
0.513041
0.508223
0.503894
0.522244
0.516963
0.515132
0.506041
0.509519
0.588537
0.494466
0.518478
0.519135
0.511542
0.514955
0.502483
0.508502
0.500147
0.527227
0.50851
0.507443
0.510052
0.510607
0.499424
0.520606
0.517111
0.513968
0.500813
0.502172
0.501508
0.505904
0.506622
0.514881
0.511496
0.518298
0.517993
0.502597
0.512345
0.504121
0.494996
0.684473
0.534494
0.510596
0.515963
0.524998
0.511486
0.513509
0.515574
0.61561
0.724959
0.50706
0.519608
0.5225
0.528545
0.526525
0.525211
0.512148
0.510194
0.521345
0.529152
0.527403
0.520728
0.521854
0.507122
0.525915
0.525689
0.509711
0.541111
0.647742
0.514319
0.503346
0.493817
0.499367
0.51651
0.521967
0.499964
0.509467
0.521451
0.52266
0.789276
0.691549
0.538159
0.604898
0.595069
0.627312
0.529702
0.516319
0.521472
0.51547
0.663097
0.509037
0.509227
0.534024
0.52857
0.53121
0.519453
0.519653
0.526985
0.522575
0.527703
0.499841
0.519586
0.510759
0.510392
0.512922
0.508849
0.510474
0.515711
0.519017
0.517449
0.508981
0.529029
0.507131
0.785083
0.50983
0.509056
0.596695
0.526408
0.499282
0.503821
0.506991
0.510159
0.520803
0.515536
0.627692
0.662038
0.528865
0.506806
0.530731
0.530051
0.532283
0.526945
0.525415
0.523994
0.516193
0.512823
0.512576
0.5128
0.738139
0.641515
0.638279
0.520089
0.520278
0.506385
0.517575
0.516578
0.519704
0.516952
0.516378
0.502544
0.505181
0.520587
0.512286
0.521205
0.516988
0.508749
0.528658
0.496271
0.741544
0.555145
0.49984
0.505254
0.51293
0.534193
0.520897
0.540316
0.513288
0.522456
0.522045
0.521817
0.494258
0.524398
0.522164
0.525996
0.506757
0.510256
0.50497
0.509081
0.512571
0.508461
0.495938
0.528398
0.501885
0.505259
0.538641
0.535899
0.506796
0.5055
0.517882
0.512857
0.527613
0.523115
0.518227
0.723696
0.727201
0.499339
0.504695
0.504963
0.508751
0.524942
0.51864
0.493573
0.506966
0.511416
0.510019
0.516912
0.506581
0.501858
0.720396
0.513499
0.513953
0.514799
0.525897
0.528572
0.567816
0.559668
0.528277
0.529899
0.51458
0.515451
0.532338
0.532372
0.511593
0.514063
0.53108
0.505534
0.518502
0.50902
0.511337
0.763265
0.748286
0.528432
0.528377
0.526404
0.581943
0.512673
0.515237
0.77061
0.520158
0.521946
0.511178
0.505644
0.515801
0.518398
0.518818
0.514206
0.516824
0.520791
0.5062
0.541446
0.516347
0.515785
0.521249
0.514163
0.512604
0.528719
0.503807
0.504722
0.503607
0.504965
0.525678
0.523296
0.523391
0.52338
0.512674
0.510292
0.509676
0.725102
0.515823
0.530945
0.500078
0.533549
0.531275
0.508787
0.512164
0.509188
0.513182
0.515536
0.534974
0.516474
0.510748
0.504313
0.507437
0.507954
0.507698
0.525135
0.527839
0.525122
0.528766
0.529021
0.515963
0.519167
0.50249
0.520827
0.527905
0.5236
0.653828
0.780427
0.506131
0.594475
0.509979
0.509321
0.509595
0.509399
0.51585
0.529813
0.532289
0.526801
0.537439
0.506347
0.521007
0.509753
0.503092
0.512442
0.529131
0.524529
0.503773
0.517638
0.526084
0.525643
0.523066
0.517038
0.516231
0.516411
0.516729
0.508067
0.504182
0.503719
0.515885
0.519111
0.534699
0.536279
0.502618
0.540102
0.514088
0.515288
0.517335
0.523602
0.51053
0.519062
0.501769
0.51253
0.515757
0.537322
0.529874
0.531298
0.531829
0.525521
0.522771
0.532449
0.525085
0.525113
0.506865
0.509423
0.502965
0.782539
0.513086
0.493548
0.502121
0.50823
0.512396
0.51012
0.526463
0.52929
0.539378
0.522402
0.525066
0.523875
0.524324
0.495636
0.519295
0.513728
0.500114
0.505209
0.52102
0.554047
0.540797
0.53457
0.533553
0.527492
0.526742
0.502099
0.518766
0.515072
0.50206
0.501353
0.521757
0.510882
0.515198
0.509842
0.51039
0.505984
0.50505
0.50543
0.507151
0.501421
0.497341
0.508768
0.513997
0.518
0.501488
0.49886
0.52248
0.506878
0.507483
0.507525
0.532973
0.521909
0.523453
0.498082
0.533544
0.513378
0.515579
0.514149
0.505427
0.502246
0.508781
0.72197
0.499066
0.597075
0.515769
0.519911
0.647524
0.688175
0.518902
0.515251
0.504932
0.506603
0.506644
0.503372
0.504897
0.50397
0.533449
0.526859
0.578291
0.778983
0.507346
0.504718
0.507362
0.512859
0.509256
0.535998
0.507561
0.50733
0.525895
0.793099
0.513502
0.51021
0.508185
0.506368
0.50778
0.501324
0.521608
0.498344
0.515609
0.51946
0.522831
0.50253
0.530235
0.51219
0.494059
0.506315
0.518732
0.525219
0.510644
0.797477
0.509255
0.51097
0.502953
0.507071
0.532837
0.497172
0.514416
0.510711
0.508391
0.531068
0.523668
0.730922
0.528737
0.533274
0.510107
0.504998
0.517528
0.519107
0.519527
0.530834
0.794405
0.527319
0.502812
0.509556
0.494712
0.499521
0.496952
0.658153
0.516547
0.507285
0.532076
0.517734
0.51465
0.561466
0.578312
0.54312
0.540691
0.670332
0.492416
0.536838
0.497513
0.498215
0.506249
0.530863
0.530302
0.508048
0.506345
0.517917
0.522444
0.504311
0.503687
0.519764
0.556848
0.528961
0.52081
0.528614
0.527377
0.507373
0.506331
0.504922
0.524172
0.524387
0.522694
0.513781
0.511473
0.530993
0.507379
0.504443
0.525734
0.513789
0.513383
0.520561
0.513927
0.513908
0.515328
0.495038
0.507107
0.499183
0.511348
0.530979
0.533232
0.503437
0.530336
0.52078
0.540168
0.529954
0.506635
0.515293
0.511077
0.513168
0.517374
0.533323
0.801454
0.537128
0.518944
0.521031
0.495973
0.495347
0.511217
0.549168
0.494625
0.527836
0.501755
0.500771
0.50933
0.536506
0.524854
0.515381
0.530963
0.530463
0.565213
0.562762
0.51858
0.522736
0.542094
0.504426
0.508963
0.523592
0.521168
0.499068
0.528849
0.512595
0.559233
0.545892
0.509613
0.505706
0.503539
0.512697
0.529644
0.528069
0.52413
0.525252
0.531912
0.513189
0.513671
0.498138
0.526514
0.517632
0.517295
0.508236
0.523456
0.722152
0.501069
0.538845
0.543526
0.506953
0.502061
0.514153
0.509247
0.575021
0.558569
0.511729
0.519367
0.516826
0.517664
0.49927
0.530033
0.526196
0.527652
0.511864
0.528073
0.507177
0.505628
0.508775
0.512678
0.515362
0.517091
0.535033
0.534281
0.517918
0.517009
0.501282
0.503917
0.507077
0.538483
0.516499
0.535521
0.676709
0.518463
0.511012
0.509988
0.509327
0.507162
0.515774
0.556412
0.569195
0.578632
0.523438
0.524456
0.502536
0.503844
0.505793
0.514255
0.650405
0.587833
0.536874
0.504796
0.499911
0.519972
0.507646
0.512524
0.515104
0.521301
0.523782
0.502372
0.513275
0.529906
0.892475
0.527623
0.507765
0.505189
0.512717
0.528904
0.527292
0.52927
0.53227
0.509716
0.539744
0.503861
0.509059
0.512661
0.540744
0.540115
0.533522
0.525169
0.5303
0.529107
0.530524
0.506322
0.521929
0.505062
0.506083
0.536763
0.505585
0.522566
0.676049
0.502528
0.554828
0.510806
0.508586
0.506389
0.506256
0.505734
0.507183
0.515373
0.512508
0.502414
0.517115
0.512951
0.494246
0.504797
0.519232
0.519294
0.560484
0.507026
0.505066
0.593937
0.502123
0.507035
0.505538
0.531683
0.555506
0.515513
0.520371
0.517669
0.525485
0.505283
0.561339
0.493961
0.545278
0.524947
0.527386
0.516846
0.508774
0.509643
0.491676
0.501404
0.509862
0.516595
0.505069
0.516132
0.571386
0.574943
0.523829
0.519735
0.506338
0.506889
0.507977
0.512703
0.513301
0.530591
0.536951
0.523624
0.498645
0.505712
0.505909
0.527893
0.530463
0.531553
0.511742
0.506393
0.519173
0.512857
0.511735
0.497484
0.534776
0.504538
0.500233
0.535703
0.529217
0.517253
0.513872
0.505603
0.525196
0.518719
0.586375
0.526287
0.830985
0.507334
0.500258
0.96963
0.641614
0.638039
0.518058
0.51167
0.578714
0.510843
0.521414
0.567008
0.525823
0.509366
0.520961
0.517809
0.510191
0.50685
0.513257
0.513276
0.52609
0.515378
0.5099
0.521941
0.510292
0.510795
0.514572
0.504694
0.491111
0.531995
0.515872
0.512313
0.508043
0.507643
0.509019
0.520286
0.518783
0.531656
0.516469
0.500869
0.505991
0.611559
0.516996
0.518409
0.518436
0.512728
0.535604
0.504492
0.53571
0.512613
0.508836
0.688722
0.500694
0.531423
0.509897
0.503715
0.499502
0.520425
0.515251
0.510633
0.522179
0.523976
0.529657
0.522366
0.495532
0.556946
0.551778
0.690223
0.525562
0.515834
0.510475
0.509018
0.515999
0.50665
0.508014
0.545148
0.541606
0.513775
0.514725
0.543661
0.505588
0.503613
0.511919
0.511947
0.515715
0.516319
0.514345
0.496559
0.574344
0.512304
0.512448
0.518723
0.526791
0.531596
0.504493
0.511462
0.5184
0.517856
0.509594
0.498226
0.524804
0.510686
0.500291
0.519021
0.510541
0.508132
0.529236
0.520286
0.532248
0.53322
0.50977
0.503444
0.751228
0.59751
0.508435
0.526202
0.509147
0.529383
0.514493
0.525993
0.516524
0.526166
0.51074
0.508353
0.505554
0.642765
0.515508
0.501958
0.558266
0.508433
0.552784
0.546213
0.507184
0.535086
0.51148
0.510711
0.502037
0.556089
0.496529
0.499261
0.51328
0.503653
0.52523
0.510525
0.506323
0.505007
0.503359
0.52583
0.502598
0.531788
0.519915
0.512286
0.51482
0.510699
0.629952
0.530719
0.499247
0.530016
0.500573
0.535227
0.522223
0.510572
0.513037
0.513429
0.679913
0.596097
0.545569
0.588198
0.795516
0.528427
0.520926
0.516853
0.520559
0.503428
0.511502
0.51431
0.507067
0.521351
0.5056
0.509885
0.498399
0.783033
0.502565
0.521635
0.50551
0.51993
0.514281
0.518261
0.513853
0.536726
0.512479
0.513177
0.506104
0.521936
0.528828
0.528282
0.499112
0.512971
0.509647
0.505015
0.565473
0.518195
0.535693
0.533666
0.532796
0.514447
0.511314
0.513339
0.506399
0.505037
0.537177
0.510667
0.588996
0.525412
0.558552
0.514386
0.517284
0.515204
0.496057
0.495647
0.508518
0.652617
0.51096
0.508311
0.689403
0.515653
0.538863
0.52725
0.509407
0.525286
0.50937
0.50988
0.514677
0.519421
0.513848
0.507423
0.529034
0.539307
0.525324
0.520806
0.503352
0.513414
0.51869
0.529537
0.611448
0.50322
0.501317
0.505674
0.502136
0.520386
0.531364
0.55474
0.508967
0.511192
0.502794
0.516577
0.511498
0.494336
0.515475
0.497364
0.524895
0.49819
0.550877
0.503214
0.52317
0.499687
0.522226
0.517518
0.521659
0.508846
0.504834
0.514017
0.525505
0.513371
0.521473
0.513729
0.527783
0.502144
0.534456
0.514568
0.516239
0.510281
0.509813
0.499484
0.556252
0.506981
0.504075
0.504386
0.529545
0.504213
0.50985
0.505925
0.508976
0.528986
0.574045
0.511231
0.531393
0.505653
0.525444
0.512704
0.52135
0.527917
0.545448
0.519607
0.51572
0.517969
0.62767
0.568179
0.514491
0.507551
0.498933
0.503274
0.521467
0.501776
0.530358
0.508553
0.525554
0.529258
0.527813
0.507696
0.518031
0.522894
0.528243
0.52794
0.503237
0.518375
0.518843
0.521561
0.542677
0.508527
0.518784
0.536819
0.522471
0.52266
0.522855
0.529951
0.525032
0.559838
0.522235
0.555798
0.515071
0.548396
0.50667
0.52816
0.509108
0.515247
0.519562
0.517223
0.517975
0.503624
0.513607
0.507633
0.632456
0.513111
0.516032
0.495709
0.504595
0.519278
0.528707
0.54382
0.513012
0.513136
0.51596
0.509401
0.524771
0.508491
0.535218
0.523926
0.519034
0.521375
0.579509
0.517398
0.513366
0.526475
0.518384
0.526091
0.5192
0.559447
0.525792
0.524489
0.499024
0.502939
0.514491
0.517718
0.523684
0.529426
0.519049
0.530757
0.505003
0.529888
0.521482
0.507456
0.51767
0.52093
0.776116
0.529503
0.529292
0.514457
0.526349
0.528179
0.522606
0.503503
0.500665
0.502083
0.501639
0.532289
0.517071
0.652027
0.498253
0.527083
0.530076
0.518636
0.520293
0.538286
0.504292
0.529549
0.506258
0.602279
0.518204
0.524096
0.514485
0.593125
0.522011
0.517367
0.515311
0.516296
0.526804
0.526517
0.512644
0.523762
0.508583
0.525305
0.516712
0.51441
0.554116
0.503346
0.522104
0.520994
0.56238
0.513663
0.683566
0.520826
0.51298
0.515707
0.51008
0.531346
0.513604
0.497981
0.530609
0.522807
0.516945
0.59298
0.694922
0.701283
0.505037
0.519427
0.540148
0.518959
0.505039
0.519874
0.507537
0.509745
0.532285
0.535268
0.5293
0.546521
0.524598
0.515763
0.544352
0.530276
0.519262
0.515838
0.501514
0.512161
0.512794
0.509616
0.514905
0.524082
0.506524
0.515697
0.533743
0.516959
0.524217
0.522373
0.509931
0.512005
0.513229
0.534588
0.599361
0.507842
0.505238
0.518883
0.527468
0.51073
0.528238
0.518424
0.524808
0.66588
0.537381
0.53162
0.529108
0.51837
0.536964
0.518197
0.519061
0.536754
0.541932
0.540884
0.641362
0.513461
0.52239
0.529869
0.497006
0.511419
0.553975
0.535777
0.528281
0.531715
0.520075
0.516023
0.531869
0.514027
0.511348
0.518167
0.520272
0.527724
0.52325
0.525293
0.518944
0.665274
0.52365
0.538585
0.525294
0.508951
0.527237
0.512606
0.530756
0.53429
0.530726
0.533467
0.506972
0.511292
0.498221
0.549571
0.543973
0.526619
0.51921
0.505871
0.507767
0.511531
0.592962
0.524392
0.517985
0.509574
0.508149
0.507286
0.611408
0.516399
0.504752
0.503125
0.502786
0.504148
0.506704
0.520559
0.521785
0.531907
0.569461
0.530626
0.53707
0.515301
0.531051
0.509381
0.505045
0.508296
0.521891
0.524929
0.507733
0.525906
0.561184
0.560802
0.563627
0.506659
0.53404
0.666569
0.516913
0.515666
0.609008
0.535564
0.55604
0.765572
0.685984
0.506572
0.507126
0.521054
0.51887
0.517357
0.528337
0.903705
0.511341
0.52102
0.515535
0.518422
0.517618
0.520876
0.517477
0.536745
0.496537
0.512714
0.524538
0.523623
0.512547
0.511412
0.514173
0.520439
0.523754
0.520296
0.527906
0.518813
0.510956
0.51459
0.51379
0.518653
0.522653
0.507888
0.505691
0.510901
0.506249
0.503153
0.512607
0.528084
0.511375
0.572974
0.509184
0.527117
0.567089
0.507552
0.510386
0.519854
0.516308
0.533844
0.512302
0.516851
0.515486
0.508523
0.507624
0.517635
0.520677
0.55133
0.52449
0.693477
0.534265
0.509849
0.508134
0.514074
0.512013
0.5005
0.677345
0.51858
0.535967
0.522057
0.518099
0.518864
0.546405
0.525383
0.523207
0.541198
0.522203
0.52827
0.510265
0.516864
0.527039
0.658007
0.513648
0.513319
0.513482
0.504007
0.521476
0.506741
0.504114
0.527927
0.507068
0.512687
0.525409
0.52767
0.518701
0.536953
0.514313
0.519664
0.501891
0.530819
0.495828
0.516322
0.525983
0.514627
0.526087
0.521934
0.547769
0.518383
0.520245
0.529715
0.590698
0.501139
0.516525
0.515985
0.605414
0.51185
0.520725
0.52991
0.513049
0.507789
0.526289
0.520972
0.515828
0.538314
0.536312
0.525005
0.521201
0.506595
0.52533
0.532129
0.520862
0.573535
0.5416
0.516522
0.517568
0.529058
0.520847
0.522415
0.514698
0.509679
0.49625
0.509134
0.515526
0.508629
0.50813
0.514692
0.586073
0.522004
0.62899
0.519034
0.51717
0.5691
0.516773
0.52774
0.53001
0.517622
0.512709
0.584206
0.516439
0.511779
0.499889
0.506747
0.52169
0.530517
0.576678
0.543197
0.516773
0.536847
0.519566
0.522818
0.498261
0.537652
0.519748
0.525051
0.519942
0.530206
0.517088
0.499886
0.504267
0.507034
0.497624
0.523965
0.519488
0.509871
0.520541
0.50854
0.500983
0.514687
0.524544
0.503925
0.519652
0.50507
0.513265
0.509925
0.517406
0.485441
0.503528
0.514718
0.531383
0.538976
0.53162
0.500469
0.554432
0.502159
0.513449
0.510858
0.509326
0.507554
0.515002
0.507873
0.505396
0.508599
0.543372
0.507025
0.510745
0.496847
0.517905
0.53436
0.509907
0.514334
0.517479
0.532574
0.508025
0.505261
0.515328
0.50292
0.511937
0.523495
0.516611
0.783199
0.520151
0.514578
0.503218
0.561958
0.523965
0.540026
0.502099
0.581106
0.527134
0.513951
0.504335
0.53532
0.501813
0.519943
0.508973
0.511213
0.518667
0.525711
0.500882
0.5261
0.506975
0.517965
0.506503
0.51325
0.516193
0.734272
0.526505
0.524223
0.516368
0.510519
0.534127
0.535189
0.520662
0.536932
0.508541
0.559712
0.528018
0.530246
0.529184
0.533699
0.742307
0.513521
0.527473
0.507274
0.505126
0.540606
0.542292
0.520012
0.532669
0.510322
0.519632
0.526245
0.54847
0.509891
0.533525
0.512224
0.521011
0.517614
0.509053
0.52716
0.511509
0.517542
0.513577
0.505714
0.514276
0.596658
0.508931
0.519824
0.514166
0.50601
0.538687
0.529876
0.504656
0.529272
0.513932
0.506152
0.509261
0.535405
0.518058
0.505622
0.510597
0.535914
0.589411
0.505819
0.517716
0.504937
0.511672
0.531571
0.507075
0.502857
0.523477
0.500692
0.528177
0.532536
0.553931
0.531603
0.513536
0.513832
0.551882
0.509854
0.518294
0.518972
0.54404
0.527018
0.524196
0.521338
0.518373
0.521025
0.53209
0.523366
0.507668
0.522175
0.545398
0.517061
0.517326
0.519072
0.533318
0.511565
0.518973
0.509255
0.503127
0.52558
0.520597
0.518615
0.524382
0.535193
0.534195
0.519297
0.514897
0.521919
0.678615
0.519558
0.518795
0.499515
0.502469
0.659387
0.508952
0.519488
0.505643
0.506895
0.50097
0.515704
0.531464
0.50477
0.516154
0.511871
0.530124
0.519729
0.506826
0.519348
0.512223
0.517135
0.508673
0.510873
0.492866
0.637363
0.517073
0.536574
0.524411
0.520444
0.516414
0.531983
0.537332
0.510036
0.515239
0.621843
0.515781
0.520854
0.597084
0.515567
0.516452
0.523554
0.515129
0.523543
0.511707
0.505399
0.524296
0.520611
0.639929
0.52023
0.510783
0.502804
0.525085
0.518976
0.523769
0.546376
0.49804
0.506894
0.567723
0.53474
0.523867
0.581913
0.521643
