0.532377
0.528697
0.515449
0.508616
0.507513
0.506585
0.504656
0.520145
0.519489
0.521233
0.51881
0.5138
0.515209
0.549235
0.48779
0.494172
0.525164
0.527395
0.528678
0.65553
0.523102
0.535323
0.499055
0.509196
0.499159
0.518255
0.515585
0.684345
0.731012
0.78646
0.506362
0.505803
0.54009
0.509228
0.511578
0.509884
0.511005
0.783827
0.509739
0.513787
0.556257
0.547261
0.561849
0.578039
0.522407
0.520917
0.517849
0.716754
0.511402
0.514312
0.512829
0.507051
0.510231
0.532355
0.523726
0.526803
0.517021
0.52277
0.558956
0.506768
0.507147
0.503837
0.503954
0.509085
0.530044
0.526922
0.528909
0.526446
0.521019
0.516561
0.511105
0.526357
0.531614
0.53116
0.499102
0.517937
0.516636
0.522388
0.517127
0.520918
0.554138
0.502732
0.503413
0.496233
0.500647
0.501792
0.528285
0.500229
0.505138
0.51498
0.525547
0.524765
0.50444
0.504394
0.504554
0.50336
0.503692
0.516062
0.516919
0.519168
0.645249
0.637464
0.606876
0.738948
0.50683
0.505975
0.508393
0.515553
0.525952
0.527986
0.713804
0.814021
0.522333
0.522681
0.523261
0.510523
0.510803
0.516204
0.516442
0.529765
0.521717
0.507581
0.519792
0.537241
0.530927
0.499262
0.525477
0.510757
0.525763
0.524517
0.50609
0.524724
0.51739
0.515572
0.530436
0.534137
0.519925
0.506576
0.507508
0.519608
0.510948
0.517628
0.522155
0.519193
0.514061
0.506983
0.503309
0.504313
0.523301
0.523231
0.507823
0.528788
0.525651
0.511174
0.514663
0.538306
0.639975
0.623954
0.513549
0.512602
0.516777
0.514022
0.51527
0.663787
0.755148
0.634377
0.513752
0.507267
0.525882
0.527672
0.531181
0.511823
0.519959
0.549848
0.563109
0.503159
0.525833
0.524903
0.525215
0.545387
0.559082
0.554175
0.520831
0.521801
0.514907
0.506407
0.516206
0.514877
0.519232
0.502109
0.507439
0.499371
0.517274
0.514447
0.625804
0.629025
0.591169
0.491261
0.489282
0.515177
0.513309
0.512467
0.53454
0.538721
0.531596
0.507681
0.50914
0.51181
0.506979
0.505708
0.532304
0.672619
0.540179
0.530565
0.52475
0.514771
0.510588
0.513722
0.505343
0.507239
0.505133
0.511575
0.507623
0.523464
0.49872
0.500278
0.51574
0.517056
0.510527
0.513745
0.525822
0.527676
0.526823
0.49936
0.499027
0.519905
0.516982
0.523904
0.520862
0.502129
0.509998
0.513927
0.509586
0.510009
0.539908
0.548412
0.55202
0.495638
0.505933
0.508866
0.505387
0.503493
0.508501
0.512879
0.511743
0.514456
0.536559
0.531986
0.530139
0.534826
0.510619
0.500387
0.499511
0.505063
0.508396
0.503017
0.498013
0.526651
0.538482
0.506572
0.522938
0.51671
0.524443
0.518732
0.510288
0.508623
0.527366
0.505072
0.506647
0.510583
0.530372
0.526591
0.527932
0.524938
0.513029
0.514304
0.515739
0.518864
0.517695
0.554599
0.529749
0.644457
0.674552
0.654338
0.53288
0.525271
0.521583
0.52045
0.500759
0.519655
0.523616
0.531593
0.507977
0.522399
0.518995
0.519689
0.490228
0.503445
0.507963
0.515672
0.534776
0.540415
0.61988
0.503229
0.544911
0.507977
0.50529
0.508978
0.536814
0.53504
0.502571
0.502576
0.501298
0.509531
0.506927
0.516289
0.517479
0.517824
0.517044
0.51221
0.529536
0.534852
0.541856
0.526676
0.529112
0.52791
0.531329
0.531418
0.513778
0.518536
0.518907
0.52206
0.52062
0.516027
0.508015
0.505277
0.502534
0.55217
0.561074
0.514973
0.520293
0.511476
0.510842
0.510615
0.517675
0.521503
0.517364
0.520306
0.515163
0.517381
0.518949
0.524544
0.902062
0.51392
0.513224
0.523436
0.536309
0.525402
0.515566
0.516501
0.504809
0.511825
0.511758
0.510952
0.60373
0.647198
0.524711
0.523281
0.533373
0.510367
0.509821
0.602984
0.533526
0.508531
0.61543
0.627264
0.674462
0.658009
0.654197
0.501422
0.569928
0.50905
0.529015
0.527917
0.528775
0.523973
0.528924
0.530109
0.512463
0.506303
0.50392
0.527094
0.589247
0.614019
0.574001
0.523251
0.520641
0.507066
0.531515
0.502383
0.50697
0.508113
0.521954
0.522861
0.518732
0.518948
0.521762
0.511593
0.501283
0.500711
0.506006
0.502058
0.505904
0.503935
0.552009
0.578482
0.563093
0.5059
0.526299
0.591483
0.604165
0.50957
0.520046
0.565913
0.518508
0.519148
0.506311
0.510474
0.535226
0.52339
0.500696
0.504279
0.503212
0.504821
0.510062
0.503826
0.499002
0.49928
0.496052
0.518284
0.651539
0.503735
0.504007
0.512908
0.530176
0.534489
0.511316
0.507394
0.564015
0.507698
0.499375
0.50014
0.521011
0.519836
0.510594
0.514219
0.500283
0.520759
0.510219
0.556446
0.506219
0.523144
0.527505
0.515092
0.527163
0.519514
0.510558
0.544616
0.539348
0.51888
0.515844
0.51964
0.523778
0.530146
0.533362
0.523781
0.519385
0.51726
0.521867
0.518735
0.511947
0.509634
0.510636
0.528758
0.529496
0.508612
0.505084
0.507486
0.504498
0.502014
0.510822
0.508341
0.529988
0.501671
0.506079
0.507628
0.504195
0.514706
0.525945
0.527289
0.519192
0.518333
0.526813
0.515057
0.586732
0.525293
0.51053
0.508762
0.509151
0.513889
0.504562
0.497947
0.520308
0.517064
0.521459
0.528219
0.512659
0.516316
0.504958
0.615896
0.507588
0.506047
0.505304
0.518098
0.52531
0.521047
0.509318
0.532782
0.510467
0.505829
0.528951
0.509941
0.50623
0.5088
0.509952
0.516055
0.519954
0.523305
0.501413
0.501472
0.50613
0.508203
0.505524
0.514924
0.511236
0.512407
0.511337
0.513456
0.504314
0.52409
0.526356
0.519889
0.51994
0.522551
0.529914
0.528368
0.537023
0.508518
0.509848
0.526933
0.517728
0.548752
0.497953
0.502067
0.515421
0.621437
0.608016
0.511312
0.529794
0.52601
0.526778
0.529164
0.49796
0.531491
0.52535
0.532729
0.502091
0.509947
0.519624
0.518015
0.516777
0.515967
0.514176
0.517751
0.534851
0.525915
0.517237
0.506464
0.510403
0.509241
0.508092
0.505503
0.499378
0.522595
0.532941
0.540206
0.516807
0.545945
0.540819
0.510076
0.509091
0.51119
0.503458
0.503291
0.504095
0.503113
0.515052
0.490637
0.488749
0.517673
0.526646
0.527411
0.511492
0.508179
0.509318
0.520356
0.521368
0.502088
0.524328
0.514808
0.508434
0.613168
0.542956
0.502072
0.61182
0.511935
0.507595
0.518737
0.777723
0.849564
0.509722
0.506732
0.517138
0.519561
0.517128
0.516701
0.509207
0.511619
0.75972
0.708933
0.630771
0.5177
0.5221
0.507263
0.508327
0.523063
0.615542
0.506308
0.507707
0.504572
0.49912
0.526964
0.51103
0.506876
0.512287
0.520843
0.51952
0.515227
0.518276
0.827021
0.518353
0.50054
0.490768
0.488082
0.525852
0.526683
0.504184
0.504345
0.500016
0.506718
0.502372
0.491246
0.514589
0.516534
0.517758
0.502151
0.497039
0.509969
0.510546
0.508074
0.505855
0.504814
0.498128
0.514519
0.601933
0.589513
0.50767
0.506292
0.502327
0.502675
0.52296
0.523926
0.506821
0.530258
0.523319
0.510498
0.525037
0.521813
0.506265
0.525448
0.523322
0.517419
0.495338
0.513468
0.524951
0.52277
0.50811
0.617921
0.516945
0.517313
0.520452
0.518854
0.493611
0.55654
0.544789
0.509
0.514027
0.517813
0.677435
0.623528
0.540869
0.727321
0.529768
0.528737
0.51306
0.516344
0.515466
0.628458
0.508092
0.508282
0.505086
0.52969
0.527706
0.507238
0.528557
0.530518
0.534545
0.519548
0.521057
0.516705
0.514567
0.52458
0.525495
0.510411
0.509557
0.50066
0.503012
0.514832
0.521347
0.525417
0.511724
0.513147
0.514246
0.514795
0.513198
0.518624
0.527969
0.506599
0.510488
0.522649
0.51288
0.502257
0.521938
0.763173
0.656669
0.49687
0.485431
0.49154
0.506538
0.504318
0.604527
0.499836
0.527705
0.526958
0.528608
0.518442
0.515964
0.520183
0.516792
0.643916
0.679543
0.514084
0.504087
0.507318
0.515783
0.517609
0.502032
0.506212
0.805321
0.733243
0.51632
0.520623
0.517743
0.519581
0.517022
0.520976
0.518509
0.500426
0.506264
0.526059
0.529079
0.52738
0.597027
0.558038
0.507249
0.512535
0.511595
0.55311
0.50532
0.512309
0.519382
0.524203
0.495807
0.491151
0.540374
0.523109
0.522534
0.514661
0.509784
0.500324
0.52202
0.524598
0.517065
0.519369
0.506339
0.504775
0.507495
0.5213
0.502274
0.511716
0.535001
0.535046
0.508219
0.508748
0.505475
0.521424
0.515369
0.516018
0.598114
0.495572
0.499725
0.501197
0.504049
0.527533
0.521346
0.505442
0.512587
0.51753
0.515356
0.521535
0.50908
0.506245
0.508529
0.657776
0.505285
0.511478
0.533992
0.529884
0.501636
0.514428
0.512998
0.534454
0.603309
0.508254
0.512816
0.523288
0.509327
0.518317
0.512234
0.823662
0.522814
0.521653
0.501628
0.578003
0.515351
0.513816
0.519616
0.519436
0.520391
0.501674
0.51143
0.512765
0.516495
0.519026
0.516146
0.515011
0.595291
0.505292
0.513065
0.518054
0.525338
0.510685
0.509004
0.505321
0.506707
0.505936
0.522981
0.52749
0.527904
0.512524
0.515282
0.503485
0.667054
0.51772
0.532611
0.526217
0.532714
0.50716
0.51044
0.53218
0.539783
0.510193
0.50853
0.50991
0.5223
0.49801
0.673469
0.509813
0.520441
0.529491
0.529828
0.52916
0.516275
0.501065
0.50226
0.52733
0.525843
0.515133
0.519073
0.513861
0.520981
0.499527
0.51818
0.511736
0.512005
0.512481
0.513647
0.710179
0.506105
0.671529
0.507688
0.507796
0.511833
0.805661
0.52798
0.525822
0.523034
0.528059
0.530499
0.509138
0.508842
0.506875
0.529128
0.751552
0.516303
0.532653
0.530054
0.516022
0.504137
0.516038
0.515777
0.504929
0.506042
0.51559
0.501219
0.54458
0.51409
0.513451
0.520497
0.515796
0.516174
0.511966
0.50588
0.519047
0.519131
0.498684
0.514574
0.514342
0.514777
0.530626
0.528839
0.522546
0.529732
0.49828
0.505596
0.531212
0.524844
0.529073
0.509728
0.500822
0.499308
0.497946
0.49977
0.507654
0.50732
0.515118
0.551108
0.530994
0.523533
0.52976
0.512953
0.518556
0.523796
0.52798
0.548894
0.53664
0.530709
0.52679
0.523703
0.515602
0.511621
0.509679
0.507893
0.505091
0.524019
0.521734
0.512637
0.496791
0.507912
0.509433
0.514997
0.518033
0.512821
0.496832
0.5029
0.509817
0.508024
0.52045
0.523919
0.500359
0.518774
0.519918
0.50883
0.50628
0.506088
0.530282
0.512228
0.505776
0.509595
0.509825
0.498499
0.528853
0.514852
0.511919
0.513592
0.511211
0.509786
0.5133
0.501608
0.528355
0.517435
0.527804
0.592589
0.516089
0.511712
0.52415
0.506088
0.501458
0.506494
0.511365
0.504819
0.504182
0.509799
0.567874
0.676348
0.503907
0.506596
0.575412
0.534198
0.506688
0.508694
0.507553
0.705453
0.504454
0.508628
0.516548
0.520243
0.521923
0.520151
0.515329
0.495212
0.531586
0.526103
0.510577
0.506403
0.503523
0.513391
0.527723
0.515904
0.499381
0.506047
0.507369
0.502777
0.505905
0.526919
0.524915
0.526828
0.523315
0.519256
0.529309
0.526769
0.529945
0.501869
0.502162
0.494138
0.515084
0.517145
0.541547
0.524813
0.646019
0.504916
0.502292
0.52441
0.504329
0.499864
0.499382
0.508209
0.516446
0.606815
0.547266
0.505104
0.506778
0.52237
0.50464
0.547988
0.509115
0.559913
0.532393
0.505511
0.668103
0.533208
0.510059
0.527112
0.52283
0.540871
0.503337
0.507507
0.497745
0.504977
0.516056
0.519177
0.501806
0.554442
0.520212
0.517742
0.532677
0.527334
0.505822
0.508313
0.519455
0.520878
0.521896
0.507905
0.508284
0.506703
0.528233
0.524293
0.516358
0.515063
0.515859
0.514827
0.502898
0.52971
0.506097
0.502863
0.541075
0.53279
0.528242
0.50703
0.512552
0.510047
0.783928
0.506172
0.502427
0.522459
0.514182
0.503362
0.508918
0.506817
0.507345
0.522629
0.53623
0.519052
0.51997
0.507327
0.521708
0.558175
0.570345
0.506728
0.522507
0.502217
0.523098
0.512501
0.530132
0.507255
0.536998
0.507193
0.535204
0.517183
0.528678
0.515996
0.536875
0.50998
0.525983
0.498536
0.5063
0.522675
0.522573
0.510509
0.52301
0.517771
0.509275
0.547444
0.540172
0.502817
0.503983
0.508096
0.530426
0.527844
0.528757
0.582688
0.587106
0.512352
0.515092
0.513327
0.507073
0.531923
0.525719
0.514895
0.500153
0.786973
0.541842
0.502805
0.513373
0.516249
0.51915
0.496291
0.551583
0.504766
0.517201
0.504799
0.500585
0.516562
0.503206
0.527281
0.525833
0.514609
0.50933
0.527618
0.535866
0.512666
0.513173
0.516242
0.514988
0.521196
0.519227
0.507404
0.51323
0.513233
0.508477
0.5062
0.540895
0.49564
0.505387
0.51342
0.511168
0.554375
0.561901
0.5793
0.493861
0.523313
0.502233
0.494192
0.637241
0.53369
0.519881
0.514689
0.510093
0.498072
0.521215
0.523965
0.507228
0.51598
0.512412
0.515117
0.510566
0.513815
0.518131
0.529279
0.509298
0.509454
0.531528
0.526219
0.528396
0.506389
0.524661
0.524657
0.528028
0.510022
0.510418
0.509742
0.512892
0.498534
0.50874
0.537938
0.537251
0.521652
0.530977
0.530895
0.516521
0.515185
0.503307
0.52646
0.504374
0.539866
0.544774
0.504754
0.51004
0.507716
0.508831
0.554356
0.505605
0.526499
0.513512
0.50539
0.529687
0.500926
0.528069
0.49865
0.508814
0.520424
0.504551
0.511682
0.522209
0.50753
0.509788
0.521625
0.500943
0.506635
0.611576
0.502565
0.500776
0.505837
0.905618
0.92857
0.613567
0.738167
0.540703
0.540243
0.515989
0.522373
0.507277
0.56464
0.511154
0.491844
0.546284
0.523222
0.524788
0.515248
0.519505
0.529033
0.515758
0.523347
0.509506
0.50396
0.500372
0.579663
0.499124
0.504719
0.507646
0.51199
0.525421
0.535707
0.523891
0.599919
0.524654
0.508544
0.507879
0.504947
0.503784
0.524852
0.527775
0.532555
0.505344
0.51668
0.513114
0.513116
0.521208
0.534243
0.520564
0.502524
0.527329
0.528631
0.570296
0.513957
0.504661
0.739995
0.530725
0.51549
0.513834
0.557213
0.507511
0.581711
0.570359
0.73974
0.513705
0.562718
0.512687
0.514535
0.515561
0.509989
0.517628
0.507742
0.511469
0.515177
0.526735
0.509118
0.505804
0.506055
0.507138
0.500895
0.646675
0.504646
0.510079
0.519835
0.529884
0.517719
0.517392
0.512734
0.514854
0.517854
0.50209
0.526982
0.540363
0.539097
0.517244
0.525198
0.849805
0.521835
0.704021
0.504131
0.529714
0.520091
0.503686
0.512545
0.533348
0.525068
0.521544
0.621327
0.498289
0.507647
0.557597
0.530597
0.516168
0.514143
0.503128
0.511209
0.515696
0.515739
0.51241
0.524203
0.49645
0.542343
0.539289
0.506895
0.503
0.504266
0.528463
0.511812
0.511014
0.528127
0.494598
0.509778
0.563738
0.510877
0.51179
0.518876
0.503115
0.498505
0.508717
0.502058
0.501611
0.518697
0.509553
0.532238
0.5212
0.512096
0.515662
0.517706
0.551438
0.513244
0.519486
0.519618
0.614355
0.49667
0.577228
0.535084
0.51604
0.574306
0.515744
0.493871
0.51768
0.53568
0.506259
0.49834
0.502678
0.519467
0.520122
0.503039
0.554653
0.514555
0.554252
0.546344
0.508399
0.514755
0.521895
0.530847
0.540536
0.511675
0.502146
0.501608
0.527648
0.550008
0.495033
0.494523
0.572978
0.513206
0.521797
0.518094
0.50488
0.503517
0.549061
0.532344
0.515508
0.511481
0.513458
0.508717
0.530285
0.522722
0.500747
0.502497
0.52621
0.534971
0.512136
0.516668
0.840333
0.532313
0.535598
0.577705
0.564377
0.751419
0.521619
0.521101
0.520219
0.504008
0.509329
0.515419
0.505834
0.517385
0.517178
0.501542
0.654846
0.522982
0.537553
0.524719
0.519194
0.515083
0.509265
0.513685
0.516699
0.497687
0.536272
0.603095
0.509343
0.521315
0.528635
0.531628
0.53282
0.518254
0.512736
0.506972
0.523768
0.497357
0.517234
0.514769
0.505498
0.504678
0.827961
0.53671
0.63365
0.512479
0.521029
0.522298
0.556113
0.515236
0.764512
0.516698
0.501187
0.499133
0.510042
0.57518
0.599776
0.579148
0.51407
0.668483
0.513589
0.514521
0.539391
0.506496
0.506051
0.51493
0.520621
0.517259
0.505532
0.513564
0.51749
0.526224
0.514647
0.508049
0.518522
0.511555
0.52639
0.536147
0.525343
0.722915
0.537901
0.508931
0.502908
0.526885
0.530287
0.599609
0.504861
0.533515
0.526
0.514127
0.534611
0.518092
0.528386
0.509604
0.515596
0.607901
0.502089
0.498566
0.504983
0.500839
0.544829
0.504428
0.519002
0.526949
0.523706
0.513068
0.535186
0.514983
0.516771
0.503191
0.520163
0.519243
0.525484
0.525811
0.512087
0.524969
0.51834
0.514054
0.505875
0.528656
0.519537
0.510568
0.514688
0.513719
0.549907
0.502336
0.50587
0.50596
0.503299
0.514002
0.529279
0.669841
0.506683
0.509799
0.502711
0.523535
0.50564
0.564788
0.505239
0.529579
0.517055
0.523121
0.526974
0.541314
0.510429
0.51619
0.521762
0.518019
0.502831
0.618048
0.513358
0.495374
0.509361
0.513264
0.517272
0.539886
0.505063
0.538574
0.508296
0.525758
0.527523
0.530172
0.504501
0.529431
0.513538
0.523071
0.509888
0.502608
0.51869
0.522419
0.541653
0.510297
0.519973
0.508731
0.540783
0.513227
0.511525
0.528719
0.529912
0.53102
0.686101
0.525503
0.518465
0.519873
0.516705
0.505346
0.530381
0.546625
0.524993
0.524791
0.516833
0.518424
0.505241
0.533583
0.513817
0.513334
0.517159
0.516767
0.533073
0.524784
0.514132
0.524299
0.511864
0.515652
0.511241
0.511691
0.504543
0.508954
0.50957
0.514874
0.525105
0.515999
0.517717
0.514426
0.531623
0.528306
0.505071
0.508355
0.505408
0.498539
0.532853
0.517746
0.522493
0.523009
0.528106
0.516805
0.715902
0.574937
0.517657
0.529598
0.504605
0.504829
0.522949
0.526283
0.522161
0.519786
0.529052
0.528105
0.511228
0.52766
0.519814
0.515761
0.499832
0.51824
0.507369
0.513268
0.53898
0.524414
0.530929
0.532031
0.527695
0.498164
0.522329
0.607556
0.554468
0.520808
0.51875
0.513438
0.525493
0.527546
0.517951
0.519431
0.494977
0.50313
0.506462
0.53597
0.535968
0.503321
0.505777
0.526192
0.523423
0.526569
0.609691
0.503204
0.571854
0.518805
0.529947
0.512368
0.598897
0.487106
0.51622
0.524436
0.517307
0.514935
0.522204
0.516314
0.527449
0.518863
0.525591
0.50942
0.506636
0.516795
0.514407
0.561247
0.515185
0.516461
0.507469
0.522246
0.514161
0.516135
0.511291
0.524513
0.52805
0.495804
0.518552
0.644836
0.508286
0.520049
0.504324
0.518139
0.515454
0.543313
0.513212
0.535218
0.535006
0.523845
0.53073
0.532679
0.530639
0.525583
0.520772
0.540912
0.4985
0.508551
0.759321
0.517484
0.532323
0.513938
0.573845
0.617986
0.504384
0.509995
0.566641
0.535204
0.518257
0.510662
0.530542
0.50484
0.518441
0.516536
0.507919
0.512291
0.528734
0.530286
0.525513
0.531928
0.509291
0.50455
0.5187
0.497128
0.508681
0.508658
0.51331
0.50557
0.534845
0.536897
0.530424
0.520895
0.528488
0.508659
0.54024
0.519618
0.51953
0.638743
0.515671
0.591029
0.51052
0.530126
0.523366
0.514666
0.524283
0.507617
0.509799
0.512779
0.517245
0.52323
0.520045
0.538746
0.52632
0.526919
0.508053
0.513098
0.518391
0.50273
0.503941
0.538099
0.517251
0.507543
0.506977
0.501852
0.540127
0.52631
0.518585
0.510483
0.510788
0.519906
0.529567
0.507093
0.506332
0.505622
0.525071
0.535372
0.50162
0.535427
0.50584
0.513364
0.519385
0.519472
0.522778
0.584828
0.515461
0.516049
0.515159
0.542887
0.522015
0.517307
0.517885
0.574224
0.588923
0.568819
0.511055
0.532693
0.546545
0.533296
0.769146
0.524764
0.516555
0.515957
0.502854
0.516284
0.514052
0.507184
0.529884
0.494932
0.515466
0.516663
0.517319
0.5164
0.519429
0.531503
0.520414
0.52265
0.53363
0.815892
0.523677
0.531251
0.530495
0.528776
0.533378
0.497807
0.525218
0.528143
0.5242
0.514056
0.503238
0.507761
0.514847
0.519145
0.514372
0.524489
0.523329
0.52147
0.523982
0.710321
0.506871
0.495428
0.514463
0.506102
0.507402
0.511276
0.516436
0.655646
0.514666
0.645642
0.673752
0.496427
0.517764
0.519198
0.51678
0.512359
0.511159
0.510309
0.516912
0.515741
0.505912
0.515621
0.509973
0.517464
0.521552
0.529221
0.517206
0.521542
0.52792
0.509554
0.521066
0.506164
0.51739
0.52668
0.543475
0.526887
0.50808
0.510445
0.51176
0.507912
0.510732
0.520066
0.528773
0.522294
0.507154
0.52036
0.509936
0.5253
0.518354
0.51166
0.523292
0.520722
0.501004
0.522481
0.524428
0.522719
0.535144
0.526188
0.521301
0.513687
0.535617
0.513285
0.499528
0.524714
0.531033
0.510639
0.512194
0.525732
0.53151
0.548551
0.50916
0.758926
0.533362
0.521687
0.508613
0.679797
0.51379
0.518053
0.514163
0.512093
0.511018
0.520859
0.509341
0.537304
0.519636
0.504987
0.500456
0.496039
0.536287
0.670527
0.524845
0.55456
0.513468
0.525514
0.526569
0.520836
0.521985
0.499931
0.677021
0.511205
0.513472
0.560544
0.523465
0.517156
0.513158
0.527792
0.507066
0.509885
0.521699
0.517363
0.528454
0.527493
0.494381
0.518871
0.587131
0.514568
0.52894
0.515784
0.512697
0.507032
0.506452
0.61367
0.513667
0.510929
0.516218
0.519235
0.588535
0.518501
0.532912
0.515351
0.503879
0.543586
0.520931
0.538904
0.530141
0.51505
0.537698
0.497809
0.504847
0.509145
0.514209
0.527526
0.494693
0.787777
0.501714
0.531057
0.817417
0.511932
0.528923
0.511537
0.507096
0.573886
0.498195
0.503648
0.528154
0.503475
0.496716
0.515573
0.529306
0.501325
0.508995
0.570038
0.520288
0.516998
0.512509
0.50482
0.506222
0.494164
0.528631
0.500683
0.517556
0.535202
0.530807
0.512572
0.5861
0.50486
0.513006
0.524199
0.503903
0.51155
0.534591
0.527052
0.516908
0.504168
0.51278
0.509109
0.514103
0.509973
0.574237
0.505281
0.505696
0.513497
0.531687
0.516371
0.531422
0.52978
0.524853
0.507734
0.503619
0.516061
0.53202
0.701886
0.515406
0.508118
0.507811
0.524431
0.5323
0.508816
0.502704
0.51599
0.517691
0.526854
0.534052
0.500135
0.532143
0.504174
0.513625
0.510089
0.497615
0.505893
0.516887
0.523228
0.531387
0.519551
0.513887
0.524003
0.562594
0.513496
0.62941
0.525718
0.503722
0.631227
0.544384
0.516364
0.49823
0.502714
0.505063
0.523833
0.505191
0.508567
0.504264
0.50578
0.572857
0.515097
0.524625
0.504161
0.517578
0.526656
0.510044
0.540484
0.501958
0.516213
0.517055
0.52403
0.512108
0.630034
0.66806
0.523563
0.523801
0.515831
0.53488
0.5075
0.527307
0.485182
0.528851
0.542948
0.51801
0.517769
0.515865
0.529303
0.518645
0.500157
0.511807
0.737258
0.517043
0.545715
0.506768
0.535644
0.507118
0.513204
0.51908
0.506364
0.525011
0.526207
0.500298
0.506615
0.524673
0.522016
0.484557
0.526928
0.518121
0.518634
0.50661
0.518828
0.507972
0.503955
0.504774
0.50109
0.505191
0.516213
0.515952
0.500155
0.504125
0.504701
0.519885
0.523968
0.525242
0.509346
0.53165
0.515907
0.649085
0.510241
0.513176
0.523699
0.502444
0.504672
0.512556
0.503808
0.522504
0.525588
0.510022
0.515263
0.52487
0.527223
0.503542
0.723155
0.51515
0.711257
0.508772
0.620539
0.50921
0.499262
0.500673
0.511811
0.521839
0.499263
0.511927
0.503557
0.525606
0.738688
0.505863
0.499093
0.503182
0.508847
0.518511
0.503833
0.498862
0.506258
0.526535
0.712084
0.526597
0.52152
0.536247
0.567401
0.525813
0.507866
0.703317
0.610339
0.520967
0.504573
0.517967
0.492943
0.528375
0.651277
0.65735
0.50649
0.526604
0.649854
0.512301
0.504196
0.525561
0.513459
0.576753
0.516924
0.511892
0.525996
0.51659
0.527811
0.511131
0.54763
0.489517
0.518111
0.528899
0.645499
0.515258
0.514653
0.611252
0.523498
0.508413
0.506137
0.528324
0.522804
0.513105
0.513279
0.510279
0.509642
0.516162
0.504356
0.511271
0.621654
0.71069
0.511302
0.524997
0.51196
0.518307
0.51288
0.511059
0.520335
0.530617
0.525547
0.506513
0.514279
0.511159
