0.518681
0.517969
0.511126
0.514693
0.515876
0.517765
0.529807
0.526409
0.519684
0.515651
0.498344
0.497526
0.508068
0.508363
0.515143
0.507647
0.512579
0.512086
0.508537
0.504953
0.525855
0.527716
0.525015
0.527125
0.526237
0.526449
0.512428
0.512957
0.516901
0.518175
0.514592
0.528623
0.530013
0.531172
0.507114
0.512843
0.50728
0.509144
0.509012
0.511551
0.505663
0.505894
0.499948
0.505124
0.504022
0.712496
0.703258
0.501322
0.508419
0.501432
0.508688
0.547097
0.543339
0.510819
0.511222
0.686486
0.51616
0.516398
0.507895
0.510228
0.511862
0.510801
0.525191
0.526373
0.503225
0.514435
0.509972
0.504825
0.50909
0.503406
0.502121
0.536829
0.512332
0.515169
0.513162
0.512569
0.508495
0.504026
0.505189
0.507999
0.50962
0.529844
0.531928
0.529249
0.614187
0.518917
0.530711
0.532205
0.507468
0.50237
0.513619
0.545469
0.5472
0.513565
0.507955
0.503903
0.516408
0.521978
0.520198
0.507408
0.503344
0.510696
0.530633
0.526158
0.5188
0.502115
0.500925
0.515517
0.689917
0.525685
0.531151
0.52079
0.527813
0.533719
0.509598
0.507554
0.503999
0.502093
0.518286
0.511016
0.514027
0.531665
0.528291
0.51388
0.513216
0.513246
0.502994
0.516863
0.522562
0.514295
0.529626
0.520826
0.5273
0.525681
0.526494
0.527782
0.512359
0.511437
0.523214
0.527291
0.523608
0.523221
0.524391
0.51009
0.507548
0.512041
0.51327
0.50908
0.513661
0.50807
0.507856
0.525736
0.525721
0.512069
0.517813
0.518001
0.513381
0.513585
0.513464
0.514457
0.511741
0.507535
0.507368
0.520282
0.518694
0.51872
0.528932
0.519643
0.5096
0.509648
0.509539
0.521815
0.524447
0.523622
0.528163
0.524426
0.503581
0.517508
0.515057
0.529228
0.524857
0.523813
0.524061
0.505738
0.523024
0.526229
0.509802
0.530268
0.532774
0.506063
0.507099
0.518534
0.509122
0.51259
0.518376
0.519301
0.517761
0.514459
0.523295
0.513007
0.515459
0.507011
0.528514
0.508934
0.517276
0.514919
0.5178
0.524139
0.527555
0.603373
0.507836
0.526383
0.525028
0.50934
0.53582
0.536065
0.531375
0.526921
0.525413
0.522795
0.503891
0.490347
0.502823
0.504586
0.505773
0.506375
0.526642
0.533446
0.531906
0.548418
0.526562
0.522929
0.51524
0.544798
0.569916
0.630242
0.636946
0.50145
0.500336
0.508223
0.594134
0.619383
0.532074
0.529286
0.533208
0.535512
0.504276
0.737827
0.803097
0.571669
0.6027
0.529214
0.526854
0.525975
0.506192
0.501042
0.536219
0.535689
0.500361
0.517737
0.520776
0.519661
0.514092
0.516725
0.505041
0.514533
0.514851
0.520418
0.519421
0.589855
0.511488
0.511457
0.509632
0.505622
0.508003
0.518594
0.50747
0.511038
0.521579
0.524061
0.512443
0.509304
0.510151
0.50551
0.505445
0.503051
0.526295
0.524176
0.508492
0.527817
0.502191
0.503061
0.523449
0.523953
0.523953
0.496858
0.541439
0.537347
0.543332
0.540637
0.5086
0.505486
0.508781
0.502095
0.505921
0.506418
0.508904
0.507387
0.516724
0.511523
0.515556
0.51655
0.508783
0.506986
0.516541
0.513933
0.529177
0.530862
0.501002
0.512218
0.513743
0.50944
0.518047
0.521806
0.507657
0.50559
0.506275
0.537252
0.538929
0.505035
0.728731
0.518372
0.517361
0.516299
0.511267
0.501931
0.500568
0.502981
0.500055
0.52941
0.510512
0.51179
0.510602
0.527961
0.533266
0.526293
0.519068
0.531807
0.524474
0.509839
0.508341
0.533031
0.534971
0.503676
0.517822
0.503909
0.528683
0.529183
0.531089
0.531897
0.531841
0.533037
0.517004
0.546662
0.51451
0.541223
0.511452
0.511241
0.517094
0.515833
0.51278
0.516816
0.514196
0.718791
0.640151
0.525254
0.598154
0.603847
0.599614
0.507547
0.513201
0.542785
0.550878
0.519257
0.5193
0.521216
0.518369
0.680665
0.512613
0.515908
0.516626
0.527753
0.525377
0.525486
0.721885
0.52577
0.499328
0.510394
0.662731
0.712242
0.504849
0.504629
0.504492
0.514811
0.523475
0.53005
0.513549
0.509438
0.529677
0.528154
0.508491
0.504252
0.507078
0.516095
0.52983
0.506357
0.507636
0.554408
0.553742
0.528159
0.531748
0.674644
0.503965
0.530208
0.520389
0.50393
0.505255
0.508476
0.503807
0.52588
0.510227
0.509587
0.517548
0.522733
0.525403
0.511759
0.514479
0.513643
0.513103
0.852674
0.518822
0.497776
0.501955
0.507757
0.49313
0.496034
0.53466
0.531558
0.519284
0.521355
0.620013
0.685686
0.513126
0.525658
0.519868
0.523836
0.52798
0.899777
0.842442
0.770068
0.518118
0.517537
0.520177
0.532116
0.760285
0.509698
0.509133
0.505428
0.52273
0.507301
0.509626
0.50731
0.530923
0.526855
0.516542
0.519662
0.505705
0.510545
0.530993
0.518779
0.528026
0.499193
0.519291
0.504537
0.529973
0.532395
0.511794
0.511206
0.515702
0.650737
0.519433
0.510489
0.549843
0.54457
0.507109
0.509937
0.503208
0.51696
0.52091
0.529564
0.497684
0.549674
0.523839
0.559773
0.556928
0.54138
0.527778
0.525172
0.541368
0.511631
0.512797
0.507321
0.512926
0.513173
0.523706
0.518818
0.530866
0.534698
0.507686
0.512145
0.552301
0.554446
0.519544
0.519106
0.513397
0.514555
0.511075
0.504111
0.494647
0.503079
0.499574
0.506731
0.505881
0.507924
0.496494
0.511568
0.515327
0.524853
0.507199
0.507495
0.509315
0.510971
0.51698
0.66902
0.609898
0.771504
0.501948
0.51228
0.51745
0.518294
0.510122
0.506304
0.507057
0.508746
0.516685
0.518934
0.526529
0.508599
0.567039
0.509116
0.516608
0.522678
0.51017
0.508674
0.530391
0.53209
0.516278
0.521849
0.527915
0.690363
0.544117
0.523838
0.525682
0.526479
0.526384
0.524119
0.528481
0.507589
0.517059
0.528496
0.524207
0.507768
0.513121
0.532364
0.521534
0.525176
0.513854
0.50681
0.499828
0.500955
0.511565
0.523612
0.514218
0.513545
0.520579
0.515519
0.510403
0.515228
0.501117
0.508693
0.527038
0.518077
0.511248
0.509514
0.510177
0.510424
0.512819
0.506665
0.531889
0.510531
0.511009
0.511384
0.523425
0.521357
0.502911
0.508124
0.508542
0.508751
0.511208
0.505257
0.509054
0.498222
0.507776
0.512786
0.515568
0.527608
0.525923
0.52919
0.503337
0.705673
0.640892
0.511219
0.503801
0.502111
0.520216
0.501076
0.600185
0.507118
0.505549
0.526346
0.510072
0.504252
0.517187
0.514092
0.513546
0.50516
0.506263
0.514425
0.506148
0.508024
0.61733
0.521515
0.492813
0.502748
0.529811
0.515299
0.512584
0.514766
0.509217
0.503857
0.501501
0.503364
0.501445
0.51869
0.530928
0.519016
0.528487
0.529647
0.531158
0.514344
0.508614
0.508395
0.504606
0.529125
0.528009
0.513444
0.509806
0.507338
0.510684
0.525404
0.515728
0.501661
0.517783
0.517036
0.513775
0.521394
0.518337
0.519079
0.597657
0.583968
0.504398
0.516115
0.504881
0.508126
0.509434
0.515725
0.528475
0.527363
0.54072
0.534554
0.507281
0.507643
0.530465
0.516891
0.513742
0.514209
0.616545
0.582794
0.661557
0.700824
0.527725
0.514361
0.510824
0.562666
0.543074
0.507311
0.531697
0.531286
0.526476
0.529478
0.525481
0.520402
0.509948
0.543279
0.519192
0.50468
0.509913
0.502031
0.505686
0.53817
0.510372
0.526901
0.515037
0.523091
0.513238
0.51758
0.51821
0.516491
0.526021
0.530221
0.516141
0.514443
0.509688
0.511322
0.508368
0.525721
0.532277
0.525185
0.51314
0.513604
0.511148
0.501522
0.507155
0.520978
0.511613
0.506394
0.52582
0.510628
0.512637
0.508066
0.538888
0.529671
0.510949
0.510924
0.505466
0.527092
0.528492
0.513283
0.514564
0.499829
0.613452
0.690021
0.649288
0.515285
0.513545
0.523921
0.53175
0.528649
0.526968
0.527781
0.511719
0.510522
0.525793
0.527961
0.518501
0.534587
0.513307
0.508038
0.508575
0.509174
0.509135
0.521108
0.528714
0.527454
0.502534
0.522792
0.515876
0.569793
0.584683
0.617379
0.527212
0.519489
0.522168
0.50514
0.528525
0.527925
0.509718
0.515683
0.508355
0.507935
0.50697
0.528367
0.502587
0.504334
0.641545
0.501951
0.537341
0.510863
0.511941
0.541009
0.542631
0.509436
0.511755
0.502445
0.508987
0.514963
0.509173
0.51157
0.513891
0.515535
0.500775
0.510429
0.504048
0.539847
0.506956
0.50549
0.538287
0.514239
0.492795
0.498404
0.500187
0.502766
0.527583
0.626644
0.595877
0.516562
0.553489
0.591341
0.530344
0.528592
0.509657
0.536392
0.526254
0.530671
0.512947
0.509572
0.519013
0.524827
0.52663
0.537465
0.506638
0.507872
0.603095
0.667698
0.516701
0.510201
0.50542
0.501016
0.500575
0.540603
0.502024
0.511624
0.523349
0.507962
0.505631
0.505129
0.509578
0.518509
0.511051
0.505604
0.542462
0.541841
0.518191
0.524422
0.531672
0.533435
0.530916
0.508651
0.510722
0.512907
0.499798
0.513805
0.520977
0.598844
0.505021
0.502364
0.515812
0.608188
0.613214
0.527068
0.523352
0.532923
0.500698
0.508469
0.513832
0.50737
0.506665
0.78931
0.530197
0.498388
0.519235
0.525013
0.517775
0.513561
0.514574
0.511673
0.503571
0.597636
0.531227
0.531146
0.538126
0.500725
0.502525
0.510462
0.527887
0.518369
0.515867
0.518887
0.523328
0.519867
0.511794
0.507988
0.508957
0.509506
0.540235
0.52623
0.505444
0.505754
0.500121
0.507936
0.781973
0.706869
0.700567
0.53183
0.594195
0.56985
0.519957
0.551972
0.547877
0.515768
0.518408
0.516949
0.528358
0.522667
0.521783
0.49649
0.51547
0.514566
0.516192
0.495669
0.514015
0.519226
0.515209
0.544763
0.562732
0.544605
0.513416
0.520598
0.510712
0.515478
0.505192
0.624926
0.508165
0.524397
0.520584
0.514235
0.513649
0.509723
0.510434
0.51055
0.502304
0.512944
0.528484
0.523128
0.763879
0.519149
0.513238
0.506173
0.504711
0.506708
0.506172
0.513129
0.50941
0.509031
0.518662
0.517451
0.520274
0.52226
0.524101
0.524376
0.522721
0.517226
0.516593
0.518124
0.517946
0.524589
0.50923
0.523569
0.512096
0.516969
0.502212
0.503644
0.497356
0.647479
0.518523
0.51101
0.507852
0.508956
0.507835
0.523685
0.531817
0.520902
0.504862
0.50751
0.507341
0.51775
0.517089
0.520733
0.507405
0.501468
0.660168
0.504075
0.503427
0.51549
0.514339
0.524818
0.517816
0.516801
0.543283
0.514521
0.532129
0.525342
0.51724
0.519178
0.503302
0.502946
0.540636
0.533666
0.529751
0.523733
0.526858
0.544659
0.507407
0.514831
0.50374
0.50215
0.519018
0.519821
0.518048
0.878146
0.504543
0.533727
0.526758
0.529275
0.533086
0.55088
0.519751
0.501773
0.506004
0.522148
0.51909
0.509557
0.500626
0.516685
0.520573
0.501912
0.531483
0.530165
0.580147
0.526066
0.540903
0.507918
0.513964
0.52027
0.508517
0.510673
0.510203
0.506847
0.492042
0.508627
0.499668
0.632319
0.600082
0.506509
0.512681
0.503222
0.503082
0.504339
0.498867
0.500713
0.507986
0.504314
0.516058
0.514596
0.534605
0.513297
0.735536
0.509029
0.521485
0.50864
0.655958
0.681492
0.708199
0.530087
0.509751
0.520616
0.526394
0.521673
0.530777
0.524328
0.511681
0.515352
0.507512
0.527574
0.536661
0.607891
0.535252
0.520904
0.534682
0.529565
0.525389
0.526843
0.525854
0.528773
0.507809
0.503084
0.516203
0.526144
0.510412
0.528009
0.538389
0.505704
0.527862
0.540067
0.535501
0.536379
0.53322
0.50884
0.523481
0.512706
0.52007
0.514331
0.508366
0.501503
0.508621
0.504045
0.530696
0.50557
0.522621
0.521016
0.525911
0.520374
0.52524
0.501009
0.523629
0.510879
0.514822
0.535893
0.507564
0.497436
0.529173
0.50168
0.535468
0.507405
0.508802
0.509912
0.550675
0.546188
0.526034
0.511015
0.508427
0.535351
0.534587
0.515921
0.538565
0.519293
0.526234
0.497709
0.51259
0.516342
0.507927
0.514575
0.509031
0.534978
0.577293
0.578761
0.556179
0.562887
0.530218
0.514829
0.516114
0.515448
0.631622
0.530676
0.774104
0.493821
0.4945
0.499716
0.770713
0.674805
0.648855
0.527035
0.539029
0.520185
0.522386
0.509015
0.517506
0.512385
0.530225
0.52895
0.513626
0.514964
0.507728
0.513765
0.500212
0.504586
0.509237
0.51229
0.557732
0.498836
0.531451
0.689391
0.503872
0.502209
0.525254
0.528328
0.509111
0.539473
0.543298
0.506994
0.509207
0.513064
0.510428
0.51939
0.513673
0.509283
0.516528
0.514805
0.5122
0.503186
0.512554
0.508218
0.516899
0.510425
0.531808
0.52954
0.532478
0.499073
0.528272
0.593637
0.507311
0.509792
0.526646
0.493654
0.545098
0.502147
0.526144
0.529627
0.52669
0.522175
0.505047
0.523989
0.522357
0.500377
0.538651
0.501198
0.510695
0.511679
0.534621
0.558034
0.526905
0.506305
0.50527
0.533187
0.538214
0.537043
0.50164
0.505058
0.555892
0.54828
0.527955
0.509554
0.769978
0.512262
0.51476
0.526699
0.532177
0.496748
0.498356
0.529163
0.528503
0.517457
0.518844
0.506257
0.505968
0.502535
0.523495
0.519732
0.523907
0.652425
0.511155
0.531373
0.532446
0.532801
0.530621
0.512498
0.515982
0.512575
0.514006
0.504182
0.510476
0.510045
0.534577
0.547887
0.521769
0.511897
0.69483
0.509923
0.527895
0.506395
0.528138
0.560058
0.567055
0.514032
0.509699
0.507897
0.521286
0.523621
0.519854
0.828194
0.528786
0.531871
0.50472
0.531168
0.508668
0.501516
0.515925
0.52235
0.516117
0.525302
0.522096
0.526354
0.509216
0.519495
0.515799
0.52337
0.870483
0.525147
0.509977
0.499767
0.505859
0.528254
0.527861
0.561507
0.506117
0.51325
0.531723
0.497422
0.680694
0.49548
0.502413
0.53386
0.526806
0.525019
0.527255
0.504044
0.52209
0.521554
0.504727
0.505802
0.512864
0.509441
0.500121
0.510582
0.491698
0.514365
0.526904
0.501445
0.518892
0.500783
0.551939
0.530797
0.532263
0.529612
0.509006
0.528536
0.517395
0.617392
0.507405
0.517098
0.506783
0.506988
0.529273
0.50776
0.510869
0.501179
0.521062
0.54311
0.536263
0.667398
0.499611
0.541626
0.506337
0.528185
0.52506
0.503592
0.521839
0.52596
0.53065
0.501447
0.504683
0.507026
0.508692
0.526273
0.51582
0.520283
0.513261
0.543481
0.505584
0.545228
0.523948
0.505288
0.505386
0.513446
0.523894
0.513698
0.695554
0.506015
0.518043
0.51178
0.508977
0.512394
0.518538
0.521078
0.52015
0.517698
0.531971
0.528908
0.493882
0.507577
0.525807
0.530282
0.511843
0.561647
0.510252
0.506692
0.536939
0.538045
0.520548
0.51344
0.514416
0.505431
0.516988
0.51752
0.524703
0.537807
0.516332
0.514488
0.504019
0.516768
0.555516
0.529179
0.530205
0.51469
0.505818
0.505039
0.523111
0.505289
0.505183
0.515043
0.513049
0.513948
0.50509
0.77475
0.782053
0.61106
0.529464
0.518277
0.537642
0.515047
0.727665
0.510307
0.511357
0.777653
0.525787
0.524382
0.525615
0.522218
0.541159
0.515624
0.497342
0.497695
0.529785
0.549988
0.510968
0.530459
0.540414
0.527152
0.583739
0.52342
0.527347
0.581616
0.507174
0.50291
0.512572
0.574246
0.509967
0.508318
0.507116
0.518538
0.517605
0.505452
0.506374
0.564622
0.5713
0.50912
0.504563
0.522543
0.511003
0.541288
0.511765
0.556312
0.529966
0.521573
0.515896
0.512355
0.523795
0.592665
0.642197
0.516866
0.632272
0.561424
0.511511
0.524811
0.520212
0.526457
0.509356
0.514525
0.545192
0.849204
0.504109
0.537255
0.515136
0.51009
0.50198
0.530469
0.498383
0.713378
0.508448
0.509912
0.514694
0.511594
0.510078
0.524396
0.501134
0.523413
0.519694
0.540079
0.518856
0.524724
0.515817
0.501847
0.527222
0.51721
0.503535
0.505771
0.503849
0.502426
0.504612
0.50489
0.513036
0.549835
0.50802
0.511221
0.506881
0.528123
0.512421
0.50875
0.508263
0.516243
0.508073
0.518991
0.506009
0.523149
0.510792
0.508051
0.499876
0.499186
0.55845
0.562148
0.544969
0.525042
0.516794
0.523284
0.507736
0.544111
0.528091
0.515564
0.508044
0.536559
0.51503
0.517928
0.529518
0.517017
0.502868
0.511954
0.510773
0.528597
0.517304
0.515357
0.51337
0.523748
0.509866
0.507525
0.511381
0.529749
0.51501
0.516129
0.513373
0.502232
0.517667
0.533109
0.520043
0.497355
0.565118
0.511719
0.519297
0.633601
0.518877
0.508556
0.505582
0.554201
0.49786
0.497649
0.513679
0.497941
0.515062
0.513829
0.5119
0.510125
0.507699
0.514387
0.513171
0.514031
0.508659
0.503715
0.505347
0.528393
0.552512
0.531303
0.513243
0.513733
0.589248
0.529424
0.500682
0.557145
0.522816
0.512235
0.507691
0.507221
0.623833
0.523959
0.513349
0.49793
0.516399
0.517909
0.538304
0.529175
0.505888
0.536003
0.49777
0.500494
0.521362
0.639077
0.508711
0.503825
0.522783
0.741323
0.510857
0.495269
0.508896
0.526751
0.509678
0.518906
0.59248
0.50481
0.538643
0.508895
0.510605
0.506058
0.512201
0.49938
0.792986
0.510169
0.528333
0.526049
0.522479
0.521211
0.5081
0.537508
0.510593
0.514205
0.508481
0.544562
0.512462
0.506373
0.509375
0.524908
0.495382
0.507787
0.507547
0.546881
0.503507
0.514734
0.508195
0.511374
0.506817
0.527344
0.517181
0.59107
0.511631
0.523023
0.678981
0.50277
0.529216
0.5067
0.500736
0.513772
0.520164
0.594543
0.497059
0.61882
0.511283
0.49621
0.608235
0.508529
0.522343
0.503881
0.531092
0.503167
0.502531
0.708292
0.537318
0.526376
0.527541
0.669877
0.528466
0.518046
0.519864
0.598945
0.528121
0.526167
0.518581
0.511664
0.704195
0.573363
0.516319
0.517701
0.5009
0.504895
0.512766
0.539634
0.51736
0.509271
0.518269
0.522063
0.501276
0.524085
0.508987
0.511965
0.503372
0.510557
0.519573
0.494708
0.51792
0.52822
0.530832
0.500728
0.512867
0.508126
0.51022
0.498105
0.504952
0.51186
0.557173
0.519349
0.499163
0.527798
0.510536
0.517385
0.515553
0.512877
0.50989
0.63071
0.515064
0.516069
0.519597
0.520402
0.512205
0.517753
0.503848
0.512878
0.517486
0.503917
0.517369
0.525291
0.530347
0.52541
0.503551
0.511923
0.515431
0.5243
0.528202
0.515563
0.529821
0.583663
0.512534
0.514902
0.508453
0.509389
0.506319
0.514344
0.523556
0.507458
0.506618
0.511166
0.534793
0.521017
0.521245
0.51544
0.516423
0.53578
0.554978
0.709157
0.51153
0.511414
0.515053
0.521719
0.527459
0.529732
0.523729
0.530671
0.508107
0.509411
0.533693
0.519398
0.513429
0.509658
0.50321
0.51751
0.511258
0.512092
0.50967
0.519331
0.58687
0.65714
0.600059
0.516216
0.509081
0.51613
0.515806
0.509527
0.508071
0.52506
0.51737
0.502923
0.498887
0.505347
0.526088
0.520589
0.515736
0.529013
0.520492
0.519133
0.508333
0.531738
0.529277
0.515175
0.518635
0.511465
0.531916
0.527579
0.527231
0.528871
0.528671
0.504896
0.518637
0.510145
0.511932
0.515844
0.51769
0.51056
0.515639
0.506393
0.52034
0.509097
0.504714
0.519273
0.561728
0.561631
0.533634
0.518652
0.543974
0.533589
0.521805
0.520131
0.52061
0.525569
0.626976
0.507372
0.51461
0.514874
0.512282
0.510857
0.517296
0.510136
0.528614
0.523678
0.593199
0.610562
0.506418
0.507735
0.529833
0.519506
0.517317
0.507321
0.539391
0.510007
0.514167
0.530082
0.5133
0.527713
0.531782
0.509764
0.570811
0.531128
0.504197
0.504795
0.505137
0.525658
0.5031
0.526377
0.528252
0.523094
0.50843
0.514184
0.528351
0.526731
0.524964
0.562038
0.512685
0.533807
0.537161
0.529901
0.505023
0.513185
0.507609
0.51155
0.527488
0.508802
0.523215
0.510491
0.503334
0.534734
0.545639
0.511432
0.51257
0.527203
0.512375
0.52092
0.512532
0.518404
0.534353
0.516494
0.508064
0.508814
0.511246
0.508787
0.500867
0.532583
0.546685
0.535262
0.504148
0.519104
0.528714
0.519083
0.526103
0.620013
0.514916
0.53299
0.637059
0.584971
0.506772
0.606543
0.528317
0.653208
0.540653
0.540285
0.508896
0.506889
0.514471
0.507544
0.52481
0.525243
0.532289
0.515323
0.58144
0.515293
0.517115
0.519417
0.513327
0.512701
0.529715
0.52559
0.533206
0.524212
0.503516
0.509454
0.520427
0.507618
0.518621
0.513296
0.522746
0.510137
0.509139
0.508841
0.527685
0.51456
0.511664
0.51415
0.512747
0.519618
0.524568
0.517114
0.533735
0.509948
0.504172
0.579326
0.530333
0.505147
0.508989
0.515587
0.507387
0.527918
0.513229
0.532374
0.517871
0.506413
0.507939
0.515697
0.517481
0.519599
0.508228
0.510433
0.525399
0.511333
0.502215
0.50639
0.525819
0.533836
0.511082
0.510788
0.5448
0.509904
0.520945
0.518893
0.517037
0.503859
0.535688
0.523028
0.516584
0.511753
0.513757
0.515997
0.537687
0.551757
0.547934
0.51454
0.528894
0.523828
0.517727
0.542015
0.518879
0.520236
0.510072
0.527847
0.524405
0.515942
0.536231
0.513896
0.529229
0.510184
0.513684
0.503744
0.526685
0.532147
0.537307
0.527137
0.500529
0.510039
0.574383
0.539516
0.535239
0.528569
0.517074
0.51255
0.524351
0.511599
0.51079
0.517769
0.503961
0.530563
0.506039
0.520855
0.517676
0.508024
0.516955
0.518117
0.51519
0.526168
0.520353
0.529319
0.524815
0.530508
0.654779
0.516807
0.528122
0.564765
0.55869
0.532624
0.527799
0.529461
0.510454
0.516662
0.677946
0.52411
0.537145
0.525997
0.528462
0.502291
0.50337
0.519566
0.517148
0.524837
0.509777
0.51397
0.505641
0.515343
0.617833
0.529978
0.527694
0.535188
0.506046
0.532995
0.712512
0.56694
0.503706
0.503197
0.517961
0.517781
0.520029
0.541132
0.508001
0.509476
0.522692
0.515719
0.505316
0.536296
0.505744
0.509377
0.510475
0.520234
0.688914
0.516364
0.505835
0.510184
0.517937
0.524613
0.509327
0.510089
0.511598
0.517195
0.500768
0.517796
0.508214
0.50897
0.55841
0.533422
0.519694
0.525105
0.53697
0.50397
0.533529
0.513394
0.577963
0.517133
0.544727
0.518321
0.529529
0.526417
0.508622
0.522165
0.507918
0.50783
0.525818
0.50126
0.505484
0.493877
0.530736
0.506874
0.515004
0.54913
0.522597
0.530687
0.508439
0.524484
0.609387
0.523976
0.53816
0.513585
0.508515
0.501775
0.567135
0.514103
0.518145
0.549423
0.516371
0.505292
0.506505
0.517522
0.521166
0.508538
0.509971
0.54603
0.522978
0.514276
0.509251
0.510326
0.52413
0.516013
0.532685
0.51069
0.522297
0.501843
0.519695
0.507034
0.503588
0.510361
0.52053
0.508228
0.529527
0.518806
0.50088
0.521628
0.514233
0.519507
0.542835
0.528746
0.5048
0.516398
0.676453
0.517592
0.505675
0.514984
0.523736
0.52156
0.516317
0.510327
0.506335
0.753512
0.515894
0.51819
0.533197
0.521549
0.511969
0.511779
0.510172
0.82179
0.500994
0.55092
0.546911
0.525866
0.500556
0.528568
0.709648
0.516027
0.535717
0.65111
0.507598
0.513442
0.509788
0.52416
0.532234
0.521809
0.506969
0.510601
0.527966
0.516607
0.503045
0.51373
0.517248
0.527161
0.513996
0.510245
0.490513
0.510038
0.510339
0.500037
0.524884
0.530956
0.493929
0.609747
0.544798
0.512705
0.50195
0.528497
0.516959
0.713206
0.730488
0.507124
0.511066
0.505044
0.493716
0.527651
0.532127
0.520015
0.509167
0.51086
0.614855
0.52086
0.492367
0.594719
0.52281
0.527536
0.517956
0.523482
0.648425
0.529605
0.506382
0.504553
0.527307
0.513351
0.519999
0.524372
0.522919
0.498789
0.518474
0.525281
0.521204
0.543896
0.509262
0.509242
0.522583
0.504125
0.533257
0.505278
0.520748
0.516755
0.530868
0.52783
0.499308
0.509997
0.540661
0.514692
0.504524
0.574755
0.546795
0.531936
0.521663
0.592319
0.511772
0.571354
0.50702
0.525103
0.517356
0.523426
0.532518
0.513496
0.528229
0.531155
0.528809
0.506953
0.658225
0.512474
0.521683
0.508653
0.50923
0.505222
0.535265
0.50972
0.663644
0.623024
0.535508
0.523136
0.544914
0.503907
0.569771
0.504111
0.515631
0.513339
0.583816
0.503577
0.509079
0.518521
0.50905
0.528337
0.49139
0.516029
0.512234
0.523233
0.51475
0.508887
0.520399
0.527189
0.551884
0.508851
0.509598
0.516771
0.524644
0.523439
0.720959
0.516869
0.523326
0.499926
0.506575
0.52218
0.515169
0.508419
0.506783
0.506003
0.505347
0.505782
0.662626
0.500867
0.509835
0.530515
0.523571
0.521397
0.528807
0.518103
