0.516417
0.517359
0.518992
0.512876
0.513027
0.512514
0.530681
0.528169
0.521226
0.521035
0.498663
0.502783
0.522265
0.51465
0.50702
0.531346
0.535128
0.515406
0.520064
0.507873
0.515878
0.504237
0.517266
0.518865
0.519745
0.52297
0.52862
0.523985
0.511781
0.510844
0.518284
0.511874
0.516818
0.51074
0.512802
0.512521
0.531401
0.529441
0.533449
0.505616
0.505524
0.50941
0.508345
0.503606
0.508125
0.503906
0.511649
0.50372
0.511886
0.502881
0.511258
0.516371
0.528819
0.527777
0.671759
0.516487
0.517299
0.506575
0.513073
0.526881
0.520955
0.500461
0.509025
0.50521
0.507089
0.505882
0.509769
0.50491
0.503958
0.508446
0.505993
0.506215
0.518731
0.51543
0.505148
0.503368
0.505853
0.508909
0.506924
0.512849
0.526449
0.526104
0.51501
0.527386
0.524584
0.504624
0.525211
0.514272
0.51055
0.507759
0.518066
0.520997
0.513622
0.542015
0.518702
0.519389
0.513559
0.515389
0.518176
0.519279
0.520366
0.518618
0.495531
0.502526
0.494803
0.53663
0.529563
0.524598
0.53008
0.521949
0.52118
0.520772
0.52708
0.529364
0.532459
0.508084
0.503424
0.499949
0.510261
0.507198
0.506135
0.520212
0.529619
0.527662
0.525528
0.515561
0.510498
0.508645
0.521054
0.52162
0.528069
0.525102
0.536783
0.53016
0.514924
0.519515
0.507411
0.51
0.51019
0.513185
0.511741
0.504786
0.50497
0.526696
0.528199
0.517363
0.515359
0.493993
0.490793
0.495954
0.52144
0.518312
0.519392
0.547357
0.538424
0.525147
0.525103
0.51922
0.530442
0.52668
0.520548
0.506321
0.510317
0.525698
0.522402
0.510801
0.513073
0.508537
0.510979
0.522904
0.522836
0.51946
0.514285
0.520625
0.516972
0.516666
0.51985
0.52447
0.52633
0.539604
0.546694
0.536104
0.502339
0.502276
0.501585
0.512097
0.515434
0.511656
0.514545
0.51839
0.522455
0.518594
0.5101
0.508152
0.510053
0.506189
0.502615
0.500385
0.526822
0.526617
0.511712
0.51623
0.517313
0.522666
0.526126
0.521897
0.635678
0.644124
0.521745
0.538256
0.54277
0.531981
0.527781
0.522197
0.521087
0.516436
0.522303
0.517555
0.510501
0.508325
0.507727
0.498853
0.509163
0.507198
0.526735
0.531824
0.530594
0.565682
0.600394
0.565562
0.525685
0.549405
0.68386
0.499597
0.511161
0.508863
0.513829
0.505888
0.5229
0.525249
0.531784
0.531112
0.529419
0.524019
0.534983
0.661295
0.572678
0.600416
0.533567
0.533506
0.639183
0.624701
0.513298
0.514679
0.535215
0.517313
0.520637
0.505078
0.502795
0.498277
0.519604
0.517128
0.506825
0.514174
0.506501
0.657785
0.509305
0.509914
0.502665
0.505402
0.517575
0.499464
0.498541
0.507979
0.501083
0.500845
0.524259
0.526978
0.536429
0.534289
0.506583
0.509331
0.511096
0.679042
0.506767
0.50265
0.527688
0.499164
0.540465
0.542018
0.534556
0.537961
0.537825
0.548327
0.509919
0.512843
0.50211
0.505052
0.504552
0.501534
0.506791
0.506941
0.507237
0.528397
0.505695
0.515132
0.519259
0.519147
0.508877
0.507314
0.509287
0.61958
0.525735
0.501883
0.52419
0.512033
0.513031
0.521778
0.518639
0.50435
0.516499
0.5233
0.543704
0.504851
0.499629
0.720776
0.678877
0.516951
0.51611
0.515708
0.504625
0.505618
0.499289
0.499595
0.512318
0.514845
0.513566
0.521806
0.521879
0.508073
0.50399
0.505452
0.525443
0.50789
0.504642
0.759543
0.785747
0.711801
0.517991
0.532856
0.531094
0.529292
0.49748
0.534228
0.533282
0.531748
0.507258
0.511012
0.544695
0.6088
0.602548
0.501395
0.504906
0.504303
0.507132
0.515695
0.512308
0.515144
0.516227
0.519405
0.501467
0.529684
0.531117
0.525165
0.530196
0.505483
0.505371
0.526204
0.632537
0.656665
0.619722
0.646036
0.549146
0.587972
0.519002
0.757649
0.766227
0.511619
0.516989
0.526153
0.520024
0.691447
0.500521
0.506164
0.504405
0.523942
0.517668
0.506796
0.515563
0.513475
0.504784
0.505674
0.514086
0.517967
0.52192
0.526269
0.523855
0.52719
0.532809
0.513124
0.521539
0.524806
0.519429
0.523688
0.53243
0.501179
0.522945
0.526495
0.502933
0.529232
0.526555
0.524905
0.523006
0.503407
0.517181
0.528534
0.52757
0.508883
0.504898
0.509093
0.511759
0.508221
0.498891
0.498266
0.50098
0.668559
0.677729
0.521396
0.502897
0.515239
0.53507
0.521844
0.521326
0.523513
0.518224
0.521371
0.598418
0.540017
0.682278
0.516325
0.516773
0.517012
0.523508
0.618401
0.657412
0.521183
0.512709
0.535123
0.521121
0.52089
0.520707
0.52057
0.493752
0.493041
0.522045
0.510469
0.501756
0.507163
0.532986
0.495022
0.536991
0.52948
0.531108
0.528527
0.526712
0.511008
0.512006
0.5102
0.514777
0.513038
0.506895
0.545257
0.545392
0.599877
0.611092
0.500646
0.506876
0.519832
0.519741
0.521446
0.53142
0.52275
0.507563
0.50943
0.517455
0.507954
0.520296
0.514155
0.509186
0.521569
0.516981
0.593525
0.543033
0.552434
0.528579
0.507591
0.507951
0.506933
0.522224
0.528317
0.525869
0.511075
0.544467
0.518827
0.519169
0.516692
0.505859
0.498476
0.500188
0.499767
0.500405
0.502465
0.506053
0.504942
0.514996
0.508493
0.502726
0.515439
0.522794
0.506024
0.509252
0.509407
0.509442
0.520459
0.498503
0.592642
0.613101
0.501302
0.496251
0.528686
0.515545
0.516682
0.510589
0.510377
0.508767
0.50276
0.504605
0.507401
0.51886
0.515834
0.516375
0.50323
0.524656
0.530253
0.519401
0.522502
0.537265
0.535492
0.528447
0.528109
0.603058
0.537883
0.537042
0.524506
0.522123
0.521396
0.52157
0.526056
0.526754
0.504332
0.508129
0.527009
0.521786
0.518753
0.511776
0.523271
0.708131
0.665188
0.511531
0.511757
0.519507
0.518548
0.50202
0.512707
0.50202
0.503434
0.506968
0.504308
0.512712
0.506657
0.515406
0.508316
0.503162
0.504327
0.503903
0.525289
0.499067
0.523464
0.579539
0.502998
0.525967
0.51864
0.513603
0.512273
0.523008
0.523767
0.521995
0.502034
0.504434
0.497504
0.495079
0.497178
0.501299
0.50713
0.50486
0.550221
0.514791
0.508855
0.508672
0.508857
0.504657
0.505768
0.50307
0.502288
0.50269
0.622888
0.687551
0.515871
0.515463
0.502864
0.490725
0.500718
0.504974
0.514294
0.505275
0.502919
0.51125
0.508832
0.507026
0.506255
0.505336
0.510624
0.51278
0.518388
0.631401
0.610599
0.57071
0.502393
0.520429
0.527375
0.526386
0.526112
0.537089
0.716451
0.513839
0.505902
0.507084
0.505662
0.515792
0.540089
0.501911
0.53322
0.531823
0.525673
0.530551
0.511735
0.505404
0.508611
0.504764
0.51413
0.519479
0.508342
0.522417
0.51262
0.521359
0.515761
0.51854
0.523746
0.513494
0.507272
0.527797
0.715411
0.516432
0.515244
0.5171
0.501452
0.508571
0.516882
0.530705
0.528857
0.530789
0.530461
0.532031
0.517515
0.532042
0.510197
0.510997
0.526833
0.524729
0.690602
0.679793
0.529313
0.516091
0.515067
0.56087
0.572041
0.542517
0.528757
0.526047
0.528139
0.523446
0.523447
0.508846
0.509613
0.526794
0.541146
0.526291
0.522811
0.516729
0.518748
0.52525
0.523123
0.522165
0.51715
0.515268
0.502918
0.529208
0.525638
0.519705
0.507282
0.513768
0.509578
0.512363
0.552547
0.546367
0.508642
0.513699
0.510725
0.509739
0.5049
0.69259
0.636548
0.516306
0.514548
0.533414
0.529655
0.509238
0.529488
0.523497
0.513377
0.511759
0.501955
0.505691
0.627357
0.680654
0.511189
0.509233
0.501973
0.523533
0.513307
0.517003
0.52278
0.520823
0.528204
0.525282
0.526873
0.526454
0.495177
0.526053
0.517834
0.53543
0.515135
0.509553
0.507751
0.506412
0.528848
0.520586
0.519868
0.51241
0.529328
0.50075
0.553947
0.55101
0.534675
0.530312
0.528147
0.532197
0.518031
0.520371
0.520017
0.513107
0.501056
0.497496
0.582101
0.515308
0.503268
0.505516
0.512747
0.529329
0.504247
0.520916
0.507092
0.509865
0.507911
0.512176
0.535798
0.53752
0.537873
0.505844
0.505317
0.507838
0.52734
0.60838
0.514947
0.51641
0.5568
0.526434
0.509828
0.536793
0.520112
0.521659
0.505083
0.522934
0.523315
0.498658
0.579078
0.563981
0.513562
0.495836
0.498823
0.56685
0.507695
0.50489
0.510329
0.524496
0.5064
0.504258
0.539365
0.514232
0.511395
0.522354
0.504395
0.504601
0.510629
0.506264
0.519764
0.532323
0.530282
0.532052
0.543361
0.512757
0.496463
0.497748
0.515944
0.587747
0.497642
0.504302
0.507362
0.509431
0.638644
0.527603
0.512868
0.512729
0.640235
0.507601
0.510072
0.508088
0.689251
0.771183
0.498425
0.524413
0.526475
0.521309
0.517173
0.511679
0.501844
0.509472
0.626622
0.579107
0.5458
0.526383
0.530453
0.527734
0.534781
0.498387
0.503216
0.509908
0.535421
0.514333
0.518927
0.51816
0.526899
0.512941
0.512614
0.663774
0.645417
0.543366
0.514013
0.501831
0.519796
0.502716
0.50404
0.601593
0.664264
0.768201
0.779954
0.607677
0.606322
0.57284
0.52447
0.521041
0.513988
0.51539
0.51257
0.516587
0.517276
0.514488
0.529971
0.507369
0.510277
0.512929
0.521582
0.516145
0.571968
0.55528
0.51543
0.542372
0.513111
0.516915
0.509101
0.510085
0.50679
0.758455
0.633186
0.526275
0.515974
0.508863
0.506967
0.512805
0.523483
0.50849
0.508312
0.508883
0.505231
0.519991
0.510238
0.523726
0.523558
0.574443
0.515881
0.512976
0.517936
0.506514
0.507586
0.519161
0.513768
0.512535
0.521376
0.513895
0.523035
0.525571
0.503527
0.512436
0.5208
0.520154
0.516676
0.514914
0.503497
0.512571
0.514728
0.522063
0.519619
0.516885
0.514558
0.516436
0.527878
0.622935
0.51216
0.511091
0.507097
0.539268
0.592297
0.521868
0.508695
0.505373
0.507599
0.507735
0.529753
0.528282
0.497739
0.509945
0.837006
0.504348
0.500253
0.503916
0.528015
0.506034
0.515289
0.516969
0.574793
0.506928
0.519074
0.49561
0.500082
0.50195
0.535275
0.535635
0.535238
0.52223
0.546183
0.592881
0.687826
0.512029
0.508932
0.511541
0.50253
0.511393
0.52108
0.50602
0.535503
0.533273
0.525304
0.550003
0.509173
0.512462
0.517988
0.516608
0.501481
0.504877
0.523437
0.509917
0.502871
0.503026
0.513285
0.518271
0.504616
0.526607
0.530695
0.532932
0.513514
0.514657
0.518154
0.507054
0.507819
0.489687
0.511867
0.635012
0.64619
0.501173
0.505631
0.504532
0.507552
0.512674
0.505372
0.50086
0.518696
0.519913
0.528186
0.520113
0.512376
0.50254
0.518935
0.506622
0.686583
0.753892
0.526345
0.508849
0.522186
0.532168
0.53072
0.524683
0.508046
0.507489
0.502339
0.523804
0.534688
0.524604
0.507822
0.527664
0.524883
0.524758
0.603865
0.507185
0.517846
0.543766
0.506696
0.512402
0.512674
0.531555
0.527612
0.501929
0.499281
0.522258
0.519884
0.521302
0.52378
0.512524
0.525513
0.52282
0.524518
0.525181
0.518176
0.523305
0.51836
0.526338
0.516749
0.51549
0.536782
0.499764
0.509946
0.521353
0.509038
0.50755
0.5023
0.531633
0.615782
0.532385
0.531346
0.53137
0.505299
0.498111
0.700958
0.532971
0.542504
0.529553
0.506689
0.510579
0.53411
0.537655
0.551595
0.530335
0.673811
0.595511
0.505999
0.511615
0.547689
0.546384
0.531424
0.521245
0.510669
0.512532
0.509733
0.673522
0.534088
0.523638
0.512192
0.531983
0.522004
0.499168
0.50344
0.510077
0.531712
0.505373
0.574092
0.516915
0.52246
0.521669
0.521133
0.528486
0.516386
0.51487
0.516122
0.514125
0.596068
0.651649
0.68081
0.506692
0.508459
0.500764
0.501062
0.648747
0.521823
0.538268
0.504576
0.520328
0.525226
0.518268
0.514193
0.507916
0.512919
0.511547
0.514557
0.522269
0.523264
0.506578
0.526389
0.514979
0.517816
0.512764
0.522893
0.506126
0.525014
0.523381
0.608815
0.515922
0.498218
0.502194
0.516548
0.515704
0.51888
0.531771
0.53882
0.517119
0.50179
0.524008
0.524916
0.510199
0.504794
0.51082
0.527285
0.528232
0.748713
0.638203
0.499121
0.507603
0.536545
0.538019
0.524652
0.505445
0.501692
0.519278
0.507797
0.517348
0.660162
0.515983
0.513418
0.547617
0.526565
0.52698
0.531048
0.52766
0.500407
0.604466
0.599463
0.514844
0.517529
0.53247
0.516075
0.525643
0.561297
0.523704
0.52544
0.52551
0.523947
0.499853
0.529003
0.499944
0.527787
0.506955
0.535946
0.513472
0.507207
0.544724
0.541511
0.528406
0.54125
0.543707
0.502078
0.508659
0.50668
0.502758
0.534616
0.531782
0.513396
0.508771
0.514166
0.510586
0.517665
0.519049
0.514317
0.532011
0.516995
0.520685
0.504487
0.50106
0.545865
0.54197
0.512777
0.505181
0.511027
0.672093
0.736324
0.506781
0.515295
0.527709
0.531784
0.514427
0.512677
0.507131
0.504871
0.520232
0.538141
0.545073
0.519442
0.64412
0.5069
0.497826
0.53317
0.525623
0.503536
0.55576
0.560782
0.514515
0.522859
0.800633
0.523082
0.505231
0.512079
0.523271
0.51989
0.513686
0.5137
0.5231
0.525506
0.524662
0.500015
0.527574
0.528772
0.510381
0.511884
0.517431
0.518894
0.51114
0.524119
0.528586
0.529728
0.628231
0.525428
0.526008
0.526882
0.555078
0.534338
0.534747
0.503948
0.510746
0.532977
0.511496
0.517431
0.531168
0.495123
0.535115
0.520696
0.525968
0.528508
0.528197
0.508126
0.567974
0.512138
0.514427
0.513404
0.504228
0.524488
0.529228
0.529685
0.500486
0.520682
0.501175
0.498522
0.514542
0.521565
0.508532
0.525275
0.519374
0.582832
0.50192
0.504311
0.510015
0.518969
0.509233
0.508194
0.531873
0.510872
0.512016
0.506632
0.498593
0.510677
0.521512
0.53781
0.605111
0.504668
0.511157
0.526614
0.500766
0.510987
0.508758
0.503423
0.527079
0.515361
0.515207
0.515385
0.510804
0.510598
0.507475
0.512596
0.556366
0.518725
0.536435
0.505225
0.524773
0.503867
0.510237
0.504027
0.516246
0.518441
0.526223
0.502957
0.528041
0.504498
0.526545
0.506561
0.528158
0.495389
0.513353
0.506846
0.500724
0.506685
0.509508
0.628193
0.511628
0.510845
0.51415
0.523515
0.511411
0.504481
0.53305
0.5148
0.516612
0.516231
0.518851
0.508765
0.502973
0.502571
0.514404
0.518702
0.695497
0.524094
0.499034
0.588205
0.519715
0.524765
0.531174
0.519544
0.515278
0.507937
0.523628
0.501088
0.523079
0.50581
0.502059
0.509463
0.50916
0.503319
0.507504
0.777438
0.639436
0.521979
0.506198
0.506954
0.524519
0.521498
0.522518
0.501255
0.503403
0.545211
0.517768
0.51255
0.542376
0.537623
0.532237
0.527789
0.499833
0.521718
0.528428
0.50703
0.499361
0.582839
0.510286
0.519503
0.501827
0.507381
0.543237
0.502092
0.516875
0.515392
0.51501
0.50165
0.586851
0.513744
0.496088
0.506793
0.523774
0.507713
0.507905
0.546418
0.512376
0.625916
0.515917
0.522406
0.525454
0.584578
0.59034
0.513461
0.526011
0.524483
0.504329
0.51599
0.520208
0.542061
0.566912
0.501995
0.533474
0.511396
0.50899
0.530827
0.511405
0.514996
0.512543
0.512243
0.523828
0.521349
0.525457
0.521078
0.529681
0.528973
0.512482
0.508643
0.51525
0.498524
0.526375
0.504175
0.523138
0.51527
0.514519
0.504378
0.718915
0.507534
0.525075
0.533543
0.509161
0.494035
0.500128
0.614772
0.563546
0.506111
0.511842
0.534744
0.51198
0.522229
0.526236
0.512219
0.628753
0.509482
0.506941
0.499967
0.548685
0.507596
0.513007
0.517686
0.509626
0.503883
0.5118
0.529118
0.506249
0.534508
0.511033
0.523867
0.52513
0.516165
0.507759
0.51551
0.506991
0.511317
0.506351
0.513492
0.508255
0.527883
0.513342
0.508962
0.530131
0.502935
0.503142
0.504657
0.507213
0.513376
0.50997
0.530118
0.510831
0.515102
0.528168
0.504314
0.516116
0.496289
0.524105
0.52824
0.506452
0.511346
0.527671
0.51141
0.508334
0.498497
0.568158
0.495018
0.598865
0.510179
0.511379
0.514424
0.518381
0.509613
0.505835
0.499461
0.515617
0.516778
0.517624
0.512172
0.50736
0.503407
0.540898
0.508137
0.502131
0.511052
0.501786
0.529075
0.512788
0.607813
0.510309
0.506854
0.58213
0.522149
0.513171
0.504363
0.502674
0.529349
0.49899
0.518928
0.516944
0.544235
0.516899
0.539388
0.49978
0.500895
0.505232
0.507809
0.507964
0.51117
0.513244
0.509779
0.499184
0.519912
0.527892
0.514953
0.507277
0.511983
0.523095
0.522597
0.505551
0.540439
0.517148
0.517184
0.651487
0.523973
0.507761
0.523785
0.506001
0.510248
0.501664
0.54412
0.503016
0.508132
0.496957
0.515712
0.52953
0.524697
0.508352
0.504985
0.502141
0.506575
0.510211
0.528938
0.530883
0.509751
0.518942
0.509925
0.508864
0.498491
0.647709
0.636006
0.515866
0.507915
0.503456
0.509197
0.517972
0.606763
0.526255
0.510092
0.498527
0.546736
0.669081
0.530412
0.504734
0.592356
0.50332
0.51039
0.515792
0.515874
0.524624
0.534519
0.536068
0.514284
0.526278
0.527152
0.504329
0.509708
0.504984
0.519749
0.505496
0.519119
0.626354
0.534804
0.552052
0.525998
0.512222
0.514939
0.517025
0.517503
0.508169
0.500166
0.528505
0.50759
0.540279
0.577964
0.518015
0.517976
0.515697
0.517737
0.517409
0.524577
0.508396
0.515358
0.654985
0.518377
0.513291
0.528222
0.505508
0.522406
0.501823
0.617787
0.501931
0.509779
0.514947
0.539648
0.507498
0.503002
0.522936
0.512459
0.536866
0.548088
0.54491
0.519946
0.611209
0.492092
0.505896
0.512303
0.522497
0.498593
0.551288
0.512437
0.529613
0.510139
0.511753
0.518995
0.503474
0.506646
0.501747
0.504665
0.503663
0.516761
0.511796
0.503571
0.507549
0.513328
0.534592
0.525946
0.53029
0.525096
0.522341
0.495401
0.516474
0.519429
0.524285
0.513608
0.51118
0.526526
0.533002
0.519784
0.555223
0.559102
0.50727
0.502878
0.708538
0.527058
0.519716
0.510121
0.511988
0.511114
0.503832
0.512883
0.515421
0.505997
0.505356
0.51727
0.497973
0.510805
0.507508
0.505939
0.505497
0.551924
0.539047
0.500559
0.506261
0.522483
0.509382
0.505848
0.516735
0.515805
0.508423
0.498194
0.515925
0.509419
0.640317
0.497312
0.513434
0.506991
0.506092
0.504114
0.5143
0.715327
0.514091
0.525874
0.505245
0.528368
0.525911
0.510155
0.513865
0.513405
0.532189
0.538357
0.527603
0.524932
0.535901
0.510579
0.519213
0.512451
0.520113
0.516428
0.492878
0.52844
0.527664
0.509811
0.543165
0.509816
0.509923
0.516054
0.525885
0.524977
0.52258
0.525263
0.518312
0.513969
0.52298
0.498415
0.50289
0.510313
0.512842
0.513137
0.504206
0.510392
0.510047
0.519945
0.50649
0.574327
0.498665
0.514547
0.513784
0.50599
0.505812
0.510588
0.508467
0.525378
0.49318
0.518354
0.514595
0.500176
0.521547
0.532693
0.518467
0.52731
0.52809
0.512907
0.524103
0.508539
0.552173
0.523164
0.519202
0.525475
0.506917
0.501503
0.509518
0.510444
0.524935
0.50398
0.509455
0.530153
0.524065
0.508914
0.59398
0.521848
0.527652
0.519736
0.50555
0.524327
0.496294
0.532452
0.512455
0.531661
0.532549
0.512921
0.537799
0.522948
0.519751
0.518006
0.524823
0.51808
0.536385
0.516958
0.513846
0.535137
0.524314
0.525532
0.502411
0.542087
0.507816
0.506924
0.522702
0.537768
0.522036
0.50436
0.526112
0.517145
0.513353
0.526608
0.531563
0.528854
0.543499
0.566162
0.554522
0.517072
0.51384
0.531157
0.509865
0.527932
0.522607
0.518613
0.522719
0.509914
0.512492
0.512136
0.527721
0.527288
0.511885
0.526189
0.51986
0.52009
0.515679
0.529331
0.515895
0.507847
0.513567
0.519781
0.513355
0.540063
0.604366
0.505118
0.526804
0.625306
0.59056
0.518311
0.513234
0.543856
0.517373
0.523603
0.511273
0.527736
0.526738
0.518101
0.503059
0.524242
0.503196
0.50685
0.571866
0.515809
0.51304
0.518422
0.512228
0.521495
0.503789
0.522334
0.53053
0.503152
0.536701
0.503046
0.532053
0.49222
0.522652
0.528678
0.529337
0.535023
0.538679
0.511318
0.509195
0.511351
0.511587
0.513106
0.512714
0.520493
0.520517
0.525509
0.511957
0.518516
0.51062
0.526305
0.500407
0.513838
0.509916
0.61307
0.528334
0.508111
0.520459
0.526653
0.525172
0.522975
0.509539
0.508232
0.504675
0.502645
0.499901
0.511066
0.527351
0.529936
0.514447
0.512088
0.51405
0.519044
0.565561
0.504252
0.523405
0.526079
0.515585
0.506071
0.505188
0.529173
0.536729
0.499195
0.526415
0.539348
0.552742
0.517735
0.515942
0.630091
0.53793
0.525605
0.509131
0.511474
0.513713
0.525855
0.527446
0.527224
0.512697
0.530609
0.526433
0.526738
0.52452
0.528391
0.521839
0.567233
0.557142
0.528181
0.532552
0.511737
0.500237
0.527535
0.528336
0.510116
0.518529
0.60517
0.496841
0.508782
0.510686
0.51053
0.535984
0.520071
0.502759
0.531109
0.513967
0.533966
0.500926
0.513345
0.516697
0.520361
0.525328
0.522886
0.527991
0.528788
0.51269
0.577995
0.528741
0.526906
0.542724
0.516656
0.520156
0.495349
0.499941
0.503651
0.507045
0.516017
0.502129
0.508481
0.519897
0.53683
0.541296
0.544957
0.543794
0.537461
0.501199
0.520574
0.522487
0.52513
0.751312
0.514011
0.509289
0.509872
0.515526
0.524315
0.510576
0.538324
0.670494
0.518125
0.491971
0.503244
0.502257
0.536599
0.505285
0.532517
0.527493
0.525153
0.514666
0.516509
0.498582
0.530044
0.526477
0.504188
0.517143
0.515834
0.517323
0.582844
0.511348
0.577423
0.559199
0.509195
0.518683
0.516385
0.52027
0.52075
0.516116
0.503624
0.503747
0.524139
0.640248
0.509649
0.519109
0.528701
0.520426
0.518324
0.515215
0.514895
0.504632
0.516227
0.741081
0.506086
0.503731
0.53297
0.512657
0.499499
0.512664
0.510529
0.525973
0.516858
0.524584
0.506235
0.508039
0.525223
0.505415
0.523377
0.512429
0.526536
0.503234
0.54527
0.576334
0.497246
0.525836
0.51289
0.518715
0.509745
0.498973
0.525947
0.532141
0.632254
0.527773
0.524616
0.662917
0.52661
0.505727
0.526178
0.505914
0.516841
0.510973
0.529832
0.50922
0.514142
0.501704
0.520019
0.526351
0.516507
0.511413
0.508757
0.512326
0.522519
0.530997
0.498827
0.519557
0.507972
0.491044
0.510081
0.524944
0.515829
0.743628
0.648377
0.51638
0.525013
0.698259
0.586918
0.504514
0.531509
0.517817
0.512297
0.568581
0.510068
0.526367
0.528205
0.526642
0.52179
0.519871
0.553122
0.518381
0.524303
0.518851
0.510676
0.515954
0.526491
0.528959
0.526936
0.512636
0.516757
0.559451
0.507349
0.524084
0.525429
0.595965
0.5183
0.511946
0.516326
0.526222
0.501158
0.530335
0.557826
0.530476
0.670265
0.532258
0.519798
0.516303
0.523154
0.528162
0.512928
0.507061
0.51537
0.520376
0.518328
0.509592
0.509467
0.508771
0.53062
0.532157
0.529785
0.518799
0.505226
0.527126
0.50663
0.516453
0.504231
0.500526
0.505726
0.506922
0.499949
0.511602
0.597066
0.531376
0.504887
0.514668
0.511077
0.522489
0.513541
0.508865
0.530168
0.512216
0.516315
0.537497
0.511202
0.506685
0.517093
0.518134
0.523582
0.521039
0.524129
0.567401
0.5902
0.508153
0.53131
0.576183
0.508568
0.536045
0.509124
0.491744
0.503853
0.520601
0.509207
0.509122
0.789931
0.51714
0.535707
0.508724
0.509087
0.527566
0.522526
0.515596
0.507608
0.573089
0.526374
0.513591
0.514757
0.507747
0.53165
0.609714
0.528041
0.537409
0.503392
0.527411
0.660439
0.500157
0.49722
0.516192
0.507462
0.524046
0.518567
0.514561
0.516974
0.524717
0.527702
0.504915
0.53814
0.499431
0.524255
0.503726
0.525242
0.616558
0.553054
0.695035
0.515668
0.516221
0.516735
0.500213
0.537537
0.524823
0.622097
0.519301
0.526828
0.514128
0.566101
0.505751
0.518994
0.5168
0.529017
0.538717
0.519354
0.528371
0.670238
0.727636
0.622966
0.520993
0.518692
0.499768
0.504797
0.501359
0.525765
0.521227
0.505066
0.503312
0.516242
0.498251
0.703001
0.523672
0.501998
0.496582
0.501744
0.505921
0.508964
0.528251
0.575082
0.523742
0.571031
0.575075
0.515573
0.527338
0.505951
0.658897
0.504372
0.508781
0.642204
0.61222
