0.510678
0.512963
0.513051
0.513391
0.52845
0.528582
0.521642
0.516493
0.513574
0.516702
0.530699
0.538139
0.516575
0.506695
0.508172
0.508456
0.506828
0.515705
0.577971
0.569671
0.511658
0.509706
0.51358
0.834589
0.733106
0.510334
0.512968
0.527734
0.534518
0.511559
0.515707
0.507
0.502643
0.498418
0.525678
0.50847
0.515094
0.513836
0.527749
0.526513
0.517433
0.507767
0.569347
0.597927
0.5828
0.503566
0.503253
0.501795
0.502058
0.501835
0.50131
0.528397
0.508421
0.506215
0.502172
0.502866
0.504454
0.507246
0.509822
0.512269
0.509984
0.509049
0.517675
0.517355
0.514142
0.504962
0.506132
0.512143
0.50917
0.515144
0.52757
0.527222
0.640704
0.515268
0.527857
0.529415
0.527597
0.527127
0.527626
0.518528
0.514035
0.520058
0.507271
0.510941
0.528538
0.525243
0.525938
0.537321
0.516201
0.513039
0.517498
0.525403
0.525007
0.524039
0.512127
0.53017
0.528722
0.530169
0.53084
0.521992
0.518712
0.520171
0.529784
0.498092
0.509755
0.50461
0.511958
0.520541
0.520034
0.514217
0.50928
0.525768
0.525468
0.512458
0.523109
0.52737
0.527834
0.531204
0.52073
0.520148
0.506252
0.878558
0.831423
0.713715
0.517139
0.513788
0.509645
0.512394
0.507407
0.508169
0.506397
0.517628
0.515626
0.50835
0.505947
0.51933
0.520845
0.532367
0.5252
0.519748
0.529969
0.531298
0.505165
0.529607
0.501242
0.502457
0.509338
0.508251
0.523748
0.522858
0.498988
0.533488
0.540001
0.529651
0.527573
0.510932
0.51806
0.513486
0.5153
0.604727
0.666032
0.504156
0.511144
0.510492
0.527042
0.526767
0.51423
0.509513
0.544862
0.537348
0.507696
0.509514
0.50598
0.513648
0.515884
0.517679
0.517551
0.51749
0.533375
0.531856
0.527919
0.525918
0.517556
0.522314
0.524047
0.522268
0.541161
0.544807
0.540198
0.525988
0.520693
0.4999
0.519162
0.520542
0.511273
0.517872
0.517354
0.523814
0.5248
0.526751
0.526577
0.535841
0.54306
0.531121
0.529132
0.509933
0.51064
0.50379
0.505672
0.506428
0.522476
0.579277
0.526998
0.638324
0.564387
0.5848
0.514016
0.528796
0.653284
0.633439
0.497775
0.497807
0.499605
0.509138
0.511086
0.527983
0.510147
0.510408
0.51178
0.526205
0.52368
0.526388
0.528291
0.53003
0.512819
0.508957
0.51758
0.515829
0.519961
0.516775
0.594752
0.529463
0.585929
0.603084
0.512277
0.513753
0.502594
0.509876
0.537289
0.538678
0.52106
0.521182
0.518022
0.517276
0.516272
0.484184
0.499185
0.507539
0.507067
0.501339
0.516437
0.525076
0.523712
0.518444
0.518524
0.506024
0.508287
0.501554
0.503162
0.514627
0.508198
0.499053
0.501516
0.52629
0.525736
0.507621
0.506965
0.507402
0.529039
0.502364
0.50455
0.528737
0.509951
0.509848
0.508618
0.510463
0.509705
0.511227
0.510768
0.505135
0.508874
0.603608
0.503492
0.504715
0.516979
0.510156
0.524303
0.525977
0.54201
0.544255
0.542789
0.55176
0.542241
0.553347
0.50823
0.51348
0.518958
0.511054
0.509538
0.504279
0.507839
0.501431
0.507293
0.504113
0.504743
0.504718
0.506209
0.506801
0.506295
0.509219
0.528248
0.529314
0.501892
0.505097
0.513242
0.518813
0.525234
0.521637
0.583791
0.596558
0.50682
0.507887
0.505249
0.564663
0.519791
0.521517
0.504109
0.511639
0.510667
0.516674
0.519771
0.506387
0.505438
0.511204
0.513611
0.512333
0.518513
0.534403
0.503751
0.50687
0.670073
0.51381
0.514613
0.50507
0.496628
0.509395
0.522282
0.512999
0.51424
0.507294
0.526495
0.508635
0.511763
0.505054
0.531597
0.530357
0.500588
0.51123
0.510219
0.510867
0.507666
0.597265
0.516538
0.521679
0.507166
0.504683
0.506427
0.516978
0.516957
0.520616
0.504581
0.505021
0.525227
0.527683
0.505559
0.506064
0.588419
0.619404
0.604697
0.506121
0.506291
0.507632
0.519609
0.51667
0.509979
0.63953
0.681421
0.514104
0.513968
0.512552
0.51279
0.515079
0.516293
0.515252
0.512852
0.512034
0.520897
0.520817
0.52379
0.508112
0.526736
0.506456
0.523067
0.510025
0.506309
0.495842
0.535924
0.500609
0.514476
0.781238
0.623806
0.741702
0.525808
0.520349
0.527254
0.515738
0.513616
0.502289
0.503414
0.529911
0.5285
0.527418
0.50881
0.509265
0.508904
0.50869
0.505122
0.613072
0.632299
0.627348
0.504216
0.52045
0.517174
0.529203
0.528681
0.514898
0.670174
0.641295
0.595946
0.519125
0.508948
0.643366
0.610171
0.637844
0.516157
0.517643
0.505682
0.538093
0.522449
0.519332
0.518718
0.511637
0.498672
0.519462
0.501562
0.498638
0.539312
0.534718
0.528729
0.529732
0.499218
0.501535
0.506041
0.509811
0.504173
0.604668
0.50263
0.519001
0.523111
0.523321
0.507937
0.505417
0.52297
0.521835
0.523607
0.51778
0.513951
0.517699
0.504556
0.509825
0.519196
0.522941
0.533216
0.541104
0.53335
0.497242
0.712373
0.506056
0.507627
0.511719
0.530427
0.529762
0.530129
0.503748
0.507034
0.516028
0.517322
0.51624
0.499705
0.498957
0.502646
0.494844
0.50607
0.509168
0.508185
0.508184
0.509902
0.533081
0.515771
0.509367
0.63994
0.652906
0.667876
0.508914
0.526093
0.511196
0.504368
0.507347
0.499924
0.517432
0.511661
0.508407
0.587716
0.519689
0.521468
0.546015
0.55178
0.495755
0.501476
0.498108
0.512582
0.527916
0.532387
0.521891
0.535951
0.528431
0.506787
0.506266
0.55704
0.524483
0.522778
0.523153
0.5191
0.505045
0.522806
0.522199
0.57772
0.500864
0.50159
0.514088
0.510565
0.52164
0.519056
0.511093
0.510456
0.51589
0.631621
0.503392
0.511193
0.498585
0.511243
0.507302
0.524187
0.505545
0.50633
0.510598
0.525721
0.528175
0.49918
0.505017
0.522898
0.507811
0.535122
0.504303
0.527206
0.524482
0.517379
0.513269
0.517356
0.510086
0.51634
0.514206
0.516334
0.525529
0.524162
0.505904
0.499723
0.494841
0.501091
0.496754
0.507473
0.526949
0.531446
0.509688
0.65169
0.672009
0.547457
0.536637
0.504696
0.521435
0.500493
0.50309
0.507682
0.508471
0.505861
0.526697
0.607696
0.584357
0.648712
0.574777
0.516041
0.521327
0.517057
0.513561
0.505458
0.511229
0.505935
0.505657
0.502242
0.580726
0.573956
0.510343
0.521933
0.526952
0.503049
0.512813
0.512041
0.524002
0.52494
0.685299
0.539069
0.497918
0.524833
0.526034
0.526818
0.528072
0.508708
0.507476
0.505909
0.64045
0.518354
0.506817
0.506578
0.505712
0.501372
0.509357
0.518571
0.521527
0.518047
0.513978
0.503833
0.506177
0.526273
0.647194
0.530751
0.517232
0.51624
0.516194
0.514817
0.51999
0.522069
0.527383
0.535424
0.52552
0.522267
0.522708
0.52882
0.521884
0.516229
0.522402
0.537487
0.517416
0.533062
0.506956
0.523245
0.523555
0.769215
0.722761
0.720814
0.519149
0.516178
0.543816
0.540742
0.526713
0.52475
0.528612
0.526358
0.508716
0.507102
0.511821
0.508228
0.538618
0.531277
0.534696
0.513943
0.516269
0.524515
0.524254
0.524774
0.519119
0.506994
0.511767
0.51295
0.500939
0.530494
0.52058
0.523071
0.514942
0.526166
0.514859
0.506483
0.547123
0.529704
0.512224
0.528518
0.528066
0.511922
0.623124
0.634441
0.514019
0.622902
0.63554
0.50944
0.518715
0.517255
0.514245
0.502452
0.504507
0.497863
0.495554
0.529097
0.531326
0.528057
0.528769
0.529071
0.498111
0.498354
0.639304
0.513576
0.516194
0.506769
0.516127
0.513048
0.513831
0.510384
0.531
0.529488
0.527141
0.524026
0.510981
0.498275
0.493252
0.520484
0.518639
0.515397
0.525442
0.529953
0.512971
0.527542
0.513371
0.5061
0.507693
0.506383
0.522551
0.520423
0.512124
0.52748
0.548741
0.557358
0.529501
0.524159
0.528421
0.516205
0.51648
0.51638
0.527892
0.511814
0.517092
0.510728
0.500621
0.504316
0.565507
0.586404
0.686623
0.510615
0.507485
0.50526
0.508395
0.530083
0.527704
0.522514
0.511559
0.517879
0.510641
0.510228
0.537578
0.50228
0.505116
0.522689
0.529036
0.514522
0.556418
0.507632
0.540169
0.514463
0.899004
0.516959
0.530083
0.51914
0.512309
0.499643
0.560871
0.535371
0.534599
0.512228
0.518322
0.514343
0.647713
0.525355
0.595698
0.595667
0.576389
0.536813
0.503707
0.516392
0.515863
0.52575
0.523535
0.503569
0.50281
0.538602
0.538052
0.514103
0.507698
0.511184
0.503957
0.506665
0.524119
0.501846
0.500805
0.521351
0.529188
0.523434
0.530995
0.534696
0.510644
0.505949
0.504794
0.503087
0.504273
0.524676
0.5188
0.515049
0.528893
0.505779
0.508332
0.529444
0.528724
0.50868
0.509283
0.61421
0.51052
0.509607
0.501401
0.508419
0.509549
0.510588
0.52369
0.51908
0.498723
0.521074
0.515776
0.499833
0.508027
0.544267
0.586936
0.52974
0.526004
0.505529
0.51137
0.507283
0.527409
0.526441
0.527665
0.518268
0.521397
0.502504
0.506343
0.515524
0.514714
0.553179
0.528645
0.53719
0.533795
0.5137
0.492011
0.494339
0.497635
0.636393
0.686953
0.772326
0.71496
0.77767
0.530334
0.566831
0.56094
0.565669
0.727253
0.526136
0.526862
0.51353
0.518884
0.511759
0.517852
0.516873
0.507784
0.513365
0.521895
0.559686
0.576466
0.577754
0.546472
0.515659
0.508634
0.507119
0.506518
0.522993
0.524593
0.508606
0.511115
0.531377
0.532189
0.50691
0.51068
0.510545
0.511406
0.51381
0.522259
0.520218
0.550328
0.526027
0.526462
0.519627
0.506437
0.504908
0.525174
0.495826
0.51972
0.512749
0.514695
0.502288
0.509701
0.518395
0.524155
0.516744
0.513628
0.508303
0.531994
0.52654
0.51673
0.544222
0.524295
0.509411
0.512297
0.508466
0.511713
0.539984
0.623898
0.524327
0.509455
0.521253
0.506801
0.532511
0.60327
0.526149
0.512398
0.502647
0.502453
0.530498
0.504829
0.514532
0.521033
0.567501
0.514704
0.514714
0.533041
0.531625
0.510428
0.510082
0.496687
0.618315
0.506873
0.503867
0.502087
0.521294
0.505889
0.549533
0.548139
0.519159
0.518924
0.505998
0.596634
0.600469
0.502924
0.541915
0.526928
0.531311
0.533442
0.549776
0.520708
0.50796
0.512403
0.514268
0.517605
0.514603
0.532406
0.529819
0.505263
0.532517
0.504772
0.522992
0.530222
0.511897
0.509773
0.495898
0.501674
0.502903
0.515141
0.517544
0.519637
0.520995
0.519127
0.528452
0.52451
0.525881
0.512826
0.518331
0.509092
0.509439
0.51244
0.519617
0.50618
0.501094
0.642205
0.655257
0.506817
0.495051
0.516035
0.504357
0.519544
0.520217
0.51386
0.516796
0.522001
0.518125
0.528801
0.531197
0.523937
0.580819
0.508655
0.520909
0.508265
0.524892
0.522391
0.522363
0.518789
0.52828
0.589636
0.511592
0.536837
0.512544
0.515297
0.501556
0.497114
0.521407
0.522769
0.525771
0.522021
0.52569
0.525581
0.529607
0.527588
0.527084
0.514791
0.511818
0.527097
0.5026
0.509647
0.503837
0.508628
0.526037
0.52027
0.507486
0.527868
0.608322
0.536597
0.516497
0.536623
0.512479
0.513888
0.508376
0.496089
0.503132
0.728573
0.532772
0.541994
0.531075
0.540644
0.530671
0.631269
0.60087
0.513349
0.549159
0.551572
0.522709
0.512682
0.508297
0.625446
0.52805
0.509233
0.509316
0.531315
0.531134
0.522108
0.501736
0.503861
0.552743
0.552707
0.503955
0.521926
0.502762
0.53042
0.530891
0.564702
0.517298
0.563637
0.522643
0.526949
0.519096
0.519713
0.527873
0.517315
0.51578
0.514307
0.549654
0.544998
0.597277
0.780863
0.656054
0.6282
0.508593
0.505707
0.501708
0.493481
0.510813
0.702324
0.553691
0.507984
0.520429
0.497564
0.512954
0.513243
0.517617
0.517973
0.606129
0.504119
0.528255
0.52468
0.524157
0.504063
0.509958
0.52737
0.528874
0.564701
0.496913
0.498588
0.505894
0.506078
0.49983
0.498251
0.511469
0.517191
0.507176
0.763247
0.729848
0.532434
0.539255
0.506504
0.529043
0.509389
0.506612
0.516833
0.512368
0.504512
0.5164
0.526037
0.520156
0.539304
0.528777
0.521135
0.510042
0.509473
0.506236
0.541802
0.520036
0.50493
0.528205
0.503535
0.502642
0.502695
0.502188
0.514489
0.62175
0.543617
0.528026
0.531984
0.529139
0.518507
0.524041
0.560488
0.515638
0.514073
0.53514
0.51348
0.526941
0.510488
0.527451
0.524475
0.523826
0.512871
0.522866
0.501997
0.525451
0.529626
0.511499
0.508326
0.538105
0.536432
0.502323
0.515395
0.542643
0.510019
0.537118
0.534487
0.533197
0.551155
0.509522
0.509277
0.510233
0.507088
0.530874
0.530184
0.564732
0.501296
0.532758
0.615672
0.512654
0.501467
0.525122
0.506783
0.507232
0.515229
0.507377
0.509573
0.501889
0.53997
0.510936
0.50947
0.518755
0.510816
0.508915
0.520402
0.504147
0.514371
0.526447
0.512805
0.492527
0.513467
0.515272
0.502459
0.525665
0.521602
0.51515
0.495669
0.515093
0.517269
0.528924
0.513595
0.49994
0.525242
0.52306
0.508048
0.506727
0.513736
0.489513
0.512237
0.520811
0.640968
0.524583
0.513039
0.503341
0.51689
0.516285
0.61794
0.544558
0.506728
0.530508
0.534621
0.528659
0.68645
0.528042
0.528721
0.507759
0.513874
0.515338
0.506486
0.633946
0.528289
0.513177
0.517349
0.499319
0.524114
0.524457
0.532626
0.528852
0.526861
0.522026
0.525765
0.527576
0.5103
0.528244
0.541956
0.507371
0.541432
0.517222
0.515974
0.518322
0.522878
0.50719
0.555801
0.504053
0.51627
0.520829
0.519407
0.509368
0.516712
0.528833
0.521863
0.525151
0.518814
0.520589
0.498449
0.532975
0.519962
0.52483
0.50219
0.519174
0.511533
0.513571
0.518166
0.501039
0.497303
0.508995
0.50933
0.506903
0.505372
0.501267
0.528744
0.528324
0.523284
0.593312
0.519146
0.504085
0.512968
0.522223
0.506786
0.510048
0.505596
0.513973
0.503141
0.533789
0.511597
0.513002
0.516325
0.537984
0.503742
0.524348
0.529821
0.502918
0.509448
0.520418
0.519322
0.526953
0.517189
0.505873
0.526353
0.501161
0.497744
0.526351
0.507142
0.525504
0.521759
0.502539
0.504543
0.511739
0.50414
0.515635
0.516303
0.503994
0.50502
0.509486
0.511197
0.510813
0.526244
0.668128
0.5309
0.525074
0.523546
0.523639
0.510216
0.507397
0.496958
0.513054
0.504808
0.529247
0.654942
0.524434
0.523005
0.497465
0.517919
0.523739
0.516151
0.533153
0.527131
0.508008
0.511236
0.506374
0.520527
0.51082
0.518308
0.821977
0.554448
0.50727
0.541573
0.515517
0.779967
0.521465
0.509388
0.50795
0.531244
0.507894
0.509191
0.511013
0.527799
0.504485
0.507533
0.502326
0.509888
0.5129
0.511231
0.499931
0.512974
0.510947
0.523566
0.525638
0.527236
0.540483
0.529288
0.531304
0.501195
0.530417
0.535025
0.524801
0.509101
0.504175
0.506881
0.515693
0.501307
0.521709
0.520504
0.523912
0.518286
0.573664
0.495645
0.67348
0.52239
0.5146
0.523938
0.51573
0.508702
0.541909
0.52326
0.503439
0.510025
0.502232
0.501426
0.519645
0.570778
0.519241
0.520145
0.516871
0.526623
0.513169
0.514005
0.510503
0.519064
0.542197
0.564186
0.644648
0.514277
0.506098
0.530541
0.506155
0.54421
0.517434
0.51368
0.510514
0.512738
0.511094
0.523269
0.525133
0.523732
0.523547
0.526379
0.505433
0.515053
0.514415
0.507363
0.509298
0.52092
0.517177
0.508388
0.511296
0.525308
0.506185
0.499448
0.506172
0.519399
0.600822
0.591623
0.506407
0.517292
0.505685
0.527255
0.514238
0.50749
0.527785
0.554886
0.505655
0.537025
0.515645
0.524779
0.50047
0.502189
0.544774
0.537499
0.763884
0.506866
0.510693
0.50363
0.504768
0.50715
0.526387
0.514681
0.511654
0.524674
0.524571
0.524494
0.513304
0.518032
0.504924
0.528805
0.523616
0.509172
0.50891
0.50266
0.520943
0.508912
0.501135
0.520287
0.509109
0.523899
0.514417
0.527025
0.517388
0.493673
0.531142
0.502581
0.512504
0.53107
0.506351
0.511834
0.503159
0.583561
0.629416
0.50339
0.507456
0.511767
0.521368
0.526694
0.513987
0.501707
0.517696
0.514371
0.500882
0.506984
0.510504
0.511792
0.511112
0.512216
0.517496
0.52956
0.556356
0.515502
0.573355
0.507513
0.507978
0.754111
0.690711
0.507559
0.547397
0.532381
0.579376
0.511472
0.501312
0.518049
0.523682
0.524344
0.507269
0.509987
0.528511
0.534363
0.499526
0.506482
0.49682
0.537775
0.525951
0.523779
0.505199
0.810114
0.524239
0.5356
0.51775
0.579503
0.497243
0.531191
0.535655
0.508759
0.517572
0.51281
0.506566
0.523313
0.501842
0.507345
0.505919
0.517276
0.505138
0.522913
0.524669
0.545237
0.506955
0.493547
0.53299
0.51479
0.53779
0.518237
0.508813
0.523583
0.633991
0.496307
0.527094
0.530018
0.497182
0.502022
0.51056
0.582934
0.527052
0.521147
0.509916
0.510408
0.52392
0.508419
0.713693
0.507831
0.518521
0.53334
0.500159
0.503905
0.516617
0.559244
0.5606
0.507686
0.510597
0.521246
0.534093
0.509582
0.545157
0.618232
0.50091
0.519152
0.59005
0.513707
0.516214
0.534792
0.517148
0.528238
0.509899
0.531192
0.508333
0.51864
0.622719
0.516494
0.536775
0.517629
0.50644
0.524386
0.513268
0.562357
0.509119
0.517587
0.52534
0.50551
0.550858
0.523659
0.568348
0.590402
0.507407
0.501626
0.50244
0.505324
0.528389
0.513203
0.522194
0.506909
0.535929
0.512058
0.548873
0.523384
0.521668
0.521913
0.503514
0.537287
0.523448
0.504525
0.510518
0.516319
0.52419
0.503283
0.506368
0.517294
0.554833
0.508393
0.530015
0.516873
0.512554
0.52768
0.594661
0.507033
0.511185
0.514931
0.524213
0.51393
0.510381
0.505536
0.507652
0.514828
0.524106
0.525675
0.52276
0.51048
0.529726
0.526759
0.524744
0.513466
0.526101
0.526451
0.515859
0.510914
0.51526
0.536111
0.532071
0.532466
0.532353
0.516017
0.569979
0.527097
0.521314
0.527232
0.49598
0.517917
0.574005
0.514087
0.529567
0.518114
0.503856
0.510764
0.526296
0.507955
0.505753
0.501755
0.51153
0.50735
0.53915
0.526788
0.508504
0.50477
0.520671
0.500829
0.53599
0.534658
0.536837
0.521537
0.509372
0.512703
0.508294
0.514474
0.501937
0.526629
0.52325
0.523329
0.528853
0.515403
0.521679
0.507449
0.596709
0.59753
0.513418
0.50447
0.510159
0.505492
0.502413
0.522158
0.520753
0.523462
0.52597
0.504718
0.634967
0.59008
0.521512
0.710973
0.51441
0.523936
0.542798
0.520367
0.527419
0.513468
0.517047
0.509811
0.512844
0.530598
0.529239
0.49575
0.523345
0.528347
0.522413
0.54522
0.51504
0.513633
0.529456
0.515245
0.527536
0.542291
0.516567
0.52282
0.513831
0.51817
0.515739
0.508081
0.500401
0.51319
0.524117
0.523626
0.517373
0.56557
0.569873
0.50838
0.506039
0.524732
0.520769
0.518934
0.517357
0.520843
0.515228
0.529732
0.517211
0.511726
0.50454
0.505881
0.51217
0.505919
0.503152
0.511577
0.545918
0.506616
0.52394
0.520115
0.521228
0.519376
0.520407
0.526796
0.52
0.510628
0.527012
0.521305
0.535654
0.513134
0.507319
0.522369
0.518122
0.519964
0.522729
0.520411
0.510747
0.674379
0.52657
0.525558
0.530939
0.539398
0.509389
0.520051
0.519656
0.517574
0.509753
0.519819
0.506906
0.501967
0.518819
0.530656
0.510075
0.506378
0.61186
0.508379
0.514021
0.515699
0.513115
0.507283
0.506015
0.544887
0.56151
0.557626
0.506816
0.513759
0.517422
0.502507
0.511513
0.506994
0.514194
0.515117
0.514807
0.514919
0.529036
0.509501
0.516545
0.544798
0.509274
0.576698
0.521709
0.512634
0.514144
0.517086
0.52486
0.51439
0.521381
0.503375
0.516037
0.51135
0.51594
0.514157
0.704854
0.517171
0.506702
0.554625
0.597702
0.521231
0.526011
0.51308
0.510688
0.518396
0.521644
0.519796
0.549657
0.507601
0.516315
0.508178
0.51147
0.529996
0.508264
0.529378
0.53218
0.527573
0.508895
0.528022
0.512118
0.52331
0.508939
0.520682
0.512615
0.541615
0.511345
0.512073
0.519522
0.519981
0.515389
0.52266
0.527861
0.515338
0.52493
0.555509
0.51991
0.532168
0.531301
0.519925
0.57178
0.516769
0.507397
0.578315
0.520686
0.510122
0.530343
0.526906
0.507777
0.537366
0.51433
0.504195
0.505444
0.509705
0.512552
0.565779
0.506475
0.518771
0.507312
0.508969
0.539455
0.529395
0.50772
0.518709
0.502234
0.51352
0.537431
0.525108
0.502668
0.532889
0.514945
0.516276
0.517873
0.520396
0.520589
0.503779
0.528082
0.519722
0.523588
0.520162
0.526917
0.508557
0.509368
0.515103
0.507111
0.51001
0.522055
0.515733
0.509985
0.537412
0.53293
0.619326
0.621068
0.517789
0.516637
0.523444
0.504656
0.531879
0.532888
0.554034
0.511495
0.510767
0.530401
0.524498
0.511517
0.515366
0.524542
0.513391
0.518414
0.515816
0.525686
0.532257
0.508793
0.504118
0.548127
0.521412
0.578129
0.546775
0.540462
0.524543
0.513154
0.527381
0.525341
0.501825
0.504562
0.505777
0.508308
0.513066
0.551134
0.550646
0.52045
0.518223
0.533524
0.516783
0.507885
0.495321
0.520016
0.511227
0.541087
0.516381
0.506074
0.524986
0.505565
0.524158
0.525771
0.527916
0.529169
0.533156
0.514573
0.533558
0.527868
0.78891
0.524224
0.521722
0.513238
0.553933
0.522364
0.511765
0.521172
0.522649
0.502613
0.520143
0.517059
0.543091
0.53944
0.532717
0.520279
0.528546
0.525109
0.596174
0.510455
0.528094
0.523527
0.507031
0.519507
0.517697
0.507789
0.534542
0.527227
0.526605
0.506259
0.511324
0.514401
0.502182
0.532168
0.529287
0.512035
0.526354
0.507069
0.507187
0.514191
0.589437
0.523924
0.520917
0.513953
0.504313
0.686258
0.507172
0.503442
0.520238
0.5134
0.514482
0.506956
0.519585
0.49736
0.508898
0.524224
0.510269
0.539512
0.521588
0.506799
0.675293
0.507212
0.509025
0.503166
0.521413
0.513676
0.506041
0.529946
0.516733
0.505422
0.740743
0.507278
0.73842
0.505931
0.50473
0.520831
0.507351
0.526784
0.498051
0.503785
0.551226
0.514858
0.492225
0.523888
0.53786
0.510173
0.531424
0.512736
0.633708
0.619804
0.507743
0.519681
0.513149
0.632992
0.534312
0.50844
0.516916
0.525852
0.50286
0.520787
0.528793
0.516005
0.525353
0.530603
0.528572
0.514943
0.524674
0.510708
0.509155
0.508109
0.530014
0.538437
0.500009
0.512128
0.515143
0.512307
0.505919
0.50308
0.512403
0.527802
0.538404
0.505886
0.513968
0.518758
0.511982
0.520374
0.513984
0.507435
0.50939
0.506149
0.546633
0.508081
0.516647
0.653156
0.513201
0.52859
0.507355
0.520038
0.508175
0.503776
0.513373
0.502526
0.526104
0.517968
0.507306
0.533984
0.499755
0.501591
0.528079
0.501985
0.535176
0.553206
0.510836
0.527929
0.540479
0.526514
0.516059
0.519678
0.509946
0.50757
0.525168
0.503209
0.520856
0.506111
0.51158
0.518634
0.546568
0.523457
0.526652
0.530116
0.515486
0.518994
0.525319
0.529048
0.503961
0.522063
0.516196
0.516605
0.52581
0.505702
0.506909
0.506242
0.530891
0.495449
0.51852
0.51516
0.535299
0.52057
0.529872
0.513311
0.509766
0.51011
0.526223
0.505358
0.529876
0.532169
0.510208
0.548345
0.535031
0.50816
0.515673
0.53124
0.505143
0.508128
0.507062
0.509955
0.510779
0.505481
0.65514
0.515308
0.500714
0.53425
0.559225
0.531773
0.51649
0.501278
0.54803
0.512749
0.520176
0.513154
0.511003
0.515449
0.511983
0.508779
0.512425
0.520279
0.512406
0.512934
0.503878
0.522351
0.501937
0.511534
0.527494
0.513734
0.530709
0.509544
0.53973
0.50974
0.51515
0.515784
0.532153
0.534336
0.515765
0.511039
0.554564
0.520065
0.525139
0.511946
0.508902
0.517429
0.528481
0.522751
0.533876
0.501635
0.504942
0.520308
0.642411
0.537232
0.507631
0.514591
0.525065
0.528711
0.513689
0.51507
0.498061
0.510389
0.567255
0.520048
0.508146
0.544651
0.511394
0.51577
0.521619
0.507651
0.589186
0.508525
0.510459
0.507646
0.519645
0.491953
0.510429
0.514881
0.517875
0.519156
0.509684
0.524389
0.502751
0.51114
0.524002
0.523383
0.525791
0.502581
0.52694
0.516846
0.502861
0.865171
0.53141
0.562971
0.93841
0.52126
0.503313
0.529359
0.527207
0.530987
0.851856
0.524909
0.518185
0.535834
0.518057
0.518225
0.504625
