0.512467
0.50877
0.51068
0.511015
0.526634
0.526742
0.52924
0.523283
0.506987
0.51197
0.51112
0.54071
0.550168
0.514788
0.515924
0.513552
0.49845
0.504017
0.506037
0.546157
0.540136
0.633337
0.671398
0.67536
0.50908
0.504157
0.509721
0.513515
0.523262
0.513251
0.503585
0.53146
0.530376
0.523768
0.524988
0.508562
0.543109
0.52604
0.527278
0.5018
0.502844
0.499479
0.498933
0.498964
0.528032
0.500789
0.504002
0.525862
0.510254
0.508266
0.503745
0.496821
0.504317
0.507918
0.52542
0.513233
0.514611
0.525201
0.526593
0.502054
0.503141
0.506531
0.525439
0.516491
0.519905
0.518764
0.521928
0.50303
0.500262
0.523165
0.522239
0.521684
0.529256
0.531407
0.52512
0.528291
0.51106
0.515331
0.51265
0.520806
0.531028
0.529169
0.49551
0.492988
0.499053
0.506419
0.502717
0.507791
0.519834
0.52462
0.507896
0.498618
0.508639
0.50785
0.504403
0.52341
0.523253
0.521303
0.518089
0.50377
0.507039
0.52818
0.526116
0.694064
0.545269
0.621857
0.52743
0.519139
0.524123
0.523809
0.526748
0.523853
0.52409
0.53257
0.527214
0.532481
0.521999
0.524258
0.530164
0.52114
0.497591
0.50683
0.525646
0.525389
0.506735
0.511829
0.516154
0.513759
0.524552
0.497649
0.502438
0.528778
0.517489
0.576401
0.525702
0.529279
0.530818
0.505442
0.508489
0.505067
0.506777
0.501241
0.50423
0.532477
0.529389
0.523931
0.518572
0.520876
0.498608
0.502899
0.511644
0.516805
0.544028
0.547317
0.537502
0.515104
0.514549
0.499081
0.511406
0.51273
0.510707
0.501896
0.507423
0.502779
0.50212
0.513218
0.525876
0.526728
0.516351
0.516706
0.516753
0.506807
0.537784
0.50535
0.505418
0.503208
0.520912
0.519946
0.500829
0.497018
0.526338
0.523273
0.526312
0.521313
0.529833
0.526306
0.522283
0.539814
0.53715
0.548834
0.542244
0.551314
0.527317
0.526509
0.509389
0.509289
0.511001
0.505795
0.503836
0.498695
0.506248
0.501197
0.503641
0.512644
0.513826
0.510705
0.726675
0.647474
0.514386
0.519571
0.511355
0.521068
0.498702
0.514832
0.518726
0.540149
0.509524
0.505831
0.530915
0.512388
0.523658
0.526292
0.525269
0.513502
0.513067
0.53757
0.537072
0.529091
0.534805
0.518018
0.523102
0.523969
0.523799
0.707329
0.739623
0.527796
0.528648
0.532984
0.602671
0.505577
0.508137
0.505871
0.511721
0.510534
0.528171
0.526846
0.530499
0.542563
0.537762
0.517393
0.514014
0.507826
0.504938
0.5029
0.500994
0.498786
0.516922
0.504422
0.502243
0.505811
0.511169
0.513009
0.524387
0.523221
0.52166
0.513994
0.506041
0.50149
0.521382
0.516993
0.508805
0.52751
0.52682
0.509552
0.527601
0.506665
0.525181
0.519932
0.522844
0.501781
0.849779
0.526387
0.524341
0.522709
0.527863
0.556899
0.513137
0.515778
0.517686
0.518874
0.502109
0.499055
0.504655
0.531281
0.503411
0.496091
0.513516
0.504989
0.505831
0.525267
0.503578
0.505661
0.728306
0.51978
0.521661
0.517574
0.529409
0.530241
0.531296
0.50757
0.507533
0.509882
0.503065
0.489299
0.519417
0.502239
0.565984
0.553827
0.580211
0.518695
0.520666
0.521257
0.509915
0.516525
0.515783
0.508503
0.50964
0.497462
0.535774
0.616829
0.603166
0.501958
0.51224
0.52179
0.511991
0.520796
0.513658
0.521044
0.52701
0.520834
0.505834
0.505435
0.540187
0.534672
0.504341
0.506254
0.516198
0.50677
0.514063
0.504768
0.504245
0.495389
0.510293
0.508948
0.502107
0.515843
0.519526
0.519821
0.536095
0.501798
0.500379
0.498936
0.583639
0.564725
0.500572
0.501917
0.505306
0.507186
0.5216
0.523352
0.508028
0.63285
0.610566
0.508078
0.514615
0.509449
0.506386
0.52147
0.52038
0.516509
0.510867
0.512083
0.513622
0.525213
0.52911
0.53863
0.514404
0.508547
0.499546
0.510458
0.508221
0.504
0.50287
0.518085
0.519048
0.530554
0.518838
0.528358
0.507713
0.504278
0.498314
0.504345
0.523582
0.519947
0.514636
0.513197
0.511166
0.508786
0.509843
0.511097
0.503855
0.594213
0.518221
0.515413
0.492197
0.498345
0.495629
0.517236
0.515747
0.513313
0.496662
0.567672
0.581169
0.527307
0.526189
0.525956
0.521357
0.530586
0.527957
0.776354
0.506312
0.5083
0.506951
0.50277
0.495509
0.498033
0.657905
0.617165
0.521218
0.51777
0.509424
0.507503
0.525776
0.522133
0.69201
0.6124
0.611637
0.503403
0.510967
0.503081
0.657884
0.512847
0.532147
0.512818
0.51296
0.511453
0.519347
0.521999
0.539685
0.535173
0.531251
0.524597
0.650556
0.558865
0.549751
0.525296
0.514533
0.512258
0.50082
0.499225
0.528254
0.520898
0.523248
0.501918
0.496649
0.512918
0.515589
0.514058
0.516525
0.579438
0.510693
0.516798
0.53769
0.528296
0.524653
0.53121
0.535092
0.536795
0.538241
0.62904
0.505567
0.505405
0.497157
0.664608
0.672768
0.507766
0.498277
0.503702
0.504225
0.528367
0.524974
0.502548
0.502779
0.51646
0.518652
0.518016
0.508675
0.508503
0.747634
0.790407
0.504661
0.520205
0.663494
0.502316
0.512212
0.521833
0.535306
0.533513
0.524265
0.530359
0.525588
0.500808
0.500935
0.502222
0.503406
0.522511
0.51967
0.527239
0.502961
0.509764
0.516497
0.505935
0.51561
0.51472
0.509862
0.506645
0.572547
0.505609
0.510704
0.539333
0.542752
0.51612
0.518703
0.518286
0.514209
0.506933
0.515095
0.506487
0.510064
0.51192
0.513543
0.504918
0.500351
0.523187
0.599192
0.542103
0.540775
0.510824
0.504297
0.520534
0.519891
0.507797
0.50301
0.50513
0.573516
0.557787
0.525217
0.522224
0.524593
0.523686
0.506663
0.521251
0.56486
0.558305
0.614741
0.502251
0.515192
0.529542
0.52105
0.506662
0.501623
0.500046
0.512029
0.502524
0.503553
0.506707
0.526523
0.50318
0.533062
0.531459
0.499743
0.519408
0.520515
0.532813
0.517648
0.515302
0.506499
0.502912
0.524283
0.519415
0.512299
0.513315
0.514548
0.506637
0.50839
0.505989
0.508642
0.521916
0.521589
0.520565
0.501692
0.505711
0.52782
0.536968
0.537005
0.516154
0.513799
0.513542
0.528424
0.531324
0.509911
0.512419
0.54548
0.52409
0.517558
0.513671
0.516687
0.51252
0.49894
0.508719
0.509961
0.529858
0.602654
0.613331
0.584356
0.541376
0.510118
0.50126
0.502833
0.503758
0.50367
0.583814
0.511169
0.507434
0.508086
0.503166
0.501744
0.528634
0.506375
0.505097
0.508192
0.501266
0.52463
0.524956
0.54228
0.534263
0.53304
0.526474
0.523241
0.529605
0.508532
0.506321
0.50844
0.510282
0.505452
0.506878
0.504954
0.543394
0.545205
0.525845
0.525314
0.501436
0.538974
0.502438
0.571915
0.542118
0.529722
0.523234
0.521753
0.513831
0.512039
0.50977
0.508154
0.513872
0.515716
0.508478
0.525853
0.597691
0.512057
0.514725
0.512085
0.51365
0.515067
0.508722
0.520939
0.52675
0.521135
0.526384
0.523383
0.523718
0.566541
0.502425
0.851776
0.512139
0.800361
0.923003
0.518038
0.532663
0.527498
0.519943
0.524418
0.507973
0.50627
0.869779
0.508647
0.506234
0.517565
0.523207
0.523941
0.526018
0.533198
0.512444
0.511342
0.528117
0.518212
0.515512
0.512346
0.499676
0.507934
0.526651
0.499162
0.497711
0.528047
0.526574
0.543367
0.551818
0.549647
0.548734
0.538642
0.506763
0.512068
0.518945
0.50216
0.505505
0.522862
0.508756
0.525742
0.545696
0.502137
0.518043
0.519382
0.555785
0.511619
0.513709
0.515414
0.513843
0.52477
0.526867
0.592701
0.515323
0.516024
0.511044
0.509281
0.516393
0.515348
0.501346
0.508254
0.522602
0.518236
0.521075
0.55218
0.559998
0.525666
0.700316
0.69974
0.512947
0.505253
0.515264
0.509698
0.523907
0.527145
0.496908
0.50533
0.516933
0.515733
0.518022
0.517512
0.505407
0.511312
0.513557
0.535787
0.528888
0.528501
0.523992
0.5296
0.517768
0.515724
0.514174
0.496675
0.502189
0.517561
0.522951
0.523947
0.520919
0.575041
0.539818
0.526945
0.529218
0.516645
0.69455
0.507202
0.527098
0.510837
0.516452
0.518438
0.511867
0.512377
0.52972
0.51856
0.502046
0.499895
0.512325
0.508631
0.509314
0.516684
0.519529
0.509881
0.508101
0.509065
0.580824
0.601097
0.511516
0.508409
0.525151
0.528518
0.507083
0.505787
0.517799
0.515864
0.510681
0.511105
0.521073
0.513959
0.51348
0.511886
0.512504
0.520801
0.520045
0.506033
0.526786
0.51933
0.53837
0.532252
0.515052
0.500076
0.774781
0.544615
0.519249
0.531945
0.513279
0.516249
0.644079
0.504007
0.501676
0.502204
0.520283
0.517933
0.504508
0.504744
0.517276
0.522429
0.525762
0.558938
0.52442
0.526568
0.537174
0.585017
0.526235
0.507282
0.509536
0.642937
0.76148
0.508336
0.503746
0.522789
0.496665
0.505479
0.651182
0.506911
0.507478
0.530905
0.521846
0.505684
0.505428
0.511992
0.536837
0.541051
0.529013
0.521572
0.500326
0.532907
0.49908
0.529646
0.586959
0.530135
0.529785
0.514291
0.517266
0.533822
0.542874
0.535839
0.503397
0.512515
0.503699
0.97671
0.505013
0.50226
0.507459
0.505279
0.522864
0.522308
0.560172
0.563525
0.557045
0.517184
0.510837
0.506506
0.606383
0.602348
0.502851
0.505626
0.505342
0.526116
0.507726
0.506649
0.502044
0.521648
0.529836
0.51445
0.519237
0.516231
0.530352
0.504643
0.572151
0.559978
0.506179
0.513893
0.505232
0.514167
0.516866
0.524324
0.523802
0.512529
0.512917
0.51404
0.519888
0.606371
0.50539
0.50863
0.52781
0.515951
0.5092
0.759568
0.555354
0.516558
0.501309
0.505573
0.515836
0.501017
0.512453
0.515862
0.512148
0.508391
0.550801
0.759215
0.719248
0.582579
0.635396
0.616968
0.71943
0.687719
0.632006
0.50884
0.516614
0.507674
0.509313
0.506893
0.542351
0.513945
0.514816
0.516471
0.540713
0.533659
0.573423
0.51643
0.52499
0.522868
0.520364
0.50747
0.510815
0.512023
0.508526
0.523347
0.503804
0.51167
0.614081
0.613036
0.546668
0.541434
0.536343
0.526953
0.508795
0.501869
0.526952
0.506615
0.508586
0.516241
0.516573
0.527923
0.516148
0.524406
0.52167
0.524306
0.523892
0.537904
0.509147
0.525392
0.515571
0.526234
0.522527
0.511081
0.519072
0.518108
0.505108
0.519718
0.525613
0.51524
0.50378
0.515736
0.516432
0.506086
0.497308
0.519984
0.510581
0.512303
0.509482
0.517596
0.522736
0.501814
0.503825
0.507264
0.520755
0.509392
0.518003
0.51645
0.512634
0.521819
0.50523
0.520818
0.526694
0.52594
0.521622
0.535328
0.525462
0.631352
0.509828
0.634894
0.536401
0.536777
0.642749
0.518613
0.593643
0.534612
0.501774
0.5216
0.506567
0.50356
0.561858
0.52683
0.526526
0.522462
0.524132
0.521232
0.521458
0.800815
0.520378
0.537507
0.522214
0.525574
0.530621
0.522264
0.519237
0.612745
0.523506
0.523417
0.502896
0.513775
0.526632
0.531935
0.547964
0.502772
0.524686
0.527337
0.533153
0.502703
0.506596
0.508148
0.512946
0.515568
0.534179
0.549376
0.538749
0.501992
0.504514
0.545372
0.54609
0.534971
0.517023
0.500678
0.498757
0.499738
0.712407
0.51277
0.506627
0.506188
0.573271
0.51418
0.525424
0.617244
0.516051
0.530088
0.528055
0.562367
0.526045
0.52826
0.649909
0.579274
0.666694
0.526472
0.554786
0.547169
0.505279
0.5011
0.50592
0.505642
0.501796
0.513233
0.526642
0.524927
0.523283
0.536999
0.4983
0.510522
0.508574
0.516325
0.517747
0.525292
0.496072
0.500776
0.507434
0.507593
0.505803
0.497465
0.527243
0.512881
0.506853
0.511075
0.513105
0.516778
0.517601
0.504659
0.515157
0.510835
0.515897
0.513723
0.520441
0.525006
0.552122
0.540815
0.522015
0.510445
0.498624
0.501907
0.509261
0.524313
0.515862
0.514424
0.637436
0.613112
0.516657
0.501809
0.502556
0.519212
0.517712
0.508946
0.503032
0.508211
0.509664
0.583797
0.496904
0.532628
0.519404
0.518562
0.508233
0.506061
0.524546
0.522451
0.517924
0.512458
0.512427
0.52609
0.528121
0.527677
0.510298
0.598172
0.505874
0.503193
0.520118
0.507032
0.515305
0.635252
0.524143
0.498618
0.507097
0.516667
0.510236
0.509208
0.509291
0.512545
0.496938
0.538664
0.544284
0.54321
0.587881
0.575453
0.51087
0.539043
0.509546
0.531281
0.500561
0.516305
0.523472
0.505777
0.515488
0.528802
0.533105
0.531049
0.533383
0.512534
0.515644
0.514941
0.525071
0.502528
0.502654
0.503726
0.509293
0.819027
0.686255
0.52566
0.56372
0.51266
0.547349
0.554666
0.518072
0.509542
0.508541
0.559099
0.503964
0.498681
0.502886
0.503511
0.515359
0.504922
0.504366
0.507845
0.516283
0.503745
0.657587
0.507501
0.51738
0.520504
0.520332
0.53192
0.584609
0.528799
0.528405
0.510319
0.506633
0.507858
0.509049
0.525439
0.511307
0.512392
0.504001
0.523298
0.547608
0.553452
0.518306
0.507626
0.536939
0.530759
0.526804
0.49936
0.519419
0.519763
0.534132
0.516292
0.523708
0.507455
0.508228
0.533667
0.509146
0.521716
0.544934
0.52711
0.507365
0.735116
0.682127
0.529006
0.514833
0.651194
0.632015
0.646219
0.508095
0.505883
0.583993
0.516127
0.514725
0.508539
0.527463
0.529248
0.529888
0.53723
0.492041
0.529567
0.544689
0.531338
0.555017
0.507305
0.524201
0.509728
0.505819
0.492322
0.516413
0.509503
0.511315
0.534658
0.509764
0.509238
0.521784
0.527882
0.498127
0.516762
0.526132
0.518233
0.520519
0.521302
0.520385
0.521565
0.526116
0.508708
0.506085
0.503615
0.503821
0.532779
0.539557
0.602264
0.610628
0.511765
0.542563
0.548913
0.542531
0.499492
0.706394
0.568498
0.51423
0.523381
0.507461
0.514755
0.517833
0.503227
0.524003
0.512978
0.72514
0.607038
0.507655
0.520721
0.522394
0.500674
0.529962
0.555842
0.512226
0.531146
0.50839
0.5223
0.540083
0.506121
0.501995
0.527007
0.507268
0.510814
0.526931
0.573301
0.511093
0.519388
0.524608
0.521116
0.511259
0.514513
0.512667
0.498629
0.523944
0.523993
0.530141
0.509943
0.522578
0.529663
0.527931
0.501057
0.515697
0.538296
0.540996
0.660101
0.627525
0.528071
0.506004
0.514948
0.520035
0.495976
0.493287
0.513284
0.517281
0.924649
0.529027
0.502896
0.525747
0.527348
0.535309
0.515703
0.525806
0.521348
0.514261
0.503995
0.516778
0.501336
0.584055
0.525535
0.52346
0.768396
0.510867
0.508892
0.536499
0.506703
0.50761
0.50742
0.521242
0.560384
0.529157
0.504643
0.505144
0.510484
0.513476
0.510989
0.512236
0.501529
0.507611
0.51434
0.512677
0.526329
0.515143
0.503729
0.718532
0.522585
0.502013
0.522707
0.529657
0.527832
0.504496
0.501756
0.506723
0.517266
0.500548
0.499935
0.52579
0.509875
0.529922
0.525196
0.497668
0.513128
0.5287
0.528147
0.526247
0.528413
0.522719
0.725536
0.526358
0.514736
0.523729
0.522991
0.52043
0.519149
0.509453
0.503392
0.516898
0.510636
0.5558
0.600642
0.517285
0.509117
0.524029
0.501997
0.517419
0.52629
0.501445
0.501008
0.523594
0.514261
0.505645
0.534281
0.581302
0.523555
0.517764
0.518129
0.49738
0.562809
0.539783
0.515158
0.52952
0.523212
0.50761
0.504731
0.508833
0.716624
0.516688
0.511696
0.507137
0.506522
0.521522
0.522535
0.552362
0.522212
0.522049
0.525681
0.509386
0.52908
0.525921
0.52791
0.513381
0.513069
0.521137
0.525694
0.505867
0.508138
0.566921
0.516874
0.49911
0.519039
0.522387
0.512488
0.51152
0.524586
0.522946
0.523404
0.505457
0.527918
0.522701
0.515695
0.503919
0.522151
0.523269
0.525824
0.508631
0.529009
0.51172
0.523946
0.529236
0.513389
0.529041
0.644406
0.537934
0.529187
0.524107
0.498358
0.551526
0.505732
0.515508
0.520767
0.509408
0.509261
0.500431
0.512492
0.502283
0.495824
0.49754
0.505295
0.531197
0.511656
0.503805
0.506788
0.524832
0.515246
0.523805
0.510011
0.527497
0.506705
0.50643
0.533808
0.502327
0.505795
0.507863
0.503153
0.508893
0.507164
0.605389
0.50579
0.50841
0.528672
0.507564
0.515669
0.513843
0.528051
0.508771
0.501184
0.528492
0.516869
0.517077
0.53035
0.505479
0.526177
0.523395
0.52459
0.559774
0.522429
0.505483
0.521617
0.553037
0.527859
0.54128
0.510954
0.532708
0.513594
0.508132
0.508496
0.519009
0.515652
0.503129
0.504347
0.536019
0.527429
0.543657
0.526154
0.527635
0.501567
0.507461
0.503593
0.508437
0.518107
0.507516
0.620126
0.522673
0.511685
0.508849
0.559745
0.508678
0.526447
0.509951
0.508296
0.680402
0.52517
0.515732
0.514738
0.525059
0.507826
0.536698
0.508185
0.527302
0.511403
0.510595
0.507693
0.505873
0.508924
0.527608
0.521119
0.505546
0.523132
0.534807
0.529403
0.525366
0.510178
0.526966
0.521455
0.526309
0.506766
0.510829
0.535968
0.509171
0.503659
0.508267
0.547197
0.507307
0.502555
0.515756
0.526448
0.506312
0.807743
0.525585
0.507923
0.519621
0.521793
0.508657
0.515404
0.500394
0.542826
0.532391
0.528441
0.517443
0.650893
0.516198
0.512875
0.516812
0.5382
0.506546
0.508273
0.528538
0.503433
0.527836
0.50826
0.596515
0.50495
0.537689
0.508223
0.512692
0.530242
0.523767
0.511195
0.49772
0.502397
0.512472
0.548309
0.507945
0.509122
0.508805
0.523041
0.514446
0.502984
0.513644
0.508063
0.506369
0.523389
0.608889
0.524374
0.509517
0.520783
0.511931
0.518905
0.51189
0.511406
0.582705
0.499778
0.517388
0.516048
0.50824
0.514225
0.536884
0.504512
0.515701
0.506882
0.579469
0.526274
0.504202
0.507265
0.523061
0.534686
0.608269
0.562264
0.526863
0.525162
0.530651
0.53276
0.54486
0.541142
0.512087
0.513408
0.527416
0.516549
0.54329
0.525213
0.507593
0.511819
0.519122
0.521371
0.518485
0.51272
0.523415
0.510045
0.506086
0.506491
0.514472
0.523752
0.507708
0.506914
0.520212
0.506088
0.509852
0.491652
0.508717
0.515097
0.517766
0.51337
0.501979
0.637577
0.513443
0.579648
0.554775
0.530825
0.518695
0.535558
0.684545
0.511671
0.514802
0.500071
0.519414
0.51329
0.527615
0.530163
0.534367
0.51364
0.514225
0.523585
0.504626
0.508482
0.583438
0.588459
0.503312
0.50905
0.516138
0.512509
0.506792
0.596952
0.507627
0.507042
0.522438
0.530571
0.567957
0.797481
0.518971
0.528148
0.526427
0.537849
0.515617
0.513565
0.503117
0.516811
0.514709
0.50962
0.520223
0.524178
0.566129
0.516104
0.530896
0.529377
0.52416
0.530502
0.514504
0.517241
0.539868
0.511311
0.507086
0.515988
0.527143
0.522792
0.507007
0.500936
0.506135
0.509075
0.57111
0.529
0.529001
0.523584
0.522292
0.525597
0.534656
0.519521
0.508354
0.543046
0.536623
0.667427
0.506543
0.50514
0.525589
0.519035
0.53118
0.519762
0.519527
0.51102
0.525656
0.517336
0.521855
0.506891
0.505915
0.506661
0.525099
0.51648
0.520578
0.525891
0.514044
0.508894
0.535863
0.535392
0.521553
0.50136
0.536839
0.540445
0.523265
0.525666
0.50902
0.530297
0.524121
0.49841
0.51043
0.507772
0.508472
0.507832
0.550197
0.536984
0.512953
0.505099
0.53939
0.517812
0.505572
0.507556
0.525616
0.50371
0.518963
0.503935
0.526679
0.53071
0.532758
0.495913
0.534374
0.539587
0.521927
0.508916
0.510443
0.583464
0.507275
0.498279
0.514099
0.518001
0.508622
0.526793
0.511457
0.518075
0.506408
0.515795
0.527048
0.530249
0.529898
0.508978
0.507445
0.529493
0.53084
0.523893
0.512227
0.548565
0.530283
0.534084
0.504166
0.51088
0.514139
0.514382
0.514325
0.525137
0.528564
0.50553
0.511315
0.592535
0.568532
0.519076
0.527545
0.523727
0.510434
0.512548
0.53327
0.517867
0.518172
0.521723
0.505805
0.529891
0.51096
0.519764
0.518493
0.517305
0.51774
0.506743
0.510091
0.521722
0.511644
0.525211
0.51313
0.515268
0.50792
0.524111
0.534139
0.535681
0.49554
0.533638
0.509807
0.504772
0.533265
0.542434
0.511984
0.513726
0.515175
0.525053
0.530058
0.534861
0.503594
0.504147
0.508403
0.525172
0.527106
0.52047
0.524986
0.513842
0.575859
0.50861
0.523984
0.523539
0.578168
0.523576
0.517115
0.529537
0.532253
0.563981
0.518664
0.500094
0.511597
0.504675
0.502822
0.51864
0.512226
0.5004
0.513185
0.530127
0.527903
0.530892
0.503251
0.514468
0.515216
0.523439
0.518863
0.504588
0.521762
0.512726
0.508718
0.536747
0.519209
0.518466
0.505902
0.528905
0.512397
0.511193
0.517971
0.524486
0.505335
0.504624
0.52752
0.50169
0.525506
0.510501
0.511296
0.511454
0.533814
0.533869
0.526633
0.512653
0.517284
0.507339
0.516684
0.513442
0.514022
0.571504
0.528028
0.529547
0.530383
0.718847
0.676955
0.52785
0.534498
0.592309
0.53659
0.519852
0.521978
0.503142
0.498856
0.530413
0.526064
0.51698
0.517834
0.529644
0.563626
0.512856
0.518571
0.50911
0.53641
0.525078
0.522521
0.530383
0.503273
0.51111
0.503428
0.496124
0.513874
0.517326
0.506214
0.520282
0.518912
0.525506
0.496021
0.499057
0.503491
0.529428
0.527043
0.50917
0.550927
0.512599
0.510133
0.520947
0.524176
0.556785
0.515265
0.525418
0.521485
0.521941
0.537507
0.526746
0.519445
0.523979
0.508686
0.520024
0.503431
0.510167
0.512757
0.517972
0.529684
0.507802
0.509464
0.508903
0.510813
0.505688
0.512547
0.520492
0.507981
0.53486
0.525515
0.507936
0.50433
0.517404
0.520508
0.70884
0.522849
0.510317
0.517246
0.52513
0.525652
0.50174
0.527037
0.503217
0.51076
0.504849
0.524649
0.525549
0.529516
0.534479
0.513165
0.52554
0.512319
0.50275
0.515045
0.686376
0.519362
0.494863
0.512989
0.532181
0.530907
0.508141
0.518799
0.527581
0.518017
0.521393
0.523862
0.498549
0.528671
0.527508
0.525415
0.523621
0.506625
0.501873
0.527544
0.505473
0.576668
0.526774
0.523534
0.504781
0.512026
0.513797
0.518605
0.506123
0.527066
0.538819
0.519754
0.52189
0.516745
0.51563
0.502196
0.50763
0.506195
0.512058
0.506682
0.500802
0.503642
0.521287
0.519771
0.514229
0.501716
0.513234
0.509639
0.536957
0.538155
0.526529
0.509471
0.504977
0.499621
0.52089
0.518701
0.503138
0.519607
0.505574
0.516682
0.531844
0.514229
0.587227
0.530583
0.518516
0.527836
0.508234
0.508948
0.522805
0.58714
0.535001
0.511328
0.505479
0.529595
0.520742
0.526497
0.519155
0.553739
0.515607
0.521224
0.515056
0.52641
0.510853
0.516162
0.570327
0.522296
0.523945
0.578143
0.508251
0.516354
0.509208
0.512767
0.503427
0.513286
0.5148
0.499551
0.519148
0.507357
0.517082
0.511006
0.511465
0.517078
0.502305
0.507501
0.508148
0.520337
0.516272
0.503766
0.522206
0.500941
0.51481
0.539661
0.51644
0.527144
0.533439
0.517327
0.501811
0.511132
0.515998
0.528315
0.510177
0.523706
0.502843
0.511393
0.512921
0.527651
0.531237
0.589913
0.505386
0.534502
0.527053
0.510576
0.517892
0.50729
0.50126
0.51895
0.520478
0.563057
0.512722
0.521108
0.518237
0.507584
0.509256
0.509278
0.524412
0.499834
0.504412
0.503847
0.504832
0.503366
0.509663
0.502698
0.519404
0.518432
0.518715
0.510429
0.513755
0.503207
0.500983
0.510993
0.560805
0.532475
0.510704
0.525435
0.496998
0.600755
0.518092
0.509624
0.510968
0.516706
0.515879
0.520383
0.513305
0.531103
0.506401
0.512961
0.507448
0.511762
0.51564
0.50982
0.509524
0.533091
0.555236
0.516226
0.509852
0.522365
0.514879
0.499063
0.517929
0.523081
0.598354
0.501704
0.498602
0.513153
0.531096
0.515582
0.521301
0.517011
0.509121
0.520066
0.565595
0.526375
0.52252
0.50606
0.509827
0.504755
0.531078
0.508923
0.523718
0.511152
0.65811
0.525773
0.49933
0.502517
0.527178
0.509914
0.50839
0.528136
0.498869
0.522682
0.527455
0.530589
0.53478
0.530716
0.563438
0.502703
0.595836
0.530508
0.508246
0.501446
0.582083
0.504619
0.530636
0.503785
0.520566
0.509491
0.514088
0.503116
0.516449
0.499456
0.525713
0.50426
0.507563
0.520884
0.50596
0.549853
0.524817
0.540954
0.52879
0.499502
0.593711
0.502925
0.509271
0.524182
0.506942
0.536403
0.522651
0.517078
0.526844
0.522477
0.525041
0.50394
