0.524748
0.52515
0.525769
0.5075
0.500806
0.500627
0.529363
0.526244
0.519096
0.515492
0.50452
0.51222
0.502776
0.506861
0.532333
0.523894
0.526541
0.526927
0.530373
0.506025
0.499295
0.504172
0.510477
0.510663
0.510495
0.516753
0.522827
0.524033
0.500502
0.502232
0.508689
0.514386
0.526768
0.521347
0.527666
0.514445
0.51713
0.59086
0.495678
0.497817
0.501216
0.506605
0.519353
0.523698
0.648993
0.600775
0.661479
0.526414
0.527898
0.523308
0.496658
0.504856
0.520086
0.505137
0.5245
0.525511
0.524491
0.511408
0.511317
0.510266
0.515535
0.516569
0.517367
0.505074
0.510172
0.501533
0.502395
0.509303
0.506605
0.517209
0.521892
0.527612
0.527157
0.53234
0.532568
0.523837
0.521749
0.521812
0.526152
0.529925
0.533986
0.49627
0.504263
0.509991
0.512715
0.510426
0.525548
0.524198
0.521115
0.519198
0.509432
0.519266
0.530889
0.524261
0.523338
0.607636
0.571717
0.581034
0.511581
0.528205
0.525703
0.533539
0.519466
0.518486
0.513783
0.501191
0.525564
0.527444
0.524972
0.515121
0.514789
0.522296
0.528141
0.528944
0.517904
0.532928
0.53211
0.533124
0.531395
0.529114
0.52419
0.514694
0.51002
0.512166
0.507506
0.605236
0.630339
0.515051
0.518392
0.516037
0.507155
0.502445
0.534156
0.511624
0.510849
0.503161
0.507007
0.605614
0.514967
0.508236
0.522574
0.605169
0.640419
0.507512
0.509523
0.524779
0.537077
0.514565
0.512681
0.521
0.51797
0.510042
0.511573
0.508958
0.513866
0.504008
0.500455
0.503546
0.51686
0.503207
0.50435
0.500308
0.523407
0.530893
0.526023
0.533367
0.542584
0.513803
0.516941
0.573617
0.568648
0.534032
0.531872
0.520004
0.523108
0.520108
0.53478
0.527308
0.53143
0.507349
0.509269
0.506424
0.513183
0.511394
0.514091
0.507857
0.501543
0.506691
0.53483
0.499776
0.506072
0.512871
0.504428
0.506129
0.501626
0.509463
0.514179
0.509977
0.507564
0.512737
0.523941
0.523069
0.524971
0.506798
0.502524
0.526799
0.528956
0.517535
0.497938
0.522161
0.517109
0.740439
0.526846
0.544334
0.528484
0.507709
0.531352
0.521089
0.518728
0.519575
0.515362
0.523121
0.504349
0.505991
0.524999
0.522751
0.51587
0.520004
0.533099
0.519432
0.50675
0.506976
0.518305
0.514448
0.499697
0.514526
0.516513
0.495974
0.498791
0.515754
0.505238
0.535498
0.534626
0.535021
0.503294
0.510661
0.515051
0.511174
0.50925
0.511078
0.511109
0.502271
0.501511
0.512311
0.535083
0.528517
0.494324
0.510305
0.523917
0.52797
0.528287
0.529932
0.520653
0.526846
0.508447
0.508301
0.638558
0.621304
0.527144
0.506948
0.50226
0.53319
0.533237
0.503879
0.507773
0.526036
0.519322
0.521334
0.50258
0.503235
0.499356
0.503998
0.688096
0.65825
0.520101
0.515708
0.514906
0.600706
0.586172
0.659617
0.506286
0.504142
0.500968
0.525545
0.519928
0.52217
0.504179
0.50211
0.501699
0.531487
0.520776
0.519513
0.518492
0.519329
0.516435
0.50097
0.503986
0.503517
0.645669
0.673027
0.504905
0.521804
0.506282
0.50871
0.503637
0.495759
0.500704
0.503168
0.503572
0.501827
0.517686
0.530926
0.505287
0.509423
0.512424
0.518395
0.504791
0.509411
0.510122
0.510449
0.508857
0.529764
0.598886
0.514851
0.590382
0.504637
0.505421
0.545604
0.542114
0.53487
0.557762
0.558323
0.545702
0.501081
0.499068
0.522568
0.519352
0.520745
0.646423
0.577071
0.510974
0.501026
0.504415
0.507295
0.509723
0.52156
0.517872
0.50918
0.509191
0.503682
0.531669
0.528107
0.534705
0.503065
0.502802
0.507295
0.503035
0.507646
0.517085
0.503121
0.512202
0.516405
0.527594
0.529332
0.490127
0.496649
0.517404
0.519995
0.522628
0.501614
0.505617
0.57298
0.499749
0.499913
0.505725
0.522625
0.517121
0.512508
0.534993
0.508545
0.536961
0.498575
0.50133
0.582119
0.624931
0.674335
0.519809
0.51732
0.52259
0.512063
0.528928
0.529033
0.530156
0.530099
0.524598
0.520962
0.51314
0.68466
0.800259
0.778072
0.524505
0.528265
0.524841
0.517906
0.512151
0.519091
0.51306
0.499913
0.505057
0.535898
0.522852
0.512201
0.51784
0.519233
0.517982
0.504752
0.505909
0.517222
0.514815
0.516483
0.5166
0.525459
0.499799
0.52948
0.517301
0.517353
0.530513
0.536473
0.507837
0.527135
0.532999
0.512498
0.534998
0.536841
0.500392
0.50311
0.523525
0.522406
0.520128
0.517224
0.521371
0.523249
0.522945
0.52236
0.517299
0.52133
0.594021
0.599268
0.588755
0.520424
0.544218
0.536231
0.502226
0.504268
0.521374
0.50412
0.500789
0.509527
0.51614
0.51635
0.518192
0.512835
0.518732
0.51647
0.514659
0.68282
0.513071
0.51615
0.502862
0.504081
0.493365
0.534827
0.517975
0.517954
0.514066
0.526848
0.526744
0.511497
0.512733
0.529858
0.529
0.671373
0.697893
0.505118
0.50477
0.507587
0.503733
0.51106
0.576364
0.654425
0.504647
0.501009
0.507143
0.522601
0.524854
0.502526
0.502196
0.506784
0.513258
0.633878
0.504202
0.520193
0.505229
0.497593
0.534501
0.531539
0.524937
0.512615
0.51386
0.513883
0.523063
0.523305
0.499931
0.519037
0.523984
0.525386
0.516348
0.512474
0.512761
0.510149
0.516846
0.502874
0.506396
0.508481
0.578142
0.536619
0.559969
0.508972
0.512487
0.526929
0.523964
0.502175
0.506587
0.503985
0.513831
0.502407
0.644111
0.642556
0.534817
0.522251
0.548981
0.553004
0.504824
0.523037
0.524796
0.523343
0.516832
0.506731
0.498692
0.491497
0.501733
0.511753
0.514908
0.523762
0.525574
0.524368
0.517428
0.517314
0.51466
0.513959
0.516163
0.508327
0.504697
0.748955
0.516003
0.564053
0.500255
0.52726
0.529255
0.52683
0.502108
0.502665
0.502009
0.506592
0.510842
0.512124
0.498762
0.486694
0.491206
0.502274
0.503932
0.515672
0.501208
0.498302
0.51309
0.513926
0.530079
0.521069
0.529251
0.517836
0.522934
0.509368
0.507247
0.536898
0.5361
0.522914
0.520638
0.491864
0.493897
0.495949
0.510498
0.508469
0.517943
0.51709
0.502464
0.542604
0.503125
0.511028
0.527031
0.511247
0.510251
0.519087
0.520165
0.512923
0.516824
0.522012
0.509529
0.504761
0.500488
0.541839
0.522022
0.521176
0.497727
0.500359
0.538524
0.51657
0.507805
0.531443
0.528325
0.50401
0.50536
0.516495
0.499101
0.524616
0.528457
0.501906
0.504041
0.509798
0.515265
0.522086
0.517172
0.509604
0.501342
0.51519
0.517295
0.560902
0.508822
0.514561
0.574395
0.647786
0.522069
0.600907
0.535893
0.528435
0.505444
0.506361
0.51331
0.517269
0.51107
0.508766
0.53898
0.53275
0.511041
0.516921
0.52252
0.559713
0.551035
0.513197
0.508356
0.517539
0.492658
0.5128
0.509106
0.50456
0.50899
0.517224
0.517913
0.520545
0.520769
0.527713
0.510479
0.507202
0.506153
0.514282
0.516474
0.546473
0.516563
0.507057
0.509767
0.506809
0.510893
0.517906
0.515863
0.511338
0.516089
0.526588
0.496586
0.609493
0.70305
0.697356
0.622521
0.692205
0.645075
0.514658
0.514018
0.497675
0.490662
0.603779
0.601183
0.583917
0.518718
0.517595
0.521257
0.506061
0.512187
0.514848
0.60894
0.557335
0.518248
0.522898
0.525411
0.578855
0.719547
0.508681
0.51377
0.502281
0.503378
0.506636
0.569179
0.534851
0.515981
0.516972
0.518384
0.511485
0.536583
0.532771
0.617426
0.520512
0.53864
0.533076
0.511169
0.502584
0.565817
0.568703
0.498831
0.51269
0.583065
0.614154
0.568478
0.497936
0.501372
0.489649
0.503832
0.521178
0.501121
0.504474
0.511068
0.53546
0.515801
0.543877
0.520986
0.498825
0.506004
0.528786
0.527438
0.523629
0.651954
0.590608
0.559105
0.506141
0.486446
0.515057
0.513151
0.516388
0.520191
0.535453
0.534299
0.528166
0.526026
0.525289
0.523761
0.515189
0.515202
0.520657
0.504299
0.50783
0.515107
0.522899
0.522539
0.514609
0.531111
0.533462
0.524256
0.512675
0.513858
0.51083
0.515087
0.502723
0.51167
0.507955
0.50868
0.513725
0.51583
0.655032
0.513482
0.529158
0.527574
0.528107
0.522924
0.521182
0.50164
0.505107
0.504165
0.50604
0.639626
0.492928
0.52553
0.520476
0.525313
0.516783
0.519542
0.512431
0.520178
0.513318
0.505411
0.498892
0.514911
0.515112
0.532784
0.49824
0.506994
0.51055
0.524321
0.531166
0.519746
0.520901
0.502051
0.498243
0.500751
0.499283
0.5261
0.525025
0.501014
0.495632
0.53235
0.538902
0.672228
0.525437
0.53106
0.510574
0.512768
0.52401
0.526355
0.511612
0.518466
0.51763
0.517292
0.530735
0.528439
0.513329
0.542302
0.532
0.520836
0.51998
0.524647
0.530168
0.51916
0.509639
0.509113
0.527492
0.525761
0.625791
0.685743
0.539107
0.578704
0.556928
0.561526
0.670009
0.66117
0.516922
0.507448
0.499818
0.500673
0.532526
0.531777
0.532129
0.531495
0.516917
0.502718
0.521356
0.505123
0.524377
0.592182
0.531989
0.532674
0.515833
0.511444
0.516729
0.506916
0.507099
0.528879
0.524775
0.517278
0.5179
0.506493
0.502969
0.592868
0.51988
0.516857
0.508152
0.505043
0.510029
0.496763
0.497821
0.587973
0.532308
0.526702
0.545501
0.520249
0.506887
0.558642
0.783193
0.501802
0.529376
0.525482
0.528802
0.527117
0.503273
0.526331
0.498963
0.523372
0.513003
0.513135
0.511613
0.530041
0.504148
0.510325
0.533366
0.518288
0.508794
0.518544
0.596977
0.624817
0.556099
0.524695
0.506643
0.498859
0.512483
0.513081
0.507402
0.51583
0.514888
0.494772
0.496551
0.60937
0.631824
0.546271
0.548998
0.522716
0.530633
0.52872
0.501221
0.499384
0.547176
0.542283
0.511762
0.501365
0.502758
0.556307
0.594877
0.518466
0.501272
0.516582
0.51645
0.514295
0.516003
0.519224
0.51861
0.551381
0.57004
0.529409
0.532264
0.514162
0.502062
0.504043
0.522206
0.544472
0.518669
0.51477
0.552218
0.565724
0.515784
0.535122
0.524439
0.537374
0.509206
0.513676
0.502108
0.500561
0.511584
0.511576
0.4982
0.67021
0.530053
0.498726
0.533773
0.52849
0.518039
0.517476
0.505235
0.505738
0.545436
0.525184
0.522995
0.507173
0.514879
0.515231
0.53126
0.521692
0.529155
0.526464
0.52139
0.523588
0.506046
0.508
0.512026
0.522459
0.529738
0.522874
0.506523
0.499974
0.501253
0.516864
0.533168
0.518119
0.519378
0.508793
0.515826
0.508176
0.514801
0.514159
0.518651
0.514333
0.520768
0.513998
0.500954
0.522291
0.504251
0.588636
0.527071
0.508511
0.508703
0.499357
0.554731
0.501937
0.517373
0.518391
0.514916
0.514085
0.514975
0.516622
0.509759
0.513685
0.517466
0.518232
0.519587
0.502248
0.518938
0.52183
0.520052
0.539924
0.501245
0.507324
0.504408
0.829853
0.516323
0.526151
0.511715
0.51239
0.836381
0.504837
0.503968
0.50787
0.505273
0.52256
0.602143
0.503295
0.50851
0.52012
0.610249
0.521223
0.500939
0.522509
0.52842
0.52786
0.500712
0.530144
0.533954
0.505068
0.532749
0.502252
0.564384
0.515051
0.502375
0.493717
0.525723
0.511751
0.52629
0.518945
0.532483
0.528735
0.519828
0.538592
0.61016
0.532052
0.518347
0.518912
0.523135
0.537425
0.530368
0.502894
0.506019
0.515534
0.518406
0.517388
0.641084
0.499161
0.507285
0.537561
0.504507
0.526477
0.509851
0.507089
0.504449
0.493804
0.497867
0.534608
0.603072
0.514053
0.584394
0.5261
0.513617
0.509
0.541631
0.508694
0.513697
0.507255
0.53179
0.535373
0.500343
0.506858
0.504462
0.506159
0.518038
0.523543
0.524135
0.535516
0.536871
0.52893
0.531447
0.506346
0.513604
0.503858
0.508015
0.508811
0.521267
0.612811
0.521058
0.499556
0.533428
0.507049
0.528407
0.529024
0.500593
0.501667
0.503933
0.521272
0.509228
0.522337
0.502402
0.501277
0.505438
0.506529
0.516105
0.518563
0.545498
0.518897
0.509865
0.516777
0.520877
0.499918
0.506074
0.522261
0.523571
0.509858
0.501327
0.517868
0.517302
0.503905
0.497219
0.502727
0.512574
0.556496
0.496685
0.506881
0.525467
0.526316
0.52428
0.519093
0.503814
0.520331
0.527251
0.515987
0.512989
0.528176
0.533313
0.525253
0.51201
0.519614
0.516511
0.534992
0.537612
0.529118
0.515823
0.511343
0.515588
0.522914
0.528792
0.525959
0.531656
0.552473
0.527536
0.524744
0.523012
0.515549
0.495402
0.493677
0.510726
0.583777
0.498074
0.518653
0.503129
0.500695
0.506443
0.521948
0.524716
0.523793
0.523334
0.519812
0.520426
0.659722
0.61584
0.512723
0.51953
0.51537
0.505549
0.530465
0.496246
0.514384
0.520821
0.501109
0.513931
0.512046
0.517387
0.517064
0.535395
0.533791
0.499872
0.509146
0.503771
0.5235
0.506895
0.699206
0.509279
0.555162
0.511878
0.526911
0.516506
0.516346
0.502468
0.509655
0.501666
0.495232
0.512188
0.541467
0.515464
0.519833
0.507501
0.508518
0.505201
0.513828
0.516957
0.508265
0.511315
0.503502
0.513017
0.525469
0.525068
0.529323
0.528614
0.506196
0.506007
0.495386
0.525929
0.519131
0.528792
0.527267
0.523468
0.528266
0.526611
0.541056
0.521778
0.523526
0.504055
0.507703
0.495691
0.519208
0.511077
0.501689
0.520507
0.513125
0.537665
0.501332
0.509515
0.511577
0.503463
0.508269
0.557884
0.504088
0.564484
0.517019
0.520987
0.52511
0.512105
0.526655
0.517559
0.535723
0.500556
0.495999
0.500335
0.527529
0.613721
0.636964
0.528806
0.522515
0.530442
0.523587
0.525838
0.494522
0.512648
0.510204
0.504888
0.509928
0.521995
0.527766
0.510126
0.51026
0.529052
0.511774
0.525901
0.518912
0.519614
0.52575
0.498036
0.500634
0.519349
0.505688
0.529146
0.716676
0.773545
0.505386
0.546802
0.507788
0.506819
0.504674
0.500227
0.540328
0.507836
0.506484
0.510501
0.689717
0.508496
0.512776
0.514374
0.519121
0.519088
0.490072
0.523525
0.496851
0.508027
0.521891
0.517879
0.536304
0.521896
0.528595
0.498096
0.523796
0.524015
0.50609
0.515313
0.525267
0.529598
0.518041
0.518687
0.511919
0.499353
0.499301
0.507596
0.534118
0.530996
0.643483
0.662335
0.519318
0.505423
0.524117
0.531402
0.513454
0.512754
0.512846
0.509689
0.511316
0.629598
0.530916
0.504929
0.770786
0.524777
0.520999
0.52506
0.516392
0.504938
0.523092
0.560645
0.527121
0.525505
0.55465
0.513462
0.50415
0.504742
0.526892
0.526297
0.527627
0.602738
0.506517
0.509305
0.506641
0.521491
0.523568
0.546951
0.508353
0.513732
0.520481
0.503787
0.502255
0.510905
0.51462
0.50654
0.504314
0.520103
0.534472
0.509425
0.504756
0.503452
0.51577
0.529129
0.532455
0.525265
0.526266
0.54365
0.524145
0.518266
0.511433
0.520426
0.507736
0.749699
0.519214
0.537391
0.531205
0.503267
0.49797
0.515884
0.507629
0.504182
0.518804
0.515673
0.505664
0.512014
0.514697
0.51771
0.519452
0.527114
0.520864
0.607455
0.596115
0.592214
0.508122
0.502467
0.525313
0.519071
0.523524
0.531293
0.517284
0.53497
0.522697
0.509245
0.503015
0.565649
0.505691
0.534996
0.541529
0.519232
0.522176
0.507924
0.504772
0.52255
0.502565
0.528754
0.518774
0.517405
0.520827
0.508819
0.506575
0.519214
0.504328
0.526388
0.532483
0.524014
0.50711
0.511973
0.528331
0.526779
0.524541
0.519661
0.521764
0.509597
0.509806
0.501268
0.505106
0.516463
0.509874
0.50196
0.527418
0.504374
0.533699
0.561258
0.568676
0.537902
0.503141
0.523022
0.52261
0.533146
0.510105
0.519903
0.552657
0.513943
0.757547
0.512897
0.514842
0.512641
0.505748
0.528172
0.521555
0.505736
0.509607
0.528489
0.522654
0.529711
0.517627
0.513686
0.526932
0.519497
0.523411
0.52241
0.52259
0.528089
0.510336
0.52566
0.52558
0.512396
0.512623
0.527815
0.543149
0.529398
0.53692
0.512786
0.517537
0.518191
0.536009
0.500398
0.763942
0.506817
0.512063
0.524143
0.522848
0.525784
0.501086
0.53418
0.517134
0.523937
0.50254
0.717026
0.505277
0.50686
0.581119
0.506926
0.529415
0.505246
0.580206
0.668757
0.631015
0.520014
0.521888
0.502815
0.515849
0.509218
0.529631
0.500365
0.508215
0.526841
0.527246
0.525173
0.515019
0.691509
0.530384
0.522635
0.535316
0.505843
0.502205
0.50284
0.531578
0.656556
0.507014
0.506549
0.512165
0.536867
0.518004
0.515054
0.740692
0.507641
0.507607
0.56882
0.641396
0.513839
0.751897
0.497831
0.531275
0.523827
0.526689
0.527572
0.529748
0.528366
0.547732
0.50871
0.516614
0.520843
0.505718
0.513702
0.503434
0.506962
0.503654
0.523018
0.526408
0.521719
0.677232
0.539974
0.504836
0.640219
0.511189
0.528446
0.518911
0.498513
0.510532
0.507014
0.512044
0.627988
0.537361
0.521902
0.521656
0.521472
0.535434
0.522842
0.498238
0.521979
0.511119
0.50491
0.521823
0.508158
0.604655
0.528968
0.520306
0.527392
0.510782
0.502881
0.535493
0.525712
0.501007
0.507996
0.510877
0.508336
0.506579
0.507915
0.781593
0.536038
0.526971
0.510249
0.510398
0.499554
0.695806
0.512461
0.55252
0.510004
0.51917
0.550601
0.504008
0.509584
0.512135
0.529831
0.556569
0.596349
0.512832
0.527121
0.494227
0.521845
0.5209
0.504329
0.509286
0.50312
0.528256
0.677624
0.599805
0.508495
0.528376
0.518246
0.499431
0.535823
0.51752
0.505168
0.522407
0.506869
0.531461
0.510048
0.515277
0.513345
0.59984
0.52546
0.517588
0.503714
0.535176
0.500677
0.509332
0.507224
0.520588
0.722036
0.490754
0.501842
0.512301
0.512375
0.507697
0.514149
0.506207
0.511701
0.555478
0.50555
0.520729
0.55224
0.516502
0.526927
0.510457
0.530785
0.501645
0.502184
0.516925
0.530939
0.515845
0.501083
0.508139
0.525764
0.515342
0.51413
0.52816
0.530699
0.532075
0.529021
0.495992
0.516797
0.525031
0.534549
0.519418
0.530118
0.540695
0.507789
0.50568
0.524462
0.54681
0.51592
0.505632
0.514145
0.50953
0.516354
0.504385
0.533468
0.53425
0.535107
0.498662
0.526153
0.507532
0.5004
0.521996
0.521778
0.508806
0.508614
0.505323
0.502308
0.531282
0.508208
0.506525
0.503704
0.52741
0.577345
0.522346
0.618149
0.519341
0.525688
0.51982
0.521992
0.529152
0.515602
0.511761
0.529238
0.520356
0.499194
0.512394
0.526634
0.522593
0.52589
0.511483
0.508629
0.522373
0.512799
0.521476
0.511513
0.535074
0.497941
0.512807
0.509203
0.5366
0.499044
0.504519
0.505581
0.504135
0.512034
0.550003
0.500332
0.60337
0.512791
0.619738
0.512056
0.500992
0.520871
0.525496
0.514255
0.523001
0.525112
0.523602
0.523707
0.533353
0.529475
0.508813
0.498187
0.532231
0.506524
0.532464
0.533738
0.535154
0.534185
0.546868
0.505045
0.520819
0.519243
0.514451
0.520863
0.520751
0.522963
0.527226
0.50367
0.53336
0.529332
0.549833
0.55289
0.514472
0.504507
0.504362
0.528847
0.525045
0.520596
0.515254
0.514967
0.513258
0.524543
0.502599
0.501
0.516979
0.549893
0.510407
0.509114
0.514967
0.510596
0.523099
0.507065
0.508411
0.54871
0.524392
0.531538
0.521109
0.510806
0.508414
0.515196
0.510094
0.531964
0.508021
0.49923
0.522845
0.559127
0.508595
0.552038
0.504365
0.514764
0.510174
0.534882
0.521808
0.526432
0.540586
0.511465
0.5093
0.523386
0.532543
0.520769
0.523709
0.590854
0.505578
0.502127
0.50532
0.655997
0.531388
0.513901
0.506296
0.51243
0.513014
0.509826
0.520831
0.506753
0.500697
0.528259
0.531781
0.501118
0.509464
0.517521
0.515386
0.522806
0.519668
0.542282
0.527411
0.518246
0.518369
0.51925
0.516814
0.499941
0.516896
0.527399
0.586818
0.521204
0.539959
0.495949
0.517818
0.520124
0.520954
0.504962
0.531505
0.501745
0.512688
0.514899
0.503985
0.507698
0.527861
0.495304
0.528597
0.529019
0.529192
0.525185
0.500733
0.503739
0.510831
0.504622
0.530446
0.512583
0.532649
0.520788
0.513416
0.51726
0.601925
0.504069
0.506326
0.512858
0.53403
0.509389
0.512074
0.567593
0.519755
0.515722
0.516746
0.516695
0.519499
0.523391
0.500451
0.52605
0.522553
0.503425
0.545209
0.535593
0.583224
0.548745
0.58991
0.525929
0.52419
0.532772
0.535218
0.508096
0.504927
0.54344
0.505993
0.533319
0.523889
0.5056
0.513345
0.53635
0.524244
0.521492
0.512412
0.523274
0.50396
0.506307
0.526482
0.498649
0.531494
0.499031
0.517152
0.528253
0.502862
0.507308
0.524047
0.509663
0.528385
0.531402
0.521707
0.525297
0.506699
0.502275
0.518061
0.520332
0.52447
0.533075
0.511188
0.505952
0.527964
0.540744
0.536767
0.510427
0.5267
0.525469
0.519303
0.515514
0.5041
0.517828
0.522469
0.559681
0.503146
0.511171
0.62234
0.524189
0.510093
0.511614
0.503502
0.534672
0.533203
0.499118
0.504087
0.500754
0.536296
0.512371
0.503588
0.509594
0.533753
0.51047
0.503029
0.523023
0.497944
0.515213
0.534119
0.504734
0.513491
0.516466
0.5043
0.510919
0.598534
0.536581
0.525211
0.507643
0.52266
0.528494
0.525988
0.515338
0.525405
0.540298
0.536537
0.516822
0.512971
0.536359
0.531823
0.505242
0.51356
0.523999
0.58548
0.536327
0.525612
0.513198
0.525509
0.519729
0.510193
0.506892
0.504525
0.519232
0.513212
0.536053
0.503529
0.523895
0.51991
0.536024
0.533796
0.517421
0.518929
0.515575
0.509011
0.522906
0.529332
0.517623
0.505526
0.503185
0.502023
0.526455
0.50349
0.508025
0.534191
0.533736
0.511586
0.521691
0.532911
0.526861
0.535305
0.499051
0.508565
0.515418
0.494973
0.501117
0.502083
0.506872
0.521227
0.516812
0.52373
0.504557
0.519788
0.518959
0.570409
0.771241
0.526515
0.505981
0.525985
0.520855
0.512281
0.786026
0.562382
0.530611
0.508663
0.523641
0.524003
0.527861
0.503643
0.504118
0.505038
0.504595
0.517527
0.502293
0.502479
0.519399
0.50848
0.513038
0.553874
0.496964
0.517119
0.51598
0.492431
0.507084
0.490335
0.508454
0.510646
0.613009
0.516095
0.528406
0.531133
0.506868
0.507724
0.505617
0.530235
0.521022
0.518902
0.515252
0.510716
0.502119
0.502224
0.51104
0.507601
0.533077
0.503608
0.523539
0.516881
0.50554
0.532143
0.497481
0.502766
0.525613
0.490104
0.514334
0.524099
0.513978
0.527302
0.512468
0.557792
0.500293
0.507232
0.533515
0.528964
0.493563
0.523002
0.522014
0.503815
0.516188
0.504684
0.514161
0.522317
0.506237
0.520629
0.529622
0.491988
0.530959
0.515759
0.513
0.51751
0.507266
0.504935
0.535081
0.520523
0.509303
0.556499
0.514885
0.514942
0.752563
0.53492
0.520418
0.506431
0.521514
0.531651
0.506343
0.512519
0.514042
0.511478
0.52806
0.504748
0.525109
0.522498
0.501761
0.510523
0.76277
0.510981
0.512992
0.501095
0.535022
0.522656
0.535588
0.524605
0.506591
0.517926
0.527099
0.749075
0.53284
0.527502
0.501882
0.523853
0.509305
0.51238
0.518063
0.520932
0.514194
0.505284
0.501354
0.546245
0.503904
0.510707
0.562131
0.519504
0.518684
0.520241
0.501972
0.547025
0.518308
0.514579
0.515592
0.511299
0.522916
0.663427
0.521847
0.518502
0.506559
0.706619
0.530761
0.530346
0.524707
0.530859
0.55225
0.50611
0.520079
0.527363
0.504745
0.539666
0.535381
0.520638
0.520012
0.510036
0.505501
0.502744
0.571693
0.503294
0.527125
0.529284
0.526494
0.519667
0.526423
0.500914
0.51894
0.50885
0.527394
0.499808
0.508319
0.502539
0.510385
0.50743
0.502582
0.517247
0.505678
0.522709
0.665541
0.49825
0.514782
0.523399
0.507712
0.511451
0.599254
0.503651
0.518722
0.526162
0.503009
0.515673
0.527891
0.50347
0.51039
0.523288
0.511196
0.511867
0.515759
0.525079
0.531241
0.543704
0.508863
0.504636
0.516518
0.521585
0.584734
0.497265
0.505488
0.527565
0.519695
0.508383
0.512162
0.499744
0.511348
0.506478
0.51162
0.508846
0.517774
0.512441
0.509935
0.521776
0.495196
0.529546
0.593656
0.515591
0.503159
0.523908
0.583862
0.508309
0.49674
0.50944
0.519546
0.519966
0.532869
0.509963
0.536401
0.512391
0.524515
0.530468
0.530671
0.517678
0.532655
0.512617
0.509379
0.49722
0.504968
0.518814
0.511684
0.535674
0.4957
0.700309
0.566491
0.524201
0.506866
0.504533
0.61151
0.602322
0.514937
0.507888
0.527158
0.504022
0.505563
0.504027
0.507998
0.505234
0.540673
