0.527617
0.526131
0.524256
0.503409
0.50262
0.537119
0.535692
0.513151
0.515079
0.508381
0.508973
0.508802
0.520332
0.519219
0.523293
0.524374
0.532089
0.524352
0.520869
0.526523
0.52251
0.501207
0.505192
0.522469
0.522976
0.509606
0.507372
0.508278
0.51173
0.518669
0.520682
0.520721
0.527217
0.499802
0.505271
0.500976
0.585479
0.57182
0.622761
0.657902
0.526528
0.530222
0.52889
0.526722
0.515961
0.520244
0.523522
0.522389
0.522152
0.507311
0.512395
0.509834
0.53544
0.516089
0.513665
0.506512
0.513722
0.505038
0.496884
0.518811
0.520626
0.519465
0.528012
0.532458
0.522449
0.510011
0.515481
0.510437
0.508052
0.524131
0.519954
0.522133
0.510628
0.517082
0.530739
0.506483
0.518591
0.520136
0.55469
0.550365
0.532853
0.522614
0.51296
0.509805
0.511334
0.521083
0.517977
0.521414
0.520536
0.512416
0.508042
0.525798
0.527178
0.527338
0.525075
0.528971
0.53019
0.535788
0.536229
0.537841
0.550419
0.498734
0.569217
0.57628
0.590712
0.519766
0.516219
0.524589
0.537991
0.529628
0.532916
0.526158
0.511911
0.511115
0.514046
0.511141
0.510888
0.523107
0.523917
0.52569
0.509199
0.507626
0.520823
0.520135
0.510317
0.5119
0.640796
0.650014
0.523905
0.527524
0.5093
0.513753
0.502963
0.514378
0.515862
0.567354
0.577277
0.521209
0.534789
0.523314
0.517617
0.519531
0.524342
0.517065
0.521129
0.516667
0.528552
0.531197
0.522676
0.526667
0.509953
0.536531
0.534009
0.523529
0.52244
0.52346
0.51089
0.514059
0.510316
0.527054
0.532852
0.50484
0.50279
0.506498
0.505382
0.503134
0.515368
0.495698
0.502127
0.497045
0.51905
0.525843
0.507012
0.508846
0.520205
0.519971
0.529947
0.517871
0.519574
0.496876
0.502014
0.501914
0.530634
0.523974
0.510381
0.506599
0.786642
0.822408
0.536125
0.501497
0.502347
0.554246
0.541214
0.592609
0.657083
0.525855
0.50276
0.507009
0.507588
0.520997
0.517849
0.501554
0.504483
0.526345
0.521814
0.527353
0.522157
0.516941
0.517535
0.507558
0.517227
0.518969
0.538406
0.534271
0.516464
0.501596
0.510481
0.516674
0.523074
0.526325
0.53637
0.509153
0.511076
0.501165
0.575057
0.520781
0.516074
0.512127
0.510274
0.512308
0.509808
0.506946
0.508323
0.510472
0.525028
0.529981
0.488427
0.515597
0.52372
0.526818
0.522774
0.509006
0.508815
0.498741
0.530355
0.525658
0.495629
0.499079
0.497214
0.523041
0.526975
0.508998
0.512573
0.519754
0.513484
0.515723
0.501678
0.504794
0.501809
0.501838
0.531631
0.697659
0.517624
0.513229
0.637047
0.654246
0.637852
0.640859
0.496404
0.533549
0.515525
0.502596
0.503234
0.522656
0.521088
0.535797
0.531181
0.51488
0.514776
0.504768
0.519807
0.515382
0.516905
0.543266
0.53689
0.512081
0.515798
0.515635
0.514573
0.512728
0.529715
0.533138
0.526447
0.504535
0.501594
0.501656
0.592566
0.521714
0.514759
0.504251
0.506775
0.50343
0.508442
0.50337
0.528754
0.530438
0.528015
0.519782
0.50915
0.50666
0.513785
0.533358
0.533268
0.502738
0.50123
0.493987
0.503884
0.50732
0.498972
0.513386
0.512431
0.515788
0.508806
0.52096
0.522536
0.54452
0.561083
0.558262
0.513269
0.51146
0.732882
0.5427
0.52205
0.506534
0.504004
0.501837
0.502428
0.539476
0.531304
0.522431
0.520823
0.488232
0.489152
0.556048
0.551621
0.544973
0.526852
0.501104
0.502043
0.49999
0.521601
0.522161
0.523608
0.587363
0.497249
0.505168
0.509744
0.510988
0.529349
0.520079
0.518456
0.508407
0.523719
0.52364
0.508346
0.503117
0.498722
0.517016
0.523077
0.485689
0.492209
0.485758
0.519829
0.520827
0.506473
0.649684
0.515797
0.511054
0.512672
0.518167
0.519007
0.506984
0.509452
0.519075
0.526163
0.513763
0.511806
0.533341
0.512007
0.510777
0.537565
0.511339
0.515124
0.584852
0.594637
0.515615
0.523134
0.524459
0.495522
0.497356
0.497347
0.526104
0.534553
0.522931
0.527545
0.515441
0.514969
0.662117
0.669499
0.664756
0.706341
0.526027
0.529218
0.52758
0.513383
0.516444
0.515901
0.50365
0.495346
0.504158
0.504448
0.545391
0.570779
0.527813
0.51967
0.525154
0.524862
0.525766
0.497157
0.49912
0.518661
0.516251
0.515587
0.521013
0.532623
0.533357
0.531377
0.507727
0.53206
0.533064
0.527123
0.529291
0.539151
0.53098
0.507363
0.515486
0.515512
0.514641
0.513048
0.515463
0.517208
0.513934
0.524021
0.514733
0.502084
0.510035
0.511063
0.525394
0.513746
0.513951
0.507842
0.526079
0.502983
0.500533
0.503383
0.513633
0.514235
0.52073
0.518938
0.50945
0.50669
0.611984
0.514843
0.515021
0.536102
0.48275
0.490184
0.520905
0.517624
0.514736
0.525122
0.520627
0.513777
0.509616
0.639605
0.630993
0.500179
0.500212
0.502438
0.516766
0.516137
0.508603
0.513962
0.510186
0.507677
0.62526
0.49896
0.504551
0.502627
0.50312
0.524032
0.523695
0.511719
0.505407
0.502262
0.503318
0.502361
0.520551
0.518602
0.516323
0.505705
0.507028
0.523287
0.527973
0.530247
0.513007
0.5109
0.511928
0.521784
0.521048
0.519504
0.520092
0.523157
0.503002
0.502621
0.52285
0.523174
0.525594
0.518109
0.512316
0.514216
0.51342
0.515031
0.503558
0.508632
0.546679
0.537713
0.558029
0.552912
0.510446
0.505941
0.50793
0.526785
0.515673
0.523216
0.529286
0.488813
0.511326
0.514445
0.504433
0.552746
0.503158
0.504372
0.504496
0.488523
0.536759
0.75612
0.514433
0.533617
0.531003
0.48919
0.574851
0.505762
0.511112
0.514327
0.522309
0.516554
0.491282
0.509304
0.525802
0.522196
0.525108
0.513618
0.515987
0.511915
0.540464
0.526664
0.531236
0.491776
0.50166
0.497507
0.50918
0.52842
0.523335
0.511846
0.500467
0.50119
0.508338
0.505195
0.511563
0.519322
0.51842
0.513375
0.500752
0.502703
0.51094
0.505937
0.497507
0.523613
0.526625
0.524976
0.517729
0.491375
0.523556
0.492034
0.5062
0.535603
0.524706
0.516117
0.520711
0.499729
0.548545
0.502194
0.501091
0.515574
0.503311
0.50699
0.522389
0.518338
0.50915
0.522
0.520112
0.528204
0.511178
0.507041
0.501508
0.516319
0.536243
0.507424
0.505297
0.510697
0.520928
0.522481
0.50869
0.504047
0.506995
0.511987
0.515281
0.493835
0.498566
0.511923
0.504899
0.524741
0.519005
0.512944
0.505453
0.500922
0.510557
0.516669
0.523865
0.522983
0.50742
0.515954
0.511962
0.558517
0.510895
0.515256
0.568912
0.600682
0.52482
0.615624
0.519037
0.506427
0.528792
0.515995
0.533947
0.532427
0.534232
0.532453
0.54838
0.51301
0.511112
0.574686
0.602912
0.509238
0.497083
0.500479
0.527608
0.52581
0.506196
0.511209
0.517805
0.526132
0.530618
0.555442
0.550112
0.511229
0.51089
0.51258
0.508748
0.511107
0.521197
0.50301
0.507895
0.561622
0.565703
0.562135
0.509179
0.512782
0.588788
0.686746
0.757007
0.773234
0.690837
0.508756
0.495403
0.622502
0.667312
0.64733
0.523802
0.520675
0.518257
0.501733
0.604873
0.510774
0.511398
0.523065
0.596274
0.587872
0.535284
0.503408
0.505262
0.566971
0.562486
0.570442
0.533701
0.51769
0.520241
0.514467
0.521132
0.515881
0.508058
0.508582
0.668526
0.643182
0.611988
0.523626
0.534697
0.52969
0.533311
0.533908
0.528828
0.507592
0.577198
0.575868
0.519619
0.511305
0.504063
0.666536
0.622792
0.675931
0.486792
0.490168
0.487031
0.531292
0.507368
0.514052
0.509893
0.515779
0.503191
0.51918
0.503263
0.505616
0.532098
0.523635
0.52773
0.520922
0.599052
0.583577
0.568281
0.551602
0.509017
0.529771
0.504995
0.514365
0.510944
0.517428
0.516002
0.522206
0.537083
0.536499
0.535685
0.522697
0.52966
0.527558
0.614936
0.506087
0.524208
0.505481
0.514171
0.536077
0.518254
0.513982
0.517134
0.539402
0.539057
0.504904
0.530805
0.519788
0.523481
0.526921
0.513112
0.507234
0.506459
0.506072
0.515759
0.78172
0.513099
0.528867
0.525093
0.659958
0.525328
0.504486
0.502032
0.48588
0.535012
0.523769
0.497821
0.5
0.516617
0.515054
0.505464
0.510041
0.533856
0.515854
0.525218
0.523498
0.514755
0.534865
0.513444
0.524281
0.529334
0.500085
0.52812
0.52897
0.509154
0.50634
0.53436
0.526454
0.529965
0.502482
0.50146
0.511481
0.508613
0.517596
0.528037
0.520303
0.511344
0.653044
0.524704
0.518935
0.495855
0.506358
0.506503
0.513647
0.51345
0.514132
0.518375
0.517157
0.508958
0.538241
0.521968
0.526247
0.50887
0.514432
0.522652
0.670289
0.646705
0.554765
0.516164
0.518238
0.528135
0.524284
0.525063
0.514207
0.501574
0.500604
0.531661
0.531173
0.529202
0.516974
0.522771
0.499308
0.504044
0.506273
0.566289
0.512902
0.52376
0.508831
0.501275
0.506571
0.506051
0.50324
0.521815
0.709855
0.532223
0.517137
0.518336
0.540599
0.509552
0.514385
0.504552
0.500324
0.640353
0.516629
0.519782
0.502905
0.508964
0.50776
0.49569
0.493701
0.757556
0.686991
0.531377
0.544311
0.550745
0.541746
0.556913
0.621553
0.50279
0.506224
0.509079
0.506096
0.504716
0.515068
0.503504
0.511462
0.518322
0.505198
0.513701
0.516311
0.519767
0.520692
0.514288
0.509654
0.551918
0.595472
0.564775
0.509723
0.534102
0.508671
0.638397
0.517773
0.51968
0.512373
0.505867
0.507923
0.517186
0.514604
0.567004
0.583656
0.537791
0.524087
0.522423
0.510943
0.549541
0.547156
0.54173
0.51116
0.510086
0.550406
0.503532
0.502473
0.576295
0.520975
0.524073
0.525279
0.524473
0.517219
0.49443
0.514736
0.516782
0.577257
0.552505
0.496436
0.512188
0.530893
0.524921
0.529606
0.52672
0.514281
0.530347
0.503577
0.502413
0.522368
0.519229
0.557057
0.51714
0.516803
0.516549
0.515654
0.523951
0.517854
0.516169
0.518807
0.511176
0.524656
0.505856
0.511915
0.50619
0.517096
0.500777
0.514981
0.517809
0.530606
0.526222
0.892774
0.536269
0.545773
0.501501
0.535172
0.531336
0.515073
0.543642
0.510178
0.52837
0.501877
0.505659
0.500531
0.502624
0.52061
0.5208
0.522551
0.5213
0.519539
0.506267
0.524908
0.526405
0.531602
0.522721
0.515469
0.511998
0.495175
0.521047
0.507888
0.510288
0.519402
0.518007
0.514811
0.51321
0.516665
0.509288
0.526274
0.495195
0.563913
0.509883
0.559797
0.503551
0.506417
0.504589
0.736717
0.505894
0.512074
0.519389
0.588956
0.522303
0.511252
0.51759
0.520819
0.517614
0.496982
0.515957
0.505919
0.50906
0.518215
0.535513
0.522533
0.502978
0.501897
0.513181
0.51525
0.508135
0.509542
0.578604
0.618139
0.550068
0.509023
0.505955
0.504393
0.504292
0.630034
0.605079
0.500609
0.504986
0.597769
0.525694
0.527839
0.527687
0.498583
0.527036
0.537329
0.515127
0.501099
0.498204
0.59381
0.509135
0.501357
0.516722
0.51216
0.535893
0.52117
0.533396
0.516338
0.514483
0.517878
0.526052
0.532732
0.502541
0.519511
0.521834
0.506613
0.620067
0.516101
0.515661
0.504395
0.531235
0.518746
0.528951
0.535839
0.500905
0.525972
0.515191
0.606038
0.503698
0.513314
0.517374
0.593582
0.499996
0.521978
0.511099
0.530198
0.527821
0.523126
0.518094
0.501872
0.509919
0.510319
0.509357
0.502765
0.528329
0.527044
0.526785
0.518195
0.689058
0.503351
0.503633
0.504274
0.4943
0.495434
0.523676
0.523317
0.504074
0.510407
0.502534
0.50886
0.511746
0.519911
0.503922
0.521163
0.538041
0.535519
0.505024
0.501606
0.506965
0.504661
0.527083
0.527761
0.503769
0.505957
0.50548
0.505905
0.510406
0.502015
0.498631
0.504461
0.507053
0.515207
0.542629
0.510308
0.518106
0.513611
0.522145
0.522187
0.51173
0.615758
0.520475
0.513063
0.503223
0.502553
0.514573
0.518337
0.507457
0.503651
0.523356
0.523268
0.504254
0.509639
0.509467
0.510904
0.52712
0.534709
0.535065
0.523502
0.543657
0.5153
0.509125
0.507708
0.514945
0.518952
0.528337
0.530739
0.528322
0.482902
0.527135
0.519115
0.509712
0.52591
0.535614
0.50707
0.501134
0.496656
0.575085
0.503599
0.524065
0.520651
0.531839
0.536044
0.533995
0.523587
0.795604
0.718754
0.520032
0.507237
0.511287
0.50557
0.518118
0.510026
0.506361
0.502825
0.52885
0.501957
0.510698
0.514258
0.521814
0.509998
0.507598
0.52626
0.531576
0.522717
0.505881
0.508092
0.522814
0.531331
0.50468
0.502399
0.655913
0.559281
0.507587
0.516817
0.527938
0.516131
0.544825
0.537805
0.543588
0.514997
0.514304
0.526971
0.517663
0.505177
0.506517
0.512197
0.519046
0.513485
0.524143
0.526408
0.503032
0.5209
0.501785
0.498021
0.495669
0.50095
0.529122
0.523326
0.497579
0.522791
0.519232
0.512367
0.503704
0.519112
0.516172
0.50693
0.520602
0.501958
0.499823
0.532044
0.515283
0.537756
0.525124
0.526937
0.524128
0.503672
0.543053
0.512365
0.511193
0.535156
0.501348
0.517748
0.516923
0.509905
0.50367
0.528954
0.527726
0.511837
0.52453
0.534761
0.505069
0.508839
0.525769
0.50388
0.504277
0.528597
0.512081
0.518762
0.514265
0.511809
0.514142
0.521396
0.499379
0.501757
0.496419
0.621525
0.507572
0.508562
0.489036
0.503268
0.503429
0.528982
0.51274
0.530672
0.522698
0.489375
0.507995
0.509127
0.502522
0.513855
0.509625
0.510626
0.521214
0.510565
0.510059
0.513175
0.524476
0.507708
0.749144
0.522248
0.524723
0.522048
0.507922
0.679464
0.5221
0.510355
0.521954
0.529667
0.514491
0.510389
0.499613
0.504707
0.498838
0.588918
0.61721
0.560834
0.557181
0.511839
0.513415
0.506344
0.548408
0.555066
0.506304
0.506108
0.501004
0.515497
0.510519
0.519787
0.519013
0.524622
0.582422
0.514131
0.516868
0.51065
0.501818
0.52179
0.503332
0.534278
0.527799
0.503947
0.513492
0.516017
0.523696
0.523908
0.51131
0.514618
0.51274
0.531542
0.524402
0.52812
0.525213
0.686398
0.748746
0.524813
0.526731
0.507235
0.516166
0.529554
0.511274
0.506334
0.508631
0.511896
0.662598
0.559634
0.504416
0.512097
0.519637
0.518059
0.514524
0.51144
0.525884
0.555835
0.547234
0.518557
0.52575
0.523701
0.509138
0.576043
0.536777
0.524311
0.523348
0.523649
0.610909
0.581989
0.503398
0.560342
0.509647
0.509538
0.503895
0.528749
0.528185
0.505985
0.501307
0.530226
0.50307
0.503065
0.512372
0.518437
0.534044
0.51323
0.513098
0.613215
0.534143
0.52674
0.525489
0.525346
0.501836
0.573559
0.525169
0.508875
0.716678
0.568446
0.523269
0.517343
0.517745
0.498522
0.504725
0.502563
0.584995
0.52351
0.537814
0.504459
0.534459
0.511416
0.753399
0.513324
0.518771
0.602725
0.527445
0.507044
0.529747
0.530681
0.5243
0.526639
0.528579
0.706089
0.528575
0.522025
0.507112
0.49823
0.658494
0.531108
0.528951
0.517049
0.519871
0.524518
0.496559
0.510633
0.523992
0.536743
0.526349
0.502437
0.53467
0.53031
0.531186
0.521265
0.515708
0.525882
0.520239
0.507584
0.508868
0.515226
0.492684
0.493837
0.520478
0.526823
0.504957
0.481538
0.511594
0.522981
0.517333
0.523384
0.668663
0.531372
0.530535
0.534974
0.499358
0.505695
0.513004
0.509368
0.529285
0.632999
0.525041
0.505801
0.527742
0.571027
0.556358
0.516615
0.524959
0.518415
0.501432
0.512978
0.510446
0.52628
0.494124
0.50555
0.526803
0.511709
0.507742
0.507143
0.609325
0.517769
0.522121
0.522555
0.543873
0.520231
0.503044
0.754662
0.514304
0.513634
0.514467
0.510694
0.528027
0.523195
0.510211
0.541062
0.489916
0.525471
0.522372
0.525347
0.497901
0.539126
0.513695
0.534339
0.52279
0.522128
0.517732
0.508821
0.528394
0.523756
0.505198
0.511917
0.507277
0.591415
0.5108
0.522857
0.51131
0.521334
0.514767
0.500324
0.525248
0.508797
0.523651
0.525607
0.535266
0.525003
0.527582
0.51347
0.512029
0.532932
0.505432
0.629554
0.506411
0.52427
0.52249
0.52305
0.505434
0.529353
0.513775
0.509764
0.517708
0.512026
0.515208
0.528616
0.505291
0.520432
0.535526
0.528762
0.513649
0.517884
0.509276
0.510344
0.533914
0.513395
0.5197
0.50719
0.525916
0.505876
0.525997
0.542335
0.65928
0.528444
0.528602
0.669345
0.52509
0.52089
0.532952
0.493459
0.681576
0.509277
0.522513
0.526352
0.509195
0.521445
0.509336
0.502767
0.525527
0.735077
0.507331
0.526393
0.528454
0.561541
0.572793
0.522133
0.665506
0.51439
0.495231
0.51203
0.524538
0.527681
0.518827
0.507444
0.523807
0.522702
0.509896
0.513936
0.512518
0.502051
0.520719
0.510753
0.521528
0.505827
0.510199
0.505544
0.499984
0.516399
0.503615
0.528457
0.529901
0.500367
0.501662
0.516096
0.614203
0.489536
0.50245
0.499451
0.518365
0.507626
0.505607
0.503791
0.506977
0.502375
0.55189
0.511776
0.52298
0.522095
0.512528
0.512608
0.506495
0.522225
0.51821
0.513012
0.52389
0.517875
0.504523
0.665197
0.524377
0.503884
0.510491
0.508084
0.533387
0.511111
0.508969
0.531978
0.531193
0.509061
0.520556
0.673438
0.505167
0.52382
0.512299
0.522008
0.50159
0.521235
0.504518
0.542329
0.505158
0.524417
0.516921
0.628455
0.498749
0.511067
0.513072
0.502718
0.647744
0.525243
0.516648
0.510124
0.549989
0.522922
0.513672
0.514045
0.522933
0.49164
0.527822
0.514937
0.514876
0.523111
0.524068
0.526786
0.519093
0.52351
0.522508
0.501643
0.51597
0.529784
0.63955
0.50892
0.515537
0.53179
0.529202
0.5206
0.509076
0.535115
0.6893
0.521573
0.508199
0.512823
0.51525
0.507137
0.518015
0.598982
0.525422
0.501711
0.520535
0.53078
0.509487
0.507841
0.509633
0.508465
0.499622
0.512688
0.500244
0.524228
0.510541
0.515935
0.609575
0.553472
0.518335
0.501078
0.510853
0.528695
0.549185
0.586994
0.504469
0.537265
0.498133
0.501131
0.515887
0.539308
0.504591
0.513762
0.520636
0.529609
0.516613
0.533244
0.512698
0.530865
0.519297
0.534128
0.512428
0.522091
0.525917
0.532629
0.514383
0.505721
0.499667
0.553586
0.521087
0.503058
0.513551
0.523836
0.515466
0.516279
0.521643
0.523623
0.505032
0.503814
0.520139
0.548024
0.534425
0.663982
0.535658
0.620638
0.528803
0.539234
0.533766
0.526291
0.519365
0.518992
0.504708
0.52501
0.503274
0.533305
0.517565
0.518559
0.495409
0.506612
0.52122
0.520907
0.529341
0.523712
0.521121
0.524884
0.517245
0.516939
0.511146
0.514313
0.524807
0.50785
0.507137
0.50843
0.496057
0.578999
0.597578
0.517601
0.506932
0.5255
0.544743
0.546603
0.506934
0.521482
0.525402
0.639131
0.499127
0.530013
0.533869
0.533031
0.518213
0.514966
0.52652
0.527067
0.518102
0.522373
0.518932
0.521871
0.51824
0.504197
0.495697
0.531416
0.539293
0.547733
0.521376
0.52124
0.506921
0.513343
0.515594
0.521094
0.524583
0.554195
0.510065
0.512904
0.532411
0.536704
0.506832
0.5072
0.505275
0.515068
0.519614
0.510584
0.516103
0.507887
0.519352
0.510881
0.505551
0.638178
0.517286
0.506718
0.508545
0.623332
0.502295
0.520906
0.501211
0.524179
0.522943
0.532259
0.522028
0.523669
0.494586
0.50382
0.501535
0.502825
0.517439
0.502523
0.51144
0.540821
0.513612
0.514551
0.516035
0.515091
0.505645
0.537825
0.522841
0.513061
0.51355
0.491632
0.521417
0.522459
0.535341
0.51792
0.504441
0.566509
0.620446
0.530293
0.511205
0.521516
0.518791
0.503646
0.484605
0.519354
0.515221
0.515702
0.518523
0.511918
0.511418
0.535853
0.519803
0.510732
0.516997
0.528832
0.520377
0.510374
0.513472
0.523351
0.509904
0.504929
0.525915
0.512238
0.52882
0.517511
0.500074
0.529852
0.528646
0.523185
0.514446
0.503789
0.511386
0.520586
0.530442
0.54836
0.506116
0.504899
0.51763
0.517025
0.517788
0.50277
0.660024
0.538316
0.506481
0.508501
0.507382
0.523193
0.526957
0.561994
0.539163
0.622688
0.520614
0.677726
0.485305
0.513433
0.492909
0.512062
0.519653
0.520111
0.51219
0.527565
0.509333
0.522102
0.66219
0.559482
0.513722
0.577729
0.520934
0.511924
0.50313
0.519196
0.530939
0.520031
0.535988
0.537852
0.501309
0.509947
0.520744
0.521196
0.521178
0.523931
0.525164
0.518419
0.512497
0.51994
0.502119
0.507883
0.524643
0.495682
0.520915
0.500734
0.505359
0.524957
0.52649
0.509761
0.503487
0.518769
0.539004
0.536657
0.50757
0.51302
0.513375
0.526464
0.524257
0.516491
0.567389
0.51916
0.509903
0.511238
0.530947
0.516977
0.654567
0.520879
0.507998
0.503886
0.501383
0.516024
0.508453
0.525871
0.516667
0.530794
0.524665
0.523724
0.527759
0.507536
0.508485
0.516264
0.527282
0.519989
0.659058
0.501242
0.517853
0.500991
0.509893
0.518486
0.515317
0.496461
0.51414
0.515377
0.508263
0.51223
0.498426
0.512072
0.517617
0.498179
0.534929
0.504133
0.500845
0.504813
0.503921
0.509288
0.527747
0.565713
0.501092
0.564043
0.524399
0.517747
0.526327
0.504133
0.505107
0.504409
0.504338
0.53375
0.526739
0.50944
0.526414
0.513122
0.512839
0.519748
0.511621
0.518588
0.508759
0.526467
0.51335
0.511973
0.523685
0.61181
0.774942
0.515672
0.542864
0.52071
0.507228
0.518128
0.509784
0.523688
0.501541
0.508331
0.510957
0.510094
0.498974
0.516892
0.513327
0.513282
0.519746
0.508165
0.49325
0.512912
0.524007
0.513918
0.518663
0.551481
0.513234
0.547506
0.521346
0.505209
0.524914
0.523613
0.50743
0.513781
0.520732
0.523662
0.505012
0.704887
0.528045
0.505015
0.538729
0.530503
0.531173
0.588162
0.503845
0.706172
0.510437
0.841899
0.503337
0.530643
0.519708
0.503231
0.518065
0.522113
0.511764
0.528354
0.512482
0.503003
0.501661
0.521821
0.534855
0.531137
0.501721
0.526346
0.506409
0.527622
0.513793
0.518556
0.51701
0.525943
0.527238
0.505633
0.514504
0.512078
0.512824
0.524686
0.500663
0.496629
0.500588
0.504706
0.647581
0.507789
0.51094
0.510732
0.504849
0.516812
0.515395
0.524448
0.516432
0.519369
0.537246
0.524643
0.532756
0.505239
0.507876
0.515622
0.520743
0.630832
0.521984
0.51136
0.515366
0.516247
0.526761
0.512067
0.539072
0.541551
0.516046
0.507722
0.540134
0.534818
0.688936
0.5348
0.643344
0.679243
0.518554
0.515674
0.540303
0.522808
0.533386
0.514722
0.591299
0.501786
0.512424
0.520317
0.523044
0.555446
0.55744
0.511321
0.530953
0.514639
0.511243
0.519382
0.515068
0.512561
0.511387
0.508748
0.527261
0.5177
0.524199
0.524729
0.529733
0.526256
0.621874
0.509036
0.5473
0.536257
0.520196
0.533276
0.509726
0.525071
0.522994
0.513543
0.518854
0.493461
0.53327
0.510445
0.523289
0.533209
0.526408
0.516021
0.541357
0.528847
0.532473
0.512416
0.508194
0.490955
0.535275
0.505962
0.520679
0.524773
0.514119
0.513715
0.51005
0.513012
0.529376
0.508061
0.507284
0.50916
0.812803
0.563882
0.569513
0.506474
0.536797
0.518049
0.516433
0.513996
0.527258
0.531865
0.545396
0.521874
0.538139
0.505473
0.517935
0.523056
0.509053
0.527063
0.501175
0.516334
0.501675
0.50752
0.512576
0.55674
0.541515
0.523422
0.511263
0.627788
0.510836
0.539095
0.531091
0.508451
0.504346
0.525663
0.52773
0.52275
0.506773
0.52934
0.496698
0.534757
0.51928
0.505074
0.525034
0.529835
0.508801
0.518589
0.524002
0.509298
0.50683
0.512536
0.526269
0.556155
0.517483
0.575514
0.520741
0.682411
0.608843
0.521067
0.512034
0.525857
0.505616
0.682167
0.514943
0.523459
0.512181
0.495517
0.517335
0.519738
0.524161
0.508964
0.528605
0.508499
0.519124
0.527796
0.509335
0.628641
0.520986
0.522512
0.521979
0.500888
0.504818
0.496894
0.486162
0.582154
0.504143
0.515013
0.522401
0.509332
0.481029
0.513075
0.564029
0.495628
0.508116
0.638806
0.517674
0.528625
0.513283
0.520228
0.527251
0.518915
0.521731
0.528625
0.51672
0.516403
0.515479
0.522432
0.534321
0.528968
0.515657
0.511593
0.514189
0.519102
0.521698
0.521278
0.50453
0.497597
0.521313
0.531561
0.516179
0.530356
0.511725
0.531087
0.527098
0.514027
0.514413
0.502314
0.503908
0.527865
0.514234
0.519452
0.499741
0.51575
0.514191
0.520532
0.531695
0.502843
0.53311
0.515909
0.530583
