0.523737
0.529605
0.5203
0.501494
0.498777
0.535515
0.533988
0.511682
0.510467
0.512073
0.5064
0.527331
0.73568
0.746746
0.522264
0.522208
0.518526
0.523653
0.516476
0.519153
0.518549
0.515507
0.523708
0.528578
0.526925
0.506143
0.498346
0.55765
0.558411
0.595709
0.52244
0.525715
0.510724
0.509526
0.526163
0.524697
0.513054
0.515138
0.5317
0.514655
0.517621
0.573319
0.564554
0.51501
0.65135
0.629391
0.529751
0.52849
0.50988
0.512334
0.516851
0.51959
0.513615
0.513169
0.507082
0.553052
0.50122
0.507682
0.50567
0.497729
0.519314
0.525436
0.527803
0.521065
0.524027
0.511609
0.527922
0.516208
0.516618
0.548275
0.506112
0.50644
0.502026
0.530142
0.524305
0.529881
0.526355
0.49825
0.499787
0.514039
0.518391
0.519224
0.520993
0.521312
0.524155
0.514038
0.506807
0.52524
0.523912
0.527336
0.524888
0.527739
0.542329
0.547743
0.509593
0.508033
0.511252
0.506281
0.505371
0.570052
0.523782
0.520106
0.523201
0.528565
0.527626
0.519025
0.523815
0.516325
0.640066
0.531394
0.533588
0.562671
0.512028
0.510535
0.509303
0.510889
0.518571
0.517846
0.517497
0.518442
0.706983
0.633001
0.516929
0.517829
0.512023
0.523327
0.519423
0.519879
0.510458
0.513776
0.548436
0.532419
0.542334
0.551114
0.523676
0.50951
0.528265
0.528718
0.521978
0.518708
0.521492
0.537741
0.528701
0.520524
0.523902
0.512226
0.51232
0.525854
0.523325
0.511916
0.512599
0.514075
0.513009
0.526039
0.529061
0.52891
0.499045
0.502015
0.515928
0.501768
0.502142
0.49879
0.496344
0.514709
0.531534
0.504853
0.51652
0.513364
0.515499
0.65225
0.526597
0.52784
0.528325
0.516437
0.518042
0.514833
0.506962
0.530305
0.524486
0.508368
0.506359
0.552434
0.509965
0.506201
0.525024
0.567893
0.549329
0.521787
0.521503
0.513466
0.504077
0.500291
0.524933
0.526093
0.525707
0.517062
0.522367
0.527062
0.51654
0.519183
0.519265
0.531001
0.531304
0.535783
0.532762
0.53427
0.495668
0.486733
0.529484
0.535795
0.511066
0.560917
0.523202
0.508742
0.517171
0.506144
0.506624
0.506105
0.511725
0.508261
0.529798
0.526627
0.529931
0.489536
0.48668
0.520248
0.521597
0.520455
0.509334
0.513753
0.515189
0.511669
0.510336
0.507356
0.502543
0.500445
0.530713
0.530435
0.533963
0.498546
0.517837
0.666377
0.636092
0.525917
0.516079
0.517261
0.520025
0.503524
0.502864
0.524605
0.52075
0.534312
0.533702
0.515809
0.515808
0.512658
0.511939
0.515663
0.511826
0.505676
0.510621
0.514488
0.592059
0.53993
0.522281
0.513718
0.511181
0.509324
0.503384
0.528524
0.530203
0.501609
0.503547
0.534481
0.617173
0.603448
0.506192
0.490799
0.492227
0.505443
0.502704
0.503104
0.508725
0.504277
0.528882
0.500066
0.503978
0.520825
0.52485
0.501162
0.511489
0.514072
0.508926
0.501508
0.502969
0.524794
0.508664
0.506372
0.506102
0.504589
0.512787
0.506608
0.536591
0.535353
0.502735
0.509098
0.506877
0.501506
0.507939
0.500138
0.500799
0.503803
0.697364
0.715311
0.520694
0.52713
0.516899
0.545325
0.557646
0.554198
0.6562
0.725087
0.562071
0.525445
0.518824
0.501499
0.502127
0.50279
0.50238
0.502257
0.53589
0.53246
0.535142
0.523397
0.518138
0.488812
0.486123
0.554498
0.558582
0.556608
0.525501
0.500091
0.517671
0.605162
0.564796
0.50608
0.499416
0.504348
0.503352
0.523872
0.526954
0.531721
0.507052
0.525016
0.513459
0.513561
0.521843
0.510941
0.511264
0.519086
0.51805
0.500585
0.504231
0.498416
0.50118
0.502983
0.492725
0.496243
0.520303
0.506307
0.574205
0.509526
0.507202
0.511348
0.518331
0.506759
0.510074
0.519027
0.517796
0.522931
0.502902
0.505431
0.508743
0.53222
0.533494
0.499767
0.584087
0.514509
0.4903
0.500581
0.499458
0.495145
0.5239
0.517783
0.516292
0.682595
0.529007
0.525789
0.519182
0.527352
0.511377
0.504161
0.50046
0.509045
0.512442
0.518224
0.521142
0.512966
0.509265
0.565042
0.585939
0.523753
0.518113
0.518042
0.517771
0.520557
0.501552
0.506672
0.519718
0.520401
0.519944
0.519424
0.514286
0.515444
0.524984
0.528583
0.536799
0.498258
0.52367
0.524817
0.524924
0.527806
0.533396
0.527497
0.520105
0.521883
0.51509
0.523363
0.513484
0.503666
0.508721
0.511806
0.520004
0.523813
0.524098
0.515968
0.5168
0.518743
0.644364
0.515912
0.49985
0.515004
0.515664
0.510387
0.50895
0.529124
0.513145
0.511451
0.50854
0.524618
0.500916
0.500314
0.501859
0.5188
0.517352
0.51539
0.619952
0.50128
0.502168
0.502948
0.498858
0.501214
0.525618
0.521388
0.501878
0.504068
0.527805
0.528245
0.532613
0.503397
0.503216
0.50179
0.501206
0.516406
0.498857
0.501199
0.51834
0.519765
0.517457
0.508377
0.509252
0.512957
0.526254
0.510125
0.509021
0.512282
0.519894
0.516478
0.513544
0.516673
0.509135
0.533647
0.528162
0.511483
0.50902
0.52917
0.511678
0.517421
0.513054
0.50412
0.511111
0.557998
0.54595
0.548135
0.539208
0.556017
0.554984
0.537362
0.536645
0.524774
0.526993
0.512508
0.509885
0.507526
0.510531
0.502142
0.504071
0.535871
0.557753
0.509969
0.508502
0.51317
0.504254
0.63847
0.521977
0.526279
0.512118
0.519493
0.49423
0.499752
0.560368
0.514523
0.504879
0.508096
0.502832
0.505666
0.524791
0.511747
0.505652
0.536812
0.537234
0.524388
0.51218
0.513882
0.517597
0.49986
0.507532
0.511369
0.507438
0.51248
0.506564
0.531806
0.507546
0.497566
0.49581
0.501347
0.501579
0.506356
0.502299
0.503964
0.507735
0.50947
0.507526
0.5199
0.530701
0.494785
0.495838
0.508966
0.580576
0.526222
0.533775
0.52168
0.51599
0.519372
0.555581
0.544673
0.501932
0.504955
0.510581
0.523967
0.524143
0.523476
0.508474
0.512268
0.521085
0.524335
0.524781
0.501099
0.507127
0.50466
0.529097
0.531888
0.509257
0.513527
0.516957
0.49905
0.502875
0.562632
0.545169
0.532681
0.502746
0.535773
0.543621
0.510175
0.527815
0.505302
0.506522
0.511205
0.508125
0.508808
0.501163
0.49932
0.495134
0.526775
0.533347
0.511892
0.514844
0.51693
0.517412
0.525982
0.511102
0.513401
0.505524
0.500326
0.504593
0.500547
0.504751
0.514474
0.522012
0.50689
0.506064
0.510521
0.505654
0.556528
0.509402
0.530771
0.530641
0.584467
0.58316
0.52449
0.509715
0.515926
0.516758
0.510666
0.526668
0.528188
0.519308
0.505854
0.513634
0.515488
0.504373
0.510267
0.535262
0.530846
0.524226
0.532644
0.533074
0.522259
0.521151
0.511851
0.509986
0.515738
0.507968
0.499652
0.526542
0.528515
0.524807
0.505711
0.51187
0.506234
0.527593
0.53109
0.519501
0.568571
0.559339
0.576834
0.509969
0.506207
0.516407
0.509931
0.555212
0.503343
0.508541
0.504871
0.509147
0.675423
0.616475
0.760397
0.60132
0.513035
0.495167
0.644549
0.519696
0.521918
0.660964
0.511442
0.509382
0.500406
0.497961
0.496613
0.607814
0.593163
0.53841
0.505426
0.502602
0.509579
0.56956
0.561799
0.547096
0.537077
0.517821
0.521048
0.622867
0.647953
0.503536
0.515555
0.520631
0.520461
0.528132
0.526176
0.508052
0.531399
0.528385
0.521789
0.520526
0.516713
0.50827
0.510672
0.570405
0.608719
0.503951
0.507516
0.508033
0.685904
0.733876
0.686848
0.513567
0.506492
0.50929
0.50759
0.509363
0.505836
0.502506
0.507246
0.533565
0.522821
0.520979
0.503809
0.675373
0.502894
0.530336
0.526184
0.514472
0.546916
0.577108
0.555612
0.551971
0.620959
0.532719
0.506022
0.514727
0.548066
0.536976
0.532821
0.526125
0.52976
0.527832
0.527336
0.603152
0.511152
0.509366
0.535271
0.509737
0.510245
0.515261
0.495141
0.495867
0.518494
0.513776
0.5186
0.544617
0.536466
0.516809
0.512598
0.51051
0.500709
0.53589
0.524824
0.522327
0.646925
0.588742
0.517705
0.50764
0.507883
0.51096
0.534441
0.529301
0.532574
0.521522
0.517254
0.495543
0.499767
0.510159
0.49669
0.497984
0.509905
0.519673
0.512284
0.512052
0.517543
0.510178
0.526392
0.526702
0.507585
0.506715
0.527909
0.526843
0.525867
0.508534
0.511302
0.50858
0.522045
0.532521
0.534604
0.636743
0.520716
0.523473
0.519757
0.509969
0.516685
0.527597
0.521115
0.52509
0.529416
0.49988
0.558238
0.554842
0.530218
0.53547
0.526281
0.505529
0.507345
0.524132
0.523703
0.520194
0.713497
0.720987
0.562461
0.50328
0.532083
0.524882
0.532967
0.534228
0.50732
0.509218
0.597286
0.501933
0.513907
0.504418
0.513561
0.532907
0.52699
0.508987
0.539488
0.505677
0.506277
0.519859
0.499968
0.511989
0.509606
0.527423
0.488218
0.520333
0.668322
0.528503
0.540852
0.504031
0.498835
0.499194
0.657383
0.51417
0.498424
0.508349
0.509589
0.498467
0.798197
0.643841
0.52528
0.541659
0.581554
0.602661
0.655192
0.517549
0.523526
0.511102
0.533163
0.540747
0.545955
0.529303
0.522044
0.500545
0.502706
0.503106
0.499568
0.516482
0.525917
0.52139
0.512806
0.506923
0.508198
0.523761
0.523733
0.513232
0.525488
0.509612
0.642591
0.593006
0.506754
0.504367
0.516337
0.503011
0.658854
0.646933
0.516829
0.643568
0.525244
0.515998
0.513951
0.505115
0.507617
0.505093
0.515305
0.516171
0.512718
0.518783
0.705681
0.555542
0.531489
0.530382
0.534863
0.506995
0.508167
0.521042
0.547202
0.506845
0.558989
0.558265
0.511658
0.600662
0.510048
0.517545
0.517918
0.530183
0.503312
0.507929
0.514435
0.585095
0.565009
0.549038
0.526031
0.52803
0.513922
0.527992
0.528262
0.507548
0.529716
0.533747
0.505835
0.504085
0.502409
0.571169
0.537897
0.511911
0.512501
0.528568
0.526002
0.522212
0.500903
0.506899
0.501187
0.521276
0.514138
0.51635
0.500164
0.502645
0.516637
0.501451
0.513516
0.513307
0.515774
0.530251
0.542144
0.495915
0.531043
0.498587
0.543367
0.495663
0.508668
0.526271
0.504067
0.503735
0.503122
0.515096
0.514551
0.498056
0.505918
0.510568
0.523702
0.526284
0.518368
0.520133
0.514666
0.532615
0.510426
0.517417
0.514238
0.512175
0.510532
0.494936
0.503921
0.513547
0.515706
0.521858
0.509405
0.505705
0.502599
0.510483
0.507233
0.505648
0.509766
0.640175
0.507851
0.512026
0.5037
0.503594
0.555342
0.504696
0.519557
0.519896
0.499667
0.507629
0.50411
0.562622
0.5133
0.498979
0.514955
0.518082
0.513278
0.502658
0.524319
0.518171
0.509001
0.51771
0.534023
0.531838
0.508542
0.501653
0.708468
0.678687
0.521467
0.728556
0.700457
0.512446
0.505946
0.519972
0.507383
0.524351
0.602533
0.572565
0.507705
0.517525
0.503496
0.520118
0.516159
0.655933
0.517569
0.509447
0.518393
0.523018
0.495905
0.631879
0.657097
0.510735
0.51619
0.52117
0.523683
0.491917
0.508468
0.504691
0.499676
0.50767
0.534503
0.533294
0.508816
0.537217
0.52352
0.519781
0.523784
0.507159
0.525314
0.720669
0.535853
0.533285
0.542995
0.523123
0.504541
0.518764
0.522498
0.50236
0.502771
0.514554
0.528773
0.503322
0.509226
0.540015
0.529878
0.502375
0.524914
0.519005
0.527488
0.617077
0.5154
0.520479
0.515596
0.535415
0.50443
0.509445
0.530944
0.505842
0.526539
0.514744
0.519942
0.503993
0.509887
0.506345
0.530296
0.529006
0.527778
0.508031
0.606846
0.522209
0.501942
0.498645
0.513957
0.51348
0.503766
0.543358
0.510427
0.508848
0.517603
0.536268
0.535815
0.536469
0.503857
0.50362
0.504464
0.509987
0.520871
0.51602
0.502987
0.506074
0.510376
0.508868
0.507464
0.504488
0.5034
0.504825
0.61187
0.534374
0.568208
0.519016
0.514313
0.517111
0.502971
0.522669
0.520111
0.521492
0.509521
0.517805
0.520304
0.514273
0.503827
0.501918
0.507908
0.583806
0.498467
0.497979
0.523098
0.522879
0.522845
0.521543
0.523665
0.540387
0.513247
0.510098
0.54122
0.530389
0.529365
0.526273
0.51341
0.516456
0.530223
0.529515
0.504313
0.514341
0.518953
0.534603
0.520973
0.512369
0.581557
0.50758
0.515085
0.515028
0.514335
0.532161
0.523586
0.518811
0.521533
0.503177
0.520927
0.503082
0.514036
0.504947
0.495571
0.499151
0.5259
0.507065
0.529116
0.523311
0.533546
0.489606
0.521462
0.503856
0.545349
0.502686
0.523914
0.530003
0.501618
0.501259
0.498475
0.505683
0.50226
0.508715
0.535625
0.513933
0.517771
0.562887
0.54223
0.537832
0.515846
0.514639
0.517902
0.505259
0.626529
0.689225
0.724183
0.50072
0.506416
0.528118
0.518306
0.506062
0.513072
0.512403
0.526454
0.519658
0.534343
0.516599
0.503641
0.520502
0.524572
0.501208
0.495222
0.524891
0.510586
0.522908
0.50972
0.510436
0.515973
0.509658
0.648749
0.524069
0.513013
0.517917
0.503119
0.524378
0.513472
0.49921
0.501947
0.504361
0.514947
0.520103
0.545587
0.530752
0.502553
0.508393
0.511438
0.500518
0.516947
0.508399
0.513033
0.503143
0.528201
0.531913
0.530688
0.513322
0.523898
0.534687
0.498941
0.503145
0.510485
0.508976
0.534363
0.554856
0.532017
0.505367
0.501339
0.65217
0.510333
0.53126
0.609957
0.51982
0.515493
0.496721
0.506287
0.52721
0.523259
0.514904
0.500228
0.506702
0.506709
0.511022
0.529502
0.528237
0.522869
0.500996
0.521344
0.501391
0.510909
0.514521
0.521137
0.499043
0.499667
0.51131
0.53069
0.508689
0.528895
0.519458
0.517865
0.519502
0.517139
0.507611
0.549954
0.644805
0.526243
0.505005
0.516266
0.510462
0.527211
0.505644
0.527876
0.512334
0.516552
0.520207
0.510148
0.498255
0.529206
0.502851
0.563844
0.499522
0.509052
0.512888
0.512468
0.611151
0.562387
0.555166
0.509449
0.508894
0.517482
0.51287
0.512957
0.510264
0.509036
0.513796
0.527516
0.513607
0.50329
0.514853
0.513967
0.524566
0.507621
0.505755
0.535147
0.525057
0.506209
0.502787
0.518557
0.515911
0.5059
0.508351
0.508618
0.550616
0.507254
0.512148
0.532839
0.525271
0.52369
0.524541
0.523561
0.511976
0.596828
0.64264
0.614174
0.508954
0.511227
0.527023
0.496235
0.510436
0.512335
0.506139
0.529679
0.507053
0.505428
0.508208
0.519282
0.521359
0.518386
0.502263
0.512466
0.513424
0.681601
0.56296
0.508447
0.499234
0.513947
0.635207
0.515685
0.525404
0.548703
0.505212
0.524415
0.523327
0.571343
0.528558
0.50586
0.506254
0.530645
0.520045
0.621915
0.584382
0.499315
0.523237
0.525845
0.54678
0.529243
0.498509
0.504254
0.505995
0.534295
0.53222
0.510734
0.524018
0.535292
0.505366
0.538776
0.522134
0.503101
0.631253
0.562762
0.520291
0.511055
0.537157
0.498868
0.504237
0.518295
0.603974
0.509762
0.526468
0.55429
0.528973
0.532911
0.528147
0.532736
0.517852
0.534757
0.507951
0.535344
0.514158
0.50942
0.508644
0.505807
0.530251
0.657331
0.500754
0.501913
0.50589
0.524766
0.529224
0.526521
0.52308
0.50602
0.524527
0.5025
0.532357
0.510626
0.501144
0.530263
0.520603
0.507487
0.51222
0.532929
0.535158
0.530598
0.533504
0.519964
0.534657
0.518068
0.492885
0.622009
0.504169
0.510573
0.510059
0.524617
0.524114
0.515937
0.517567
0.524988
0.518514
0.526559
0.593364
0.527583
0.532834
0.674708
0.524889
0.515407
0.526336
0.525764
0.521672
0.521951
0.515696
0.536472
0.504493
0.530925
0.536339
0.534122
0.506285
0.526455
0.522016
0.524349
0.508193
0.533825
0.510289
0.507642
0.504952
0.51039
0.512671
0.507134
0.523817
0.532657
0.525105
0.525266
0.514644
0.523919
0.522265
0.51181
0.526635
0.520868
0.519055
0.518234
0.508766
0.526912
0.523905
0.508725
0.490201
0.507424
0.581357
0.513769
0.51115
0.588322
0.507354
0.500268
0.503684
0.509705
0.502897
0.528561
0.498827
0.513358
0.50766
0.533742
0.504571
0.518785
0.52419
0.507325
0.489854
0.5117
0.501757
0.511046
0.515615
0.5263
0.504717
0.510781
0.517782
0.505552
0.519164
0.499694
0.495433
0.520259
0.507248
0.506787
0.506501
0.512449
0.506282
0.525006
0.521306
0.679177
0.518619
0.528129
0.524958
0.523164
0.488944
0.685056
0.510935
0.506169
0.505988
0.525451
0.527089
0.528015
0.508029
0.503318
0.531339
0.503628
0.52954
0.522578
0.53001
0.521016
0.527188
0.492091
0.520365
0.520077
0.505479
0.556049
0.5041
0.718056
0.505581
0.509617
0.513034
0.502593
0.526243
0.51009
0.518266
0.499848
0.492564
0.502336
0.519605
0.516896
0.522302
0.490479
0.498278
0.515777
0.586828
0.504828
0.501769
0.506648
0.506964
0.510751
0.503608
0.496017
0.55585
0.546687
0.516589
0.517006
0.525024
0.516751
0.522496
0.518327
0.5194
0.522169
0.50577
0.5133
0.535729
0.646664
0.507392
0.549334
0.510269
0.511928
0.511762
0.511268
0.518574
0.525587
0.509799
0.505959
0.530472
0.506043
0.514984
0.514331
0.505055
0.546344
0.505402
0.510803
0.50579
0.507715
0.508492
0.509123
0.509811
0.511138
0.510091
0.54875
0.528063
0.509562
0.525118
0.509315
0.510143
0.489655
0.526116
0.502407
0.513778
0.5136
0.50525
0.553613
0.51815
0.528204
0.516737
0.51983
0.52972
0.528719
0.523823
0.515965
0.521875
0.611912
0.514729
0.515736
0.529223
0.687744
0.512772
0.509549
0.527899
0.662808
0.525647
0.529578
0.504556
0.512383
0.524444
0.512333
0.519253
0.511483
0.531936
0.512119
0.510103
0.511765
0.517742
0.51343
0.49777
0.510526
0.507597
0.514399
0.560512
0.54532
0.51666
0.50227
0.710486
0.509937
0.531862
0.51828
0.587933
0.529826
0.530365
0.51746
0.504887
0.507854
0.499579
0.503422
0.506001
0.589222
0.532062
0.52603
0.505859
0.590508
0.539291
0.530837
0.515038
0.556479
0.510687
0.510914
0.524634
0.526715
0.529053
0.505448
0.506143
0.517282
0.525369
0.516141
0.529742
0.545923
0.518208
0.511896
0.51216
0.526016
0.535898
0.528428
0.513202
0.505728
0.501692
0.526845
0.519319
0.555789
0.506208
0.51821
0.509001
0.510984
0.514011
0.51992
0.514773
0.521401
0.521866
0.518446
0.500583
0.527844
0.529733
0.512721
0.501532
0.511224
0.508212
0.542339
0.585896
0.695244
0.521014
0.5233
0.535939
0.525239
0.533854
0.527088
0.511102
0.515443
0.579295
0.524785
0.521268
0.513586
0.511496
0.515098
0.516865
0.513676
0.506521
0.497323
0.517606
0.510676
0.509847
0.5191
0.530935
0.526351
0.504498
0.504741
0.5256
0.518662
0.525505
0.530899
0.50962
0.508154
0.538641
0.674821
0.615237
0.508187
0.512783
0.523113
0.552123
0.506881
0.519799
0.531891
0.520231
0.520499
0.51864
0.506604
0.509447
0.521913
0.533436
0.511801
0.498029
0.520811
0.690907
0.533267
0.500394
0.515905
0.50946
0.514124
0.530695
0.513468
0.521775
0.512607
0.515369
0.513493
0.515516
0.514927
0.51019
0.509232
0.524353
0.51979
0.52619
0.502373
0.520374
0.525673
0.546758
0.539623
0.55722
0.507254
0.509397
0.503689
0.520248
0.63375
0.532687
0.509219
0.51378
0.524127
0.523355
0.528897
0.50549
0.513168
0.504621
0.503951
0.514545
0.530233
0.508193
0.509452
0.526438
0.592431
0.502707
0.513117
0.517886
0.533754
0.500439
0.578459
0.511677
0.518813
0.525612
0.512847
0.511621
0.503447
0.509955
0.509945
0.522193
0.496853
0.510286
0.564499
0.521883
0.529647
0.508502
0.516358
0.52083
0.506965
0.511109
0.513123
0.529854
0.520983
0.526512
0.521223
0.503522
0.513297
0.542923
0.531461
0.500149
0.512316
0.543102
0.536167
0.500537
0.534151
0.504631
0.523497
0.544999
0.598423
0.512539
0.516672
0.503069
0.516293
0.50322
0.508275
0.505801
0.576266
0.507337
0.513873
0.529647
0.525498
0.499849
0.506
0.508696
0.518725
0.518218
0.520852
0.528505
0.51514
0.525967
0.51912
0.512447
0.511512
0.503018
0.517296
0.517627
0.506413
0.518327
0.54219
0.503503
0.510425
0.5167
0.575864
0.52736
0.528219
0.516949
0.500845
0.516944
0.513362
0.578364
0.509371
0.510506
0.505677
0.517495
0.513071
0.506999
0.560103
0.517514
0.488995
0.496187
0.54486
0.551195
0.503651
0.600134
0.512965
0.550337
0.534739
0.529155
0.501723
0.518998
0.515837
0.56935
0.531402
0.514046
0.676276
0.658371
0.528334
0.52647
0.51782
0.586836
0.504893
0.524422
0.526125
0.531086
0.511982
0.531232
0.535395
0.53842
0.51907
0.516965
0.517569
0.517568
0.514445
0.52322
0.515606
0.493945
0.514343
0.504825
0.509982
0.531142
0.508943
0.520032
0.60699
0.513496
0.52571
0.513857
0.502342
0.508239
0.510145
0.50962
0.513305
0.498808
0.506913
0.508023
0.529474
0.509825
0.514685
0.510555
0.526697
0.509744
0.555047
0.517776
0.521757
0.50888
0.502782
0.509546
0.516201
0.519929
0.553485
0.519998
0.533615
0.537547
0.524641
0.527081
0.556351
0.580319
0.519077
0.527847
0.521807
0.525804
0.503727
0.504755
0.515325
0.637407
0.516934
0.506696
0.682419
0.510741
0.509355
0.509098
0.531428
0.649472
0.526664
0.524929
0.523907
0.508224
0.516761
0.519378
0.522887
0.529962
0.518133
0.528979
0.520216
0.502025
0.503439
0.517169
0.534218
0.692392
0.566197
0.589491
0.526233
0.518526
0.507711
0.508824
0.509003
0.502542
0.508977
0.506357
0.507682
0.50988
0.513817
0.531551
0.52158
0.512195
0.509175
0.548451
0.550259
0.515811
0.527984
0.527416
0.525162
0.509311
0.530194
0.528022
0.520383
0.510189
0.520668
0.533492
0.509969
0.579988
0.570362
0.514191
0.524968
0.529429
0.508593
0.534185
0.541289
0.522422
0.501912
0.509379
0.509667
0.527226
0.609275
0.523027
0.515132
0.502434
0.560001
0.532898
0.674431
0.512418
0.526825
0.640029
0.497784
0.517163
0.624233
0.524563
0.546035
0.50749
0.643277
0.510193
0.518026
0.524554
0.5278
0.507779
0.507921
0.496032
0.499992
0.508447
0.528676
0.514755
0.509985
0.520942
0.505864
0.503132
0.550907
0.533271
0.52183
0.513017
0.510579
0.579544
0.524623
0.537387
0.524535
0.693419
0.656758
0.51897
0.512145
0.527576
0.518563
0.51374
0.506345
0.522745
0.497076
0.511376
0.491436
0.513578
0.506847
0.505725
0.515193
0.509344
0.507924
0.521267
0.503717
0.509533
0.532835
0.511359
0.509797
0.519146
0.511213
0.523475
0.526776
0.521983
0.523859
0.53063
0.517533
0.52116
0.510356
0.539712
0.521374
0.505798
0.526001
0.509005
0.53097
0.535838
0.523013
0.52758
0.511919
0.515786
0.50683
0.502746
0.529181
0.527213
0.515905
0.516335
0.528741
0.508638
0.522583
0.520526
0.516013
0.504754
0.523434
0.519965
0.508228
0.508936
0.52251
0.517574
0.501179
0.52267
0.505328
0.520817
0.505633
0.500114
0.527775
0.50164
0.516072
0.515511
0.512884
0.524297
0.512659
0.506188
0.51478
0.537898
0.52365
0.514111
0.519059
0.500693
0.52187
0.502488
0.512985
0.534106
0.533125
0.512389
0.526277
0.519135
0.51182
0.515408
0.510354
0.526754
0.62503
0.52057
0.520506
0.517315
0.534248
0.535001
0.50253
0.575606
0.51567
0.516613
0.530166
0.498441
0.514779
0.511824
0.511618
0.506163
0.501332
0.526425
0.492226
0.50654
0.557079
0.559551
0.537431
0.51037
0.598984
0.524081
0.513353
0.516701
0.515367
0.539521
0.664443
0.502929
0.535679
0.534672
0.512781
0.501203
0.533735
0.545445
0.506082
0.659663
0.534176
0.522828
0.683394
0.524056
0.536706
0.509794
0.530555
0.534933
0.51232
0.513941
0.529698
0.50569
0.508954
0.553917
0.502754
0.49959
0.536125
0.566711
0.510043
0.520999
0.52585
0.506178
0.526052
0.524039
0.535705
0.52844
0.495203
0.515362
0.526124
0.512405
0.534169
0.510393
0.519904
0.507879
0.516813
0.537037
0.551092
0.52468
0.515995
0.523323
0.516499
0.514906
0.511664
0.509272
0.501843
0.502118
0.515573
0.52291
0.518086
0.511637
0.522088
0.52157
0.511174
0.518129
0.512839
0.518451
0.501064
0.503233
0.588686
0.53504
0.652336
0.525149
0.557302
0.510159
0.509457
0.531743
0.534893
0.515975
0.516345
0.513617
0.525594
0.57004
0.523306
0.516837
0.520392
0.515405
0.526627
0.51952
0.510915
0.506395
0.50504
0.519443
0.557737
0.504489
0.537382
0.530261
0.599171
0.632877
0.515724
0.527206
0.525519
