0.541565
0.539354
0.527924
0.524315
0.531476
0.500975
0.498597
0.538888
0.531603
0.537935
0.509143
0.510899
0.513668
0.518944
0.506071
0.506432
0.522813
0.793624
0.555742
0.520382
0.517085
0.523917
0.528224
0.529706
0.514284
0.512896
0.518298
0.514922
0.521534
0.525568
0.926414
0.504124
0.505638
0.517517
0.522656
0.524226
0.523309
0.524485
0.522409
0.505119
0.499113
0.535037
0.528372
0.50788
0.511416
0.518907
0.519782
0.526113
0.523928
0.521714
0.522415
0.520033
0.528031
0.528006
0.527535
0.528298
0.497744
0.504101
0.502906
0.521325
0.517177
0.581958
0.526425
0.560132
0.527837
0.516424
0.519503
0.662555
0.528418
0.522184
0.519854
0.516573
0.51599
0.50001
0.517364
0.525465
0.524029
0.590379
0.568196
0.51804
0.529214
0.522616
0.522991
0.525204
0.506492
0.514982
0.505675
0.509675
0.524074
0.525042
0.522396
0.508805
0.524529
0.526726
0.524925
0.523104
0.498722
0.51334
0.52707
0.520397
0.523648
0.503775
0.506081
0.503613
0.506694
0.529887
0.52869
0.498252
0.497606
0.522234
0.520736
0.497311
0.49832
0.528721
0.515387
0.517334
0.520013
0.518721
0.522975
0.538996
0.51223
0.495038
0.500036
0.528932
0.527414
0.528247
0.524596
0.537756
0.556209
0.54901
0.505727
0.512573
0.519093
0.510891
0.567881
0.586157
0.525944
0.520823
0.527753
0.528246
0.530413
0.564135
0.567857
0.520194
0.522533
0.600609
0.524826
0.524963
0.714894
0.563786
0.543594
0.51355
0.511387
0.510105
0.521949
0.522234
0.521239
0.519643
0.643573
0.625184
0.710518
0.503809
0.523737
0.505977
0.499745
0.50743
0.519444
0.518205
0.512203
0.506878
0.501431
0.521545
0.524457
0.523376
0.511127
0.511467
0.52389
0.571051
0.537202
0.688328
0.534504
0.520217
0.518293
0.526301
0.522099
0.522816
0.516032
0.524708
0.498929
0.523601
0.525315
0.508171
0.510017
0.512187
0.508058
0.497432
0.513364
0.504023
0.507987
0.53875
0.550894
0.536558
0.515937
0.740854
0.703721
0.525225
0.532175
0.525122
0.550482
0.50136
0.518738
0.514548
0.653055
0.639634
0.530465
0.527041
0.51424
0.515204
0.516197
0.505511
0.506299
0.503364
0.502359
0.54358
0.523768
0.51198
0.514175
0.525609
0.806308
0.771926
0.826881
0.565848
0.512393
0.517011
0.510408
0.510798
0.511873
0.508688
0.505351
0.530517
0.531635
0.526699
0.528235
0.540172
0.535543
0.508912
0.5319
0.500419
0.505957
0.505959
0.501754
0.501703
0.520936
0.513166
0.600914
0.509379
0.51008
0.574821
0.578073
0.511993
0.511452
0.51163
0.515203
0.503665
0.508834
0.497179
0.496238
0.523417
0.522539
0.52524
0.523238
0.519715
0.513744
0.510372
0.514409
0.524294
0.504007
0.506553
0.507423
0.520648
0.523857
0.515788
0.529099
0.522456
0.498391
0.505411
0.506381
0.639208
0.687503
0.515498
0.51099
0.505062
0.526211
0.526025
0.52479
0.523758
0.536144
0.533522
0.516037
0.517906
0.507318
0.516998
0.516107
0.521516
0.522412
0.517224
0.502884
0.507156
0.524915
0.525091
0.533158
0.53363
0.50392
0.499863
0.503132
0.505514
0.504124
0.504341
0.509824
0.50972
0.503956
0.504278
0.505248
0.503144
0.50672
0.521908
0.525316
0.514156
0.513487
0.506545
0.506427
0.540225
0.514289
0.501856
0.502232
0.602025
0.520824
0.505583
0.511569
0.512793
0.540045
0.524554
0.49952
0.499503
0.502073
0.661866
0.515034
0.519407
0.522135
0.499527
0.507379
0.502457
0.500138
0.512815
0.517494
0.526637
0.534109
0.531983
0.523957
0.52251
0.522005
0.488851
0.492671
0.558149
0.562682
0.523202
0.497189
0.517997
0.516583
0.722684
0.78711
0.504849
0.512973
0.532318
0.519926
0.522533
0.588157
0.52216
0.500146
0.507215
0.525379
0.503466
0.516718
0.511464
0.512065
0.497231
0.496001
0.499166
0.499965
0.5032
0.511884
0.515869
0.545136
0.536008
0.551345
0.492017
0.502439
0.512838
0.516518
0.59589
0.508982
0.512472
0.516426
0.504773
0.519124
0.516191
0.503727
0.502376
0.505078
0.558359
0.549402
0.509833
0.503507
0.534214
0.508302
0.503268
0.509711
0.531539
0.530769
0.630319
0.510391
0.509834
0.489987
0.628433
0.630987
0.528297
0.526246
0.518071
0.528578
0.512322
0.514153
0.52878
0.696071
0.580115
1.06415
0.500403
0.499069
0.503
0.502191
0.522731
0.51297
0.550733
0.551588
0.534059
0.517173
0.51234
0.514003
0.694415
0.523188
0.531636
0.519091
0.519278
0.523319
0.575749
0.523834
0.519301
0.514931
0.521627
0.510757
0.526517
0.521332
0.526302
0.509552
0.516491
0.900757
0.516896
0.51197
0.535738
0.534044
0.522419
0.513718
0.513686
0.528986
0.512926
0.517752
0.503315
0.498171
0.501377
0.500299
0.507129
0.525404
0.537353
0.53318
0.520626
0.499408
0.500041
0.515905
0.507688
0.507452
0.497179
0.5044
0.503328
0.500507
0.504043
0.501621
0.498836
0.499288
0.506818
0.505488
0.504849
0.524684
0.52884
0.829385
0.529011
0.532993
0.504993
0.505508
0.500526
0.513788
0.50485
0.507327
0.514952
0.520306
0.517879
0.513883
0.515074
0.522092
0.528814
0.506257
0.516501
0.519805
0.49918
0.495674
0.518467
0.534933
0.507729
0.534651
0.529321
0.531448
0.512626
0.525209
0.522019
0.520618
0.538635
0.573764
0.57713
0.525008
0.527524
0.528524
0.503647
0.506222
0.50609
0.542816
0.565797
0.553323
0.536915
0.531926
0.539795
0.543358
0.512057
0.501276
0.506926
0.511444
0.512397
0.669534
0.669076
0.515407
0.505137
0.50563
0.507681
0.527755
0.515569
0.51853
0.519168
0.515106
0.521584
0.514751
0.495682
0.547916
0.489129
0.509978
0.507392
0.523696
0.524047
0.523915
0.508719
0.503374
0.533564
0.539053
0.515618
0.515698
0.499935
0.499588
0.507902
0.495847
0.505868
0.50692
0.501636
0.499247
0.509898
0.524239
0.520829
0.528255
0.52783
0.516957
0.497991
0.526373
0.501818
0.502621
0.497921
0.504081
0.509183
0.495059
0.497032
0.514982
0.508794
0.508696
0.619698
0.528114
0.535085
0.51358
0.557801
0.543055
0.511515
0.509968
0.523375
0.524786
0.521861
0.505569
0.512174
0.518529
0.519754
0.520591
0.511028
0.520136
0.525464
0.51461
0.508245
0.504887
0.52691
0.502792
0.530578
0.531033
0.516468
0.515059
0.520382
0.523732
0.498229
0.503283
0.526721
0.508768
0.536493
0.541056
0.522868
0.519829
0.507276
0.508641
0.506362
0.505325
0.500127
0.522998
0.526247
0.524467
0.524125
0.52414
0.523881
0.529397
0.524306
0.751069
0.512104
0.512797
0.515248
0.504019
0.50023
0.506676
0.503103
0.510328
0.511944
0.507019
0.578259
0.536469
0.537805
0.53228
0.523452
0.517734
0.51474
0.521697
0.501459
0.512697
0.517217
0.523524
0.530273
0.520911
0.518528
0.524937
0.504738
0.513339
0.513278
0.506162
0.5082
0.525432
0.527079
0.528787
0.530236
0.523929
0.518577
0.526088
0.587848
0.554634
0.506176
0.495993
0.512724
0.498068
0.50024
0.505126
0.51207
0.515094
0.50209
0.503049
0.535665
0.530905
0.527949
0.52136
0.505138
0.51728
0.516978
0.532526
0.515027
0.503769
0.511726
0.507783
0.510919
0.505859
0.517552
0.513465
0.504703
0.495921
0.53337
0.498708
0.512085
0.512385
0.506966
0.506333
0.5342
0.527348
0.526983
0.531435
0.550705
0.550149
0.521807
0.513611
0.511712
0.512554
0.5217
0.530496
0.528405
0.521549
0.520622
0.508925
0.52162
0.52133
0.52539
0.518151
0.518468
0.508102
0.50842
0.527811
0.570977
0.504321
0.503777
0.506401
0.754432
0.516184
0.503308
0.502011
0.527624
0.524195
0.506228
0.521464
0.523018
0.504946
0.500616
0.565117
0.500132
0.609514
0.607454
0.591738
0.567684
0.529181
0.496884
0.499768
0.500643
0.524594
0.52681
0.60326
0.661149
0.513309
0.540707
0.618209
0.535404
0.511504
0.508342
0.507414
0.514944
0.511559
0.499594
0.594633
0.511844
0.512411
0.528244
0.525819
0.671709
0.824495
0.527971
0.527072
0.718662
0.506007
0.503391
0.523618
0.52493
0.519495
0.511802
0.523918
0.514722
0.51295
0.496186
0.500883
0.499562
0.501772
0.509593
0.508169
0.519399
0.548351
0.507373
0.503358
0.507596
0.514437
0.52137
0.505774
0.505836
0.69186
0.504364
0.504906
0.51171
0.525803
0.523994
0.601695
0.506816
0.500447
0.507019
0.509032
0.502335
0.528509
0.57952
0.558551
0.512879
0.512011
0.526804
0.522977
0.520309
0.529246
0.510458
0.569437
0.527263
0.526939
0.529726
0.529154
0.511194
0.508688
0.51493
0.513913
0.511663
0.509085
0.529455
0.502537
0.523454
0.520962
0.510755
0.504128
0.520905
0.522025
0.529286
0.499647
0.503891
0.505255
0.494057
0.513914
0.516349
0.52309
0.503515
0.507062
0.673477
0.664435
0.509288
0.511832
0.511506
0.503672
0.540733
0.584727
0.508975
0.505714
0.509857
0.504771
0.519892
0.512369
0.53646
0.518704
0.512403
0.607718
0.514234
0.539038
0.527819
0.503774
0.500489
0.498609
0.511853
0.517495
0.968383
0.496708
0.601896
0.507185
0.513301
0.523223
0.526617
0.521505
0.502282
0.537386
0.529778
0.678665
0.639183
0.625651
0.505808
0.571422
0.511675
0.520472
0.50939
0.518842
0.515708
0.505393
0.523876
0.529507
0.542368
0.523601
0.523165
0.704195
0.71073
0.519863
0.51682
0.543526
0.520732
0.547569
0.676595
0.522635
0.522029
0.637531
0.523077
0.512456
0.506429
0.512983
0.52426
0.506449
0.511531
0.565611
0.611804
0.577238
0.526192
0.559007
0.535192
0.525123
0.504186
0.509579
0.567284
0.55704
0.502478
0.518358
0.512014
0.518073
0.514584
0.523467
0.501943
0.502514
0.503464
0.500306
0.525982
0.50592
0.508019
0.504052
0.501522
0.543598
0.538952
0.527855
0.52861
0.509951
0.50975
0.528779
0.52467
0.521339
0.503938
0.518512
0.519552
0.529562
0.526387
0.509231
0.51056
0.513717
0.514025
0.510558
0.530029
0.52993
0.549394
0.522269
0.507709
0.511749
0.506368
0.502629
0.503079
0.503062
0.502767
0.516529
0.517473
0.497681
0.508871
0.512227
0.520851
0.523024
0.515484
0.518758
0.517678
0.493926
0.512622
0.514389
0.518301
0.506808
0.507302
0.512156
0.510527
0.506165
0.507319
0.510974
0.509417
0.536764
0.575497
0.508562
0.50982
0.51303
0.504765
0.505045
0.500914
0.523681
0.528155
0.528766
0.49601
0.501092
0.499406
0.52714
0.513316
0.503951
0.506685
0.511334
0.510352
0.513508
0.513592
0.510918
0.516933
0.528261
0.532445
0.499496
0.519269
0.707817
0.511084
0.517888
0.504691
0.523808
0.523005
0.521922
0.606007
0.560764
0.505139
0.517189
0.518287
0.5211
0.521256
0.504849
0.520938
0.517359
0.518493
0.525988
0.530904
0.578065
0.507187
0.531393
0.496679
0.507799
0.515373
0.516701
0.508821
0.498924
0.527171
0.525371
0.518415
0.52834
0.532369
0.507897
0.522197
0.523641
0.534272
0.517119
0.508951
0.488198
0.533005
0.529168
0.509269
0.525359
0.51436
0.509787
0.512375
0.499523
0.50995
0.497057
0.52325
0.525918
0.594887
0.640306
0.716727
0.523761
0.519789
0.525137
0.537386
0.536154
0.516378
0.508363
0.510393
0.707228
0.518664
0.510189
0.502359
0.524143
0.535613
0.535736
0.523667
0.52806
0.511989
0.520224
0.528528
0.524857
0.527233
0.514956
0.506788
0.528657
0.52806
0.516473
0.498594
0.525976
0.524618
0.50523
0.536852
0.54126
0.541961
0.503264
0.51618
0.52598
0.500128
0.508433
0.513504
0.504846
0.504417
0.513165
0.563342
0.516058
0.516815
0.537237
0.502598
0.501878
0.503287
0.512162
0.503531
0.522663
0.518205
0.524056
0.522948
0.51991
0.508259
0.506431
0.529803
0.508313
0.509254
0.502114
0.518846
0.539923
0.511464
0.512154
0.517026
0.516274
0.523742
0.504293
0.508906
0.516372
0.524512
0.507555
0.499026
0.507617
0.526498
0.532545
0.514677
0.511136
0.511713
0.526469
0.667594
0.694228
0.526662
0.532644
0.528854
0.506494
0.498325
0.529502
0.50058
0.51561
0.518262
0.532381
0.50383
0.502009
0.617586
0.594474
0.523779
0.532574
0.725017
0.504163
0.523738
0.503553
0.504291
0.51412
0.514928
0.521121
0.519167
0.503734
0.502041
0.503726
0.507934
0.542648
0.519751
0.527391
0.509431
0.494747
0.500585
0.541073
0.544494
0.53876
0.496423
0.499508
0.501556
0.512122
0.512974
0.505545
0.508933
0.505948
0.527903
0.51562
0.544766
0.532146
0.516538
0.51477
0.5123
0.51183
0.705797
0.501358
0.503828
0.504939
0.526458
0.510426
0.513113
0.522889
0.50646
0.50747
0.510326
0.513318
0.556941
0.549804
0.521827
0.518148
0.519625
0.518936
0.519822
0.527532
0.506761
0.527758
0.51639
0.514696
0.50506
0.520261
0.503707
0.68554
0.524191
0.52373
0.520359
0.524671
0.507338
0.510834
0.503191
0.530916
0.500566
0.50267
0.506574
0.516423
0.527813
0.51124
0.501876
0.506207
0.50429
0.518384
0.500701
0.527767
0.52784
0.511157
0.506643
0.502478
0.505037
0.505082
0.537177
0.557076
0.526653
0.525117
0.503708
0.503465
0.506341
0.510123
0.526325
0.517299
0.523376
0.520563
0.529531
0.527103
0.511242
0.500392
0.594831
0.506154
0.526357
0.501833
0.527629
0.507814
0.532931
0.510186
0.509406
0.511408
0.534143
0.523941
0.522164
0.517393
0.514054
0.50758
0.531419
0.520853
0.526957
0.513037
0.530609
0.51851
0.508481
0.50961
0.729546
0.739299
0.523626
0.510142
0.519829
0.6827
0.503877
0.501881
0.503556
0.514132
0.508161
0.507622
0.52565
0.508289
0.512207
0.506485
0.569685
0.521704
0.497501
0.593105
0.501018
0.526642
0.506438
0.52778
0.509881
0.513066
0.513301
0.598215
0.530444
0.504728
0.555488
0.50935
0.512478
0.513547
0.531518
0.509539
0.524897
0.515357
0.524015
0.498794
0.517763
0.517131
0.523861
0.500381
0.502104
0.539318
0.530329
0.503403
0.516387
0.508379
0.508932
0.529728
0.521323
0.611645
0.527652
0.521809
0.515141
0.655186
0.54648
0.513838
0.56304
0.518956
0.514832
0.506504
0.507384
0.502907
0.507148
0.511745
0.513486
0.513945
0.522995
0.629176
0.504242
0.511119
0.513069
0.650442
0.614502
0.498961
0.515084
0.526179
0.520393
0.527151
0.519147
0.501312
0.52871
0.522798
0.585574
0.60005
0.581869
0.503919
0.520855
0.527442
0.518033
0.519052
0.504489
0.562322
0.512881
0.509828
0.506105
0.498798
0.506306
0.5329
0.500633
0.5773
0.535704
0.506071
0.592085
0.518347
0.513504
0.512404
0.525372
0.521807
0.567112
0.525524
0.521761
0.556516
0.540503
0.533703
0.497161
0.525201
0.526792
0.524247
0.5104
0.645678
0.528633
0.524232
0.528332
0.730433
0.514655
0.524005
0.569927
0.501028
0.526075
0.534265
0.660782
0.668966
0.522625
0.515416
0.502788
0.519664
0.513281
0.523556
0.499683
0.524162
0.503105
0.503168
0.515308
0.511687
0.514069
0.524395
0.526354
0.523964
0.518864
0.507091
0.483592
0.495595
0.503438
0.527812
0.52474
0.526124
0.512203
0.517226
0.523341
0.526015
0.529128
0.522786
0.548004
0.53177
0.526407
0.505661
0.519144
0.517264
0.517085
0.535437
0.527999
0.521837
0.493691
0.50468
0.535885
0.534362
0.520595
0.520572
0.527972
0.521271
0.51103
0.507533
0.528329
0.525539
0.516586
0.500131
0.510461
0.506028
0.508453
0.519771
0.532859
0.525318
0.509932
0.525755
0.576695
0.522562
0.682698
0.666136
0.522134
0.516075
0.652812
0.519379
0.532208
0.51304
0.512966
0.515961
0.507989
0.525727
0.525107
0.511718
0.50345
0.503658
0.665375
0.505641
0.500994
0.535658
0.503465
0.505462
0.509182
0.509128
0.508671
0.586045
0.627001
0.506802
0.518237
0.504913
0.5028
0.508121
0.5033
0.533615
0.51458
0.51531
0.509911
0.535347
0.506458
0.501111
0.540485
0.527271
0.505521
0.501161
0.647547
0.508761
0.51639
0.525615
0.510341
0.519092
0.528044
0.613786
0.515905
0.513389
0.514075
0.517866
0.51288
0.507546
0.50942
0.508603
0.521708
0.512205
0.511289
0.520255
0.507697
0.526921
0.526721
0.522418
0.525867
0.510734
0.482588
0.507096
0.523348
0.509978
0.527576
0.502825
0.501746
0.527923
0.519354
0.50203
0.528442
0.525316
0.522136
0.527143
0.52583
0.50147
0.51841
0.511177
0.521409
0.521925
0.500736
0.548468
0.590834
0.51056
0.509531
0.51412
0.499235
0.496052
0.523964
0.524253
0.529567
0.521744
0.520993
0.490161
0.507955
0.577793
0.510132
0.508004
0.554665
0.552867
0.527407
0.501089
0.518189
0.509558
0.525238
0.514254
0.506279
0.516366
0.509204
0.524804
0.505986
0.544899
0.504145
0.508861
0.498394
0.509385
0.517008
0.518289
0.513675
0.525056
0.504349
0.507977
0.531318
0.522349
0.516836
0.558119
0.522585
0.504119
0.635537
0.507743
0.509729
0.498255
0.489871
0.537165
0.507923
0.513693
0.494318
0.507904
0.585909
0.523033
0.51967
0.516571
0.529006
0.792723
0.524688
0.515941
0.511116
0.56674
0.523047
0.501359
0.526015
0.508597
0.489702
0.494187
0.501823
0.511792
0.505095
0.501518
0.515028
0.527861
0.51385
0.516982
0.510586
0.524644
0.53821
0.521631
0.503777
0.51823
0.515455
0.52946
0.51073
0.647741
0.523322
0.524827
0.530643
0.518323
0.519152
0.516552
0.56199
0.487426
0.5188
0.51131
0.522609
0.498764
0.510362
0.51433
0.494283
0.507878
0.666584
0.519694
0.566352
0.533033
0.519177
0.531622
0.541261
0.499118
0.516937
0.498649
0.507268
0.5025
0.506195
0.533808
0.513123
0.506741
0.530859
0.509858
0.516118
0.50446
0.518752
0.532921
0.530461
0.501567
0.523451
0.529274
0.545227
0.508349
0.513267
0.589186
0.511169
0.508305
0.511887
0.525943
0.511551
0.534753
0.525445
0.527215
0.509678
0.5123
0.506939
0.505341
0.703918
0.534792
0.516261
0.509628
0.505433
0.53161
0.639402
0.518169
0.517101
0.507696
0.515952
0.518999
0.506635
0.516684
0.530002
0.538745
0.502489
0.502763
0.530098
0.531037
0.498981
0.6243
0.59673
0.499965
0.532822
0.523084
0.524548
0.522478
0.524361
0.514526
0.519326
0.499911
0.532905
0.532942
0.502359
0.519776
0.513329
0.521595
0.526997
0.521376
0.516547
0.510333
0.509291
0.514857
0.496281
0.490585
0.497442
0.492139
0.512891
0.524313
0.514669
0.511084
0.520643
0.528731
0.551231
0.516618
0.507558
0.496549
0.506746
0.508175
0.518299
0.523095
0.514249
0.737867
0.508099
0.528986
0.525017
0.55875
0.524196
0.566958
0.524548
0.514904
0.521235
0.520692
0.524026
0.512874
0.523831
0.52493
0.504846
0.517889
0.502601
0.52293
0.521983
0.514647
0.51557
0.51427
0.521948
0.507232
0.507227
0.512936
0.523949
0.489758
0.527749
0.533842
0.531079
0.516733
0.500818
0.500034
0.51168
0.502025
0.511705
0.517847
0.515829
0.52238
0.593864
0.541747
0.535148
0.50796
0.530035
0.524273
0.522913
0.505927
0.525782
0.503672
0.502862
0.502458
0.527835
0.515152
0.51509
0.522948
0.509334
0.50921
0.586148
0.506423
0.521992
0.518973
0.530782
0.52493
0.630317
0.508713
0.532092
0.509101
0.505631
0.507091
0.524247
0.523083
0.517327
0.510374
0.50824
0.499357
0.507481
0.519031
0.499333
0.509328
0.512527
0.520848
0.521938
0.521051
0.528973
0.530091
0.530468
0.51067
0.519998
0.512453
0.559633
0.514963
0.537719
0.533143
0.519802
0.548219
0.512697
0.529179
0.53334
0.505619
0.550086
0.514867
0.52487
0.525066
0.506142
0.520729
0.507496
0.511167
0.513195
0.502106
0.591568
0.504656
0.4974
0.498712
0.521095
0.537144
0.513618
0.517849
0.52801
0.504798
0.515164
0.514551
0.526605
0.512155
0.530178
0.519664
0.515194
0.509126
0.505422
0.515851
0.510288
0.517951
0.528536
0.674587
0.524484
0.521428
0.524119
0.523233
0.517311
0.506212
0.50485
0.503937
0.512024
0.539468
0.527567
0.506868
0.516698
0.532266
0.509042
0.519166
0.514668
0.55436
0.55012
0.595769
0.5032
0.514394
0.515445
0.546258
0.530255
0.510337
0.511076
0.503865
0.510691
0.512976
0.503629
0.527619
0.524539
0.530702
0.51944
0.523937
0.523683
0.543262
0.491624
0.522417
0.508723
0.554273
0.666361
0.508748
0.525661
0.497748
0.502085
0.523533
0.523889
0.519833
0.524822
0.521653
0.50056
0.501399
0.526625
0.525114
0.538662
0.512785
0.519922
0.514366
0.524907
0.520473
0.503135
0.521759
0.525213
0.513427
0.503513
0.504804
0.517948
0.517074
0.5169
0.660852
0.528879
0.52184
0.517576
0.535289
0.520046
0.536746
0.527521
0.524724
0.517226
0.499413
0.508887
0.519238
0.526808
0.504695
0.503688
0.556595
0.515282
0.516276
0.504687
0.509617
0.506165
0.525725
0.554626
0.510941
0.529814
0.518189
0.524292
0.526461
0.511237
0.511156
0.515438
0.500098
0.583022
0.519302
0.520382
0.519207
0.522753
0.506719
0.508742
0.506153
0.51858
0.527561
0.535248
0.526226
0.535371
0.523127
0.554857
0.580187
0.512281
0.506936
0.52981
0.528218
0.543146
0.524173
0.51566
0.538981
0.512909
0.511927
0.522517
0.503732
0.505006
0.504022
0.564132
0.501946
0.523566
0.497173
0.520642
0.509139
0.500249
0.518079
0.525511
0.506946
0.532689
0.520707
0.521057
0.511449
0.526489
0.520912
0.528872
0.517644
0.520307
0.503364
0.506705
0.524266
0.52274
0.525744
0.505822
0.509731
0.530403
0.51312
0.529113
0.569079
0.593095
0.519032
0.517707
0.536046
0.530546
0.525897
0.518712
0.508941
0.513515
0.531012
0.526863
0.520365
0.517552
0.757598
0.509267
0.528055
0.526104
0.655897
0.532349
0.527874
0.537919
0.523706
0.507789
0.512301
0.591186
0.539846
0.533636
0.50878
0.502118
0.530311
0.510487
0.533624
0.529496
0.509383
0.535229
0.499283
0.50025
0.521385
0.528287
0.510272
0.527932
0.514643
0.708452
0.525957
0.500035
0.513312
0.515316
0.513834
0.534193
0.530243
0.52083
0.522422
0.52107
0.519089
0.506236
0.529167
0.520108
0.504782
0.506357
0.506435
0.500068
0.517735
0.512742
0.512273
0.526516
0.536116
0.509281
0.553584
0.515204
0.50151
0.546801
0.511873
0.530105
0.53609
0.505248
0.506326
0.577472
0.525215
0.526999
0.52866
0.508783
0.51039
0.508667
0.550935
0.523869
0.513534
0.505281
0.513417
0.529152
0.529664
0.510307
0.511495
0.526111
0.509415
0.530168
0.527518
0.504604
0.51344
0.524574
0.551689
0.532905
0.523272
0.512783
0.498225
0.519597
0.518873
0.506889
0.524417
0.520023
0.525157
0.491987
0.548029
0.552829
0.540179
0.52879
0.518513
0.584123
0.522205
0.530854
0.522219
0.534552
0.497597
0.522263
0.497715
0.513258
0.539657
0.531177
0.663996
0.526334
0.505477
0.521282
0.509691
0.50572
0.514961
0.52635
0.526866
0.552944
0.519181
0.499371
0.500584
0.516979
0.523705
0.522233
0.552523
0.689107
0.523608
0.510209
0.507868
0.518829
0.510669
0.519277
0.504655
0.53393
0.502096
0.569207
0.506376
0.651187
0.529216
0.534733
0.517583
0.531803
0.534663
0.526269
0.52296
0.533136
0.512037
0.539436
0.508302
0.508191
0.511648
0.518901
0.509849
0.52435
0.523153
0.588517
0.546203
0.519803
0.515597
0.914577
0.518389
0.5336
0.498663
0.499943
0.517577
0.507253
0.523633
0.603874
0.841886
0.52797
0.506281
0.55618
0.520176
0.663005
0.522478
0.526269
0.51854
0.515084
0.523526
0.509865
0.573371
0.528643
0.524285
0.523363
0.520048
0.534702
0.524997
0.530329
0.504584
0.52747
0.533769
0.513617
0.696598
0.520181
0.539058
0.512629
0.512578
0.490375
0.507231
0.511269
0.523606
0.524054
0.52895
0.519067
0.524437
0.720783
0.525012
0.53251
0.527433
0.517614
0.641851
0.52761
0.540935
0.546017
0.555947
0.51664
0.528088
0.523012
0.513778
0.510812
0.548656
0.639348
0.499842
0.518487
0.514028
0.505331
0.504577
0.518949
0.535813
0.520108
0.514596
0.502701
0.525504
0.527953
0.518867
0.539013
0.523359
0.505871
0.52515
0.524593
0.531447
0.516507
0.489428
0.503253
0.518057
0.50372
0.531798
0.520581
0.506349
0.523064
0.537518
0.517821
0.533641
0.51772
0.533666
0.514467
0.508155
0.526845
0.506371
0.515447
0.518395
0.552447
0.53363
0.516378
0.530254
0.500749
0.632473
0.520404
0.514082
0.512027
0.517204
0.506524
0.503768
0.524093
0.504871
0.728958
0.536138
0.51257
0.528058
0.525414
0.522013
0.502343
0.496635
0.517674
0.49651
0.509615
0.526233
0.513293
0.512883
0.536033
0.525493
