0.497215
0.654722
0.633364
0.604335
0.551006
0.544903
0.575995
0.518814
0.515351
0.52195
0.516694
0.511021
0.508685
0.526709
0.529372
0.529742
0.507862
0.531005
0.523166
0.503749
0.504254
0.518507
0.51319
0.520002
0.502724
0.496732
0.512851
0.510967
0.509568
0.519727
0.518309
0.523838
0.621012
0.621919
0.605751
0.63985
0.533822
0.543932
0.541637
0.515031
0.519808
0.528449
0.527646
0.527262
0.531972
0.526361
0.532649
0.641213
0.507363
0.507253
0.522043
0.525302
0.513224
0.530436
0.525319
0.524186
0.525355
0.492914
0.528265
0.529857
0.539967
0.541658
0.519388
0.520024
0.523238
0.50565
0.519425
0.517871
0.514743
0.517667
0.533538
0.528479
0.496486
0.494729
0.495141
0.504014
0.514302
0.52682
0.522175
0.519724
0.522439
0.521056
0.522255
0.521872
0.514601
0.518709
0.521029
0.521244
0.517457
0.527702
0.527332
0.617742
0.524448
0.529323
0.526743
0.5236
0.520949
0.505823
0.506266
0.528914
0.523015
0.508118
0.509924
0.511976
0.507653
0.504511
0.511799
0.528146
0.497959
0.497399
0.498723
0.500188
0.531574
0.527955
0.527281
0.529138
0.521865
0.582369
0.577741
0.503681
0.509631
0.52871
0.528504
0.527614
0.527108
0.626515
0.591491
0.508042
0.508803
0.497993
0.494735
0.520462
0.517332
0.551784
0.573906
0.496719
0.528908
0.525587
0.515718
0.521735
0.521621
0.528444
0.528483
0.563401
0.527421
0.50779
0.502877
0.510001
0.590671
0.558256
0.548676
0.519236
0.585294
0.533024
0.529263
0.581379
0.57144
0.691122
0.633105
0.525953
0.526595
0.522119
0.530837
0.537021
0.513299
0.518418
0.586
0.627439
0.549738
0.521483
0.502845
0.507037
0.508134
0.506024
0.509336
0.519694
0.521169
0.585121
0.578969
0.580633
0.510707
0.507529
0.507246
0.517933
0.519644
0.547734
0.592629
0.522577
0.517916
0.509215
0.509841
0.519775
0.519534
0.517064
0.517991
0.518763
0.520516
0.509821
0.510307
0.601214
0.521099
0.497988
0.547827
0.528169
0.527306
0.607889
0.536566
0.5346
0.531544
0.526384
0.568048
0.512041
0.511975
0.508338
0.513654
0.513335
0.653648
0.711533
0.513733
0.51603
0.520826
0.499539
0.49615
0.499812
0.536344
0.52467
0.52264
0.592073
0.560436
0.519699
0.522088
0.52127
0.518275
0.522221
0.490225
0.616752
0.648411
0.51987
0.521213
0.524554
0.529636
0.537477
0.513213
0.511815
0.520806
0.524107
0.523849
0.511015
0.507477
0.508856
0.510192
0.516507
0.523491
0.642892
0.708714
0.659918
0.53596
0.528636
0.530305
0.576201
0.611166
0.505914
0.500828
0.504902
0.507322
0.516461
0.527424
0.52347
0.508378
0.527307
0.527016
0.508942
0.516369
0.502567
0.503629
0.501852
0.499969
0.502877
0.523593
0.531819
0.530539
0.512164
0.576019
0.624735
0.508277
0.508163
0.507922
0.5059
0.505239
0.619886
0.57572
0.513859
0.657658
0.630964
0.522076
0.513231
0.510196
0.509198
0.519946
0.524279
0.524882
0.50916
0.511026
0.5124
0.523891
0.524384
0.529414
0.501536
0.505296
0.506299
0.715319
0.669014
0.531939
0.522
0.524426
0.782701
0.513731
0.511945
0.498405
0.499865
0.500501
0.52715
0.525884
0.499645
0.507226
0.507288
0.508492
0.543737
0.533553
0.532159
0.510146
0.516966
0.517764
0.513026
0.516122
0.51607
0.502207
0.506907
0.511414
0.528677
0.533154
0.528194
0.515984
0.532094
0.527599
0.491698
0.501561
0.499844
0.517983
0.517648
0.513671
0.512546
0.515875
0.505228
0.50565
0.504607
0.502298
0.52268
0.522687
0.504538
0.529766
0.529355
0.508626
0.500366
0.524506
0.510063
0.501705
0.501652
0.513226
0.515556
0.515271
0.508995
0.557891
0.544486
0.52666
0.52363
0.501616
0.501069
0.501459
0.584939
0.556069
0.514996
0.514117
0.521115
0.528106
0.526836
0.534491
0.515476
0.517015
0.507341
0.498282
0.499294
0.500966
0.515799
0.506256
0.522398
0.504338
0.504171
0.501228
0.510726
0.525029
0.527468
0.532473
0.527934
0.667287
0.52275
0.52278
0.521499
0.514771
0.544344
0.519221
0.511747
0.512252
0.670823
0.688029
0.726788
0.50852
0.502886
0.522624
0.527673
0.524286
0.526044
0.521327
0.520534
0.524951
0.510593
0.519993
0.517865
0.512134
0.515751
0.503562
0.516947
0.510404
0.506494
0.521629
0.496233
0.511982
0.5267
0.548943
0.53529
0.507032
0.509853
0.505633
0.506922
0.501844
0.510446
0.492597
0.504752
0.503614
0.503801
0.537658
0.527665
0.507374
0.509094
0.512911
0.500746
0.509251
0.531793
0.523464
0.523619
0.506398
0.51241
0.504024
0.515296
0.505113
0.61938
0.513165
0.515595
0.508391
0.509353
0.514064
0.517179
0.522097
0.520755
0.518562
0.514818
0.515205
0.51168
0.514057
0.645444
0.644451
0.572279
0.522466
0.498471
0.508128
0.509061
0.51167
0.531327
0.533889
0.515493
0.513598
0.501831
0.533212
0.531948
0.513957
0.515114
0.512377
0.516754
0.61157
0.516046
0.517427
0.499766
0.520778
0.525823
0.524679
0.66896
0.511193
0.520674
0.512284
0.515888
0.535843
0.502321
0.509603
0.513269
0.511795
0.527995
0.526258
0.518418
0.52192
0.496271
0.493861
0.527265
0.524801
0.539665
0.54268
0.535783
0.521969
0.520633
0.524746
0.509526
0.520473
0.505315
0.507281
0.71357
0.524295
0.496471
0.495654
0.494732
0.511556
0.507396
0.505058
0.525482
0.506292
0.508498
0.587691
0.531803
0.50269
0.502379
0.501413
0.499333
0.510787
0.51815
0.517931
0.517717
0.507661
0.513849
0.514301
0.524437
0.522245
0.524861
0.508676
0.500092
0.511706
0.52239
0.528336
0.527735
0.503105
0.504519
0.504455
0.503431
0.505743
0.713868
0.521936
0.510002
0.516857
0.510708
0.508962
0.78699
0.522787
0.525912
0.528939
0.51845
0.529035
0.507146
0.50583
0.516132
0.511613
0.536428
0.523543
0.530051
0.538784
0.528168
0.504007
0.500699
0.498206
0.515628
0.527097
0.5127
0.514211
0.523131
0.50119
0.496664
0.490369
0.508965
0.508125
0.513705
0.522541
0.51601
0.520621
0.517536
0.524691
0.506067
0.495875
0.502886
0.51207
0.509811
0.506063
0.656275
0.700876
0.524281
0.521581
0.513456
0.522707
0.527463
0.510871
0.508771
0.504579
0.50208
0.51888
0.495986
0.520169
0.502522
0.518675
0.510532
0.516888
0.504875
0.499786
0.503859
0.491794
0.510726
0.513377
0.50025
0.50223
0.520263
0.520731
0.52509
0.533564
0.535021
0.507415
0.508448
0.539086
0.54685
0.532252
0.538426
0.529531
0.493522
0.504401
0.503314
0.508024
0.50903
0.509321
0.505698
0.546059
0.5059
0.510232
0.502581
0.502315
0.514675
0.521611
0.520531
0.522515
0.510046
0.527507
0.526063
0.52106
0.509694
0.524044
0.508762
0.513911
0.502159
0.511608
0.512957
0.538465
0.527874
0.528568
0.530748
0.527403
0.504874
0.514815
0.518332
0.522317
0.524204
0.739145
0.714271
0.507791
0.510422
0.504934
0.525131
0.515373
0.669696
0.507524
0.501686
0.500322
0.492356
0.519923
0.52391
0.523022
0.519418
0.52234
0.493391
0.529836
0.527316
0.534666
0.524618
0.522777
0.529959
0.509361
0.499062
0.52745
0.510563
0.512314
0.527477
0.595119
0.582034
0.508846
0.505611
0.509235
0.508549
0.511159
0.509106
0.506406
0.506974
0.506759
0.506403
0.541549
0.535781
0.500941
0.506904
0.512597
0.512912
0.5148
0.508717
0.514399
0.504545
0.506596
0.523407
0.524412
0.520554
0.508133
0.5062
0.600931
0.566707
0.608848
0.506462
0.520582
0.525888
0.522452
0.507856
0.512226
0.512365
0.525295
0.525067
0.526137
0.530993
0.518909
0.494147
0.503516
0.503418
0.498242
0.507213
0.526337
0.529839
0.528509
0.527227
0.521488
0.528003
0.503541
0.516571
0.533405
0.518197
0.518244
0.504076
0.5041
0.516234
0.513076
0.50837
0.514196
0.507093
0.502667
0.570646
0.64894
0.598495
0.507305
0.509316
0.511809
0.523522
0.505115
0.508824
0.514771
0.515251
0.508049
0.495659
0.508776
0.511036
0.506724
0.494212
0.502988
0.504224
0.512386
0.507558
0.512586
0.497828
0.52416
0.522397
0.524822
0.516751
0.511374
0.501404
0.502669
0.528882
0.529002
0.522274
0.536043
0.525216
0.536448
0.500254
0.505883
0.488078
0.492449
0.503335
0.509543
0.520745
0.520081
0.514798
0.524186
0.70944
0.667096
0.522721
0.575571
0.550165
0.517982
0.540219
0.517507
0.520479
0.521176
0.500925
0.52742
0.50523
0.756689
0.507979
0.504515
0.512859
0.530042
0.498284
0.508122
0.513246
0.535229
0.5324
0.523298
0.522743
0.522962
0.504103
0.508081
0.502751
0.524663
0.553441
0.529852
0.528361
0.53491
0.538046
0.616272
0.563094
0.567289
0.52817
0.529996
0.520967
0.520072
0.500747
0.503992
0.50363
0.504371
0.614775
0.506797
0.5293
0.52551
0.523334
0.512578
0.505439
0.512007
0.587102
0.511033
0.521283
0.512314
0.519948
0.529957
0.525528
0.530015
0.528505
0.524361
0.511978
0.635357
0.623179
0.522408
0.526785
0.523236
0.522112
0.514914
0.514655
0.526622
0.524353
0.503798
0.521877
0.506235
0.523538
0.519205
0.613824
0.688541
0.500216
0.504176
0.508011
0.506541
0.521848
0.568091
0.504158
0.529592
0.517615
0.513635
0.505641
0.504057
0.502185
0.524167
0.506676
0.509297
0.508808
0.503663
0.505548
0.519918
0.526631
0.525636
0.525616
0.57386
0.568843
0.573162
0.523403
0.576285
0.501692
0.525588
0.519966
0.504642
0.540637
0.529948
0.524841
0.524747
0.508253
0.509885
0.515114
0.51504
0.510119
0.511507
0.531319
0.501595
0.500471
0.499906
0.507778
0.534084
0.529667
0.50742
0.523486
0.523861
0.503304
0.52548
0.524371
0.522299
0.50424
0.507429
0.505891
0.498531
0.680282
0.65282
0.534448
0.509929
0.503645
0.513936
0.512946
0.511531
0.520381
0.513424
0.502155
0.532692
0.514374
0.562782
0.503453
0.501408
0.500769
0.514576
0.605276
0.593879
0.530073
0.530522
0.524141
0.510601
0.53308
0.522223
0.509513
0.50475
0.505918
0.510285
0.656474
0.6008
0.503688
0.511061
0.62888
0.515742
0.532981
0.503255
0.522268
0.520146
0.505823
0.525667
0.523798
0.526042
0.50788
0.505748
0.505041
0.516186
0.497601
0.505386
0.522986
0.501774
0.507298
0.527498
0.524142
0.50578
0.514661
0.512853
0.584467
0.528421
0.504233
0.52732
0.517402
0.523089
0.51914
0.507289
0.509855
0.504907
0.509882
0.507924
0.506833
0.526721
0.524463
0.508188
0.509351
0.49818
0.505829
0.500712
0.508027
0.505957
0.642379
0.633627
0.609645
0.627441
0.529625
0.526489
0.619468
0.523425
0.531938
0.503303
0.506421
0.627177
0.502598
0.507598
0.510315
0.515384
0.504303
0.5093
0.508444
0.50266
0.504186
0.522438
0.526666
0.516778
0.527172
0.531326
0.520106
0.54259
0.501612
0.50416
0.522573
0.524028
0.525069
0.6616
0.54014
0.54268
0.52686
0.525279
0.507681
0.501198
0.507209
0.513814
0.51362
0.524774
0.517932
0.499025
0.714002
0.511965
0.521971
0.509524
0.513652
0.514628
0.514379
0.510579
0.529978
0.525994
0.524407
0.51293
0.497033
0.500499
0.501208
0.502364
0.506508
0.506775
0.524105
0.510934
0.507676
0.581837
0.641689
0.510368
0.504058
0.544401
0.532614
0.508947
0.497435
0.524981
0.563717
0.557873
0.505448
0.500163
0.488946
0.528866
0.524959
0.524578
0.503105
0.506017
0.497101
0.500558
0.505457
0.499947
0.525356
0.504
0.523863
0.528236
0.511577
0.510059
0.520891
0.52797
0.528938
0.560202
0.514963
0.514519
0.529122
0.51272
0.520726
0.502938
0.519719
0.514972
0.502845
0.574181
0.530268
0.520001
0.518075
0.509296
0.523175
0.521104
0.560746
0.520086
0.515545
0.506705
0.532216
0.526921
0.533421
0.525781
0.501717
0.511853
0.510399
0.515229
0.492433
0.606742
0.554242
0.525992
0.528722
0.522392
0.530799
0.534872
0.530776
0.510882
0.524635
0.535191
0.494404
0.523936
0.534368
0.532762
0.515415
0.509987
0.504833
0.488524
0.525757
0.491904
0.642341
0.510255
0.525629
0.523272
0.540109
0.519331
0.50401
0.512807
0.520992
0.511055
0.515036
0.510329
0.518456
0.51914
0.519751
0.510615
0.528867
0.616605
0.521707
0.506095
0.526077
0.499132
0.504254
0.513566
0.515391
0.508535
0.494188
0.502124
0.51259
0.513006
0.517773
0.512707
0.509409
0.523335
0.506745
0.520344
0.524323
0.51994
0.516124
0.503562
0.51329
0.537209
0.527088
0.508008
0.491015
0.51713
0.501545
0.496746
0.504526
0.4999
0.503624
0.505481
0.537212
0.508244
0.509676
0.50194
0.50281
0.510107
0.566885
0.582315
0.525248
0.544073
0.520864
0.521367
0.518008
0.516605
0.526948
0.511087
0.520787
0.520226
0.505057
0.501554
0.511088
0.504686
0.508212
0.509427
0.516928
0.519139
0.509232
0.49997
0.51103
0.50699
0.502004
0.713168
0.528808
0.512943
0.505743
0.498157
0.524841
0.510297
0.503868
0.678925
0.735588
0.507111
0.524153
0.589153
0.508078
0.510236
0.522401
0.514775
0.506812
0.504096
0.53276
0.506554
0.510505
0.511522
0.527124
0.508631
0.509915
0.526043
0.525493
0.524519
0.527721
0.504372
0.519491
0.518307
0.527335
0.507908
0.507837
0.503086
0.512079
0.578858
0.488609
0.515185
0.518739
0.522751
0.519757
0.512703
0.504866
0.500263
0.510157
0.507541
0.510585
0.52445
0.509751
0.523065
0.524656
0.497479
0.520331
0.507712
0.501581
0.514444
0.728925
0.523838
0.506679
0.49491
0.49319
0.503861
0.494013
0.498068
0.518591
0.522288
0.528206
0.525143
0.610462
0.52619
0.517405
0.502767
0.504081
0.52673
0.527628
0.511521
0.509033
0.514753
0.551864
0.509928
0.509423
0.510783
0.517689
0.524221
0.505406
0.511536
0.50448
0.515461
0.510805
0.522073
0.531101
0.525739
0.709791
0.521855
0.497657
0.54753
0.562611
0.510391
0.52591
0.508
0.525978
0.650507
0.526684
0.49297
0.514213
0.539582
0.511935
0.515846
0.515305
0.509157
0.520276
0.50635
0.501075
0.503255
0.51483
0.518319
0.501976
0.508502
0.508587
0.509172
0.506467
0.541864
0.504139
0.510551
0.50905
0.50574
0.506461
0.501134
0.525217
0.521742
0.513382
0.522316
0.521793
0.520396
0.511435
0.525111
0.535883
0.528971
0.527035
0.556909
0.508479
0.502632
0.497029
0.508442
0.659408
0.510321
0.511217
0.509056
0.50835
0.508786
0.511495
0.600142
0.624799
0.493769
0.499286
0.514777
0.517704
0.510295
0.504893
0.510354
0.511355
0.520557
0.532905
0.531848
0.549339
0.547125
0.515898
0.509069
0.518905
0.505354
0.506911
0.531458
0.507215
0.499512
0.514783
0.517376
0.697996
0.525541
0.521684
0.514183
0.568469
0.519018
0.50969
0.514947
0.498013
0.510821
0.511801
0.503101
0.510157
0.510975
0.511973
0.511268
0.51081
0.513065
0.508908
0.52664
0.511131
0.513394
0.526202
0.548344
0.518387
0.518796
0.511208
0.546533
0.516916
0.507261
0.513622
0.499226
0.526352
0.509599
0.526372
0.500894
0.499055
0.527418
0.518007
0.52404
0.523788
0.521955
0.555239
0.559961
0.508032
0.528389
0.49314
0.511918
0.49974
0.504992
0.516008
0.523027
0.626415
0.511061
0.521922
0.524142
0.503499
0.525059
0.510003
0.520995
0.526596
0.50661
0.527811
0.50212
0.520564
0.514336
0.509198
0.505282
0.52867
0.502365
0.526964
0.518501
0.538395
0.518649
0.519938
0.577346
0.517664
0.511111
0.519192
0.596877
0.556646
0.50954
0.517389
0.606234
0.4999
0.517941
0.514476
0.508847
0.519694
0.499487
0.512279
0.508906
0.63299
0.52038
0.600545
0.503405
0.561445
0.528631
0.560183
0.61128
0.539579
0.521338
0.521321
0.50568
0.527527
0.577097
0.515767
0.508895
0.509214
0.512013
0.501476
0.52395
0.520935
0.61497
0.582512
0.545656
0.511537
0.501775
0.524842
0.536512
0.504117
0.501048
0.578076
0.49446
0.530578
0.508561
0.533214
0.497763
0.50242
0.503943
0.498298
0.502761
0.524924
0.512263
0.51985
0.501006
0.505174
0.487864
0.496502
0.515832
0.522309
0.511737
0.525222
0.517087
0.502587
0.588135
0.521538
0.549361
0.526431
0.590024
0.521279
0.617241
0.510145
0.537147
0.523701
0.523462
0.502909
0.528361
0.499435
0.50001
0.512561
0.511925
0.527533
0.513756
0.512673
0.528253
0.515808
0.495023
0.510074
0.528364
0.524796
0.526409
0.529891
0.511378
0.506321
0.506462
0.502638
0.596033
0.530755
0.597446
0.605499
0.506155
0.504361
0.535177
0.498708
0.50051
0.528201
0.512169
0.518316
0.513485
0.526309
0.521541
0.519086
0.48957
0.501428
0.509612
0.511682
0.527669
0.631883
0.489538
0.500557
0.492938
0.532334
0.505919
0.50938
0.514591
0.513003
0.532674
0.522538
0.508466
0.486413
0.49755
0.511968
0.510922
0.527866
0.533496
0.507432
0.511872
0.522336
0.513178
0.5136
0.532417
0.555651
0.507495
0.503837
0.524033
0.525003
0.515062
0.52818
0.527236
0.517883
0.529058
0.512311
0.504719
0.596503
0.524613
0.525892
0.520606
0.530532
0.518703
0.524752
0.502315
0.504106
0.497654
0.52119
0.497612
0.512454
0.604639
0.506018
0.497339
0.524545
0.509941
0.535219
0.526829
0.584375
0.510836
0.506497
0.50725
0.513273
0.587195
0.521454
0.500936
0.516965
0.512857
0.513458
0.511897
0.504004
0.515473
0.507288
0.514623
0.526205
0.518071
0.74162
0.513677
0.519976
0.506467
0.545379
0.505509
0.707898
0.513452
0.522367
0.639967
0.508836
0.512259
0.50854
0.540578
0.528771
0.561003
0.499324
0.520388
0.518555
0.607238
0.511812
0.512383
0.668797
0.529327
0.518445
0.495945
0.487272
0.525877
0.517064
0.533543
0.572813
0.498385
0.536338
0.535143
0.517496
0.514258
0.522851
0.599517
0.501976
0.504745
0.525649
0.50547
0.537968
0.4957
0.503501
0.50228
0.519241
0.534834
0.507434
0.50744
0.525265
0.521329
0.595256
0.577938
0.519668
0.503325
0.579744
0.524266
0.602107
0.509322
0.504181
0.519161
0.516469
0.531815
0.507512
0.515507
0.495436
0.531585
0.516807
0.645237
0.686492
0.533915
0.520844
0.518456
0.535489
0.517813
0.586658
0.528197
0.502498
0.524568
0.503978
0.507075
0.537415
0.609838
0.518774
0.530599
0.505414
0.539296
0.529435
0.53052
0.505521
0.509247
0.523902
0.532902
0.511084
0.50023
0.693369
0.530659
0.528342
0.529068
0.503747
0.613298
0.525786
0.528781
0.522219
0.50499
0.553047
0.53435
0.523693
0.505228
0.507174
0.537269
0.533996
0.507533
0.536784
0.528407
0.52644
0.596151
0.512145
0.513378
0.61626
0.529135
0.710973
0.521412
0.537431
0.523212
0.530951
0.514993
0.505161
0.517316
0.544039
0.542445
0.53983
0.517989
0.529133
0.502152
0.506119
0.527833
0.526703
0.5073
0.530082
0.50756
0.510072
0.504267
0.509819
0.52382
0.507595
0.50582
0.497761
0.5324
0.530962
0.500848
0.511215
0.5133
0.507053
0.503143
0.508295
0.517979
0.516473
0.52432
0.525319
0.50383
0.500489
0.498333
0.533957
0.503449
0.510112
0.511504
0.51418
0.520657
0.508656
0.521152
0.520598
0.680478
0.527816
0.525662
0.52654
0.510447
0.514984
0.51744
0.553562
0.525216
0.507785
0.522475
0.52406
0.508616
0.529937
0.528579
0.523075
0.520607
0.524785
0.554906
0.492299
0.521567
0.52333
0.523728
0.524141
0.52471
0.502455
0.536959
0.507777
0.506687
0.505536
0.520096
0.517188
0.500038
0.529736
0.49811
0.512884
0.51054
0.502878
0.51291
0.503874
0.522794
0.504525
0.516555
0.518269
0.506237
0.513566
0.588767
0.511694
0.510235
0.523083
0.588247
0.638606
0.515411
0.518277
0.505664
0.526396
0.524379
0.497537
0.518256
0.497824
0.505557
0.514557
0.526188
0.50277
0.518574
0.520426
0.513881
0.520024
0.561947
0.509343
0.504751
0.508192
0.518556
0.526548
0.505365
0.608698
0.50844
0.52634
0.504542
0.520988
0.518178
0.515317
0.512221
0.506516
0.526792
0.497179
0.517293
0.514321
0.507014
0.500397
0.503825
0.513822
0.530442
0.524906
0.526396
0.519504
0.524372
0.505529
0.50554
0.511406
0.52596
0.506857
0.509646
0.528634
0.511335
0.509788
0.517032
0.508223
0.526815
0.504062
0.498408
0.515354
0.530716
0.533158
0.538899
0.524366
0.504323
0.54913
0.496965
0.508185
0.653698
0.515993
0.520774
0.523189
0.52366
0.493038
0.495439
0.527671
0.502529
0.551562
0.499326
0.509268
0.521906
0.525077
0.527469
0.50715
0.505444
0.525642
0.530809
0.514924
0.525289
0.591282
0.500286
0.528736
0.525701
0.503292
0.525304
0.500727
0.512281
0.498687
0.570923
0.519777
0.512135
0.528141
0.531728
0.50405
0.514713
0.52145
0.524416
0.573703
0.634782
0.502731
0.534066
0.632656
0.522631
0.526785
0.519727
0.50617
0.576495
0.524056
0.524906
0.524357
0.522365
0.519294
0.518544
0.515488
0.49938
0.491747
0.503677
0.504457
0.500676
0.501547
0.50642
0.501075
0.520388
0.527285
0.527856
0.520463
0.510184
0.508441
0.507962
0.529923
0.526237
0.527969
0.515058
0.506568
0.52479
0.539782
0.502002
0.534385
0.498199
0.539436
0.509539
0.509899
0.509753
0.50097
0.510309
0.520093
0.506548
0.515935
0.5257
0.505923
0.508843
0.520514
0.514504
0.506279
0.522084
0.510257
0.526604
0.603596
0.526366
0.509908
0.52441
0.498786
0.526029
0.528785
0.519913
0.501225
0.503837
0.50983
0.543695
0.535672
0.527379
0.51265
0.512142
0.512665
0.506714
0.504168
0.527568
0.502122
0.516767
0.502414
0.526573
0.516876
0.50625
0.519745
0.520199
0.500706
0.513294
0.512807
0.665122
0.501482
0.517963
0.497145
0.513272
0.525525
0.521667
0.531569
0.533291
0.523419
0.505242
0.524091
0.551623
0.503259
0.515105
0.517777
0.510717
0.500113
0.51191
0.6334
0.529537
0.655047
0.52497
0.510354
0.51556
0.512531
0.512711
0.520324
0.520369
0.520074
0.518876
0.557308
0.50391
0.522808
0.504347
0.581882
0.516603
0.51396
0.519122
0.505917
0.505396
0.512548
0.504088
0.535098
0.495576
0.513745
0.503247
0.502123
0.520067
0.534772
0.564273
0.524368
0.517849
0.530745
0.525902
0.523477
0.522285
0.522672
0.527406
0.503771
0.527023
0.5251
0.508658
0.515015
0.52525
0.500617
0.515198
0.527123
0.628933
0.517936
0.507194
0.515906
0.520228
0.528709
0.503843
0.506574
0.511779
0.602045
0.532639
0.524935
0.512466
0.510266
0.518719
0.493569
0.503355
0.51835
0.507476
0.525945
0.52297
0.51311
0.506154
0.52699
0.504006
0.51958
0.533362
0.506949
0.512188
0.50877
0.537218
0.513418
0.523153
0.51135
0.518691
0.503902
0.502505
0.522825
0.525887
0.530568
0.520543
0.528211
0.521245
0.517624
0.516682
0.508722
0.527657
0.526213
0.642781
0.519543
0.502346
0.522495
0.531833
0.5238
0.527675
0.509865
0.671007
0.508671
0.520021
0.589651
0.517797
0.507273
0.51855
0.533672
0.527186
0.523379
0.499491
0.52906
0.522528
0.51037
0.557867
0.523106
0.52933
0.551633
0.510674
0.545913
0.507131
0.522426
0.506359
0.530152
0.514447
0.516089
0.521652
0.52715
0.58663
0.509061
0.514339
0.497791
0.526988
0.505629
0.507095
0.505645
0.504436
0.596055
0.529586
0.503561
0.507536
0.51863
0.517664
0.524334
0.523215
0.523384
0.507677
0.505904
0.502412
0.522203
0.517715
0.525405
0.522795
0.634662
0.523415
0.6034
0.522785
0.516348
0.528118
0.501624
0.520595
0.502924
0.51374
0.514917
0.683623
0.506647
0.52437
0.525686
0.515766
0.515331
0.502442
0.498226
0.535743
0.504174
0.502465
0.527064
0.515047
0.603685
0.533472
0.504757
0.490845
0.527496
0.524602
0.517843
0.5066
0.520446
0.566847
0.51382
0.596559
0.524744
0.694492
0.504574
0.505788
0.509454
0.520752
0.531498
0.518209
0.506093
0.712626
0.506425
0.522684
0.519572
0.524
0.5093
0.511656
0.542469
0.522466
0.522777
0.523214
0.510395
0.514855
0.50984
0.524538
0.518133
0.514902
0.519129
0.502955
0.53687
0.518946
0.659872
0.503249
0.51819
0.520858
0.513387
0.50199
0.505894
0.511329
0.537702
0.501574
0.518256
0.519734
0.526122
0.502772
0.572339
0.508206
0.503595
0.513806
0.520446
0.52363
0.516101
0.503766
0.526865
0.530437
0.500732
0.513386
0.50775
0.527337
0.523581
0.511556
0.509896
0.525492
0.641819
0.522707
0.526727
0.512349
0.525077
0.533609
0.529197
0.492993
0.506606
0.522796
0.507399
0.52082
0.510584
0.544519
0.5364
0.52027
0.493227
0.608123
0.521312
0.519051
0.516038
0.516911
0.535868
0.533391
0.594437
0.605019
0.524889
0.532007
0.537895
0.545641
0.585784
0.527114
0.527708
0.523162
0.526957
0.510954
0.501043
0.523847
0.493619
0.514594
