0.699828
0.68567
0.498903
0.504434
0.502827
0.510558
0.528298
0.529532
0.526624
0.524209
0.511301
0.514165
0.528504
0.525764
0.521853
0.519747
0.498956
0.497816
0.518248
0.520105
0.522434
0.519027
0.531817
0.532586
0.518662
0.518537
0.508017
0.510596
0.51612
0.518138
0.528618
0.528234
0.658408
0.526436
0.528996
0.508772
0.524642
0.523586
0.52789
0.525238
0.523233
0.518632
0.714078
0.651193
0.517341
0.516554
0.524818
0.527951
0.529502
0.508566
0.503199
0.512726
0.515838
0.52984
0.525361
0.529184
0.528383
0.499035
0.495129
0.49852
0.527684
0.52487
0.540288
0.505324
0.516438
0.517012
0.517627
0.729563
0.674249
0.532154
0.525872
0.524626
0.5028
0.496201
0.531268
0.500353
0.501324
0.502129
0.523416
0.522677
0.531702
0.526342
0.591132
0.501016
0.525285
0.52765
0.526057
0.523824
0.504066
0.524954
0.5083
0.509813
0.52999
0.509957
0.53296
0.535272
0.530029
0.526458
0.499264
0.500959
0.505186
0.510212
0.512752
0.524519
0.524438
0.518416
0.525286
0.579252
0.563413
0.51421
0.511512
0.508569
0.504098
0.526873
0.527004
0.525084
0.514381
0.528172
0.527324
0.512639
0.52187
0.51271
0.642922
0.503443
0.50568
0.497915
0.497482
0.516205
0.516811
0.532849
0.547195
0.496511
0.525466
0.525005
0.543632
0.52067
0.521336
0.526025
0.526792
0.523841
0.49881
0.505408
0.51783
0.520141
0.521712
0.562496
0.585116
0.576058
0.531099
0.53192
0.525925
0.525085
0.590154
0.591481
0.60416
0.52343
0.526364
0.526784
0.625384
0.686641
0.629165
0.684323
0.526273
0.521305
0.52913
0.526049
0.523189
0.532269
0.536458
0.523784
0.5171
0.618146
0.61485
0.612665
0.558849
0.512485
0.497975
0.510437
0.52089
0.595359
0.585712
0.599732
0.600617
0.504933
0.518598
0.511122
0.517069
0.520863
0.52659
0.610204
0.5187
0.528228
0.528363
0.528558
0.510924
0.513273
0.524793
0.522349
0.507241
0.521762
0.532619
0.526038
0.49988
0.505609
0.497248
0.490567
0.528959
0.534458
0.518806
0.535932
0.53692
0.536655
0.537118
0.530944
0.545619
0.570711
0.497503
0.514305
0.509732
0.508003
0.50844
0.495208
0.504835
0.504353
0.51031
0.51152
0.506633
0.511199
0.518802
0.522804
0.50062
0.498985
0.520343
0.527056
0.532271
0.631142
0.518643
0.515928
0.522239
0.521128
0.526739
0.529159
0.49439
0.493761
0.636754
0.614002
0.668844
0.529088
0.529199
0.528273
0.537404
0.5323
0.511998
0.515347
0.514357
0.524521
0.515161
0.520894
0.52646
0.526149
0.518048
0.512357
0.514704
0.524016
0.522018
0.524289
0.508358
0.528011
0.513879
0.571727
0.562604
0.483479
0.497278
0.50445
0.501287
0.503182
0.504336
0.489763
0.502404
0.499716
0.513758
0.528684
0.522942
0.51511
0.529965
0.523621
0.513546
0.506681
0.510257
0.51722
0.499917
0.502017
0.534703
0.537482
0.518078
0.499555
0.499871
0.520183
0.517785
0.54657
0.58866
0.50811
0.504599
0.645555
0.630998
0.678062
0.628608
0.638954
0.597872
0.509339
0.511415
0.519683
0.522671
0.506154
0.516907
0.514359
0.509679
0.515574
0.626972
0.529278
0.601294
0.508161
0.504135
0.506442
0.524081
0.526
0.526749
0.528766
0.527666
0.525841
0.5247
0.521272
0.512382
0.522374
0.501793
0.547884
0.531945
0.532713
0.512807
0.51923
0.515445
0.512145
0.513328
0.518305
0.52552
0.517837
0.509861
0.515156
0.511466
0.52795
0.532164
0.528986
0.524973
0.516408
0.510513
0.495332
0.522186
0.523297
0.51897
0.519205
0.50113
0.498189
0.503389
0.517292
0.517712
0.516871
0.512543
0.514314
0.511926
0.50765
0.498854
0.498999
0.500493
0.500622
0.502122
0.521821
0.521822
0.507153
0.502836
0.519077
0.521223
0.530562
0.507528
0.526188
0.516604
0.523818
0.511724
0.506702
0.507398
0.518379
0.509987
0.539535
0.55018
0.529572
0.525496
0.510416
0.520325
0.494034
0.491413
0.499726
0.511209
0.516178
0.513019
0.519356
0.527075
0.530744
0.52771
0.517569
0.519985
0.507135
0.507763
0.497084
0.497871
0.499362
0.507922
0.518691
0.530957
0.516089
0.511735
0.502508
0.514891
0.508914
0.508207
0.498199
0.500073
0.500776
0.531419
0.527173
0.532931
0.593278
0.523561
0.523243
0.49858
0.497373
0.502368
0.517079
0.512153
0.535971
0.517881
0.518377
0.509742
0.516899
0.518278
0.518066
0.528057
0.526994
0.52885
0.516046
0.487119
0.502535
0.510372
0.511016
0.513784
0.516543
0.514659
0.508241
0.684576
0.509685
0.502075
0.506212
0.511374
0.506351
0.510192
0.515184
0.524019
0.524738
0.507931
0.510873
0.507476
0.501947
0.515362
0.518881
0.51118
0.503386
0.528792
0.52925
0.503258
0.511286
0.513979
0.512341
0.513865
0.513431
0.527822
0.52629
0.500973
0.505173
0.505442
0.512642
0.513889
0.51902
0.521511
0.519284
0.509624
0.510446
0.511078
0.514148
0.516421
0.621078
0.60808
0.580672
0.512378
0.75951
0.704306
0.504779
0.510194
0.509908
0.502169
0.530448
0.533741
0.509697
0.535111
0.51128
0.583349
0.512734
0.510703
0.511742
0.500014
0.512102
0.511501
0.715762
0.507406
0.505988
0.506439
0.501447
0.506215
0.511777
0.507825
0.510675
0.511275
0.508006
0.507108
0.533774
0.525406
0.531051
0.507164
0.509411
0.513348
0.52887
0.524974
0.509929
0.535547
0.536677
0.524559
0.52363
0.52654
0.510059
0.507701
0.712735
0.870434
0.759955
0.519009
0.517495
0.502889
0.507305
0.509228
0.569968
0.534786
0.525048
0.493832
0.506495
0.602221
0.507397
0.515196
0.56858
0.49722
0.532285
0.507113
0.505215
0.498316
0.523045
0.527321
0.50518
0.497497
0.49848
0.512948
0.51426
0.515256
0.523574
0.535197
0.527174
0.507595
0.501639
0.525924
0.52721
0.5245
0.501557
0.503041
0.50294
0.5194
0.528966
0.497973
0.49536
0.50871
0.519662
0.51807
0.51617
0.518461
0.515032
0.514531
0.603592
0.588592
0.527135
0.510652
0.510876
0.514542
0.512014
0.539212
0.527447
0.540052
0.5273
0.51288
0.510104
0.506681
0.515806
0.527052
0.524509
0.509141
0.495345
0.503391
0.5076
0.512287
0.508127
0.506227
0.507626
0.615472
0.560968
0.562265
0.550012
0.526372
0.525804
0.522603
0.510411
0.518278
0.523295
0.526213
0.524929
0.532244
0.502884
0.502383
0.496932
0.502317
0.523861
0.516926
0.522066
0.516825
0.524815
0.524504
0.52569
0.512183
0.507773
0.511939
0.524565
0.527477
0.501981
0.492906
0.512124
0.507014
0.514034
0.511109
0.514036
0.520621
0.522393
0.527241
0.532535
0.545894
0.507606
0.513322
0.511854
0.529284
0.510969
0.534078
0.540498
0.518037
0.519876
0.494636
0.500707
0.506133
0.507243
0.502375
0.510496
0.543995
0.625423
0.498993
0.530585
0.539211
0.534259
0.506734
0.505134
0.504191
0.503614
0.506849
0.505668
0.507453
0.530162
0.530714
0.530641
0.495763
0.503023
0.510102
0.518176
0.539304
0.536134
0.511577
0.531906
0.518733
0.517195
0.519065
0.705433
0.661945
0.518992
0.5184
0.50888
0.516505
0.534153
0.528614
0.534012
0.507047
0.49104
0.606105
0.603015
0.514417
0.511804
0.496171
0.524032
0.521535
0.524537
0.616121
0.514542
0.504686
0.501918
0.508509
0.505292
0.512189
0.507895
0.537121
0.535002
0.523486
0.523258
0.507521
0.516823
0.504403
0.511795
0.511441
0.505779
0.523943
0.52701
0.50772
0.504075
0.506964
0.654989
0.505586
0.502787
0.513364
0.530504
0.525993
0.509326
0.508575
0.527255
0.522528
0.503224
0.507545
0.524722
0.50768
0.493903
0.574665
0.514685
0.500315
0.50887
0.511006
0.504904
0.528525
0.526343
0.509934
0.508661
0.524031
0.528591
0.526784
0.53386
0.545594
0.554195
0.551421
0.52099
0.502546
0.503339
0.504146
0.505147
0.521399
0.507198
0.511312
0.499632
0.506815
0.505669
0.618712
0.636522
0.50838
0.503004
0.769366
0.532203
0.504348
0.509956
0.508862
0.504325
0.491745
0.497159
0.494661
0.505607
0.507821
0.514265
0.534953
0.528624
0.520631
0.498031
0.52931
0.521764
0.536651
0.528866
0.536367
0.502772
0.503857
0.527265
0.487902
0.495064
0.520708
0.511936
0.521825
0.644131
0.652063
0.520239
0.524875
0.53146
0.526232
0.533275
0.529674
0.50781
0.523086
0.512971
0.514837
0.534063
0.531012
0.503342
0.515252
0.520333
0.51356
0.521734
0.514598
0.524891
0.55708
0.570818
0.529586
0.769277
0.53534
0.535129
0.533358
0.527757
0.562889
0.52922
0.51807
0.520674
0.75448
0.505378
0.512625
0.530186
0.526602
0.506343
0.504931
0.566373
0.530167
0.715465
0.721867
0.513196
0.591236
0.532886
0.528689
0.499983
0.530384
0.524803
0.520186
0.512325
0.624473
0.524267
0.52676
0.513748
0.52448
0.532249
0.529895
0.516674
0.658314
0.531638
0.513059
0.606451
0.617967
0.520344
0.51409
0.518729
0.517466
0.51365
0.671644
0.521781
0.523
0.518579
0.502564
0.507944
0.513113
0.508425
0.529726
0.529255
0.505656
0.503458
0.634219
0.638932
0.609599
0.507629
0.503686
0.567878
0.508609
0.525223
0.515755
0.516178
0.516454
0.527683
0.527634
0.505364
0.518249
0.509308
0.505626
0.508122
0.513925
0.510395
0.528077
0.531742
0.522785
0.499811
0.51692
0.564429
0.547381
0.563534
0.500098
0.502298
0.539995
0.528524
0.525152
0.525337
0.513955
0.509796
0.496179
0.509718
0.515855
0.507659
0.512664
0.504878
0.507553
0.506145
0.497791
0.499414
0.515313
0.529192
0.541249
0.51389
0.529467
0.530542
0.523725
0.505298
0.505969
0.508794
0.493953
0.642812
0.535058
0.534009
0.512188
0.518322
0.507466
0.510497
0.512129
0.532807
0.531894
0.503467
0.50375
0.500531
0.505711
0.513718
0.595968
0.525975
0.50788
0.53005
0.534517
0.533701
0.534425
0.518391
0.512554
0.517404
0.512635
0.52651
0.507144
0.515419
0.633372
0.523481
0.529158
0.532933
0.498493
0.517674
0.533328
0.531829
0.530176
0.519879
0.511831
0.514315
0.523633
0.510436
0.527643
0.513321
0.517529
0.51989
0.579401
0.52559
0.524798
0.502423
0.50109
0.500615
0.496216
0.528564
0.529005
0.536253
0.536656
0.524127
0.51059
0.505263
0.497928
0.503011
0.497729
0.506426
0.505013
0.523025
0.520663
0.524366
0.518304
0.521559
0.496733
0.844324
0.597389
0.596239
0.51899
0.529292
0.524719
0.506734
0.503524
0.533295
0.500376
0.530394
0.506721
0.500538
0.518392
0.508342
0.507416
0.512778
0.520644
0.520451
0.503284
0.528664
0.52131
0.533332
0.53357
0.517365
0.502898
0.499142
0.500072
0.515404
0.516998
0.516083
0.526321
0.527043
0.561113
0.51801
0.509445
0.509044
0.512421
0.534687
0.53025
0.526003
0.515079
0.513861
0.575203
0.498584
0.496836
0.501434
0.498333
0.530913
0.511181
0.51192
0.525483
0.525398
0.523134
0.525534
0.524168
0.527157
0.491068
0.49749
0.500016
0.496342
0.51119
0.520028
0.506045
0.517543
0.565901
0.635716
0.521784
0.499891
0.500099
0.543179
0.54599
0.511135
0.506336
0.551227
0.510358
0.513245
0.503642
0.528856
0.493196
0.507069
0.496451
0.502534
0.504343
0.500734
0.50436
0.524261
0.520278
0.517256
0.513302
0.512965
0.552958
0.55156
0.549888
0.519603
0.570431
0.586231
0.532211
0.701571
0.514234
0.513114
0.514071
0.506114
0.508178
0.515894
0.523789
0.501456
0.499905
0.500808
0.511024
0.626499
0.497363
0.505553
0.52909
0.533953
0.541423
0.513361
0.51573
0.530156
0.514935
0.512782
0.515038
0.505763
0.516678
0.510918
0.50961
0.527037
0.527577
0.525879
0.528703
0.513227
0.509749
0.532601
0.528093
0.509718
0.510082
0.493351
0.525223
0.587077
0.498089
0.496401
0.501261
0.548661
0.529269
0.528927
0.526918
0.507737
0.511088
0.530285
0.53383
0.526073
0.518977
0.519965
0.511374
0.51456
0.492642
0.501088
0.488633
0.488887
0.526692
0.522915
0.490485
0.507607
0.502312
0.509349
0.524366
0.530566
0.529783
0.538817
0.536872
0.513165
0.529433
0.499539
0.5199
0.529668
0.511611
0.514174
0.514897
0.517631
0.516557
0.528327
0.649754
0.520719
0.523266
0.501613
0.503103
0.519252
0.521679
0.499091
0.497848
0.492902
0.502092
0.534429
0.565284
0.510402
0.519394
0.506442
0.521733
0.503309
0.493798
0.524679
0.519371
0.515035
0.514744
0.561268
0.514226
0.519738
0.508604
0.510352
0.520108
0.524915
0.502823
0.508723
0.504074
0.49859
0.501005
0.494384
0.510297
0.555128
0.502443
0.50557
0.507671
0.581264
0.577541
0.529329
0.543441
0.522191
0.516084
0.510237
0.504323
0.518196
0.512104
0.517501
0.529381
0.505284
0.567272
0.513257
0.503097
0.512948
0.517567
0.507374
0.498355
0.504658
0.502762
0.505156
0.500408
0.510999
0.634522
0.503669
0.506649
0.528804
0.510773
0.511548
0.550118
0.527606
0.51217
0.512013
0.511049
0.506708
0.663629
0.53266
0.505077
0.573454
0.495052
0.533594
0.532198
0.513842
0.51963
0.518369
0.744578
0.507476
0.512395
0.507598
0.50887
0.513095
0.52143
0.527907
0.509488
0.509097
0.520259
0.516489
0.518561
0.516511
0.5136
0.526294
0.503822
0.509449
0.495185
0.502398
0.503144
0.504486
0.574363
0.503085
0.488872
0.506703
0.506279
0.512415
0.52916
0.503207
0.627365
0.511793
0.50486
0.519416
0.52954
0.511268
0.521266
0.519159
0.51455
0.522162
0.504141
0.506364
0.52293
0.521121
0.506281
0.50165
0.492978
0.498596
0.513043
0.509402
0.499803
0.526632
0.528521
0.506745
0.509536
0.527881
0.522129
0.51438
0.505473
0.508303
0.521597
0.517307
0.515961
0.505922
0.511455
0.523461
0.502962
0.514452
0.510585
0.528657
0.522049
0.530333
0.508595
0.628271
0.522106
0.512732
0.504854
0.550948
0.565871
0.501046
0.526818
0.590091
0.590652
0.514945
0.514973
0.523378
0.508827
0.53628
0.514584
0.520088
0.512429
0.504335
0.518331
0.527137
0.498013
0.51326
0.504383
0.50637
0.674143
0.531564
0.526728
0.510317
0.509758
0.51005
0.518818
0.52206
0.511654
0.517397
0.507527
0.527869
0.526531
0.5069
0.525763
0.505709
0.574752
0.522923
0.624735
0.509783
0.511803
0.501878
0.505365
0.501729
0.507566
0.505577
0.606044
0.499024
0.499274
0.507103
0.523045
0.530706
0.518732
0.521357
0.503037
0.508869
0.50353
0.526328
0.530981
0.504377
0.502539
0.524857
0.530771
0.716747
0.544349
0.496166
0.524093
0.513699
0.507737
0.511563
0.528282
0.502775
0.511369
0.506836
0.515353
0.529366
0.580631
0.510824
0.51028
0.556812
0.508172
0.508612
0.51082
0.624219
0.511684
0.511053
0.503446
0.507479
0.50916
0.511554
0.555605
0.520472
0.51243
0.523742
0.536172
0.543152
0.515153
0.515367
0.517715
0.513878
0.525483
0.504479
0.518663
0.513461
0.512961
0.507486
0.513996
0.502418
0.501804
0.507324
0.522373
0.507974
0.507362
0.504181
0.50287
0.529034
0.523736
0.5338
0.540789
0.525287
0.499216
0.536022
0.518397
0.49356
0.508383
0.500493
0.517983
0.557684
0.507915
0.523794
0.527508
0.517629
0.524577
0.4907
0.528398
0.520051
0.504309
0.529353
0.522028
0.505613
0.527128
0.498688
0.502074
0.503005
0.536845
0.522806
0.518865
0.517279
0.534144
0.526437
0.497821
0.516471
0.524584
0.536761
0.534884
0.505496
0.510441
0.557567
0.52787
0.52501
0.527833
0.566984
0.51369
0.51337
0.501125
0.504419
0.506035
0.616082
0.503078
0.512723
0.508828
0.511142
0.503852
0.51
0.583745
0.523838
0.540731
0.51872
0.510229
0.579486
0.513575
0.532165
0.51982
0.515285
0.658298
0.537646
0.524438
0.523082
0.526634
0.556025
0.613987
0.564854
0.504397
0.504469
0.525412
0.49688
0.499732
0.515067
0.626624
0.621343
0.5319
0.517357
0.503466
0.526398
0.522849
0.528114
0.518883
0.509585
0.507408
0.484479
0.493026
0.516027
0.51348
0.531189
0.609783
0.511786
0.515115
0.600174
0.518578
0.612451
0.617338
0.510268
0.504236
0.529993
0.53519
0.517856
0.517168
0.528831
0.507188
0.529863
0.546991
0.503279
0.499135
0.520459
0.505814
0.523566
0.53101
0.513466
0.509718
0.520813
0.506255
0.502169
0.526548
0.530032
0.523197
0.52685
0.503231
0.527384
0.514621
0.530728
0.595757
0.600713
0.524538
0.528027
0.530328
0.582662
0.526416
0.509721
0.540772
0.507023
0.527224
0.526098
0.487578
0.503192
0.528649
0.565406
0.517543
0.524038
0.524934
0.518584
0.489605
0.500804
0.527954
0.502171
0.507647
0.528858
0.517145
0.507391
0.53656
0.509225
0.516347
0.526829
0.49938
0.493753
0.517733
0.527398
0.661634
0.524065
0.519423
0.526494
0.508712
0.525866
0.773498
0.533307
0.555624
0.502921
0.532433
0.502047
0.529597
0.53674
0.503962
0.517051
0.524861
0.517553
0.527094
0.510544
0.524958
0.511843
0.529531
0.523874
0.49715
0.501722
0.500995
0.530391
0.499198
0.510078
0.512343
0.5112
0.523825
0.533325
0.636053
0.534959
0.522237
0.536289
0.526159
0.515113
0.507898
0.524573
0.518269
0.506115
0.509245
0.508862
0.509199
0.588287
0.52357
0.511719
0.507685
0.525515
0.521603
0.56471
0.540403
0.529261
0.506223
0.570277
0.517646
0.522538
0.507275
0.52089
0.514613
0.529215
0.507579
0.523443
0.497352
0.521258
0.519205
0.681756
0.596557
0.521894
0.51026
0.526967
0.511778
0.526562
0.532617
0.510134
0.511203
0.533469
0.513284
0.520904
0.499235
0.525852
0.503215
0.526071
0.507925
0.535331
0.511762
0.498483
0.508816
0.512691
0.506312
0.514641
0.506073
0.527146
0.529387
0.569391
0.513375
0.497099
0.57437
0.584453
0.512351
0.518698
0.509952
0.507039
0.529706
0.521462
0.509009
0.516745
0.668353
0.529678
0.624537
0.518896
0.521087
0.539629
0.520952
0.510325
0.508516
0.532678
0.498736
0.515821
0.580455
0.505599
0.522418
0.50312
0.527271
0.525507
0.51158
0.535482
0.503328
0.517846
0.522091
0.523138
0.585111
0.521644
0.52704
0.527434
0.563494
0.728723
0.517578
0.519292
0.529625
0.530126
0.523275
0.528381
0.507921
0.529186
0.529743
0.501466
0.52557
0.528257
0.525796
0.513401
0.53596
0.530166
0.528993
0.532767
0.525636
0.54158
0.534022
0.599151
0.524602
0.512118
0.528625
0.532435
0.508804
0.537949
0.517073
0.5063
0.53297
0.528212
0.527452
0.60792
0.520655
0.527024
0.527394
0.520871
0.502118
0.501969
0.501553
0.614639
0.518045
0.520089
0.519053
0.505763
0.545187
0.540256
0.529282
0.500973
0.51333
0.529009
0.506526
0.518559
0.526206
0.524441
0.506126
0.570842
0.513393
0.510503
0.537633
0.504791
0.507486
0.507247
0.523838
0.503576
0.536842
0.530031
0.526621
0.498543
0.510133
0.506196
0.531072
0.527546
0.509059
0.521873
0.511749
0.549044
0.532009
0.496934
0.501518
0.502802
0.503086
0.50672
0.527695
0.525793
0.529703
0.506423
0.501904
0.528577
0.50525
0.50521
0.617713
0.503232
0.51171
0.506198
0.511175
0.504598
0.500759
0.52375
0.531893
0.526483
0.516
0.517518
0.546384
0.550779
0.597697
0.523436
0.507926
0.51892
0.528501
0.500494
0.527539
0.509231
0.514877
0.51536
0.506077
0.499393
0.549307
0.550381
0.523578
0.52326
0.530309
0.512024
0.509889
0.53039
0.50939
0.513408
0.516172
0.52905
0.591246
0.521382
0.504183
0.503612
0.502966
0.519638
0.523158
0.529818
0.527803
0.524025
0.581142
0.499972
0.515127
0.50312
0.511282
0.504482
0.520735
0.514906
0.514828
0.504176
0.512786
0.511304
0.525499
0.515224
0.513354
0.509408
0.50499
0.505974
0.563046
0.520293
0.529679
0.513096
0.501055
0.540207
0.515131
0.527523
0.524173
0.52037
0.517419
0.507336
0.497731
0.497899
0.513708
0.511079
0.525901
0.520877
0.515089
0.528915
0.53626
0.506548
0.530494
0.507273
0.505409
0.507682
0.513618
0.513249
0.542396
0.49286
0.516424
0.536232
0.622311
0.515512
0.515924
0.518227
0.5294
0.507224
0.550543
0.516333
0.5313
0.511865
0.513363
0.519516
0.525808
0.502827
0.516999
0.510052
0.512238
0.51858
0.515262
0.533414
0.51137
0.529796
0.534296
0.498481
0.51043
0.692598
0.50066
0.525173
0.49676
0.594515
0.521901
0.54608
0.537808
0.561392
0.542659
0.518815
0.496822
0.521461
0.532043
0.518579
0.527547
0.5294
0.523509
0.523141
0.514051
0.524604
0.627034
0.679287
0.506573
0.512635
0.595646
0.517493
0.578085
0.530799
0.517259
0.508376
0.499043
0.504274
0.504322
0.507083
0.573539
0.498399
0.542341
0.538029
0.527346
0.511891
0.527305
0.512341
0.527543
0.51455
0.575401
0.533433
0.504026
0.533263
0.537807
0.526007
0.517607
0.525239
0.518991
0.513397
0.505012
0.515261
0.612524
0.50799
0.537928
0.554024
0.53005
0.523407
0.51355
0.507603
0.50927
0.522842
0.506904
0.506081
0.518111
0.512694
0.530904
0.503418
0.509997
0.518551
0.507783
0.53166
0.709614
0.607805
0.532065
0.500392
0.523476
0.509714
0.517643
0.525722
0.498245
0.499496
0.500087
0.500344
0.525299
0.512236
0.509992
0.537703
0.503049
0.510831
0.508047
0.524982
0.507109
0.508974
0.50724
0.498231
0.507402
0.512845
0.500405
0.511073
0.503015
0.530942
0.519034
0.514526
0.51805
0.526054
0.525983
0.531367
0.529893
0.614042
0.533169
0.519605
0.52666
0.510541
0.524975
0.521247
0.502897
0.520423
0.514337
0.521049
0.503807
0.514028
0.553351
0.51689
0.516535
0.526053
0.569465
0.523694
0.510783
0.514271
0.501051
0.506609
0.503337
0.502535
0.519452
0.499037
0.51409
0.515527
0.503824
0.513799
0.504493
0.520009
0.530136
0.514301
0.501299
0.563799
0.505895
0.500216
0.577656
0.525798
0.519545
0.502204
0.535186
0.526948
0.528396
0.561431
0.526874
0.500164
0.52328
0.535674
0.509803
0.527112
0.524234
0.513074
0.512192
0.523758
0.521306
0.507036
0.537304
0.805876
0.513679
0.613233
0.640917
0.524553
0.505763
0.499428
0.535035
0.512648
0.501039
0.500617
0.530137
0.50226
0.504936
0.598989
0.531831
0.502905
0.509952
0.493452
0.551534
0.515993
0.515479
0.52622
0.503883
0.545378
0.530432
0.501942
0.515875
0.522027
0.508918
0.522087
0.497077
0.516241
0.512378
0.507387
0.510215
0.515155
0.521701
0.52872
0.508209
0.515687
0.514827
0.570281
0.534972
0.491304
0.529839
0.51085
0.505803
0.523573
0.507636
0.621119
0.649387
0.498556
0.653481
0.579921
0.511084
0.500956
0.516535
0.518514
0.519552
0.507013
0.528599
0.623902
0.627509
0.519734
0.514334
0.53451
0.507988
0.501102
0.524437
0.490502
0.524894
0.576632
0.525062
0.525723
0.503417
0.562898
0.499314
0.531428
0.525011
0.528179
0.50085
0.543451
0.534823
0.53155
0.529151
0.526638
0.527929
0.525422
0.497488
0.51646
0.512814
0.520844
0.534133
0.583685
0.566768
0.522184
0.537046
0.537251
0.513421
0.530521
0.531547
0.503987
0.566146
0.523577
0.516657
0.512487
0.727335
0.518767
0.517834
0.505141
0.524963
0.528622
0.505116
0.521208
0.50616
0.49811
0.515661
0.524923
0.51355
0.510536
0.627197
0.523054
0.500157
0.539141
0.532267
0.522955
0.509827
0.512255
0.515272
0.500549
0.645555
0.523584
0.51844
0.570846
0.531238
0.518912
0.510594
0.499749
0.525062
0.526536
0.524123
0.511732
0.508728
0.505052
0.531626
0.527686
0.520957
0.549476
0.530036
0.511893
0.501508
0.557617
0.522262
0.510238
0.517711
0.531043
0.51668
0.504547
0.495986
0.573839
0.519307
0.501441
0.535876
0.51757
0.531983
0.527625
0.523975
0.527762
0.523061
0.503906
0.515376
0.507955
0.502626
0.523498
0.530587
0.509966
0.5255
0.522159
0.526869
0.516853
0.524049
0.519477
0.50893
0.49713
0.513441
0.525539
0.528503
0.512048
0.525025
0.510612
0.781674
0.501242
0.50472
0.525453
0.525988
0.527936
0.526152
0.568501
0.517029
0.512779
0.502146
0.497365
0.519947
0.530152
0.591479
0.583395
0.514445
0.527974
0.534057
0.532117
0.502371
0.537078
0.523334
0.545507
0.524067
0.500351
0.503881
0.504671
0.495914
0.529612
0.530725
0.513507
0.513989
0.495601
0.506052
0.792177
0.504063
0.502041
0.502896
0.513365
0.514316
0.522879
0.51627
0.529821
0.555423
0.524509
0.525492
0.529415
0.530014
0.629604
0.615862
0.525358
0.507293
0.500065
0.50794
0.518664
0.518377
0.526308
0.529396
0.502535
0.530506
0.529086
0.522643
0.53227
0.515926
0.513736
0.528496
0.522705
0.520342
0.531534
0.52894
0.526156
0.529071
0.504988
0.527721
0.512028
0.507415
0.525758
0.505906
