0.504295
0.560967
0.645428
0.507481
0.508327
0.508045
0.507719
0.506382
0.511376
0.537552
0.54224
0.505486
0.502266
0.529863
0.532395
0.51992
0.518503
0.511741
0.513563
0.521049
0.519513
0.521843
0.524449
0.52564
0.526413
0.525689
0.554212
0.515802
0.500548
0.527494
0.515158
0.516356
0.511161
0.512934
0.508253
0.520782
0.527339
0.519576
0.522951
0.521826
0.531718
0.530617
0.520649
0.52058
0.523891
0.525851
0.50669
0.507311
0.507819
0.509733
0.522311
0.523372
0.519185
0.523965
0.515116
0.511556
0.514832
0.519003
0.516977
0.514653
0.497362
0.485501
0.489545
0.526088
0.52878
0.52682
0.525063
0.520468
0.508017
0.513427
0.509491
0.502464
0.504447
0.512222
0.511873
0.517315
0.507487
0.50826
0.505823
0.527492
0.525089
0.520435
0.508456
0.507523
0.51994
0.5177
0.529006
0.522373
0.527559
0.612749
0.62435
0.513658
0.488521
0.494982
0.50659
0.524504
0.52569
0.532323
0.528709
0.528289
0.527397
0.507671
0.516177
0.521006
0.517694
0.513446
0.530683
0.527493
0.528711
0.501632
0.499751
0.522169
0.50441
0.510379
0.507991
0.508837
0.514295
0.513761
0.523206
0.522385
0.522855
0.505244
0.503605
0.504729
0.50456
0.502455
0.509202
0.526534
0.516561
0.529901
0.521505
0.50495
0.526812
0.514138
0.518981
0.512603
0.602523
0.498468
0.504554
0.556729
0.564233
0.558647
0.522866
0.508504
0.505402
0.524374
0.551697
0.561153
0.562717
0.546579
0.525915
0.50161
0.505364
0.523684
0.520438
0.523615
0.589282
0.59308
0.596312
0.587531
0.522967
0.525788
0.527092
0.519456
0.527904
0.623479
0.523282
0.529401
0.526532
0.525211
0.517766
0.521103
0.519202
0.526184
0.537705
0.538
0.519229
0.517665
0.519348
0.621287
0.645133
0.621289
0.525795
0.501785
0.632726
0.525709
0.524248
0.553245
0.501612
0.497588
0.515054
0.516504
0.517561
0.524751
0.531887
0.588086
0.524689
0.526681
0.531338
0.518803
0.526752
0.50746
0.508974
0.522777
0.518865
0.503192
0.541141
0.53213
0.528889
0.527382
0.60076
0.605243
0.538397
0.51701
0.51687
0.510375
0.514609
0.514359
0.50514
0.498849
0.505163
0.500131
0.525017
0.517343
0.506444
0.510547
0.519356
0.519813
0.522569
0.526425
0.520068
0.530144
0.527567
0.644316
0.523492
0.527978
0.527648
0.497024
0.507299
0.516721
0.516892
0.605709
0.643204
0.579651
0.527152
0.53616
0.511995
0.519153
0.513785
0.5091
0.521554
0.525027
0.527319
0.51316
0.50522
0.526427
0.524281
0.524666
0.508345
0.523682
0.508766
0.51005
0.5363
0.521603
0.586522
0.556233
0.489192
0.489273
0.487537
0.508317
0.515624
0.486024
0.484549
0.50703
0.500187
0.515084
0.516646
0.525138
0.513083
0.514678
0.537562
0.545609
0.511863
0.515854
0.539468
0.537101
0.518273
0.522883
0.506618
0.53933
0.662189
0.603876
0.582784
0.497868
0.503357
0.508055
0.501027
0.500951
0.515601
0.523613
0.522876
0.525124
0.524579
0.527449
0.520975
0.524515
0.506407
0.513881
0.59001
0.615409
0.529125
0.528551
0.598365
0.505973
0.50242
0.510663
0.528557
0.523696
0.506753
0.511092
0.515316
0.515728
0.529143
0.53109
0.516246
0.505593
0.543862
0.531835
0.511223
0.518471
0.51585
0.515683
0.51246
0.505214
0.519003
0.503716
0.504412
0.515163
0.516255
0.529556
0.529634
0.50255
0.512041
0.502611
0.494006
0.523189
0.520792
0.721668
0.506195
0.504168
0.502371
0.510301
0.506178
0.519359
0.52116
0.510925
0.504348
0.504059
0.500786
0.499344
0.500827
0.515828
0.519653
0.499926
0.524458
0.527523
0.521367
0.508428
0.508379
0.51177
0.505076
0.527684
0.545593
0.526299
0.530148
0.534513
0.536237
0.513192
0.496165
0.520531
0.506979
0.510612
0.528329
0.529401
0.514946
0.508661
0.507921
0.51064
0.49966
0.50623
0.510241
0.508032
0.510386
0.513551
0.510817
0.515247
0.522247
0.524561
0.550913
0.578037
0.501484
0.503354
0.498541
0.500648
0.499363
0.527377
0.629492
0.50084
0.50311
0.542573
0.517698
0.505323
0.497809
0.51424
0.51972
0.531519
0.514949
0.498002
0.501658
0.497525
0.490098
0.489465
0.506567
0.504706
0.502648
0.511047
0.508834
0.509807
0.508813
0.511908
0.50763
0.513224
0.508667
0.517197
0.507277
0.507666
0.505065
0.585889
0.509259
0.50961
0.510925
0.496413
0.50956
0.512054
0.524277
0.52261
0.511518
0.517026
0.516471
0.512838
0.521575
0.519872
0.508519
0.513975
0.518645
0.516976
0.524677
0.524517
0.506983
0.52025
0.518562
0.516056
0.520847
0.514813
0.51524
0.514023
0.514379
0.508371
0.624152
0.594506
0.576612
0.583461
0.510598
0.521952
0.50146
0.504013
0.532249
0.506005
0.515693
0.516461
0.515496
0.512639
0.50911
0.515193
0.509544
0.518124
0.527782
0.513396
0.507244
0.504478
0.49635
0.506038
0.518641
0.516235
0.510713
0.537401
0.532374
0.514636
0.504809
0.52661
0.522048
0.513065
0.510126
0.502788
0.500668
0.537368
0.522922
0.538462
0.535059
0.52655
0.526142
0.508633
0.510139
0.670095
0.663783
0.51893
0.506674
0.513918
0.669606
0.500022
0.503544
0.504588
0.50939
0.516645
0.521226
0.517827
0.503167
0.497723
0.609114
0.634559
0.502904
0.510954
0.75519
0.695307
0.504345
0.504866
0.503327
0.506407
0.527449
0.732813
0.510223
0.49008
0.525493
0.510544
0.500073
0.502918
0.513232
0.512137
0.523037
0.525187
0.495906
0.499437
0.494043
0.529342
0.531091
0.529597
0.504249
0.506753
0.505017
0.516177
0.521235
0.529643
0.52569
0.526314
0.504607
0.496827
0.500034
0.51441
0.597078
0.517823
0.513022
0.516765
0.514958
0.601202
0.516344
0.518063
0.504295
0.506452
0.505898
0.519713
0.505211
0.51089
0.510463
0.53591
0.537406
0.535622
0.525338
0.523813
0.507237
0.50909
0.506615
0.524646
0.520219
0.525061
0.525767
0.509417
0.505466
0.507615
0.50608
0.506435
0.523688
0.526443
0.529454
0.528863
0.51776
0.52021
0.518094
0.521257
0.52218
0.498272
0.514188
0.530636
0.528372
0.521131
0.518068
0.523837
0.495174
0.490791
0.507335
0.525281
0.493882
0.608643
0.592824
0.586686
0.51092
0.51525
0.514471
0.527263
0.526151
0.504294
0.534044
0.53086
0.542766
0.549263
0.504873
0.506107
0.506752
0.576496
0.532886
0.53058
0.538473
0.524825
0.526708
0.534025
0.548387
0.551679
0.646407
0.632913
0.521111
0.515248
0.518492
0.509727
0.51225
0.502938
0.514278
0.503093
0.502362
0.508688
0.534132
0.530721
0.579952
0.530537
0.527354
0.512333
0.51382
0.516917
0.521646
0.507198
0.516771
0.52153
0.621303
0.53105
0.506465
0.507104
0.534504
0.533919
0.631753
0.606789
0.499588
0.49994
0.531493
0.521316
0.498646
0.514852
0.525328
0.519671
0.521931
0.520479
0.504914
0.535002
0.523644
0.524518
0.723852
0.507807
0.505808
0.507805
0.515924
0.515584
0.541319
0.530127
0.525606
0.526274
0.502284
0.50132
0.522979
0.504336
0.503882
0.526418
0.524992
0.50753
0.608598
0.533092
0.519319
0.522832
0.529573
0.52998
0.511169
0.496369
0.512776
0.506189
0.511846
0.50729
0.502513
0.501094
0.527552
0.530947
0.588143
0.524189
0.523812
0.490621
0.49227
0.526769
0.522074
0.528427
0.529159
0.498861
0.518134
0.532723
0.529302
0.548502
0.543257
0.562549
0.52219
0.501729
0.50884
0.504184
0.501487
0.520948
0.506779
0.511918
0.659394
0.625992
0.507324
0.503006
0.503479
0.501522
0.530189
0.516361
0.508268
0.508655
0.508437
0.523525
0.52348
0.502113
0.498485
0.519997
0.490503
0.496557
0.503217
0.515974
0.51781
0.519504
0.530291
0.514893
0.519533
0.496009
0.507213
0.513576
0.512648
0.517805
0.522052
0.530439
0.532528
0.506053
0.527059
0.522255
0.518881
0.584433
0.580054
0.565704
0.55764
0.533325
0.535861
0.522369
0.518807
0.511881
0.509687
0.532743
0.528753
0.498466
0.502568
0.516875
0.515237
0.512622
0.525207
0.527301
0.508704
0.579284
0.57457
0.528301
0.513538
0.677654
0.614514
0.533228
0.536041
0.530811
0.508845
0.508052
0.541368
0.520066
0.521953
0.517824
0.712918
0.764242
0.504092
0.502536
0.530509
0.504331
0.501745
0.52679
0.524897
0.527842
0.611636
0.528068
0.528991
0.515727
0.528104
0.503356
0.504756
0.52334
0.521755
0.556925
0.520624
0.634873
0.597194
0.631339
0.528456
0.52897
0.625293
0.629429
0.513726
0.592915
0.527733
0.639641
0.520984
0.522152
0.515248
0.511099
0.512411
0.662153
0.623285
0.522603
0.52292
0.527143
0.521268
0.509215
0.526473
0.5043
0.501167
0.498654
0.517294
0.508916
0.650338
0.630789
0.643106
0.669257
0.610879
0.507364
0.524627
0.530754
0.502652
0.505523
0.51241
0.62295
0.524433
0.522677
0.51506
0.505907
0.506402
0.506828
0.524079
0.515559
0.514426
0.527074
0.530311
0.518438
0.50057
0.498549
0.520099
0.51607
0.513345
0.685252
0.510862
0.508501
0.514333
0.517153
0.511557
0.511493
0.523643
0.516549
0.526699
0.506296
0.51204
0.520451
0.513761
0.509627
0.510743
0.499817
0.755417
0.733265
0.497934
0.502472
0.502429
0.497692
0.504087
0.509506
0.505528
0.525793
0.504732
0.504434
0.507355
0.532914
0.529206
0.507591
0.518548
0.520194
0.500918
0.521113
0.529194
0.518541
0.503024
0.505163
0.519383
0.50414
0.503694
0.508452
0.505703
0.527884
0.522765
0.532422
0.526246
0.528031
0.522076
0.518044
0.542494
0.528275
0.508524
0.508397
0.524827
0.523263
0.52852
0.502569
0.510322
0.532171
0.527719
0.519229
0.499272
0.631229
0.74883
0.50006
0.528889
0.532666
0.527891
0.532023
0.530122
0.530239
0.531273
0.532167
0.512454
0.509815
0.517949
0.523016
0.511206
0.503116
0.504109
0.510948
0.511443
0.499427
0.534365
0.513217
0.518646
0.521868
0.514294
0.508211
0.511915
0.517719
0.503189
0.527583
0.525898
0.520569
0.505411
0.496415
0.502051
0.526098
0.536384
0.533436
0.51138
0.50835
0.503123
0.52229
0.525108
0.51814
0.52002
0.508131
0.496034
0.495862
0.640019
0.559537
0.613524
0.654702
0.531594
0.520588
0.517284
0.506217
0.505368
0.503392
0.534115
0.515099
0.513496
0.504994
0.49563
0.522276
0.553433
0.518008
0.527673
0.501271
0.525701
0.537677
0.519208
0.503122
0.514552
0.51072
0.502887
0.523113
0.513901
0.521415
0.523996
0.526598
0.507886
0.51394
0.505209
0.518144
0.527124
0.503919
0.502483
0.496616
0.524964
0.508698
0.510024
0.512401
0.574514
0.529328
0.498116
0.501219
0.510142
0.545271
0.508097
0.504517
0.511647
0.513649
0.52503
0.524954
0.520747
0.525619
0.506169
0.516805
0.529764
0.532179
0.514205
0.519287
0.521837
0.517613
0.764466
0.523727
0.521108
0.507732
0.586201
0.616396
0.616339
0.699524
0.521119
0.512868
0.515858
0.551499
0.507446
0.737872
0.517077
0.522542
0.529715
0.502766
0.500866
0.500655
0.641172
0.625813
0.502545
0.49895
0.523664
0.520504
0.624949
0.516312
0.515313
0.518461
0.520388
0.503365
0.53975
0.536876
0.535296
0.516337
0.494777
0.512576
0.5158
0.502427
0.514536
0.501179
0.498555
0.50864
0.513218
0.619424
0.603707
0.524701
0.512292
0.506663
0.509301
0.510425
0.510916
0.500805
0.524368
0.527858
0.51527
0.528024
0.531699
0.526924
0.51183
0.512086
0.526565
0.52687
0.526275
0.518502
0.52583
0.518527
0.512328
0.523873
0.620678
0.502634
0.50486
0.500453
0.520199
0.513959
0.518531
0.663929
0.507628
0.533958
0.517141
0.520414
0.518396
0.517632
0.516793
0.514708
0.523696
0.515799
0.496928
0.493008
0.520866
0.489777
0.505515
0.503587
0.526692
0.527427
0.517306
0.537778
0.515212
0.528862
0.5307
0.516978
0.506416
0.510142
0.522701
0.522571
0.514659
0.512723
0.519331
0.670052
0.510908
0.509356
0.513766
0.494475
0.521497
0.52275
0.524404
0.500523
0.50164
0.521205
0.499942
0.497087
0.5279
0.529726
0.522613
0.528111
0.500674
0.51183
0.516362
0.503048
0.49923
0.514894
0.529184
0.501721
0.521985
0.503713
0.525397
0.523235
0.522984
0.501925
0.497158
0.515573
0.500077
0.528482
0.514085
0.505446
0.505098
0.503706
0.520401
0.498021
0.503085
0.538789
0.513445
0.555854
0.505911
0.50898
0.508702
0.515947
0.514105
0.511139
0.52216
0.519683
0.506901
0.533377
0.517583
0.508942
0.525586
0.522795
0.51084
0.516329
0.528734
0.505779
0.619302
0.509768
0.5255
0.506014
0.524457
0.50935
0.526086
0.50989
0.51941
0.526974
0.50892
0.495484
0.571451
0.498896
0.498122
0.512189
0.506615
0.507499
0.506425
0.505188
0.51403
0.519238
0.500437
0.504266
0.516352
0.530749
0.529625
0.522656
0.513023
0.520245
0.528079
0.582439
0.512037
0.502306
0.499431
0.502905
0.512977
0.508869
0.518313
0.516262
0.530461
0.529229
0.523807
0.506661
0.614484
0.631571
0.517319
0.501844
0.501348
0.513791
0.528859
0.528116
0.522356
0.510501
0.520898
0.514891
0.505184
0.522952
0.505877
0.489843
0.497161
0.556235
0.521452
0.520812
0.530904
0.503
0.50547
0.523611
0.520824
0.595331
0.519847
0.525024
0.497623
0.485086
0.490493
0.509292
0.521921
0.50964
0.527009
0.499253
0.516373
0.506941
0.524533
0.704906
0.526539
0.521561
0.576959
0.511899
0.520282
0.509233
0.520577
0.509802
0.534363
0.524363
0.512601
0.524336
0.500112
0.503958
0.517401
0.519751
0.507383
0.493875
0.512159
0.500079
0.61401
0.606521
0.509778
0.528348
0.527122
0.603307
0.5011
0.502551
0.508235
0.519724
0.517351
0.514307
0.505131
0.528642
0.525855
0.505775
0.532635
0.529227
0.505339
0.523624
0.512488
0.524078
0.494001
0.577321
0.577773
0.518666
0.504827
0.500838
0.492232
0.502719
0.491611
0.484214
0.680656
0.51252
0.489496
0.522179
0.57617
0.526424
0.500794
0.527428
0.531037
0.521561
0.501248
0.501627
0.490112
0.488692
0.528533
0.52237
0.520995
0.526161
0.621581
0.628738
0.657534
0.542835
0.546495
0.492908
0.494786
0.524589
0.505925
0.507162
0.502651
0.542777
0.517672
0.529083
0.503593
0.505772
0.526645
0.5301
0.528279
0.574181
0.507002
0.510274
0.496778
0.499042
0.503175
0.500489
0.529691
0.513362
0.48937
0.50017
0.501591
0.535733
0.547943
0.502184
0.503445
0.532223
0.531359
0.512896
0.504865
0.512564
0.529686
0.500693
0.504721
0.516835
0.51651
0.506935
0.519719
0.506469
0.508862
0.504328
0.644842
0.605684
0.510777
0.52182
0.507173
0.69012
0.519995
0.52303
0.512553
0.522205
0.523419
0.508851
0.506058
0.502377
0.497882
0.522646
0.510371
0.496072
0.558188
0.52387
0.586557
0.535594
0.529847
0.513945
0.524977
0.496907
0.522465
0.580361
0.505619
0.521995
0.522534
0.490445
0.525718
0.50377
0.522852
0.522886
0.539701
0.537115
0.523421
0.505522
0.53923
0.525117
0.522692
0.524111
0.739409
0.522647
0.521817
0.509042
0.550426
0.521309
0.504555
0.534189
0.504159
0.511213
0.513714
0.531237
0.509489
0.512691
0.525265
0.526255
0.507979
0.556098
0.666105
0.516119
0.512198
0.501797
0.507285
0.544014
0.50477
0.507348
0.590309
0.516794
0.513008
0.513682
0.506063
0.500478
0.515686
0.506653
0.526652
0.510458
0.614158
0.652765
0.522152
0.502625
0.507291
0.524458
0.587374
0.528697
0.508809
0.613509
0.487502
0.532725
0.535078
0.517651
0.518218
0.601071
0.576195
0.540619
0.543152
0.54054
0.515951
0.512578
0.498723
0.528373
0.527366
0.519218
0.508621
0.51614
0.517166
0.515744
0.575886
0.500311
0.487384
0.527581
0.527801
0.529061
0.510328
0.510239
0.516457
0.602551
0.529088
0.565803
0.522856
0.52429
0.501178
0.503129
0.510597
0.520793
0.531261
0.501713
0.498928
0.498877
0.525178
0.516329
0.501457
0.515869
0.4893
0.583599
0.498039
0.527389
0.51121
0.525273
0.52015
0.52176
0.506986
0.515846
0.511945
0.515192
0.616743
0.513843
0.52898
0.529949
0.530371
0.524092
0.511725
0.514071
0.546331
0.531353
0.513625
0.513562
0.584171
0.509215
0.534811
0.525093
0.531825
0.508962
0.599836
0.515946
0.490572
0.511789
0.510194
0.525163
0.582759
0.527784
0.517956
0.510253
0.522673
0.530064
0.510571
0.52703
0.503475
0.530224
0.597303
0.504371
0.507117
0.505073
0.514544
0.513206
0.512656
0.532723
0.52389
0.517315
0.493187
0.512874
0.524546
0.525673
0.713857
0.680644
0.51055
0.534774
0.51613
0.521713
0.519626
0.53025
0.502641
0.534194
0.502439
0.530629
0.50312
0.53239
0.533331
0.504616
0.511685
0.525848
0.546908
0.584211
0.509873
0.508302
0.510842
0.530018
0.503628
0.508001
0.501089
0.515564
0.525023
0.498844
0.510062
0.590597
0.680791
0.507986
0.514214
0.5055
0.532353
0.517682
0.52355
0.533543
0.525836
0.50784
0.500694
0.523191
0.517857
0.575003
0.519645
0.528524
0.523406
0.511451
0.60247
0.555301
0.519203
0.506623
0.540927
0.502005
0.575091
0.527363
0.527887
0.527146
0.553901
0.506384
0.524456
0.521073
0.506298
0.530248
0.603571
0.520264
0.503893
0.553155
0.514223
0.506851
0.504738
0.526604
0.519903
0.531297
0.528898
0.501645
0.512473
0.511945
0.519746
0.521192
0.497402
0.525033
0.529073
0.52853
0.503922
0.529448
0.500259
0.508686
0.535207
0.512229
0.53554
0.518968
0.501485
0.508348
0.495758
0.501195
0.507577
0.588189
0.519237
0.499141
0.511043
0.521691
0.583396
0.523497
0.506863
0.516597
0.514598
0.507976
0.512501
0.525024
0.510465
0.528569
0.498814
0.592959
0.519075
0.524857
0.542583
0.517179
0.517437
0.506486
0.516891
0.507953
0.521293
0.52506
0.486695
0.502141
0.514663
0.536026
0.509608
0.518253
0.521675
0.528562
0.524997
0.500463
0.513746
0.514516
0.518323
0.515397
0.504896
0.528007
0.528208
0.487605
0.534051
0.533162
0.504499
0.514726
0.523408
0.530505
0.524505
0.506768
0.523936
0.526413
0.527259
0.525771
0.514597
0.5165
0.517632
0.516019
0.505191
0.519965
0.511071
0.62893
0.529917
0.606481
0.581737
0.525542
0.528735
0.519776
0.501942
0.502286
0.510388
0.519562
0.520958
0.527638
0.532555
0.528856
0.645015
0.526062
0.528167
0.681022
0.52094
0.510616
0.495594
0.553931
0.522157
0.617069
0.519423
0.531965
0.533557
0.517845
0.507991
0.527766
0.526618
0.541418
0.529346
0.526946
0.518711
0.534562
0.554713
0.55528
0.538067
0.504286
0.515446
0.523572
0.509487
0.569791
0.609504
0.51137
0.51245
0.50116
0.522831
0.516223
0.529827
0.50194
0.506894
0.519978
0.526906
0.525254
0.571095
0.52453
0.528463
0.513467
0.516144
0.508567
0.52286
0.562011
0.549681
0.543146
0.534967
0.502362
0.502953
0.514933
0.605963
0.499395
0.528894
0.552356
0.578182
0.519145
0.506936
0.636949
0.529084
0.500754
0.52434
0.527208
0.517477
0.521482
0.522338
0.529434
0.545982
0.542269
0.5182
0.509823
0.669551
0.488932
0.502289
0.498668
0.51794
0.521693
0.527035
0.501616
0.534729
0.520372
0.502814
0.499169
0.52217
0.552063
0.647506
0.681795
0.501509
0.525299
0.510626
0.511458
0.514151
0.535408
0.530197
0.509039
0.519064
0.523272
0.52377
0.526047
0.520069
0.508903
0.502463
0.501278
0.508136
0.529481
0.531434
0.524606
0.527876
0.594238
0.526667
0.508613
0.529669
0.503342
0.518393
0.505157
0.519952
0.515602
0.505736
0.524289
0.527863
0.522923
0.513522
0.510944
0.505904
0.502168
0.533219
0.527399
0.526288
0.520122
0.550462
0.524245
0.521118
0.52932
0.506982
0.507086
0.511853
0.527735
0.51385
0.508989
0.511311
0.511283
0.513082
0.511974
0.528136
0.504564
0.521922
0.516751
0.529591
0.523937
0.521315
0.520381
0.502486
0.510456
0.582363
0.516694
0.640463
0.526776
0.533661
0.50847
0.576761
0.587511
0.51547
0.516247
0.527052
0.582616
0.574431
0.507301
0.515453
0.484768
0.519906
0.501379
0.515649
0.506837
0.528712
0.531396
0.503945
0.523504
0.511033
0.52483
0.528654
0.517701
0.521209
0.536593
0.521068
0.514123
0.506961
0.532722
0.519458
0.499397
0.530069
0.514912
0.505034
0.528905
0.552312
0.519969
0.50578
0.537891
0.504308
0.526965
0.533274
0.559206
0.50235
0.596711
0.549377
0.521805
0.516176
0.514361
0.510583
0.574501
0.52604
0.482338
0.515066
0.518945
0.521093
0.647789
0.639881
0.506988
0.507706
0.569545
0.665324
0.618923
0.655202
0.519652
0.607542
0.509888
0.508771
0.5271
0.529106
0.513959
0.536209
0.518505
0.510688
0.499008
0.518145
0.513566
0.525291
0.524014
0.521898
0.523157
0.525429
0.523016
0.503228
0.529785
0.519744
0.508687
0.514041
0.498795
0.523796
0.508809
0.512717
0.516496
0.498701
0.530513
0.539042
0.53942
0.53986
0.528043
0.509818
0.505017
0.514048
0.510973
0.521473
0.527247
0.54584
0.532015
0.520508
0.515217
0.514716
0.521285
0.527741
0.524506
0.515078
0.520342
0.518719
0.520592
0.54232
0.584509
0.503661
0.522222
0.507335
0.510399
0.528173
0.510838
0.510156
0.527409
0.592524
0.61247
0.593064
0.522299
0.519987
0.532377
0.516961
0.542775
0.591384
0.513048
0.535206
0.531482
0.51889
0.516257
0.531879
0.523819
0.541796
0.502123
0.521848
0.592936
0.579263
0.54134
0.532258
0.506522
0.525249
0.623185
0.528821
0.503774
0.522127
0.505266
0.507771
0.511741
0.521897
0.509822
0.515187
0.508246
0.52966
0.525505
0.52539
0.634103
0.530343
0.519157
0.575815
0.529449
0.526448
0.502328
0.522899
0.538154
0.540244
0.518356
0.507434
0.51721
0.514702
0.524893
0.520264
0.510319
0.512889
0.528827
0.518339
0.505965
0.499966
0.527116
0.579218
0.527626
0.515127
0.506911
0.504633
0.523693
0.520666
0.501972
0.52717
0.527371
0.508915
0.522527
0.527412
0.518149
0.522914
0.522571
0.502184
0.50815
0.507794
0.508655
0.510493
0.554172
0.522512
0.517514
0.507236
0.526865
0.507662
0.529961
0.525975
0.528431
0.618714
0.525168
0.530543
0.52278
0.505442
0.531521
0.509312
0.521175
0.522232
0.488822
0.521962
0.519803
0.503116
0.51521
0.52552
0.528428
0.511111
0.505073
0.509328
0.508027
0.518829
0.516818
0.500204
0.66501
0.506081
0.524366
0.503661
0.523345
0.51571
0.514609
0.523373
0.522866
0.512299
0.508708
0.601181
0.498668
0.526279
0.508445
0.519413
0.503554
0.512562
0.518781
0.513433
0.501381
0.515492
0.509538
0.502691
0.523252
0.4876
0.502114
0.521603
0.608732
0.638803
0.522837
0.553254
0.514048
0.720372
0.530115
0.520068
0.532677
0.530497
0.62252
0.504061
0.517435
0.506736
0.523233
0.720839
0.504876
0.538137
0.516424
0.502073
0.541249
0.523528
0.52827
0.506858
0.530986
0.525467
0.521457
0.503741
0.513008
0.530792
0.524864
0.508538
0.516763
0.498176
0.504453
0.529896
0.516873
0.525416
0.518159
0.511565
0.51208
0.522597
0.503044
0.501608
0.524285
0.530322
0.508028
0.532675
0.517809
0.522037
0.504126
0.509852
0.691332
0.514718
0.50447
0.529321
0.586129
0.533403
0.52611
0.617043
0.515266
0.505666
0.521206
0.506848
0.507782
0.616353
0.523029
0.533067
0.507237
0.495497
0.513831
0.549652
0.526472
0.509161
0.514146
0.525282
0.515149
0.508518
0.515588
0.529301
0.530381
0.497637
0.512182
0.508776
0.520767
0.508734
0.503691
0.506792
0.519359
0.517193
0.527343
0.497654
0.507241
0.496315
0.519966
0.523406
0.520408
0.526122
0.522947
0.647247
0.499544
0.56101
0.522767
0.512605
0.519147
0.520343
0.537829
0.522416
0.532223
0.498547
0.513339
0.529428
0.508407
0.512827
0.515387
0.52194
0.512198
0.53104
0.555565
0.521011
0.531587
0.505794
0.502104
0.517005
0.504108
0.518713
0.526578
0.565359
0.520979
0.511015
0.502833
0.503695
0.527454
0.503828
0.507353
0.519152
0.514754
0.500626
0.514547
0.54655
0.528567
0.523357
0.527388
0.526143
0.520539
0.509392
0.506145
0.51694
0.49838
0.51203
0.507839
0.512137
0.514369
0.547733
0.513283
0.526157
0.509534
0.536097
0.494672
0.53946
0.500001
0.575627
0.527829
0.506569
0.508274
0.508817
0.502033
0.510806
0.516157
0.53059
0.52869
0.519589
0.51416
0.519697
0.492751
0.506446
0.512787
0.526757
0.564271
0.520449
0.526723
0.50767
0.512177
0.515755
0.515702
0.518927
0.529922
0.53358
0.526148
0.505403
0.519225
0.520958
0.528356
0.51869
0.50944
0.505934
0.501143
0.528221
0.490833
0.516383
0.524312
0.508531
0.50551
0.522677
0.50716
0.504374
0.546644
0.632558
0.517183
0.513898
0.497918
0.64587
0.515948
0.517121
0.501614
0.502006
0.512842
0.507508
0.528335
0.524072
0.528227
0.505162
0.504999
0.571132
0.520406
0.590306
0.510588
0.528964
0.531846
0.532658
0.527473
0.536553
0.513682
0.547321
0.501797
0.551226
0.527932
0.519169
0.530174
0.548643
0.524306
0.5141
