0.499162
0.505776
0.635902
0.632064
0.508107
0.501256
0.506254
0.501726
0.505738
0.506565
0.50793
0.558525
0.550977
0.513919
0.512841
0.510981
0.526135
0.530645
0.527967
0.522292
0.51832
0.514991
0.518988
0.512216
0.515865
0.512579
0.507027
0.52238
0.525173
0.576928
0.610385
0.526123
0.515628
0.519943
0.520971
0.513733
0.503378
0.529279
0.529571
0.508078
0.509113
0.507862
0.507418
0.51984
0.521571
0.519905
0.51547
0.515788
0.804923
0.527467
0.517595
0.523259
0.521822
0.526471
0.53181
0.530063
0.530342
0.517528
0.525067
0.500475
0.515509
0.522342
0.522596
0.525085
0.507388
0.510011
0.520816
0.51372
0.511667
0.518151
0.524392
0.481148
0.527678
0.777128
0.524361
0.52121
0.512516
0.500586
0.509139
0.503586
0.516485
0.510079
0.507219
0.525886
0.528099
0.532119
0.527539
0.528238
0.527879
0.506533
0.512444
0.532834
0.53332
0.522102
0.515158
0.511168
0.501183
0.507842
0.516212
0.504807
0.537391
0.502196
0.528857
0.506975
0.517149
0.525795
0.524773
0.524508
0.501729
0.50698
0.521691
0.521322
0.499078
0.499464
0.510371
0.512262
0.524831
0.522116
0.526092
0.527035
0.517115
0.51851
0.513222
0.501283
0.500619
0.505408
0.509619
0.506963
0.513962
0.519121
0.518722
0.51276
0.528138
0.517134
0.629292
0.612715
0.551295
0.560642
0.563621
0.519545
0.522419
0.52634
0.526923
0.511142
0.513857
0.503349
0.502489
0.491816
0.49695
0.490425
0.492614
0.493069
0.56215
0.515398
0.518042
0.49295
0.503013
0.51915
0.52107
0.554861
0.58988
0.527351
0.525723
0.642418
0.522519
0.533083
0.527052
0.52307
0.524335
0.548833
0.543525
0.542254
0.53866
0.509657
0.511063
0.675846
0.621355
0.648136
0.644611
0.519872
0.59609
0.561305
0.561272
0.516608
0.526217
0.544538
0.495952
0.51733
0.51134
0.527765
0.530628
0.512825
0.511011
0.524669
0.528505
0.50961
0.509496
0.515237
0.522563
0.517641
0.504062
0.498893
0.597186
0.522385
0.500842
0.505232
0.506764
0.513679
0.515713
0.543947
0.544503
0.509548
0.512683
0.511774
0.525629
0.565341
0.516114
0.504398
0.499199
0.505486
0.500306
0.493189
0.498339
0.503962
0.5239
0.529314
0.524401
0.517329
0.516499
0.507276
0.505097
0.511961
0.51755
0.547301
0.539351
0.53246
0.534148
0.517897
0.518649
0.51851
0.513829
0.535164
0.531506
0.500902
0.509625
0.508996
0.521124
0.522514
0.746052
0.529535
0.527048
0.529066
0.520396
0.521637
0.521783
0.512696
0.508348
0.524414
0.529966
0.505702
0.502701
0.528867
0.528739
0.521246
0.531258
0.52654
0.510135
0.511948
0.518747
0.570275
0.563236
0.487527
0.492242
0.489125
0.518717
0.518522
0.517868
0.50953
0.505093
0.507572
0.552074
0.588849
0.511333
0.516191
0.520302
0.514251
0.537525
0.515027
0.532916
0.519073
0.609882
0.571775
0.525331
0.636325
0.644027
0.515621
0.524186
0.500494
0.501771
0.529643
0.530542
0.528488
0.531909
0.529618
0.538917
0.514958
0.516418
0.519445
0.518548
0.519529
0.514804
0.514043
0.514594
0.683809
0.74176
0.743984
0.534283
0.536574
0.533575
0.620602
0.64609
0.610196
0.502824
0.504043
0.499312
0.533007
0.526828
0.515286
0.516446
0.522099
0.525461
0.516687
0.519887
0.520784
0.509223
0.521821
0.498495
0.500559
0.528278
0.527961
0.524772
0.523472
0.509507
0.510573
0.51225
0.517652
0.512933
0.516182
0.528994
0.510323
0.503606
0.503929
0.503283
0.509275
0.510212
0.525769
0.515521
0.529711
0.536776
0.524908
0.517188
0.510191
0.517926
0.502703
0.501884
0.51683
0.50958
0.515342
0.522479
0.524092
0.500318
0.527633
0.506709
0.502747
0.501995
0.50206
0.513846
0.515756
0.528541
0.524624
0.521339
0.517316
0.54287
0.528303
0.536757
0.510744
0.519834
0.519538
0.509076
0.507504
0.515193
0.508738
0.507107
0.51046
0.503566
0.502287
0.503023
0.50493
0.504423
0.508525
0.507334
0.510887
0.510636
0.522451
0.518302
0.512456
0.534482
0.530833
0.501215
0.506851
0.599826
0.581518
0.572252
0.535794
0.502724
0.506544
0.496002
0.501611
0.51425
0.514663
0.523237
0.510881
0.521965
0.498522
0.493293
0.51879
0.525561
0.52945
0.518607
0.50137
0.501084
0.503314
0.490171
0.492022
0.503315
0.501781
0.504087
0.511033
0.51014
0.505877
0.513875
0.507468
0.518622
0.514184
0.513179
0.501036
0.509227
0.511241
0.506554
0.503491
0.500694
0.508741
0.510428
0.529215
0.522244
0.511461
0.508226
0.49974
0.502491
0.499786
0.516142
0.509668
0.499772
0.523305
0.524742
0.523717
0.512035
0.51292
0.514994
0.519289
0.513107
0.517123
0.535044
0.530115
0.517718
0.51737
0.510422
0.519956
0.518648
0.72051
0.665926
0.577853
0.579917
0.517928
0.517158
0.512587
0.510572
0.523175
0.52458
0.528647
0.50554
0.518247
0.504758
0.50789
0.534748
0.531024
0.556309
0.525483
0.503922
0.500275
0.50441
0.518349
0.506695
0.512152
0.53117
0.511817
0.526334
0.509434
0.522251
0.524101
0.500179
0.493178
0.528857
0.536396
0.541654
0.524816
0.529133
0.520925
0.529909
0.618502
0.637021
0.59226
0.498942
0.502822
0.498697
0.512723
0.517459
0.509607
0.511514
0.504008
0.5273
0.719862
0.66315
0.527031
0.500899
0.504867
0.498865
0.499436
0.522864
0.535479
0.57367
0.48006
0.521542
0.518198
0.508006
0.508501
0.500962
0.495412
0.513547
0.514815
0.526521
0.52911
0.527171
0.525964
0.500954
0.498773
0.498449
0.504749
0.509098
0.52235
0.530679
0.491869
0.516855
0.518222
0.634951
0.514435
0.513128
0.51867
0.511639
0.530299
0.528486
0.522464
0.50432
0.502425
0.511639
0.522248
0.513443
0.505991
0.50223
0.514829
0.533566
0.532389
0.537059
0.516646
0.522738
0.524278
0.525928
0.515751
0.524421
0.52465
0.506711
0.502875
0.499732
0.510717
0.683145
0.577522
0.591308
0.570019
0.580263
0.507262
0.529124
0.529607
0.524382
0.52405
0.519371
0.523947
0.523571
0.497722
0.524882
0.529397
0.507681
0.51718
0.512536
0.500751
0.525834
0.523575
0.479023
0.536239
0.590018
0.510108
0.511408
0.514553
0.514163
0.530862
0.529065
0.503544
0.52973
0.532695
0.507727
0.543144
0.502764
0.510054
0.508173
0.53972
0.53424
0.534846
0.531689
0.520285
0.518807
0.496675
0.528662
0.529659
0.532748
0.528911
0.526503
0.561653
0.569023
0.623952
0.504278
0.497925
0.51188
0.519291
0.511228
0.50356
0.503542
0.504677
0.505923
0.538748
0.543207
0.529183
0.531895
0.529347
0.50123
0.573143
0.507547
0.63923
0.506729
0.514426
0.518553
0.517994
0.522047
0.514031
0.5182
0.499628
0.513307
0.528342
0.660661
0.508125
0.503807
0.529914
0.617485
0.498403
0.498628
0.507171
0.510896
0.498743
0.509829
0.504189
0.524764
0.524587
0.49757
0.514058
0.513652
0.520655
0.511299
0.559671
0.508485
0.507205
0.515769
0.51018
0.529792
0.518639
0.530552
0.528931
0.499437
0.49984
0.498261
0.526014
0.526051
0.659014
0.524144
0.516603
0.521976
0.521447
0.520962
0.532591
0.525525
0.530095
0.499951
0.499546
0.49482
0.509548
0.519176
0.517815
0.511595
0.505852
0.55905
0.569967
0.502213
0.530536
0.531776
0.514156
0.511579
0.498436
0.499988
0.514905
0.502778
0.498525
0.547948
0.545752
0.524699
0.522198
0.511585
0.511946
0.501305
0.502645
0.508517
0.494073
0.506253
0.53757
0.526908
0.50255
0.50235
0.500486
0.501808
0.517431
0.612177
0.518262
0.495375
0.522009
0.527401
0.507177
0.500192
0.526913
0.522876
0.508565
0.507194
0.519827
0.528361
0.524557
0.566004
0.504655
0.506149
0.496934
0.499577
0.510641
0.522464
0.531187
0.533748
0.52513
0.511253
0.500894
0.506562
0.509965
0.575458
0.623163
0.536725
0.546272
0.54677
0.526854
0.540747
0.517458
0.515746
0.506191
0.514319
0.530536
0.531862
0.537795
0.518123
0.514027
0.495391
0.500671
0.505843
0.519015
0.51786
0.519589
0.522962
0.525246
0.525649
0.507589
0.527459
0.519208
0.530716
0.506369
0.507717
0.558065
0.563583
0.524977
0.519349
0.5293
0.5787
0.500751
0.534848
0.537609
0.533917
0.531561
0.590717
0.56857
0.529731
0.530727
0.512007
0.51153
0.504864
0.528472
0.518808
0.516388
0.514725
0.499785
0.591358
0.520415
0.52059
0.539094
0.608317
0.513377
0.521458
0.624687
0.612648
0.528708
0.529767
0.634155
0.50824
0.519561
0.525636
0.668516
0.703371
0.529984
0.5123
0.507473
0.52629
0.515052
0.524206
0.525934
0.502283
0.518503
0.517829
0.525065
0.526491
0.655338
0.747206
0.763147
0.509928
0.524091
0.530846
0.535119
0.507621
0.524093
0.519423
0.506585
0.512393
0.516294
0.516312
0.648772
0.506422
0.505657
0.503082
0.501201
0.504328
0.532867
0.534008
0.533074
0.529976
0.515454
0.51374
0.526047
0.526018
0.522651
0.517983
0.520308
0.502482
0.539325
0.547114
0.677065
0.647688
0.532384
0.511506
0.515869
0.518945
0.494384
0.53369
0.508393
0.499923
0.591902
0.587768
0.530307
0.510486
0.50618
0.526615
0.515852
0.517453
0.512261
0.501932
0.669597
0.904304
0.498714
0.501028
0.50022
0.514823
0.505612
0.508391
0.508702
0.500991
0.507324
0.506036
0.516857
0.590118
0.616791
0.60842
0.50782
0.5277
0.501561
0.523672
0.522116
0.535208
0.518201
0.511278
0.513692
0.517086
0.523818
0.499764
0.495693
0.512304
0.512763
0.535019
0.51273
0.502367
0.49479
0.513873
0.522573
0.516627
0.532877
0.532395
0.530733
0.522677
0.500867
0.503372
0.508094
0.509215
0.528308
0.527937
0.528235
0.501385
0.50706
0.506737
0.517879
0.514012
0.521395
0.828775
0.520473
0.767244
0.845935
0.532453
0.532008
0.512201
0.512341
0.503272
0.508633
0.531398
0.531037
0.535093
0.528048
0.529393
0.496185
0.506994
0.532383
0.5317
0.522891
0.537792
0.514503
0.517406
0.521908
0.503285
0.505928
0.677678
0.503233
0.529647
0.533557
0.513189
0.507028
0.522138
0.497856
0.500223
0.508888
0.511392
0.497243
0.498613
0.522801
0.52251
0.506287
0.497951
0.534578
0.506196
0.525044
0.52458
0.513818
0.494375
0.500167
0.690409
0.670189
0.605555
0.684359
0.550693
0.522651
0.507168
0.501107
0.517332
0.495221
0.528618
0.52487
0.549543
0.505033
0.505092
0.5164
0.525372
0.51258
0.515601
0.685981
0.516124
0.51228
0.527196
0.503967
0.503461
0.501683
0.507584
0.51093
0.630854
0.514246
0.511525
0.504787
0.598325
0.617639
0.586996
0.498176
0.541221
0.519803
0.53071
0.529022
0.528587
0.509809
0.524762
0.525926
0.528938
0.508787
0.6547
0.512032
0.532489
0.530163
0.518306
0.713168
0.523207
0.525771
0.526602
0.610181
0.518743
0.644558
0.682271
0.515279
0.518838
0.51738
0.497566
0.58581
0.543867
0.530883
0.505703
0.503959
0.577805
0.511648
0.529109
0.498051
0.494097
0.497806
0.626863
0.614961
0.505798
0.574147
0.509307
0.501739
0.508345
0.505274
0.500041
0.546422
0.544286
0.522238
0.529412
0.500334
0.500927
0.526523
0.52182
0.517422
0.507657
0.50603
0.506324
0.540894
0.528037
0.531827
0.531816
0.514668
0.509008
0.527934
0.527923
0.531246
0.509285
0.510568
0.525418
0.524867
0.525905
0.517113
0.540258
0.531547
0.529591
0.505602
0.507706
0.503035
0.573319
0.497463
0.511994
0.526673
0.52316
0.545795
0.526619
0.512292
0.526125
0.514362
0.525277
0.520465
0.501299
0.498132
0.500326
0.553658
0.52011
0.499931
0.502721
0.508351
0.777993
0.745582
0.513716
0.511028
0.517776
0.510274
0.506063
0.536255
0.528927
0.534928
0.523242
0.514809
0.523649
0.506145
0.512787
0.526313
0.516787
0.520801
0.528237
0.512745
0.562957
0.533222
0.505401
0.532571
0.533535
0.530336
0.528788
0.527928
0.516319
0.505921
0.505369
0.519038
0.519666
0.520588
0.518227
0.505205
0.510077
0.524413
0.516175
0.507335
0.515851
0.516195
0.512688
0.529728
0.50157
0.517788
0.528106
0.571647
0.506191
0.513475
0.509902
0.532613
0.505827
0.506666
0.533217
0.503697
0.516554
0.531726
0.516653
0.501014
0.566032
0.52568
0.50904
0.526938
0.525157
0.5243
0.52201
0.501638
0.499501
0.502243
0.515376
0.498424
0.527174
0.505357
0.511157
0.515063
0.505487
0.503327
0.524725
0.528777
0.512431
0.502083
0.508669
0.519406
0.554284
0.505028
0.501814
0.51
0.506928
0.508892
0.509864
0.533814
0.50663
0.549679
0.536804
0.508791
0.511113
0.507526
0.501545
0.523017
0.525996
0.513442
0.502737
0.514586
0.519636
0.512874
0.511341
0.516153
0.523467
0.509995
0.509693
0.527669
0.514432
0.502974
0.577955
0.497119
0.498292
0.514084
0.50811
0.508094
0.500623
0.500127
0.527511
0.513476
0.497227
0.516924
0.530222
0.528858
0.513307
0.5097
0.53093
0.529937
0.501891
0.503079
0.52524
0.530535
0.504115
0.511601
0.508348
0.50118
0.526147
0.5103
0.507939
0.502778
0.502642
0.53209
0.526088
0.527751
0.518354
0.537802
0.522029
0.50942
0.528533
0.514963
0.516278
0.496239
0.495372
0.477116
0.487343
0.56249
0.520982
0.52342
0.501526
0.50037
0.497988
0.558511
0.519981
0.525908
0.512187
0.497974
0.496674
0.504879
0.506386
0.574024
0.526281
0.500103
0.526885
0.511769
0.546953
0.54791
0.512422
0.568973
0.500367
0.522853
0.511106
0.501097
0.529925
0.51198
0.51502
0.510589
0.528038
0.500699
0.503427
0.503422
0.57385
0.519745
0.510318
0.518746
0.513578
0.500819
0.502336
0.506448
0.529568
0.528597
0.503948
0.501645
0.5194
0.519936
0.524169
0.515701
0.504407
0.482735
0.529497
0.535691
0.531703
0.535622
0.536583
0.534393
0.51077
0.519493
0.566913
0.505938
0.512062
0.514618
0.504676
0.495517
0.653312
0.517834
0.514635
0.505294
0.529876
0.590829
0.626183
0.523875
0.52582
0.523878
0.517767
0.534058
0.51842
0.494718
0.500531
0.534959
0.51936
0.526858
0.526239
0.499584
0.507444
0.535572
0.619769
0.644665
0.488999
0.510397
0.528995
0.530316
0.514432
0.51853
0.518166
0.511197
0.497928
0.528111
0.530186
0.525479
0.499116
0.509733
0.503079
0.531954
0.530387
0.505561
0.512781
0.533714
0.509813
0.515904
0.488844
0.502913
0.529079
0.515599
0.537095
0.527573
0.496027
0.523079
0.506651
0.577273
0.516254
0.529664
0.510943
0.522018
0.520484
0.510149
0.537616
0.537333
0.526212
0.509351
0.530968
0.50339
0.688038
0.51643
0.539311
0.501644
0.509
0.530275
0.524528
0.613485
0.657058
0.51278
0.526474
0.501992
0.570057
0.574119
0.519955
0.520002
0.517279
0.526002
0.507903
0.496126
0.48274
0.513785
0.506234
0.532377
0.629674
0.525129
0.517543
0.511327
0.526805
0.523791
0.503952
0.52326
0.4892
0.524623
0.523372
0.520072
0.513181
0.536079
0.51324
0.501678
0.526529
0.513684
0.514593
0.490642
0.527504
0.528054
0.510132
0.50107
0.540832
0.52425
0.539842
0.500422
0.502989
0.552453
0.546831
0.510184
0.727135
0.519653
0.501921
0.509607
0.531636
0.506171
0.515901
0.513561
0.527341
0.588623
0.551328
0.681157
0.521015
0.505886
0.552763
0.507026
0.507891
0.515595
0.579859
0.513175
0.506902
0.512652
0.510855
0.505617
0.519259
0.505526
0.501094
0.555659
0.51372
0.500446
0.727669
0.52526
0.520873
0.507696
0.502729
0.665057
0.503319
0.525507
0.513052
0.511144
0.513664
0.524248
0.529884
0.537705
0.513519
0.517712
0.554147
0.526004
0.537284
0.609066
0.523689
0.556598
0.536581
0.514466
0.511074
0.504862
0.52842
0.522488
0.617053
0.530492
0.525408
0.50088
0.50838
0.515468
0.512393
0.595924
0.532501
0.507778
0.491996
0.513381
0.528383
0.507948
0.607619
0.525822
0.574749
0.502632
0.511072
0.507016
0.507751
0.502025
0.506784
0.529799
0.506587
0.488573
0.531923
0.504718
0.514843
0.52635
0.5464
0.523289
0.51328
0.50191
0.489614
0.520874
0.507503
0.508903
0.522885
0.51585
0.525395
0.540583
0.509132
0.52191
0.529591
0.508681
0.515159
0.510388
0.607906
0.523003
0.522299
0.528973
0.510744
0.617261
0.509118
0.531948
0.525703
0.530494
0.525377
0.529152
0.564672
0.528389
0.490771
0.524858
0.515637
0.526753
0.534714
0.513035
0.514247
0.533477
0.507986
0.526599
0.515994
0.498187
0.519427
0.523218
0.531658
0.519924
0.514445
0.510324
0.510735
0.512603
0.549801
0.503542
0.51551
0.501508
0.52889
0.529839
0.519376
0.525256
0.520721
0.505936
0.534747
0.535806
0.517428
0.523219
0.545568
0.589181
0.506258
0.586843
0.499576
0.505902
0.52936
0.494392
0.62695
0.501189
0.511532
0.720398
0.526024
0.512252
0.509669
0.515544
0.737741
0.511171
0.530178
0.523173
0.527146
0.502062
0.514396
0.517642
0.50506
0.598334
0.521222
0.504607
0.527273
0.513665
0.512895
0.515434
0.535429
0.523523
0.530567
0.521033
0.515454
0.508068
0.591583
0.510008
0.508439
0.511936
0.505283
0.515692
0.555357
0.549654
0.528418
0.52699
0.521814
0.606847
0.49615
0.502567
0.500245
0.495308
0.527161
0.555284
0.506711
0.51534
0.504969
0.505086
0.527383
0.522238
0.512572
0.54191
0.593342
0.524244
0.520835
0.516199
0.600521
0.513459
0.509048
0.527209
0.515095
0.52488
0.528721
0.527165
0.548863
0.512925
0.507259
0.528162
0.628309
0.522229
0.519668
0.503311
0.499668
0.523546
0.544183
0.527743
0.52427
0.511075
0.508996
0.528436
0.536721
0.51319
0.499196
0.538983
0.526378
0.629047
0.524095
0.513526
0.524858
0.530297
0.519815
0.502928
0.500151
0.513971
0.51815
0.513669
0.515958
0.519131
0.519072
0.527132
0.525529
0.620545
0.523597
0.500057
0.529254
0.516179
0.526797
0.51949
0.529222
0.532321
0.504435
0.598791
0.49866
0.629722
0.509695
0.528654
0.513011
0.509606
0.507985
0.518563
0.508915
0.603106
0.525504
0.489084
0.512955
0.504688
0.505447
0.516918
0.50094
0.63605
0.527286
0.525963
0.513847
0.536279
0.512166
0.50551
0.51585
0.517273
0.527806
0.528954
0.488601
0.50204
0.507923
0.538073
0.531863
0.506659
0.506551
0.521005
0.52495
0.528047
0.524051
0.520994
0.531154
0.50852
0.509264
0.5155
0.512455
0.517211
0.520316
0.520654
0.500423
0.532719
0.525148
0.536976
0.64232
0.5154
0.522958
0.51708
0.528751
0.497335
0.523815
0.500414
0.505548
0.521679
0.535786
0.529174
0.52877
0.530174
0.675631
0.515902
0.516642
0.540635
0.514592
0.526131
0.510692
0.503297
0.499612
0.516678
0.516548
0.52482
0.535636
0.517757
0.517695
0.512321
0.529284
0.531881
0.543112
0.501594
0.50776
0.516252
0.523515
0.640429
0.530969
0.521259
0.505891
0.524812
0.516316
0.519927
0.530887
0.496706
0.506077
0.516548
0.504611
0.50989
0.529303
0.520369
0.521318
0.504052
0.504951
0.50069
0.522927
0.528158
0.526877
0.540573
0.532736
0.519402
0.516523
0.507305
0.539407
0.500329
0.526055
0.502574
0.546853
0.512978
0.639964
0.52942
0.502387
0.534805
0.530892
0.524871
0.515668
0.512595
0.524831
0.505404
0.505129
0.509848
0.50063
0.500413
0.505207
0.50963
0.506016
0.516758
0.513923
0.524267
0.524853
0.529395
0.513516
0.521953
0.534555
0.504371
0.507126
0.50473
0.533403
0.522929
0.536135
0.531406
0.504441
0.625712
0.523607
0.506819
0.524846
0.518105
0.525106
0.615236
0.522839
0.530666
0.531721
0.521856
0.595492
0.570567
0.579142
0.506196
0.506381
0.521306
0.513983
0.513683
0.498039
0.513898
0.506582
0.525718
0.520591
0.543482
0.530288
0.527553
0.505857
0.521143
0.514858
0.511365
0.522379
0.528159
0.526928
0.507315
0.504877
0.505967
0.510783
0.528952
0.514486
0.517276
0.514941
0.546005
0.516467
0.525971
0.510371
0.529806
0.521036
0.502092
0.52437
0.566722
0.508535
0.512464
0.499264
0.622525
0.529233
0.531374
0.500538
0.508164
0.515152
0.64009
0.514668
0.512923
0.51534
0.501301
0.502487
0.517229
0.504872
0.526647
0.504862
0.561697
0.504309
0.51798
0.509425
0.552265
0.519182
0.532931
0.52814
0.530658
0.527015
0.545174
0.530819
0.50826
0.50993
0.54152
0.548675
0.514397
0.52309
0.522124
0.529967
0.532812
0.518784
0.517322
0.524947
0.532612
0.525899
0.559353
0.50239
0.50819
0.514409
0.50212
0.557495
0.510711
0.520372
0.525203
0.524748
0.634567
0.502418
0.494332
0.532838
0.534617
0.513997
0.514659
0.508828
0.52021
0.516565
0.503156
0.650825
0.510818
0.517256
0.549453
0.503437
0.510723
0.504711
0.504693
0.503386
0.529735
0.495216
0.502664
0.510464
0.528762
0.529048
0.523557
0.525356
0.513308
0.515159
0.520884
0.528914
0.532706
0.514492
0.507081
0.517338
0.499578
0.54309
0.54525
0.54462
0.54406
0.501721
0.529327
0.538255
0.607054
0.561093
0.51486
0.524475
0.506008
0.514514
0.524134
0.500174
0.522704
0.529693
0.533541
0.511774
0.489476
0.487917
0.606072
0.508668
0.510538
0.507943
0.514104
0.503505
0.523752
0.513159
0.513604
0.518616
0.530414
0.650711
0.643219
0.517177
0.501276
0.500064
0.527822
0.560178
0.606943
0.517489
0.595651
0.70168
0.638987
0.62228
0.524198
0.583397
0.524013
0.518977
0.509754
0.539078
0.508222
0.515609
0.515171
0.524286
0.524622
0.522536
0.520484
0.512205
0.523842
0.509165
0.52581
0.528699
0.524394
0.504563
0.504391
0.528159
0.535549
0.531384
0.529811
0.531991
0.534078
0.526181
0.510126
0.53058
0.529138
0.522068
0.738677
0.529921
0.679503
0.526311
0.504116
0.523104
0.534645
0.532481
0.505917
0.509747
0.513729
0.528997
0.521541
0.525376
0.530078
0.504241
0.503614
0.516998
0.535315
0.530938
0.508089
0.510546
0.507794
0.502483
0.528312
0.517367
0.511843
0.537343
0.519478
0.51695
0.529408
0.518965
0.522241
0.536922
0.529502
0.503997
0.514294
0.523882
0.505851
0.504331
0.52521
0.502825
0.518207
0.514782
0.527199
0.499456
0.510086
0.523623
0.522642
0.528363
0.527641
0.527016
0.526108
0.502688
0.522983
0.572161
0.505209
0.522002
0.527088
0.526137
0.49933
0.504192
0.529438
0.481024
0.527475
0.524605
0.518067
0.524792
0.567316
0.531312
0.555686
0.510345
0.504397
0.50895
0.512156
0.4999
0.52622
0.502637
0.510875
0.525908
0.500651
0.571244
0.524011
0.760726
0.499426
0.532944
0.507695
0.531495
0.496618
0.524881
0.507953
0.51869
0.533971
0.524806
0.492875
0.52117
0.504635
0.536926
0.528487
0.515917
0.505276
0.530719
0.502287
0.519286
0.528002
0.487964
0.523199
0.505744
0.51281
0.503458
0.528265
0.52255
0.521257
0.539539
0.518325
0.505381
0.519941
0.497883
0.49708
0.518449
0.514685
0.531571
0.500055
0.511076
0.518108
0.522129
0.521512
0.491792
0.512393
0.512228
0.514911
0.51515
0.582988
0.510521
0.51735
0.521781
0.510551
0.569327
0.514016
0.501103
0.51372
0.528984
0.573806
0.531949
0.535206
0.532926
0.520944
0.502937
0.509114
0.5174
0.522053
0.519644
0.50794
0.513652
0.520131
0.521912
0.519205
0.543151
0.497592
0.62845
0.495102
0.528502
0.557403
0.5105
0.507399
0.569873
0.521237
0.515884
0.520876
0.509157
0.602867
0.512116
0.504242
0.512887
0.524474
0.503884
0.505372
0.513352
0.535053
0.531263
0.564315
0.520222
0.512475
0.542021
0.504399
0.54557
0.522268
0.509152
0.527072
0.517005
0.5081
0.511028
0.53219
0.532143
0.525579
0.505999
0.527788
0.504214
0.50151
0.524636
0.619158
0.517802
0.505273
0.533449
0.526527
0.508795
0.523768
0.498183
0.524975
0.521609
0.497086
0.517699
0.544493
0.528078
0.569452
0.514513
0.495849
0.523513
0.529617
0.502865
0.588975
0.521621
0.545959
0.530729
0.511113
0.522175
0.511662
0.652766
0.524611
0.505678
0.502917
0.495026
0.536849
0.524646
0.520325
0.506478
0.53093
0.684502
0.534064
0.50595
0.638519
0.532332
0.627773
0.532387
0.501536
0.500471
0.530015
0.527642
0.508384
0.518104
0.5106
0.558142
0.512051
0.5565
0.510093
0.534847
0.507757
0.507572
0.51848
0.524919
0.506152
0.494829
0.52789
0.532332
0.526909
0.523428
0.495189
0.512196
0.512078
0.528553
0.626894
0.505842
0.512604
0.529877
0.658266
0.512527
0.903464
0.50386
0.505936
0.53365
0.526667
0.530284
0.506507
0.556875
0.502366
0.51818
0.512268
0.521489
0.529254
0.502915
0.500104
0.514068
0.506113
0.522631
0.492432
0.523427
0.503909
0.518797
0.502431
0.523251
0.560874
0.530911
0.514946
0.552286
0.517603
0.519169
0.514552
0.502264
0.500858
0.521878
0.523336
0.49891
0.51184
0.496055
0.522959
0.515725
0.517861
0.498627
0.505816
0.501748
0.517551
0.505608
