0.493208
0.646583
0.66621
0.648351
0.52907
0.502973
0.503071
0.500575
0.501922
0.573475
0.553817
0.502111
0.504486
0.508662
0.526738
0.528129
0.528666
0.528164
0.504899
0.513633
0.514723
0.5133
0.517074
0.50745
0.507543
0.517757
0.516484
0.52411
0.524709
0.524188
0.581644
0.579853
0.59766
0.522259
0.528187
0.525489
0.514853
0.515206
0.513036
0.513668
0.511934
0.509163
0.507259
0.518041
0.515225
0.513633
0.525207
0.532817
0.530686
0.508518
0.506612
0.504562
0.517093
0.5235
0.513867
0.514204
0.670364
0.67903
0.519292
0.516469
0.526145
0.516424
0.519897
0.523672
0.526273
0.530675
0.53237
0.52795
0.523679
0.528342
0.523024
0.525208
0.530492
0.528319
0.523663
0.518689
0.516487
0.517718
0.517349
0.518305
0.516796
0.519176
0.517188
0.519356
0.538924
0.537832
0.520465
0.522085
0.528144
0.525693
0.736811
0.67724
0.523161
0.509927
0.504753
0.513128
0.51005
0.508586
0.509466
0.525146
0.528825
0.744897
0.505482
0.504743
0.508526
0.498211
0.517063
0.522616
0.502274
0.501492
0.510635
0.508125
0.527821
0.529199
0.504892
0.500185
0.51456
0.52465
0.528528
0.530043
0.528581
0.53289
0.531031
0.516023
0.518876
0.513492
0.504965
0.543287
0.537539
0.523362
0.528569
0.496919
0.498438
0.509322
0.513713
0.526603
0.524388
0.519599
0.518007
0.514306
0.516323
0.51886
0.531431
0.498277
0.501896
0.518269
0.521536
0.529854
0.504014
0.503625
0.50496
0.510549
0.508533
0.510697
0.496108
0.570812
0.573827
0.582702
0.507342
0.524541
0.516623
0.498012
0.534133
0.535325
0.518899
0.664011
0.686031
0.506159
0.55582
0.561435
0.534125
0.526222
0.500721
0.502536
0.50372
0.527208
0.527315
0.509966
0.50415
0.486394
0.496731
0.493057
0.514088
0.540449
0.52585
0.526679
0.524962
0.529257
0.527981
0.538555
0.543107
0.774067
0.734917
0.518674
0.517199
0.523589
0.601623
0.582369
0.514908
0.510621
0.522014
0.540506
0.533837
0.529274
0.527698
0.519571
0.511921
0.511409
0.526535
0.524769
0.527286
0.515252
0.507602
0.513727
0.509123
0.52723
0.534296
0.513863
0.523752
0.521069
0.523968
0.521539
0.515005
0.516244
0.512869
0.604285
0.576444
0.51883
0.522432
0.498109
0.517701
0.514068
0.507676
0.509877
0.510409
0.508353
0.558572
0.562305
0.525095
0.524522
0.514061
0.508566
0.522594
0.526341
0.523366
0.525489
0.518044
0.520672
0.51866
0.547601
0.539813
0.546868
0.507054
0.520163
0.515358
0.521584
0.534066
0.538022
0.532859
0.49784
0.520916
0.514962
0.516137
0.526182
0.51002
0.511941
0.520946
0.680343
0.612023
0.645004
0.52325
0.529981
0.520362
0.52166
0.525026
0.522354
0.502115
0.503434
0.503006
0.533949
0.531657
0.515722
0.502455
0.505163
0.532024
0.512067
0.517383
0.52321
0.525214
0.530967
0.525551
0.524745
0.524133
0.520268
0.522361
0.515244
0.482343
0.479783
0.518039
0.507772
0.515779
0.504559
0.529928
0.529931
0.522185
0.539248
0.546841
0.517148
0.516911
0.514077
0.512809
0.536197
0.538572
0.666274
0.678336
0.538065
0.537488
0.512412
0.510853
0.511619
0.498659
0.500543
0.526942
0.526166
0.531325
0.527301
0.510556
0.517737
0.522491
0.521384
0.514402
0.508362
0.505245
0.53334
0.532989
0.629883
0.644098
0.504306
0.493239
0.49692
0.518267
0.513157
0.507082
0.495875
0.525943
0.527207
0.513721
0.525393
0.523612
0.516566
0.517786
0.521558
0.49603
0.497675
0.500898
0.530561
0.530448
0.509538
0.522093
0.511332
0.51366
0.527919
0.526941
0.526759
0.500634
0.510619
0.509837
0.502963
0.524784
0.520819
0.527382
0.519925
0.610761
0.516403
0.510876
0.506487
0.575305
0.575764
0.502614
0.618324
0.592581
0.520515
0.559345
0.563819
0.510489
0.524143
0.523081
0.55412
0.559614
0.568038
0.505249
0.513687
0.498393
0.499888
0.511427
0.511476
0.512956
0.523175
0.500993
0.52489
0.50617
0.513966
0.528086
0.535193
0.524635
0.518331
0.517515
0.511337
0.516519
0.518848
0.523131
0.503872
0.525211
0.501556
0.49878
0.500155
0.502652
0.522043
0.514829
0.50753
0.512813
0.534951
0.52592
0.495087
0.492964
0.551326
0.514994
0.505758
0.513128
0.522333
0.523754
0.521202
0.51788
0.509812
0.501531
0.499994
0.502286
0.491197
0.487425
0.472694
0.499274
0.500407
0.499417
0.50754
0.506681
0.506905
0.5082
0.509093
0.50476
0.511033
0.510929
0.502823
0.637761
0.504142
0.502875
0.528243
0.523733
0.524413
0.509825
0.507212
0.517412
0.512153
0.518009
0.512496
0.516954
0.515093
0.527622
0.529186
0.52505
0.528039
0.516106
0.515308
0.515912
0.515417
0.515951
0.79413
0.683917
0.716083
0.509319
0.53217
0.53101
0.513492
0.516802
0.519531
0.510576
0.514774
0.502056
0.503554
0.502694
0.520448
0.517739
0.51977
0.523431
0.530327
0.532872
0.529334
0.51232
0.51544
0.520773
0.530798
0.516048
0.519971
0.518753
0.527352
0.517483
0.50087
0.506982
0.507115
0.520306
0.527111
0.516842
0.531709
0.511567
0.512044
0.527389
0.516149
0.487328
0.527251
0.533969
0.541182
0.520974
0.510955
0.518626
0.616961
0.649509
0.650507
0.555892
0.56053
0.499911
0.502977
0.504045
0.515967
0.50715
0.50964
0.501988
0.52776
0.531911
0.526949
0.495653
0.494767
0.52955
0.530183
0.518676
0.511548
0.507614
0.505111
0.500516
0.51079
0.509551
0.504128
0.527683
0.53146
0.503092
0.503401
0.507663
0.509732
0.517944
0.521974
0.523795
0.52136
0.510507
0.503228
0.505058
0.509489
0.507714
0.516637
0.499863
0.500544
0.508362
0.504159
0.509347
0.50763
0.5245
0.530541
0.499072
0.500277
0.509369
0.513217
0.54129
0.539621
0.550437
0.522199
0.522886
0.523316
0.524839
0.49971
0.504355
0.502079
0.509238
0.551522
0.561166
0.562131
0.570185
0.509128
0.511805
0.527613
0.525862
0.657685
0.520225
0.518241
0.529741
0.509788
0.511419
0.507495
0.511067
0.511707
0.515805
0.498638
0.516281
0.526763
0.505732
0.515091
0.530874
0.51711
0.522167
0.521654
0.504066
0.498872
0.499598
0.503856
0.498582
0.497945
0.523321
0.524113
0.56896
0.546574
0.629797
0.517661
0.508861
0.511271
0.511524
0.52811
0.524099
0.527083
0.545217
0.500988
0.509175
0.511353
0.509513
0.545376
0.508281
0.538683
0.53636
0.515936
0.513181
0.496165
0.530617
0.529782
0.529996
0.529482
0.673373
0.50109
0.527922
0.518333
0.526276
0.52348
0.520635
0.51341
0.518837
0.533795
0.536775
0.516691
0.511942
0.51725
0.523583
0.558068
0.502812
0.498916
0.550073
0.56951
0.485972
0.512839
0.513884
0.519146
0.505816
0.501695
0.503187
0.506141
0.535271
0.530695
0.601445
0.61391
0.505989
0.509803
0.510063
0.505869
0.497264
0.498471
0.499518
0.520158
0.521495
0.494675
0.521249
0.500304
0.51157
0.510666
0.524083
0.526409
0.514739
0.602117
0.582053
0.529851
0.507395
0.510596
0.513563
0.521671
0.507759
0.517515
0.530218
0.502356
0.502544
0.50054
0.498403
0.503883
0.507406
0.58357
0.516158
0.526567
0.5235
0.513146
0.658676
0.523174
0.525014
0.522211
0.510342
0.519211
0.516567
0.50255
0.51963
0.519327
0.516574
0.518588
0.510118
0.505496
0.510026
0.50253
0.517782
0.559641
0.546829
0.553561
0.500567
0.526045
0.520473
0.506125
0.514285
0.528687
0.521477
0.527505
0.500797
0.51601
0.516727
0.487231
0.494723
0.480353
0.523307
0.523847
0.524659
0.524258
0.523922
0.511316
0.507315
0.508648
0.501443
0.500866
0.508846
0.503748
0.518557
0.511535
0.643892
0.5261
0.501357
0.501244
0.51268
0.513987
0.61247
0.638381
0.577704
0.592736
0.521171
0.514182
0.524504
0.505973
0.525391
0.523713
0.526799
0.530871
0.510463
0.510053
0.50521
0.500613
0.523008
0.531346
0.518111
0.519471
0.520462
0.517225
0.528986
0.528744
0.524644
0.530675
0.571665
0.506961
0.495027
0.500134
0.496462
0.508126
0.520153
0.528068
0.513051
0.512051
0.506337
0.506018
0.616347
0.542426
0.547065
0.529433
0.718764
0.657914
0.511325
0.502877
0.496151
0.52272
0.529803
0.51144
0.493605
0.502122
0.506701
0.51118
0.520232
0.522174
0.523843
0.503359
0.528726
0.518107
0.503766
0.512991
0.51161
0.507972
0.560019
0.525804
0.519495
0.528144
0.571019
0.567914
0.510916
0.532563
0.549295
0.526667
0.528121
0.529278
0.529497
0.594051
0.581905
0.531334
0.530422
0.529808
0.517437
0.512166
0.531486
0.53508
0.519514
0.535197
0.517608
0.513456
0.634915
0.523825
0.511978
0.528531
0.694815
0.518778
0.529537
0.528494
0.503647
0.515119
0.639009
0.673728
0.666689
0.52724
0.51105
0.516487
0.526632
0.522545
0.524989
0.529612
0.526787
0.514527
0.520197
0.750858
0.667851
0.51551
0.52462
0.522617
0.530366
0.526091
0.530146
0.513428
0.511872
0.503905
0.513226
0.506732
0.510301
0.503497
0.513006
0.530459
0.533846
0.530238
0.529549
0.520953
0.521777
0.509009
0.626068
0.681988
0.534308
0.551569
0.661252
0.611368
0.510534
0.509588
0.513447
0.508519
0.509359
0.531606
0.503753
0.50863
0.576318
0.613117
0.528395
0.52672
0.509267
0.509162
0.500534
0.505478
0.498101
0.518805
0.517336
0.491521
0.506008
0.502782
0.519161
0.521368
0.61542
0.603808
0.50592
0.507047
0.506554
0.51885
0.515177
0.497591
0.521255
0.518966
0.52955
0.504766
0.507001
0.50324
0.518594
0.672373
0.523186
0.517865
0.521637
0.52323
0.516306
0.514717
0.533608
0.503844
0.491591
0.496228
0.515598
0.515952
0.521497
0.525609
0.531789
0.535846
0.51771
0.496261
0.515861
0.50169
0.53297
0.526492
0.525591
0.516637
0.51063
0.503471
0.667657
0.504132
0.521369
0.519505
0.733819
0.521558
0.704867
0.647782
0.520984
0.501656
0.510572
0.51565
0.517827
0.511737
0.529437
0.525492
0.498752
0.507496
0.50147
0.505687
0.523031
0.530566
0.531773
0.53973
0.684596
0.50662
0.514386
0.504496
0.65299
0.621422
0.491465
0.533018
0.514579
0.528259
0.530289
0.512431
0.517075
0.499959
0.499456
0.53225
0.530029
0.5098
0.541539
0.500761
0.500843
0.505731
0.502819
0.492389
0.501736
0.535554
0.517694
0.519606
0.504536
0.525249
0.50541
0.508866
0.618577
0.599396
0.518479
0.512328
0.551059
0.505812
0.528155
0.507014
0.577885
0.507033
0.506882
0.515715
0.524
0.559641
0.508876
0.502159
0.509229
0.528134
0.525458
0.513499
0.651614
0.529045
0.526063
0.52499
0.501641
0.499866
0.496528
0.517356
0.512646
0.503712
0.602946
0.506108
0.514791
0.516115
0.549321
0.494245
0.52175
0.523046
0.527451
0.524548
0.51826
0.521207
0.523708
0.500516
0.506079
0.518403
0.637649
0.527219
0.538165
0.515573
0.586021
0.522433
0.521948
0.514285
0.501667
0.505161
0.508078
0.508464
0.500325
0.524446
0.602681
0.512309
0.525214
0.492446
0.494453
0.517671
0.511829
0.64824
0.664396
0.503717
0.501853
0.502416
0.499937
0.5132
0.514754
0.513039
0.529536
0.500997
0.545987
0.541644
0.544452
0.522342
0.526642
0.522098
0.49887
0.498735
0.526004
0.501433
0.514856
0.521444
0.522128
0.502236
0.524927
0.526198
0.504084
0.50503
0.553574
0.528641
0.526984
0.509906
0.505296
0.502677
0.526828
0.497797
0.497561
0.530064
0.52521
0.515925
0.617242
0.637634
0.522958
0.544768
0.542103
0.530479
0.530451
0.530946
0.506776
0.506349
0.513575
0.548629
0.584727
0.568395
0.504154
0.536928
0.533408
0.534588
0.504575
0.72658
0.639624
0.497118
0.502931
0.517608
0.51133
0.715168
0.515403
0.516802
0.524462
0.519424
0.497878
0.516218
0.535377
0.530098
0.537793
0.518332
0.518416
0.514433
0.526525
0.518036
0.520022
0.495258
0.519782
0.519695
0.555931
0.552893
0.50411
0.53416
0.520326
0.527115
0.526012
0.523838
0.508152
0.507261
0.505461
0.516808
0.503145
0.512039
0.522418
0.513199
0.694298
0.509311
0.499382
0.513757
0.510885
0.528978
0.523849
0.502636
0.501941
0.523992
0.505813
0.507402
0.507592
0.507482
0.532236
0.503139
0.511146
0.531549
0.534558
0.520069
0.505163
0.50441
0.523568
0.515125
0.538761
0.501808
0.581756
0.585006
0.562895
0.519839
0.49944
0.524943
0.521022
0.521685
0.525135
0.502374
0.500287
0.501117
0.518972
0.701658
0.515635
0.509183
0.517484
0.505335
0.609258
0.532492
0.527034
0.507781
0.508199
0.515646
0.563025
0.515203
0.516291
0.505672
0.508719
0.534187
0.519744
0.508041
0.553662
0.545814
0.520533
0.51421
0.513288
0.509574
0.498131
0.51854
0.522326
0.525599
0.5087
0.510439
0.523824
0.51047
0.513192
0.528657
0.503233
0.609794
0.514631
0.519924
0.527733
0.511875
0.505757
0.506442
0.531404
0.514799
0.511134
0.503639
0.495759
0.496302
0.584777
0.523807
0.647989
0.524715
0.519477
0.4935
0.497902
0.483277
0.492351
0.525205
0.507781
0.510107
0.517004
0.530286
0.531144
0.508398
0.507588
0.511406
0.516802
0.511434
0.503583
0.502898
0.507548
0.510089
0.518643
0.522504
0.522099
0.515899
0.515352
0.52122
0.524062
0.523122
0.499563
0.499155
0.578384
0.530518
0.505021
0.489814
0.499754
0.510297
0.512327
0.554534
0.514138
0.527287
0.517002
0.624589
0.528308
0.515541
0.503503
0.496862
0.564061
0.488615
0.50106
0.521904
0.529474
0.50814
0.500403
0.505502
0.504585
0.50899
0.513796
0.53736
0.504223
0.500252
0.499657
0.539675
0.515441
0.499232
0.528832
0.521182
0.509691
0.503003
0.516473
0.529669
0.584574
0.497006
0.500116
0.529784
0.527403
0.526795
0.532929
0.525809
0.593274
0.529891
0.510532
0.507045
0.525029
0.561267
0.51186
0.549123
0.540945
0.508229
0.507047
0.529658
0.530058
0.501065
0.495928
0.495202
0.508906
0.496879
0.607468
0.566827
0.51797
0.531224
0.524263
0.553216
0.505031
0.522263
0.518342
0.524494
0.523672
0.49989
0.494788
0.487846
0.515678
0.528364
0.521794
0.531494
0.51372
0.551098
0.643498
0.504306
0.504192
0.51738
0.52787
0.514196
0.523088
0.51513
0.518889
0.517363
0.50951
0.498238
0.505465
0.538332
0.53345
0.507539
0.506358
0.510197
0.489074
0.521179
0.52875
0.515064
0.5295
0.530667
0.503191
0.571748
0.528996
0.52969
0.526811
0.516895
0.523239
0.513013
0.509531
0.524543
0.508604
0.50111
0.720359
0.51329
0.51143
0.527272
0.526051
0.625257
0.501675
0.512373
0.496723
0.52594
0.501313
0.589852
0.607813
0.517595
0.518533
0.524407
0.499884
0.502385
0.516992
0.51833
0.50209
0.501662
0.60866
0.614168
0.546913
0.510548
0.513083
0.524955
0.495373
0.499175
0.526526
0.520972
0.518744
0.51481
0.517083
0.524313
0.500367
0.511941
0.531232
0.532265
0.527868
0.509081
0.514973
0.529235
0.526631
0.502419
0.502726
0.517873
0.519664
0.50055
0.529253
0.512129
0.52009
0.515392
0.507501
0.491992
0.510418
0.515867
0.500472
0.541816
0.539914
0.502764
0.509677
0.666656
0.514233
0.499838
0.516097
0.509643
0.555084
0.496795
0.518954
0.576176
0.503663
0.515778
0.511314
0.510128
0.519349
0.49845
0.500077
0.517994
0.513776
0.50368
0.509752
0.507148
0.506684
0.506014
0.50989
0.501485
0.553079
0.519027
0.527573
0.553519
0.543661
0.521679
0.508721
0.506754
0.502322
0.503096
0.5283
0.510429
0.512177
0.508535
0.519675
0.706913
0.498553
0.50628
0.525426
0.494572
0.536243
0.514249
0.523957
0.540807
0.547327
0.502618
0.620027
0.525073
0.531993
0.530435
0.531483
0.52445
0.503742
0.505742
0.508286
0.563593
0.526106
0.507498
0.489875
0.527587
0.508505
0.515756
0.5238
0.522845
0.531549
0.528772
0.501582
0.511029
0.5034
0.504263
0.503771
0.529946
0.503022
0.493162
0.503091
0.503127
0.60284
0.588005
0.539428
0.523239
0.503629
0.61827
0.526367
0.565552
0.516169
0.521216
0.516554
0.615947
0.604237
0.510921
0.509948
0.519978
0.504521
0.515306
0.529516
0.504328
0.511723
0.511049
0.564034
0.526642
0.520968
0.499544
0.502763
0.507191
0.527433
0.535495
0.529098
0.527488
0.584289
0.529268
0.507275
0.502364
0.502026
0.515915
0.520513
0.527365
0.511964
0.509699
0.51355
0.511666
0.510077
0.511567
0.497905
0.526977
0.52114
0.517093
0.510353
0.522363
0.529593
0.510367
0.51296
0.510979
0.503287
0.515497
0.528778
0.530076
0.529911
0.529229
0.510662
0.522025
0.714137
0.521897
0.543746
0.53256
0.53325
0.516025
0.511803
0.5086
0.569062
0.510724
0.529152
0.491163
0.492366
0.507004
0.515762
0.525271
0.526015
0.494624
0.514807
0.66235
0.508832
0.509515
0.531658
0.506879
0.506459
0.52734
0.526315
0.705896
0.501312
0.518988
0.517116
0.503961
0.512099
0.504514
0.509917
0.523728
0.536251
0.529281
0.540538
0.507714
0.526824
0.500422
0.583894
0.506482
0.51441
0.557727
0.558119
0.524689
0.50932
0.502459
0.527928
0.509286
0.503029
0.490234
0.51864
0.503553
0.513697
0.522676
0.494314
0.507082
0.531021
0.524057
0.525664
0.524368
0.501895
0.505859
0.527034
0.513111
0.521109
0.540437
0.555381
0.516331
0.5003
0.51277
0.508113
0.511072
0.637977
0.525971
0.639452
0.508035
0.511825
0.526777
0.652102
0.526116
0.529777
0.508523
0.515344
0.516415
0.525535
0.607453
0.516983
0.516269
0.509279
0.52595
0.504797
0.504599
0.524585
0.512102
0.532937
0.517726
0.505325
0.519924
0.519023
0.520741
0.497519
0.505708
0.505655
0.523744
0.521691
0.511548
0.543904
0.533088
0.526913
0.530741
0.500064
0.524775
0.529819
0.521952
0.529753
0.512938
0.50265
0.515421
0.58726
0.508509
0.524414
0.511947
0.515076
0.602513
0.520864
0.488628
0.499253
0.51168
0.661811
0.514213
0.504015
0.499858
0.617336
0.524123
0.51628
0.500323
0.594229
0.533916
0.507617
0.502938
0.556237
0.511422
0.511886
0.488024
0.501427
0.516697
0.504081
0.52973
0.510501
0.514954
0.523239
0.531475
0.523733
0.51373
0.508667
0.504753
0.505465
0.507978
0.513483
0.522165
0.500343
0.523038
0.503194
0.544161
0.530913
0.520836
0.508491
0.52606
0.522057
0.502232
0.516786
0.515329
0.52922
0.53083
0.531722
0.510974
0.532922
0.504885
0.508196
0.526835
0.520932
0.531767
0.525887
0.527154
0.528286
0.500665
0.514656
0.52805
0.517651
0.528633
0.51665
0.511133
0.533863
0.529594
0.527408
0.523944
0.518947
0.501398
0.514961
0.508415
0.514207
0.517878
0.518268
0.518927
0.519449
0.520507
0.514254
0.520323
0.523789
0.519653
0.519289
0.516116
0.506266
0.503547
0.504101
0.517556
0.517437
0.51062
0.504149
0.529296
0.513902
0.521303
0.50432
0.501788
0.500995
0.52468
0.523213
0.536516
0.526531
0.545804
0.534368
0.516549
0.528096
0.524456
0.532611
0.515563
0.498626
0.504955
0.521861
0.511489
0.522067
0.526375
0.528029
0.52269
0.532973
0.505917
0.676218
0.520409
0.507811
0.520777
0.516316
0.514695
0.522379
0.499615
0.500412
0.523374
0.519635
0.528597
0.534377
0.512258
0.524505
0.51064
0.511023
0.519551
0.525956
0.538029
0.528073
0.521751
0.500823
0.500632
0.529221
0.527723
0.520672
0.530684
0.502949
0.504295
0.610694
0.509922
0.524374
0.556858
0.528236
0.60088
0.524991
0.525818
0.5159
0.517203
0.529284
0.531856
0.549546
0.50521
0.508008
0.524564
0.526064
0.503156
0.507244
0.51536
0.536847
0.52789
0.523
0.530011
0.608611
0.518036
0.51572
0.521988
0.548285
0.520393
0.529367
0.518432
0.516205
0.714959
0.512075
0.526294
0.559757
0.507417
0.52164
0.565799
0.530704
0.498824
0.531968
0.509669
0.522011
0.498462
0.50506
0.526565
0.515903
0.506511
0.536372
0.513912
0.544047
0.538086
0.509366
0.529222
0.531019
0.525248
0.51443
0.503865
0.504063
0.501936
0.528379
0.498659
0.524541
0.507626
0.610245
0.530826
0.508948
0.50129
0.518241
0.501493
0.503708
0.51678
0.516235
0.523219
0.513251
0.593947
0.581403
0.524291
0.508287
0.547065
0.521787
0.525087
0.506383
0.508094
0.509572
0.524192
0.54195
0.539036
0.518682
0.515121
0.522512
0.518538
0.513415
0.517758
0.519545
0.529061
0.540122
0.525147
0.552541
0.525969
0.528903
0.52996
0.512575
0.505562
0.554744
0.521218
0.523902
0.503181
0.589881
0.510869
0.491117
0.511589
0.508932
0.509827
0.515179
0.566733
0.508139
0.511929
0.514083
0.543087
0.540261
0.508976
0.508897
0.519488
0.507289
0.503938
0.505617
0.521969
0.519984
0.503901
0.50979
0.523938
0.527027
0.52293
0.540871
0.517468
0.500172
0.52531
0.518135
0.52823
0.564425
0.524218
0.517336
0.505137
0.509707
0.534282
0.516453
0.532569
0.525227
0.550818
0.5058
0.517193
0.509738
0.651309
0.669886
0.51937
0.509372
0.51281
0.527405
0.529955
0.523596
0.718666
0.503557
0.503307
0.538969
0.509861
0.499002
0.531715
0.499332
0.502454
0.503837
0.513422
0.542882
0.663457
0.654735
0.611211
0.538678
0.51224
0.515298
0.506872
0.51531
0.628477
0.685207
0.625548
0.531099
0.528561
0.516885
0.50584
0.518187
0.525239
0.526164
0.509174
0.503957
0.507749
0.522322
0.526344
0.528869
0.531785
0.530459
0.526671
0.52137
0.503296
0.560283
0.537124
0.533226
0.509338
0.521096
0.515157
0.528331
0.506363
0.516518
0.530126
0.534005
0.511428
0.532556
0.526599
0.509208
0.505731
0.506408
0.502693
0.519698
0.511453
0.537004
0.52101
0.544251
0.507406
0.525284
0.502817
0.505013
0.497896
0.515121
0.512857
0.500497
0.51348
0.512473
0.53296
0.526328
0.501988
0.523171
0.523549
0.644183
0.518569
0.502574
0.512311
0.520191
0.525772
0.515795
0.523089
0.5079
0.526324
0.544582
0.517716
0.529244
0.524368
0.498685
0.518083
0.507833
0.518901
0.514132
0.531029
0.531353
0.525077
0.530145
0.508313
0.489929
0.712971
0.522456
0.519083
0.50957
0.501153
0.541774
0.53413
0.515874
0.518361
0.50712
0.501758
0.512716
0.496814
0.527038
0.527904
0.512121
0.518977
0.55166
0.525348
0.678082
0.519835
0.532287
0.676546
0.645182
0.498601
0.502106
0.523782
0.522506
0.529019
0.504511
0.504564
0.523435
0.509915
0.509402
0.527544
0.508946
0.500947
0.526023
0.507133
0.527163
0.521272
0.501992
0.520666
0.502397
0.531197
0.506171
0.533129
0.499295
0.518366
0.51984
0.507786
0.504224
0.522564
0.611032
0.521214
0.524336
0.515213
0.527506
0.502522
0.517291
0.510312
0.530753
0.503689
0.53271
0.502341
0.522737
0.505739
0.790126
0.526437
0.505262
0.521481
0.516455
0.513156
0.508002
0.536996
0.524518
0.5929
0.519804
0.498056
0.517561
0.567885
0.53316
0.531033
0.587516
0.501011
0.500757
0.514044
0.518873
0.488449
0.68953
0.498299
0.566518
0.525991
0.506033
0.520087
0.528381
0.52743
0.507431
0.52321
0.535877
0.512243
0.508647
0.517565
0.51121
0.526039
0.521661
0.501185
0.499098
0.503653
0.508348
0.527863
0.52312
0.529084
0.528682
0.507458
0.521313
0.500461
0.513984
0.505403
0.503167
0.511839
0.513845
0.512295
0.530021
0.513736
0.554711
0.530143
0.524803
0.508634
0.523125
0.52924
0.513278
0.500763
0.52573
0.52663
0.500605
0.515213
0.522852
0.511381
0.508033
0.511967
0.515603
0.514749
0.507985
0.524154
0.663
0.505781
0.491197
0.514658
0.507181
0.510726
0.514888
0.518414
0.522654
0.514227
0.630799
0.510962
0.529801
0.520413
0.532126
0.538792
0.506582
0.508177
0.504762
0.52065
0.590875
0.508086
0.515954
0.515699
0.514255
0.521385
0.606111
0.526653
0.712397
0.514229
0.592463
0.518642
0.50183
0.525221
0.522507
0.512433
0.504063
0.526297
0.564751
0.511144
0.4831
0.509851
0.500593
0.505345
0.522291
0.525108
0.524649
0.515827
0.506874
0.529279
0.504248
0.522823
0.499864
0.520383
0.515516
0.520817
0.513931
0.506075
0.52081
0.515917
0.529147
0.678702
0.499914
0.508887
0.505844
0.52082
0.517147
0.524215
0.530353
0.531563
0.503716
0.513224
0.532142
0.615191
0.497609
0.493716
0.502786
0.498489
0.514984
0.519201
0.530459
0.507032
0.506669
0.542786
0.516992
0.527652
0.509902
0.50603
0.569427
0.635065
0.502133
0.518759
0.545473
0.530366
0.510646
0.504635
0.516489
0.544137
0.53388
0.530591
0.522938
0.510531
0.495209
0.532257
0.502946
0.499527
0.511791
0.506061
0.505591
0.517217
0.502401
0.524961
0.506984
0.528188
0.515734
0.524625
0.499827
0.583454
0.514512
0.522659
0.554408
0.528459
0.500103
0.507536
0.496136
0.517689
0.512183
0.633366
0.521424
0.506328
0.519199
0.573663
0.563732
0.51773
0.50993
0.523732
0.509585
0.589713
0.492871
0.49706
0.598461
0.544934
0.507959
0.528922
0.539138
0.515793
0.517609
0.500317
0.520951
0.662408
0.525726
0.514165
0.503939
