0.496794
0.495989
0.513146
0.510041
0.492346
0.523681
0.518761
0.524507
0.518858
0.669826
0.669369
0.518526
0.517383
0.501477
0.505866
0.504312
0.50002
0.503126
0.500439
0.502255
0.525656
0.505695
0.504147
0.497039
0.524465
0.526778
0.524514
0.515233
0.514008
0.508184
0.508974
0.514185
0.506335
0.584291
0.500721
0.502363
0.529539
0.525153
0.553204
0.517217
0.522245
0.510707
0.537872
0.511055
0.498747
0.497646
0.50264
0.507903
0.530124
0.527961
0.510214
0.507388
0.52119
0.516871
0.515759
0.508517
0.516718
0.660679
0.691305
0.671228
0.525367
0.528505
0.528199
0.528928
0.523655
0.523874
0.531915
0.529939
0.528012
0.526684
0.52404
0.516367
0.516
0.514123
0.514842
0.518069
0.51649
0.518042
0.53563
0.545137
0.529018
0.517392
0.518263
0.519302
0.506181
0.508934
0.527755
0.502978
0.507128
0.516719
0.526244
0.52561
0.530864
0.640917
0.611233
0.498404
0.500411
0.505669
0.505869
0.512713
0.523923
0.551681
0.50315
0.524154
0.505631
0.504895
0.525733
0.527792
0.529008
0.527097
0.510042
0.510362
0.520741
0.531918
0.534233
0.532136
0.495587
0.489853
0.538323
0.534153
0.528718
0.518747
0.494967
0.495924
0.496901
0.55919
0.554141
0.52193
0.521423
0.523602
0.525078
0.530274
0.530947
0.524989
0.52918
0.524367
0.528707
0.49893
0.526431
0.540635
0.527521
0.525618
0.522589
0.642873
0.644147
0.664478
0.514042
0.51607
0.506025
0.563062
0.508425
0.506023
0.525007
0.522725
0.500917
0.497338
0.498518
0.531718
0.704396
0.515967
0.52115
0.511063
0.549942
0.544579
0.521086
0.524418
0.509416
0.507852
0.507066
0.527525
0.524904
0.502351
0.481544
0.495314
0.49282
0.541864
0.557124
0.565358
0.523593
0.526888
0.528392
0.555588
0.547807
0.518994
0.510417
0.515708
0.596613
0.585201
0.526008
0.51164
0.514647
0.514551
0.497784
0.559259
0.529369
0.526055
0.530878
0.527381
0.510316
0.515622
0.511231
0.5133
0.512591
0.512915
0.512776
0.531401
0.527456
0.530951
0.532304
0.512527
0.51023
0.522076
0.525791
0.524662
0.522534
0.520388
0.521678
0.517414
0.523225
0.523051
0.527722
0.498684
0.502351
0.496294
0.506291
0.502601
0.502991
0.55232
0.552697
0.513708
0.512004
0.502398
0.488452
0.526265
0.512094
0.503099
0.513124
0.527437
0.531919
0.524961
0.527509
0.523919
0.521953
0.523584
0.512791
0.528726
0.521059
0.528576
0.522089
0.522626
0.556017
0.566403
0.498089
0.515035
0.516023
0.518353
0.518835
0.662647
0.624037
0.649561
0.532099
0.531146
0.523309
0.527017
0.526407
0.498551
0.524943
0.526571
0.521789
0.531956
0.510355
0.504101
0.527286
0.52742
0.521311
0.527345
0.526393
0.52927
0.517879
0.513757
0.5225
0.525414
0.523716
0.520422
0.520823
0.657765
0.510912
0.517945
0.509729
0.514717
0.484011
0.52857
0.528685
0.496658
0.50443
0.50702
0.525841
0.527495
0.540791
0.504186
0.523807
0.551232
0.556144
0.517213
0.523534
0.51773
0.515955
0.531134
0.515974
0.502178
0.50749
0.53719
0.555982
0.516521
0.513858
0.531089
0.530533
0.514189
0.497982
0.504314
0.514334
0.711799
0.498649
0.501769
0.516311
0.516289
0.533287
0.529621
0.533571
0.519251
0.519761
0.518044
0.51013
0.529866
0.533121
0.532564
0.610953
0.580821
0.505348
0.501889
0.509085
0.502484
0.519404
0.515351
0.517824
0.517351
0.508027
0.509287
0.526404
0.5284
0.50932
0.504659
0.516953
0.516832
0.522202
0.517657
0.516956
0.518346
0.52099
0.518645
0.496891
0.531929
0.531778
0.527855
0.510054
0.512629
0.525326
0.526203
0.525701
0.522103
0.516232
0.634363
0.589418
0.529473
0.507348
0.548788
0.552171
0.503317
0.551893
0.65083
0.612761
0.703049
0.604046
0.541976
0.533814
0.516746
0.518508
0.548838
0.545883
0.559066
0.50663
0.501393
0.505743
0.507421
0.506622
0.533462
0.522651
0.506791
0.509416
0.528577
0.492444
0.537966
0.5274
0.525309
0.510231
0.512952
0.512037
0.522504
0.517084
0.527103
0.491305
0.500445
0.526415
0.528187
0.513719
0.517612
0.51482
0.516281
0.507833
0.520174
0.521394
0.545984
0.515438
0.52587
0.538625
0.579894
0.569494
0.499225
0.502648
0.495872
0.523589
0.521168
0.527094
0.519422
0.52147
0.525456
0.524949
0.498788
0.499836
0.492468
0.488328
0.484351
0.504421
0.506061
0.50156
0.500393
0.499968
0.498897
0.513093
0.510598
0.508012
0.52105
0.527647
0.509991
0.523908
0.614541
0.611416
0.506964
0.503955
0.512555
0.511985
0.508598
0.528599
0.502708
0.518824
0.512975
0.507401
0.500879
0.503969
0.502376
0.505573
0.509284
0.503699
0.524098
0.529905
0.528325
0.529023
0.528354
0.510069
0.504399
0.526507
0.525732
0.524505
0.515649
0.519232
0.519642
0.513843
0.531381
0.522181
0.512312
0.53222
0.506638
0.516103
0.515825
0.514688
0.519065
0.523058
0.522569
0.515638
0.514995
0.503372
0.503126
0.515949
0.515624
0.528578
0.527315
0.527822
0.638103
0.627121
0.527058
0.529156
0.513075
0.510613
0.520474
0.521643
0.52942
0.50763
0.508509
0.508926
0.502729
0.510379
0.521949
0.526519
0.542672
0.526634
0.49893
0.518793
0.536245
0.511392
0.513962
0.514361
0.525429
0.491916
0.504983
0.51807
0.494603
0.48639
0.525399
0.526978
0.520971
0.517403
0.516408
0.530072
0.687861
0.565456
0.499547
0.500665
0.503353
0.50462
0.526178
0.522563
0.522524
0.501086
0.525119
0.525679
0.53037
0.528324
0.522721
0.564985
0.59818
0.530394
0.517756
0.520888
0.520316
0.512345
0.523718
0.502737
0.501803
0.53102
0.510864
0.526392
0.528517
0.513763
0.507006
0.506521
0.51769
0.513534
0.597756
0.516855
0.490928
0.514611
0.528908
0.529803
0.497607
0.496948
0.509101
0.50282
0.523342
0.531603
0.553551
0.550603
0.56071
0.536926
0.520886
0.519885
0.524921
0.526906
0.532576
0.536056
0.55673
0.506226
0.51667
0.675403
0.518679
0.525008
0.515735
0.509607
0.487625
0.518759
0.522411
0.497025
0.513177
0.522429
0.516702
0.497973
0.509836
0.515263
0.529349
0.532343
0.517736
0.519569
0.51406
0.505515
0.517749
0.514443
0.532802
0.523549
0.560541
0.539692
0.508602
0.508335
0.512063
0.512583
0.525448
0.521544
0.522702
0.544542
0.543203
0.509621
0.509519
0.54675
0.50982
0.536053
0.53495
0.51548
0.511899
0.51904
0.697824
0.502125
0.504089
0.526033
0.526399
0.521272
0.515178
0.516992
0.518669
0.523505
0.53643
0.511969
0.521462
0.532866
0.530755
0.517028
0.512101
0.506744
0.503393
0.55354
0.554163
0.577866
0.490554
0.490386
0.489112
0.511567
0.519633
0.51656
0.51321
0.502938
0.504211
0.638999
0.507079
0.507461
0.49885
0.500921
0.518731
0.510651
0.517199
0.507074
0.49526
0.498392
0.518839
0.519295
0.525987
0.527757
0.524858
0.499978
0.515347
0.506924
0.519576
0.52264
0.51532
0.51694
0.51624
0.613795
0.586545
0.56661
0.529143
0.527411
0.507678
0.505943
0.508115
0.499694
0.525661
0.523976
0.522108
0.525583
0.520189
0.515535
0.52907
0.503217
0.500219
0.502237
0.508129
0.51288
0.586595
0.529045
0.518678
0.525929
0.526526
0.516545
0.52028
0.612255
0.649064
0.505507
0.510371
0.517596
0.521018
0.508247
0.505129
0.561901
0.561004
0.500928
0.503542
0.534562
0.536364
0.531881
0.5263
0.526811
0.506188
0.490104
0.471537
0.530007
0.548763
0.513165
0.534808
0.517239
0.522097
0.517945
0.507507
0.499627
0.518712
0.523663
0.508568
0.508822
0.596297
0.632789
0.549203
0.539335
0.521589
0.517777
0.500639
0.624189
0.623758
0.602815
0.634017
0.521248
0.515147
0.529614
0.512758
0.513283
0.525222
0.504865
0.526479
0.524846
0.522841
0.51662
0.512628
0.512244
0.527761
0.521032
0.523568
0.493811
0.524477
0.526634
0.533901
0.531628
0.529086
0.575159
0.495572
0.497937
0.495816
0.515369
0.510753
0.520065
0.534632
0.545989
0.554069
0.526588
0.511139
0.510552
0.628087
0.505036
0.513846
0.509071
0.508114
0.54231
0.521499
0.517701
0.513777
0.529767
0.531864
0.508897
0.511294
0.536233
0.517608
0.521653
0.520674
0.513581
0.511845
0.508542
0.510414
0.500648
0.510115
0.52677
0.525973
0.518855
0.508728
0.512277
0.510334
0.572247
0.59425
0.515946
0.533752
0.543306
0.548159
0.503053
0.507839
0.545922
0.528523
0.525112
0.604016
0.57606
0.506483
0.5463
0.533821
0.535843
0.516639
0.573807
0.558265
0.50512
0.507419
0.638949
0.574725
0.564668
0.532142
0.51475
0.516759
0.525547
0.519693
0.539256
0.530935
0.530039
0.530989
0.50331
0.516045
0.516007
0.520399
0.522011
0.512056
0.703519
0.661711
0.662941
0.641888
0.520542
0.523921
0.506897
0.521069
0.52803
0.498988
0.53055
0.533307
0.523852
0.673227
0.597624
0.509807
0.528537
0.526919
0.501996
0.523346
0.526261
0.497983
0.508943
0.504543
0.517955
0.521524
0.526333
0.50465
0.51105
0.516886
0.532447
0.527573
0.522755
0.520599
0.524531
0.523038
0.526433
0.518652
0.503784
0.54192
0.594499
0.526658
0.530982
0.571551
0.579483
0.504487
0.507414
0.523844
0.54777
0.548945
0.55201
0.543191
0.51284
0.517472
0.513582
0.508073
0.526357
0.533786
0.496131
0.498454
0.499973
0.494831
0.605223
0.556899
0.496096
0.501047
0.746757
0.701106
0.498205
0.523066
0.521917
0.50549
0.540152
0.521375
0.504631
0.548896
0.557606
0.512811
0.511533
0.51694
0.519503
0.523339
0.511619
0.497632
0.517751
0.52119
0.531028
0.530058
0.505842
0.505238
0.501702
0.649566
0.519275
0.520861
0.520194
0.51596
0.524289
0.507793
0.532233
0.500469
0.505784
0.512611
0.557433
0.528747
0.534944
0.5312
0.516921
0.514547
0.500159
0.516249
0.517405
0.53663
0.511335
0.51403
0.674262
0.509657
0.517902
0.515682
0.699117
0.614582
0.594146
0.623618
0.498452
0.540308
0.510176
0.52122
0.524982
0.510431
0.52286
0.515694
0.524329
0.507335
0.521295
0.533089
0.533107
0.551019
0.494279
0.504629
0.500476
0.544084
0.501838
0.506141
0.69678
0.536794
0.515413
0.521084
0.512504
0.498252
0.495474
0.498903
0.531947
0.531633
0.538083
0.506197
0.486978
0.501579
0.501331
0.497813
0.529647
0.523473
0.503251
0.492125
0.589454
0.508793
0.509132
0.509353
0.508656
0.506871
0.517898
0.528043
0.490977
0.685279
0.713354
0.5015
0.517532
0.520706
0.541404
0.541024
0.518465
0.523726
0.52027
0.51461
0.532304
0.561182
0.508407
0.507515
0.505048
0.521767
0.504109
0.590673
0.554891
0.547028
0.521788
0.51913
0.539315
0.505917
0.49294
0.500851
0.506202
0.505899
0.529032
0.676591
0.507322
0.511356
0.509995
0.518884
0.506179
0.50681
0.606704
0.521789
0.524243
0.515252
0.509332
0.517237
0.574772
0.521049
0.5123
0.564792
0.542011
0.501927
0.518933
0.516964
0.531677
0.529381
0.51476
0.523261
0.522717
0.502474
0.505154
0.506169
0.537044
0.545288
0.503313
0.504272
0.535026
0.522559
0.530449
0.515797
0.515099
0.503583
0.498115
0.506051
0.498563
0.498759
0.505431
0.503993
0.587456
0.522808
0.519909
0.621354
0.525334
0.521927
0.49395
0.516801
0.514606
0.513335
0.694927
0.503873
0.505004
0.52379
0.497948
0.505623
0.513488
0.513641
0.509497
0.508086
0.507954
0.50472
0.551957
0.555016
0.539438
0.524243
0.521827
0.518452
0.517233
0.526507
0.524504
0.510455
0.520487
0.514271
0.498207
0.503116
0.525933
0.530684
0.501189
0.50486
0.541219
0.532259
0.535221
0.532489
0.498188
0.499481
0.503809
0.497786
0.496153
0.551157
0.523112
0.522173
0.519262
0.610445
0.597762
0.561138
0.531303
0.525471
0.531523
0.530279
0.603377
0.52352
0.506766
0.505698
0.510822
0.558437
0.543859
0.508664
0.505509
0.540585
0.505526
0.511442
0.561966
0.516827
0.504025
0.502885
0.607523
0.551594
0.518524
0.509604
0.513052
0.518914
0.503213
0.512379
0.530867
0.517377
0.524561
0.517332
0.523583
0.516883
0.514386
0.519205
0.508238
0.522124
0.521901
0.543501
0.557901
0.500302
0.533928
0.535521
0.515536
0.501914
0.496919
0.517332
0.513054
0.497282
0.499947
0.523084
0.513275
0.511903
0.509671
0.514752
0.530344
0.518402
0.519555
0.52598
0.522692
0.502429
0.525078
0.522904
0.519171
0.503377
0.518419
0.518588
0.497393
0.527157
0.523786
0.507337
0.513987
0.531371
0.533773
0.530025
0.497129
0.514142
0.503236
0.505579
0.525108
0.530152
0.550261
0.502172
0.572571
0.503175
0.499417
0.578787
0.548433
0.513388
0.533511
0.511412
0.520662
0.512693
0.505768
0.518054
0.537802
0.541548
0.518789
0.523672
0.519613
0.515266
0.539452
0.50919
0.521728
0.620128
0.529949
0.51925
0.501074
0.493033
0.516236
0.510369
0.509995
0.504667
0.505223
0.522089
0.504433
0.512986
0.51835
0.517266
0.519649
0.502183
0.512204
0.514058
0.521294
0.519544
0.505377
0.526054
0.524498
0.52177
0.497437
0.495144
0.532326
0.532626
0.511994
0.530769
0.529051
0.527724
0.52528
0.519735
0.503024
0.495788
0.492003
0.496144
0.636846
0.659706
0.638477
0.527807
0.528576
0.515155
0.529521
0.51932
0.527804
0.509668
0.527869
0.486341
0.514274
0.513143
0.510944
0.503947
0.51622
0.52604
0.531199
0.527992
0.521679
0.519323
0.525157
0.511416
0.502286
0.569319
0.587497
0.495322
0.49547
0.501981
0.52849
0.53355
0.534501
0.492341
0.506271
0.56802
0.514957
0.516412
0.529693
0.504391
0.513898
0.50273
0.494816
0.49229
0.490986
0.525237
0.533583
0.497086
0.500675
0.511732
0.508119
0.537809
0.516337
0.511354
0.503956
0.524409
0.525829
0.501028
0.552592
0.524981
0.498948
0.501041
0.526936
0.510896
0.520937
0.507645
0.500477
0.519414
0.53313
0.527366
0.535865
0.518841
0.507069
0.52496
0.539264
0.510892
0.692442
0.529649
0.504051
0.591199
0.521692
0.504755
0.516384
0.506774
0.509252
0.508816
0.530008
0.526821
0.494334
0.512551
0.628211
0.590693
0.516593
0.507108
0.512147
0.527429
0.557097
0.522732
0.507437
0.514236
0.523201
0.520784
0.516764
0.490784
0.51215
0.49232
0.510912
0.550126
0.682151
0.527497
0.507768
0.50481
0.509393
0.495659
0.510991
0.507739
0.514478
0.515805
0.497923
0.518182
0.517415
0.60917
0.537299
0.562893
0.519402
0.50291
0.510875
0.512594
0.508874
0.505925
0.523599
0.515036
0.54546
0.516153
0.528611
0.593922
0.517048
0.506917
0.559
0.534043
0.505771
0.499654
0.507562
0.510809
0.626862
0.493955
0.595451
0.511537
0.495201
0.497518
0.503732
0.573804
0.5066
0.525657
0.503351
0.500333
0.503401
0.503474
0.522588
0.586069
0.580517
0.523844
0.519392
0.581765
0.505854
0.539767
0.546448
0.509527
0.515216
0.501151
0.495088
0.521888
0.517222
0.522337
0.523907
0.507147
0.510724
0.509893
0.529583
0.529689
0.525079
0.528728
0.526607
0.526477
0.514309
0.528175
0.523774
0.50506
0.514116
0.518852
0.560865
0.512703
0.518162
0.516081
0.507789
0.51034
0.515837
0.494132
0.499823
0.529798
0.507969
0.518823
0.505307
0.499746
0.515003
0.514388
0.500991
0.526068
0.497841
0.526242
0.52141
0.521047
0.521982
0.586423
0.503412
0.511081
0.514032
0.521178
0.523826
0.516971
0.502929
0.512985
0.512037
0.510451
0.503888
0.511895
0.501055
0.527822
0.516222
0.507147
0.524798
0.512745
0.522027
0.568036
0.505859
0.516738
0.513232
0.670139
0.507785
0.503661
0.518858
0.510237
0.524181
0.534528
0.502484
0.500589
0.617338
0.599891
0.536885
0.531197
0.533994
0.526393
0.502518
0.527448
0.512219
0.523832
0.520242
0.526172
0.511237
0.516506
0.524239
0.516349
0.521521
0.511902
0.510153
0.514572
0.497626
0.49696
0.498402
0.502708
0.604852
0.502105
0.53726
0.498472
0.493435
0.52847
0.528927
0.568808
0.501744
0.524116
0.517028
0.660146
0.518645
0.597651
0.508796
0.516461
0.511375
0.676537
0.511442
0.530508
0.518422
0.516111
0.500413
0.501388
0.519103
0.526893
0.507185
0.596913
0.520532
0.502029
0.507861
0.514439
0.507857
0.53193
0.526134
0.553543
0.506141
0.52247
0.573164
0.528134
0.509121
0.534194
0.529244
0.51173
0.536336
0.505536
0.511836
0.526032
0.516729
0.511535
0.522998
0.492576
0.637301
0.519228
0.507534
0.501421
0.512578
0.512281
0.501571
0.526028
0.522196
0.527266
0.510451
0.528714
0.528094
0.517518
0.605846
0.547276
0.524651
0.522904
0.529163
0.530406
0.496428
0.520735
0.511357
0.621407
0.513336
0.555179
0.677521
0.508218
0.505342
0.49416
0.511997
0.500977
0.509377
0.520284
0.552553
0.516129
0.517286
0.525759
0.506593
0.512421
0.512584
0.526471
0.52159
0.576884
0.514382
0.507612
0.510725
0.52011
0.504987
0.518757
0.494587
0.523183
0.509022
0.516657
0.534331
0.499228
0.528318
0.529755
0.50024
0.529798
0.523928
0.53099
0.501028
0.522145
0.524683
0.523473
0.511881
0.527319
0.593495
0.506824
0.504683
0.502029
0.534439
0.508278
0.49872
0.497855
0.52606
0.509472
0.492622
0.503658
0.529256
0.517124
0.508926
0.528586
0.595806
0.511501
0.503786
0.531256
0.505528
0.508161
0.513984
0.527248
0.514535
0.522114
0.516713
0.528927
0.530603
0.516651
0.492675
0.53072
0.527524
0.528897
0.496966
0.521846
0.557443
0.516903
0.517078
0.505052
0.534299
0.52036
0.486135
0.523924
0.506897
0.510493
0.522666
0.514372
0.501852
0.510291
0.5295
0.52175
0.530889
0.515347
0.498081
0.519642
0.510318
0.610066
0.502824
0.510364
0.524147
0.528005
0.6778
0.535189
0.52495
0.561867
0.507943
0.532311
0.516141
0.513253
0.500611
0.516875
0.517924
0.509056
0.499803
0.492207
0.516745
0.525877
0.584044
0.554353
0.510239
0.524292
0.495404
0.515443
0.590221
0.520576
0.603694
0.498218
0.553634
0.53473
0.499875
0.56907
0.520911
0.513479
0.501989
0.526861
0.512426
0.519677
0.515665
0.531971
0.533107
0.521697
0.521429
0.522209
0.523402
0.505598
0.509421
0.50599
0.511371
0.501064
0.49884
0.525722
0.513922
0.559964
0.52883
0.506734
0.49861
0.502235
0.504623
0.512406
0.529062
0.52955
0.533302
0.535472
0.512078
0.503247
0.531244
0.516699
0.523015
0.498458
0.506467
0.51341
0.510243
0.528906
0.529756
0.528226
0.530871
0.525623
0.532828
0.537663
0.553403
0.502929
0.5212
0.524829
0.500111
0.502685
0.507489
0.504741
0.50911
0.503013
0.502461
0.520772
0.529569
0.524796
0.517203
0.51691
0.512874
0.52207
0.532937
0.521183
0.518856
0.5609
0.516425
0.504535
0.514022
0.507043
0.496993
0.528525
0.530625
0.526477
0.517867
0.522964
0.518078
0.503929
0.508355
0.500668
0.529116
0.543321
0.628005
0.61767
0.516156
0.511276
0.517566
0.519709
0.53493
0.528096
0.554419
0.502662
0.515359
0.513766
0.591569
0.504457
0.528686
0.529804
0.527333
0.529186
0.576329
0.637503
0.535792
0.518796
0.504552
0.538095
0.509163
0.595612
0.497434
0.525245
0.521248
0.53641
0.526287
0.49551
0.498975
0.519616
0.543945
0.518273
0.502912
0.512752
0.49887
0.535591
0.506734
0.496513
0.527623
0.529095
0.489372
0.502264
0.491208
0.616029
0.506313
0.512911
0.638013
0.521708
0.558783
0.54099
0.534374
0.530926
0.527752
0.518807
0.524114
0.513732
0.508829
0.510687
0.596861
0.610761
0.519611
0.517352
0.514476
0.51537
0.523987
0.529045
0.534098
0.513653
0.523883
0.579028
0.540084
0.558932
0.517975
0.521343
0.532451
0.497981
0.530805
0.525853
0.50874
0.533337
0.532521
0.548586
0.500486
0.512404
0.517229
0.629246
0.520053
0.550728
0.506064
0.531476
0.504791
0.518958
0.521173
0.501937
0.521246
0.525408
0.530289
0.522938
0.496773
0.50398
0.648995
0.50696
0.507997
0.527368
0.536635
0.660225
0.502528
0.502636
0.512114
0.512374
0.521473
0.51635
0.533772
0.515838
0.523923
0.531729
0.509103
0.537465
0.509231
0.507318
0.506167
0.537762
0.50318
0.522314
0.517346
0.51841
0.517543
0.54834
0.505164
0.555518
0.586922
0.52018
0.504481
0.518733
0.525349
0.509187
0.533729
0.514926
0.573969
0.514192
0.512166
0.495124
0.518873
0.510098
0.503906
0.51406
0.500477
0.511181
0.507958
0.513285
0.49986
0.598502
0.517731
0.539282
0.509861
0.540244
0.538198
0.513338
0.499845
0.501065
0.503757
0.522867
0.514013
0.503145
0.507172
0.506106
0.502507
0.523873
0.519673
0.519922
0.519034
0.525304
0.527013
0.546877
0.527847
0.508114
0.533553
0.54578
0.545128
0.548405
0.523406
0.56114
0.564344
0.525743
0.499733
0.636231
0.51674
0.508899
0.528153
0.530517
0.519087
0.605919
0.542727
0.529059
0.52841
0.525902
0.51098
0.50347
0.532156
0.527527
0.542195
0.576504
0.507481
0.506643
0.523452
0.531804
0.528978
0.527497
0.499928
0.52078
0.594705
0.501609
0.498508
0.501716
0.512656
0.526094
0.541419
0.65568
0.601418
0.501035
0.53149
0.510065
0.514147
0.510741
0.535143
0.510605
0.494298
0.513045
0.649559
0.496479
0.506721
0.497231
0.528228
0.575326
0.616256
0.516146
0.641313
0.522489
0.511439
0.525855
0.514891
0.508269
0.511421
0.515402
0.519606
0.519728
0.529285
0.502744
0.517372
0.530051
0.530182
0.514102
0.53364
0.52586
0.522363
0.502871
0.550226
0.531804
0.511457
0.514828
0.508745
0.507444
0.506749
0.525119
0.534962
0.613765
0.53158
0.51066
0.52006
0.528453
0.506615
0.515602
0.51132
0.53329
0.533022
0.51104
0.541361
0.552097
0.504118
0.5281
0.532739
0.515042
0.502059
0.525037
0.516955
0.511846
0.519997
0.500402
0.511761
0.511101
0.525316
0.529115
0.531476
0.539911
0.527672
0.527222
0.517668
0.515749
0.5259
0.524334
0.528974
0.597009
0.533981
0.515882
0.527188
0.532752
0.608073
0.525896
0.512136
0.495755
0.528692
0.512533
0.544503
0.496483
0.514278
0.51386
0.506734
0.576121
0.514153
0.503213
0.504422
0.529331
0.520969
0.508991
0.531135
0.537641
0.516382
0.527614
0.534325
0.522142
0.522823
0.496108
0.547058
0.528237
0.5261
0.49045
0.530646
0.505903
0.529177
0.520634
0.514523
0.519287
0.525533
0.500587
0.507139
0.523339
0.500893
0.507905
0.518126
0.527815
0.51394
0.500811
0.515873
0.501566
0.507916
0.521559
0.524715
0.521752
0.512264
0.506617
0.506307
0.495457
0.524008
0.524271
0.501696
0.51475
0.515101
0.509473
0.507451
0.52302
0.538464
0.517244
0.50482
0.522013
0.505369
0.511866
0.512623
0.528724
0.52127
0.528051
0.642441
0.521682
0.506126
0.535632
0.521824
0.511394
0.513813
0.539049
0.5081
0.550351
0.557524
0.561638
0.513615
0.508345
0.509252
0.526533
0.508651
0.526121
0.519375
0.529768
0.507351
0.519308
0.48382
0.487429
0.524302
0.503593
0.510275
0.51268
0.596811
0.523155
0.505924
0.519462
0.524061
0.509564
0.596017
0.504537
0.519365
0.515536
0.513265
0.524328
0.515229
0.505544
0.502812
0.518268
0.525916
0.489188
0.515218
0.517275
0.515343
0.500808
0.527094
0.510408
0.516968
0.500232
0.548972
0.533679
0.503318
0.518891
0.512355
0.521596
0.532958
0.502121
0.513967
0.498684
0.645139
0.515246
0.508147
0.528786
0.507282
0.505299
0.53581
0.522269
0.525979
0.522167
0.518246
0.527695
0.513619
0.519344
0.528828
0.500332
0.508643
0.496527
0.504119
0.516559
0.5137
0.494117
0.554019
0.519582
0.508446
0.535325
0.509045
0.511448
0.507752
0.530335
0.5052
0.51103
0.522674
0.511785
0.499488
0.506584
0.506188
0.52722
0.526242
0.501264
0.498486
0.508799
0.51971
0.517713
0.50988
0.521942
0.52323
0.511371
0.514206
0.506926
0.51674
0.531467
0.55323
0.509466
0.518457
0.510288
0.517589
0.499799
0.517676
0.524873
0.576113
0.515372
0.52028
0.498391
0.510499
0.526111
0.504039
0.500709
0.513399
0.568547
0.508583
0.640224
0.515728
0.554223
0.532418
0.500655
0.524279
0.621084
0.517676
0.502868
0.522845
0.548554
0.52702
0.497122
0.494092
0.510418
0.518966
0.526506
0.505003
0.508112
0.553126
0.530522
0.518765
0.512661
0.489
0.515253
0.506814
0.496379
0.515722
0.531295
0.504381
0.522217
0.507159
0.496816
0.509474
0.505835
0.530821
0.506887
0.528833
0.51006
0.528035
0.512096
0.502479
0.503332
0.523881
0.49719
0.634232
0.616492
0.512315
0.532543
0.593092
0.520623
0.511517
0.50734
0.543418
0.5062
0.547
0.531891
0.538853
0.50989
0.515094
0.524346
0.505482
0.52411
0.522535
0.528121
0.502152
0.51546
0.522503
0.522732
0.531166
0.663122
0.514776
0.528864
0.519228
0.505381
0.507671
0.526134
0.511381
0.510691
0.510751
0.523371
0.504978
0.505921
0.521846
0.503565
0.503407
0.533465
0.524926
0.576061
0.485138
0.577378
