0.521605
0.521351
0.53117
0.531492
0.52549
0.51995
0.535662
0.528413
0.533907
0.531627
0.522756
0.52185
0.522317
0.523457
0.521887
0.533166
0.532029
0.512692
0.518113
0.512217
0.518336
0.53209
0.533929
0.533406
0.543965
0.55182
0.570506
0.521979
0.522948
0.525981
0.533308
0.546258
0.519701
0.545604
0.539809
0.530378
0.51971
0.520299
0.521932
0.521428
0.531269
0.525994
0.531221
0.51311
0.540149
0.530717
0.520594
0.522726
0.515961
0.517931
0.521457
0.540642
0.53577
0.524476
0.52266
0.52265
0.521767
0.553963
0.549623
0.531133
0.53084
0.52162
0.521591
0.530746
0.530778
0.535018
0.530591
0.521898
0.530581
0.522959
0.514708
0.523776
0.525185
0.533351
0.533258
0.526275
0.521556
0.521884
0.532309
0.520038
0.521444
0.513902
0.522998
0.524392
0.524312
0.51892
0.51786
0.518296
0.54012
0.533791
0.524131
0.523401
0.523634
0.522863
0.521443
0.541019
0.517296
0.512948
0.521377
0.522411
0.523957
0.523504
0.521155
0.521042
0.5141
0.507897
0.506473
0.522386
0.54889
0.521387
0.521722
0.520978
0.525508
0.526264
0.527664
0.525337
0.523243
0.522658
0.545793
0.53125
0.507015
0.506708
0.50931
0.521865
0.52827
0.520333
0.520858
0.531167
0.537076
0.527673
0.520962
0.518708
0.531613
0.515586
0.515633
0.542363
0.538133
0.547478
0.521961
0.544932
0.523852
0.517006
0.516584
0.522127
0.509609
0.522093
0.5235
0.523899
0.51921
0.521195
0.537049
0.512082
0.520058
0.518349
0.551769
0.518646
0.508272
0.51959
0.526987
0.52058
0.516703
0.556311
0.521853
0.51356
0.538703
0.551907
0.535272
0.520881
0.520905
0.520992
0.543155
0.516316
0.533987
0.520111
0.534422
0.522393
0.52298
0.522384
0.522326
0.51379
0.518157
0.538758
0.519961
0.549291
0.5226
0.550301
0.539858
0.535723
0.526006
0.517101
0.517086
0.511949
0.523208
0.519901
0.526309
0.536486
0.528854
0.534429
0.53878
0.532473
0.543227
0.541728
0.513961
0.517316
0.517447
0.529574
0.529151
0.520652
0.518756
0.520323
0.526294
0.53325
0.513097
0.522179
0.535105
0.529284
0.524753
0.522349
0.52749
0.522381
0.535262
0.506532
0.521272
0.51514
0.52352
0.523853
0.536904
0.52201
0.522826
0.526874
0.532845
0.535585
0.535892
0.533676
0.531777
0.52316
0.521987
0.522082
0.521
0.52429
0.520668
0.520129
0.520679
0.51831
0.521307
0.519352
0.514169
0.51623
0.52967
0.535134
0.532605
0.520864
0.520724
0.520778
0.532305
0.526641
0.525859
0.52175
0.522959
0.519464
0.525066
0.528237
0.52341
0.518468
0.517241
0.516732
0.535063
0.540882
0.52627
0.519955
0.520987
0.52072
0.521373
0.529244
0.511751
0.523541
0.524113
0.5051
0.509057
0.524358
0.535804
0.527287
0.507488
0.507618
0.521071
0.521561
0.520216
0.520107
0.520853
0.520335
0.536429
0.536619
0.533277
0.525165
0.525567
0.519277
0.527324
0.524739
0.527429
0.527209
0.530083
0.521692
0.521884
0.530586
0.541496
0.521698
0.521693
0.522419
0.52229
0.535372
0.515622
0.529367
0.517809
0.517233
0.517368
0.521385
0.528541
0.526016
0.535365
0.558363
0.539886
0.539486
0.529887
0.522257
0.524568
0.52602
0.520739
0.519749
0.514777
0.514136
0.530013
0.5464
0.530794
0.545947
0.534327
0.522367
0.524533
0.532895
0.536915
0.524161
0.537253
0.552356
0.519513
0.524845
0.519014
0.516242
0.514902
0.51631
0.506315
0.515101
0.504325
0.529848
0.527213
0.557487
0.536108
0.529325
0.522585
0.522399
0.521147
0.522703
0.532381
0.535859
0.539471
0.541395
0.542897
0.531658
0.528637
0.519369
0.519954
0.526046
0.522063
0.520834
0.52287
0.522223
0.515996
0.506997
0.521213
0.505946
0.514047
0.527653
0.516071
0.517393
0.509874
0.503967
0.520798
0.521703
0.516556
0.518485
0.510354
0.523006
0.523096
0.520135
0.517896
0.537127
0.53531
0.521431
0.523257
0.537918
0.525377
0.510012
0.548454
0.517669
0.523434
0.538894
0.530626
0.520898
0.550011
0.522667
0.523841
0.522111
0.533173
0.532558
0.518028
0.522222
0.520946
0.522233
0.529697
0.52412
0.517083
0.522905
0.525108
0.518972
0.52901
0.526295
0.524521
0.504869
0.50773
0.512032
0.511376
0.506819
0.511505
0.505607
0.518308
0.531602
0.541408
0.520414
0.521027
0.52206
0.551838
0.531513
0.531814
0.528346
0.527259
0.529365
0.53071
0.531698
0.522264
0.528615
0.521853
0.523046
0.523537
0.521305
0.522424
0.528822
0.519632
0.527183
0.522918
0.531416
0.552164
0.551821
0.538888
0.522309
0.520426
0.522525
0.530741
0.530451
0.529426
0.514511
0.510982
0.535379
0.521546
0.524449
0.520984
0.515158
0.524406
0.530065
0.521669
0.51706
0.520147
0.519282
0.530445
0.519747
0.534154
0.535979
0.532728
0.527557
0.504748
0.51339
0.52845
0.527374
0.532548
0.523191
0.524216
0.521603
0.523491
0.530384
0.527326
0.530383
0.525771
0.536991
0.538917
0.522754
0.520672
0.522574
0.522489
0.522584
0.509862
0.539119
0.532303
0.543767
0.534838
0.534222
0.51563
0.532537
0.530035
0.530062
0.525708
0.517347
0.531036
0.528844
0.521906
0.525417
0.52121
0.523958
0.510046
0.51819
0.521954
0.527424
0.525624
0.517807
0.526254
0.522704
0.538292
0.541056
0.543194
0.521315
0.53578
0.536235
0.559021
0.544755
0.523989
0.539161
0.510808
0.515262
0.541141
0.535928
0.540808
0.550284
0.521229
0.530213
0.525358
0.518706
0.528032
0.526658
0.534815
0.507552
0.509961
0.518525
0.509716
0.52598
0.527533
0.522253
0.523975
0.521499
0.521528
0.53771
0.521139
0.520729
0.518547
0.530845
0.534876
0.541134
0.519256
0.522896
0.517637
0.530345
0.526969
0.520016
0.513962
0.543423
0.51867
0.525762
0.522036
0.514297
0.531375
0.506716
0.510565
0.514082
0.516817
0.538175
0.505676
0.510573
0.521246
0.574927
0.534241
0.500894
0.504371
0.5234
0.528675
0.52418
0.537821
0.520601
0.529047
0.525113
0.520336
0.52034
0.523511
0.504123
0.515504
0.520878
0.540772
0.547002
0.522412
0.517343
0.518037
0.523447
0.523345
0.528742
0.527221
0.542253
0.53349
0.523094
0.521818
0.528582
0.536766
0.522131
0.522059
0.525184
0.538298
0.535036
0.52343
0.530778
0.52535
0.523263
0.533086
0.529446
0.542982
0.520854
0.524705
0.533365
0.523722
0.512884
0.518501
0.526782
0.552291
0.516831
0.523595
0.522924
0.522563
0.524193
0.525212
0.521024
0.54523
0.530403
0.528704
0.524519
0.528381
0.526857
0.521372
0.522295
0.520071
0.520381
0.518823
0.523281
0.522425
0.547268
0.554971
0.521075
0.50943
0.530628
0.53234
0.538261
0.516487
0.539567
0.545284
0.516076
0.524865
0.517892
0.521975
0.528399
0.526208
0.515885
0.513945
0.519398
0.535131
0.520929
0.522629
0.52011
0.523119
0.532892
0.518428
0.522416
0.531004
0.522217
0.522434
0.515176
0.539846
0.552128
0.521129
0.55192
0.53648
0.533425
0.522461
0.515724
0.518432
0.507849
0.53847
0.521757
0.53462
0.527229
0.537131
0.52067
0.521984
0.542466
0.522397
0.539716
0.51884
0.522636
0.522098
0.514449
0.534462
0.519927
0.520984
0.532251
0.53843
0.52193
0.52198
0.539575
0.527881
0.532554
0.518729
0.519476
0.51905
0.523571
0.52329
0.528212
0.520856
0.522868
0.519613
0.550909
0.543762
0.545549
0.531718
0.529324
0.520531
0.521948
0.520947
0.555652
0.546513
0.521796
0.542533
0.548913
0.568524
0.529374
0.528498
0.537916
0.524575
0.522358
0.533545
0.530363
0.527451
0.525029
0.520465
0.521208
0.53906
0.515973
0.516262
0.542065
0.527229
0.516653
0.525598
0.522522
0.532311
0.512535
0.521645
0.508216
0.534866
0.525485
0.529091
0.528219
0.52376
0.522717
0.523595
0.555718
0.519456
0.539322
0.540472
0.541242
0.526523
0.528877
0.540002
0.51641
0.545001
0.515714
0.522744
0.520129
0.52397
0.527828
0.530582
0.532098
0.53649
0.528172
0.527413
0.518971
0.538954
0.523906
0.520888
0.543186
0.524698
0.524153
0.524677
0.529469
0.526681
0.514591
0.535151
0.521209
0.521264
0.521738
0.524465
0.530646
0.540827
0.518493
0.546338
0.535324
0.522112
0.539588
0.522644
0.524842
0.525321
0.532648
0.530131
0.527228
0.54432
0.538314
0.525957
0.523649
0.522638
0.527672
0.523999
0.521931
0.525961
0.540778
0.528971
0.540934
0.523371
0.522535
0.521245
0.528625
0.520306
0.516784
0.516842
0.523323
0.539658
0.526592
0.544422
0.521079
0.521728
0.520469
0.521959
0.538034
0.542068
0.514445
0.538955
0.521424
0.53493
0.533457
0.516983
0.522085
0.533585
0.559095
0.523089
0.521993
0.519037
0.523416
0.522784
0.528873
0.520903
0.542456
0.543437
0.527533
0.513565
0.521205
0.52168
0.538503
0.534942
0.542283
0.534312
0.513383
0.525192
0.530495
0.520293
0.527951
0.520592
0.529814
0.524313
0.515424
0.520697
0.536003
0.512972
0.516753
0.521648
0.510821
0.523506
0.52941
0.54524
0.530452
0.544193
0.529198
0.530246
0.525514
0.517281
0.532243
0.523029
0.531208
0.516636
0.50917
0.509337
0.517999
0.524708
0.528744
0.522344
0.523886
0.521088
0.524565
0.537425
0.547876
0.545889
0.521189
0.513889
0.539747
0.535771
0.543831
0.537958
0.517312
0.527426
0.505747
0.521615
0.514915
0.51108
0.545799
0.517586
0.522125
0.540371
0.521633
0.509323
0.522794
0.526105
0.521704
0.521215
0.51525
0.532808
0.52685
0.517353
0.530783
0.511347
0.519701
0.530729
0.521953
0.521341
0.522166
0.545046
0.524254
0.530308
0.535623
0.529905
0.508929
0.514207
0.544855
0.505859
0.521361
0.520873
0.535312
0.500665
0.522931
0.536844
0.525481
0.520759
0.519574
0.519711
0.522206
0.530169
0.517622
0.509967
0.541795
0.521615
0.523754
0.522172
0.521793
0.522638
0.541555
0.529844
0.528337
0.506608
0.540991
0.536703
0.515142
0.525151
0.533381
0.530537
0.54898
0.518801
0.509396
0.53305
0.525737
0.523035
0.535061
0.520966
0.532749
0.535287
0.520617
0.529739
0.542378
0.540078
0.529871
0.52281
0.523219
0.532029
0.53266
0.546529
0.533974
0.53989
0.527393
0.521248
0.518534
0.529762
0.519062
0.521357
0.529764
0.529438
0.51253
0.524794
0.528618
0.526327
0.527186
0.524597
0.52009
0.51092
0.508917
0.517085
0.530341
0.530171
0.529756
0.535368
0.516988
0.524827
0.526812
0.514647
0.519239
0.524083
0.529937
0.526322
0.534443
0.521716
0.526359
0.525456
0.525805
0.524807
0.529097
0.527903
0.520427
0.52225
0.520564
0.509721
0.519124
0.551721
0.512251
0.530191
0.527703
0.526594
0.516732
0.507294
0.516314
0.52246
0.517078
0.504619
0.526846
0.525685
0.518971
0.516101
0.521139
0.521695
0.532112
0.524515
0.535102
0.522358
0.539834
0.527003
0.515648
0.548617
0.530286
0.529247
0.516199
0.516221
0.527564
0.520927
0.531482
0.518885
0.516754
0.542409
0.542314
0.520749
0.512557
0.536117
0.531834
0.508152
0.523397
0.530973
0.521534
0.516814
0.5468
0.505866
0.520797
0.537724
0.52061
0.528361
0.515493
0.555216
0.510123
0.505068
0.526101
0.539897
0.517418
0.517505
0.539581
0.503336
0.511609
0.525203
0.520779
0.521596
0.517009
0.505096
0.531066
0.536207
0.517886
0.520352
0.522862
0.509064
0.50691
0.521585
0.542667
0.528986
0.502594
0.535475
0.526761
0.528242
0.530519
0.541371
0.53191
0.532899
0.532155
0.52049
0.521361
0.511842
0.522113
0.520247
0.529648
0.514018
0.533333
0.530535
0.528832
0.518621
0.509226
0.514696
0.516027
0.53373
0.519463
0.521082
0.529223
0.52135
0.525438
0.507046
0.513001
0.519756
0.51895
0.51486
0.49992
0.510391
0.532273
0.522553
0.519748
0.520941
0.522256
0.535401
0.542243
0.535361
0.522982
0.53952
0.516827
0.521542
0.5305
0.528781
0.528955
0.522837
0.506734
0.517378
0.519346
0.522659
0.497166
0.506133
0.526078
0.535318
0.531672
0.515477
0.519256
0.521232
0.530963
0.525528
0.527615
0.520408
0.521198
0.521238
0.533656
0.524953
0.522355
0.521287
0.520811
0.526154
0.522064
0.513331
0.522142
0.520971
0.5214
0.521293
0.519702
0.538592
0.521443
0.518696
0.522255
0.520111
0.53281
0.506622
0.51672
0.522933
0.519143
0.544179
0.497574
0.50705
0.541485
0.522008
0.52082
0.542219
0.516992
0.542137
0.501224
0.507367
0.510094
0.535074
0.536238
0.526478
0.523064
0.514356
0.509987
0.517922
0.540449
0.537058
0.529901
0.539447
0.530783
0.51698
0.515212
0.543194
0.523708
0.536144
0.532257
0.520833
0.522837
0.519946
0.522567
0.518117
0.524274
0.528145
0.512885
0.513702
0.515128
0.519957
0.521381
0.519519
0.522541
0.52226
0.521265
0.520621
0.513679
0.51966
0.524152
0.506452
0.506486
0.512728
0.522593
0.522752
0.524073
0.531586
0.517467
0.514875
0.536078
0.512758
0.535218
0.530025
0.528759
0.518006
0.519734
0.538775
0.510293
0.515173
0.519759
0.520164
0.524857
0.539184
0.54587
0.524276
0.520731
0.530339
0.508844
0.525939
0.521602
0.517767
0.540863
0.541173
0.508124
0.511584
0.536028
0.517132
0.524476
0.519337
0.520624
0.523278
0.535097
0.520781
0.534424
0.521166
0.522014
0.523256
0.521876
0.511797
0.528469
0.52198
0.54384
0.534955
0.536273
0.52171
0.519374
0.520748
0.519178
0.513367
0.519062
0.517214
0.522378
0.53121
0.520229
0.515055
0.531503
0.540421
0.504137
0.570577
0.536649
0.523208
0.522583
0.521106
0.522476
0.531445
0.520688
0.518129
0.516954
0.542461
0.52109
0.520263
0.529011
0.513795
0.536589
0.521989
0.522549
0.547452
0.51463
0.526241
0.529833
0.519484
0.527797
0.520758
0.542333
0.521906
0.540839
0.539683
0.544073
0.560946
0.533131
0.519404
0.521475
0.512988
0.52984
0.51587
0.543329
0.518237
0.5277
0.523345
0.521024
0.545037
0.546313
0.522836
0.536309
0.518275
0.536724
0.522044
0.532746
0.519422
0.525378
0.515112
0.520796
0.521199
0.520184
0.541404
0.525556
0.559544
0.520065
0.521534
0.523368
0.543087
0.521196
0.504609
0.516236
0.521361
0.510465
0.510171
0.523032
0.520414
0.525789
0.520949
0.538608
0.531804
0.533059
0.524266
0.51603
0.510585
0.522101
0.521593
0.506501
0.531256
0.507538
0.490055
0.547913
0.540154
0.533891
0.541544
0.533889
0.532763
0.543132
0.507731
0.521582
0.51849
0.525106
0.535925
0.522313
0.524817
0.534673
0.521411
0.545843
0.52126
0.520496
0.519731
0.513167
0.520535
0.506179
0.529496
0.547493
0.524432
0.523713
0.532243
0.521347
0.522709
0.515874
0.540322
0.526959
0.520558
0.511381
0.52236
0.52372
0.539009
0.526435
0.531072
0.536639
0.535917
0.533809
0.521169
0.52058
0.558965
0.522194
0.515279
0.513113
0.516366
0.521353
0.519433
0.51621
0.510704
