0.515509
0.514074
0.484798
0.518824
0.52397
0.517099
0.518704
0.50509
0.503984
0.513034
0.499659
0.529484
0.525517
0.52267
0.525081
0.535181
0.537815
0.536135
0.505726
0.510048
0.506306
0.500679
0.50218
0.488062
0.498024
0.496764
0.499189
0.518696
0.516455
0.60159
0.564749
0.578388
0.57822
0.585689
0.500919
0.506885
0.519214
0.522345
0.51091
0.517274
0.523463
0.49631
0.497403
0.500776
0.517418
0.518489
0.605852
0.619171
0.51501
0.50802
0.507285
0.51314
0.51103
0.526983
0.522474
0.525423
0.527882
0.519772
0.503944
0.511521
0.509238
0.680936
0.531479
0.520013
0.514154
0.51043
0.514514
0.533116
0.513775
0.518676
0.526171
0.508836
0.509131
0.518347
0.517816
0.527678
0.528374
0.52939
0.545074
0.505591
0.501012
0.524904
0.527634
0.670402
0.665769
0.508674
0.501631
0.503852
0.499335
0.494275
0.500415
0.572885
0.591966
0.511063
0.505826
0.523982
0.527269
0.498105
0.502125
0.497452
0.501157
0.502129
0.499756
0.532674
0.491062
0.511572
0.542394
0.537653
0.515069
0.518832
0.517453
0.513992
0.509458
0.510975
0.523308
0.520404
0.508894
0.510743
0.497925
0.570952
0.637286
0.533913
0.523127
0.530325
0.528251
0.528702
0.525972
0.514889
0.494494
0.513894
0.514076
0.509055
0.509139
0.544747
0.544291
0.549483
0.521207
0.517278
0.512558
0.510429
0.515055
0.499073
0.507333
0.518672
0.516598
0.521909
0.569264
0.590608
0.529864
0.515846
0.669734
0.560187
0.552826
0.549125
0.5582
0.530568
0.522083
0.529699
0.505031
0.544961
0.554339
0.5503
0.52438
0.529158
0.52214
0.5728
0.593579
0.57406
0.525952
0.525792
0.527055
0.546242
0.563053
0.49718
0.57468
0.579073
0.553761
0.533377
0.527737
0.533056
0.575528
0.524792
0.51503
0.520728
0.524106
0.525101
0.515722
0.514991
0.516574
0.51259
0.53432
0.506893
0.512524
0.51243
0.532137
0.514059
0.517502
0.506133
0.506699
0.513547
0.508176
0.498587
0.506854
0.517166
0.510381
0.505143
0.534301
0.517622
0.597854
0.588509
0.519028
0.525557
0.518956
0.498755
0.499775
0.498749
0.572309
0.536102
0.512664
0.513613
0.505128
0.551603
0.557364
0.512212
0.509312
0.513857
0.507688
0.516729
0.522457
0.523127
0.528241
0.499473
0.526584
0.511708
0.511844
0.525515
0.518488
0.526353
0.553234
0.481329
0.484761
0.512473
0.545004
0.572626
0.544771
0.517807
0.502131
0.499236
0.500654
0.518613
0.52255
0.523371
0.525626
0.526755
0.528388
0.524677
0.518692
0.523803
0.530965
0.52438
0.518329
0.51971
0.527169
0.530959
0.55227
0.546068
0.505271
0.513554
0.507685
0.519585
0.534674
0.528404
0.490499
0.627031
0.655506
0.49133
0.49435
0.524336
0.52569
0.510383
0.509551
0.518696
0.55784
0.560884
0.509125
0.514803
0.540413
0.551416
0.550742
0.510614
0.517349
0.503884
0.523174
0.524624
0.504768
0.576724
0.583925
0.576453
0.512241
0.524228
0.520709
0.5238
0.516171
0.518826
0.530558
0.515942
0.518115
0.514376
0.553054
0.562432
0.515158
0.515348
0.569712
0.563115
0.517626
0.51735
0.52757
0.528699
0.515767
0.517712
0.523487
0.652909
0.510022
0.506602
0.495564
0.499724
0.504439
0.49881
0.498474
0.521357
0.527492
0.528845
0.513627
0.501508
0.510391
0.616671
0.528315
0.534496
0.529192
0.533764
0.508841
0.514645
0.504283
0.510321
0.51909
0.514989
0.517144
0.715651
0.642261
0.638887
0.522972
0.518198
0.525289
0.515534
0.513983
0.518775
0.525891
0.526134
0.523075
0.509405
0.514505
0.522131
0.552505
0.518839
0.54048
0.525809
0.520335
0.513673
0.554714
0.524355
0.505493
0.522549
0.518217
0.528627
0.538731
0.533623
0.524467
0.525062
0.486105
0.527088
0.520887
0.529
0.514418
0.518971
0.509633
0.658533
0.677814
0.675181
0.53365
0.49868
0.49406
0.501309
0.526587
0.526398
0.499815
0.499485
0.49769
0.576582
0.512703
0.508899
0.497477
0.519664
0.526475
0.527212
0.517468
0.517734
0.526743
0.527572
0.529953
0.500266
0.50228
0.523555
0.530787
0.532331
0.503971
0.524286
0.525122
0.538039
0.52856
0.521338
0.522944
0.520539
0.530117
0.516951
0.54119
0.501973
0.501395
0.507979
0.48849
0.505731
0.502508
0.507173
0.516114
0.518911
0.528553
0.506103
0.508925
0.529348
0.511195
0.504143
0.505145
0.537284
0.527563
0.52399
0.503214
0.533467
0.527314
0.506238
0.509915
0.511473
0.681745
0.667488
0.512611
0.498033
0.523011
0.525244
0.51926
0.523032
0.528712
0.51703
0.5158
0.515233
0.515436
0.525149
0.524051
0.524613
0.521767
0.523787
0.518943
0.516586
0.519944
0.516904
0.50515
0.504951
0.511152
0.509965
0.513728
0.516272
0.527184
0.528921
0.52315
0.526674
0.510015
0.534438
0.512644
0.514638
0.522703
0.522989
0.498426
0.496512
0.49585
0.516064
0.515544
0.515794
0.519698
0.509608
0.527284
0.528463
0.524038
0.502411
0.533213
0.528176
0.527075
0.524663
0.507909
0.527401
0.525544
0.608236
0.629705
0.523463
0.536709
0.506094
0.502964
0.511069
0.512256
0.509676
0.515271
0.528676
0.534887
0.523988
0.49754
0.500198
0.524337
0.528133
0.786226
0.516949
0.523867
0.519526
0.58767
0.606099
0.49721
0.495318
0.504529
0.525643
0.530535
0.549693
0.513061
0.511657
0.514581
0.521716
0.515073
0.519611
0.530872
0.527556
0.507273
0.518524
0.516481
0.49256
0.496821
0.495533
0.570897
0.502044
0.526921
0.522338
0.523405
0.522489
0.521388
0.524394
0.528274
0.523656
0.527304
0.522518
0.51412
0.516277
0.49344
0.493713
0.489317
0.494083
0.499578
0.643352
0.657059
0.52943
0.526668
0.519266
0.513254
0.502883
0.604714
0.613416
0.559099
0.507294
0.500476
0.510044
0.500428
0.514839
0.523294
0.517298
0.513069
0.509471
0.502183
0.502538
0.512103
0.532273
0.729703
0.498216
0.512732
0.516525
0.549098
0.509019
0.512523
0.511027
0.514918
0.585575
0.517551
0.525897
0.510287
0.568484
0.58121
0.578648
0.563325
0.568793
0.669702
0.652136
0.521239
0.517305
0.512393
0.523829
0.58583
0.51998
0.517344
0.518464
0.520684
0.505704
0.509377
0.507549
0.510322
0.518208
0.516423
0.516255
0.490436
0.509914
0.51768
0.525984
0.529626
0.52624
0.558765
0.50905
0.508107
0.519085
0.540707
0.511355
0.512123
0.513265
0.521089
0.532482
0.525113
0.48739
0.518753
0.51152
0.518282
0.504298
0.499486
0.518476
0.517942
0.52185
0.52232
0.525127
0.526248
0.532168
0.515471
0.517893
0.500251
0.600208
0.58331
0.520553
0.521762
0.519051
0.51083
0.516896
0.528138
0.509338
0.518048
0.511797
0.532844
0.505601
0.503932
0.501555
0.506152
0.505311
0.517666
0.514517
0.523469
0.513731
0.512922
0.515215
0.633976
0.525911
0.558713
0.552853
0.507873
0.512841
0.516724
0.513905
0.53016
0.526612
0.517544
0.622511
0.506064
0.509034
0.51133
0.520276
0.521758
0.507064
0.512208
0.502894
0.506419
0.49727
0.512701
0.500088
0.519432
0.520108
0.524507
0.523123
0.64803
0.608111
0.505242
0.505361
0.505724
0.503796
0.504899
0.50419
0.507623
0.584617
0.499467
0.534235
0.530407
0.529553
0.526599
0.514225
0.505599
0.548343
0.54198
0.538791
0.544827
0.509449
0.505959
0.519826
0.51498
0.507051
0.506227
0.51495
0.51453
0.663993
0.521731
0.51385
0.51611
0.524713
0.526946
0.514346
0.500651
0.499349
0.499473
0.534296
0.525207
0.51381
0.498684
0.502109
0.520857
0.527256
0.523285
0.522479
0.544188
0.520064
0.532117
0.526725
0.526539
0.519568
0.57786
0.496691
0.515434
0.69975
0.514572
0.522576
0.517757
0.531284
0.527092
0.538871
0.525654
0.513766
0.518006
0.516242
0.507878
0.512744
0.5094
0.513256
0.515917
0.530142
0.525948
0.54715
0.533399
0.575848
0.512736
0.539318
0.533857
0.525201
0.610981
0.514755
0.517349
0.518057
0.509327
0.502053
0.523481
0.522456
0.522544
0.523602
0.523513
0.524228
0.51168
0.505128
0.501285
0.512286
0.592205
0.615718
0.507239
0.512508
0.494257
0.54486
0.501293
0.503883
0.525773
0.527693
0.524441
0.51017
0.508215
0.508291
0.506357
0.522483
0.534364
0.530625
0.508123
0.508394
0.507952
0.545053
0.545276
0.525048
0.534778
0.523765
0.557265
0.540353
0.530861
0.529803
0.53525
0.542177
0.511961
0.512812
0.509401
0.489854
0.51209
0.517993
0.576469
0.533188
0.531663
0.518797
0.514502
0.520869
0.520196
0.528497
0.519131
0.514049
0.545868
0.546042
0.532658
0.528558
0.527924
0.526796
0.510168
0.516416
0.510123
0.517656
0.519422
0.513863
0.516693
0.5084
0.51265
0.512645
0.508918
0.635276
0.523033
0.525265
0.521891
0.508704
0.509528
0.52712
0.682216
0.723906
0.50176
0.522886
0.517557
0.527539
0.523716
0.522634
0.513726
0.69038
0.678683
0.509926
0.527939
0.516038
0.503842
0.519766
0.493636
0.499076
0.523512
0.518725
0.510182
0.581573
0.514354
0.516765
0.624292
0.663776
0.526527
0.585468
0.597519
0.523731
0.549584
0.543323
0.50617
0.497473
0.523736
0.527189
0.531996
0.519827
0.497867
0.58567
0.515172
0.501543
0.494743
0.499196
0.496925
0.704702
0.502224
0.505863
0.515029
0.513444
0.509799
0.737251
0.65065
0.520141
0.513842
0.517198
0.528305
0.521428
0.519703
0.514829
0.521233
0.514435
0.530113
0.513757
0.497221
0.496677
0.502703
0.514672
0.514885
0.509625
0.549714
0.55085
0.507117
0.508684
0.536318
0.527747
0.513604
0.517886
0.510598
0.513906
0.510202
0.512474
0.515065
0.526168
0.60364
0.517521
0.524696
0.538474
0.538048
0.535669
0.53549
0.509216
0.514168
0.51786
0.500804
0.499538
0.500038
0.524898
0.499004
0.523853
0.515504
0.517414
0.506401
0.536965
0.499043
0.501631
0.591372
0.524058
0.515106
0.678849
0.696351
0.518191
0.499342
0.504308
0.499693
0.647437
0.622038
0.515257
0.517729
0.524687
0.508759
0.501607
0.497215
0.498135
0.508602
0.531283
0.544603
0.526657
0.494815
0.498207
0.527814
0.525371
0.528545
0.529916
0.525062
0.527536
0.504788
0.48993
0.49017
0.494044
0.507397
0.51255
0.500725
0.562213
0.518138
0.522671
0.522415
0.523823
0.527397
0.501883
0.51258
0.542379
0.57037
0.519273
0.537798
0.501525
0.521846
0.505411
0.502295
0.50735
0.558812
0.500268
0.513979
0.50364
0.502582
0.498705
0.510658
0.523858
0.515035
0.521361
0.525685
0.664655
0.518362
0.499507
0.50134
0.50878
0.508545
0.616372
0.527245
0.516896
0.495892
0.512089
0.513384
0.51483
0.514976
0.524278
0.524174
0.526727
0.499679
0.525064
0.523596
0.501284
0.52872
0.492836
0.491331
0.503875
0.488016
0.493377
0.592754
0.606822
0.52197
0.521712
0.517475
0.505755
0.499679
0.503938
0.503466
0.510483
0.518733
0.513107
0.5091
0.518393
0.514551
0.496715
0.600942
0.548628
0.54899
0.51062
0.630776
0.518028
0.586211
0.610953
0.504571
0.498472
0.511651
0.487987
0.572097
0.499796
0.502637
0.521783
0.520528
0.501905
0.55571
0.497818
0.51151
0.519925
0.515999
0.511472
0.522984
0.571142
0.557807
0.53702
0.527655
0.528169
0.518416
0.516164
0.670963
0.509062
0.508825
0.530461
0.531007
0.502225
0.512071
0.496372
0.529739
0.533392
0.533239
0.514037
0.512212
0.512473
0.528144
0.524872
0.533507
0.522284
0.519067
0.515818
0.521914
0.522423
0.572309
0.600319
0.512857
0.505917
0.504458
0.513077
0.614094
0.516828
0.490021
0.496205
0.532561
0.528133
0.64427
0.497167
0.519143
0.499534
0.501953
0.508695
0.511288
0.522647
0.510486
0.518838
0.532994
0.503415
0.501235
0.536537
0.510218
0.522461
0.529039
0.502177
0.501091
0.503213
0.499119
0.513226
0.631499
0.511971
0.512764
0.509904
0.513633
0.511161
0.526995
0.52573
0.513705
0.50256
0.501786
0.535799
0.534608
0.538438
0.599523
0.575038
0.613752
0.536277
0.532776
0.528494
0.526792
0.523725
0.512194
0.521123
0.522437
0.531278
0.528207
0.55468
0.502787
0.647251
0.630838
0.512221
0.518455
0.498784
0.579848
0.528292
0.529727
0.528703
0.514771
0.498534
0.765667
0.500992
0.510844
0.508555
0.65316
0.522605
0.575208
0.516105
0.496484
0.49486
0.513224
0.513272
0.511579
0.499161
0.530261
0.531811
0.531626
0.604819
0.495624
0.493579
0.606466
0.504716
0.50236
0.517914
0.514008
0.51282
0.508922
0.527861
0.512849
0.520132
0.524774
0.506072
0.521761
0.525081
0.528924
0.507217
0.522921
0.524958
0.491855
0.524496
0.52015
0.523973
0.524493
0.505935
0.503678
0.498822
0.57007
0.524776
0.507735
0.504016
0.690578
0.532541
0.53132
0.515813
0.523844
0.555849
0.498434
0.496877
0.506991
0.511652
0.527364
0.525262
0.540482
0.516181
0.530049
0.484161
0.54023
0.551143
0.514623
0.510551
0.499333
0.504928
0.521379
0.496885
0.500798
0.517911
0.52979
0.530603
0.526504
0.567323
0.530348
0.532292
0.531877
0.500268
0.497236
0.530844
0.509575
0.512839
0.503001
0.523304
0.521962
0.576417
0.510773
0.504515
0.537815
0.526337
0.52956
0.501113
0.52241
0.508956
0.594632
0.530023
0.494914
0.518759
0.528526
0.531633
0.513602
0.508339
0.513863
0.514113
0.513733
0.651435
0.523129
0.505502
0.564815
0.525348
0.528519
0.504309
0.505679
0.524087
0.519158
0.527156
0.501123
0.501742
0.507924
0.513511
0.519952
0.527221
0.525054
0.607865
0.603675
0.524423
0.505423
0.522802
0.504509
0.502686
0.526406
0.508171
0.591246
0.580136
0.582616
0.500596
0.494848
0.525186
0.580498
0.550695
0.501421
0.506567
0.519354
0.523006
0.5718
0.503187
0.514071
0.506025
0.513843
0.526303
0.527771
0.507188
0.628921
0.493833
0.499502
0.530633
0.527752
0.516317
0.635917
0.510576
0.503235
0.501315
0.504944
0.51267
0.494032
0.517146
0.519192
0.488516
0.49151
0.543337
0.649748
0.524485
0.537503
0.531472
0.50671
0.521699
0.542977
0.524974
0.5118
0.510256
0.496756
0.507875
0.616498
0.512229
0.501458
0.50376
0.528447
0.524109
0.518679
0.514411
0.501974
0.498979
0.507498
0.619846
0.506354
0.530152
0.666355
0.515402
0.511644
0.501361
0.518093
0.519019
0.501269
0.505799
0.499849
0.52948
0.51124
0.524089
0.534789
0.501325
0.500739
0.511005
0.505957
0.506158
0.497807
0.501568
0.510656
0.524677
0.515823
0.529285
0.507138
0.505242
0.497334
0.530073
0.527656
0.500789
0.498944
0.498635
0.500501
0.520419
0.635148
0.520682
0.532571
0.501429
0.506529
0.522309
0.509883
0.633629
0.508882
0.512413
0.521955
0.522979
0.528024
0.50127
0.508048
0.517831
0.512571
0.529587
0.517473
0.518286
0.525555
0.528674
0.507963
0.51711
0.505189
0.510989
0.520755
0.530048
0.518089
0.553811
0.50673
0.506752
0.518459
0.521232
0.498017
0.502714
0.519183
0.633286
0.495537
0.733663
0.503638
0.497256
0.506536
0.50742
0.522267
0.503524
0.528353
0.526896
0.510223
0.533349
0.52821
0.529828
0.514122
0.523892
0.510457
0.500283
0.505819
0.503273
0.519847
0.506405
0.50851
0.65068
0.595594
0.523151
0.503191
0.527017
0.534203
0.534768
0.501601
0.526121
0.528688
0.538843
0.536475
0.52149
0.485708
0.481974
0.521252
0.513266
0.534603
0.576242
0.489782
0.524949
0.522942
0.516461
0.503063
0.522144
0.597484
0.499381
0.523155
0.506348
0.529138
0.529999
0.49677
0.499114
0.611421
0.511932
0.529314
0.518233
0.49788
0.514253
0.529518
0.531516
0.52015
0.508711
0.532122
0.512293
0.628458
0.51944
0.50408
0.517073
0.503009
0.52407
0.499779
0.503586
0.510295
0.514949
0.506138
0.495574
0.508299
0.491216
0.505504
0.502694
0.502222
0.51891
0.510914
0.519179
0.500094
0.525688
0.518001
0.513533
0.525978
0.516221
0.509985
0.521208
0.523333
0.513308
0.517544
0.529427
0.531317
0.498746
0.562535
0.521253
0.504533
0.579722
0.513908
0.497438
0.537085
0.533028
0.527435
0.525955
0.501583
0.532255
0.576909
0.522217
0.523868
0.526863
0.501489
0.502596
0.620969
0.489107
0.745817
0.514428
0.724998
0.513058
0.511453
0.523172
0.520065
0.523122
0.510572
0.523127
0.528871
0.49962
0.533287
0.597715
0.495044
0.512561
0.592064
0.495642
0.502344
0.56191
0.511543
0.514006
0.508379
0.519302
0.56104
0.504145
0.508161
0.518796
0.523967
0.512347
0.523057
0.534821
0.503709
0.529709
0.526781
0.500173
0.515029
0.609339
0.556039
0.558138
0.502238
0.499157
0.523223
0.523078
0.500327
0.512121
0.526586
0.525782
0.522275
0.523827
0.525086
0.503328
0.514778
0.509934
0.500655
0.514985
0.508089
0.512936
0.52114
0.510841
0.522882
0.519585
0.528105
0.527784
0.509959
0.509159
0.509176
0.525966
0.513432
0.509375
0.522892
0.635949
0.500597
0.499401
0.494683
0.524393
0.515059
0.51314
0.559053
0.526402
0.525776
0.496638
0.49797
0.509609
0.500812
0.666825
0.519295
0.521693
0.523915
0.517339
0.520368
0.542125
0.512784
0.519514
0.510885
0.535752
0.572904
0.506814
0.513753
0.502666
0.525687
0.508364
0.507301
0.523046
0.506721
0.590659
0.600042
0.524838
0.504225
0.526798
0.528174
0.499322
0.585221
0.533043
0.530521
0.597607
0.524451
0.520611
0.594102
0.60307
0.513738
0.530275
0.52251
0.518911
0.530502
0.494439
0.506019
0.509662
0.503005
0.521486
0.512428
0.515269
0.526089
0.525727
0.527642
0.600199
0.632601
0.509849
0.522495
0.52749
0.529279
0.517554
0.509655
0.497219
0.588728
0.502496
0.525826
0.503892
0.505323
0.52753
0.489999
0.518271
0.513243
0.663204
0.508646
0.528211
0.516585
0.504939
0.500112
0.506551
0.515087
0.520178
0.508237
0.527019
0.507953
0.521412
0.717467
0.519149
0.495198
0.496078
0.526554
0.520163
0.50175
0.517981
0.521285
0.519622
0.512589
0.520592
0.504799
0.509376
0.502538
0.512509
0.540218
0.535068
0.516528
0.526148
0.526745
0.520769
0.518435
0.49743
0.550536
0.526954
0.512985
0.512414
0.5129
0.515162
0.502625
0.501065
0.513421
0.514468
0.578951
0.658141
0.522889
0.530494
0.521663
0.507274
0.496372
0.504368
0.528894
0.513078
0.493619
0.510694
0.555284
0.553909
0.527281
0.50869
0.61482
0.514957
0.501097
0.505801
0.522191
0.516951
0.518725
0.511483
0.512693
0.516862
0.51821
0.527677
0.517289
0.516472
0.506803
0.516815
0.521902
0.514657
0.516733
0.525262
0.503374
0.520588
0.517884
0.601864
0.565571
0.517891
0.502798
0.50058
0.514351
0.655408
0.522653
0.519678
0.50694
0.51238
0.531012
0.514197
0.509322
0.524402
0.506545
0.505911
0.522288
0.493466
0.507423
0.52121
0.498736
0.511209
0.529518
0.53219
0.516181
0.630038
0.540985
0.520676
0.525675
0.507084
0.523294
0.535338
0.523555
0.574143
0.625134
0.523508
0.504259
0.514559
0.644322
0.65205
0.499037
0.498622
0.522598
0.505346
0.52882
0.555234
0.516788
0.517555
0.497446
0.534229
0.517687
0.513351
0.499842
0.516904
0.508124
0.505824
0.508685
0.495909
0.515496
0.525103
0.531453
0.513019
0.521107
0.518139
0.528028
0.522281
0.519111
0.523866
0.51387
0.633238
0.524848
0.514757
0.522138
0.529656
0.517837
0.578519
0.522537
0.640452
0.651678
0.610281
0.586996
0.531088
0.530353
0.51942
0.530717
0.518596
0.514386
0.519562
0.527868
0.523622
0.502757
0.5079
0.515263
0.503721
0.520627
0.525917
0.508243
0.512371
0.509665
0.505019
0.490367
0.499406
0.499834
0.519224
0.519443
0.527054
0.612073
0.52981
0.501198
0.51571
0.531633
0.51245
0.500638
0.503215
0.520034
0.59386
0.502404
0.523117
0.525341
0.51439
0.520951
0.550631
0.524089
0.518005
0.521952
0.564993
0.532932
0.5345
0.56201
0.567347
0.509562
0.510961
0.522146
0.518279
0.51742
0.532684
0.51907
0.516788
0.518007
0.518586
0.516771
0.598818
0.622806
0.603785
0.517383
0.515887
0.52444
0.514172
0.526326
0.56135
0.524319
0.51313
0.509711
0.519174
0.501827
0.504631
0.51623
0.508388
0.511209
0.514641
0.599206
0.504684
0.520857
0.51156
0.505053
0.521371
0.50209
0.64336
0.506472
0.503745
0.508007
0.524938
0.526972
0.50619
0.505381
0.50798
0.498094
0.507892
0.520615
0.509064
0.509015
0.515472
0.524266
0.521684
0.493996
0.52383
0.531445
0.526297
0.506251
0.530971
0.499946
0.514487
0.530711
0.5173
0.522727
0.511508
0.531384
0.529578
0.525982
0.524459
0.51676
0.527163
0.665021
0.606699
0.504943
0.503049
0.603166
0.526872
0.61186
0.636797
0.530861
0.525651
0.513267
0.519199
0.521858
0.53005
0.521697
0.498394
0.520726
0.556462
0.494154
0.527083
0.508446
0.50306
0.537294
0.515902
0.520606
0.641041
0.66118
0.516605
0.534341
0.505626
0.504826
0.497535
0.507241
0.522909
0.589369
0.517043
0.523906
0.525635
0.522469
0.510681
0.504293
0.515884
0.525487
0.509227
0.517888
0.523919
0.526952
0.519053
0.548198
0.522365
0.5205
0.501631
0.50017
0.500963
0.509321
0.519465
0.521644
0.571657
0.527029
0.500208
0.523613
0.521687
0.526733
0.504804
0.518376
0.663306
0.521534
0.499856
0.498384
0.514841
0.523429
0.525297
0.528685
0.500638
0.504687
0.620658
0.508543
0.526166
0.524411
0.532751
0.531947
0.518021
0.636801
0.521611
0.515851
0.516463
0.515784
0.514737
0.50713
0.526111
0.49646
0.633867
0.509011
0.516124
0.514981
0.519023
0.52283
0.499841
0.511911
0.514066
0.5049
0.543402
0.547635
0.504643
0.511576
0.628822
0.515831
0.544505
0.531363
0.518746
0.510531
0.493565
0.515233
0.522503
0.520584
0.531974
0.521163
0.502019
0.508131
0.514291
0.530479
0.488721
0.500499
0.516213
0.517913
0.517412
0.489698
0.533664
0.501748
0.508949
0.723444
0.735193
0.527066
0.539006
0.507544
0.517335
0.521018
0.511647
0.555892
0.522411
0.533081
0.52422
0.512039
0.511758
0.514995
0.509425
0.533877
0.518367
0.534625
0.554069
0.606242
0.506752
0.513417
0.520884
0.50563
0.525386
0.505988
0.513741
0.505525
0.500542
0.518365
0.527957
0.529647
0.509943
0.524506
0.505718
0.574054
0.523897
0.50766
0.511248
0.521967
0.530164
0.519709
0.532419
0.528249
0.505037
0.497195
0.506075
0.521373
0.50856
0.508683
0.691951
0.572807
0.522676
0.522776
0.527085
0.52159
0.524
0.519501
0.689299
0.528737
0.511216
0.522871
0.501172
0.499902
0.492919
0.506178
0.526954
0.524073
0.487778
0.525749
0.516856
0.537992
0.515229
0.515795
0.522217
0.520013
0.531347
0.520383
0.532192
0.527054
0.524004
0.488996
0.553749
0.653178
0.502006
0.498334
0.495722
0.584965
0.500522
0.506091
0.5196
0.50587
0.498801
0.558245
0.501983
0.511223
0.512237
0.516086
0.520281
0.520672
0.525987
0.519703
0.53094
0.574337
0.532739
0.499807
0.514394
0.530956
0.533479
0.510928
0.59024
0.52489
0.505655
0.512627
0.516813
0.50878
0.501509
0.496322
0.501585
0.493783
0.490861
0.554231
0.525344
0.546702
0.520869
0.528626
0.488053
0.525271
0.528565
0.642464
0.527901
0.557437
0.531031
0.517291
0.530101
0.523581
0.514728
0.510884
0.554835
0.511763
0.525423
0.520524
0.509158
0.636658
0.490594
0.521832
0.523558
0.525368
0.536815
0.50134
0.503651
0.541768
0.511099
0.529862
0.527995
0.509356
0.512794
0.63321
0.56304
0.500473
0.511125
0.512759
0.527825
0.52956
0.523646
0.514913
0.527343
0.519582
0.499317
0.491627
0.524026
0.593936
0.599637
0.514005
0.502325
0.520847
0.524314
0.517895
0.53063
0.608933
0.53
0.513776
0.524309
0.525009
0.516098
0.508165
0.497902
0.530869
0.517196
0.507613
0.677345
0.505854
0.492723
0.690508
0.509065
0.525578
0.511258
0.521774
0.522622
0.508893
0.520301
0.518449
0.528091
0.502084
0.627709
0.525506
0.505667
0.503769
0.532224
0.5354
0.531069
0.512037
0.517306
0.519196
0.512341
0.512789
0.52162
0.510074
0.603292
0.512483
0.517496
0.521438
0.530154
0.526702
0.526598
0.515143
0.501993
0.499577
0.521553
0.513686
0.51466
0.517205
0.514534
0.657301
0.526854
0.526438
0.527144
0.521912
0.530608
0.504647
0.513234
0.497438
0.497699
0.505763
0.508152
0.515623
0.532971
0.513779
0.523151
0.508792
0.513739
0.529457
0.513535
0.507068
0.503672
0.501625
0.53033
0.512475
0.573066
0.602204
0.517393
0.517762
0.631535
0.563211
0.512967
0.536145
0.527925
0.660115
0.510495
0.523466
0.51634
0.525687
0.51039
0.503271
0.520325
0.523083
0.584727
0.498865
0.510991
0.499722
0.558554
0.519937
0.517653
0.524593
0.512747
0.564345
0.550703
