0.520125
0.521809
0.516437
0.484322
0.489092
0.518538
0.521762
0.505166
0.498545
0.506616
0.504542
0.496333
0.500313
0.501371
0.530422
0.531851
0.530131
0.521581
0.533209
0.529264
0.506325
0.611762
0.589247
0.568596
0.505039
0.515148
0.517958
0.500362
0.526165
0.623989
0.602772
0.5191
0.510491
0.529814
0.503866
0.500624
0.50698
0.508636
0.528897
0.521418
0.535079
0.529046
0.51996
0.51457
0.506533
0.514278
0.50916
0.698009
0.532696
0.532532
0.5199
0.517675
0.580344
0.576764
0.512297
0.512796
0.516107
0.510123
0.510615
0.523947
0.51843
0.51677
0.523309
0.526246
0.524961
0.527236
0.525973
0.522673
0.522512
0.585579
0.583008
0.489836
0.491705
0.50358
0.520742
0.522587
0.507555
0.499419
0.502384
0.478346
0.491405
0.498606
0.495814
0.501848
0.535946
0.531498
0.528736
0.50836
0.513402
0.51294
0.524752
0.525766
0.521018
0.632777
0.600541
0.526686
0.526294
0.523649
0.527165
0.523908
0.52021
0.512514
0.523062
0.522956
0.517463
0.515526
0.549884
0.544549
0.50059
0.512288
0.519979
0.514057
0.507832
0.493807
0.517339
0.582437
0.580229
0.520674
0.517864
0.532339
0.61381
0.627787
0.569356
0.571774
0.503009
0.50281
0.517032
0.526632
0.521407
0.523657
0.503777
0.502735
0.524817
0.523022
0.638501
0.526018
0.52376
0.529207
0.523102
0.526727
0.533868
0.527155
0.522636
0.531805
0.539144
0.536447
0.511136
0.509178
0.643868
0.522836
0.520519
0.548703
0.514095
0.514555
0.532336
0.529456
0.533598
0.52886
0.566043
0.571597
0.496456
0.518358
0.518525
0.517361
0.52646
0.535061
0.535488
0.521947
0.511519
0.505485
0.516686
0.507754
0.513804
0.515018
0.530744
0.529202
0.510602
0.518649
0.511275
0.506442
0.509679
0.503254
0.520964
0.510731
0.529275
0.526273
0.526
0.530243
0.529376
0.500019
0.495545
0.540788
0.529562
0.561436
0.508492
0.510829
0.511375
0.526244
0.514074
0.526942
0.506995
0.514736
0.505939
0.508996
0.503437
0.506855
0.512671
0.518056
0.503488
0.501439
0.514314
0.514307
0.519992
0.522688
0.532836
0.529187
0.484091
0.517072
0.528114
0.526508
0.521655
0.553547
0.558166
0.49331
0.471698
0.491972
0.50504
0.543505
0.544174
0.493619
0.498296
0.496845
0.499827
0.595953
0.523276
0.526795
0.525379
0.525818
0.517702
0.51887
0.519335
0.518467
0.531491
0.525401
0.518842
0.5295
0.532827
0.529763
0.523701
0.55151
0.564308
0.563559
0.582162
0.596895
0.509811
0.514592
0.525997
0.514009
0.515837
0.534594
0.526599
0.487007
0.496276
0.651314
0.664241
0.490287
0.491297
0.522191
0.521866
0.515322
0.507617
0.503745
0.527566
0.520589
0.561125
0.573824
0.517217
0.544888
0.554745
0.553373
0.522467
0.505447
0.51494
0.508549
0.526126
0.525764
0.501992
0.624959
0.627554
0.52037
0.517782
0.520517
0.520295
0.515238
0.518157
0.506892
0.521453
0.514485
0.529419
0.545365
0.555396
0.561294
0.495447
0.582578
0.518695
0.528806
0.521302
0.526435
0.525059
0.521881
0.518819
0.50045
0.503908
0.526323
0.502417
0.527763
0.52817
0.507559
0.506996
0.505944
0.510546
0.661849
0.638531
0.526761
0.524025
0.527293
0.528943
0.513686
0.526396
0.51902
0.624087
0.6161
0.500948
0.50045
0.518499
0.518104
0.524943
0.527119
0.484819
0.512545
0.511451
0.50776
0.544352
0.522747
0.539613
0.53337
0.621349
0.50927
0.553106
0.55762
0.507476
0.519855
0.522593
0.515786
0.51178
0.539866
0.523953
0.520052
0.580515
0.571367
0.53956
0.52852
0.522539
0.51948
0.53413
0.511457
0.512345
0.522166
0.527772
0.531655
0.51588
0.519656
0.509476
0.509244
0.513673
0.513761
0.500315
0.560314
0.640462
0.594409
0.533036
0.527642
0.530251
0.532363
0.492028
0.501216
0.497669
0.528091
0.499237
0.500216
0.561293
0.505679
0.527065
0.526666
0.503046
0.497098
0.498915
0.529356
0.531678
0.528388
0.525019
0.508761
0.525305
0.525565
0.531482
0.517654
0.528775
0.52457
0.526271
0.524541
0.526571
0.536035
0.515791
0.502965
0.503707
0.503766
0.484885
0.510244
0.502559
0.506478
0.508932
0.519082
0.52182
0.518435
0.519709
0.533643
0.510477
0.50893
0.523255
0.523436
0.527797
0.526227
0.500797
0.502242
0.513315
0.570008
0.503825
0.507346
0.533297
0.531763
0.511904
0.534343
0.524185
0.508304
0.510829
0.509039
0.511734
0.593198
0.587789
0.622146
0.503527
0.522075
0.526823
0.527342
0.529918
0.524934
0.528301
0.526459
0.52747
0.519496
0.51649
0.533702
0.526011
0.519128
0.518202
0.518263
0.503479
0.509725
0.509815
0.517525
0.525687
0.521803
0.532272
0.52944
0.525503
0.523445
0.515317
0.51134
0.533316
0.52194
0.521362
0.50508
0.506819
0.502753
0.5165
0.51469
0.51331
0.528908
0.496877
0.501525
0.533989
0.526567
0.528048
0.524254
0.52704
0.528301
0.530789
0.504102
0.500707
0.505317
0.502668
0.511466
0.53119
0.525488
0.508134
0.513458
0.512109
0.515502
0.524239
0.521011
0.529148
0.529984
0.507178
0.509088
0.625611
0.513366
0.518071
0.597073
0.487447
0.525393
0.527177
0.523996
0.543402
0.528085
0.510694
0.515584
0.51204
0.519557
0.523848
0.526945
0.505235
0.515952
0.513252
0.51805
0.501602
0.498618
0.495959
0.58179
0.508203
0.525254
0.528776
0.525737
0.518856
0.531711
0.506922
0.50715
0.499901
0.509876
0.501241
0.507902
0.516546
0.509242
0.49397
0.495563
0.630253
0.510198
0.502846
0.510853
0.51108
0.512785
0.571826
0.505012
0.509898
0.500664
0.507584
0.523067
0.51466
0.513676
0.516135
0.515571
0.502302
0.499026
0.528491
0.531603
0.603978
0.503425
0.512419
0.508938
0.504879
0.521495
0.529249
0.518775
0.514566
0.511736
0.634338
0.523064
0.505199
0.585775
0.578616
0.556276
0.515878
0.527179
0.565317
0.615422
0.52017
0.522359
0.515274
0.51368
0.507168
0.522252
0.576331
0.653892
0.598525
0.613621
0.524568
0.523211
0.522562
0.524375
0.514583
0.511137
0.513094
0.516917
0.523366
0.528476
0.530036
0.505065
0.513719
0.519423
0.522854
0.527571
0.5245
0.487436
0.488592
0.515188
0.519055
0.51474
0.527178
0.534679
0.503482
0.501409
0.509129
0.521037
0.514709
0.521762
0.520566
0.517279
0.516365
0.517072
0.521993
0.515702
0.525371
0.508941
0.513977
0.518861
0.504541
0.616332
0.593255
0.521317
0.526055
0.519195
0.512001
0.503559
0.508879
0.518869
0.519958
0.526528
0.526847
0.641769
0.51335
0.612667
0.615383
0.528818
0.518167
0.519047
0.53076
0.523094
0.50585
0.505561
0.508803
0.511959
0.522508
0.549953
0.509741
0.526993
0.518215
0.529509
0.527053
0.524841
0.602235
0.504223
0.499961
0.501301
0.508396
0.505888
0.505319
0.504695
0.512975
0.513312
0.506908
0.524397
0.526557
0.530918
0.528072
0.520299
0.525876
0.643852
0.630962
0.525499
0.527899
0.531139
0.532883
0.501195
0.506997
0.503337
0.5047
0.50374
0.504994
0.505045
0.501959
0.502266
0.530398
0.528273
0.5311
0.528519
0.526344
0.524296
0.521245
0.545934
0.548013
0.545892
0.550937
0.513459
0.510845
0.506008
0.50789
0.509122
0.643757
0.526326
0.520185
0.516905
0.520783
0.518785
0.500282
0.508218
0.505693
0.5352
0.527837
0.504857
0.502596
0.503426
0.502972
0.524163
0.526208
0.521713
0.502483
0.534257
0.522664
0.522831
0.518453
0.521541
0.518777
0.675853
0.631143
0.512583
0.518547
0.484985
0.487296
0.501298
0.503723
0.503687
0.50042
0.5423
0.554571
0.503898
0.505361
0.51921
0.505984
0.507897
0.507446
0.510248
0.504753
0.505059
0.525765
0.53238
0.531313
0.547699
0.546553
0.526579
0.527096
0.525623
0.576845
0.536132
0.510415
0.533371
0.525018
0.690255
0.515419
0.515791
0.505727
0.509055
0.50675
0.52399
0.530436
0.51864
0.520017
0.50317
0.522033
0.505604
0.515038
0.510621
0.523774
0.51031
0.505845
0.576928
0.598634
0.542979
0.501286
0.500575
0.519805
0.527324
0.531194
0.518239
0.513879
0.517844
0.504055
0.506681
0.505887
0.502413
0.506011
0.499553
0.516604
0.552194
0.528961
0.525228
0.52441
0.51596
0.526861
0.511595
0.508928
0.527348
0.528428
0.53474
0.514783
0.513032
0.512237
0.518423
0.519512
0.521683
0.52056
0.517599
0.526559
0.570635
0.520447
0.514012
0.526672
0.522084
0.535484
0.54889
0.533139
0.528491
0.490556
0.521043
0.524602
0.497654
0.513076
0.501666
0.526273
0.500344
0.510257
0.510199
0.512384
0.509842
0.514415
0.508068
0.507451
0.510017
0.512076
0.493265
0.491833
0.52701
0.669588
0.50055
0.576092
0.527062
0.501931
0.502916
0.521741
0.522652
0.514866
0.613418
0.622017
0.527723
0.513375
0.510452
0.505296
0.502309
0.502979
0.628528
0.515754
0.51421
0.535352
0.517673
0.514203
0.511902
0.5074
0.52581
0.575369
0.604754
0.508269
0.525489
0.524128
0.524087
0.527484
0.524589
0.525093
0.49689
0.504199
0.502568
0.504225
0.518192
0.518249
0.511719
0.50312
0.509291
0.508588
0.497138
0.497751
0.495676
0.498007
0.535866
0.505092
0.501976
0.505652
0.486502
0.512815
0.517168
0.519748
0.520147
0.587548
0.583632
0.524126
0.626822
0.520136
0.523563
0.525318
0.529759
0.527739
0.503425
0.504915
0.508377
0.531211
0.536297
0.519475
0.516042
0.514516
0.519401
0.512046
0.514959
0.520403
0.513793
0.510401
0.571258
0.580095
0.563798
0.532381
0.527244
0.515316
0.511531
0.498343
0.512886
0.509263
0.508357
0.507614
0.501477
0.497167
0.524525
0.526592
0.538472
0.528002
0.524293
0.52816
0.607307
0.610726
0.631072
0.535164
0.539948
0.531229
0.517626
0.513807
0.514895
0.50052
0.526855
0.518166
0.51409
0.497606
0.568639
0.521045
0.518184
0.484577
0.690094
0.519676
0.513538
0.511021
0.520831
0.508432
0.503846
0.511339
0.523567
0.51325
0.520101
0.52948
0.525034
0.497811
0.53063
0.528899
0.523791
0.5263
0.698416
0.493283
0.532899
0.509801
0.574609
0.560544
0.519231
0.516964
0.58093
0.508603
0.517204
0.532211
0.528828
0.650212
0.499977
0.508149
0.513345
0.54833
0.507224
0.508858
0.589234
0.505376
0.501953
0.497654
0.519096
0.503575
0.503892
0.524314
0.500519
0.509279
0.522241
0.519031
0.499321
0.500729
0.49866
0.624446
0.515994
0.507991
0.498099
0.500563
0.509192
0.491046
0.500743
0.513225
0.530465
0.527605
0.528964
0.5959
0.527452
0.52705
0.523662
0.500865
0.532038
0.496897
0.501759
0.528781
0.501256
0.487997
0.524303
0.518429
0.518842
0.517859
0.525035
0.512896
0.502071
0.490715
0.503942
0.504888
0.504348
0.508414
0.52006
0.49293
0.521518
0.49609
0.613376
0.619178
0.549945
0.545471
0.522424
0.519575
0.500519
0.501062
0.525857
0.551378
0.55491
0.524569
0.503485
0.503723
0.499344
0.505924
0.554058
0.522692
0.521729
0.526816
0.51352
0.506728
0.544336
0.495377
0.519028
0.525562
0.523304
0.502624
0.557037
0.532469
0.522109
0.53651
0.527487
0.527299
0.517122
0.515005
0.513683
0.664956
0.665551
0.512293
0.503891
0.529367
0.529548
0.585201
0.503053
0.525158
0.528094
0.538731
0.535839
0.513403
0.528085
0.530538
0.533515
0.525924
0.526531
0.533569
0.527024
0.519307
0.512235
0.530778
0.634364
0.528137
0.527899
0.544088
0.508789
0.631965
0.652088
0.504392
0.506871
0.522983
0.526089
0.487548
0.528246
0.507411
0.534541
0.528908
0.532695
0.506476
0.511431
0.500336
0.498059
0.505647
0.507791
0.508081
0.653122
0.524263
0.519908
0.52156
0.511602
0.655102
0.623737
0.511985
0.522341
0.5042
0.533059
0.523871
0.530827
0.529867
0.495223
0.489617
0.498865
0.503726
0.512033
0.588166
0.595963
0.523209
0.527965
0.510315
0.509402
0.516953
0.514016
0.508547
0.524051
0.501978
0.499123
0.625693
0.604512
0.613371
0.553367
0.528556
0.528969
0.529623
0.52077
0.525246
0.570396
0.509046
0.655514
0.642242
0.644793
0.515161
0.529709
0.529167
0.504806
0.507126
0.605105
0.504771
0.515086
0.508299
0.612891
0.51605
0.497693
0.519095
0.52511
0.525133
0.515907
0.50886
0.499732
0.526237
0.528209
0.527888
0.517545
0.637904
0.609536
0.631207
0.500411
0.510759
0.51611
0.508898
0.513859
0.504103
0.516964
0.528632
0.510988
0.517317
0.523524
0.504933
0.526273
0.523591
0.530046
0.52843
0.507754
0.524735
0.500726
0.524841
0.529675
0.523202
0.524889
0.504898
0.513623
0.512632
0.525264
0.531373
0.50721
0.51993
0.508556
0.640897
0.543005
0.521609
0.558236
0.497634
0.506782
0.511102
0.594478
0.525916
0.523749
0.508292
0.503111
0.526905
0.521405
0.530933
0.533202
0.526133
0.515591
0.518049
0.501844
0.501322
0.511576
0.503306
0.502301
0.601627
0.533636
0.505634
0.555204
0.528363
0.530451
0.529706
0.531221
0.497302
0.498853
0.530089
0.507706
0.523461
0.512676
0.531316
0.524239
0.584062
0.643829
0.508727
0.504346
0.499716
0.511671
0.540338
0.500956
0.59167
0.528674
0.497976
0.531426
0.518777
0.525834
0.514523
0.528766
0.517771
0.510416
0.515896
0.525058
0.524415
0.520495
0.633967
0.527278
0.663591
0.567985
0.528512
0.527968
0.50658
0.525034
0.526079
0.496573
0.507109
0.534514
0.519078
0.527767
0.501774
0.52429
0.499392
0.500018
0.514683
0.526006
0.501007
0.50137
0.505766
0.52687
0.523612
0.606264
0.529274
0.52557
0.586927
0.556638
0.499273
0.503243
0.518129
0.501016
0.519534
0.558484
0.496916
0.517129
0.528416
0.522707
0.497051
0.505528
0.492135
0.526551
0.521016
0.506657
0.520664
0.526514
0.508439
0.490428
0.532283
0.50091
0.501
0.504151
0.511687
0.518633
0.601617
0.528316
0.519933
0.540779
0.519836
0.508168
0.523915
0.52838
0.545875
0.513833
0.504825
0.499496
0.507644
0.497555
0.655319
0.512293
0.526061
0.520897
0.531057
0.511646
0.503906
0.494924
0.531081
0.533111
0.517772
0.517163
0.526603
0.493378
0.489919
0.525452
0.508404
0.591601
0.530065
0.517986
0.508199
0.512978
0.502346
0.503006
0.490935
0.493258
0.50378
0.508304
0.52332
0.49922
0.533704
0.525542
0.501459
0.508963
0.512268
0.512821
0.517772
0.516616
0.502423
0.506101
0.528418
0.517247
0.524979
0.531958
0.527436
0.51181
0.500096
0.505055
0.503612
0.49734
0.529819
0.527327
0.498737
0.505406
0.530561
0.525313
0.513084
0.485722
0.644231
0.509674
0.524487
0.59071
0.602483
0.504917
0.516994
0.513601
0.52765
0.516307
0.513468
0.518511
0.502208
0.662872
0.507181
0.498656
0.509978
0.510816
0.51129
0.519886
0.516929
0.503585
0.527371
0.517005
0.51035
0.506971
0.507603
0.518205
0.527963
0.539088
0.519556
0.498788
0.506788
0.524596
0.651508
0.506166
0.518831
0.609754
0.515781
0.507128
0.508264
0.585887
0.544075
0.528357
0.526962
0.525772
0.523779
0.528968
0.52513
0.530452
0.497667
0.495391
0.505626
0.509138
0.527398
0.514411
0.512739
0.612605
0.607773
0.578322
0.507474
0.670386
0.499099
0.503021
0.510635
0.520976
0.517659
0.51042
0.662039
0.514316
0.647218
0.535699
0.530529
0.527323
0.50915
0.530284
0.531606
0.53763
0.507491
0.497865
0.486757
0.521918
0.646726
0.522252
0.529511
0.570654
0.531172
0.516202
0.504021
0.50342
0.490401
0.502863
0.497456
0.514265
0.611882
0.61803
0.523105
0.520685
0.517923
0.507068
0.531068
0.511093
0.51637
0.511609
0.50809
0.512011
0.502582
0.523559
0.619166
0.525143
0.519025
0.49697
0.513875
0.527559
0.530385
0.51134
0.533196
0.510782
0.519353
0.505627
0.499611
0.518932
0.503374
0.521886
0.517811
0.505867
0.503183
0.516019
0.507501
0.495943
0.519999
0.509082
0.526031
0.503143
0.503414
0.518505
0.513547
0.503111
0.524848
0.525579
0.52009
0.518306
0.513838
0.508236
0.507793
0.51899
0.504086
0.524177
0.495173
0.501799
0.514457
0.527575
0.497684
0.533267
0.533323
0.581014
0.528256
0.488716
0.530732
0.487798
0.516037
0.51281
0.496304
0.523547
0.521443
0.58791
0.518431
0.522701
0.597937
0.524774
0.525263
0.523429
0.500781
0.516529
0.500151
0.484868
0.57964
0.515797
0.506555
0.522058
0.51534
0.50685
0.524468
0.525149
0.557418
0.517491
0.517994
0.545698
0.517676
0.532433
0.611541
0.526481
0.520624
0.509799
0.522738
0.513421
0.610713
0.594341
0.510607
0.527607
0.511235
0.569886
0.519824
0.504719
0.519282
0.518308
0.528804
0.536812
0.506394
0.527986
0.518753
0.508703
0.524868
0.520105
0.620717
0.502516
0.497824
0.525068
0.513212
0.56148
0.541202
0.500218
0.50206
0.534745
0.493635
0.520046
0.525714
0.501272
0.515233
0.526033
0.52119
0.519912
0.686501
0.504154
0.514759
0.517733
0.53394
0.510478
0.508238
0.520838
0.554072
0.509433
0.509536
0.512797
0.520068
0.52234
0.525447
0.525363
0.524359
0.507217
0.495825
0.515301
0.65143
0.527538
0.508658
0.508348
0.516476
0.527672
0.517134
0.508058
0.506877
0.522858
0.498062
0.621264
0.657043
0.499956
0.499051
0.523479
0.512381
0.521601
0.667536
0.498068
0.522864
0.495113
0.506767
0.518648
0.546635
0.529267
0.493855
0.509301
0.537059
0.501321
0.511095
0.509307
0.50113
0.486177
0.502518
0.522424
0.513348
0.496442
0.507478
0.521842
0.506863
0.519301
0.530347
0.50714
0.597663
0.630488
0.521004
0.525014
0.505059
0.526335
0.497922
0.499177
0.575866
0.510126
0.506492
0.554042
0.528218
0.517052
0.524865
0.512681
0.50967
0.506262
0.513297
0.512854
0.532597
0.504607
0.5214
0.48525
0.49853
0.525157
0.52589
0.526775
0.527238
0.526696
0.694813
0.497176
0.511611
0.496083
0.567089
0.5084
0.510804
0.651219
0.511073
0.514493
0.527707
0.505246
0.517751
0.525369
0.526937
0.515767
0.525299
0.504168
0.530413
0.505978
0.506148
0.50398
0.653719
0.520144
0.513017
0.575786
0.508385
0.499215
0.518917
0.500843
0.521092
0.505459
0.505696
0.510658
0.515492
0.5274
0.52103
0.508332
0.529916
0.529117
0.527746
0.52097
0.530757
0.514303
0.505304
0.521479
0.514812
0.503549
0.512222
0.509442
0.531789
0.532423
0.594579
0.524204
0.527805
0.520925
0.529417
0.531807
0.524429
0.567197
0.527994
0.52956
0.529949
0.516534
0.615379
0.513815
0.521956
0.527056
0.614062
0.514069
0.510876
0.506168
0.528286
0.528419
0.593105
0.501391
0.520265
0.523241
0.502464
0.531238
0.509198
0.549072
0.537987
0.537983
0.605636
0.572043
0.526571
0.529079
0.519034
0.533908
0.513033
0.507183
0.528627
0.510845
0.504428
0.52594
0.575678
0.494087
0.509529
0.506509
0.505982
0.503745
0.531223
0.633674
0.520914
0.518604
0.571223
0.491369
0.510671
0.52231
0.542037
0.505452
0.507006
0.504477
0.522381
0.503104
0.529115
0.50344
0.506102
0.506564
0.506458
0.582937
0.518697
0.514101
0.514011
0.627061
0.523255
0.524822
0.532253
0.522543
0.505765
0.519193
0.524917
0.595953
0.525739
0.527057
0.528257
0.527453
0.507984
0.514675
0.518015
0.517171
0.513865
0.499442
0.502182
0.505183
0.501881
0.499452
0.510439
0.517332
0.580383
0.521606
0.532628
0.519997
0.528
0.511487
0.503344
0.514679
0.507067
0.508598
0.500903
0.564749
0.537178
0.506538
0.609723
0.503733
0.507435
0.502775
0.501492
0.637052
0.517587
0.527717
0.518778
0.523141
0.623424
0.511006
0.512813
0.515339
0.552088
0.584348
0.506509
0.504896
0.516329
0.620925
0.516619
0.511138
0.531547
0.503883
0.508225
0.530133
0.509062
0.522759
0.641115
0.638389
0.527295
0.512911
0.519154
0.630144
0.518146
0.510396
0.524954
0.522725
0.515111
0.52315
0.508981
0.516251
0.527831
0.525956
0.514061
0.51991
0.497755
0.499144
0.503531
0.507785
0.504325
0.53151
0.51729
0.53016
0.522957
0.595489
0.514896
0.50741
0.516057
0.518523
0.529273
0.517126
0.527353
0.642472
0.623305
0.503683
0.522265
0.598071
0.511115
0.518335
0.525294
0.516859
0.496595
0.503062
0.505108
0.518575
0.531203
0.5809
0.506251
0.505173
0.506256
0.50656
0.513129
0.513264
0.501909
0.519895
0.510387
0.511149
0.523364
0.516949
0.629314
0.51406
0.5149
0.506811
0.518357
0.527354
0.525535
0.509244
0.577446
0.532299
0.533158
0.503567
0.495144
0.514714
0.509536
0.511992
0.517858
0.513783
0.490731
0.645398
0.526788
0.504769
0.516375
0.609189
0.633971
0.534625
0.504709
0.51085
0.516391
0.504948
0.503784
0.507706
0.506652
0.503263
0.506705
0.617315
0.523448
0.511191
0.517271
0.52154
0.512307
0.520991
0.513527
0.50916
0.512548
0.499694
0.518887
0.52573
0.501442
0.52995
0.516533
0.516045
0.519435
0.532256
0.525168
0.521386
0.524805
0.506652
0.504436
0.640093
0.530677
0.521594
0.527622
0.528718
0.516138
0.522103
0.500664
0.510764
0.529726
0.528472
0.523313
0.61128
0.577263
0.509319
0.67426
0.670083
0.622502
0.512396
0.509042
0.529356
0.630493
0.590369
0.606087
0.638163
0.520136
0.520654
0.519974
0.52071
0.515469
0.531588
0.512677
0.513301
0.523618
0.528261
0.520328
0.510284
0.51598
0.510049
0.522374
0.511029
0.509538
0.514425
0.558426
0.515492
0.517528
0.506587
0.530211
0.533394
0.525254
0.505706
0.489405
0.50213
0.512049
0.518791
0.505764
0.503188
0.522446
0.499408
0.524277
0.529669
0.51966
0.52807
0.53041
0.602901
0.595273
0.524132
0.49438
0.524626
0.506616
0.513202
0.527103
0.5161
0.518997
0.509131
0.505655
0.528379
0.51238
0.528955
0.521886
0.519828
0.529315
0.524401
0.502432
0.512441
0.523083
0.501209
0.525182
0.50583
0.506889
0.526005
0.519813
0.60422
0.525972
0.516184
0.500399
0.517042
0.514243
0.512996
0.509702
0.508692
0.624484
0.519741
0.49071
0.523926
0.514639
0.520698
0.517119
0.525916
0.50227
0.601944
0.529361
0.517594
0.686717
0.521427
0.49698
0.54808
0.525802
0.517583
0.578215
0.518863
0.517414
0.517944
0.506481
0.534683
0.529862
0.521211
0.508674
0.519653
0.536537
0.505742
0.510869
0.525473
0.513701
0.496785
0.518109
0.531825
0.549269
0.545909
0.520483
0.528144
0.522553
0.529889
0.52129
0.526559
0.52466
0.539308
0.521328
0.51972
0.523078
0.638582
0.506171
0.515979
0.51286
0.521212
0.519763
0.525847
0.49039
0.501467
0.610964
0.503144
0.52327
0.49781
0.51222
0.513989
0.52325
0.510049
0.529174
0.513076
0.501418
0.607015
0.527691
0.5037
0.501244
0.50994
0.512433
0.512896
0.528493
0.492617
0.506885
0.518402
0.505003
0.529713
0.524429
0.604755
0.502391
0.510199
0.612994
0.518658
0.521621
0.509343
0.532261
0.622634
0.518776
0.514237
0.531302
0.520922
0.524041
0.524677
0.528713
0.512092
0.51088
0.514108
0.505484
0.502259
0.501704
0.516447
0.602834
0.526525
0.508008
0.676608
0.509805
0.525585
0.528262
0.524006
0.529534
0.501485
0.5148
0.512992
0.504525
0.528223
0.536099
0.505718
0.507998
0.503888
0.524564
0.512837
0.609382
0.526829
0.509755
0.509646
0.506439
0.521473
0.531021
0.507836
0.510507
0.544146
0.618647
0.529844
0.515001
0.522153
0.538008
0.502187
0.505035
0.514663
0.513389
0.529738
0.513725
0.519729
0.509066
0.502077
0.525355
0.527316
0.527645
0.501399
0.530737
0.518683
0.488205
0.504656
0.495973
0.512093
0.502069
0.522623
0.526071
0.598058
0.503374
0.509872
0.506551
0.525849
0.590537
0.507955
0.524399
0.522282
0.526278
0.513177
0.5244
0.523065
0.530135
0.523457
0.515487
0.498124
0.519152
0.511011
0.507028
0.528204
0.520271
0.615116
0.524368
0.499654
0.497744
0.573392
0.595853
0.502557
0.521497
0.520218
0.521605
0.526081
0.519792
0.510192
0.619058
0.564719
0.52121
0.516841
0.519897
0.513716
0.520347
0.497706
0.52925
0.507091
0.64978
0.513827
0.524347
0.527156
0.520158
0.525577
0.506775
0.517798
0.500395
0.522032
0.52096
0.529351
0.512506
0.51651
0.509663
0.517632
0.509122
0.52036
0.532507
0.50328
0.584594
0.526641
0.513627
0.499573
0.598113
0.612567
0.504507
0.501456
0.517614
0.512501
0.518223
0.50625
0.505071
0.575837
0.497852
0.501705
0.507886
0.520889
0.522053
0.524466
0.518849
0.517289
0.496298
0.495764
0.529002
0.526372
0.52054
0.498586
0.524313
0.502858
0.511717
0.512545
0.520503
0.516898
0.670711
0.495973
0.633506
0.525625
0.50677
0.520491
0.522207
0.501291
0.506562
0.56033
0.516715
0.51184
0.51408
0.498852
0.510051
0.515634
0.606019
0.513635
0.519292
0.503838
0.51659
0.518363
0.506711
