0.517062
0.513504
0.517488
0.504599
0.500697
0.503242
0.500436
0.532369
0.521369
0.516496
0.520687
0.515972
0.518182
0.518874
0.518624
0.517012
0.53124
0.527514
0.510233
0.503457
0.555636
0.56777
0.507165
0.51735
0.52038
0.523166
0.493779
0.494865
0.521509
0.522297
0.525356
0.523806
0.526494
0.610073
0.632965
0.673909
0.519496
0.523477
0.524625
0.505576
0.504621
0.505728
0.504735
0.527597
0.533929
0.527396
0.520649
0.518091
0.502354
0.50655
0.528857
0.526618
0.525925
0.528008
0.502834
0.506225
0.503422
0.565049
0.505113
0.503574
0.530864
0.517204
0.520583
0.691156
0.65812
0.505808
0.524361
0.527225
0.524013
0.524403
0.521949
0.521586
0.526961
0.52326
0.52516
0.523876
0.520402
0.501841
0.491785
0.502798
0.502442
0.530512
0.52193
0.52214
0.519156
0.501429
0.512566
0.500324
0.503559
0.489035
0.487735
0.532595
0.532222
0.531347
0.506323
0.513314
0.513255
0.510709
0.518212
0.518421
0.522172
0.521181
0.526998
0.524976
0.522276
0.531453
0.526657
0.524193
0.521212
0.520139
0.522983
0.525642
0.517178
0.518702
0.512112
0.509401
0.515419
0.516972
0.514781
0.511015
0.513927
0.508474
0.487607
0.489638
0.524829
0.600409
0.520067
0.536539
0.536822
0.489018
0.61335
0.614868
0.568218
0.567263
0.50483
0.502321
0.4985
0.52128
0.529153
0.527602
0.554847
0.527533
0.536196
0.599213
0.546881
0.538702
0.603821
0.618467
0.594729
0.520008
0.522424
0.524492
0.524022
0.531296
0.525047
0.525269
0.520878
0.527529
0.531377
0.538842
0.537789
0.537505
0.533242
0.519532
0.512904
0.518267
0.5273
0.528732
0.521628
0.518522
0.50598
0.527312
0.528523
0.556555
0.538156
0.537093
0.531434
0.533716
0.515444
0.528242
0.528489
0.556754
0.494292
0.520022
0.522426
0.520113
0.519073
0.518115
0.520861
0.532072
0.53617
0.511888
0.505436
0.508932
0.506242
0.516262
0.529696
0.533639
0.506257
0.529973
0.511064
0.515011
0.515167
0.503653
0.515934
0.529807
0.529924
0.531285
0.519148
0.499651
0.501186
0.497557
0.498301
0.51609
0.545339
0.535581
0.543527
0.54007
0.510205
0.511101
0.506517
0.519279
0.526252
0.528051
0.529781
0.516287
0.668298
0.521738
0.507106
0.513505
0.51131
0.519154
0.518456
0.521318
0.523642
0.521219
0.524036
0.526356
0.524798
0.496385
0.498798
0.527282
0.52497
0.525199
0.521907
0.50495
0.508545
0.507779
0.562798
0.556862
0.503704
0.505754
0.498401
0.503738
0.543
0.552652
0.53575
0.496147
0.500754
0.526184
0.52699
0.523634
0.52618
0.509017
0.530502
0.523609
0.525632
0.525134
0.523922
0.520865
0.520098
0.524212
0.525286
0.527026
0.516579
0.522083
0.554095
0.57457
0.518662
0.526085
0.512441
0.506754
0.520284
0.534554
0.515734
0.523338
0.528716
0.483821
0.492547
0.735446
0.477013
0.616961
0.520378
0.51519
0.513962
0.517782
0.515513
0.50929
0.51387
0.529589
0.559732
0.524659
0.517113
0.513482
0.513353
0.523208
0.519977
0.49527
0.501289
0.629432
0.628403
0.518917
0.521708
0.509498
0.503597
0.507662
0.518388
0.517452
0.519916
0.530842
0.506211
0.523438
0.521564
0.552819
0.549445
0.520525
0.517685
0.524437
0.509724
0.518217
0.49981
0.50529
0.524174
0.501582
0.524872
0.495433
0.491904
0.680258
0.69046
0.536477
0.53353
0.533246
0.528331
0.512677
0.517897
0.581593
0.566119
0.508196
0.51404
0.499639
0.501018
0.505022
0.51988
0.519147
0.52635
0.519752
0.525348
0.509895
0.510188
0.512979
0.509683
0.511812
0.548953
0.559618
0.56245
0.513545
0.511747
0.547844
0.522459
0.525498
0.522038
0.503692
0.526969
0.545627
0.535326
0.509699
0.506902
0.536851
0.53861
0.526386
0.530326
0.520604
0.519601
0.568307
0.536342
0.531484
0.52168
0.526947
0.513472
0.510773
0.506947
0.523411
0.527545
0.53028
0.510801
0.512464
0.512807
0.516476
0.508809
0.510887
0.658352
0.67088
0.622347
0.527845
0.53346
0.528015
0.491029
0.48918
0.527241
0.529746
0.496787
0.495267
0.497233
0.561773
0.526172
0.53072
0.509413
0.519145
0.49964
0.526366
0.525047
0.50785
0.52394
0.526409
0.521518
0.52367
0.522922
0.523371
0.523876
0.521972
0.523855
0.526213
0.531654
0.516099
0.516562
0.50022
0.503925
0.512196
0.484264
0.498481
0.49432
0.513275
0.521974
0.521662
0.516983
0.515269
0.508588
0.506469
0.526561
0.524195
0.545909
0.515635
0.567737
0.566247
0.500346
0.498742
0.501593
0.533351
0.526865
0.523552
0.510716
0.507707
0.75504
0.687165
0.619318
0.605429
0.632856
0.649717
0.503653
0.589232
0.524684
0.526535
0.517764
0.526071
0.524524
0.519927
0.525406
0.512517
0.522925
0.505569
0.519869
0.524714
0.525714
0.521987
0.531897
0.510742
0.50895
0.506474
0.506219
0.5048
0.509131
0.506558
0.535277
0.517135
0.532206
0.530136
0.523699
0.517095
0.589214
0.596077
0.512713
0.508786
0.518862
0.531581
0.532732
0.671843
0.521555
0.527939
0.503699
0.499275
0.502978
0.692691
0.670864
0.683551
0.517016
0.499303
0.517554
0.521411
0.512035
0.501745
0.523477
0.514754
0.525777
0.526089
0.520492
0.522481
0.524364
0.52452
0.524678
0.530926
0.53015
0.507557
0.522949
0.525149
0.529699
0.52158
0.503018
0.509781
0.529075
0.527616
0.504414
0.504016
0.514528
0.508117
0.503091
0.504741
0.520617
0.532283
0.527004
0.496091
0.503283
0.52779
0.527213
0.511486
0.511513
0.529511
0.534693
0.680737
0.61699
0.516175
0.520789
0.520304
0.536091
0.527129
0.525643
0.5498
0.538502
0.509747
0.519002
0.493563
0.494519
0.50023
0.499346
0.514912
0.516753
0.499203
0.526454
0.526718
0.525628
0.525335
0.49963
0.532362
0.53018
0.499066
0.488778
0.56463
0.564594
0.508187
0.513886
0.508005
0.511019
0.51147
0.515927
0.519936
0.509767
0.518102
0.526989
0.528139
0.631157
0.595106
0.510795
0.53446
0.531266
0.518259
0.52197
0.515488
0.50405
0.50222
0.497874
0.524696
0.50304
0.504337
0.526171
0.525558
0.523421
0.512822
0.512639
0.515535
0.514119
0.586015
0.593854
0.598316
0.598135
0.499821
0.512098
0.514621
0.505095
0.504108
0.523906
0.502581
0.501498
0.50554
0.510228
0.512636
0.518303
0.517701
0.512967
0.629422
0.652294
0.651498
0.524845
0.509554
0.554793
0.518305
0.518896
0.517053
0.525582
0.519633
0.515378
0.546707
0.536712
0.643866
0.520328
0.516407
0.582431
0.517386
0.51895
0.524247
0.570821
0.517169
0.526405
0.60734
0.525176
0.522382
0.52471
0.510187
0.513345
0.512878
0.514681
0.52374
0.521641
0.501005
0.498068
0.507609
0.506405
0.514557
0.527887
0.523893
0.527367
0.513459
0.520135
0.630497
0.620257
0.512782
0.511085
0.510856
0.495506
0.498736
0.530267
0.496943
0.501827
0.499036
0.521548
0.515087
0.523192
0.512274
0.522543
0.514187
0.520394
0.523564
0.513495
0.512019
0.507381
0.516539
0.523468
0.522466
0.524611
0.632771
0.506721
0.489057
0.621612
0.585911
0.511649
0.505959
0.52748
0.531577
0.516151
0.485371
0.516552
0.517347
0.527777
0.528978
0.524609
0.5191
0.504562
0.508326
0.494753
0.511033
0.516726
0.52353
0.51181
0.511703
0.515923
0.527012
0.522271
0.517806
0.524716
0.519748
0.505804
0.505469
0.492668
0.494582
0.560457
0.544462
0.503496
0.5028
0.578099
0.509243
0.512075
0.506382
0.504793
0.522064
0.526343
0.525102
0.525635
0.518849
0.622129
0.530192
0.530575
0.529343
0.529699
0.529549
0.528665
0.528632
0.531164
0.514981
0.504247
0.502567
0.505287
0.502997
0.507156
0.513039
0.505897
0.526495
0.527931
0.531061
0.528369
0.52445
0.523109
0.521479
0.52261
0.521601
0.52777
0.504888
0.502898
0.529237
0.541537
0.547256
0.513408
0.501365
0.519189
0.503021
0.636021
0.523522
0.535972
0.526709
0.50886
0.524868
0.512868
0.503101
0.497864
0.501925
0.500732
0.532431
0.524927
0.538469
0.537464
0.515666
0.498651
0.491948
0.529895
0.526438
0.5204
0.523747
0.523641
0.505366
0.6936
0.509461
0.482353
0.485941
0.501414
0.504866
0.496633
0.506588
0.511796
0.552649
0.486199
0.524191
0.512487
0.512966
0.527089
0.524954
0.748045
0.522724
0.529967
0.521489
0.528912
0.526636
0.530971
0.532355
0.517712
0.579213
0.562199
0.509597
0.533297
0.520534
0.619865
0.576629
0.604216
0.616405
0.516217
0.549818
0.509428
0.509869
0.518872
0.525058
0.529567
0.526854
0.503764
0.509266
0.527331
0.503675
0.504977
0.548943
0.549823
0.540206
0.523776
0.525988
0.510926
0.503288
0.515643
0.514354
0.508384
0.511458
0.521154
0.518502
0.545626
0.566312
0.527258
0.527404
0.507968
0.509991
0.515386
0.519939
0.521177
0.530249
0.512272
0.507213
0.510927
0.519761
0.523532
0.525474
0.50235
0.501584
0.517235
0.4949
0.502647
0.505685
0.516655
0.518604
0.51074
0.514498
0.507497
0.506205
0.520701
0.516421
0.685182
0.506142
0.496809
0.525268
0.536357
0.527578
0.529981
0.526907
0.524646
0.512202
0.527452
0.522572
0.698968
0.52588
0.526824
0.511058
0.519113
0.508505
0.495518
0.489174
0.507102
0.500577
0.506829
0.502366
0.511873
0.5168
0.513109
0.511153
0.511239
0.67795
0.508846
0.50928
0.580166
0.59311
0.508498
0.508809
0.507151
0.506752
0.499117
0.50664
0.523935
0.523896
0.526656
0.52251
0.498467
0.487388
0.513515
0.53175
0.507337
0.513158
0.50495
0.532939
0.5046
0.500732
0.507043
0.505837
0.487789
0.503201
0.513459
0.571013
0.566823
0.506281
0.502008
0.621139
0.617001
0.517217
0.51872
0.520629
0.520136
0.526319
0.531006
0.529754
0.531361
0.510594
0.511223
0.52521
0.5259
0.664193
0.511175
0.517664
0.517474
0.511783
0.514878
0.517597
0.508933
0.510857
0.522479
0.511913
0.568285
0.518486
0.528675
0.50407
0.492615
0.519628
0.497828
0.49385
0.513225
0.501505
0.516168
0.51862
0.494202
0.526105
0.661978
0.5372
0.536553
0.543549
0.526202
0.565481
0.541384
0.48869
0.522527
0.519008
0.518535
0.520714
0.49647
0.525978
0.519821
0.519148
0.681932
0.574069
0.513405
0.520846
0.50188
0.502435
0.503326
0.501836
0.512374
0.53794
0.522221
0.522558
0.494432
0.496745
0.638919
0.492349
0.506578
0.510714
0.541225
0.546193
0.517989
0.518203
0.558214
0.565307
0.506352
0.51252
0.509928
0.524317
0.500039
0.522552
0.527045
0.608823
0.506633
0.594614
0.529711
0.501308
0.49746
0.526821
0.505521
0.514859
0.506357
0.544087
0.502913
0.499341
0.509979
0.51431
0.521463
0.498632
0.498972
0.502865
0.511271
0.507353
0.583319
0.504912
0.50534
0.504187
0.494904
0.497018
0.52905
0.512211
0.492745
0.495849
0.510722
0.635777
0.527802
0.527428
0.539971
0.523984
0.52895
0.496484
0.529611
0.486185
0.661122
0.527265
0.524174
0.559649
0.510859
0.523932
0.483125
0.480071
0.492452
0.508873
0.498548
0.500133
0.504359
0.511454
0.517385
0.500331
0.501651
0.526849
0.595777
0.532357
0.570817
0.523938
0.525733
0.517469
0.595108
0.511061
0.515302
0.513763
0.523861
0.517227
0.518443
0.56018
0.50109
0.520925
0.516465
0.513763
0.509249
0.505764
0.509082
0.524375
0.654633
0.530423
0.563406
0.513441
0.503418
0.524052
0.526066
0.517406
0.525198
0.528451
0.532754
0.532193
0.524969
0.523682
0.524254
0.517651
0.507412
0.506
0.588932
0.514718
0.524351
0.538452
0.516825
0.53722
0.601955
0.505701
0.521495
0.483982
0.484841
0.514811
0.528884
0.614549
0.619174
0.516342
0.504656
0.532704
0.532188
0.509294
0.500079
0.492187
0.492967
0.498419
0.518104
0.514678
0.514334
0.506255
0.508134
0.643797
0.727357
0.511746
0.526885
0.519307
0.509861
0.523942
0.521827
0.529698
0.528814
0.495162
0.499952
0.497178
0.546706
0.522039
0.516603
0.526255
0.519485
0.519411
0.524518
0.49149
0.588115
0.566651
0.51829
0.515342
0.500064
0.505662
0.608353
0.604317
0.601868
0.521068
0.527889
0.524458
0.518056
0.514843
0.527091
0.59971
0.526819
0.505899
0.514632
0.517154
0.502187
0.548717
0.524671
0.510076
0.509825
0.51199
0.599768
0.512251
0.512229
0.528952
0.523014
0.528501
0.526389
0.513594
0.519806
0.514246
0.486107
0.498847
0.529559
0.485923
0.525166
0.588204
0.506229
0.513683
0.509001
0.492823
0.481266
0.513966
0.511296
0.657145
0.53714
0.524051
0.50365
0.509951
0.520389
0.511597
0.52345
0.529648
0.524729
0.512401
0.523715
0.501284
0.537109
0.608232
0.588904
0.51432
0.498021
0.520111
0.527275
0.50796
0.531994
0.528276
0.518986
0.510278
0.542848
0.509754
0.512377
0.500936
0.50465
0.526204
0.513978
0.50485
0.506896
0.502794
0.526389
0.515629
0.512941
0.525063
0.509125
0.505643
0.523606
0.520249
0.538472
0.528999
0.530003
0.518174
0.527718
0.517905
0.500047
0.514414
0.505398
0.602959
0.529832
0.511752
0.522408
0.527473
0.532296
0.497147
0.495152
0.525589
0.6112
0.505479
0.509608
0.505093
0.507319
0.512032
0.518821
0.499628
0.530406
0.513621
0.528993
0.534021
0.531169
0.529759
0.530442
0.513945
0.517683
0.523766
0.521099
0.527485
0.528058
0.52851
0.52329
0.520361
0.522948
0.526847
0.525573
0.5175
0.610688
0.611409
0.512017
0.516751
0.526278
0.564569
0.525548
0.52506
0.524694
0.510895
0.495874
0.505697
0.503958
0.528202
0.526387
0.50406
0.506283
0.525743
0.497771
0.512102
0.52577
0.507505
0.52826
0.526809
0.5113
0.509166
0.497851
0.571534
0.520098
0.508927
0.503963
0.514072
0.519811
0.518498
0.525642
0.506389
0.505271
0.539753
0.499533
0.515442
0.510316
0.519296
0.521293
0.515465
0.533011
0.531428
0.488399
0.486692
0.509946
0.529224
0.505089
0.511538
0.775419
0.526444
0.519589
0.523441
0.524126
0.506018
0.492056
0.51654
0.517355
0.510117
0.525148
0.52743
0.498466
0.529434
0.564204
0.528003
0.494474
0.494967
0.506529
0.520583
0.513281
0.516395
0.505641
0.497449
0.488331
0.489014
0.502993
0.525499
0.503961
0.508261
0.503711
0.49906
0.495397
0.496041
0.506901
0.532396
0.53934
0.521094
0.52386
0.593601
0.527937
0.502239
0.506475
0.505061
0.509755
0.524378
0.504832
0.525525
0.532542
0.498277
0.501832
0.502525
0.539796
0.518554
0.530372
0.518209
0.57058
0.582571
0.514124
0.488024
0.537613
0.538248
0.521468
0.595769
0.571212
0.504795
0.516193
0.519055
0.513481
0.512684
0.511895
0.495036
0.507286
0.508921
0.562398
0.502027
0.507912
0.516929
0.518988
0.519221
0.502417
0.515865
0.592421
0.518824
0.537398
0.521311
0.524219
0.527803
0.514969
0.497036
0.503691
0.499858
0.514905
0.508276
0.504263
0.523314
0.657189
0.517582
0.506544
0.503678
0.505204
0.535902
0.520336
0.521355
0.52273
0.526866
0.510144
0.503007
0.532651
0.496171
0.521516
0.512327
0.518993
0.589112
0.527675
0.570894
0.526835
0.524663
0.500923
0.664585
0.51666
0.541153
0.513624
0.518153
0.513146
0.520876
0.541606
0.537352
0.540964
0.506881
0.497049
0.502457
0.506593
0.485789
0.517975
0.484303
0.5321
0.667863
0.519495
0.570586
0.516586
0.52718
0.52999
0.532411
0.527249
0.507338
0.508481
0.513265
0.501965
0.510289
0.517308
0.524133
0.543443
0.508226
0.520238
0.532525
0.510083
0.511173
0.516026
0.517362
0.512032
0.501405
0.499714
0.531148
0.512223
0.532855
0.497598
0.524754
0.532546
0.530831
0.524556
0.501909
0.510003
0.684403
0.511702
0.510466
0.520437
0.522779
0.533897
0.500069
0.504776
0.49547
0.529935
0.520189
0.5173
0.524217
0.498267
0.528342
0.533829
0.52947
0.51362
0.53165
0.529088
0.590465
0.522627
0.508638
0.508601
0.519453
0.520043
0.506107
0.495248
0.496777
0.498279
0.526257
0.495802
0.531799
0.568727
0.532203
0.486506
0.651515
0.498251
0.598328
0.506607
0.510216
0.530044
0.518439
0.510328
0.520206
0.747272
0.495838
0.499561
0.483526
0.511802
0.517868
0.528374
0.659444
0.497577
0.520578
0.513153
0.521372
0.521769
0.52008
0.516075
0.527272
0.527041
0.507979
0.511912
0.525182
0.501281
0.504437
0.532637
0.69107
0.504314
0.509764
0.526573
0.515573
0.514397
0.514459
0.506402
0.526553
0.510871
0.523964
0.526541
0.498877
0.5094
0.500607
0.498764
0.496811
0.523839
0.536189
0.521881
0.518431
0.508422
0.506928
0.515487
0.513412
0.521989
0.546909
0.506247
0.51929
0.512764
0.515434
0.516454
0.521193
0.526093
0.535413
0.519127
0.639481
0.61455
0.513665
0.504142
0.511322
0.516327
0.52785
0.523481
0.538278
0.53943
0.626539
0.522652
0.495453
0.535585
0.510488
0.499033
0.528832
0.511103
0.519453
0.521349
0.54189
0.541901
0.496525
0.523342
0.495694
0.531287
0.542347
0.509254
0.526002
0.518044
0.522681
0.493152
0.531294
0.513331
0.512786
0.50828
0.508201
0.550393
0.513804
0.538282
0.50309
0.510254
0.509079
0.496859
0.531861
0.502114
0.511075
0.666569
0.521928
0.51856
0.505695
0.509235
0.525311
0.525174
0.496043
0.511398
0.503025
0.543374
0.70549
0.505091
0.517855
0.520327
0.55177
0.52559
0.526766
0.527812
0.509989
0.525617
0.518932
0.524948
0.503769
0.533729
0.537241
0.484303
0.49943
0.518171
0.513965
0.560135
0.49673
0.503002
0.529683
0.523521
0.569364
0.520376
0.511932
0.506028
0.572322
0.695263
0.524474
0.506317
0.563084
0.610784
0.604112
0.514627
0.503321
0.52814
0.510143
0.530713
0.50518
0.522996
0.520169
0.509313
0.518738
0.511981
0.521088
0.511239
0.556428
0.505868
0.520811
0.497158
0.502331
0.532225
0.50026
0.58941
0.498333
0.509245
0.507089
0.518132
0.599517
0.530953
0.572335
0.514804
0.520004
0.519895
0.51644
0.532521
0.551848
0.531684
0.527928
0.530254
0.531088
0.505221
0.508779
0.511876
0.51755
0.527458
0.513166
0.511694
0.518634
0.525574
0.528222
0.526147
0.521371
0.522322
0.531764
0.526044
0.519039
0.531491
0.563072
0.504167
0.567676
0.514366
0.517355
0.511339
0.518959
0.52442
0.522854
0.505619
0.608145
0.619756
0.493815
0.498501
0.527275
0.493197
0.537389
0.538483
0.522999
0.680113
0.6861
0.626462
0.517093
0.519784
0.598873
0.501404
0.532803
0.511829
0.50191
0.528462
0.51577
0.513037
0.504829
0.519385
0.528985
0.603715
0.580102
0.566371
0.560534
0.497171
0.52905
0.52244
0.629396
0.564089
0.528718
0.539372
0.520433
0.521633
0.495935
0.524736
0.495325
0.506475
0.517459
0.618697
0.534799
0.507479
0.519162
0.49583
0.502746
0.527189
0.506132
0.501051
0.517792
0.516163
0.551841
0.509728
0.515167
0.522393
0.519925
0.52901
0.508615
0.507455
0.519108
0.518479
0.525626
0.504417
0.51396
0.514028
0.589709
0.589538
0.512171
0.508563
0.513658
0.513576
0.520146
0.498612
0.520689
0.519662
0.51564
0.655756
0.527423
0.532267
0.52662
0.503669
0.525876
0.522982
0.490456
0.659014
0.653882
0.595061
0.520948
0.504183
0.50852
0.513723
0.499351
0.536964
0.515689
0.503903
0.501968
0.510943
0.527215
0.514791
0.513901
0.560732
0.500116
0.504341
0.507889
0.503811
0.515676
0.497678
0.673395
0.585991
0.50871
0.524247
0.570285
0.53391
0.532222
0.509546
0.520966
0.51551
0.531383
0.523652
0.51679
0.519644
0.525032
0.529468
0.527213
0.57236
0.524917
0.502537
0.509594
0.542423
0.522922
0.515088
0.519293
0.52727
0.50843
0.49312
0.648682
0.521574
0.518859
0.518017
0.525381
0.5155
0.5093
0.529479
0.524366
0.527979
0.515329
0.509773
0.680387
0.540194
0.519667
0.523182
0.503938
0.505462
0.527116
0.50697
0.529763
0.532253
0.510454
0.522378
0.527757
0.514753
0.516753
0.519446
0.510846
0.551721
0.525439
0.714823
0.695504
0.512239
0.519767
0.516254
0.502944
0.504236
0.504831
0.505142
0.500372
0.50228
0.526279
0.524554
0.529648
0.582001
0.504327
0.514999
0.512966
0.515952
0.518161
0.517981
0.513812
0.510733
0.511596
0.507231
0.520448
0.60466
0.51493
0.510083
0.511068
0.518206
0.518295
0.502023
0.539118
0.528653
0.535185
0.5289
0.50565
0.508874
0.53374
0.530737
0.52312
0.513902
0.509574
0.510468
0.523655
0.497586
0.528424
0.502549
0.502965
0.502724
0.534422
0.526436
0.504384
0.526548
0.523493
0.504764
0.507065
0.508002
0.505406
0.502671
0.538405
0.62808
0.682915
0.519003
0.510797
0.515922
0.512052
0.516498
0.520638
0.518914
0.499517
0.516098
0.502208
0.514231
0.522276
0.515396
0.516991
0.519439
0.503307
0.533574
0.528272
0.504759
0.516817
0.618481
0.526912
0.778411
0.665604
0.601183
0.60975
0.653989
0.525869
0.697086
0.526113
0.514912
0.526113
0.51201
0.529591
0.518869
0.532128
0.520504
0.528235
0.524677
0.501973
0.492417
0.524999
0.518524
0.52188
0.525133
0.498728
0.512423
0.528718
0.532779
0.51219
0.51603
0.510362
0.523849
0.512766
0.512628
0.518607
0.531641
0.515493
0.556175
0.553313
0.527946
0.604184
0.570657
0.615448
0.520509
0.513924
0.51786
0.528521
0.500069
0.511465
0.501629
0.527859
0.504369
0.530749
0.513279
0.521828
0.531674
0.527935
0.603664
0.608095
0.555571
0.526219
0.505779
0.511341
0.534833
0.515978
0.521502
0.506958
0.503526
0.512397
0.529053
0.517128
0.502736
0.520406
0.524448
0.526088
0.530582
0.531676
0.5363
0.49597
0.500403
0.508417
0.523786
0.502859
0.52285
0.516066
0.503244
0.526592
0.52601
0.527195
0.523263
0.584094
0.534241
0.522106
0.520072
0.528888
0.503765
0.506584
0.518186
0.517747
0.516799
0.52506
0.514214
0.64019
0.507603
0.519783
0.520862
0.505281
0.503927
0.521972
0.53698
0.533466
0.608217
0.525793
0.519989
0.537241
0.531137
0.508136
0.525306
0.548218
0.544175
0.521737
0.502692
0.64434
0.665489
0.523938
0.517969
0.534829
0.511941
0.533202
0.533793
0.524674
0.517122
0.5054
0.515131
0.519715
0.521238
0.501928
0.517157
0.555648
0.524488
0.518581
0.501119
0.510428
0.523703
0.527218
0.526277
0.526543
0.523508
0.526895
0.513284
0.501872
0.542387
0.550304
0.533348
0.506267
0.534418
0.608288
0.511225
0.490227
0.520451
0.56001
0.528709
0.512665
0.514687
0.526699
0.524488
0.514792
0.522923
0.49887
0.617896
0.520082
0.515621
0.499323
0.52611
0.501417
0.522015
0.526215
0.501282
0.526046
0.568912
0.527934
0.530383
0.510059
0.553478
0.51727
0.485265
0.532648
0.520091
0.586432
0.513281
0.508687
0.527062
0.51272
0.51656
0.517848
0.508184
0.532556
0.517637
0.565881
0.499052
0.53271
0.503281
0.531451
0.52158
0.527775
0.516784
0.52396
0.516242
0.512928
0.487148
0.511912
0.519443
0.500334
0.511191
0.504038
0.52292
0.527555
0.504576
0.521689
0.525226
0.488583
0.513954
0.493869
0.517634
0.603734
0.543875
0.513801
0.519716
0.501753
0.504301
0.506728
0.663681
0.541847
0.509356
0.526222
0.552647
0.503191
0.515072
0.509924
0.523676
0.546132
0.514362
0.527694
0.512413
0.526267
0.504349
0.516336
0.521319
0.527383
0.532657
0.522339
0.504188
0.50791
0.509601
0.512918
0.526111
0.514574
0.495663
0.52779
0.519174
0.522286
0.524511
0.549081
0.543961
0.523451
0.501853
0.526146
0.51355
0.531015
0.524388
0.517133
0.51492
0.527855
0.630968
0.525488
0.504076
0.529103
0.502545
0.563836
0.503188
0.517923
0.525826
0.513498
0.663135
0.52722
0.507228
0.489265
0.528034
0.513537
0.522957
0.51362
0.526192
0.630342
0.525591
0.519211
0.500391
0.527719
0.507803
0.508507
0.526295
0.502228
0.567084
0.504822
0.499664
0.508946
0.518929
0.547692
0.517831
0.525291
0.525482
0.525013
0.503523
0.512987
0.519357
0.519186
0.692431
0.524408
0.525546
0.500015
0.578586
0.524823
0.520836
0.519281
0.504989
0.505789
0.530085
0.522021
0.522066
0.502442
0.523647
0.618966
0.502344
0.523373
0.500208
0.512441
0.505821
0.492082
0.524639
0.515178
0.509588
0.524862
0.524835
0.52271
0.521738
0.550783
0.521752
0.52777
0.515999
0.505058
0.529443
0.515911
0.523286
0.520924
0.526182
0.559088
0.520194
0.522418
0.513834
0.513239
0.509268
0.514592
0.555864
0.517218
0.55903
0.503423
0.526845
0.498024
0.513726
0.524301
0.52556
0.525164
0.507418
0.520651
0.544445
0.493123
0.56912
0.520553
0.550954
0.558776
0.521905
0.517019
0.503385
0.522203
0.529636
0.512793
0.513405
0.558809
0.523869
0.522702
0.506567
0.524591
0.535586
0.524263
0.528147
0.510349
0.510098
0.522994
0.523968
0.50481
0.507164
0.693186
0.533854
0.530113
0.518709
0.593852
0.530883
0.522552
0.517882
0.523366
0.51479
0.486957
0.521309
