0.519684
0.513872
0.519271
0.516646
0.516325
0.516238
0.518317
0.532641
0.518025
0.517
0.518954
0.517393
0.517052
0.510268
0.50917
0.584506
0.514881
0.509954
0.518024
0.641025
0.541011
0.526531
0.52209
0.524065
0.513792
0.51599
0.511868
0.508949
0.507841
0.524019
0.530513
0.535719
0.56285
0.542554
0.568275
0.531201
0.530159
0.529459
0.526489
0.504858
0.564571
0.553638
0.497278
0.494136
0.685514
0.674199
0.711038
0.502739
0.504654
0.774478
0.524471
0.522684
0.521253
0.531141
0.531362
0.532273
0.523538
0.527574
0.530866
0.521392
0.49369
0.490713
0.506216
0.501486
0.531327
0.533219
0.524696
0.518827
0.510349
0.50919
0.507461
0.506761
0.479233
0.487673
0.57027
0.536488
0.534649
0.533203
0.517663
0.530298
0.529612
0.506721
0.514206
0.629795
0.652683
0.612805
0.520455
0.521825
0.518786
0.521383
0.52655
0.525406
0.521902
0.523654
0.517714
0.52045
0.521534
0.50302
0.523243
0.532317
0.532303
0.509504
0.50879
0.510214
0.494245
0.473731
0.476996
0.51511
0.517161
0.504682
0.495489
0.498189
0.524013
0.520119
0.528031
0.574261
0.613762
0.509574
0.548759
0.530644
0.52906
0.569993
0.496135
0.497357
0.640838
0.487167
0.504301
0.521991
0.519324
0.522156
0.515298
0.545494
0.561862
0.546266
0.55581
0.530875
0.570598
0.515891
0.518756
0.605989
0.611167
0.608418
0.517204
0.520551
0.518974
0.519688
0.516388
0.520707
0.531907
0.53343
0.538494
0.533972
0.53044
0.532579
0.527151
0.51593
0.526748
0.527536
0.530894
0.539903
0.537508
0.533022
0.51195
0.671096
0.616669
0.502455
0.510677
0.52096
0.517232
0.504122
0.502764
0.528998
0.527513
0.555412
0.5487
0.531414
0.528757
0.527301
0.530231
0.514568
0.517082
0.514388
0.52345
0.522999
0.491905
0.504307
0.528733
0.524056
0.528686
0.477806
0.48388
0.536475
0.533751
0.534877
0.540226
0.517388
0.516808
0.510131
0.504198
0.503814
0.546636
0.505785
0.511456
0.534125
0.531534
0.508626
0.510584
0.509237
0.509469
0.51761
0.507372
0.506967
0.508195
0.510067
0.511412
0.502715
0.513387
0.53365
0.528089
0.527828
0.527612
0.50355
0.52411
0.521237
0.534987
0.538708
0.538669
0.512289
0.509357
0.509474
0.507464
0.512206
0.51273
0.52203
0.521749
0.525517
0.522725
0.638462
0.502457
0.508702
0.509945
0.52101
0.524265
0.519032
0.526764
0.520246
0.527376
0.525517
0.48999
0.525762
0.522844
0.624133
0.615651
0.517533
0.526308
0.505879
0.505137
0.497864
0.507188
0.501592
0.547989
0.548111
0.503674
0.527942
0.527314
0.522541
0.506537
0.529418
0.527465
0.522332
0.518973
0.535896
0.522458
0.511966
0.547332
0.555497
0.520443
0.518163
0.515741
0.52249
0.494799
0.492532
0.514615
0.529938
0.519599
0.513562
0.511835
0.514914
0.517852
0.520939
0.519698
0.573412
0.527664
0.503094
0.535264
0.551768
0.531733
0.515784
0.524395
0.525487
0.713595
0.700145
0.516519
0.517277
0.516341
0.475852
0.487049
0.525944
0.522746
0.529071
0.495189
0.50659
0.534306
0.527264
0.527435
0.527964
0.517028
0.509327
0.587814
0.518569
0.522574
0.523557
0.5285
0.520559
0.519112
0.499559
0.496956
0.497918
0.531909
0.530984
0.527285
0.533331
0.530604
0.577921
0.598956
0.498451
0.495454
0.500697
0.527954
0.498577
0.495399
0.511078
0.506614
0.504867
0.556633
0.513823
0.591935
0.572755
0.510396
0.504255
0.535555
0.530045
0.534153
0.520449
0.505511
0.504563
0.506329
0.519831
0.524995
0.5439
0.540676
0.509692
0.507823
0.512763
0.539697
0.534525
0.522198
0.529551
0.517872
0.519246
0.576953
0.512651
0.515301
0.507851
0.52554
0.510278
0.517691
0.518173
0.519345
0.62239
0.585686
0.674461
0.522486
0.52118
0.525067
0.488374
0.463204
0.534164
0.508005
0.515404
0.512454
0.494809
0.497028
0.525442
0.533772
0.52764
0.517099
0.521991
0.499194
0.497242
0.529585
0.528492
0.522313
0.521657
0.528558
0.529301
0.524303
0.521926
0.519718
0.529161
0.514503
0.510913
0.497285
0.498975
0.501777
0.508824
0.509624
0.522435
0.520227
0.520465
0.503408
0.505873
0.585449
0.513783
0.512991
0.501876
0.504935
0.535784
0.528684
0.520153
0.532661
0.530369
0.528568
0.613854
0.594549
0.568345
0.506802
0.604501
0.528007
0.523282
0.522801
0.532061
0.535804
0.527717
0.506693
0.50584
0.528369
0.516047
0.511776
0.514507
0.521703
0.526856
0.507076
0.510031
0.507124
0.504363
0.506674
0.499349
0.506986
0.505368
0.516657
0.529439
0.533008
0.524105
0.532524
0.584553
0.583155
0.580123
0.511014
0.518964
0.582561
0.511425
0.527871
0.529022
0.523302
0.543278
0.498122
0.496021
0.508914
0.661854
0.697609
0.61104
0.520798
0.507387
0.499853
0.494835
0.49333
0.487629
0.523755
0.523736
0.52684
0.526016
0.529349
0.524864
0.531054
0.531847
0.525466
0.522593
0.523105
0.53271
0.531519
0.527927
0.509295
0.528599
0.529021
0.528407
0.529553
0.525287
0.502898
0.496541
0.501762
0.518054
0.513965
0.503963
0.504176
0.504566
0.508477
0.509613
0.554736
0.549338
0.531184
0.530722
0.495649
0.500486
0.517186
0.508886
0.50907
0.52184
0.526138
0.527172
0.509806
0.523327
0.53265
0.511556
0.510325
0.53264
0.531909
0.532028
0.514562
0.515438
0.528873
0.510939
0.49947
0.521358
0.524824
0.514
0.49902
0.517054
0.500098
0.500302
0.536223
0.530094
0.520658
0.524382
0.49982
0.515097
0.57264
0.505884
0.508016
0.514689
0.498328
0.509539
0.513959
0.513949
0.500153
0.499238
0.501445
0.499268
0.500475
0.49935
0.521241
0.523311
0.618527
0.534504
0.532001
0.534157
0.53363
0.514772
0.529902
0.51346
0.574968
0.599251
0.533843
0.509603
0.523066
0.502205
0.510703
0.498233
0.506066
0.514632
0.522121
0.497662
0.511268
0.518187
0.52041
0.517973
0.51347
0.511823
0.514175
0.503517
0.507977
0.522948
0.512267
0.531648
0.52734
0.513985
0.628533
0.622502
0.647228
0.510772
0.510914
0.510803
0.567833
0.569236
0.535926
0.512551
0.514693
0.514477
0.519044
0.517298
0.51557
0.516348
0.51578
0.507046
0.503499
0.583636
0.571289
0.518103
0.517719
0.515184
0.524866
0.525557
0.516596
0.521939
0.559522
0.540297
0.767645
0.655868
0.679828
0.556145
0.57414
0.528355
0.527608
0.5211
0.516814
0.526749
0.52506
0.522585
0.520659
0.518438
0.510787
0.504235
0.511408
0.507509
0.510359
0.515886
0.495984
0.493902
0.505083
0.511554
0.530301
0.530863
0.52075
0.518709
0.524033
0.52217
0.537582
0.507869
0.508896
0.498712
0.495328
0.497587
0.531405
0.49911
0.500819
0.50551
0.518794
0.511772
0.519594
0.515065
0.518321
0.521089
0.518884
0.51153
0.505959
0.516193
0.509077
0.525885
0.525057
0.519953
0.681012
0.503604
0.522498
0.638205
0.679759
0.509403
0.526038
0.517322
0.481324
0.520195
0.503686
0.503667
0.492064
0.493356
0.506166
0.50588
0.51754
0.518897
0.524278
0.515914
0.524217
0.507248
0.504729
0.503581
0.676793
0.545808
0.532179
0.520984
0.499413
0.499215
0.59494
0.58794
0.50736
0.509715
0.502622
0.496163
0.519195
0.51975
0.522122
0.523922
0.525798
0.52335
0.534232
0.529159
0.524517
0.526251
0.526082
0.528441
0.529664
0.527108
0.52437
0.517181
0.499602
0.513169
0.514842
0.510146
0.512086
0.510994
0.502863
0.503286
0.511476
0.502193
0.507435
0.502643
0.503836
0.540372
0.524833
0.509236
0.522334
0.519299
0.542583
0.524105
0.503467
0.50561
0.507721
0.536606
0.688885
0.501267
0.483544
0.518886
0.750916
0.683393
0.518927
0.515267
0.508516
0.530333
0.514601
0.506354
0.502883
0.527303
0.514982
0.631441
0.59949
0.570636
0.574288
0.527008
0.516976
0.51967
0.677119
0.507311
0.505697
0.53234
0.529052
0.498788
0.503607
0.510138
0.479915
0.506386
0.515713
0.672071
0.538743
0.529428
0.506517
0.544518
0.545214
0.486658
0.533113
0.527611
0.541989
0.515933
0.510609
0.527909
0.528097
0.519717
0.485443
0.654869
0.518798
0.524965
0.518698
0.516603
0.528913
0.527235
0.517274
0.5158
0.595062
0.497549
0.50149
0.520359
0.578586
0.590576
0.642514
0.515531
0.506865
0.513131
0.518499
0.517155
0.524356
0.525832
0.521854
0.519191
0.521378
0.52612
0.527337
0.522465
0.52929
0.516841
0.548593
0.522693
0.521014
0.516798
0.50502
0.510595
0.515148
0.514637
0.515117
0.526894
0.529779
0.526067
0.500279
0.508961
0.507765
0.506212
0.514348
0.519224
0.519826
0.53696
0.537232
0.538469
0.545494
0.538936
0.506766
0.508425
0.522309
0.519842
0.518719
0.512635
0.519603
0.521217
0.520495
0.506956
0.507248
0.504983
0.517462
0.524821
0.53072
0.532537
0.502734
0.496702
0.524309
0.526551
0.5239
0.528532
0.531157
0.522455
0.520545
0.521854
0.509738
0.506747
0.513415
0.507676
0.522684
0.640949
0.493113
0.510969
0.509457
0.509701
0.496893
0.496861
0.530658
0.53247
0.524981
0.51166
0.525389
0.523916
0.516636
0.528077
0.683126
0.518973
0.506433
0.521971
0.504013
0.477969
0.48195
0.513807
0.518113
0.496161
0.494186
0.503784
0.510292
0.512401
0.516262
0.526323
0.507647
0.507492
0.594266
0.593071
0.510143
0.506286
0.508163
0.498443
0.497627
0.512334
0.519384
0.516649
0.510314
0.526911
0.528013
0.516039
0.502628
0.506473
0.507569
0.505785
0.506645
0.512047
0.514253
0.522113
0.499011
0.491231
0.534893
0.502166
0.508168
0.513832
0.505321
0.504339
0.488187
0.501891
0.511447
0.509045
0.624258
0.690224
0.588639
0.506584
0.514241
0.510711
0.525336
0.527171
0.525983
0.506251
0.502791
0.526712
0.627227
0.5282
0.510897
0.51518
0.530817
0.527246
0.52688
0.508299
0.509395
0.524936
0.511661
0.520916
0.528042
0.486677
0.524186
0.51192
0.5135
0.505655
0.501275
0.50021
0.514117
0.515758
0.50813
0.508697
0.509116
0.515405
0.512275
0.494912
0.506232
0.521092
0.525098
0.51739
0.524349
0.517165
0.520278
0.581761
0.502728
0.524133
0.521644
0.523602
0.51708
0.497583
0.528024
0.577098
0.582406
0.529652
0.5001
0.502369
0.501889
0.49827
0.497436
0.503557
0.529852
0.528906
0.513686
0.533098
0.51372
0.51204
0.665047
0.492023
0.481834
0.506551
0.508267
0.539479
0.518287
0.51621
0.573173
0.551605
0.512917
0.506017
0.523532
0.50997
0.514028
0.509356
0.510356
0.531812
0.525672
0.60518
0.522975
0.51051
0.529148
0.527714
0.49436
0.515711
0.524835
0.500715
0.535885
0.495533
0.505558
0.509625
0.509829
0.577735
0.506455
0.508252
0.532348
0.520628
0.504834
0.5098
0.492632
0.511327
0.523956
0.56226
0.503119
0.522005
0.557928
0.51551
0.622838
0.523368
0.625645
0.55733
0.525577
0.523974
0.484911
0.49454
0.523269
0.52306
0.533418
0.525795
0.490452
0.488626
0.488863
0.510445
0.519554
0.496968
0.503392
0.517857
0.513628
0.52823
0.495152
0.52647
0.529312
0.553142
0.529206
0.533725
0.505861
0.55206
0.517617
0.50815
0.50263
0.518916
0.520509
0.526859
0.514126
0.515929
0.512829
0.511882
0.518782
0.512024
0.545474
0.551382
0.498421
0.510864
0.514269
0.505544
0.509136
0.5011
0.503712
0.507798
0.524084
0.52684
0.52623
0.607266
0.553156
0.529963
0.529756
0.504402
0.512004
0.522301
0.524747
0.512382
0.521003
0.536435
0.50027
0.487852
0.501598
0.530651
0.522375
0.506368
0.513188
0.524969
0.570494
0.526173
0.531219
0.524526
0.524261
0.537693
0.516178
0.520638
0.513602
0.565567
0.54416
0.535798
0.596607
0.504778
0.480915
0.515593
0.559052
0.585543
0.528693
0.532705
0.533179
0.51388
0.496573
0.492437
0.494997
0.506438
0.67466
0.523094
0.523998
0.518993
0.529018
0.524855
0.720306
0.497137
0.496721
0.496525
0.520164
0.510626
0.521495
0.507776
0.507583
0.503264
0.527863
0.493236
0.49645
0.489221
0.528518
0.555392
0.571134
0.519665
0.518679
0.500258
0.501982
0.616558
0.625206
0.641409
0.529944
0.516599
0.524146
0.519747
0.532071
0.50636
0.559359
0.509638
0.582242
0.526697
0.527413
0.529143
0.50821
0.50872
0.656801
0.538115
0.523769
0.580475
0.596528
0.587738
0.51131
0.496305
0.528091
0.521353
0.508531
0.524808
0.523497
0.510502
0.520405
0.497201
0.529767
0.505407
0.572733
0.498712
0.503493
0.555316
0.503001
0.51436
0.485065
0.478949
0.511423
0.511252
0.532064
0.578103
0.517957
0.527202
0.511622
0.507028
0.504168
0.521839
0.533089
0.495963
0.497179
0.488915
0.511653
0.501073
0.509978
0.531371
0.509113
0.518649
0.52104
0.519602
0.507842
0.564193
0.531479
0.532731
0.531963
0.593096
0.514077
0.515471
0.510644
0.515349
0.545005
0.489709
0.527103
0.525984
0.510131
0.509962
0.517563
0.536655
0.521456
0.509571
0.519205
0.527484
0.531643
0.530768
0.527648
0.526551
0.499011
0.505554
0.526779
0.527117
0.515614
0.501835
0.509535
0.608934
0.528782
0.528993
0.525008
0.654029
0.507698
0.50721
0.516
0.518607
0.525617
0.500579
0.525521
0.523461
0.526287
0.511361
0.525465
0.52966
0.510008
0.542389
0.528264
0.521179
0.510411
0.521494
0.506933
0.534012
0.52894
0.532316
0.528768
0.515834
0.514584
0.528943
0.529197
0.527803
0.538006
0.525081
0.519828
0.518819
0.520552
0.523027
0.633314
0.613795
0.497872
0.533391
0.532878
0.5471
0.508353
0.521882
0.515343
0.504333
0.554493
0.506855
0.495859
0.505724
0.528139
0.531975
0.510302
0.527136
0.516068
0.513142
0.524502
0.510741
0.507725
0.510401
0.600491
0.601469
0.506523
0.525266
0.51346
0.498636
0.519249
0.534472
0.501087
0.526217
0.517619
0.525247
0.516921
0.529955
0.529316
0.486119
0.528032
0.647549
0.516289
0.527201
0.594095
0.596203
0.504082
0.507226
0.514735
0.526236
0.524469
0.517627
0.518113
0.500842
0.50272
0.499399
0.506399
0.535135
0.508805
0.510984
0.52421
0.508574
0.502333
0.528178
0.523736
0.621385
0.506348
0.516443
0.508371
0.505241
0.531149
0.526606
0.504746
0.514422
0.504374
0.525032
0.499678
0.497833
0.527273
0.531802
0.512113
0.53167
0.525975
0.518132
0.513769
0.530626
0.527455
0.508941
0.535857
0.598258
0.517878
0.513358
0.507427
0.510177
0.51031
0.527273
0.507036
0.530537
0.523794
0.510322
0.504554
0.537065
0.530376
0.498105
0.513055
0.536095
0.530254
0.526097
0.55177
0.506291
0.513138
0.537445
0.538705
0.54103
0.68032
0.525071
0.548693
0.507393
0.51101
0.534921
0.51624
0.512705
0.50323
0.511964
0.549533
0.563298
0.512751
0.507579
0.55669
0.514378
0.504879
0.537518
0.514323
0.582925
0.509843
0.519611
0.53273
0.494306
0.496851
0.51708
0.50904
0.507783
0.507394
0.507034
0.693531
0.525631
0.536581
0.518004
0.51609
0.514175
0.611817
0.584997
0.529323
0.494619
0.52536
0.512477
0.512119
0.57008
0.529355
0.526794
0.523307
0.619057
0.52715
0.516291
0.5132
0.554321
0.529432
0.517833
0.534134
0.520095
0.514232
0.529167
0.53702
0.536501
0.505689
0.495963
0.507903
0.518861
0.48468
0.523222
0.52852
0.530641
0.497691
0.516631
0.536891
0.530526
0.529905
0.532301
0.497329
0.575558
0.507432
0.503291
0.501753
0.536927
0.524541
0.530786
0.543995
0.528291
0.508466
0.519329
0.49738
0.509574
0.510497
0.505678
0.595566
0.498586
0.520693
0.517647
0.513706
0.495123
0.673289
0.526105
0.526237
0.49773
0.526364
0.527679
0.49719
0.533335
0.508264
0.509074
0.676069
0.507981
0.526837
0.50688
0.511999
0.524759
0.513008
0.519929
0.501127
0.631463
0.5471
0.522892
0.524866
0.61265
0.517623
0.528243
0.561601
0.532555
0.529243
0.530689
0.521803
0.520598
0.575844
0.505097
0.521214
0.498091
0.523159
0.520871
0.523498
0.493963
0.496846
0.496495
0.525381
0.530219
0.48488
0.521273
0.526345
0.590631
0.511719
0.49726
0.522799
0.522045
0.52297
0.512861
0.51654
0.525182
0.520522
0.723097
0.604443
0.521674
0.522865
0.521257
0.483817
0.5242
0.700718
0.678945
0.512158
0.521126
0.597484
0.515239
0.514261
0.522129
0.522164
0.494438
0.518014
0.518816
0.525721
0.510101
0.508306
0.522537
0.504283
0.50532
0.533338
0.504328
0.524412
0.499074
0.521658
0.516388
0.514396
0.512104
0.511078
0.50387
0.525783
0.511231
0.501632
0.509293
0.506618
0.494943
0.594598
0.525137
0.516912
0.659233
0.674081
0.523062
0.535535
0.589146
0.503973
0.523542
0.517609
0.502555
0.511575
0.510603
0.511068
0.514761
0.510778
0.52252
0.524988
0.522729
0.550219
0.495372
0.524559
0.513027
0.509666
0.508001
0.531573
0.535891
0.537767
0.511081
0.514152
0.626344
0.522906
0.50501
0.559797
0.527761
0.505045
0.528472
0.521844
0.554691
0.523234
0.544458
0.532301
0.519521
0.532101
0.58498
0.519028
0.509645
0.529991
0.494333
0.5085
0.514503
0.516948
0.514232
0.54642
0.503323
0.548881
0.506573
0.508148
0.624745
0.498381
0.516338
0.51359
0.531405
0.519908
0.517497
0.511893
0.638687
0.52718
0.52575
0.520732
0.528149
0.525324
0.523173
0.505943
0.523997
0.506391
0.494504
0.508721
0.521608
0.505956
0.509824
0.499982
0.519714
0.523978
0.511426
0.550245
0.525387
0.53358
0.507973
0.52661
0.526099
0.51274
0.530837
0.527426
0.473756
0.524766
0.526633
0.529681
0.505463
0.530899
0.567042
0.495047
0.520685
0.669053
0.519786
0.519015
0.528253
0.496165
0.528545
0.524343
0.521908
0.516147
0.505916
0.510768
0.520824
0.527833
0.508913
0.528714
0.502484
0.52104
0.526806
0.508336
0.519855
0.507717
0.517565
0.496835
0.520133
0.507083
0.654997
0.516956
0.510182
0.508989
0.575614
0.592921
0.535239
0.510694
0.524418
0.512998
0.515144
0.487088
0.539092
0.553727
0.531394
0.559553
0.562058
0.586559
0.519421
0.524387
0.547245
0.547878
0.54274
0.542747
0.535895
0.504095
0.501478
0.510323
0.505694
0.509049
0.535212
0.509812
0.506292
0.507877
0.508019
0.52625
0.524043
0.523733
0.52631
0.527632
0.535507
0.532428
0.522364
0.515285
0.648862
0.692955
0.527098
0.574208
0.500861
0.58162
0.512019
0.501965
0.510792
0.501139
0.521928
0.525894
0.640253
0.524563
0.55556
0.523456
0.721123
0.528537
0.515077
0.511514
0.525219
0.549813
0.555679
0.497919
0.506499
0.529592
0.513451
0.511736
0.505119
0.505517
0.528103
0.520091
0.604529
0.509279
0.515872
0.515225
0.522804
0.620654
0.504512
0.53378
0.583892
0.530614
0.53066
0.51985
0.505168
0.528274
0.525474
0.522685
0.522736
0.497146
0.500261
0.499064
0.518055
0.507917
0.511327
0.687362
0.502304
0.507196
0.500704
0.531875
0.528489
0.473754
0.503708
0.503256
0.518758
0.504303
0.513288
0.595618
0.500152
0.521442
0.515236
0.524721
0.50273
0.499324
0.503424
0.526649
0.526704
0.514639
0.500613
0.518907
0.624077
0.505193
0.530412
0.517714
0.505288
0.506302
0.51107
0.656614
0.673384
0.655583
0.526518
0.525254
0.612891
0.506326
0.516786
0.513249
0.519599
0.524342
0.510846
0.502012
0.516374
0.524896
0.528005
0.516778
0.51064
0.507866
0.589332
0.531937
0.537631
0.498894
0.497933
0.504325
0.493807
0.507126
0.497815
0.524491
0.58857
0.528384
0.511807
0.512482
0.501308
0.527218
0.552413
0.546817
0.509472
0.500394
0.511525
0.517335
0.506641
0.51154
0.507298
0.563025
0.51954
0.593014
0.526935
0.500072
0.503946
0.531446
0.523755
0.526654
0.538668
0.523651
0.529127
0.517387
0.735844
0.509059
0.606385
0.508156
0.504738
0.511327
0.515832
0.546536
0.549779
0.509657
0.50882
0.531635
0.500174
0.524426
0.520661
0.506525
0.524671
0.523422
0.509469
0.510074
0.530782
0.507586
0.508932
0.620953
0.4961
0.516649
0.504492
0.543035
0.653516
0.709459
0.510701
0.49437
0.498575
0.505108
0.50016
0.501698
0.495694
0.52754
0.507793
0.509457
0.502754
0.513324
0.513645
0.508785
0.511911
0.517034
0.507266
0.515289
0.501879
0.510719
0.606645
0.662477
0.653636
0.513314
0.531063
0.504925
0.511629
0.514993
0.521687
0.496534
0.527705
0.536736
0.518239
0.531621
0.50666
0.526883
0.490025
0.492904
0.526239
0.53083
0.503473
0.515902
0.522843
0.561576
0.512038
0.526014
0.527153
0.526598
0.538937
0.510541
0.532469
0.514329
0.533556
0.502379
0.501934
0.501971
0.504411
0.506159
0.494345
0.508515
0.53718
0.515704
0.517169
0.517881
0.52786
0.515988
0.509727
0.508759
0.509454
0.518201
0.512292
0.536834
0.496535
0.514693
0.503755
0.511791
0.518987
0.525221
0.523459
0.648378
0.525153
0.557768
0.573581
0.52325
0.503053
0.517761
0.519416
0.523692
0.528094
0.507048
0.546685
0.512268
0.526543
0.517849
0.537126
0.631698
0.624094
0.510077
0.519356
0.501296
0.513983
0.509117
0.531128
0.529677
0.501631
0.488503
0.528429
0.527978
0.523938
0.513563
0.508
0.508413
0.507015
0.515912
0.517087
0.514273
0.526718
0.509076
0.511299
0.508176
0.523998
0.504379
0.504847
0.506566
0.531483
0.571772
0.506945
0.511002
0.512124
0.499762
0.520579
0.498845
0.51228
0.532774
0.531834
0.495959
0.508412
0.515617
0.510688
0.514671
0.514445
0.514246
0.520078
0.674996
0.510641
0.51834
0.526298
0.551345
0.522345
0.522022
0.488555
0.527319
0.5279
0.501632
0.508576
0.498402
0.510559
0.524953
0.526888
0.621829
0.510784
0.532292
0.520247
0.517322
0.517126
0.525045
0.530252
0.512248
0.493151
0.506748
0.523328
0.520776
0.492942
0.513923
0.525454
0.508614
0.526813
0.520944
0.537011
0.525266
0.493309
0.501069
0.502819
0.519066
0.51707
0.527315
0.564817
0.523555
0.626406
0.501435
0.636585
0.52266
0.517338
0.532096
0.525476
0.527927
0.531694
0.51617
0.517583
0.504478
0.591961
0.526495
0.533017
0.527497
0.52714
0.504504
0.525803
0.531394
0.506782
0.534761
0.691355
0.515064
0.520044
0.531722
0.513537
0.539556
0.494535
0.547961
0.532432
0.517758
0.533176
0.520983
0.531849
0.512973
0.533386
0.523319
0.613744
0.512894
0.512937
0.53253
0.536592
0.528638
0.613625
0.565063
0.535642
0.521682
0.702442
0.511723
0.526511
0.541783
0.526317
0.546431
0.512181
0.579728
0.498785
0.517529
0.530279
0.501559
0.504115
0.50246
0.726277
0.510186
0.504504
0.561316
0.531746
0.53194
0.532689
0.496964
0.507943
0.503152
0.526356
0.526759
0.527739
0.495377
0.529217
0.556442
0.496292
0.523591
0.520816
0.505899
0.513465
0.536507
0.524158
0.520781
0.531514
0.497179
0.519366
0.589191
0.515377
0.482969
0.522786
0.539478
0.592441
0.526825
0.517437
0.50901
0.509515
0.52593
0.516834
0.529436
0.513149
0.494827
0.510956
0.554649
0.498881
0.519084
0.535827
0.515542
0.511106
0.589034
0.497496
0.509379
0.539153
0.517292
0.519588
0.510814
0.502032
0.519467
0.632842
0.516039
0.568962
0.527871
0.51424
0.525416
0.518179
0.52662
0.555668
0.527745
0.503099
0.516276
0.554755
0.509305
0.498987
0.506911
0.510744
0.527484
0.511776
0.504344
0.536216
0.528083
0.528654
0.562094
0.519822
0.489367
0.526384
0.511513
0.522562
0.510168
0.520177
0.512991
0.636656
0.589996
0.506229
0.573796
0.503423
0.520491
0.510824
0.508945
0.493197
0.600209
0.489233
0.572422
0.508136
0.499863
0.50577
0.680464
0.523561
0.519979
0.477428
0.575054
0.510276
0.525525
0.516072
0.502067
0.552279
0.530171
0.510007
0.527241
0.595232
0.507694
0.535745
0.561545
0.530282
0.527884
0.511714
0.590464
0.594203
0.513095
0.53441
0.521667
0.502491
0.525462
0.505268
0.534771
0.636302
0.517467
0.534857
0.504047
0.575034
0.513904
0.526972
0.540359
0.538356
0.509383
0.506972
0.531978
0.518245
0.562866
0.576491
0.525725
0.521589
0.515241
0.526212
0.509993
0.518014
0.700217
0.514071
0.644669
0.512595
0.507951
0.503358
0.490966
0.504682
0.501132
0.521983
0.523345
0.526018
0.724146
0.640031
0.647886
0.520946
0.680678
0.504306
0.500649
0.60685
0.50828
0.499968
0.604836
0.516461
0.524618
0.510213
0.523292
0.513277
0.50147
0.52956
0.503139
0.525928
0.507168
0.512668
0.609648
0.517664
0.505038
0.506675
0.538039
0.513927
0.519346
0.629258
0.481607
0.507988
0.528466
0.503969
0.581157
0.540035
0.515642
0.497017
0.51851
0.502114
0.505187
0.503556
0.50577
0.505715
0.51996
0.499943
0.52478
0.511645
0.524295
0.504556
0.506899
0.511194
0.520496
0.50854
0.509724
0.501934
0.524343
0.517464
0.509148
0.5036
0.599481
0.511294
0.515318
0.517832
0.501474
0.542208
0.546035
0.521687
0.507008
0.505064
0.525344
0.525496
0.548007
0.522194
0.522689
0.51118
0.502964
0.522821
