0.485705
0.484321
0.498434
0.581272
0.560014
0.526464
0.529536
0.524133
0.527243
0.600752
0.516958
0.612705
0.529175
0.521826
0.52594
0.525965
0.569598
0.57029
0.513964
0.517778
0.581418
0.594604
0.585174
0.577416
0.592912
0.515551
0.52045
0.507926
0.504247
0.497755
0.498908
0.514264
0.52241
0.509887
0.5275
0.523175
0.558335
0.584084
0.519431
0.5055
0.616933
0.550625
0.53796
0.54935
0.556458
0.552379
0.505452
0.503156
0.495471
0.522532
0.530517
0.527301
0.52402
0.526539
0.519239
0.509344
0.505071
0.517233
0.523347
0.527128
0.550088
0.547924
0.501372
0.497029
0.520208
0.526976
0.506185
0.51536
0.514161
0.517111
0.518801
0.520107
0.507621
0.505735
0.50906
0.513002
0.531788
0.531854
0.525828
0.531959
0.518241
0.52048
0.522696
0.526489
0.519588
0.514066
0.496697
0.494008
0.500832
0.50718
0.503186
0.507579
0.512951
0.510272
0.500999
0.507402
0.498767
0.504968
0.643179
0.623517
0.49776
0.499732
0.486712
0.511864
0.513241
0.511002
0.517204
0.499905
0.49953
0.535268
0.509411
0.522376
0.521034
0.512995
0.522843
0.515927
0.526074
0.524636
0.516755
0.518763
0.562824
0.573264
0.520801
0.527912
0.492482
0.511891
0.497258
0.522047
0.515405
0.519866
0.531492
0.519817
0.500532
0.525667
0.527482
0.525516
0.522591
0.494054
0.494542
0.496743
0.515884
0.510402
0.510691
0.595586
0.562307
0.51305
0.522441
0.522813
0.514585
0.51687
0.512361
0.514679
0.515814
0.495921
0.527278
0.527944
0.519074
0.519984
0.519946
0.491335
0.597787
0.499036
0.52251
0.525358
0.519017
0.518786
0.527615
0.473914
0.495542
0.507616
0.508315
0.526792
0.524779
0.512018
0.518315
0.63736
0.636082
0.520494
0.549022
0.507263
0.505141
0.501634
0.499628
0.502441
0.515884
0.508157
0.524324
0.511808
0.512891
0.518723
0.507842
0.49117
0.551557
0.563493
0.563461
0.602735
0.574707
0.524632
0.524171
0.609822
0.520524
0.521583
0.516559
0.516136
0.510501
0.494005
0.495858
0.501514
0.506186
0.508961
0.506025
0.50763
0.507587
0.518282
0.495286
0.495348
0.529993
0.519233
0.513165
0.51433
0.523408
0.520434
0.523332
0.524309
0.579309
0.517158
0.527981
0.497956
0.486528
0.492062
0.502705
0.508548
0.50047
0.599261
0.521439
0.519032
0.51866
0.503706
0.510959
0.530417
0.52969
0.520683
0.513594
0.51473
0.51779
0.528317
0.5276
0.526859
0.524716
0.522692
0.524546
0.525865
0.530474
0.537585
0.639055
0.502873
0.506771
0.502741
0.500128
0.505223
0.50878
0.614321
0.527252
0.537704
0.542794
0.511319
0.507044
0.510903
0.705461
0.659759
0.601114
0.507725
0.503329
0.498147
0.524947
0.515768
0.552807
0.521301
0.493521
0.5183
0.526824
0.529447
0.528765
0.527643
0.614925
0.528148
0.529218
0.530991
0.522713
0.519704
0.506461
0.493523
0.491505
0.502612
0.527084
0.528095
0.493656
0.505191
0.518425
0.511561
0.533241
0.531687
0.523368
0.518467
0.651591
0.567207
0.575928
0.520996
0.513052
0.521478
0.508892
0.507116
0.506866
0.502653
0.518128
0.517962
0.587099
0.61633
0.518371
0.519234
0.552413
0.522824
0.521179
0.521464
0.625765
0.629553
0.519733
0.508525
0.514975
0.502923
0.508109
0.513312
0.508947
0.534711
0.534976
0.511375
0.508524
0.514479
0.497991
0.502167
0.507066
0.514465
0.513329
0.511681
0.506793
0.529706
0.510433
0.521908
0.530301
0.520755
0.527351
0.524666
0.524798
0.533115
0.526849
0.633683
0.492259
0.500994
0.495611
0.532208
0.527442
0.517967
0.515187
0.505715
0.51758
0.586798
0.584414
0.555239
0.555905
0.56849
0.495817
0.506446
0.504287
0.522071
0.50798
0.503539
0.504638
0.516297
0.52649
0.524832
0.520836
0.517181
0.549238
0.523554
0.519964
0.497647
0.503102
0.58731
0.525578
0.505858
0.518074
0.645064
0.622112
0.627867
0.507319
0.510651
0.517663
0.610911
0.627994
0.512536
0.5122
0.480539
0.485122
0.526328
0.529859
0.525136
0.529104
0.50197
0.496539
0.509896
0.513712
0.604948
0.577432
0.530649
0.527767
0.531889
0.527448
0.524663
0.527744
0.524656
0.516049
0.525375
0.51549
0.515032
0.480754
0.533999
0.533471
0.543558
0.483531
0.480403
0.485993
0.520787
0.523841
0.519776
0.51483
0.50543
0.528771
0.523521
0.503371
0.508961
0.568526
0.51529
0.526958
0.521186
0.522839
0.518924
0.525012
0.518596
0.509567
0.507891
0.525389
0.509781
0.573381
0.567309
0.565088
0.571085
0.521123
0.498157
0.498919
0.504864
0.50572
0.4903
0.484794
0.519204
0.521638
0.520343
0.524748
0.524667
0.525231
0.65463
0.529179
0.523683
0.531581
0.519276
0.500061
0.524987
0.519851
0.520862
0.524234
0.524257
0.521688
0.523305
0.523954
0.497007
0.495867
0.5287
0.529874
0.502369
0.511079
0.507537
0.512403
0.501602
0.504756
0.518827
0.50369
0.498123
0.508483
0.517026
0.495588
0.513151
0.693107
0.51533
0.515406
0.487397
0.561055
0.51197
0.512275
0.514442
0.520086
0.515295
0.520592
0.524959
0.520025
0.594917
0.53331
0.498678
0.475721
0.474423
0.494444
0.525434
0.519878
0.522559
0.51769
0.514804
0.629888
0.581506
0.521922
0.531744
0.52837
0.518626
0.513437
0.523596
0.529559
0.531531
0.529544
0.507889
0.511928
0.515035
0.51004
0.510428
0.531433
0.526061
0.534189
0.544718
0.537562
0.514717
0.501814
0.518425
0.5158
0.51307
0.496292
0.493773
0.524214
0.502014
0.505231
0.513156
0.506251
0.50027
0.515382
0.501445
0.50661
0.513699
0.519823
0.529046
0.503481
0.545748
0.540876
0.555258
0.551535
0.546203
0.537345
0.538946
0.526667
0.563408
0.50469
0.503433
0.488348
0.491684
0.604916
0.615952
0.643564
0.531265
0.499129
0.515468
0.558349
0.550837
0.537869
0.543792
0.50126
0.524681
0.503719
0.519512
0.520876
0.505624
0.507863
0.521615
0.525141
0.526033
0.521912
0.519883
0.534582
0.509524
0.506078
0.510314
0.515058
0.516809
0.517617
0.524498
0.523676
0.523144
0.5293
0.525165
0.516352
0.604908
0.510874
0.506855
0.503633
0.525756
0.524944
0.530512
0.501968
0.611504
0.582662
0.519675
0.521539
0.521999
0.553677
0.529206
0.506665
0.507036
0.525653
0.526267
0.525293
0.521009
0.505538
0.506381
0.519545
0.523866
0.522944
0.528251
0.493756
0.496588
0.551359
0.4963
0.596629
0.504961
0.503465
0.499125
0.509304
0.513336
0.499565
0.515732
0.634383
0.582536
0.533426
0.497966
0.49735
0.518998
0.499248
0.504743
0.521446
0.517879
0.498268
0.500169
0.503309
0.522975
0.505619
0.508177
0.509384
0.51238
0.489136
0.492794
0.515313
0.519566
0.562156
0.591096
0.560755
0.529808
0.487379
0.490189
0.495842
0.51668
0.520027
0.514892
0.482292
0.50449
0.502214
0.512074
0.509697
0.503907
0.507069
0.618201
0.531223
0.526155
0.528045
0.52361
0.525103
0.503234
0.502558
0.51346
0.547079
0.52408
0.545678
0.539677
0.520427
0.525621
0.517334
0.523053
0.507327
0.510528
0.514718
0.503406
0.567127
0.555115
0.555515
0.503252
0.48313
0.511053
0.518432
0.480835
0.517609
0.518222
0.497698
0.495867
0.524843
0.528328
0.594733
0.529535
0.528786
0.523846
0.526966
0.518767
0.512083
0.528265
0.530695
0.533803
0.477717
0.511626
0.541185
0.524013
0.516209
0.517247
0.524651
0.528274
0.50901
0.51641
0.533697
0.52313
0.512077
0.511285
0.514073
0.52191
0.520724
0.685772
0.521883
0.516844
0.513397
0.526498
0.524806
0.525557
0.502377
0.520713
0.519577
0.542189
0.5414
0.547568
0.528913
0.527087
0.498605
0.524159
0.522228
0.519133
0.581109
0.592483
0.505754
0.573181
0.56782
0.511191
0.636132
0.487915
0.49368
0.556448
0.507151
0.520104
0.517917
0.511428
0.520641
0.518496
0.498872
0.493037
0.505621
0.497663
0.513199
0.514826
0.513751
0.518993
0.520067
0.524755
0.516631
0.520034
0.504109
0.527133
0.518559
0.62367
0.543236
0.556615
0.512829
0.514664
0.513904
0.574098
0.524529
0.515678
0.518135
0.540579
0.541243
0.541965
0.520601
0.511469
0.532858
0.53377
0.50039
0.506382
0.512393
0.489543
0.522838
0.525243
0.524681
0.523235
0.52404
0.489775
0.491221
0.506097
0.513256
0.6017
0.515874
0.522556
0.523189
0.521771
0.525971
0.50616
0.523749
0.530267
0.504378
0.503157
0.51992
0.519664
0.508264
0.508113
0.510461
0.523414
0.525136
0.522716
0.550858
0.531307
0.516042
0.52191
0.504325
0.507835
0.592523
0.491812
0.673742
0.489291
0.515518
0.598469
0.582361
0.575768
0.519042
0.521812
0.523936
0.480278
0.582923
0.522395
0.523948
0.520882
0.515035
0.52347
0.511557
0.515213
0.520117
0.524463
0.519272
0.503901
0.52452
0.530017
0.528359
0.643452
0.639123
0.532472
0.542689
0.588393
0.53224
0.525323
0.524868
0.509759
0.501818
0.519003
0.521398
0.516645
0.510633
0.55332
0.511874
0.534085
0.540233
0.516839
0.517333
0.520775
0.522375
0.517901
0.51645
0.508004
0.4988
0.530683
0.585447
0.642728
0.64283
0.501547
0.500362
0.506056
0.502976
0.49298
0.514831
0.520745
0.503332
0.652004
0.647254
0.525237
0.530159
0.59513
0.51446
0.513386
0.50474
0.525992
0.524024
0.528705
0.512579
0.509058
0.511212
0.542733
0.490437
0.507477
0.512646
0.5119
0.645346
0.624733
0.595127
0.527998
0.530253
0.532559
0.524476
0.524174
0.526523
0.525912
0.499426
0.501255
0.502633
0.523742
0.5202
0.521026
0.522033
0.524423
0.526632
0.524011
0.578885
0.553184
0.508871
0.506107
0.517177
0.514969
0.56434
0.569082
0.503755
0.547764
0.517949
0.515391
0.514772
0.518562
0.495174
0.496915
0.496485
0.501056
0.508534
0.508657
0.504039
0.498872
0.496867
0.50531
0.501463
0.515548
0.516873
0.507233
0.508482
0.505151
0.495431
0.486861
0.512553
0.513463
0.645762
0.654367
0.501254
0.503101
0.51308
0.582367
0.587027
0.56411
0.504506
0.509542
0.50765
0.543814
0.492865
0.50045
0.534368
0.511173
0.573076
0.520935
0.5195
0.521951
0.512666
0.517412
0.543805
0.526415
0.658091
0.60089
0.496823
0.499724
0.529848
0.496992
0.515148
0.517169
0.528121
0.560554
0.526664
0.525322
0.48746
0.487295
0.490289
0.470095
0.527997
0.569484
0.519084
0.53047
0.518607
0.535219
0.529361
0.510107
0.511088
0.519979
0.521241
0.521828
0.612745
0.520853
0.51995
0.522675
0.547731
0.526074
0.539519
0.518863
0.513196
0.478151
0.557946
0.508795
0.526258
0.495675
0.508699
0.53694
0.502629
0.532652
0.523669
0.519522
0.507769
0.519858
0.518752
0.518906
0.517682
0.599935
0.534689
0.550385
0.495324
0.528411
0.528743
0.526851
0.525546
0.521806
0.535239
0.512386
0.520172
0.529046
0.671648
0.622969
0.586195
0.521285
0.520913
0.51861
0.495474
0.527614
0.501018
0.516378
0.510129
0.540126
0.540568
0.54021
0.536513
0.524945
0.520215
0.523353
0.535351
0.557497
0.49989
0.519946
0.51808
0.510635
0.51049
0.524743
0.581122
0.518253
0.519004
0.518761
0.519955
0.51873
0.518141
0.512573
0.507229
0.52416
0.527771
0.501524
0.506085
0.507065
0.517603
0.535819
0.506468
0.499253
0.519248
0.51914
0.502208
0.496352
0.51208
0.60413
0.521176
0.610349
0.563075
0.532491
0.501673
0.497754
0.518075
0.516892
0.507824
0.518339
0.533175
0.531782
0.510105
0.496161
0.543951
0.524492
0.525683
0.515066
0.514353
0.489762
0.486561
0.511354
0.636387
0.606047
0.518778
0.506423
0.526946
0.565519
0.563034
0.565405
0.513668
0.511998
0.486652
0.520575
0.513585
0.502417
0.509489
0.538375
0.512698
0.515328
0.504696
0.508259
0.527179
0.530411
0.524036
0.521603
0.515931
0.52701
0.526184
0.504133
0.511737
0.505936
0.526663
0.52654
0.5028
0.532917
0.53855
0.510438
0.531348
0.524881
0.513277
0.528205
0.529067
0.503894
0.570036
0.580054
0.50525
0.596328
0.509059
0.536306
0.536335
0.538093
0.515561
0.519828
0.513032
0.509567
0.529195
0.52472
0.586661
0.565082
0.508837
0.508474
0.482096
0.526683
0.510338
0.505378
0.520838
0.523046
0.523205
0.512933
0.493092
0.541856
0.55453
0.535998
0.527169
0.521135
0.541607
0.505308
0.541293
0.543278
0.527886
0.565249
0.527166
0.517164
0.607325
0.488299
0.515378
0.522232
0.513421
0.523483
0.695809
0.525273
0.514491
0.649447
0.631805
0.506249
0.507225
0.525908
0.523896
0.505607
0.653396
0.519001
0.538941
0.528513
0.527401
0.517267
0.508057
0.555423
0.522584
0.517866
0.508246
0.503355
0.506955
0.504088
0.562267
0.499438
0.496711
0.503814
0.522345
0.524651
0.525014
0.533925
0.5237
0.532487
0.535676
0.53679
0.519151
0.488619
0.515386
0.533068
0.523821
0.523146
0.57985
0.572325
0.562248
0.510137
0.521364
0.527018
0.524359
0.526374
0.531305
0.496394
0.519376
0.510047
0.520691
0.523155
0.495326
0.496649
0.533307
0.643686
0.535532
0.516726
0.495327
0.515953
0.500431
0.505321
0.525729
0.498066
0.525841
0.522998
0.512957
0.532907
0.529697
0.515891
0.527181
0.537321
0.515133
0.512615
0.485453
0.493031
0.512381
0.542049
0.527153
0.49703
0.495734
0.520154
0.554946
0.483917
0.566762
0.496024
0.504126
0.504583
0.630902
0.519907
0.501633
0.502326
0.515184
0.51941
0.497488
0.574601
0.529209
0.528259
0.520658
0.519615
0.506533
0.515679
0.487847
0.494138
0.54796
0.534635
0.489765
0.499711
0.527246
0.525417
0.521242
0.495465
0.497948
0.501935
0.495508
0.499073
0.57501
0.477622
0.511582
0.533856
0.532973
0.507308
0.633034
0.621807
0.52865
0.517259
0.520766
0.508068
0.507829
0.510893
0.530038
0.530364
0.581486
0.496955
0.498894
0.520478
0.525275
0.573728
0.566741
0.518721
0.507051
0.520634
0.519309
0.492509
0.493546
0.616314
0.534572
0.544719
0.523423
0.607595
0.571888
0.528236
0.528095
0.525936
0.504576
0.529238
0.526407
0.525131
0.49015
0.523734
0.512478
0.613279
0.528905
0.51824
0.498136
0.509167
0.514647
0.4963
0.52669
0.521222
0.531657
0.515574
0.514421
0.544286
0.492862
0.534492
0.489544
0.495833
0.509612
0.534134
0.531115
0.506295
0.519186
0.489814
0.595917
0.53015
0.577265
0.520814
0.521939
0.526764
0.493068
0.513412
0.51437
0.524021
0.565818
0.528617
0.513082
0.513875
0.504043
0.523541
0.496349
0.524309
0.531315
0.531467
0.530351
0.526258
0.586782
0.586461
0.500726
0.517648
0.520235
0.524462
0.492096
0.522673
0.526537
0.511909
0.509521
0.511277
0.518856
0.532982
0.519347
0.522576
0.561562
0.56299
0.510492
0.527798
0.574625
0.493691
0.525782
0.51054
0.526397
0.557821
0.512197
0.493372
0.637528
0.519528
0.524941
0.520781
0.513776
0.49169
0.589669
0.523194
0.514635
0.553384
0.501588
0.491973
0.524941
0.573445
0.573662
0.535537
0.566599
0.507922
0.51964
0.5211
0.543919
0.582576
0.519979
0.52353
0.498268
0.519619
0.525497
0.524559
0.524906
0.532184
0.619975
0.528921
0.516723
0.510524
0.537325
0.506646
0.541191
0.578535
0.593738
0.511237
0.508858
0.528775
0.511277
0.51532
0.514254
0.499143
0.557125
0.522998
0.516017
0.526379
0.531451
0.522397
0.522387
0.473501
0.477695
0.505092
0.587407
0.513983
0.507865
0.496587
0.507113
0.47902
0.488243
0.517813
0.506321
0.56205
0.506965
0.539308
0.525305
0.532675
0.54131
0.519218
0.56522
0.500617
0.525393
0.524848
0.52729
0.520564
0.518246
0.501384
0.531741
0.511852
0.48089
0.587659
0.531152
0.5085
0.522124
0.517547
0.496687
0.520526
0.508151
0.534832
0.514092
0.532273
0.530704
0.510053
0.568042
0.51741
0.525067
0.590815
0.498161
0.516657
0.488803
0.521269
0.532691
0.507635
0.54116
0.541021
0.544984
0.518132
0.508069
0.627079
0.512775
0.530915
0.538633
0.569097
0.529771
0.4885
0.520192
0.519626
0.492172
0.513892
0.522233
0.489752
0.49241
0.522035
0.519899
0.524705
0.52533
0.495659
0.542576
0.505923
0.53053
0.527504
0.523568
0.532085
0.528336
0.53131
0.512797
0.579244
0.620812
0.521896
0.517284
0.52838
0.544482
0.50659
0.52455
0.53626
0.514914
0.516138
0.488013
0.584105
0.511693
0.50664
0.520079
0.61834
0.607882
0.541572
0.535369
0.525209
0.504194
0.507653
0.551167
0.531187
0.503208
0.523144
0.533019
0.51576
0.504128
0.511407
0.532658
0.520036
0.492973
0.605976
0.520825
0.505356
0.51205
0.491599
0.482667
0.493668
0.522098
0.520018
0.514679
0.527784
0.522714
0.514188
0.489533
0.488131
0.489139
0.51125
0.529014
0.530353
0.52021
0.581079
0.519728
0.518805
0.495663
0.537188
0.4985
0.532327
0.528688
0.506978
0.502216
0.50837
0.498582
0.50384
0.528051
0.490616
0.499947
0.501663
0.517458
0.49454
0.511792
0.490382
0.519231
0.519656
0.51917
0.510844
0.504463
0.507196
0.506314
0.518272
0.514806
0.510163
0.491805
0.642155
0.516231
0.579489
0.569882
0.525159
0.527696
0.511445
0.521054
0.535206
0.526146
0.526849
0.497296
0.505291
0.523718
0.517058
0.503328
0.524881
0.522266
0.525512
0.546059
0.498087
0.526779
0.534063
0.490172
0.503885
0.487969
0.612786
0.522719
0.571265
0.492021
0.535515
0.516905
0.531943
0.575446
0.497565
0.533903
0.519045
0.511582
0.527329
0.528998
0.528132
0.525888
0.521201
0.519185
0.53063
0.513881
0.518417
0.531639
0.544346
0.549754
0.564054
0.49715
0.508848
0.590305
0.575426
0.516594
0.645403
0.530077
0.511207
0.487332
0.580001
0.5292
0.532221
0.495539
0.506007
0.625545
0.505313
0.497182
0.500172
0.517993
0.525499
0.517974
0.528097
0.501275
0.51576
0.526106
0.574911
0.505214
0.577424
0.525886
0.504268
0.495899
0.513048
0.513493
0.520153
0.483193
0.642087
0.595079
0.513744
0.625208
0.608831
0.634198
0.578723
0.496984
0.505636
0.522399
0.502412
0.496817
0.508619
0.495116
0.59058
0.63002
0.521067
0.536371
0.5203
0.51372
0.501439
0.531277
0.510741
0.518798
0.519469
0.518774
0.494181
0.515894
0.500951
0.525189
0.524551
0.525401
0.508814
0.505264
0.503865
0.512196
0.520943
0.517062
0.51946
0.52508
0.525452
0.627206
0.504007
0.513973
0.498879
0.627338
0.51686
0.501931
0.519872
0.653331
0.529714
0.50576
0.517869
0.514872
0.53112
0.521405
0.526745
0.660044
0.515952
0.508412
0.509214
0.520324
0.528589
0.525234
0.52415
0.518932
0.521732
0.525946
0.577983
0.509932
0.49754
0.508226
0.560961
0.517582
0.523485
0.523738
0.515446
0.528362
0.519345
0.599824
0.530966
0.535251
0.522112
0.506753
0.518668
0.544339
0.547432
0.534508
0.491842
0.533888
0.513682
0.501716
0.503857
0.507585
0.523466
0.633584
0.508887
0.522056
0.500923
0.501618
0.498162
0.49897
0.512913
0.505056
0.507262
0.557442
0.544919
0.520408
0.525241
0.498003
0.489667
0.595094
0.512357
0.524624
0.527667
0.50459
0.57197
0.570154
0.532048
0.529791
0.501782
0.525992
0.536174
0.523275
0.556941
0.517649
0.525383
0.511528
0.518018
0.512824
0.516016
0.497917
0.529661
0.507025
0.527695
0.609655
0.502091
0.518188
0.523112
0.592919
0.515805
0.512437
0.51025
0.618507
0.529536
0.511188
0.500042
0.522123
0.505945
0.510953
0.509014
0.50924
0.510154
0.574805
0.510528
0.535456
0.513847
0.524885
0.52754
0.518246
0.509692
0.526203
0.504528
0.52173
0.535971
0.502742
0.500767
0.511506
0.60113
0.497143
0.506777
0.522451
0.520838
0.520579
0.526294
0.524651
0.503294
0.525773
0.510841
0.512488
0.529352
0.517432
0.511523
0.521207
0.526422
0.49781
0.513984
0.521539
0.513498
0.514767
0.5217
0.519767
0.517689
0.520556
0.559343
0.517426
0.500401
0.525458
0.521225
0.517611
0.507475
0.524775
0.511998
0.502735
0.523359
0.500811
0.513763
0.494944
0.505881
0.670991
0.518271
0.510197
0.508143
0.520305
0.498575
0.516721
0.514675
0.508734
0.498739
0.500287
0.502838
0.501142
0.525154
0.509066
0.513825
0.534808
0.522625
0.4999
0.505411
0.518562
0.518251
0.554245
0.499833
0.576621
0.527986
0.516626
0.496418
0.527259
0.529696
0.530628
0.526745
0.517242
0.517221
0.504142
0.528489
0.523775
0.518872
0.581617
0.51747
0.516602
0.546896
0.524193
0.51407
0.60165
0.59707
0.552635
0.500734
0.611616
0.52572
0.506611
0.521867
0.513671
0.504207
0.527187
0.591775
0.504576
0.508086
0.510731
0.506843
0.583124
0.541597
0.54081
0.534549
0.507437
0.496779
0.518717
0.518912
0.530505
0.526324
0.525567
0.550089
0.509058
0.51494
0.525772
0.52277
0.567659
0.563764
0.573725
0.541007
0.527313
0.524405
0.526483
0.512538
0.497349
0.511818
0.504964
0.516913
0.497212
0.530421
0.522279
0.524002
0.503833
0.518044
0.529162
0.515376
0.543788
0.550405
0.53388
0.501825
0.499557
0.525375
0.525964
0.503956
0.575938
0.520696
0.549163
0.554808
0.510528
0.527021
0.578545
0.51599
0.524648
0.529484
0.529165
0.532183
0.532826
0.504863
0.5253
0.632758
0.505621
0.528026
0.504596
0.520006
0.518604
0.519275
0.527575
0.535246
0.535398
0.529496
0.521619
0.520704
0.501782
0.511998
0.584028
0.514559
0.524112
0.515575
0.520321
0.499905
0.620481
0.526315
0.58931
0.517047
0.5294
0.528037
0.547013
0.542528
0.551457
0.501471
0.531866
0.530088
0.532501
0.505242
0.527649
0.511508
0.545765
0.54464
0.534281
0.518949
0.514422
0.505372
0.517721
0.513089
0.651012
0.510758
0.5162
0.500769
0.522545
0.507005
0.508509
0.524427
0.523606
0.517927
0.515052
0.559831
0.559115
0.560304
0.51444
0.532225
0.489708
0.520699
0.537055
0.564044
0.506105
0.529808
0.533704
0.545771
0.566409
0.51486
0.513474
0.519245
0.535939
0.509586
0.508658
0.496565
0.531029
0.519344
0.561909
0.498568
0.51948
0.526318
0.595499
0.55368
0.5109
0.57198
0.507744
0.509373
0.503429
0.523108
0.518245
0.499699
0.518114
0.515217
0.499866
0.509756
0.493924
0.481742
0.497982
0.50789
0.520837
0.495231
0.517302
0.517239
0.511386
0.533587
0.524464
0.52308
0.527003
0.529819
0.530406
0.507666
0.519377
0.500944
0.519966
0.526394
0.52115
0.522456
0.481737
0.505495
0.513865
0.523496
0.528688
0.522574
0.531009
0.532135
0.513367
0.49654
0.505505
0.535064
0.522743
0.533206
0.590493
0.49946
0.519635
0.521004
0.527775
0.491934
0.518351
0.503836
0.508132
0.54096
0.519325
0.556407
0.514968
0.528613
0.521338
0.523362
0.526935
0.511533
0.536754
0.501548
0.510168
0.649658
0.512107
0.520153
0.512833
0.66911
0.516699
0.507028
0.518692
0.522209
0.506904
0.528772
0.601844
0.521394
0.536127
0.499792
0.502794
0.490639
0.498819
0.532194
0.545116
0.520788
0.510289
0.501089
0.529272
0.500226
0.568021
0.506171
0.519281
0.526528
0.503412
0.529303
0.623683
0.51297
0.50908
0.502692
0.518492
0.522274
0.515738
0.500521
0.501379
0.522084
0.525988
0.495755
0.583049
0.510575
0.501949
0.503576
0.495942
0.519928
0.506337
0.478511
0.497997
0.531549
0.523272
0.522444
0.516926
0.528529
0.512762
0.508081
0.504121
0.527812
0.534505
0.52401
0.51447
0.525295
0.534391
0.51661
0.521347
0.517679
0.530422
0.511834
0.505137
0.513135
0.513614
0.529406
0.524541
0.522077
0.532342
0.521788
0.521521
0.499091
0.511491
0.525281
0.50647
0.550118
0.513139
0.525646
0.494594
0.516625
0.540144
0.491183
0.521468
0.516896
0.51967
0.512163
0.51528
0.528527
0.498484
0.534729
0.527016
0.506177
0.534173
0.511969
0.50166
0.499004
0.499494
0.501396
0.523593
0.525046
0.503075
0.512953
0.505337
0.504961
0.517978
0.517289
0.516346
0.506334
0.521601
0.550159
0.54989
0.511511
0.520437
0.52768
0.570884
0.527579
0.504499
0.510512
0.502013
0.513775
0.488371
0.508552
0.494349
0.480641
0.529061
0.481628
0.576721
0.496097
0.516648
0.501363
0.514685
0.516921
0.49248
0.539738
0.501196
0.525309
0.525879
0.493396
0.520451
0.636745
0.547783
0.519277
0.48804
0.510266
0.512581
0.524925
0.520248
0.526726
0.516209
0.521757
0.492563
0.568639
0.53578
0.51649
0.578175
0.499806
0.629512
0.52565
0.577871
0.512354
0.520675
0.491787
0.515556
0.510865
0.519274
0.512418
0.68869
0.51455
0.505428
0.58086
0.519209
0.528229
0.516808
0.520213
0.524383
0.598426
0.550218
0.524254
0.524846
0.50533
0.504884
0.625838
0.527982
0.501828
0.496277
0.515014
0.518021
0.490631
0.526203
0.506215
0.523551
0.57296
0.5625
0.515789
0.52645
0.553492
0.502811
0.513181
0.50259
0.506556
0.511034
0.542895
0.515019
0.525383
0.660069
0.476252
0.509723
0.511224
0.529687
0.536401
0.492387
0.52736
0.520173
0.491861
0.517388
0.512136
0.515447
