0.552355
0.523089
0.519746
0.537468
0.54283
0.525391
0.524689
0.536173
0.518751
0.528961
0.521966
0.521748
0.523322
0.522975
0.519487
0.53618
0.539896
0.531592
0.553505
0.522163
0.523242
0.521186
0.519486
0.53979
0.528395
0.528155
0.522778
0.521802
0.521628
0.531209
0.529098
0.522183
0.555333
0.537321
0.537422
0.519195
0.520229
0.526114
0.526091
0.543202
0.539159
0.537348
0.538463
0.52161
0.525749
0.520624
0.505254
0.507934
0.526183
0.519705
0.509817
0.522713
0.515279
0.517518
0.517993
0.547865
0.530108
0.543505
0.535833
0.522359
0.536518
0.529507
0.523108
0.5216
0.533097
0.53108
0.527207
0.521019
0.521116
0.575149
0.534771
0.541625
0.543072
0.538766
0.535752
0.527088
0.524743
0.513765
0.518345
0.535054
0.547573
0.526594
0.519556
0.523407
0.535791
0.522722
0.52273
0.520051
0.523095
0.525929
0.525138
0.526467
0.522397
0.523143
0.520902
0.522306
0.54954
0.53024
0.532088
0.522969
0.526786
0.527805
0.523631
0.543018
0.51028
0.51805
0.520561
0.525416
0.525142
0.520683
0.523934
0.523176
0.525758
0.522547
0.531314
0.528162
0.517699
0.518448
0.524677
0.553236
0.562747
0.556432
0.521581
0.525515
0.501935
0.511341
0.511172
0.518968
0.5362
0.540412
0.535284
0.523442
0.529042
0.513534
0.542818
0.523613
0.523978
0.522347
0.525867
0.519544
0.516002
0.522773
0.522115
0.511116
0.522618
0.521701
0.526354
0.520716
0.523978
0.524438
0.526374
0.540231
0.542705
0.529477
0.519881
0.530257
0.539508
0.527495
0.53549
0.525441
0.517364
0.520336
0.538322
0.523343
0.525637
0.514392
0.526143
0.522356
0.524693
0.527513
0.527971
0.519945
0.520331
0.516644
0.520724
0.522521
0.53751
0.509009
0.538293
0.536016
0.543538
0.522822
0.523012
0.523178
0.524143
0.524571
0.538642
0.547708
0.519276
0.523792
0.524157
0.510216
0.517125
0.535337
0.521958
0.52106
0.522177
0.523382
0.522637
0.517447
0.533563
0.517492
0.521831
0.544912
0.538143
0.557156
0.521865
0.543606
0.564094
0.52484
0.519739
0.519212
0.522695
0.539017
0.528216
0.527526
0.526269
0.52415
0.525568
0.53586
0.532248
0.547547
0.531381
0.528696
0.519419
0.538863
0.530983
0.528307
0.515731
0.527755
0.527368
0.530589
0.531777
0.523899
0.523206
0.522036
0.522285
0.522489
0.531864
0.526774
0.522071
0.514903
0.516314
0.520764
0.521
0.544221
0.526133
0.527135
0.523004
0.547835
0.539824
0.522953
0.521949
0.521266
0.538966
0.540039
0.513271
0.516823
0.530557
0.520671
0.511186
0.521432
0.522896
0.521415
0.535746
0.524395
0.519525
0.520675
0.519857
0.51992
0.549677
0.573947
0.532708
0.521511
0.522822
0.521555
0.534365
0.527319
0.530135
0.522709
0.52232
0.521468
0.50455
0.514929
0.515051
0.520406
0.525835
0.504647
0.508793
0.525668
0.524593
0.522858
0.521378
0.537666
0.522098
0.524625
0.525672
0.527176
0.543365
0.516388
0.514521
0.520681
0.521107
0.521456
0.520733
0.520394
0.5224
0.53889
0.536447
0.526882
0.518389
0.521908
0.527066
0.521118
0.519495
0.535743
0.525146
0.538181
0.530859
0.513216
0.54373
0.532848
0.533635
0.522455
0.525204
0.52432
0.522948
0.528688
0.521087
0.516907
0.517261
0.523227
0.505944
0.540425
0.528968
0.514027
0.517458
0.522265
0.524082
0.54146
0.539908
0.540598
0.540704
0.522284
0.520182
0.526397
0.541577
0.515545
0.520517
0.52172
0.521028
0.534518
0.521601
0.521355
0.518761
0.512769
0.516279
0.51633
0.520097
0.52068
0.522493
0.529899
0.531781
0.538674
0.530114
0.520166
0.526949
0.537679
0.540875
0.543039
0.520952
0.5204
0.513412
0.53179
0.532534
0.526568
0.521537
0.523599
0.535296
0.519805
0.523596
0.521853
0.53668
0.538011
0.523795
0.514054
0.52556
0.521397
0.519845
0.535176
0.531914
0.52751
0.522716
0.521151
0.521662
0.52558
0.520905
0.521134
0.526973
0.52106
0.521725
0.520489
0.51618
0.544695
0.537022
0.567398
0.523177
0.518714
0.524232
0.544445
0.538511
0.523793
0.523244
0.534972
0.532633
0.540539
0.519988
0.522295
0.512288
0.515064
0.536819
0.51983
0.538345
0.537833
0.532895
0.533285
0.537978
0.525237
0.523267
0.527936
0.523033
0.521264
0.524838
0.54489
0.52759
0.520417
0.522525
0.523502
0.531364
0.540319
0.524141
0.524168
0.523788
0.524582
0.527299
0.52493
0.527362
0.511686
0.517758
0.512636
0.513638
0.51553
0.530907
0.519402
0.524648
0.526969
0.572718
0.508707
0.519513
0.528686
0.522051
0.524092
0.523494
0.52031
0.522556
0.533712
0.539838
0.525408
0.532443
0.532077
0.534863
0.522653
0.524294
0.522511
0.517904
0.521474
0.520968
0.520486
0.522771
0.54022
0.519311
0.522368
0.53391
0.543154
0.521402
0.520496
0.550326
0.556009
0.52329
0.535832
0.521697
0.521814
0.522956
0.53032
0.531106
0.53459
0.519861
0.519603
0.522894
0.52011
0.542954
0.521782
0.543134
0.513871
0.519745
0.519143
0.532178
0.525799
0.547141
0.5048
0.510377
0.506926
0.520959
0.530669
0.547106
0.540588
0.527372
0.523263
0.523388
0.520338
0.521884
0.523365
0.523322
0.510225
0.533102
0.522345
0.537462
0.530948
0.521665
0.524673
0.526203
0.533464
0.522096
0.526001
0.523615
0.518065
0.529804
0.532426
0.534243
0.534111
0.523153
0.52667
0.532332
0.521663
0.522352
0.523146
0.521086
0.522386
0.546912
0.537641
0.521909
0.521379
0.512738
0.519448
0.521829
0.527476
0.531313
0.527297
0.518881
0.520326
0.5216
0.524231
0.515876
0.552744
0.548546
0.522604
0.526854
0.528933
0.537285
0.53921
0.542575
0.539591
0.510902
0.519989
0.521431
0.536127
0.541416
0.531279
0.529063
0.525396
0.528613
0.518631
0.510813
0.527975
0.53014
0.518498
0.512526
0.51446
0.527641
0.537097
0.55912
0.527448
0.522301
0.522848
0.522998
0.521024
0.523323
0.520244
0.513906
0.515019
0.534676
0.536041
0.523816
0.519837
0.532133
0.524022
0.529346
0.514285
0.524078
0.522305
0.534963
0.51426
0.504689
0.522394
0.521829
0.546253
0.519953
0.541001
0.535104
0.529693
0.522753
0.521805
0.535781
0.539915
0.526551
0.534904
0.533651
0.525403
0.525065
0.520785
0.535679
0.542945
0.525118
0.519186
0.522318
0.513783
0.515975
0.518283
0.526123
0.525316
0.505741
0.543438
0.545422
0.541193
0.535788
0.53848
0.521087
0.507996
0.523333
0.544668
0.544706
0.529907
0.522051
0.521085
0.522328
0.522506
0.52406
0.522177
0.52994
0.548134
0.537906
0.547969
0.52364
0.528292
0.535164
0.530891
0.530368
0.511014
0.549297
0.521642
0.508741
0.505299
0.521578
0.521857
0.526675
0.52332
0.522409
0.525523
0.533353
0.52267
0.524447
0.523372
0.523494
0.522692
0.521777
0.519955
0.521807
0.522106
0.52307
0.552632
0.51142
0.51346
0.524329
0.524976
0.520987
0.522512
0.528812
0.530952
0.521771
0.52111
0.538536
0.531504
0.522773
0.520167
0.546041
0.562375
0.527978
0.529624
0.536944
0.524873
0.526416
0.527789
0.533908
0.541082
0.523681
0.520944
0.521574
0.52175
0.52861
0.517668
0.522527
0.542894
0.533948
0.530539
0.527008
0.524324
0.521435
0.519439
0.522268
0.522736
0.514814
0.510593
0.522476
0.519807
0.523248
0.53938
0.519378
0.530062
0.532502
0.522099
0.51742
0.524299
0.523971
0.531689
0.528932
0.52203
0.538666
0.518302
0.544709
0.52025
0.519317
0.523376
0.520343
0.525825
0.524661
0.522221
0.522899
0.523014
0.504917
0.511268
0.524063
0.52886
0.520826
0.521442
0.523723
0.523468
0.533834
0.533018
0.522088
0.522086
0.537556
0.519449
0.520184
0.52065
0.5251
0.531416
0.528646
0.521097
0.551231
0.536974
0.523922
0.529265
0.547797
0.537817
0.520764
0.521123
0.550188
0.518104
0.521336
0.524587
0.529215
0.529598
0.525095
0.555483
0.536539
0.532496
0.534795
0.528148
0.523508
0.510877
0.517598
0.523974
0.518324
0.543958
0.522799
0.521513
0.524989
0.538009
0.539571
0.525095
0.524606
0.524972
0.523612
0.523549
0.524242
0.521728
0.551974
0.547344
0.524777
0.52374
0.521143
0.519412
0.52455
0.525724
0.52407
0.545784
0.517509
0.523184
0.511023
0.531783
0.532197
0.524832
0.527247
0.518884
0.551893
0.524753
0.52324
0.538217
0.547007
0.524338
0.523076
0.525067
0.506681
0.524675
0.521469
0.511778
0.521131
0.521649
0.540803
0.518819
0.508678
0.518386
0.524815
0.537819
0.530533
0.540612
0.516196
0.526432
0.522876
0.522737
0.523617
0.523976
0.530682
0.539906
0.510648
0.515058
0.547806
0.524965
0.521629
0.526713
0.524465
0.521063
0.535432
0.521771
0.519176
0.521052
0.527025
0.522357
0.522243
0.520727
0.516265
0.524777
0.527897
0.536339
0.528359
0.552501
0.522669
0.522153
0.523377
0.539982
0.536065
0.524508
0.530953
0.515595
0.523713
0.535903
0.53923
0.530002
0.512458
0.532398
0.522077
0.52001
0.530695
0.516732
0.519839
0.521638
0.522085
0.52375
0.521364
0.523095
0.522845
0.523564
0.521166
0.512393
0.521089
0.516665
0.532603
0.517016
0.529403
0.521975
0.539212
0.544642
0.533714
0.540751
0.51984
0.520894
0.519582
0.522837
0.503681
0.521095
0.522176
0.522878
0.523033
0.524486
0.534388
0.526029
0.523273
0.519955
0.544617
0.520221
0.538307
0.522108
0.550384
0.521239
0.517586
0.53659
0.533522
0.515433
0.526376
0.542881
0.55221
0.527191
0.519558
0.524352
0.510711
0.536695
0.521795
0.523195
0.506943
0.520221
0.524768
0.523756
0.524221
0.53322
0.513681
0.534952
0.536855
0.53131
0.564275
0.503686
0.509845
0.514568
0.523178
0.520864
0.549792
0.538824
0.51807
0.521317
0.523474
0.523841
0.521557
0.510939
0.527586
0.524302
0.523757
0.514214
0.527058
0.52764
0.514726
0.52119
0.528187
0.526347
0.535841
0.530465
0.50978
0.518999
0.526096
0.522646
0.521649
0.504805
0.526779
0.526891
0.536382
0.528243
0.523114
0.521253
0.522078
0.521989
0.531833
0.510833
0.532163
0.523344
0.526064
0.52834
0.521529
0.521108
0.520018
0.520288
0.521938
0.53179
0.523782
0.522412
0.521668
0.528918
0.543746
0.522682
0.512738
0.526564
0.505692
0.537817
0.52632
0.52732
0.540609
0.520615
0.532541
0.538305
0.545317
0.549202
0.52722
0.524583
0.531852
0.532098
0.520939
0.544708
0.530664
0.523417
0.519191
0.536461
0.532223
0.522209
0.544635
0.525687
0.533366
0.521356
0.519752
0.517728
0.523933
0.526115
0.542338
0.543621
0.526376
0.528902
0.519759
0.53153
0.522591
0.513803
0.511771
0.524647
0.530101
0.534231
0.521804
0.522286
0.526582
0.534042
0.526886
0.53607
0.515467
0.526392
0.535187
0.522604
0.535256
0.521561
0.519452
0.553035
0.519129
0.532808
0.527424
0.522824
0.530946
0.543573
0.503293
0.54072
0.531712
0.521834
0.541274
0.525729
0.515499
0.505534
0.519467
0.521864
0.519017
0.520774
0.519688
0.530371
0.535784
0.506213
0.528548
0.523241
0.521774
0.534505
0.527287
0.532211
0.512765
0.546785
0.512253
0.517954
0.51512
0.52266
0.52174
0.528471
0.528079
0.521431
0.519743
0.526779
0.538397
0.508102
0.530244
0.523661
0.527774
0.516015
0.53087
0.533591
0.528844
0.529127
0.520962
0.521316
0.525748
0.522165
0.504279
0.505314
0.520757
0.536974
0.521075
0.537636
0.523992
0.505655
0.518333
0.520244
0.524212
0.509302
0.534709
0.530591
0.525496
0.521346
0.504648
0.523232
0.523069
0.522651
0.513306
0.522828
0.522117
0.538994
0.523424
0.520209
0.534329
0.528941
0.529561
0.513645
0.518315
0.522867
0.543974
0.543316
0.518915
0.529921
0.524826
0.524707
0.537156
0.529743
0.521475
0.534139
0.519724
0.521298
0.511492
0.544383
0.52161
0.514064
0.524373
0.522156
0.532079
0.529125
0.533952
0.536158
0.515838
0.515876
0.535189
0.520606
0.520539
0.5222
0.510163
0.528254
0.521909
0.525814
0.523871
0.533588
0.541585
0.532966
0.528524
0.517928
0.526345
0.525228
0.523991
0.525005
0.521036
0.519385
0.507527
0.520408
0.531263
0.541137
0.511382
0.512276
0.523298
0.520157
0.549158
0.557743
0.536546
0.519111
0.502711
0.540674
0.537254
0.531606
0.5215
0.535899
0.520804
0.542902
0.523149
0.523906
0.523974
0.498789
0.518975
0.522188
0.519002
0.535241
0.524433
0.521509
0.527261
0.529052
0.520726
0.533458
0.529122
0.521495
0.507681
0.522696
0.527727
0.523962
0.520932
0.522288
0.522494
0.52188
0.520669
0.519826
0.549518
0.521723
0.542392
0.520707
0.522512
0.539281
0.538401
0.499144
0.514087
0.519516
0.537262
0.522011
0.522371
0.52709
0.518296
0.517147
0.524955
0.520257
0.52165
0.522321
0.54179
0.548676
0.523077
0.505605
0.523187
0.529553
0.520697
0.520632
0.520443
0.519037
0.527163
0.52229
0.531218
0.520438
0.521418
0.517691
0.523882
0.536402
0.523638
0.538201
0.529562
0.539741
0.524353
0.522075
0.523016
0.519094
0.518034
0.522109
0.544446
0.519454
0.530277
0.520652
0.518475
0.531246
0.527454
0.52243
0.519089
0.52032
0.520684
0.508945
0.522779
0.528964
0.506063
0.521927
0.53134
0.508326
0.530822
0.521183
0.524459
0.523768
0.525655
0.523258
0.525435
0.541063
0.527355
0.519992
0.521502
0.534404
0.522115
0.51875
0.53149
0.521606
0.520868
0.552458
0.523016
0.520518
0.510794
0.522498
0.521422
0.530769
0.521826
0.515604
0.52152
0.517051
0.56337
0.518653
0.520127
0.537164
0.523918
0.523161
0.53351
0.521448
0.52192
0.524383
0.522603
0.543809
0.517584
0.560463
0.544362
0.519963
0.520261
0.521248
0.5228
0.530406
0.521237
0.521502
0.52622
0.523206
0.538491
0.52064
0.522721
0.516422
0.528911
0.534367
0.554714
0.539394
0.514531
0.52821
0.516962
0.5253
0.540359
0.530917
0.528183
0.516861
0.587921
0.547857
0.521552
0.528094
0.520894
0.5119
0.521791
0.521041
0.538066
0.521376
0.520986
0.52981
0.540792
0.520462
0.514878
0.523168
0.527984
0.532445
0.52535
0.551304
0.496439
0.527827
0.523791
0.508441
0.522224
0.522475
0.513758
0.526065
0.520865
0.518763
0.518656
0.523044
0.535823
0.522007
0.522999
0.523007
0.517769
0.531571
0.540733
0.522707
0.533413
0.520211
0.51629
0.515808
0.527686
0.522006
0.522894
0.522099
0.552708
0.518808
0.527458
0.522008
0.548296
0.553962
0.521301
0.500142
0.52556
0.521858
0.536822
0.522383
0.524293
0.519091
0.520688
0.529511
0.525554
0.535474
0.527019
0.520168
0.53637
0.529323
0.529397
0.521126
0.530186
0.505499
0.556582
0.514616
0.516405
0.525328
0.541327
0.522605
0.521745
0.514274
0.519088
0.52509
0.525124
0.51805
0.522213
0.509484
0.522483
0.524005
0.560048
0.543471
0.523241
0.519542
0.522665
0.510668
0.510052
0.523859
0.522703
0.551617
0.537786
0.540499
0.521874
0.532361
0.518502
0.520834
0.525405
0.537334
0.53833
0.522198
0.508195
