0.486421
0.534239
0.530385
0.505496
0.508123
0.503475
0.506905
0.522541
0.506041
0.516123
0.544359
0.562919
0.558492
0.529949
0.527428
0.563402
0.56803
0.515849
0.518532
0.527892
0.527465
0.532457
0.538718
0.525676
0.533689
0.515605
0.51663
0.514376
0.511368
0.579501
0.596415
0.601984
0.525099
0.519274
0.522329
0.52526
0.586862
0.518845
0.518335
0.533694
0.524955
0.51678
0.521933
0.52281
0.541561
0.539442
0.511335
0.513843
0.526805
0.532473
0.540404
0.555407
0.531179
0.564774
0.532787
0.509374
0.539874
0.535103
0.532966
0.537431
0.551001
0.529131
0.526434
0.527261
0.503267
0.510909
0.507692
0.525016
0.525937
0.519422
0.529433
0.523006
0.519763
0.538593
0.532154
0.53033
0.504134
0.504003
0.514637
0.511502
0.506889
0.511075
0.510912
0.49094
0.496124
0.495246
0.529686
0.533874
0.516772
0.492798
0.497089
0.504198
0.508653
0.529153
0.516512
0.510205
0.514344
0.516563
0.520363
0.52024
0.496933
0.516743
0.505531
0.498505
0.531698
0.524634
0.527528
0.50157
0.511305
0.508987
0.510077
0.490262
0.505334
0.49789
0.524903
0.524799
0.526433
0.520264
0.520103
0.506158
0.524817
0.522234
0.524191
0.521184
0.524131
0.531647
0.535635
0.527744
0.530814
0.526312
0.530107
0.592799
0.571262
0.532033
0.532433
0.522731
0.539015
0.539325
0.537383
0.516987
0.490388
0.522588
0.517681
0.51493
0.660328
0.728551
0.535558
0.523439
0.526048
0.577194
0.521317
0.526099
0.517137
0.490565
0.493004
0.485106
0.49633
0.517504
0.515703
0.520964
0.492879
0.485881
0.621808
0.518699
0.52063
0.5124
0.512435
0.522611
0.517925
0.516603
0.516897
0.516684
0.510514
0.512517
0.508867
0.590663
0.527131
0.526328
0.580952
0.602186
0.617492
0.50637
0.513331
0.507787
0.564768
0.524188
0.519958
0.514605
0.52137
0.508544
0.515332
0.51528
0.51468
0.517334
0.518728
0.503888
0.494561
0.493539
0.484505
0.563302
0.56564
0.582423
0.518741
0.522713
0.515166
0.513608
0.519403
0.520482
0.521861
0.521291
0.51783
0.515219
0.581952
0.529538
0.526288
0.524698
0.518969
0.518952
0.520916
0.619069
0.626055
0.580958
0.50085
0.49376
0.497285
0.585334
0.586606
0.593357
0.522304
0.591009
0.529817
0.528467
0.507836
0.521074
0.521955
0.511641
0.506442
0.528129
0.532216
0.522382
0.522268
0.526449
0.508794
0.509334
0.566313
0.586825
0.583871
0.527542
0.523142
0.640223
0.534911
0.534464
0.532545
0.509568
0.507438
0.492365
0.507892
0.518089
0.608312
0.620542
0.526996
0.500959
0.51075
0.512295
0.488901
0.478854
0.480261
0.486818
0.507198
0.523632
0.5247
0.519739
0.523499
0.490054
0.522253
0.518537
0.516917
0.525937
0.528602
0.528405
0.514952
0.515922
0.493691
0.508161
0.514215
0.506006
0.511965
0.520932
0.537844
0.533074
0.538931
0.518411
0.529193
0.585324
0.572912
0.478906
0.507107
0.558998
0.520735
0.516667
0.497288
0.495451
0.507325
0.510591
0.517865
0.51157
0.525079
0.526566
0.531103
0.556708
0.571709
0.529914
0.528557
0.540019
0.63265
0.522888
0.518769
0.521598
0.518086
0.520614
0.51646
0.510675
0.49918
0.511274
0.512748
0.512332
0.513033
0.508907
0.519336
0.513686
0.512794
0.517119
0.495475
0.499101
0.496588
0.490461
0.530578
0.531344
0.527399
0.519989
0.522739
0.522087
0.522934
0.524184
0.522261
0.526192
0.578001
0.533268
0.550919
0.524603
0.524582
0.523341
0.521699
0.524113
0.521839
0.523088
0.517927
0.516343
0.515433
0.583257
0.58344
0.571115
0.558764
0.523937
0.523894
0.524648
0.521987
0.491674
0.490612
0.529238
0.531454
0.489763
0.493048
0.611192
0.577558
0.508742
0.524475
0.525357
0.506993
0.504745
0.522782
0.525235
0.521055
0.503058
0.505945
0.514686
0.510253
0.515326
0.523169
0.532712
0.55824
0.559625
0.513125
0.590554
0.667876
0.497197
0.490494
0.523491
0.532903
0.528598
0.520467
0.578786
0.552782
0.547052
0.494703
0.497775
0.511595
0.50986
0.504798
0.526895
0.521141
0.528975
0.517908
0.533407
0.535704
0.52574
0.530396
0.511496
0.514639
0.514161
0.515301
0.51114
0.509882
0.524747
0.536718
0.527682
0.490807
0.484094
0.49062
0.5142
0.506532
0.511528
0.509977
0.524254
0.565386
0.55284
0.570478
0.525511
0.524997
0.508763
0.524412
0.519535
0.524134
0.52552
0.514935
0.513407
0.523741
0.51833
0.530459
0.532697
0.530399
0.509636
0.519195
0.517911
0.522616
0.521189
0.520715
0.542961
0.536134
0.508659
0.50425
0.561544
0.55904
0.543563
0.619981
0.524232
0.515545
0.518388
0.492703
0.499983
0.517835
0.522732
0.558584
0.539263
0.51816
0.527281
0.523511
0.51319
0.505125
0.501359
0.536178
0.527702
0.527038
0.516851
0.519285
0.528025
0.519731
0.520634
0.517289
0.523238
0.521887
0.527199
0.486008
0.516898
0.526692
0.530914
0.528434
0.521156
0.53037
0.508682
0.511309
0.51235
0.512435
0.52059
0.511099
0.510055
0.501459
0.505681
0.50393
0.510222
0.515378
0.511631
0.492788
0.499909
0.577965
0.606297
0.624383
0.651055
0.646256
0.485094
0.48846
0.52428
0.52548
0.525398
0.525513
0.569633
0.529751
0.52332
0.515373
0.508744
0.51419
0.518386
0.518836
0.521883
0.521228
0.521147
0.481015
0.480775
0.590446
0.588018
0.58099
0.522326
0.521642
0.531244
0.53232
0.513713
0.528116
0.517301
0.521147
0.510858
0.521569
0.511565
0.513621
0.521465
0.519681
0.514492
0.519977
0.522203
0.514524
0.540225
0.535694
0.534935
0.568442
0.498084
0.518798
0.520071
0.522897
0.495868
0.539392
0.559264
0.504139
0.498504
0.60502
0.493987
0.516374
0.522184
0.516928
0.608293
0.515821
0.528527
0.476424
0.580558
0.576053
0.507604
0.519747
0.509566
0.522793
0.524184
0.510543
0.507227
0.499314
0.505764
0.586477
0.492054
0.494709
0.492461
0.518843
0.520386
0.518494
0.547392
0.541061
0.499029
0.504447
0.517218
0.517492
0.621927
0.645795
0.59531
0.622392
0.530562
0.580036
0.518116
0.520109
0.53218
0.633501
0.50302
0.581654
0.534139
0.515467
0.515623
0.508699
0.535445
0.528913
0.60315
0.496934
0.517409
0.522864
0.510975
0.529285
0.525663
0.524667
0.511399
0.513788
0.516301
0.522611
0.517431
0.51395
0.531832
0.536989
0.548092
0.539608
0.516994
0.518617
0.634968
0.623213
0.532789
0.520242
0.527289
0.52344
0.52279
0.529447
0.536146
0.499331
0.507212
0.499605
0.499824
0.632257
0.510361
0.505244
0.527874
0.524597
0.527788
0.508362
0.521039
0.519598
0.526843
0.531593
0.502049
0.519781
0.525901
0.524676
0.525161
0.546019
0.546125
0.528403
0.52213
0.583209
0.524073
0.526341
0.52155
0.504426
0.513141
0.514292
0.531116
0.528771
0.515367
0.517932
0.520496
0.532292
0.531851
0.505328
0.520369
0.52005
0.520192
0.523793
0.497777
0.503932
0.500787
0.507109
0.520272
0.520723
0.516817
0.504893
0.508451
0.5334
0.484904
0.489279
0.529185
0.57166
0.595119
0.513139
0.512886
0.487921
0.491734
0.508473
0.503586
0.505144
0.498973
0.49421
0.51838
0.525767
0.505798
0.51862
0.52448
0.576906
0.525094
0.4953
0.498854
0.519028
0.552044
0.523471
0.525963
0.537864
0.525298
0.516925
0.524686
0.511284
0.512682
0.513222
0.559883
0.566939
0.512468
0.522812
0.524521
0.505662
0.576015
0.493982
0.525308
0.4928
0.499009
0.503689
0.500692
0.667958
0.633451
0.534271
0.576301
0.532559
0.513025
0.528666
0.525916
0.53158
0.528103
0.527072
0.527246
0.533578
0.535385
0.523879
0.517304
0.51101
0.504307
0.502002
0.528983
0.529893
0.527999
0.525683
0.519417
0.517894
0.526639
0.527171
0.52641
0.512421
0.622572
0.510963
0.520432
0.522814
0.523861
0.523857
0.506213
0.515668
0.528706
0.512254
0.570953
0.524258
0.492272
0.505734
0.545217
0.485777
0.524999
0.506521
0.506136
0.522422
0.515989
0.500235
0.527057
0.52988
0.595287
0.620247
0.488874
0.491162
0.523983
0.531877
0.581905
0.517542
0.539366
0.52958
0.531127
0.506158
0.511424
0.52662
0.530364
0.561899
0.579295
0.506922
0.519232
0.519282
0.50709
0.518851
0.51444
0.527393
0.512708
0.551757
0.506378
0.507057
0.525343
0.52766
0.508402
0.506237
0.510704
0.487715
0.51958
0.527512
0.527447
0.51282
0.521679
0.525107
0.498882
0.510876
0.530395
0.576045
0.508082
0.496352
0.507856
0.522149
0.521517
0.524381
0.535523
0.512952
0.513209
0.531473
0.52535
0.526549
0.518373
0.522545
0.521237
0.5263
0.515629
0.600624
0.605835
0.488173
0.527063
0.590804
0.534767
0.51218
0.495513
0.525377
0.497069
0.523054
0.509804
0.530676
0.530041
0.515814
0.522307
0.525717
0.511272
0.48952
0.499856
0.532515
0.525449
0.539291
0.546059
0.500116
0.528929
0.508361
0.508245
0.527856
0.520323
0.512817
0.504739
0.505839
0.522238
0.580943
0.583802
0.576161
0.574776
0.504832
0.544322
0.547763
0.497439
0.520013
0.524584
0.507473
0.501232
0.510871
0.514439
0.496474
0.529927
0.490998
0.498202
0.531046
0.505582
0.502386
0.511182
0.529194
0.523614
0.526388
0.52804
0.525429
0.508143
0.512907
0.552113
0.542329
0.504422
0.505683
0.523601
0.523907
0.515338
0.527897
0.597373
0.604658
0.536333
0.526735
0.515206
0.512142
0.544034
0.524427
0.521454
0.516612
0.531011
0.525633
0.51128
0.522402
0.522408
0.548086
0.547536
0.56431
0.500638
0.512777
0.494282
0.516594
0.528853
0.502953
0.507405
0.495088
0.5112
0.524152
0.514783
0.548343
0.521807
0.498042
0.502025
0.511563
0.497589
0.485287
0.501604
0.501225
0.502248
0.498656
0.523035
0.522935
0.5232
0.53069
0.53226
0.519577
0.582637
0.536573
0.50945
0.518418
0.596884
0.63493
0.516521
0.506071
0.509237
0.508204
0.494598
0.583
0.576837
0.518288
0.527357
0.55595
0.518968
0.501905
0.600665
0.52567
0.555714
0.561124
0.548425
0.555714
0.571581
0.544191
0.533448
0.533372
0.524997
0.519667
0.504876
0.536938
0.521792
0.517705
0.551954
0.556322
0.516863
0.562626
0.542998
0.532101
0.530602
0.529618
0.530396
0.507683
0.533636
0.542061
0.518797
0.553889
0.509456
0.522326
0.519185
0.524723
0.488224
0.528423
0.605295
0.519779
0.546039
0.524968
0.525745
0.551829
0.519333
0.525541
0.508098
0.527998
0.519641
0.52421
0.488075
0.528523
0.564963
0.494577
0.50251
0.511591
0.546646
0.54605
0.539993
0.538796
0.51579
0.51076
0.516625
0.555241
0.592091
0.6081
0.528771
0.577266
0.524649
0.62212
0.528752
0.552391
0.531596
0.512697
0.51703
0.602153
0.497677
0.592575
0.528253
0.519748
0.526755
0.511281
0.508721
0.513771
0.482781
0.517319
0.503965
0.509354
0.521152
0.524654
0.565284
0.496706
0.496674
0.531016
0.531124
0.596199
0.520035
0.522963
0.493777
0.510104
0.509568
0.527388
0.508508
0.531808
0.521105
0.565794
0.527125
0.502535
0.503648
0.537685
0.508115
0.526394
0.525351
0.494536
0.489364
0.504786
0.510636
0.522753
0.516194
0.553382
0.551324
0.518141
0.529473
0.504929
0.492862
0.508179
0.515432
0.51474
0.512677
0.51925
0.524255
0.506304
0.513892
0.498307
0.492714
0.532348
0.519916
0.522836
0.497838
0.569007
0.521342
0.527404
0.513275
0.515917
0.512061
0.609928
0.58038
0.626495
0.526182
0.528148
0.506358
0.576533
0.525727
0.572621
0.56408
0.518592
0.51961
0.508465
0.508945
0.511074
0.518337
0.570071
0.508177
0.514171
0.515338
0.519329
0.534697
0.499691
0.515372
0.51583
0.519889
0.498336
0.507302
0.59276
0.525403
0.524455
0.513963
0.53835
0.520947
0.514367
0.509591
0.519357
0.571294
0.524425
0.52412
0.523232
0.526744
0.50007
0.523411
0.530857
0.519343
0.516686
0.583306
0.538303
0.532942
0.536274
0.568515
0.552581
0.515128
0.519317
0.473526
0.520399
0.52135
0.530249
0.519385
0.533328
0.523646
0.498065
0.63875
0.509424
0.506766
0.523709
0.523311
0.507474
0.499407
0.552108
0.521711
0.527608
0.559288
0.501823
0.602603
0.628574
0.548222
0.50697
0.538663
0.521342
0.498738
0.504833
0.504977
0.575439
0.52482
0.50427
0.519555
0.514395
0.508968
0.604285
0.521821
0.526755
0.510965
0.586722
0.586368
0.512033
0.504654
0.500609
0.502744
0.516619
0.501545
0.520403
0.567358
0.590781
0.505465
0.50804
0.504989
0.497216
0.498034
0.531524
0.529826
0.524975
0.543842
0.534466
0.51209
0.487575
0.532433
0.530704
0.497065
0.497915
0.494215
0.521293
0.625886
0.508057
0.501148
0.508913
0.589314
0.516793
0.522202
0.552161
0.506133
0.504578
0.506704
0.54615
0.539629
0.518118
0.519644
0.495312
0.533051
0.589576
0.509183
0.596471
0.501619
0.528004
0.521502
0.524005
0.524788
0.510285
0.572666
0.520923
0.527088
0.526927
0.532803
0.497864
0.578995
0.471617
0.518601
0.502525
0.527862
0.530513
0.527575
0.486837
0.516197
0.526285
0.513111
0.59812
0.503633
0.611268
0.590028
0.506976
0.525698
0.607607
0.638257
0.515322
0.510349
0.521556
0.514148
0.577574
0.498844
0.618827
0.514995
0.503428
0.49414
0.540036
0.524198
0.523658
0.52642
0.521505
0.488489
0.491565
0.540615
0.50913
0.486178
0.538937
0.527488
0.528127
0.502904
0.496542
0.492974
0.498892
0.494846
0.515479
0.524619
0.509569
0.560527
0.520937
0.533453
0.560905
0.497158
0.515104
0.510575
0.658441
0.582376
0.52301
0.546072
0.527759
0.511434
0.509794
0.510649
0.514149
0.499757
0.533689
0.525436
0.532046
0.528423
0.528276
0.564006
0.528527
0.502333
0.498868
0.611472
0.596453
0.495533
0.490369
0.524699
0.605755
0.539185
0.522912
0.523808
0.51402
0.520368
0.529231
0.510049
0.602131
0.512349
0.518932
0.643107
0.607328
0.495383
0.505579
0.514862
0.500137
0.54247
0.577623
0.525176
0.514239
0.531418
0.530949
0.519488
0.517851
0.552843
0.533201
0.510759
0.511081
0.48771
0.48964
0.510156
0.509243
0.512046
0.527433
0.528537
0.489327
0.579352
0.583265
0.493185
0.529074
0.530992
0.484563
0.61105
0.517754
0.530195
0.528957
0.501638
0.490711
0.509247
0.512311
0.523565
0.534663
0.590208
0.652245
0.64205
0.510935
0.518757
0.520373
0.488644
0.520286
0.516857
0.539776
0.538745
0.573406
0.499067
0.504
0.4903
0.630646
0.631282
0.579487
0.508034
0.491205
0.646212
0.518833
0.615346
0.619017
0.618558
0.548003
0.526883
0.528378
0.517243
0.525714
0.51959
0.509245
0.574165
0.511363
0.523552
0.523525
0.498351
0.489492
0.503894
0.531793
0.522587
0.49458
0.575734
0.498205
0.541349
0.539392
0.580483
0.520786
0.510405
0.520263
0.491231
0.498261
0.49641
0.579665
0.51852
0.523485
0.531674
0.493793
0.60139
0.517543
0.5131
0.505008
0.528829
0.518584
0.514238
0.512435
0.538583
0.526174
0.519464
0.475919
0.525662
0.532049
0.51768
0.516809
0.489604
0.500598
0.546514
0.551614
0.523574
0.524743
0.530311
0.567236
0.520272
0.483515
0.535088
0.506035
0.495232
0.525323
0.538141
0.533749
0.511518
0.519242
0.520275
0.560431
0.535587
0.56021
0.537261
0.516979
0.539403
0.535842
0.509947
0.511836
0.491617
0.504629
0.47654
0.510134
0.485452
0.511577
0.496032
0.502684
0.572946
0.505379
0.525134
0.500768
0.52745
0.529093
0.544402
0.505535
0.523578
0.577717
0.592721
0.518557
0.517947
0.590399
0.509888
0.523892
0.493302
0.540281
0.512313
0.578222
0.520376
0.522092
0.54687
0.519674
0.57224
0.506249
0.509547
0.519106
0.522435
0.521755
0.681228
0.510145
0.50838
0.521741
0.499549
0.513201
0.579926
0.531535
0.521047
0.496925
0.521488
0.533248
0.570246
0.525097
0.493062
0.534053
0.489442
0.534815
0.623183
0.526062
0.485888
0.525645
0.529602
0.491938
0.500131
0.527821
0.515672
0.517278
0.531411
0.567887
0.511099
0.518421
0.492762
0.512598
0.518579
0.532757
0.557458
0.501558
0.500196
0.517568
0.709988
0.667616
0.656671
0.531735
0.525139
0.524225
0.593602
0.560653
0.5253
0.524101
0.526099
0.552143
0.526333
0.523633
0.49817
0.514011
0.529134
0.517936
0.52091
0.532113
0.475569
0.481689
0.492867
0.509469
0.488129
0.494593
0.511204
0.486887
0.558624
0.530669
0.517244
0.617635
0.526127
0.586788
0.607609
0.489987
0.505817
0.499083
0.585537
0.532391
0.539318
0.50818
0.519223
0.525124
0.529714
0.518754
0.498741
0.565532
0.493442
0.511965
0.548162
0.511536
0.534187
0.497722
0.494357
0.51774
0.515683
0.504446
0.492072
0.68835
0.504025
0.520977
0.530909
0.501183
0.502261
0.495409
0.517237
0.578443
0.538632
0.579205
0.554277
0.583737
0.491092
0.506935
0.480486
0.588193
0.555763
0.521854
0.614315
0.531939
0.533581
0.578064
0.559627
0.495258
0.489022
0.525002
0.624804
0.542769
0.534642
0.494308
0.623199
0.510619
0.501833
0.495018
0.489101
0.525557
0.525143
0.525513
0.48931
0.521579
0.528142
0.634252
0.510586
0.507105
0.530254
0.527463
0.52387
0.497352
0.522871
0.536056
0.521631
0.576292
0.49407
0.51498
0.5321
0.511109
0.52023
0.52904
0.511309
0.514283
0.567933
0.518854
0.509056
0.504221
0.506757
0.522013
0.510922
0.525362
0.524773
0.526109
0.513707
0.519824
0.537457
0.58285
0.482713
0.492429
0.522152
0.508212
0.50002
0.502385
0.510186
0.510197
0.515425
0.495862
0.49125
0.529701
0.514951
0.525331
0.525174
0.522337
0.504929
0.491923
0.514696
0.525251
0.486434
0.506209
0.529693
0.504115
0.531337
0.527794
0.489142
0.520952
0.490584
0.519413
0.569885
0.526245
0.538473
0.500117
0.490669
0.524337
0.48105
0.526671
0.52023
0.529541
0.648762
0.490897
0.551322
0.502913
0.550941
0.508729
0.494566
0.493681
0.528832
0.525734
0.488766
0.53401
0.530955
0.494144
0.521297
0.484679
0.536388
0.48965
0.522881
0.507282
0.63806
0.510575
0.524897
0.52273
0.529298
0.517497
0.513273
0.513175
0.528386
0.52117
0.532055
0.493783
0.502806
0.510423
0.515701
0.517338
0.524651
0.521903
0.512825
0.525988
0.521599
0.530787
0.532877
0.51978
0.592222
0.521878
0.509355
0.576434
0.525072
0.522839
0.498204
0.508982
0.509619
0.523149
0.525493
0.522005
0.508625
0.550311
0.573436
0.522859
0.516309
0.530048
0.517312
0.533099
0.586554
0.591273
0.522842
0.529074
0.555679
0.526235
0.528195
0.529438
0.522998
0.530467
0.511037
0.533294
0.510373
0.553352
0.515577
0.522527
0.525569
0.519761
0.513944
0.530076
0.53761
0.517565
0.573566
0.537004
0.534669
0.492489
0.533845
0.534682
0.526677
0.527783
0.49777
0.516623
0.516767
0.528125
0.518857
0.519201
0.528912
0.502252
0.506966
0.573889
0.540242
0.505958
0.507241
0.531565
0.525728
0.515564
0.504689
0.510246
0.505033
0.528579
0.524126
0.526656
0.577342
0.561564
0.528291
0.533393
0.522028
0.53071
0.529766
0.503302
0.507553
0.512761
0.515818
0.505222
0.521333
0.501579
0.528222
0.515848
0.522604
0.489152
0.49947
0.518515
0.503205
0.50991
0.520609
0.521612
0.518424
0.522531
0.508099
0.499006
0.530441
0.527806
0.516772
0.524231
0.522855
0.522296
0.549955
0.521934
0.501435
0.497397
0.519014
0.496182
0.51415
0.517623
0.503125
0.503152
0.505122
0.512803
0.510701
0.530392
0.501536
0.529838
0.515536
0.591402
0.518011
0.526536
0.519746
0.529481
0.52843
0.526712
0.497114
0.54395
0.507933
0.512448
0.507031
0.501771
0.523902
0.520436
0.548042
0.525036
0.505796
0.512106
0.522552
0.531477
0.510362
0.528311
0.510148
0.512295
0.520931
0.517614
0.506485
0.522509
0.526368
0.513419
0.512963
0.501963
0.541606
0.506693
0.517551
0.517704
0.517607
0.530986
0.519181
0.557959
0.560232
0.525838
0.535666
0.532984
0.505192
0.547519
0.509045
0.522149
0.517184
0.521593
0.522688
0.504271
0.50231
0.513287
0.512295
0.507344
0.506735
0.50243
0.587481
0.500825
0.504975
0.503047
0.507364
0.506091
0.500515
0.492603
0.496796
0.559502
0.528128
0.513772
0.52037
0.533387
0.599053
0.5191
0.526879
0.512165
0.531845
0.498345
0.514765
0.520562
0.525456
0.51536
0.517851
0.532634
0.511339
0.52647
0.52769
0.576006
0.519871
0.521452
0.50545
0.635508
0.507367
0.50101
0.518185
0.536216
0.521403
0.517334
0.537121
0.528413
0.500416
0.501914
0.519505
0.511394
0.525622
0.505254
0.609185
0.521572
0.52928
0.550394
0.53936
0.566368
0.513443
0.52747
0.527393
0.523765
0.509458
0.506559
0.513199
0.510051
0.525949
0.52039
0.543868
0.52988
0.517352
0.56498
0.678433
0.528397
0.513924
0.593895
0.518077
0.522511
0.519001
0.521564
0.525714
0.484712
0.58463
0.525887
0.525037
0.59234
0.518338
0.502014
0.547127
0.531246
0.527124
0.526304
0.556752
0.600537
0.520249
0.501508
0.509382
0.506343
0.5104
0.596351
0.515225
0.567246
0.506133
0.53004
0.518418
0.535545
0.509719
0.515065
0.512615
0.653692
0.632136
0.524715
0.628805
0.620587
0.511171
0.510616
0.549336
0.530442
0.521777
0.509461
0.514786
0.525286
0.522255
0.537247
0.534393
0.522503
0.523065
0.523991
0.530933
0.506714
0.537314
0.555726
0.517422
0.517329
0.626251
0.523818
0.524856
0.508975
0.567895
0.517763
0.525886
0.538727
0.519034
0.521243
0.530556
0.508668
0.492519
0.526143
0.497625
0.645745
0.503459
0.581668
0.511071
0.594877
0.512173
0.503846
0.450423
0.4725
0.50069
0.535293
0.530269
0.523592
0.522265
0.52956
0.529395
0.523425
0.517293
0.516796
0.500478
0.514729
0.505104
0.601663
0.580781
0.589673
0.511595
0.534236
0.528648
0.523968
0.530438
0.502664
0.510171
0.527057
0.521092
0.490418
0.527923
0.556793
0.526268
0.508136
0.517248
0.51985
0.512316
0.528254
0.518273
0.582785
0.496914
0.512167
0.521084
0.522387
0.567336
0.51795
0.523818
0.500001
0.522567
0.51615
0.521164
0.497922
0.507523
0.503335
0.53802
0.507712
0.513583
0.522583
0.525825
0.528081
0.526102
0.519693
0.520843
0.522369
0.518032
0.523658
0.537878
0.514469
0.507275
0.51723
0.508815
0.522314
0.594628
0.603687
0.61111
0.517175
0.517926
0.563835
0.531288
0.522742
0.528482
0.518657
0.522079
0.493001
0.496822
0.517205
0.535118
0.515663
0.514402
0.527432
0.521701
0.51486
0.527998
0.511944
0.542863
0.520804
0.532006
0.529313
0.51276
0.577163
0.493396
0.635065
0.497993
0.518844
0.524735
0.522223
0.52824
0.517197
0.507313
0.548322
0.533519
0.508705
0.522163
0.503384
0.512529
0.5285
0.52025
0.513221
0.499276
0.521768
0.534317
0.509003
0.508399
0.520754
0.534174
0.510397
0.534215
0.517767
0.529206
0.516549
0.522435
0.523538
0.490045
0.54281
0.578971
0.513527
0.521423
0.574745
0.524281
0.544944
0.527055
0.506802
0.502213
0.532602
0.509459
0.524943
0.529493
0.633761
0.529627
0.528239
0.513992
0.51943
0.522313
0.533567
0.493781
0.517376
0.50852
0.531161
0.526402
0.589236
0.534505
0.524606
0.519228
0.495856
0.505854
0.50821
0.514935
0.531317
0.535436
0.531914
0.529051
0.527109
0.600546
0.530578
0.526462
0.529802
0.510025
0.516213
0.495622
0.50284
0.510733
0.507239
0.627138
0.530119
0.526214
0.520059
0.619958
0.505724
0.522782
0.584603
0.60388
0.504366
0.525865
0.51662
0.575802
0.514635
0.518866
0.580822
0.527878
0.54795
0.527072
0.506925
0.514568
0.523066
0.519574
0.526478
0.501141
0.503609
0.516461
0.518884
0.50857
0.534307
0.520669
0.512684
0.515339
0.618452
0.575415
0.522845
0.518836
0.501572
0.517909
0.521068
0.48688
0.489598
0.524025
0.508409
0.511468
0.511285
0.51607
0.507173
0.523792
0.524647
0.511044
0.515845
0.530196
0.644294
0.533943
0.504062
0.531022
0.499187
0.522743
0.523367
0.530491
0.560045
0.510639
0.522698
0.529559
0.520195
0.50759
0.528129
0.516603
0.530334
0.530843
0.52463
0.509573
0.521527
0.510078
0.518293
0.531914
0.527921
0.502754
0.527502
0.520586
0.495504
0.531516
0.499567
0.49476
0.512088
0.549685
0.520296
0.655441
0.509315
0.528895
0.527173
0.533668
0.51656
0.513455
0.524409
0.531289
0.538734
0.511927
0.517248
0.502886
0.521132
0.50009
0.485933
0.571739
0.497509
0.503353
0.497495
0.493375
0.489594
0.512548
0.521002
0.515771
0.488658
0.510446
0.515948
0.523733
0.537552
0.583241
0.532103
0.508123
0.524085
0.495927
0.49631
0.517948
0.506243
0.499488
0.529487
0.523066
0.519624
0.510256
0.525903
0.515174
0.506594
0.612433
0.506127
0.512995
0.528686
0.522091
0.499042
0.508059
0.491328
0.498207
0.520565
0.521619
0.561909
0.502251
0.513402
0.523047
0.491507
0.517786
0.51182
0.496762
0.531633
0.523368
0.491708
0.528416
0.526993
0.598642
0.509562
0.515535
0.510559
0.51149
0.523138
0.52261
0.507802
0.515445
0.518658
0.51031
