0.52781
0.520687
0.502064
0.501233
0.501051
0.495257
0.501851
0.499089
0.533446
0.533949
0.524561
0.530031
0.577171
0.576646
0.575466
0.517129
0.51464
0.514318
0.514569
0.530625
0.528679
0.532244
0.534045
0.530633
0.518394
0.516482
0.507992
0.524017
0.525642
0.527192
0.521354
0.581646
0.563512
0.517644
0.511118
0.516321
0.51186
0.543609
0.537359
0.511311
0.531784
0.52387
0.528267
0.536624
0.572682
0.561554
0.527533
0.526591
0.506591
0.508952
0.51897
0.537255
0.531274
0.530827
0.532192
0.530687
0.565271
0.524224
0.524835
0.500866
0.509545
0.505767
0.522147
0.52621
0.516309
0.579428
0.583407
0.520295
0.513207
0.568491
0.53598
0.534632
0.53296
0.500906
0.501071
0.499132
0.520394
0.514331
0.516524
0.511726
0.510651
0.511687
0.524379
0.522002
0.489374
0.502153
0.531225
0.527199
0.514966
0.515568
0.493705
0.495637
0.530209
0.52888
0.514321
0.506627
0.514433
0.520269
0.519855
0.500013
0.496217
0.497807
0.505122
0.504888
0.503067
0.51247
0.514785
0.639322
0.63404
0.5061
0.500234
0.491692
0.490737
0.490706
0.527972
0.528911
0.522136
0.515493
0.513851
0.517484
0.522891
0.521999
0.523774
0.521711
0.522419
0.52401
0.51986
0.525472
0.536555
0.532553
0.527528
0.529106
0.666283
0.618621
0.531444
0.530494
0.513847
0.516876
0.488452
0.491192
0.520107
0.513678
0.601031
0.53712
0.532977
0.522083
0.493957
0.509317
0.523034
0.522645
0.614506
0.517383
0.496264
0.496717
0.522802
0.524049
0.485912
0.485687
0.486285
0.483093
0.482262
0.581339
0.565561
0.53383
0.521653
0.521885
0.525985
0.5223
0.518068
0.511891
0.511352
0.512821
0.689343
0.524065
0.517018
0.534323
0.538022
0.516827
0.516868
0.517089
0.503063
0.50711
0.58023
0.526879
0.613391
0.617419
0.503155
0.50948
0.509391
0.528575
0.522521
0.601262
0.618171
0.513281
0.513483
0.514303
0.510432
0.516043
0.510085
0.501813
0.509514
0.51539
0.5209
0.516622
0.519092
0.503256
0.496689
0.500475
0.57845
0.56791
0.611192
0.625239
0.526423
0.513669
0.511612
0.509015
0.512223
0.525152
0.520908
0.513983
0.580355
0.530249
0.533032
0.511047
0.52163
0.572772
0.560798
0.556911
0.50224
0.494259
0.552647
0.493289
0.501807
0.518697
0.518162
0.510068
0.614907
0.628584
0.533677
0.534436
0.526404
0.509708
0.519688
0.502015
0.521293
0.520204
0.507428
0.519601
0.521497
0.5165
0.531416
0.527263
0.532447
0.518443
0.515713
0.518925
0.519781
0.521642
0.528832
0.520345
0.520861
0.513567
0.514629
0.509732
0.586687
0.587309
0.575439
0.57862
0.526028
0.528844
0.489115
0.507787
0.504026
0.622693
0.6241
0.526007
0.509044
0.479379
0.488997
0.506487
0.514114
0.503513
0.512102
0.521488
0.526485
0.488309
0.512181
0.512551
0.514546
0.511913
0.527949
0.497778
0.510874
0.50028
0.516225
0.515232
0.517812
0.509915
0.646141
0.507781
0.508416
0.514431
0.535161
0.526281
0.528285
0.522347
0.55025
0.513643
0.514004
0.522487
0.515035
0.595273
0.608889
0.59866
0.584024
0.481637
0.478033
0.527042
0.50695
0.503515
0.536575
0.536484
0.488491
0.580477
0.591122
0.514412
0.518867
0.524768
0.526199
0.526051
0.565443
0.572862
0.530772
0.530505
0.540208
0.542198
0.604988
0.594664
0.522838
0.513462
0.518804
0.522393
0.51885
0.48789
0.515242
0.515159
0.511124
0.511782
0.516202
0.515912
0.514534
0.493967
0.485467
0.489632
0.523121
0.522937
0.529017
0.506707
0.515739
0.48591
0.512067
0.521545
0.521082
0.521411
0.51715
0.59392
0.584472
0.586621
0.636345
0.579321
0.596781
0.522099
0.517323
0.518269
0.515046
0.516083
0.523229
0.520782
0.518663
0.518758
0.516362
0.518399
0.512702
0.522626
0.594271
0.591025
0.629602
0.526037
0.531399
0.533044
0.530128
0.531622
0.531982
0.531296
0.493469
0.506706
0.520382
0.507769
0.508777
0.503021
0.516956
0.512095
0.503191
0.508084
0.531815
0.539078
0.542759
0.510711
0.558179
0.571275
0.55415
0.493676
0.498734
0.49239
0.522904
0.523081
0.523823
0.524001
0.514204
0.516499
0.550497
0.549031
0.559542
0.494762
0.502545
0.499628
0.524777
0.521535
0.529152
0.527123
0.534137
0.535179
0.532295
0.525321
0.528027
0.529194
0.539714
0.538821
0.511817
0.50725
0.508636
0.507652
0.517315
0.5228
0.560989
0.52662
0.526422
0.525833
0.53027
0.521126
0.526103
0.524056
0.528686
0.514454
0.514018
0.527447
0.525811
0.530226
0.512252
0.514786
0.526215
0.527111
0.529695
0.519223
0.520903
0.529935
0.530746
0.522928
0.521774
0.511538
0.510659
0.595034
0.576758
0.567028
0.632181
0.518783
0.523089
0.52052
0.498015
0.510076
0.522899
0.517483
0.581943
0.534977
0.51864
0.517553
0.512459
0.503669
0.52726
0.525018
0.512483
0.526504
0.528399
0.52652
0.527103
0.518727
0.522843
0.520792
0.491685
0.513864
0.524358
0.524068
0.530209
0.528192
0.530683
0.509837
0.513091
0.505428
0.512764
0.521773
0.499996
0.511491
0.555778
0.566218
0.518153
0.511822
0.503377
0.506609
0.503701
0.507454
0.515854
0.514952
0.510111
0.510283
0.559956
0.535842
0.523374
0.491928
0.498223
0.490263
0.572047
0.566456
0.497597
0.504119
0.502988
0.526137
0.522312
0.525464
0.525488
0.625765
0.578618
0.51415
0.519959
0.512817
0.509364
0.517329
0.513228
0.522872
0.520402
0.514188
0.511701
0.516315
0.503629
0.51025
0.570596
0.569168
0.550698
0.528005
0.530393
0.518075
0.52433
0.531107
0.527251
0.513531
0.517638
0.522985
0.522383
0.521651
0.534035
0.512362
0.508555
0.514154
0.518388
0.519201
0.511756
0.499179
0.519748
0.522739
0.523821
0.533796
0.503926
0.503196
0.529189
0.561393
0.510937
0.512711
0.516077
0.517596
0.541275
0.49511
0.496294
0.498642
0.5484
0.620039
0.510245
0.618099
0.506242
0.477873
0.484778
0.584362
0.591591
0.518444
0.522906
0.502468
0.501056
0.515105
0.521613
0.50566
0.493805
0.491343
0.492822
0.49189
0.495162
0.523439
0.554368
0.558019
0.560221
0.568771
0.501096
0.501752
0.519183
0.523551
0.533616
0.521322
0.570763
0.559476
0.574836
0.554373
0.623262
0.613035
0.497742
0.500242
0.580473
0.588983
0.513489
0.520728
0.517386
0.529971
0.605048
0.509609
0.55929
0.518104
0.512935
0.508651
0.514103
0.522622
0.524265
0.525078
0.519064
0.5342
0.530138
0.495919
0.496269
0.522092
0.519357
0.528119
0.517068
0.526126
0.54756
0.548441
0.531379
0.521784
0.524037
0.517927
0.515835
0.531922
0.529977
0.530683
0.528406
0.519615
0.527775
0.530616
0.509904
0.498164
0.496111
0.621005
0.510155
0.513027
0.492246
0.524117
0.525122
0.532713
0.527383
0.530153
0.527842
0.519304
0.508302
0.515273
0.511591
0.530679
0.516171
0.508698
0.510842
0.525127
0.524161
0.525698
0.554848
0.577455
0.542018
0.536838
0.525982
0.524215
0.524898
0.520104
0.51969
0.528288
0.523611
0.532466
0.530655
0.503029
0.519072
0.520555
0.521097
0.532512
0.531412
0.522774
0.516607
0.509022
0.561247
0.531536
0.526177
0.520457
0.509459
0.515891
0.495731
0.532627
0.529118
0.501056
0.498688
0.519791
0.506699
0.533894
0.524122
0.532065
0.516226
0.582535
0.569582
0.506374
0.504366
0.505972
0.501386
0.515471
0.515789
0.503631
0.524754
0.5164
0.524944
0.523227
0.514076
0.518165
0.557963
0.525692
0.527367
0.529994
0.504645
0.508637
0.561994
0.509586
0.521918
0.523412
0.508367
0.562869
0.579355
0.491904
0.485817
0.490429
0.515067
0.50588
0.499985
0.504776
0.554731
0.531402
0.530657
0.528178
0.531979
0.529746
0.52697
0.525534
0.501142
0.496857
0.527717
0.527583
0.483563
0.489726
0.513272
0.528607
0.552064
0.504696
0.531386
0.536136
0.502546
0.501118
0.523599
0.539792
0.532433
0.535846
0.52468
0.515479
0.515347
0.516431
0.530611
0.524549
0.523239
0.517772
0.594658
0.664668
0.616074
0.621029
0.517815
0.618466
0.5175
0.519337
0.531365
0.531452
0.531583
0.528207
0.52097
0.526946
0.514485
0.50093
0.503572
0.528725
0.526802
0.497955
0.500993
0.603984
0.548514
0.551032
0.525415
0.632396
0.637284
0.520144
0.513642
0.528201
0.497118
0.500879
0.521655
0.531685
0.554604
0.498468
0.620388
0.488414
0.526253
0.544696
0.519171
0.538512
0.519535
0.528059
0.523182
0.511606
0.509078
0.503291
0.514081
0.513095
0.525371
0.525964
0.526353
0.509234
0.523227
0.523227
0.556627
0.516499
0.51584
0.513705
0.496998
0.499562
0.513462
0.533183
0.510701
0.486661
0.507929
0.505943
0.496134
0.510463
0.504255
0.512075
0.522986
0.532084
0.530527
0.513877
0.507387
0.528127
0.526185
0.531621
0.518455
0.521227
0.519823
0.519257
0.523422
0.524619
0.528711
0.514309
0.560778
0.586604
0.499208
0.509553
0.521246
0.48806
0.493687
0.493589
0.512252
0.511283
0.504093
0.511268
0.513253
0.524792
0.497377
0.522535
0.515505
0.549388
0.515259
0.514938
0.493081
0.495406
0.50089
0.499766
0.525232
0.515639
0.517177
0.523847
0.535037
0.521819
0.539042
0.544639
0.550351
0.550301
0.529785
0.529456
0.591565
0.610572
0.490754
0.51197
0.505304
0.531988
0.536045
0.491352
0.50364
0.517723
0.644156
0.543206
0.540759
0.504844
0.634441
0.511574
0.519811
0.517515
0.506225
0.515732
0.514984
0.527418
0.507743
0.519793
0.497384
0.528699
0.493696
0.492797
0.489162
0.495668
0.519344
0.509975
0.507873
0.51124
0.515325
0.529483
0.530626
0.510917
0.530656
0.529503
0.539311
0.511208
0.523912
0.509507
0.524062
0.524566
0.529799
0.531997
0.518359
0.544533
0.543055
0.521895
0.532516
0.522436
0.523082
0.528667
0.508812
0.510497
0.562161
0.572522
0.534149
0.508196
0.502288
0.49631
0.485763
0.5033
0.510293
0.521127
0.521052
0.495802
0.499891
0.495465
0.63849
0.590434
0.546178
0.497601
0.522972
0.511232
0.526207
0.521018
0.496526
0.49448
0.495112
0.532264
0.496373
0.514359
0.512285
0.521653
0.525306
0.52453
0.518113
0.511991
0.5748
0.533476
0.501461
0.516676
0.515159
0.499956
0.49545
0.519193
0.516037
0.526452
0.527755
0.499903
0.504203
0.503879
0.48825
0.519474
0.518654
0.534105
0.528686
0.510023
0.520525
0.51682
0.588496
0.600542
0.523455
0.571442
0.565868
0.524488
0.530674
0.518801
0.513266
0.503051
0.518202
0.49917
0.497845
0.531614
0.569675
0.570197
0.516832
0.517153
0.528823
0.526702
0.516136
0.528544
0.52534
0.515031
0.659726
0.533465
0.531005
0.53335
0.544124
0.516022
0.503729
0.511693
0.496181
0.501889
0.516669
0.576117
0.526191
0.552909
0.552439
0.523949
0.525261
0.51163
0.509882
0.492679
0.496059
0.528405
0.528754
0.52136
0.490782
0.528762
0.495686
0.501733
0.520696
0.51127
0.48427
0.489889
0.531489
0.522931
0.597834
0.574216
0.572449
0.564169
0.584905
0.502066
0.530328
0.532598
0.532604
0.54826
0.545864
0.563069
0.616071
0.566822
0.557751
0.554156
0.599001
0.500764
0.5016
0.524193
0.534652
0.532001
0.48346
0.477126
0.52273
0.503617
0.507534
0.514098
0.499003
0.499905
0.577275
0.596872
0.507298
0.520664
0.504739
0.492438
0.503957
0.521607
0.534351
0.529935
0.522644
0.532315
0.513693
0.506777
0.506939
0.61303
0.524186
0.540577
0.518426
0.52416
0.571998
0.524586
0.52465
0.50338
0.525432
0.506038
0.50557
0.495939
0.527821
0.495918
0.556594
0.55529
0.509034
0.558483
0.502495
0.518274
0.521003
0.533261
0.532949
0.562137
0.551879
0.504609
0.516683
0.564213
0.514015
0.51776
0.515764
0.539887
0.520651
0.508079
0.50755
0.506101
0.49713
0.502731
0.478338
0.500713
0.503744
0.49511
0.521677
0.521997
0.529262
0.537223
0.532129
0.513822
0.517908
0.591996
0.524104
0.600493
0.580198
0.523986
0.517569
0.635558
0.657339
0.52913
0.52881
0.488479
0.502561
0.496257
0.50723
0.492232
0.52607
0.584374
0.589621
0.501518
0.50877
0.520901
0.516905
0.515884
0.508273
0.512467
0.514188
0.508935
0.528408
0.518006
0.526009
0.606243
0.525703
0.521708
0.511464
0.521078
0.487202
0.510642
0.511913
0.517697
0.524734
0.519511
0.524682
0.520493
0.482563
0.487672
0.527717
0.527613
0.52886
0.526852
0.56369
0.586263
0.573443
0.518084
0.488715
0.478515
0.52067
0.496826
0.497479
0.499241
0.508205
0.489721
0.520181
0.519567
0.520805
0.518405
0.494025
0.50603
0.52485
0.5187
0.520073
0.511419
0.510193
0.530172
0.559948
0.654098
0.518268
0.504037
0.519898
0.504455
0.512513
0.524966
0.522544
0.565803
0.503235
0.506319
0.510927
0.511113
0.529604
0.593681
0.513054
0.524725
0.527634
0.610384
0.516433
0.533132
0.525666
0.528795
0.514767
0.510033
0.513144
0.525229
0.522227
0.522491
0.58472
0.521123
0.503165
0.494323
0.526461
0.502664
0.537604
0.528612
0.531074
0.520035
0.532953
0.497005
0.49509
0.521745
0.519271
0.536082
0.608726
0.593066
0.501752
0.516988
0.595562
0.521237
0.535702
0.568556
0.62669
0.526299
0.521366
0.563148
0.505201
0.558934
0.550189
0.543898
0.582272
0.533395
0.556514
0.493067
0.588861
0.518051
0.518311
0.496821
0.508166
0.501532
0.53637
0.492627
0.522651
0.51457
0.525052
0.507951
0.565173
0.535639
0.535362
0.637686
0.498799
0.529398
0.568776
0.558893
0.506982
0.5103
0.525423
0.524055
0.604414
0.590329
0.514552
0.51162
0.516968
0.526911
0.50807
0.531943
0.49382
0.520995
0.517708
0.515201
0.521205
0.511453
0.510855
0.515203
0.527144
0.49948
0.500084
0.517709
0.49801
0.524603
0.516576
0.527066
0.526852
0.527217
0.508371
0.514395
0.557535
0.509399
0.502883
0.492894
0.485436
0.507433
0.499451
0.506345
0.526931
0.51933
0.529482
0.519639
0.561475
0.536604
0.50289
0.522676
0.516399
0.637316
0.595528
0.523969
0.514561
0.525512
0.505346
0.499837
0.516762
0.512423
0.50336
0.515502
0.573808
0.516728
0.571462
0.553635
0.508378
0.490115
0.526538
0.5017
0.601023
0.497878
0.496217
0.52558
0.527737
0.618805
0.501934
0.550792
0.533914
0.514377
0.516937
0.490691
0.511363
0.520073
0.516132
0.505442
0.575083
0.529823
0.513087
0.624023
0.57646
0.500708
0.497017
0.505222
0.499054
0.506477
0.529536
0.492601
0.528992
0.530983
0.514974
0.508316
0.512429
0.564632
0.605054
0.513892
0.565808
0.490397
0.537427
0.508685
0.498374
0.512225
0.525915
0.528834
0.530026
0.50232
0.512453
0.517261
0.539428
0.533342
0.610736
0.486139
0.517465
0.601819
0.532034
0.564091
0.515061
0.519692
0.473872
0.505358
0.485115
0.522734
0.645986
0.599118
0.565721
0.492157
0.497817
0.510992
0.512615
0.506733
0.652541
0.621043
0.52182
0.491843
0.517543
0.513103
0.513453
0.580905
0.528237
0.527109
0.504134
0.532064
0.504708
0.523068
0.513954
0.568986
0.578877
0.541194
0.539637
0.671584
0.516524
0.57209
0.481185
0.481359
0.517475
0.534663
0.510187
0.490826
0.642071
0.647193
0.519096
0.512543
0.517683
0.528511
0.57848
0.627
0.517859
0.513447
0.512637
0.522924
0.479445
0.516166
0.513531
0.501671
0.527873
0.525448
0.525855
0.521881
0.623617
0.527622
0.524483
0.509071
0.50591
0.497448
0.581019
0.519981
0.520163
0.632562
0.59059
0.516485
0.516023
0.601539
0.629385
0.534503
0.50346
0.526004
0.576051
0.555335
0.535991
0.565939
0.537602
0.513943
0.512586
0.494327
0.5385
0.525247
0.530461
0.511844
0.484183
0.502887
0.495677
0.502561
0.522989
0.479224
0.472286
0.509336
0.548344
0.526187
0.532626
0.509491
0.528576
0.512745
0.486761
0.545001
0.556134
0.533943
0.498186
0.525557
0.596557
0.517009
0.532271
0.515692
0.486481
0.540908
0.522309
0.489649
0.514143
0.530179
0.508911
0.501793
0.519514
0.515992
0.519824
0.523827
0.527253
0.505321
0.47561
0.50838
0.533556
0.53933
0.518709
0.516118
0.558418
0.527434
0.5211
0.491741
0.534108
0.52698
0.600092
0.52041
0.505902
0.540928
0.490158
0.53195
0.519761
0.590067
0.547815
0.644093
0.503756
0.536983
0.482248
0.52523
0.48463
0.527892
0.52106
0.49128
0.50029
0.523139
0.517663
0.528637
0.507079
0.529052
0.493226
0.578065
0.574473
0.526114
0.532742
0.514328
0.512559
0.518739
0.534665
0.49059
0.515043
0.593021
0.522718
0.510785
0.515827
0.520035
0.519774
0.523834
0.525344
0.560183
0.543113
0.503334
0.517781
0.640896
0.559439
0.53281
0.489854
0.520753
0.521085
0.528578
0.518448
0.507694
0.549816
0.490041
0.492411
0.494253
0.510408
0.484535
0.526417
0.598283
0.592838
0.503611
0.474495
0.547073
0.583871
0.510149
0.51942
0.531208
0.513444
0.523158
0.492891
0.561588
0.575446
0.500621
0.508861
0.534607
0.522473
0.498555
0.512348
0.494816
0.489895
0.612588
0.629221
0.523715
0.510083
0.490542
0.524791
0.500832
0.497914
0.571727
0.505082
0.540837
0.55923
0.572768
0.582085
0.506598
0.534265
0.540851
0.479789
0.481067
0.606595
0.521318
0.485998
0.5129
0.586197
0.600401
0.49275
0.498365
0.588096
0.530289
0.520277
0.624587
0.530299
0.597425
0.494596
0.487135
0.524856
0.524425
0.52873
0.498532
0.493778
0.511847
0.508175
0.527466
0.52664
0.524891
0.525548
0.518814
0.514311
0.531148
0.605899
0.526267
0.580863
0.527963
0.50806
0.583804
0.602314
0.528494
0.499947
0.493315
0.511223
0.499377
0.519499
0.514648
0.521255
0.515455
0.526595
0.495335
0.520478
0.521441
0.607804
0.520178
0.512331
0.552722
0.586284
0.52172
0.513392
0.51381
0.490003
0.506447
0.516601
0.519483
0.50866
0.489004
0.527221
0.515853
0.59825
0.523689
0.519326
0.525298
0.529205
0.530467
0.553451
0.519857
0.499325
0.525994
0.532516
0.495919
0.484562
0.523351
0.520874
0.538925
0.509413
0.513642
0.588531
0.488762
0.521807
0.589323
0.493067
0.547152
0.546662
0.525597
0.491439
0.535251
0.476697
0.529696
0.497884
0.517239
0.52184
0.589343
0.488103
0.52391
0.505075
0.513075
0.526614
0.491059
0.522629
0.523797
0.529538
0.502711
0.522309
0.526715
0.522463
0.517338
0.53098
0.507403
0.520044
0.520777
0.509866
0.493408
0.499885
0.514871
0.507493
0.512921
0.500397
0.504483
0.534667
0.629885
0.56173
0.560737
0.510664
0.528493
0.528089
0.531532
0.514973
0.59522
0.585192
0.522587
0.507317
0.514438
0.593233
0.518246
0.511102
0.515316
0.526809
0.539387
0.515305
0.484426
0.496855
0.522229
0.522196
0.513942
0.513331
0.515713
0.525593
0.534518
0.566652
0.529598
0.529127
0.520613
0.603036
0.526859
0.531495
0.510145
0.576034
0.519031
0.522243
0.532023
0.515285
0.526955
0.531516
0.545555
0.517103
0.560247
0.51478
0.547287
0.50487
0.576078
0.530196
0.527427
0.516643
0.558263
0.501655
0.530641
0.52834
0.52452
0.515626
0.521309
0.524016
0.521114
0.512223
0.529414
0.569919
0.509705
0.538785
0.502082
0.527621
0.511649
0.508292
0.503592
0.507185
0.506081
0.528653
0.521902
0.621768
0.527821
0.527409
0.527393
0.497792
0.50468
0.523647
0.516929
0.514427
0.516982
0.530718
0.504795
0.492235
0.500838
0.519357
0.512773
0.517832
0.519581
0.507485
0.513115
0.527293
0.517308
0.578635
0.517461
0.513184
0.498364
0.575352
0.565786
0.529247
0.515008
0.510291
0.513301
0.499456
0.522317
0.49947
0.523266
0.495973
0.516357
0.566633
0.560958
0.522007
0.514238
0.51002
0.514267
0.560274
0.548277
0.50965
0.506678
0.527061
0.526511
0.502715
0.494235
0.517522
0.51133
0.512576
0.576309
0.525684
0.50861
0.517888
0.509292
0.518658
0.528884
0.509774
0.51143
0.523371
0.533525
0.504419
0.507206
0.503038
0.510706
0.532861
0.516035
0.521184
0.510495
0.511348
0.621604
0.499122
0.520786
0.557688
0.508652
0.504709
0.518371
0.528039
0.638415
0.521524
0.512239
0.557133
0.508974
0.503003
0.506152
0.520513
0.521262
0.499331
0.55919
0.529162
0.508427
0.521244
0.520775
0.492752
0.501154
0.524302
0.505577
0.556604
0.513244
0.514044
0.526289
0.532907
0.507511
0.520528
0.509102
0.535394
0.517733
0.51105
0.568183
0.503939
0.500158
0.508578
0.508239
0.502527
0.527349
0.512124
0.529734
0.518671
0.521885
0.567919
0.525663
0.501763
0.516649
0.52258
0.627937
0.51716
0.527223
0.526173
0.490424
0.496084
0.502633
0.567549
0.510202
0.528142
0.504753
0.505625
0.530014
0.510434
0.500169
0.507505
0.559722
0.558422
0.496951
0.633973
0.510211
0.513682
0.527152
0.527772
0.503055
0.509257
0.500004
0.513836
0.520894
0.517744
0.519285
0.526208
0.527664
0.509283
0.508834
0.532139
0.513159
0.519298
0.519473
0.541527
0.606252
0.528185
0.522923
0.514967
0.499301
0.504796
0.530626
0.521104
0.522864
0.522837
0.613795
0.528295
0.528836
0.52477
0.514258
0.519181
0.508285
0.521629
0.503969
0.510494
0.509856
0.498234
0.501702
0.530724
0.522946
0.525016
0.505729
0.529239
0.552848
0.513579
0.517556
0.512105
0.527465
0.528469
0.509715
0.508831
0.515325
0.522245
0.522121
0.527674
0.522635
0.538889
0.516075
0.517201
0.522526
0.530335
0.515218
0.508281
0.505527
0.587984
0.516497
0.518517
0.513782
0.629491
0.518401
0.506061
0.520964
0.507341
0.522202
0.527294
0.507522
0.528915
0.531696
0.542408
0.574081
0.513748
0.49343
0.500574
0.598872
0.596587
0.513306
0.508765
0.513474
0.509227
0.491053
0.510732
0.516487
0.511606
0.615436
0.611347
0.50791
0.52135
0.516368
0.507869
0.511855
0.515635
0.519031
0.528772
0.52766
0.517308
0.494546
0.642369
0.499404
0.506409
0.51325
0.589991
0.509525
0.522449
0.516817
0.516372
0.516121
0.521097
0.508223
0.511452
0.508616
0.525751
0.531612
0.520908
0.518193
0.524637
0.562157
0.620635
0.512892
0.497999
0.561477
0.554546
0.519112
0.506936
0.510872
0.530232
0.565299
0.522207
0.514957
0.537444
0.526936
0.511148
0.514137
0.514482
0.500994
0.507153
0.506681
0.529493
0.507386
0.515643
0.501493
0.517527
0.51182
0.514525
0.522588
0.512379
0.603023
0.583587
0.500914
0.603823
0.514878
0.523849
0.606458
0.52045
0.530168
0.521639
0.523162
0.519131
0.519026
0.524893
0.527012
0.603477
0.519336
0.50805
0.52731
0.532792
0.520332
0.530498
0.514512
0.511409
0.51293
0.501094
0.521465
0.516518
0.503549
0.488535
0.513545
0.531181
0.518334
0.563581
0.486764
0.532313
0.571027
0.509972
0.526169
0.520024
0.499179
0.528198
0.495328
0.519601
0.525116
0.510188
0.516987
0.586703
0.524703
0.516918
0.523722
0.5351
0.51565
0.529796
0.512806
0.529931
0.483943
0.492504
0.525528
0.52521
0.490326
0.528335
0.507797
0.499783
0.562114
0.539642
0.510129
0.524948
0.519345
0.49277
0.522541
0.588848
0.516908
0.63303
0.578853
0.518477
0.514578
0.513632
0.528478
0.52983
0.508167
0.524278
0.520552
0.525289
0.555925
0.503608
0.500946
0.591542
0.522627
0.52433
0.500699
0.575334
0.562963
0.511562
0.521019
0.543815
0.570325
0.491638
0.547449
0.51613
0.520655
0.516299
0.55852
0.51478
0.588781
0.516285
0.519842
0.510956
0.510644
0.561478
0.50891
0.52271
0.53049
0.524007
0.499503
0.56758
0.532553
0.519586
0.518119
0.514353
0.514131
0.521491
0.517981
0.513183
0.523446
0.523615
0.538235
0.533264
0.509002
0.52758
0.510872
0.51598
0.529381
0.530489
0.541714
0.55393
0.5294
0.495406
0.611969
0.509279
0.50658
0.49783
0.555264
0.515043
0.49748
0.502717
0.524488
0.530864
0.496458
0.519879
0.52025
0.500626
0.601107
0.588974
0.51656
0.524915
0.50141
0.505023
0.520101
0.527123
0.615086
0.541426
0.516829
0.513231
0.527238
0.564849
0.497227
0.527461
0.510517
0.51225
0.50433
0.518691
0.499921
0.520443
0.502113
0.521551
0.584158
0.541344
0.503726
0.508013
0.565452
0.529626
0.511893
0.508342
0.521636
0.527706
0.516081
0.50928
0.521136
0.508841
0.511422
0.523122
0.51793
0.513728
0.538363
0.546095
0.525098
0.504751
0.575675
0.511844
0.501949
0.503223
0.524433
0.529753
0.530008
0.538135
0.511481
0.495143
0.528078
0.527273
0.529808
0.516701
0.517772
0.572157
0.543768
0.497819
0.656765
0.557369
0.506032
0.528104
0.531382
0.524797
0.4878
0.501473
0.575562
0.518582
0.507087
0.574531
0.494247
0.512186
0.515052
0.512989
0.51998
0.511163
0.508787
0.513755
0.532207
0.498697
0.533033
0.523821
0.556132
0.540999
0.638811
0.493289
0.520776
0.52086
0.521695
0.485108
0.526451
0.558876
0.514795
0.523979
0.499895
0.534809
0.515697
0.505368
0.64567
0.522747
0.578448
0.50419
0.51736
0.505174
0.498529
0.521096
0.501756
0.51691
0.543775
0.508961
0.52438
0.493421
0.515033
0.519732
0.545163
0.516109
0.53539
0.495069
0.516849
0.52154
0.506777
0.513032
0.514041
0.504033
0.524256
0.520093
0.514946
0.571937
0.523832
0.506639
0.515009
0.516609
0.515492
0.495664
0.524258
0.52357
0.511563
0.549265
0.515902
0.515447
0.49714
0.495067
0.512663
0.51716
0.494754
0.509429
0.510128
0.527504
0.55047
0.527306
0.523899
0.520537
0.495343
