0.509929
0.519742
0.494119
0.491594
0.494202
0.498278
0.489976
0.497444
0.507618
0.536075
0.535913
0.52242
0.52443
0.556828
0.574883
0.515528
0.514779
0.525278
0.518486
0.513661
0.525101
0.522594
0.516862
0.525684
0.488194
0.53383
0.534734
0.533546
0.529159
0.523755
0.480313
0.566798
0.602337
0.590943
0.501492
0.507476
0.50267
0.47949
0.486231
0.477634
0.524207
0.592898
0.538743
0.544317
0.523255
0.520284
0.554324
0.585454
0.526029
0.537053
0.534433
0.534687
0.501544
0.502319
0.534793
0.538172
0.534695
0.536418
0.537994
0.521727
0.502289
0.531963
0.52372
0.525662
0.514125
0.513891
0.508233
0.522454
0.51874
0.569388
0.515127
0.522606
0.508836
0.523471
0.52504
0.511947
0.515019
0.52477
0.528147
0.530218
0.530283
0.523905
0.505269
0.50601
0.502133
0.510394
0.508794
0.50851
0.480011
0.488555
0.52293
0.525297
0.525405
0.52892
0.526413
0.526022
0.524356
0.529763
0.560953
0.540178
0.522911
0.519771
0.519102
0.519063
0.511791
0.51037
0.502921
0.523653
0.531971
0.607934
0.583872
0.551072
0.55759
0.493474
0.501422
0.489635
0.52297
0.520373
0.523483
0.488654
0.485995
0.520328
0.513311
0.525646
0.5134
0.517483
0.514219
0.526933
0.530144
0.50827
0.509389
0.525143
0.521351
0.519117
0.519645
0.518074
0.521896
0.519846
0.498492
0.491415
0.532492
0.653635
0.53706
0.535808
0.535943
0.524555
0.530752
0.528243
0.510337
0.501428
0.488195
0.486549
0.658435
0.591091
0.49606
0.519949
0.519343
0.516728
0.521942
0.518034
0.488167
0.491173
0.498748
0.503219
0.492014
0.541604
0.543927
0.53846
0.547001
0.589144
0.577105
0.578394
0.536258
0.513235
0.521511
0.488057
0.489343
0.520703
0.56176
0.555601
0.523008
0.525014
0.528241
0.52305
0.519634
0.603707
0.606807
0.585315
0.533504
0.521211
0.514888
0.512441
0.532296
0.528727
0.51957
0.525578
0.517981
0.523128
0.533372
0.528432
0.565734
0.55023
0.533207
0.501938
0.588255
0.49812
0.501689
0.525664
0.517305
0.522017
0.530655
0.534875
0.49951
0.500555
0.654112
0.630539
0.512401
0.517563
0.502972
0.497211
0.511655
0.514304
0.517883
0.514652
0.51853
0.521875
0.520113
0.517969
0.517026
0.523415
0.526594
0.514801
0.523232
0.524033
0.522094
0.590772
0.625966
0.653161
0.51425
0.517705
0.512783
0.513715
0.519043
0.599658
0.521767
0.488918
0.515146
0.58164
0.701186
0.673589
0.532122
0.530975
0.515777
0.520339
0.586974
0.577432
0.494766
0.491403
0.568956
0.575822
0.490449
0.496415
0.531396
0.526712
0.529121
0.496436
0.526734
0.524128
0.616313
0.585608
0.596517
0.630273
0.591572
0.526547
0.52898
0.52914
0.512592
0.512435
0.512885
0.506343
0.512179
0.490585
0.49089
0.503552
0.534918
0.526923
0.522832
0.517552
0.517211
0.519224
0.526105
0.512089
0.598115
0.506917
0.514745
0.528815
0.521438
0.531196
0.52155
0.526093
0.530883
0.531983
0.484545
0.489663
0.501534
0.510836
0.532579
0.529693
0.505069
0.480847
0.514855
0.521689
0.522827
0.531153
0.533579
0.518449
0.561142
0.589367
0.498984
0.502812
0.487476
0.504451
0.51013
0.514634
0.513583
0.553407
0.559712
0.588997
0.603045
0.536907
0.502431
0.502267
0.514172
0.531688
0.521702
0.533331
0.540029
0.540107
0.562695
0.618769
0.587454
0.518932
0.538745
0.48868
0.487852
0.530039
0.531955
0.530503
0.534466
0.524055
0.521079
0.517023
0.498411
0.505092
0.504541
0.499196
0.515845
0.546915
0.543242
0.542163
0.52239
0.515254
0.505139
0.492108
0.549677
0.542413
0.560706
0.548561
0.508837
0.526916
0.52307
0.51127
0.518529
0.51888
0.530837
0.527688
0.485527
0.54885
0.480141
0.49232
0.479848
0.510365
0.514176
0.509643
0.508863
0.516958
0.51149
0.544396
0.535002
0.525605
0.478009
0.482731
0.554545
0.53096
0.528827
0.483524
0.487269
0.508429
0.508013
0.514457
0.521805
0.488662
0.485751
0.486628
0.508473
0.584862
0.530999
0.586285
0.519074
0.519611
0.501683
0.522126
0.520648
0.520624
0.520652
0.517188
0.500271
0.51577
0.523349
0.497928
0.527754
0.551309
0.533959
0.53013
0.522617
0.524904
0.521647
0.52832
0.524147
0.526072
0.502153
0.501742
0.514975
0.507907
0.507067
0.520183
0.509076
0.511342
0.535394
0.536652
0.509076
0.517993
0.521434
0.528516
0.531154
0.52743
0.528524
0.521881
0.585966
0.582545
0.488315
0.507143
0.518802
0.523599
0.521498
0.519065
0.513408
0.496033
0.6035
0.620208
0.584198
0.565642
0.581971
0.560175
0.521586
0.527063
0.524208
0.540886
0.539818
0.524378
0.528622
0.506005
0.506039
0.520309
0.50757
0.521924
0.522243
0.537908
0.529548
0.584043
0.558413
0.533836
0.513159
0.56004
0.592314
0.523593
0.526942
0.526635
0.522213
0.524059
0.521576
0.495139
0.517708
0.514034
0.532613
0.527833
0.579095
0.573351
0.518957
0.522238
0.5226
0.52506
0.523843
0.514635
0.49336
0.496115
0.501721
0.531874
0.518445
0.510268
0.515913
0.5068
0.506781
0.509918
0.533612
0.575871
0.522498
0.522425
0.519552
0.526009
0.514317
0.524041
0.508409
0.61787
0.527334
0.528161
0.487178
0.527233
0.518927
0.525248
0.531479
0.517236
0.512751
0.515366
0.523192
0.52211
0.518485
0.532153
0.517887
0.556168
0.565283
0.563521
0.527711
0.519264
0.523951
0.515006
0.514871
0.513986
0.518469
0.521664
0.503864
0.506909
0.490262
0.547083
0.542597
0.538488
0.509878
0.519324
0.529837
0.519401
0.529597
0.486231
0.602751
0.502363
0.507001
0.501233
0.493937
0.51534
0.520895
0.486749
0.534368
0.539746
0.595918
0.607755
0.518643
0.5167
0.52791
0.527155
0.506832
0.510879
0.524455
0.52637
0.514303
0.5335
0.53295
0.504012
0.513586
0.511763
0.676722
0.613818
0.538245
0.545214
0.518708
0.498053
0.522396
0.55818
0.551842
0.531515
0.532613
0.510073
0.51806
0.516602
0.516243
0.520356
0.540732
0.533455
0.524072
0.530635
0.519239
0.557832
0.511429
0.513344
0.492438
0.49574
0.496957
0.607576
0.537306
0.547476
0.539201
0.48142
0.541688
0.546474
0.539785
0.536258
0.525688
0.519904
0.52024
0.48648
0.527419
0.51419
0.542541
0.539342
0.520646
0.517233
0.501006
0.499624
0.494253
0.512835
0.527978
0.49052
0.491574
0.490641
0.702791
0.651373
0.523207
0.505763
0.514247
0.603366
0.588626
0.567949
0.506487
0.501139
0.520385
0.674621
0.643963
0.566404
0.577636
0.579962
0.516478
0.510611
0.515636
0.509867
0.512113
0.560759
0.506363
0.507952
0.514288
0.608009
0.534226
0.534239
0.506932
0.501161
0.508487
0.526707
0.521069
0.51904
0.537271
0.525557
0.519012
0.530338
0.531749
0.489505
0.507491
0.516879
0.518926
0.524386
0.520826
0.537042
0.517018
0.512855
0.516294
0.51873
0.524682
0.525115
0.521847
0.520992
0.513041
0.533702
0.52683
0.510255
0.501316
0.512738
0.534961
0.521626
0.508779
0.521318
0.520457
0.520618
0.524913
0.517709
0.516897
0.514505
0.509003
0.513067
0.523057
0.525258
0.531817
0.522741
0.539005
0.509944
0.523931
0.523277
0.502318
0.510135
0.515472
0.520857
0.504118
0.525924
0.533973
0.534866
0.531067
0.499901
0.562941
0.572016
0.575116
0.523938
0.527362
0.52567
0.501966
0.514365
0.51048
0.512965
0.517516
0.511043
0.519188
0.522404
0.506486
0.511724
0.500006
0.504272
0.50927
0.521652
0.529064
0.52974
0.532811
0.578281
0.571274
0.510693
0.526218
0.521009
0.529803
0.495141
0.535062
0.537169
0.655285
0.499435
0.497371
0.50819
0.495103
0.531221
0.486415
0.654661
0.502965
0.505713
0.526007
0.603691
0.516672
0.526886
0.531748
0.531104
0.527838
0.517617
0.514176
0.524489
0.500313
0.498939
0.518904
0.524406
0.519363
0.516166
0.522792
0.503475
0.51888
0.513306
0.533597
0.488078
0.534372
0.523843
0.572409
0.571317
0.488627
0.539174
0.549249
0.496476
0.483864
0.531867
0.651072
0.645165
0.647397
0.513907
0.516644
0.498258
0.494264
0.498373
0.523845
0.530014
0.521529
0.524491
0.501553
0.579058
0.596236
0.527245
0.523372
0.502459
0.504528
0.528313
0.513375
0.511156
0.523722
0.529832
0.486812
0.576392
0.626108
0.542193
0.494933
0.537237
0.496672
0.499223
0.50115
0.505636
0.52484
0.524972
0.518876
0.515707
0.535061
0.522455
0.522272
0.506249
0.544973
0.556398
0.570824
0.587077
0.523417
0.519032
0.518122
0.527354
0.510677
0.518534
0.526573
0.490792
0.490022
0.579309
0.591139
0.59238
0.513991
0.608727
0.599239
0.516966
0.523338
0.526482
0.519057
0.523679
0.518043
0.524157
0.523942
0.525706
0.493137
0.517049
0.52781
0.53041
0.530887
0.525072
0.555439
0.558862
0.522221
0.528467
0.511664
0.542179
0.515328
0.542141
0.53893
0.557948
0.513943
0.509155
0.545986
0.543227
0.514533
0.501527
0.477155
0.489201
0.494787
0.497453
0.510064
0.522631
0.506458
0.507424
0.534009
0.518749
0.524894
0.518498
0.51697
0.527124
0.472107
0.524737
0.527229
0.52834
0.607125
0.584134
0.495176
0.529427
0.520074
0.482683
0.501803
0.526679
0.528737
0.508918
0.504908
0.48938
0.527549
0.501001
0.52042
0.520268
0.527142
0.485802
0.482384
0.517864
0.490121
0.548215
0.543192
0.519557
0.519292
0.486936
0.50568
0.527177
0.528022
0.518781
0.533611
0.513509
0.520599
0.508659
0.580236
0.509223
0.486349
0.496359
0.530932
0.510792
0.501481
0.541477
0.48361
0.496358
0.495929
0.553723
0.499196
0.606968
0.528808
0.51069
0.505989
0.501395
0.524967
0.518299
0.494219
0.506494
0.522098
0.568269
0.523317
0.483761
0.475717
0.484012
0.524986
0.533947
0.514879
0.511494
0.51905
0.549328
0.523098
0.523175
0.520465
0.534833
0.506705
0.520685
0.49957
0.529342
0.510459
0.508934
0.507845
0.532723
0.533679
0.526502
0.517068
0.515391
0.506056
0.579988
0.492781
0.513696
0.521589
0.529857
0.520766
0.53525
0.578163
0.553583
0.559235
0.518106
0.516981
0.517091
0.523451
0.507001
0.510292
0.517711
0.565606
0.518789
0.634221
0.591509
0.503562
0.600632
0.658852
0.532139
0.529312
0.496994
0.504772
0.519515
0.519451
0.524116
0.521315
0.517711
0.519566
0.517335
0.511466
0.520577
0.521402
0.523807
0.520451
0.506481
0.527236
0.522917
0.500532
0.507387
0.513559
0.526305
0.52642
0.515493
0.482114
0.490545
0.492783
0.562454
0.528975
0.527195
0.480477
0.486237
0.539023
0.53608
0.512101
0.577366
0.577022
0.597886
0.524855
0.503809
0.511652
0.534874
0.533583
0.509519
0.503635
0.489417
0.533134
0.60783
0.608241
0.500622
0.507801
0.509912
0.530834
0.530846
0.524698
0.531253
0.504709
0.624359
0.518554
0.524553
0.528027
0.540899
0.544539
0.544381
0.515029
0.515363
0.522143
0.520492
0.521442
0.516676
0.496451
0.495231
0.496237
0.588914
0.526556
0.520428
0.525537
0.514603
0.523225
0.519153
0.524561
0.525366
0.492771
0.516217
0.544681
0.54384
0.564521
0.531137
0.519588
0.530253
0.526918
0.494863
0.533091
0.584248
0.510457
0.52329
0.532795
0.51178
0.517223
0.574482
0.587926
0.593315
0.523926
0.498563
0.592632
0.587432
0.523726
0.503219
0.494277
0.489816
0.538432
0.573728
0.543287
0.601041
0.580662
0.538061
0.531286
0.519556
0.6054
0.625807
0.523306
0.613774
0.513648
0.521293
0.528667
0.506473
0.510129
0.520294
0.485681
0.500769
0.505232
0.529101
0.517147
0.501657
0.496569
0.501509
0.497767
0.566859
0.570169
0.554584
0.517128
0.519866
0.600342
0.592157
0.564672
0.506966
0.536976
0.514544
0.528555
0.503033
0.505224
0.541629
0.523667
0.522044
0.518768
0.539085
0.532728
0.495498
0.503016
0.519504
0.508289
0.49935
0.491298
0.528448
0.552545
0.541671
0.545892
0.502125
0.57083
0.544473
0.508363
0.48799
0.490566
0.498098
0.524958
0.49165
0.508972
0.492037
0.540106
0.529908
0.505736
0.496257
0.529467
0.531211
0.523409
0.474978
0.498167
0.488031
0.492824
0.521879
0.526324
0.525534
0.518072
0.527318
0.489231
0.495477
0.528358
0.525022
0.489942
0.523405
0.512582
0.505852
0.522269
0.570638
0.52553
0.509569
0.506832
0.540024
0.518837
0.489262
0.556279
0.556534
0.539545
0.518482
0.512448
0.528431
0.517331
0.518701
0.517234
0.529198
0.49441
0.567324
0.584366
0.587319
0.516971
0.521368
0.515466
0.518369
0.480887
0.518659
0.526311
0.524655
0.521859
0.497277
0.48356
0.477229
0.527833
0.524539
0.493026
0.489782
0.515121
0.54809
0.53955
0.535149
0.498206
0.492871
0.517659
0.517969
0.499996
0.476774
0.483631
0.47685
0.527918
0.531085
0.62182
0.580316
0.592008
0.608357
0.553459
0.595996
0.527343
0.511825
0.563982
0.503997
0.511226
0.507137
0.522208
0.519233
0.490333
0.517719
0.518826
0.524215
0.531702
0.531404
0.532932
0.511612
0.515307
0.519772
0.530983
0.526614
0.507277
0.526641
0.523341
0.580498
0.478856
0.608543
0.512374
0.520149
0.52681
0.518598
0.52318
0.524288
0.509549
0.50922
0.510987
0.504213
0.524515
0.541201
0.537882
0.524445
0.521073
0.529738
0.529185
0.526552
0.51134
0.496236
0.496138
0.51911
0.488996
0.491737
0.52504
0.527597
0.532866
0.637143
0.500285
0.520126
0.529332
0.597549
0.489676
0.500683
0.612946
0.603351
0.525584
0.528555
0.532957
0.598685
0.553672
0.514514
0.53351
0.517649
0.521644
0.521888
0.515378
0.521037
0.504924
0.601762
0.533253
0.520724
0.540869
0.54388
0.621223
0.666479
0.522934
0.551311
0.529966
0.652549
0.517354
0.534005
0.528908
0.514899
0.492438
0.490104
0.502536
0.487789
0.498621
0.494077
0.525881
0.514679
0.530029
0.529446
0.527418
0.586696
0.574915
0.528629
0.57266
0.571965
0.588578
0.51921
0.516711
0.515151
0.522926
0.574683
0.595619
0.570966
0.513027
0.525538
0.503323
0.487569
0.520046
0.527708
0.527637
0.522065
0.512322
0.609722
0.621061
0.482268
0.490023
0.512931
0.504528
0.538099
0.532401
0.522569
0.515908
0.56931
0.531368
0.519016
0.519355
0.523518
0.514124
0.513398
0.546433
0.533476
0.520714
0.515857
0.517758
0.521257
0.550178
0.514826
0.503809
0.50198
0.525813
0.513458
0.529994
0.520902
0.560408
0.552857
0.527129
0.492451
0.520112
0.515284
0.512825
0.528264
0.597344
0.496484
0.498505
0.497364
0.513001
0.51464
0.52269
0.522333
0.519888
0.495722
0.500188
0.523935
0.528385
0.508101
0.514801
0.522669
0.506957
0.5162
0.533735
0.512309
0.529637
0.530181
0.560803
0.521236
0.518202
0.521542
0.572201
0.487719
0.496525
0.501038
0.511801
0.49634
0.504974
0.52636
0.488422
0.519079
0.508094
0.50612
0.483224
0.493624
0.484141
0.518551
0.56933
0.49035
0.515923
0.529763
0.521268
0.518473
0.525169
0.523462
0.53672
0.521408
0.525214
0.516576
0.534284
0.63131
0.542911
0.536685
0.51693
0.519959
0.517559
0.471292
0.515309
0.51588
0.517216
0.561441
0.472073
0.487671
0.472758
0.486924
0.497653
0.489532
0.521217
0.492221
0.494872
0.546723
0.493293
0.522676
0.517556
0.5899
0.498538
0.543646
0.515517
0.562351
0.497115
0.52626
0.541456
0.499717
0.50213
0.518868
0.589976
0.494265
0.499806
0.495421
0.517744
0.597215
0.516236
0.486837
0.524778
0.529288
0.512479
0.606605
0.497503
0.526612
0.512167
0.50741
0.518882
0.478108
0.527046
0.522734
0.518763
0.524726
0.525861
0.495647
0.52373
0.519556
0.528293
0.549752
0.559716
0.524941
0.523658
0.512613
0.507604
0.520014
0.523735
0.517259
0.588378
0.575581
0.517238
0.57916
0.592467
0.503115
0.502604
0.502688
0.518698
0.524451
0.604989
0.587628
0.48883
0.519272
0.525456
0.51495
0.517612
0.528566
0.624399
0.503002
0.501481
0.518033
0.485715
0.523752
0.496788
0.519352
0.532558
0.532481
0.511175
0.51418
0.519813
0.509742
0.524208
0.509032
0.529797
0.525482
0.486242
0.544761
0.519835
0.502142
0.521482
0.481825
0.516692
0.51589
0.517289
0.492778
0.519778
0.486864
0.529214
0.516137
0.496103
0.500865
0.480233
0.486147
0.477627
0.531867
0.518371
0.528831
0.527193
0.608223
0.516147
0.532992
0.505889
0.508201
0.590889
0.519428
0.483932
0.534321
0.476317
0.516944
0.516687
0.520986
0.519317
0.49149
0.548987
0.509588
0.486601
0.523234
0.654536
0.527171
0.623644
0.521558
0.501648
0.523502
0.523516
0.493419
0.578745
0.504402
0.524509
0.538952
0.523145
0.541689
0.531133
0.493744
0.494922
0.520153
0.588133
0.507951
0.52339
0.507828
0.503315
0.607223
0.550786
0.564342
0.593577
0.513779
0.526434
0.522174
0.567086
0.595698
0.52713
0.517975
0.519668
0.550792
0.502827
0.491681
0.48772
0.50831
0.577039
0.532233
0.500715
0.52767
0.524148
0.524585
0.519017
0.534563
0.524208
0.559419
0.49037
0.502264
0.52022
0.519656
0.523085
0.499716
0.503555
0.509348
0.489222
0.520968
0.631097
0.502607
0.500798
0.523549
0.504035
0.570846
0.524352
0.493891
0.498133
0.494399
0.601491
0.488244
0.53225
0.513683
0.582436
0.522053
0.507187
0.526879
0.531438
0.524002
0.603114
0.566864
0.500461
0.497681
0.524375
0.524467
0.522781
0.573356
0.594787
0.48858
0.502331
0.533479
0.552991
0.523878
0.474095
0.531477
0.497232
0.587282
0.515241
0.535601
0.50496
0.51545
0.489172
0.492532
0.512084
0.573941
0.526428
0.528136
0.501539
0.526515
0.492298
0.523558
0.516291
0.575565
0.502901
0.518495
0.593902
0.517032
0.524049
0.581803
0.528012
0.523158
0.530076
0.493391
0.496248
0.624489
0.522617
0.525507
0.511285
0.481271
0.490448
0.478916
0.603712
0.488824
0.526813
0.472772
0.497923
0.526767
0.516653
0.533105
0.522411
0.586749
0.521872
0.521417
0.501305
0.518821
0.518312
0.522507
0.525258
0.577102
0.528084
0.528344
0.514592
0.520636
0.520102
0.517789
0.524775
0.58331
0.575127
0.48648
0.507211
0.487326
0.495795
0.511612
0.516288
0.525579
0.492479
0.534141
0.520996
0.495013
0.516838
0.515555
0.507355
0.536701
0.655483
0.533058
0.475474
0.531113
0.527401
0.534206
0.502482
0.528916
0.532878
0.491262
0.542357
0.511538
0.525592
0.524593
0.522096
0.544922
0.519465
0.522405
0.53633
0.536749
0.530457
0.518622
0.49997
0.524151
0.535012
0.520085
0.52265
0.530678
0.482906
0.596029
0.485976
0.465221
0.544627
0.499372
0.522226
0.520973
0.518064
0.522707
0.53029
0.507837
0.525485
0.515684
0.528429
0.508369
0.524356
0.501416
0.522077
0.523925
0.4979
0.524201
0.550059
0.516358
0.523395
0.534561
0.535169
0.589959
0.50211
0.534765
0.534343
0.534776
0.504708
0.504478
0.495659
0.513984
0.506921
0.612811
0.526859
0.526016
0.527448
0.520976
0.519063
0.532537
0.61568
0.618595
0.514786
0.511814
0.588646
0.508639
0.516194
0.541828
0.504894
0.519597
0.53123
0.51589
0.529182
0.514622
0.509693
0.525679
0.515694
0.539043
0.53942
0.528728
0.597063
0.502666
0.525711
0.513863
0.517447
0.522086
0.533335
0.526603
0.519428
0.516122
0.486822
0.515751
0.526724
0.502345
0.52737
0.505434
0.540313
0.536713
0.542206
0.527005
0.528148
0.521956
0.497021
0.574769
0.570503
0.502541
0.517961
0.510462
0.523996
0.518388
0.507462
0.495251
0.51314
0.519099
0.521005
0.523592
0.526456
0.513437
0.522468
0.525012
0.515056
0.5238
0.515986
0.543522
0.49774
0.526032
0.50752
0.573752
0.527287
0.496282
0.533561
0.521551
0.523994
0.515568
0.529594
0.533413
0.539026
0.545917
0.52586
0.528575
0.529139
0.569181
0.514607
0.524538
0.523495
0.524688
0.505936
0.53616
0.566067
0.519055
0.516475
0.514535
0.549246
0.551586
0.512399
0.490321
0.511558
0.519149
0.505598
0.57802
0.527896
0.535247
0.497286
0.598906
0.597357
0.598837
0.58578
0.506079
0.510032
0.524586
0.528743
0.520677
0.501596
0.534958
0.509071
0.523156
0.517999
0.504376
0.512031
0.581112
0.574098
0.526922
0.509117
0.511495
0.517035
0.497747
0.524745
0.514152
0.56362
0.504365
0.519417
0.494619
0.495928
0.525029
0.518926
0.521557
0.495756
0.495953
0.50171
0.541869
0.519806
0.521486
0.556906
0.547269
0.542741
0.511785
0.509135
0.578916
0.509908
0.503028
0.541762
0.5201
0.526267
0.514899
0.607635
0.524161
0.58058
0.605419
0.499421
0.503006
0.564539
0.492563
0.494452
0.49432
0.529569
0.505198
0.52937
0.529696
0.504455
0.503497
0.52725
0.52166
0.498331
0.503656
0.564371
0.520112
0.509919
0.549863
0.525075
0.521931
0.527703
0.518192
0.500088
0.495915
0.499852
0.503861
0.515886
0.534752
0.511879
0.501941
0.506893
0.495749
0.531538
0.542731
0.534971
0.536208
0.519945
0.522329
0.527337
0.518146
0.53348
0.530715
0.534632
0.528831
0.591273
0.515263
0.522115
0.516049
0.527111
0.518003
0.51915
0.587194
0.523437
0.495544
0.502895
0.519326
0.495623
0.605575
0.582989
0.511083
0.507206
0.516472
0.515969
0.505213
0.527876
0.525153
0.515906
0.587804
0.506715
0.517318
0.564929
0.531976
0.507351
0.501479
0.515806
0.522364
0.514061
0.521352
0.518553
0.522637
0.554649
0.516346
0.503239
0.49238
0.526454
0.516166
0.517728
0.516963
0.505536
0.595379
0.511294
0.508985
0.509696
0.491291
0.502328
0.507688
0.537055
0.528652
0.573314
0.532089
0.54192
0.49699
0.517958
0.516615
0.523227
0.545449
0.559223
0.510034
0.50188
0.510067
0.540593
0.503215
0.508812
0.506306
0.525921
0.519261
0.518147
0.52013
0.503665
0.512199
0.510785
0.510588
0.506471
0.516092
0.545635
0.521059
0.567391
0.50412
0.505933
0.489796
0.56339
0.532156
0.498777
0.502554
0.528193
0.539976
0.498038
0.573892
0.587547
0.583818
0.613464
0.525337
0.517161
0.518127
0.525731
0.504252
0.495999
0.502905
0.530297
0.555627
0.518176
0.528673
0.614627
0.553478
0.510658
0.519999
0.494674
0.521747
0.510638
0.51127
0.512588
0.514419
0.500975
0.505239
0.516814
0.532077
0.4901
0.491893
0.5225
0.624714
0.490564
0.507884
0.529777
0.521916
0.591007
0.511027
0.504619
0.514496
0.508864
0.524525
0.574887
0.570345
0.520767
0.502517
0.506682
0.508593
0.503361
0.550967
0.502174
0.531267
0.508995
0.506585
0.490649
0.595156
0.499413
0.589881
0.573769
0.499539
0.520165
0.521218
0.529616
0.526401
0.535236
0.515095
0.519042
0.525738
0.553205
0.500676
0.505839
0.492412
0.520704
0.491746
0.494057
0.520091
0.569081
0.51634
0.51519
0.523388
0.587662
0.547007
0.51091
0.504477
0.531329
0.522329
0.546802
0.486902
0.577079
0.529484
0.598247
0.496419
0.50466
0.516981
0.506374
0.509496
0.526228
0.51978
0.607974
0.528085
0.596975
0.502581
0.521842
0.504181
0.507976
0.514255
0.610221
0.484437
0.529363
0.533653
0.523542
0.52366
0.511608
0.511514
0.488897
0.512188
0.588096
0.522724
0.490661
0.51413
0.520849
0.597664
0.526213
0.521001
0.49216
0.513824
0.584438
0.523661
0.582938
0.51515
0.531635
0.57569
0.497194
0.610653
0.485649
0.534286
0.516043
0.583342
0.516128
0.621779
0.520906
0.535319
0.502991
0.527822
0.528987
0.534024
0.509469
0.536366
0.527832
0.504081
0.60862
0.504988
0.507917
0.528207
0.518275
0.504835
0.521635
0.527479
0.521975
0.512375
0.517665
0.485204
0.530318
0.514672
0.525699
0.515827
0.509242
0.518557
0.529192
0.523676
0.504995
0.488726
0.514881
0.545918
0.519383
0.510626
0.612643
0.510956
0.531971
0.504793
0.533262
0.504159
0.489202
0.532744
0.52733
0.500408
0.505863
0.526015
0.528071
0.51506
0.478773
0.531648
0.528642
0.515105
0.529796
0.515999
0.523347
0.54739
0.522895
0.519822
0.539233
0.523524
0.497024
0.505198
0.504715
0.525927
0.603276
0.531332
0.516834
0.514601
0.489949
0.605971
0.508208
0.489567
0.519344
0.491238
0.583613
0.527297
0.523725
0.508839
0.528401
0.523192
0.509172
0.496325
0.52097
0.52528
0.532647
0.513835
0.525269
0.534561
0.523359
0.567675
0.516664
0.51129
0.528046
0.5028
0.504553
0.522465
0.499242
0.522898
0.512582
0.516949
0.485162
0.51829
0.520387
0.601362
0.622951
0.527586
0.493286
0.522256
0.521284
0.505643
0.513338
0.524212
0.591778
0.519828
0.525199
0.511954
0.496922
0.519912
0.586235
0.514389
0.560994
0.505008
0.518319
0.513838
0.531908
0.522714
0.497275
0.509906
0.503939
0.502664
0.516985
0.523972
0.516991
0.52248
0.506071
0.530245
0.586098
0.506555
0.543937
0.517406
0.601191
0.498605
0.520386
0.548451
0.570825
0.487319
0.595236
0.574006
0.606113
0.481182
0.519299
0.489453
0.516049
0.535406
0.517834
0.530465
0.513224
0.520329
0.501683
0.520201
0.501185
0.513769
0.579872
0.575432
0.51791
0.555327
0.493295
0.51929
0.523251
0.519896
0.511736
0.517261
0.533048
0.50144
0.514751
0.508239
0.625382
0.502438
0.483997
0.497942
0.534987
0.524173
0.519381
0.523158
0.514573
0.517809
0.571795
0.519303
0.528849
0.571133
0.495198
0.520076
0.518278
0.536627
0.522796
0.540869
0.525319
0.530661
0.513672
0.535267
0.590959
0.498795
0.532795
0.544787
0.518466
0.507419
0.530384
0.512761
