0.499158
0.494079
0.500462
0.489856
0.489762
0.507688
0.507999
0.50793
0.53336
0.533755
0.548058
0.569604
0.506744
0.502179
0.513941
0.510004
0.519552
0.519684
0.521596
0.500937
0.525469
0.532319
0.515757
0.518375
0.519104
0.513055
0.514205
0.489699
0.534093
0.532701
0.508182
0.49719
0.530799
0.529199
0.529372
0.491565
0.48702
0.569538
0.592416
0.577756
0.500873
0.514761
0.504816
0.476865
0.490718
0.490681
0.530397
0.529984
0.544087
0.519715
0.51972
0.537715
0.530462
0.537242
0.528013
0.535428
0.533293
0.530674
0.498752
0.499775
0.499821
0.534961
0.538047
0.528108
0.508411
0.511223
0.52705
0.526206
0.527194
0.512457
0.520784
0.522667
0.518801
0.513736
0.51554
0.515124
0.520011
0.522642
0.517569
0.515423
0.516051
0.49084
0.505637
0.503598
0.500858
0.51847
0.516525
0.523719
0.526323
0.517271
0.517678
0.532121
0.53817
0.531922
0.527549
0.524097
0.524244
0.512091
0.523441
0.525233
0.49475
0.494609
0.53024
0.524155
0.523764
0.528079
0.525846
0.564201
0.556861
0.515181
0.526989
0.517392
0.522967
0.529486
0.54582
0.536956
0.490509
0.492776
0.503351
0.529296
0.528171
0.530893
0.515483
0.514062
0.519006
0.514742
0.531857
0.528876
0.516345
0.524576
0.490298
0.505992
0.495162
0.525073
0.525634
0.528726
0.529215
0.529231
0.519974
0.520358
0.488286
0.492457
0.589716
0.485923
0.537779
0.524259
0.529561
0.528331
0.527505
0.51595
0.506752
0.632801
0.630379
0.499129
0.49191
0.519741
0.519956
0.488409
0.517981
0.522717
0.519558
0.486075
0.501353
0.500211
0.492068
0.513818
0.531772
0.538734
0.603968
0.530318
0.515162
0.498902
0.49402
0.504765
0.513178
0.538093
0.534793
0.523439
0.526725
0.526415
0.526667
0.528112
0.593449
0.618531
0.528382
0.527708
0.52474
0.525551
0.52168
0.511393
0.515968
0.535503
0.527981
0.516581
0.517152
0.515646
0.527638
0.543686
0.532637
0.533466
0.529497
0.50026
0.599697
0.528962
0.521529
0.519337
0.510677
0.510614
0.526624
0.530017
0.502265
0.517699
0.505979
0.507029
0.516353
0.513052
0.515439
0.515831
0.530716
0.526942
0.50873
0.515548
0.526421
0.523558
0.516913
0.527642
0.590078
0.603568
0.599177
0.499377
0.512549
0.516198
0.508951
0.511936
0.488114
0.526294
0.522071
0.561009
0.609812
0.527471
0.525315
0.524901
0.596033
0.637572
0.617136
0.568934
0.581092
0.490742
0.528525
0.533059
0.494634
0.496783
0.523521
0.632389
0.648922
0.586662
0.526473
0.538005
0.513896
0.507064
0.510168
0.510383
0.510105
0.555179
0.493916
0.520871
0.529237
0.524331
0.519944
0.518104
0.524606
0.507392
0.515916
0.572258
0.600335
0.523656
0.530408
0.5244
0.525102
0.52582
0.512274
0.516856
0.528713
0.526912
0.536614
0.517908
0.522166
0.481778
0.49445
0.498995
0.523883
0.508
0.502992
0.480443
0.522252
0.516819
0.526501
0.520301
0.52102
0.523344
0.525336
0.529794
0.529793
0.528616
0.531175
0.524168
0.579152
0.502013
0.494534
0.495882
0.503974
0.625624
0.638939
0.509086
0.514126
0.509816
0.573979
0.60031
0.588402
0.599019
0.558318
0.553027
0.546859
0.51614
0.539329
0.542647
0.544302
0.587051
0.508428
0.506067
0.579081
0.5712
0.549932
0.54681
0.481388
0.485636
0.529478
0.531174
0.5175
0.514926
0.519761
0.497325
0.507579
0.508725
0.521984
0.51924
0.518032
0.518405
0.515279
0.514537
0.489875
0.570798
0.546777
0.567
0.542379
0.529513
0.526524
0.524922
0.519669
0.520518
0.536081
0.488041
0.497193
0.51396
0.504886
0.515491
0.527963
0.523657
0.575832
0.558163
0.494677
0.528324
0.53268
0.485866
0.479435
0.501009
0.502288
0.512396
0.504552
0.567667
0.567809
0.527016
0.530392
0.521067
0.522484
0.483963
0.491781
0.556537
0.496105
0.503308
0.610885
0.569403
0.622345
0.519849
0.520223
0.51956
0.496148
0.500829
0.506757
0.519314
0.52505
0.523405
0.520207
0.512096
0.510675
0.520962
0.488718
0.492978
0.544683
0.53086
0.522265
0.525984
0.52033
0.529022
0.520896
0.528511
0.527662
0.626941
0.520169
0.504214
0.5065
0.505446
0.512366
0.505443
0.518821
0.525768
0.538229
0.533273
0.537482
0.505503
0.491305
0.495887
0.495511
0.593712
0.531164
0.527973
0.519898
0.49867
0.537033
0.533619
0.528262
0.520739
0.563923
0.554408
0.484782
0.505126
0.506686
0.514514
0.494511
0.500398
0.506857
0.508468
0.50865
0.508178
0.547085
0.542336
0.543426
0.550692
0.506673
0.505696
0.472331
0.517427
0.524709
0.52381
0.521513
0.507208
0.495689
0.528655
0.528316
0.532976
0.517248
0.521668
0.587527
0.499448
0.509116
0.517734
0.526277
0.533947
0.529409
0.531511
0.536569
0.529024
0.52532
0.52458
0.520682
0.517732
0.494085
0.513249
0.510348
0.532662
0.528078
0.59171
0.591014
0.52047
0.52106
0.527702
0.527569
0.516434
0.515542
0.496215
0.507881
0.493155
0.523702
0.521871
0.498518
0.496354
0.536703
0.53161
0.52806
0.53291
0.504954
0.51136
0.590676
0.563237
0.522674
0.513309
0.517762
0.516182
0.510489
0.527486
0.487839
0.52801
0.517601
0.510878
0.504542
0.526114
0.528816
0.518108
0.540977
0.54363
0.527545
0.52781
0.518867
0.521677
0.515073
0.509791
0.517154
0.489049
0.490383
0.498222
0.542642
0.548007
0.503439
0.517217
0.515559
0.502872
0.604529
0.500988
0.497662
0.489349
0.487941
0.517607
0.516865
0.483622
0.483095
0.482564
0.514851
0.533195
0.539286
0.531363
0.58959
0.524618
0.507103
0.506724
0.508971
0.519814
0.525807
0.521047
0.524754
0.512722
0.518638
0.531684
0.520865
0.530762
0.517995
0.514152
0.504699
0.517237
0.510043
0.530324
0.649734
0.565526
0.495259
0.48992
0.594449
0.57545
0.540677
0.533253
0.523076
0.518543
0.518711
0.511859
0.529489
0.498512
0.497101
0.506543
0.52099
0.518353
0.514518
0.536889
0.519023
0.507696
0.535286
0.555163
0.498786
0.492615
0.495439
0.57794
0.54137
0.535582
0.546199
0.540535
0.539395
0.534309
0.501412
0.519981
0.520265
0.483624
0.53633
0.528842
0.531726
0.498386
0.49991
0.525642
0.532365
0.524739
0.49018
0.600927
0.586482
0.516545
0.522658
0.500156
0.640813
0.618515
0.6102
0.509105
0.521325
0.52248
0.522078
0.517137
0.50469
0.513582
0.518557
0.516855
0.530472
0.504785
0.510538
0.5238
0.518728
0.564942
0.601168
0.618779
0.525883
0.504997
0.499836
0.499266
0.586627
0.561345
0.556998
0.506589
0.50817
0.529767
0.5305
0.530155
0.500759
0.514882
0.511183
0.521881
0.523741
0.525427
0.524359
0.543027
0.539655
0.520975
0.512168
0.517254
0.514701
0.511703
0.520176
0.525009
0.520045
0.509687
0.508892
0.529289
0.483018
0.560728
0.511526
0.509385
0.522534
0.513461
0.505476
0.536621
0.542941
0.515254
0.522335
0.519391
0.522173
0.516053
0.497604
0.513655
0.5188
0.528869
0.490368
0.519956
0.525502
0.540579
0.52753
0.522649
0.520168
0.521337
0.522153
0.507248
0.51248
0.484694
0.517005
0.629647
0.526933
0.517687
0.506353
0.584326
0.51684
0.52801
0.509405
0.52235
0.514085
0.522116
0.519774
0.526212
0.524514
0.545157
0.534826
0.507264
0.513814
0.507084
0.50816
0.51607
0.511975
0.534907
0.533652
0.532202
0.534662
0.52811
0.530771
0.527334
0.523117
0.523483
0.521736
0.561509
0.558621
0.49913
0.500317
0.511575
0.4963
0.500596
0.507934
0.506498
0.5371
0.524997
0.478485
0.524284
0.496119
0.619405
0.607642
0.489646
0.505957
0.508872
0.522977
0.526082
0.526883
0.622038
0.532675
0.531468
0.520291
0.511164
0.515593
0.52022
0.521705
0.527089
0.529538
0.521284
0.483344
0.535009
0.535352
0.570946
0.571514
0.575317
0.486885
0.511121
0.648386
0.637074
0.621023
0.496412
0.499233
0.527439
0.518389
0.502204
0.517528
0.636806
0.628812
0.524994
0.524044
0.599842
0.512067
0.524323
0.506668
0.502992
0.527858
0.53117
0.478967
0.544373
0.539223
0.521967
0.523603
0.535211
0.514861
0.520853
0.520368
0.521299
0.52304
0.521961
0.527663
0.529146
0.521692
0.535657
0.514805
0.537929
0.506844
0.533534
0.52969
0.576842
0.562467
0.572162
0.60427
0.6064
0.529123
0.52889
0.517444
0.516774
0.514289
0.50831
0.518793
0.594709
0.616452
0.578912
0.594994
0.634372
0.614884
0.571741
0.533267
0.528832
0.515381
0.519581
0.51888
0.520174
0.52135
0.522614
0.537179
0.538429
0.528502
0.525612
0.491273
0.503282
0.496043
0.521224
0.543967
0.518867
0.492245
0.49782
0.525201
0.521242
0.490763
0.490083
0.493154
0.611894
0.49042
0.530651
0.531894
0.511489
0.552455
0.54449
0.480744
0.48978
0.514947
0.513481
0.538595
0.543367
0.526393
0.531915
0.524306
0.580971
0.518817
0.53648
0.52313
0.527384
0.523185
0.528511
0.518617
0.518021
0.476468
0.528514
0.606606
0.619755
0.638717
0.481262
0.490054
0.533654
0.499095
0.497122
0.530351
0.508565
0.524683
0.523963
0.496654
0.519617
0.523586
0.533402
0.532589
0.511151
0.490946
0.613458
0.519396
0.531795
0.534561
0.513507
0.505912
0.517154
0.514468
0.518805
0.581098
0.528485
0.506339
0.487278
0.510295
0.63492
0.616682
0.49509
0.499406
0.485298
0.502434
0.539961
0.513984
0.539723
0.527086
0.51767
0.511822
0.549512
0.559739
0.495686
0.527057
0.522496
0.503252
0.500034
0.590361
0.570397
0.58858
0.5319
0.503068
0.498517
0.520312
0.507955
0.510873
0.539648
0.57002
0.529791
0.490337
0.517029
0.50993
0.50785
0.54078
0.518466
0.516977
0.511254
0.529945
0.527574
0.525102
0.529099
0.53331
0.589165
0.596656
0.62812
0.604961
0.539091
0.536318
0.524114
0.519744
0.498124
0.505258
0.612427
0.598489
0.510278
0.510992
0.507905
0.520355
0.513675
0.533551
0.53215
0.518869
0.50402
0.49531
0.50834
0.53243
0.582757
0.586715
0.515965
0.515444
0.61799
0.517008
0.529154
0.520881
0.523058
0.518846
0.591234
0.504008
0.577753
0.640979
0.622798
0.531073
0.529307
0.523321
0.522985
0.501121
0.517699
0.519771
0.500997
0.517368
0.523309
0.50359
0.521966
0.509459
0.518354
0.526351
0.512846
0.548702
0.525621
0.524983
0.487646
0.512598
0.487204
0.520675
0.538461
0.527958
0.572184
0.61567
0.488906
0.52627
0.529444
0.520206
0.5335
0.533608
0.526937
0.532997
0.506382
0.507077
0.487313
0.553303
0.582186
0.498719
0.530716
0.533691
0.493364
0.532806
0.522187
0.502512
0.519662
0.523168
0.525081
0.533141
0.533287
0.53317
0.536882
0.591488
0.642924
0.51881
0.521939
0.503205
0.494659
0.493701
0.512705
0.533539
0.513543
0.522286
0.521835
0.512951
0.510133
0.542692
0.544124
0.529537
0.520867
0.522504
0.51167
0.499339
0.532262
0.506427
0.608605
0.510742
0.508245
0.508794
0.503377
0.52061
0.579617
0.526333
0.48333
0.492379
0.517477
0.526399
0.492318
0.539813
0.526999
0.505178
0.535734
0.512794
0.554214
0.545081
0.545014
0.554799
0.52156
0.543394
0.536373
0.582047
0.517287
0.529187
0.518283
0.514043
0.528263
0.499478
0.505581
0.520175
0.496076
0.505624
0.502343
0.531371
0.52519
0.497788
0.519045
0.518666
0.517383
0.546934
0.558605
0.532212
0.527395
0.53771
0.509659
0.525035
0.517422
0.555426
0.52571
0.52193
0.517776
0.535465
0.517573
0.524142
0.48433
0.510966
0.519087
0.514491
0.52696
0.551507
0.55028
0.503805
0.534503
0.602446
0.521736
0.512055
0.488831
0.496645
0.493958
0.489172
0.521089
0.523996
0.489745
0.574198
0.573481
0.486546
0.476807
0.488077
0.53038
0.532145
0.525585
0.520986
0.526117
0.520038
0.504801
0.513093
0.484245
0.525213
0.522909
0.523917
0.482887
0.488059
0.49257
0.493563
0.52126
0.526304
0.656548
0.526197
0.598221
0.50831
0.513433
0.51747
0.522785
0.524928
0.547803
0.529508
0.526201
0.531181
0.530212
0.519418
0.53678
0.517084
0.512956
0.57932
0.622253
0.486518
0.478151
0.480163
0.557713
0.568978
0.501169
0.525222
0.64529
0.506697
0.519348
0.520695
0.532229
0.517144
0.517848
0.532483
0.495898
0.588566
0.50639
0.479525
0.50026
0.504601
0.502306
0.500618
0.602312
0.502419
0.482992
0.525286
0.524107
0.49264
0.525154
0.510673
0.513132
0.521062
0.529021
0.523057
0.547897
0.570729
0.540057
0.536284
0.498147
0.490053
0.498933
0.526151
0.520498
0.507352
0.478254
0.561494
0.517227
0.529969
0.534047
0.523698
0.553054
0.535699
0.52951
0.602288
0.52488
0.51795
0.574554
0.508221
0.515327
0.518104
0.530709
0.492326
0.533399
0.507373
0.510937
0.491533
0.526096
0.527004
0.642987
0.50644
0.528565
0.529406
0.525429
0.507919
0.502327
0.476723
0.525615
0.51661
0.508295
0.510646
0.524061
0.531859
0.50264
0.50492
0.508531
0.525509
0.536345
0.52586
0.530963
0.53252
0.525087
0.512602
0.598698
0.609826
0.522569
0.490562
0.631274
0.533474
0.636428
0.526492
0.534088
0.507984
0.533067
0.566815
0.537728
0.536691
0.521231
0.503327
0.486388
0.633078
0.526534
0.587438
0.600671
0.523918
0.632568
0.563801
0.610303
0.543083
0.536412
0.515955
0.513797
0.518459
0.520779
0.519946
0.585129
0.506945
0.512595
0.5222
0.524805
0.499264
0.536083
0.532529
0.537019
0.599226
0.527389
0.553562
0.527649
0.569354
0.518975
0.519613
0.534115
0.507189
0.526649
0.486254
0.491731
0.486071
0.515086
0.519858
0.500699
0.496828
0.489348
0.52941
0.573316
0.51678
0.493618
0.533328
0.537379
0.485312
0.486261
0.594744
0.56588
0.593408
0.585712
0.583521
0.522143
0.492651
0.572946
0.561151
0.528039
0.525463
0.504439
0.494471
0.480982
0.516971
0.529433
0.515877
0.523422
0.526918
0.495232
0.53914
0.525219
0.515224
0.519148
0.532398
0.564961
0.504083
0.530486
0.524455
0.527433
0.583689
0.522584
0.51688
0.518813
0.521476
0.521661
0.515935
0.514044
0.520286
0.56263
0.510795
0.4957
0.49403
0.470174
0.478884
0.492423
0.566527
0.512533
0.482553
0.487072
0.594819
0.523851
0.515112
0.521385
0.533299
0.509677
0.522062
0.524693
0.653218
0.638924
0.5203
0.519409
0.504251
0.528332
0.523122
0.519465
0.524528
0.52941
0.493391
0.497378
0.526395
0.510775
0.548864
0.560581
0.529104
0.518205
0.5268
0.505333
0.494911
0.513939
0.518234
0.519277
0.527721
0.482566
0.493964
0.493485
0.59725
0.508625
0.495946
0.496149
0.488924
0.502114
0.486445
0.492506
0.486106
0.540892
0.543468
0.517089
0.539731
0.482363
0.485327
0.498623
0.522298
0.502323
0.483798
0.509142
0.522091
0.522306
0.523501
0.521477
0.520454
0.519297
0.490184
0.494689
0.518201
0.519715
0.520259
0.470916
0.533165
0.522485
0.536557
0.525381
0.601882
0.537373
0.521875
0.521577
0.510353
0.465515
0.516338
0.551483
0.474636
0.481998
0.520611
0.516368
0.513614
0.536247
0.525475
0.504872
0.577636
0.485629
0.524743
0.587318
0.542013
0.517784
0.529492
0.514168
0.527649
0.516443
0.573775
0.489825
0.549884
0.517946
0.514794
0.536471
0.511447
0.517723
0.504717
0.520206
0.524516
0.492548
0.487962
0.492866
0.594634
0.511766
0.588042
0.51429
0.534097
0.529014
0.495906
0.519683
0.609627
0.524984
0.523774
0.481499
0.522337
0.521166
0.526506
0.517334
0.498141
0.522347
0.52237
0.524883
0.492268
0.53561
0.521147
0.522395
0.525761
0.488511
0.509796
0.524093
0.52722
0.494964
0.496897
0.513569
0.597703
0.519278
0.51819
0.523455
0.505269
0.501123
0.518038
0.52332
0.491891
0.522052
0.488215
0.48919
0.523571
0.50238
0.514648
0.513084
0.530181
0.506505
0.520752
0.517564
0.504995
0.519544
0.563059
0.575857
0.497275
0.518387
0.520737
0.529366
0.528585
0.499892
0.521753
0.52475
0.538434
0.616546
0.512736
0.489347
0.578835
0.531923
0.516548
0.468582
0.521251
0.525319
0.525355
0.516038
0.484431
0.501772
0.49804
0.499086
0.525205
0.503172
0.520086
0.52789
0.527417
0.528238
0.606873
0.517634
0.497202
0.53481
0.534925
0.518308
0.512016
0.489028
0.516287
0.516281
0.525425
0.527198
0.555664
0.554578
0.60004
0.497966
0.634688
0.516761
0.589781
0.515781
0.501114
0.490025
0.521474
0.513542
0.519163
0.538731
0.529424
0.532475
0.52319
0.525416
0.548958
0.531396
0.513575
0.50519
0.504915
0.560254
0.571698
0.567294
0.506068
0.49778
0.526264
0.590372
0.575067
0.519689
0.568149
0.494768
0.568507
0.568573
0.605167
0.528615
0.514099
0.577208
0.516042
0.543107
0.502403
0.525339
0.513766
0.572312
0.560483
0.597329
0.519703
0.521019
0.482716
0.4697
0.516588
0.586493
0.522493
0.535061
0.506603
0.524987
0.568888
0.523909
0.493546
0.521343
0.515632
0.52299
0.506437
0.504654
0.535635
0.528078
0.578108
0.526857
0.531911
0.523564
0.485124
0.497521
0.581637
0.485211
0.626646
0.528711
0.543975
0.52628
0.564734
0.519101
0.527976
0.529258
0.528539
0.572196
0.531947
0.489139
0.531204
0.56157
0.584277
0.520763
0.490816
0.525661
0.515678
0.485152
0.496844
0.526599
0.528917
0.474206
0.516404
0.521245
0.522944
0.511862
0.601448
0.52973
0.496129
0.515972
0.529616
0.494224
0.518345
0.583357
0.500344
0.516934
0.505206
0.490844
0.523966
0.522364
0.527596
0.494226
0.499303
0.510347
0.526174
0.518578
0.52173
0.530242
0.531992
0.567499
0.510366
0.528962
0.519459
0.497185
0.581855
0.51195
0.521055
0.514089
0.530214
0.533894
0.529692
0.533399
0.515941
0.522187
0.526006
0.489576
0.509479
0.507938
0.535881
0.590556
0.531037
0.482439
0.508928
0.518817
0.5522
0.49025
0.510172
0.531545
0.494941
0.616287
0.524865
0.55776
0.510506
0.49982
0.533639
0.519209
0.516461
0.500374
0.515801
0.61179
0.490762
0.533745
0.467067
0.519146
0.528653
0.529685
0.533975
0.487156
0.509549
0.489188
0.531444
0.500718
0.63808
0.503725
0.529107
0.573478
0.553532
0.493309
0.515345
0.484748
0.526905
0.524787
0.53918
0.519951
0.533813
0.535731
0.525315
0.516356
0.502166
0.471505
0.517227
0.540259
0.522528
0.499689
0.54152
0.523241
0.565229
0.522192
0.508747
0.481813
0.535884
0.499239
0.531722
0.51854
0.518594
0.502213
0.527157
0.504015
0.534133
0.534476
0.533273
0.531564
0.529477
0.531413
0.536837
0.523645
0.519603
0.494099
0.504613
0.523459
0.527433
0.518717
0.504306
0.497126
0.525353
0.522198
0.526237
0.524214
0.516935
0.609021
0.529966
0.516838
0.521345
0.504374
0.518676
0.514174
0.515423
0.485895
0.484326
0.500849
0.528883
0.509677
0.570721
0.497314
0.506903
0.509987
0.54352
0.555698
0.525828
0.524949
0.523382
0.512382
0.534572
0.490024
0.509999
0.520913
0.497552
0.522258
0.524044
0.521325
0.506428
0.492134
0.537445
0.536305
0.535434
0.530291
0.518204
0.561902
0.520834
0.523304
0.500578
0.50181
0.505996
0.505171
0.530215
0.529059
0.517818
0.510768
0.514958
0.516571
0.525237
0.516165
0.529212
0.526304
0.52038
0.518631
0.527297
0.521472
0.537149
0.501042
0.512505
0.507006
0.513289
0.505237
0.507568
0.527631
0.537346
0.507553
0.529864
0.571975
0.511475
0.512663
0.524893
0.524357
0.511999
0.535463
0.529672
0.52884
0.514182
0.501448
0.494768
0.613655
0.508729
0.50379
0.564822
0.50402
0.50641
0.51615
0.508943
0.590544
0.506703
0.533371
0.528679
0.621355
0.509867
0.575644
0.528731
0.595377
0.527143
0.533952
0.503458
0.539299
0.517373
0.535431
0.51803
0.617661
0.501732
0.517789
0.524986
0.523054
0.503463
0.557415
0.538595
0.523711
0.51191
0.526043
0.522325
0.513375
0.512726
0.49159
0.498302
0.549682
0.509495
0.502425
0.511469
0.52283
0.518724
0.496515
0.520584
0.51955
0.545929
0.53581
0.49459
0.566795
0.50271
0.512311
0.534379
0.570258
0.509471
0.520039
0.533953
0.575462
0.586866
0.498369
0.605079
0.51764
0.520091
0.509646
0.500127
0.524913
0.513324
0.523902
0.516299
0.529388
0.515852
0.527103
0.532317
0.512234
0.550418
0.530936
0.519722
0.524208
0.494453
0.495529
0.496171
0.508167
0.57409
0.521951
0.506938
0.508579
0.520223
0.500391
0.516202
0.53345
0.521807
0.516789
0.524229
0.53187
0.534373
0.519014
0.53329
0.530182
0.531228
0.517633
0.531102
0.519742
0.613576
0.512429
0.618179
0.52988
0.598737
0.532815
0.523537
0.537082
0.552542
0.53257
0.533871
0.495404
0.520995
0.631439
0.508477
0.504573
0.498794
0.500057
0.517879
0.508451
0.525017
0.499254
0.525148
0.564452
0.515053
0.498933
0.52077
0.515216
0.50459
0.522613
0.503912
0.521758
0.529563
0.537764
0.513706
0.527292
0.508211
0.5284
0.499186
0.517892
0.531121
0.509508
0.516406
0.517235
0.559833
0.522035
0.525217
0.519731
0.507141
0.530091
0.523351
0.524557
0.53787
0.490451
0.53524
0.523118
0.533676
0.600191
0.528198
0.535159
0.527115
0.529598
0.568967
0.522084
0.528823
0.531926
0.568834
0.504278
0.5235
0.504062
0.517928
0.519885
0.510666
0.50132
0.506406
0.523772
0.518783
0.516072
0.501479
0.530504
0.532797
0.569507
0.501948
0.520466
0.498473
0.515862
0.538868
0.521609
0.525319
0.525306
0.494246
0.538906
0.511979
0.530182
0.512617
0.590671
0.592444
0.51876
0.525702
0.53703
0.501817
0.613277
0.520749
0.50881
0.527795
0.511243
0.538205
0.528337
0.516135
0.518729
0.529357
0.527363
0.583078
0.519415
0.523008
0.50556
0.537908
0.493716
0.524407
0.529786
0.522565
0.498124
0.517557
0.516641
0.524715
0.48773
0.515032
0.511326
0.52451
0.528047
0.498715
0.519037
0.520796
0.521995
0.534001
0.50228
0.582824
0.51958
0.521226
0.529138
0.513955
0.496331
0.508286
0.507546
0.617017
0.523029
0.580235
0.533009
0.504148
0.502006
0.49617
0.512069
0.493933
0.491685
0.516351
0.50229
0.491367
0.488401
0.508261
0.515217
0.600355
0.599567
0.611486
0.598918
0.495145
0.515565
0.517242
0.505692
0.583629
0.521177
0.52134
0.502651
0.496941
0.519527
0.556298
0.558951
0.526641
0.514617
0.505069
0.600097
0.518299
0.510779
0.510762
0.497731
0.527663
0.61219
0.525829
0.52197
0.523025
0.520362
0.529032
0.530191
0.528111
0.62387
0.573456
0.51789
0.502821
0.524922
0.523578
0.52849
0.519054
0.51581
0.517409
0.574668
0.530868
0.512902
0.597174
0.51836
0.493382
0.617333
0.520129
0.500157
0.512494
0.530896
0.511947
0.53587
0.56126
0.512793
0.50182
0.511652
0.522869
0.517534
0.510765
0.523987
0.518507
0.548173
0.518344
0.526783
0.514543
0.589363
0.515324
0.522
0.603613
0.52815
0.545505
0.573464
0.521414
0.553312
0.499968
0.509483
0.570704
0.483522
0.527983
0.523687
0.491828
0.492153
0.533187
0.560487
0.523134
0.529904
0.517699
0.513791
0.552437
0.536255
0.512634
0.509203
0.521163
0.500375
0.510004
0.502428
0.547812
0.510898
0.532188
0.56573
0.500888
0.512517
0.502282
0.508538
0.599041
0.514317
0.513067
0.5081
0.504214
0.513779
0.504405
0.517678
0.522321
0.535346
0.556368
0.512739
0.545218
0.524082
0.51691
0.522686
0.516144
0.538802
0.526269
0.508709
0.509322
0.500049
0.590081
0.506315
0.521644
0.519014
0.499767
0.521632
0.497127
0.502094
0.49852
0.524435
0.49709
0.607964
0.591039
0.526834
0.516201
0.51265
0.563594
0.516389
0.519685
0.516837
0.524624
0.57909
0.5455
0.522489
0.545432
0.597166
0.507186
0.525369
0.502081
0.512593
0.532254
0.583589
0.531568
0.518701
0.600332
0.521365
0.47877
0.529395
0.489543
0.502715
0.526687
0.504032
0.503662
0.519617
0.576657
0.523778
0.51553
0.52207
0.53708
0.520245
0.531812
0.510577
0.5305
0.56018
0.511569
0.521411
0.490719
0.517185
0.616031
0.532574
0.526314
0.51738
0.620784
0.53055
0.546058
0.531081
0.524546
0.505787
0.610274
0.503071
0.508559
0.493167
0.591483
0.519275
0.618681
0.548459
0.631065
0.591398
0.480306
0.637205
0.523437
0.517944
0.488658
0.531813
0.502683
0.501256
0.511716
0.540302
0.527593
0.538556
0.509113
0.520581
0.516026
0.500237
0.533362
0.596601
0.514316
0.501289
0.503619
0.505185
0.494565
0.516365
0.488534
0.506685
0.5102
0.511907
0.603762
0.49793
0.555897
0.604685
0.52598
0.502551
0.499808
0.622982
0.500986
0.494534
0.524988
0.56874
0.559774
0.529776
0.530248
0.526216
0.49923
0.497717
0.518877
0.490065
0.528556
0.632363
0.547452
0.521025
0.574703
0.506331
0.518611
0.525803
0.521204
0.50447
0.612476
0.527741
0.511402
0.578207
0.53214
0.521257
0.529411
0.527079
0.499631
0.590829
0.522711
0.516366
0.521658
0.511821
0.510876
0.505691
0.496912
0.52786
0.521982
0.478191
0.52637
0.528945
0.501288
0.509347
0.511291
0.60595
0.515632
0.506357
0.510505
0.527305
0.516418
0.53735
0.486777
0.535589
0.514191
0.531071
0.523788
0.492599
0.52972
0.525863
0.523228
