0.51216
0.50155
0.517801
0.515404
0.507472
0.511042
0.540014
0.53681
0.520196
0.522283
0.521472
0.520402
0.536112
0.481023
0.475639
0.510054
0.511079
0.535207
0.536282
0.532408
0.528914
0.526521
0.525725
0.520481
0.528425
0.524226
0.526411
0.490378
0.491016
0.581784
0.521843
0.5174
0.586598
0.523277
0.674154
0.679711
0.530946
0.529042
0.552714
0.531641
0.530117
0.509745
0.512717
0.511337
0.516723
0.51585
0.512193
0.515953
0.51647
0.50816
0.519744
0.523788
0.521744
0.515645
0.518914
0.526147
0.508954
0.506857
0.503705
0.541635
0.535204
0.523418
0.521431
0.526716
0.51346
0.518299
0.531393
0.528896
0.52104
0.522694
0.530316
0.494317
0.525622
0.527867
0.529585
0.471626
0.527165
0.512598
0.517451
0.519443
0.522655
0.529868
0.531066
0.542946
0.539148
0.545569
0.542656
0.516607
0.511755
0.479675
0.494269
0.529819
0.526051
0.534038
0.530184
0.487583
0.504373
0.512354
0.51671
0.513672
0.494716
0.497023
0.521761
0.522428
0.528145
0.522232
0.524309
0.528634
0.496794
0.488079
0.534791
0.5291
0.531777
0.532078
0.474973
0.522605
0.523583
0.49228
0.508177
0.497134
0.528911
0.530566
0.498317
0.487736
0.513058
0.522447
0.514276
0.522779
0.507335
0.509005
0.506372
0.501365
0.498831
0.537195
0.512424
0.5132
0.513515
0.512101
0.533093
0.537036
0.488986
0.492625
0.504721
0.554004
0.524143
0.525547
0.515485
0.529122
0.530592
0.526602
0.520679
0.476997
0.522029
0.519312
0.522988
0.533078
0.539866
0.547542
0.549265
0.532644
0.703218
0.688629
0.522848
0.524196
0.512861
0.511491
0.511555
0.529457
0.531069
0.497433
0.530014
0.531227
0.529998
0.498246
0.499489
0.49029
0.494598
0.530195
0.531873
0.512168
0.523215
0.557143
0.52914
0.529479
0.526484
0.526167
0.499647
0.501267
0.519038
0.4956
0.533442
0.569925
0.647142
0.642733
0.60129
0.634699
0.626476
0.602897
0.522228
0.523227
0.519918
0.516873
0.519242
0.516615
0.535882
0.522233
0.523987
0.578367
0.573116
0.494679
0.500862
0.509483
0.640585
0.571874
0.531251
0.515642
0.506172
0.505439
0.507133
0.512273
0.563496
0.532107
0.523032
0.517088
0.517592
0.486385
0.496141
0.496944
0.506745
0.518079
0.518665
0.653054
0.522534
0.521671
0.56702
0.58337
0.535611
0.530617
0.526306
0.525979
0.523944
0.523483
0.52451
0.525288
0.516586
0.529629
0.532913
0.531815
0.519352
0.515967
0.527642
0.510448
0.55073
0.552139
0.50184
0.504211
0.50421
0.506626
0.518084
0.521621
0.517338
0.527584
0.520872
0.487426
0.534395
0.565323
0.562907
0.565024
0.569122
0.565006
0.508908
0.497747
0.534994
0.526726
0.590595
0.573125
0.513153
0.556102
0.555028
0.574136
0.595724
0.555816
0.556504
0.551904
0.493429
0.494526
0.580365
0.496079
0.511509
0.50574
0.565426
0.589293
0.561336
0.555631
0.513574
0.517692
0.521048
0.510455
0.508846
0.503786
0.488844
0.585241
0.487647
0.566032
0.574173
0.563237
0.567205
0.564284
0.521338
0.526174
0.526306
0.526192
0.550691
0.48791
0.490784
0.511817
0.519836
0.516826
0.525194
0.522861
0.505279
0.527062
0.519536
0.571766
0.516624
0.549184
0.578964
0.563391
0.520685
0.518498
0.533866
0.524159
0.497844
0.500765
0.58738
0.518726
0.499683
0.516537
0.500551
0.509022
0.531114
0.570391
0.520809
0.531088
0.525827
0.518993
0.525632
0.52196
0.529083
0.523221
0.521769
0.519984
0.52167
0.615211
0.628875
0.62541
0.499219
0.506932
0.503065
0.529054
0.523314
0.526945
0.533857
0.536516
0.520566
0.516616
0.505843
0.502624
0.493522
0.532034
0.516011
0.519552
0.546879
0.536411
0.554768
0.594427
0.565342
0.55402
0.549295
0.503968
0.505038
0.502148
0.489508
0.532979
0.541304
0.534794
0.512196
0.511204
0.499616
0.500957
0.546562
0.550036
0.533982
0.487096
0.467205
0.477393
0.52181
0.520662
0.519999
0.552046
0.573037
0.484688
0.493639
0.496277
0.526564
0.520773
0.518397
0.516043
0.529225
0.608446
0.587273
0.617972
0.497817
0.489186
0.504187
0.494263
0.521167
0.522054
0.525864
0.528768
0.537083
0.506967
0.538318
0.538174
0.52267
0.534678
0.523953
0.605414
0.566029
0.527557
0.494469
0.478993
0.498826
0.485878
0.535165
0.528186
0.50922
0.504852
0.512954
0.53268
0.533566
0.530924
0.503616
0.503565
0.525974
0.532709
0.598383
0.528022
0.529114
0.526298
0.488547
0.50215
0.525425
0.529602
0.522684
0.518727
0.528604
0.527998
0.542471
0.534615
0.507288
0.508513
0.518341
0.521246
0.521556
0.571859
0.559668
0.497624
0.484539
0.50868
0.522824
0.513521
0.52803
0.505679
0.505701
0.511535
0.514072
0.511284
0.517464
0.51814
0.50581
0.50248
0.494011
0.491324
0.495138
0.505861
0.511037
0.524616
0.505163
0.561028
0.56487
0.5252
0.513162
0.525918
0.532845
0.51593
0.516187
0.520978
0.50843
0.510999
0.505524
0.51365
0.509878
0.609418
0.532739
0.510306
0.501057
0.514526
0.519828
0.527595
0.531731
0.524933
0.526253
0.590234
0.529206
0.550119
0.548953
0.520936
0.521644
0.529056
0.52364
0.525511
0.520888
0.503502
0.523146
0.53024
0.492314
0.502496
0.510586
0.516906
0.513948
0.522596
0.548096
0.566058
0.478035
0.477987
0.525163
0.522609
0.512666
0.534007
0.546273
0.554828
0.571041
0.493842
0.487195
0.546542
0.54091
0.519925
0.514168
0.519394
0.543453
0.513868
0.522899
0.526451
0.490335
0.489748
0.522678
0.528084
0.564954
0.529236
0.483005
0.488108
0.515738
0.671808
0.624806
0.528829
0.525129
0.514862
0.497292
0.516851
0.517249
0.510826
0.599046
0.624422
0.502679
0.507455
0.536432
0.541138
0.505981
0.511305
0.523809
0.526569
0.514556
0.509712
0.505745
0.536693
0.524442
0.581865
0.534856
0.530482
0.533217
0.514344
0.517234
0.495807
0.587506
0.564454
0.588342
0.518475
0.522843
0.530401
0.580803
0.522018
0.519538
0.519045
0.51544
0.512067
0.518487
0.527327
0.510866
0.513003
0.521944
0.510182
0.505078
0.513972
0.478422
0.552595
0.547297
0.55045
0.510731
0.509582
0.537409
0.54059
0.530032
0.522344
0.522326
0.509945
0.529981
0.52387
0.506831
0.515605
0.510876
0.523915
0.521133
0.515447
0.51965
0.519345
0.522306
0.520173
0.51525
0.513544
0.540133
0.518368
0.524658
0.518108
0.522899
0.653232
0.55557
0.507896
0.512865
0.520913
0.476126
0.485776
0.509521
0.515836
0.518344
0.627225
0.528481
0.516599
0.522898
0.527761
0.521619
0.532877
0.513373
0.555227
0.569971
0.601145
0.527372
0.517864
0.502105
0.518725
0.548913
0.550224
0.531935
0.528859
0.543686
0.534055
0.51865
0.525173
0.554473
0.553893
0.500007
0.499272
0.525751
0.522172
0.534082
0.507474
0.500122
0.610347
0.495642
0.50179
0.493424
0.522081
0.523446
0.485254
0.487663
0.521177
0.574481
0.527131
0.499651
0.500051
0.516861
0.51753
0.532296
0.534229
0.530734
0.53166
0.531388
0.577392
0.522963
0.520886
0.585433
0.510708
0.534895
0.545958
0.487312
0.487852
0.493355
0.509346
0.525626
0.524296
0.495745
0.503189
0.524402
0.523748
0.505976
0.492789
0.515068
0.498718
0.496101
0.530186
0.536049
0.512974
0.511106
0.512962
0.533527
0.538446
0.546082
0.525377
0.524595
0.528898
0.52653
0.524433
0.603144
0.518491
0.521069
0.508416
0.54286
0.506659
0.506882
0.515716
0.523986
0.531793
0.571822
0.569824
0.525522
0.523958
0.524149
0.574309
0.578195
0.509916
0.509584
0.513914
0.501061
0.523774
0.525709
0.505297
0.528009
0.526043
0.524785
0.518229
0.514014
0.529451
0.525122
0.524614
0.52148
0.535351
0.52521
0.533063
0.531447
0.521299
0.522177
0.517775
0.52512
0.527204
0.522182
0.527121
0.52562
0.493636
0.498941
0.565281
0.487018
0.505949
0.545692
0.512179
0.511505
0.525053
0.506739
0.538295
0.550552
0.534666
0.532799
0.538837
0.541802
0.507131
0.507932
0.501374
0.514066
0.508497
0.587722
0.524019
0.480694
0.483263
0.527105
0.526437
0.528986
0.550108
0.548696
0.532215
0.560917
0.530322
0.532911
0.561736
0.515085
0.514161
0.490924
0.490618
0.525167
0.534135
0.522763
0.514167
0.508008
0.50472
0.497483
0.523038
0.517395
0.51544
0.532792
0.539432
0.527574
0.501992
0.521732
0.524647
0.499611
0.495579
0.502974
0.524606
0.511197
0.510642
0.524343
0.524638
0.546194
0.508365
0.501544
0.524128
0.518045
0.492128
0.576453
0.562305
0.518909
0.572723
0.61115
0.521314
0.531465
0.519732
0.524886
0.515677
0.517924
0.517685
0.514138
0.494245
0.500769
0.49908
0.510074
0.674955
0.619958
0.496038
0.517639
0.497975
0.555049
0.520701
0.537847
0.527862
0.525671
0.523674
0.508347
0.517027
0.506427
0.528391
0.508641
0.566884
0.492201
0.496666
0.465577
0.484088
0.510078
0.536707
0.512028
0.524636
0.570509
0.565957
0.493679
0.489659
0.48232
0.510749
0.505023
0.517897
0.53199
0.503012
0.497949
0.56272
0.542065
0.536905
0.499961
0.509154
0.513068
0.539761
0.530025
0.533133
0.533041
0.552699
0.580866
0.496769
0.50937
0.516115
0.606704
0.60825
0.584238
0.520286
0.519735
0.55817
0.560683
0.531036
0.533062
0.502682
0.528623
0.532506
0.517705
0.521286
0.520626
0.528328
0.524188
0.527302
0.520968
0.523864
0.521384
0.530932
0.497935
0.53545
0.522668
0.512068
0.470914
0.546561
0.528214
0.535754
0.534907
0.527708
0.513683
0.517137
0.516097
0.517967
0.516456
0.524402
0.579091
0.515556
0.515309
0.509325
0.535381
0.527647
0.518312
0.526699
0.524883
0.528432
0.516607
0.515934
0.513951
0.517624
0.512652
0.524243
0.53529
0.495298
0.507363
0.526048
0.534501
0.670298
0.65446
0.520034
0.519658
0.490141
0.531143
0.524707
0.698646
0.557325
0.519442
0.542141
0.580069
0.582359
0.504253
0.564429
0.585265
0.478663
0.524829
0.520941
0.543624
0.526662
0.526128
0.598019
0.585448
0.662307
0.65429
0.515365
0.500694
0.518122
0.534277
0.527345
0.508631
0.584343
0.49762
0.525193
0.512989
0.517733
0.475154
0.47508
0.529664
0.524867
0.515637
0.505134
0.511487
0.503819
0.529198
0.53171
0.535609
0.524002
0.513842
0.508253
0.492811
0.482951
0.492611
0.528692
0.601142
0.508851
0.508935
0.5755
0.518167
0.522486
0.519365
0.513418
0.527953
0.518175
0.535308
0.508655
0.519215
0.521894
0.509042
0.488137
0.511247
0.492997
0.588421
0.581728
0.529985
0.569279
0.552609
0.515486
0.510898
0.520342
0.507862
0.496302
0.495538
0.495363
0.525109
0.518972
0.517768
0.546854
0.524321
0.510867
0.497401
0.493983
0.49832
0.570915
0.548866
0.49992
0.500989
0.516897
0.588327
0.59718
0.59211
0.519638
0.520176
0.51869
0.520762
0.656628
0.649476
0.491473
0.56768
0.499301
0.516836
0.548016
0.524645
0.524724
0.522944
0.491056
0.499147
0.530321
0.532556
0.519584
0.529662
0.521356
0.537896
0.519117
0.523809
0.584832
0.542611
0.518256
0.524913
0.510478
0.500013
0.620534
0.513261
0.549042
0.54729
0.505743
0.518433
0.511719
0.508112
0.495997
0.507829
0.605221
0.549494
0.611625
0.533368
0.524963
0.721933
0.544127
0.529788
0.53744
0.519677
0.538478
0.530674
0.529478
0.48453
0.52012
0.521826
0.754985
0.781891
0.521052
0.525391
0.490944
0.491116
0.497738
0.50174
0.501547
0.546758
0.573772
0.598512
0.521758
0.52234
0.501337
0.520393
0.51581
0.517695
0.515303
0.522101
0.510441
0.535345
0.526274
0.532916
0.571135
0.502347
0.521061
0.511201
0.52862
0.629639
0.464395
0.467658
0.509126
0.548305
0.515829
0.530924
0.529687
0.509792
0.521897
0.519051
0.530917
0.522037
0.492248
0.527527
0.525272
0.504764
0.480249
0.57363
0.646511
0.539485
0.539474
0.513744
0.510454
0.543412
0.644698
0.524252
0.574495
0.528719
0.528034
0.518925
0.512718
0.628075
0.510329
0.518173
0.519573
0.490708
0.487234
0.579212
0.565502
0.537835
0.531744
0.518183
0.630832
0.518877
0.516561
0.516261
0.499142
0.55495
0.525299
0.523344
0.565586
0.594101
0.570728
0.565638
0.688891
0.510732
0.494653
0.49586
0.525802
0.515994
0.521975
0.520433
0.50519
0.513602
0.51283
0.533864
0.517584
0.529151
0.518325
0.535704
0.53065
0.51677
0.517349
0.522909
0.516882
0.502119
0.50096
0.537206
0.493503
0.508016
0.520954
0.511634
0.520671
0.529379
0.501933
0.513448
0.507965
0.529744
0.48388
0.512415
0.584624
0.569599
0.548761
0.521387
0.498927
0.527968
0.525319
0.522323
0.526005
0.516091
0.529663
0.496938
0.524328
0.520376
0.569368
0.52375
0.517312
0.521441
0.534785
0.494792
0.49334
0.506163
0.496139
0.576039
0.524226
0.503575
0.534104
0.519393
0.526871
0.530361
0.536041
0.525917
0.574487
0.537866
0.577131
0.51574
0.518709
0.519846
0.504239
0.507323
0.525772
0.523469
0.52733
0.595907
0.608764
0.516866
0.511569
0.53874
0.576219
0.59635
0.51785
0.518412
0.483042
0.521874
0.56605
0.519839
0.531152
0.782046
0.495169
0.514977
0.509108
0.491241
0.521169
0.567348
0.579601
0.491727
0.507407
0.492357
0.486995
0.491618
0.488326
0.527519
0.526876
0.4828
0.532329
0.515167
0.585691
0.519635
0.488224
0.517418
0.515242
0.560233
0.475219
0.480516
0.516328
0.519668
0.522809
0.51484
0.54152
0.522957
0.526421
0.524816
0.537495
0.525617
0.507466
0.490457
0.520174
0.528152
0.526686
0.513887
0.517086
0.52078
0.561916
0.717007
0.671188
0.520373
0.539454
0.533806
0.515131
0.494768
0.511385
0.527293
0.471678
0.474109
0.475976
0.493295
0.519022
0.489726
0.519121
0.516696
0.517665
0.520798
0.520582
0.524725
0.497033
0.482964
0.520537
0.525824
0.581735
0.529159
0.528951
0.647228
0.509241
0.505352
0.506446
0.624583
0.537687
0.498351
0.509811
0.51146
0.51773
0.524173
0.514677
0.558459
0.488662
0.533551
0.489659
0.501956
0.504503
0.524632
0.581901
0.584381
0.555374
0.527884
0.520357
0.490168
0.563762
0.639331
0.569937
0.485749
0.502808
0.484651
0.47419
0.538003
0.53076
0.490033
0.522181
0.5203
0.732215
0.518257
0.510771
0.531592
0.523338
0.497043
0.477751
0.490849
0.638423
0.515336
0.51888
0.528156
0.516938
0.531197
0.53276
0.550671
0.514438
0.507007
0.63975
0.587489
0.596537
0.466699
0.527028
0.568695
0.595915
0.534991
0.491652
0.500629
0.518798
0.47835
0.522797
0.518348
0.545439
0.506886
0.535322
0.556669
0.539318
0.49763
0.490697
0.558752
0.646816
0.519899
0.522168
0.5814
0.517847
0.569649
0.527842
0.562332
0.530674
0.516764
0.484948
0.575799
0.490068
0.519832
0.497444
0.567916
0.547563
0.489954
0.485153
0.523597
0.524768
0.512132
0.506368
0.48922
0.551364
0.561119
0.487245
0.507355
0.520325
0.582302
0.537079
0.589153
0.568231
0.525085
0.535486
0.533404
0.52194
0.542521
0.510181
0.517867
0.521697
0.527149
0.519052
0.538497
0.546465
0.492971
0.535383
0.491021
0.522886
0.492009
0.508284
0.520278
0.535597
0.491578
0.493146
0.495793
0.558717
0.56796
0.571419
0.516503
0.519982
0.541167
0.502812
0.524812
0.517449
0.518514
0.492109
0.496202
0.490271
0.527765
0.514314
0.493076
0.503994
0.526382
0.485473
0.514916
0.527929
0.509994
0.510234
0.52259
0.526136
0.523122
0.509499
0.523905
0.557111
0.513447
0.50845
0.522917
0.551309
0.511987
0.537926
0.518664
0.510837
0.494371
0.535465
0.490746
0.495222
0.514235
0.584793
0.513019
0.52289
0.510185
0.521641
0.517784
0.518809
0.488052
0.490274
0.567923
0.490529
0.523784
0.525872
0.536878
0.503551
0.512175
0.562977
0.526941
0.503849
0.580448
0.520262
0.51373
0.51896
0.520644
0.503719
0.497231
0.526246
0.493528
0.485929
0.496512
0.577258
0.530929
0.528573
0.58266
0.530539
0.513833
0.53237
0.524491
0.48784
0.531235
0.530868
0.595053
0.491105
0.491166
0.518087
0.566092
0.532492
0.531214
0.520586
0.525513
0.613165
0.609433
0.543397
0.527364
0.514545
0.523429
0.523498
0.512842
0.517668
0.523905
0.520989
0.521206
0.490464
0.490776
0.490815
0.523467
0.543637
0.551885
0.528196
0.505043
0.588365
0.60076
0.51932
0.485239
0.465346
0.530448
0.494239
0.493158
0.563002
0.495614
0.520212
0.498649
0.537698
0.588083
0.557824
0.508351
0.52081
0.540575
0.519768
0.511712
0.484548
0.537015
0.531332
0.512151
0.48753
0.551222
0.517135
0.504099
0.540438
0.488111
0.481035
0.514489
0.522169
0.525679
0.607956
0.533358
0.49065
0.535955
0.692604
0.587739
0.523302
0.53404
0.506485
0.521369
0.514113
0.493456
0.524855
0.541699
0.532193
0.584251
0.592639
0.532116
0.575121
0.530879
0.533628
0.531262
0.521487
0.50929
0.48881
0.492098
0.517706
0.602711
0.481381
0.484278
0.507664
0.497391
0.559969
0.481517
0.524807
0.471628
0.513771
0.554577
0.520552
0.582587
0.528316
0.521962
0.52622
0.706354
0.531459
0.519068
0.533382
0.526383
0.612477
0.517246
0.501793
0.515395
0.515826
0.500715
0.524689
0.534504
0.519839
0.522868
0.500952
0.513601
0.53677
0.515693
0.51901
0.516082
0.525798
0.529863
0.622247
0.517938
0.536401
0.523566
0.513691
0.496125
0.528393
0.521497
0.526437
0.527396
0.532018
0.528843
0.526099
0.529317
0.515957
0.530659
0.544896
0.515715
0.52214
0.535973
0.539785
0.522778
0.556771
0.516025
0.574038
0.499526
0.538869
0.49097
0.518095
0.488695
0.509578
0.48867
0.48766
0.516972
0.625677
0.512876
0.738343
0.512951
0.521977
0.539166
0.518658
0.534113
0.464441
0.491626
0.504672
0.513365
0.497304
0.526051
0.53086
0.479202
0.577202
0.490626
0.504896
0.489532
0.627738
0.497844
0.608336
0.567514
0.492712
0.4823
0.477554
0.576747
0.527143
0.497115
0.5309
0.514809
0.484887
0.508909
0.605547
0.53105
0.533437
0.522268
0.534073
0.541608
0.548371
0.608903
0.537915
0.485798
0.520722
0.581031
0.487537
0.544057
0.530891
0.524688
0.490321
0.508294
0.518661
0.530829
0.485055
0.495225
0.540003
0.529759
0.500784
0.510436
0.500323
0.519646
0.526235
0.512284
0.52615
0.517372
0.529929
0.533505
0.528766
0.538882
0.525081
0.526176
0.51564
0.525663
0.532954
0.529725
0.51775
0.527928
0.533033
0.50656
0.494834
0.527354
0.52967
0.515739
0.527177
0.527427
0.525196
0.570944
0.573189
0.53147
0.514263
0.523742
0.564187
0.548567
0.509133
0.597353
0.526005
0.559975
0.504773
0.527227
0.520122
0.505705
0.501062
0.528549
0.513481
0.532731
0.508054
0.508664
0.528196
0.503851
0.515682
0.501648
0.56458
0.542369
0.542472
0.497621
0.516094
0.616947
0.500288
0.560448
0.513077
0.515489
0.538642
0.511952
0.511052
0.515998
0.519784
0.517573
0.511087
0.52168
0.516413
0.508215
0.522192
0.51428
0.516076
0.507725
0.498339
0.519445
0.577404
0.597161
0.519126
0.501899
0.504087
0.534206
0.525149
0.515141
0.507214
0.570582
0.52175
0.51954
0.529511
0.519942
0.5882
0.505585
0.550354
0.5833
0.500608
0.525246
0.528314
0.533646
0.532538
0.505292
0.506337
0.505575
0.525105
0.521943
0.540646
0.514807
0.571726
0.501215
0.51341
0.538553
0.520095
0.527134
0.505524
0.516375
0.553829
0.549413
0.530834
0.523949
0.528351
0.523527
0.524146
0.525191
0.492218
0.490746
0.496871
0.52147
0.512788
0.497875
0.52833
0.510962
0.506172
0.513447
0.520479
0.516866
0.512641
0.519548
0.536042
0.524521
0.499758
0.505407
0.507742
0.527009
0.522873
0.499299
0.515671
0.525588
0.548544
0.546598
0.527965
0.518103
0.521212
0.499766
0.50682
0.502478
0.586159
0.523179
0.528604
0.49899
0.501958
0.504256
0.507463
0.51129
0.525395
0.518819
0.501247
0.519438
0.521044
0.505467
0.577018
0.544654
0.501418
0.517251
0.524758
0.524962
0.524162
0.524123
0.526598
0.503234
0.515409
0.512086
0.520329
0.523843
0.511453
0.581695
0.519312
0.512602
0.524336
0.496674
0.497892
0.494734
0.520311
0.522405
0.522026
0.52295
0.525826
0.502702
0.509822
0.518694
0.53564
0.516462
0.499429
0.50646
0.511845
0.638435
0.514911
0.592762
0.516486
0.517301
0.530716
0.52644
0.53316
0.55237
0.516745
0.518007
0.631576
0.524248
0.588141
0.579467
0.525797
0.518398
0.518805
0.525698
0.483491
0.52864
0.514303
0.529834
0.500874
0.52604
0.498006
0.491649
0.514528
0.537453
0.5327
0.583351
0.53287
0.528259
0.52756
0.522945
0.512098
0.518915
0.523636
0.506832
0.520034
0.756525
0.517305
0.515417
0.513593
0.520405
0.534362
0.516936
0.523747
0.499699
0.510048
0.508916
0.634888
0.527932
0.504829
0.489769
0.503658
0.495812
0.499907
0.581446
0.518667
0.517026
0.553408
0.543152
0.562519
0.526745
0.540237
0.501974
0.500875
0.538447
0.555009
0.525637
0.518453
0.521599
0.508257
0.523678
0.528497
0.587619
0.502454
0.513085
0.536982
0.573652
0.527455
0.517779
0.555825
0.543737
0.529785
0.54271
0.569986
0.525647
0.517438
0.51703
0.503683
0.506011
0.526243
0.549147
0.512049
0.563801
0.518882
0.520281
0.513577
0.497941
0.483032
0.52959
0.566208
0.519001
0.524641
0.522866
0.57221
0.497802
0.49319
0.546125
0.575544
0.607983
0.511221
0.495905
0.511738
0.504581
0.519755
0.497807
0.532835
0.529355
0.583099
0.50889
0.526428
0.516073
0.575484
0.518115
0.526215
0.529926
0.5035
0.516683
0.523126
0.503398
0.508213
0.508646
0.515354
0.516403
0.522169
0.498525
0.523034
0.521097
0.530515
0.52272
0.554505
0.498416
0.495873
0.501801
0.525729
0.525247
0.521558
0.533096
0.517172
0.53282
0.511865
0.544284
0.516944
0.511913
0.499886
0.51751
0.522672
0.513458
0.510744
0.498547
0.503802
0.51556
0.523721
0.514872
0.526005
0.526541
0.583276
0.52006
0.509885
0.519376
0.505681
0.50343
0.533925
0.522798
0.49781
0.517509
0.502084
0.505956
0.510856
0.524536
0.487332
0.502787
0.559871
0.503966
0.519724
0.491293
0.499386
0.521967
0.505349
0.509219
0.543805
0.666999
0.521451
0.621373
0.541378
0.520269
0.510043
0.542093
0.503116
0.525152
0.520984
0.525394
0.520023
0.495312
0.564147
0.521247
0.523959
0.519862
0.530968
0.556209
0.612977
0.57346
0.54373
0.541776
0.519373
0.526504
0.523184
0.513771
0.562839
0.532072
0.519059
0.50888
0.517392
0.533224
0.519315
0.487151
0.507798
0.512334
0.558604
0.598961
0.509722
0.581285
0.531279
0.535856
0.529243
0.554013
0.568112
0.562536
0.587887
0.517893
0.582979
0.525875
0.52353
0.522392
0.526434
0.506026
0.504896
0.510531
0.51445
0.524325
0.516791
0.514527
0.512815
0.53749
0.495435
0.687528
0.508388
0.510754
0.496717
0.550857
0.497758
0.49881
0.509376
0.521696
0.521159
0.523313
0.506759
0.520154
0.586541
0.518458
0.521002
0.524108
0.53176
0.570561
0.509032
0.530326
0.552583
0.50517
0.56466
0.504633
0.57554
0.500519
0.508118
0.524187
0.555688
0.56851
0.527541
0.526827
0.527688
0.527483
0.503954
0.524746
0.506218
0.558913
0.507018
0.51975
0.663533
0.514764
0.503233
0.514014
0.516189
0.506823
0.518279
0.54098
0.500068
0.529452
0.518058
0.523663
0.532659
0.510595
0.520043
0.531073
0.534152
0.527077
0.530383
0.503223
0.513949
0.548535
0.526842
0.562257
0.528078
0.64343
0.493555
0.487762
0.515512
0.51335
0.518277
0.745667
0.514473
0.528981
0.516232
0.524281
0.517565
0.518631
0.511346
0.477649
0.530592
0.497849
0.562792
0.522551
0.509862
0.554287
0.523517
0.577856
0.587938
0.575212
0.519885
0.503297
0.523305
0.525052
0.504773
0.503882
0.574066
0.511749
0.489073
0.50655
0.516041
0.511743
0.546161
0.516935
0.502239
0.578153
0.495398
0.48501
0.507132
0.516803
0.500862
0.498751
0.514943
0.511752
0.522847
0.503619
0.527599
0.503269
0.514645
0.521023
0.507222
0.489754
0.565595
0.535834
0.53773
0.525579
0.573923
0.567798
0.513715
0.507701
0.52736
0.497447
0.62042
0.52367
0.504754
0.483059
0.499116
0.518843
0.591937
0.531914
0.53139
0.509794
0.529521
0.516258
0.516671
0.561393
0.587623
0.521648
0.498716
0.523694
0.569206
0.517164
0.530414
0.512277
0.525711
0.517265
0.515309
0.494954
0.497505
0.517295
0.513183
0.543497
0.521377
0.529235
0.532336
0.4909
0.544473
0.537167
0.528416
0.518824
0.491077
0.496426
0.58575
0.530179
0.514882
0.573248
0.523322
0.534885
0.522232
0.585421
0.499992
0.595361
0.501188
0.52181
0.519385
0.529666
0.520376
0.526676
0.507223
0.529902
0.508686
0.488145
0.543333
0.534387
0.529367
0.517583
0.509314
0.52061
0.576549
0.537822
0.564007
0.490247
0.513535
0.510438
0.525699
0.513645
0.524546
0.50448
0.527332
0.484548
0.519377
0.614608
0.500734
0.511219
0.524094
0.58112
0.506436
0.64647
0.530001
0.51138
0.523897
0.53673
0.528999
0.524396
0.515882
0.512764
0.52227
0.51508
0.512052
0.523488
0.516048
0.517207
0.495912
0.512546
0.503526
0.548899
