0.527765
0.52977
0.514331
0.526966
0.5265
0.520796
0.537172
0.533812
0.534685
0.535764
0.473873
0.478827
0.511591
0.515462
0.536359
0.535537
0.526924
0.525596
0.522691
0.524944
0.5277
0.527994
0.528366
0.524307
0.526093
0.527276
0.512565
0.527266
0.564575
0.508679
0.492441
0.519807
0.52404
0.534123
0.558163
0.58744
0.579299
0.562043
0.524026
0.526223
0.535457
0.507415
0.497994
0.514814
0.515389
0.523285
0.51166
0.514839
0.514826
0.504843
0.517043
0.489699
0.484969
0.544933
0.543047
0.548508
0.530552
0.540637
0.51563
0.516072
0.515508
0.518914
0.51283
0.513998
0.518511
0.527244
0.523953
0.534633
0.496851
0.496176
0.524266
0.534466
0.492688
0.493769
0.563607
0.548073
0.557728
0.522702
0.522618
0.516901
0.524684
0.525326
0.516755
0.541548
0.544522
0.510849
0.520583
0.530287
0.513913
0.508538
0.526675
0.551291
0.554951
0.539061
0.535075
0.521063
0.523438
0.522411
0.515442
0.536971
0.487075
0.514378
0.517035
0.525205
0.534268
0.524258
0.513365
0.509926
0.511088
0.509831
0.525784
0.524279
0.523648
0.499571
0.503881
0.515789
0.52013
0.533545
0.535459
0.537202
0.528863
0.489066
0.522782
0.532552
0.56417
0.53104
0.548297
0.533814
0.487306
0.51287
0.505662
0.510182
0.497497
0.492857
0.498183
0.51972
0.523694
0.515573
0.513344
0.493153
0.490017
0.508301
0.491785
0.48102
0.502747
0.540895
0.503755
0.501785
0.522055
0.516542
0.58023
0.557943
0.499197
0.52854
0.52993
0.528016
0.523577
0.526365
0.528103
0.522685
0.508589
0.534261
0.536945
0.557516
0.533535
0.516374
0.520521
0.520963
0.523924
0.487526
0.496157
0.49159
0.532071
0.530529
0.526992
0.483144
0.493839
0.487911
0.481897
0.499983
0.490732
0.50142
0.508893
0.502084
0.516849
0.522143
0.531236
0.509941
0.521919
0.490833
0.513796
0.516322
0.516838
0.565381
0.531354
0.588516
0.603696
0.595669
0.525701
0.521413
0.523056
0.521014
0.538599
0.517881
0.517625
0.591332
0.589649
0.605118
0.502707
0.565678
0.565094
0.506958
0.50881
0.537259
0.531219
0.517594
0.519834
0.485777
0.484276
0.495414
0.485857
0.498358
0.494039
0.623622
0.522882
0.525832
0.523981
0.524436
0.529901
0.533347
0.5237
0.525401
0.527624
0.530731
0.526972
0.528631
0.526806
0.550287
0.532066
0.507535
0.476961
0.564675
0.571136
0.524483
0.514555
0.515697
0.521679
0.525222
0.526975
0.496016
0.557819
0.484021
0.550786
0.533176
0.522516
0.602268
0.534366
0.531965
0.490035
0.526486
0.525581
0.589013
0.6001
0.545788
0.498689
0.485272
0.531036
0.528825
0.482001
0.503557
0.502592
0.501986
0.508527
0.558676
0.492373
0.489272
0.584675
0.580119
0.585788
0.574626
0.55996
0.576074
0.575008
0.558756
0.570283
0.518165
0.556988
0.559941
0.563804
0.528856
0.524053
0.524659
0.505473
0.499593
0.521091
0.525681
0.51675
0.516301
0.573629
0.566661
0.515531
0.51446
0.518469
0.548304
0.601394
0.518966
0.5221
0.520923
0.489268
0.497633
0.489351
0.518185
0.523943
0.519818
0.517574
0.491955
0.497351
0.515709
0.524322
0.518338
0.522495
0.507106
0.514116
0.530307
0.520759
0.502251
0.542175
0.524199
0.50405
0.50469
0.522304
0.528341
0.537621
0.526626
0.533783
0.524742
0.49958
0.501947
0.504583
0.532155
0.527289
0.499402
0.497749
0.515141
0.574522
0.592345
0.547644
0.507241
0.494807
0.499688
0.5005
0.564812
0.50321
0.510607
0.500701
0.511458
0.52047
0.524526
0.529537
0.532812
0.516952
0.518674
0.521118
0.535652
0.604746
0.502163
0.522047
0.515352
0.56853
0.575893
0.504176
0.494772
0.520929
0.515194
0.509818
0.526037
0.589916
0.607189
0.60809
0.519292
0.495129
0.530439
0.525732
0.528596
0.526661
0.528187
0.50543
0.507528
0.522559
0.53868
0.541802
0.517068
0.60896
0.536916
0.528763
0.513013
0.476059
0.536676
0.531262
0.504618
0.510312
0.522095
0.501329
0.565276
0.563395
0.572489
0.482253
0.519276
0.518219
0.490135
0.523764
0.50008
0.488883
0.572053
0.573336
0.577422
0.497015
0.525354
0.529712
0.491992
0.518478
0.519104
0.539024
0.54797
0.558359
0.543948
0.514648
0.513872
0.519834
0.517398
0.529965
0.532165
0.580156
0.528763
0.526161
0.505605
0.502354
0.505972
0.526233
0.517403
0.525411
0.496781
0.492709
0.497332
0.5134
0.515036
0.499261
0.537115
0.537492
0.499681
0.53293
0.552971
0.514074
0.517493
0.499621
0.505473
0.497811
0.619788
0.601135
0.602473
0.619358
0.608678
0.492487
0.522133
0.5193
0.516659
0.515558
0.520746
0.517132
0.515667
0.524514
0.529039
0.523046
0.519915
0.522709
0.523299
0.524332
0.587235
0.496997
0.498919
0.524161
0.523388
0.517759
0.512311
0.506436
0.560545
0.594283
0.584333
0.5304
0.526897
0.519404
0.512431
0.514029
0.551618
0.513554
0.527307
0.52068
0.482679
0.517303
0.516695
0.51846
0.522452
0.524998
0.531532
0.524379
0.526799
0.553668
0.556123
0.565574
0.51382
0.51535
0.528684
0.519653
0.506359
0.511577
0.526332
0.525271
0.503981
0.507336
0.50014
0.605775
0.490105
0.501785
0.535077
0.557375
0.532978
0.530188
0.518053
0.516177
0.532343
0.508498
0.50498
0.51539
0.513948
0.506455
0.505973
0.52659
0.474904
0.497927
0.545952
0.522223
0.518963
0.529869
0.527037
0.53485
0.515216
0.491316
0.487395
0.528986
0.556711
0.517013
0.517571
0.590892
0.581787
0.549691
0.537924
0.507146
0.533918
0.507553
0.533989
0.502516
0.519715
0.582795
0.555108
0.567078
0.553531
0.528028
0.525283
0.525299
0.533685
0.542167
0.527596
0.508506
0.547781
0.559384
0.495342
0.516707
0.494151
0.487581
0.490766
0.525897
0.522586
0.523511
0.517006
0.500274
0.468751
0.525293
0.529
0.514357
0.510766
0.507576
0.521576
0.485238
0.521169
0.530081
0.566579
0.527121
0.518264
0.507438
0.514514
0.499514
0.51985
0.513803
0.564774
0.49979
0.511532
0.499188
0.498883
0.538738
0.509467
0.535766
0.563184
0.532072
0.52984
0.524749
0.528245
0.490566
0.561527
0.558019
0.490073
0.496288
0.497475
0.484574
0.515979
0.515904
0.537852
0.516887
0.520951
0.603192
0.580559
0.531573
0.529744
0.52532
0.497027
0.512141
0.515541
0.517243
0.530051
0.533677
0.526791
0.521865
0.532386
0.56329
0.575664
0.523659
0.592892
0.505827
0.515143
0.517097
0.513278
0.506322
0.52407
0.517866
0.627312
0.555338
0.515889
0.522284
0.512753
0.523978
0.525814
0.538993
0.533885
0.522663
0.635087
0.609785
0.566505
0.513501
0.482294
0.503053
0.492255
0.505186
0.508605
0.508335
0.533492
0.531653
0.523529
0.525638
0.522966
0.519441
0.522458
0.524006
0.515889
0.542097
0.550355
0.519934
0.577742
0.508378
0.502631
0.513566
0.512798
0.553177
0.514871
0.516297
0.543111
0.543452
0.568129
0.562088
0.523927
0.51809
0.508772
0.527881
0.501802
0.503635
0.51678
0.524927
0.529779
0.528863
0.531478
0.525675
0.522213
0.526006
0.507417
0.501045
0.525949
0.580162
0.565129
0.521686
0.523499
0.517751
0.55653
0.503531
0.502919
0.512283
0.521197
0.519127
0.526537
0.525828
0.530479
0.48695
0.486073
0.481064
0.575775
0.497223
0.518694
0.515745
0.508862
0.538763
0.511262
0.505619
0.510358
0.510029
0.548521
0.509298
0.497342
0.517325
0.523639
0.541721
0.534229
0.523406
0.489428
0.493789
0.505476
0.502505
0.49692
0.524337
0.525724
0.532439
0.534318
0.535929
0.518877
0.591426
0.55679
0.556503
0.553635
0.55878
0.509852
0.490284
0.558518
0.487833
0.494833
0.510829
0.512914
0.516558
0.516858
0.499219
0.513604
0.525172
0.60961
0.533887
0.527982
0.52575
0.525848
0.493244
0.521077
0.519824
0.51077
0.529098
0.517722
0.516701
0.512288
0.504643
0.500237
0.499702
0.511503
0.509212
0.514288
0.524221
0.522679
0.540706
0.500981
0.484087
0.547302
0.526836
0.51498
0.518
0.517158
0.509335
0.52114
0.523107
0.51474
0.52107
0.488996
0.48763
0.496683
0.52721
0.539601
0.551385
0.552408
0.520139
0.531027
0.499679
0.508541
0.5207
0.516237
0.506472
0.55194
0.530084
0.530098
0.50208
0.487647
0.550385
0.521488
0.521959
0.495044
0.584057
0.596563
0.493507
0.491421
0.491968
0.531183
0.486095
0.514717
0.517049
0.537239
0.52223
0.519866
0.515445
0.52508
0.524629
0.527101
0.533801
0.52709
0.514002
0.49087
0.545383
0.591759
0.507451
0.533051
0.519333
0.529584
0.524362
0.505452
0.532683
0.537487
0.503565
0.492447
0.561818
0.510472
0.597784
0.59511
0.536077
0.526787
0.524877
0.516671
0.51877
0.527305
0.518076
0.50707
0.517438
0.573231
0.502545
0.523363
0.511418
0.526327
0.540045
0.499877
0.501858
0.514481
0.517905
0.534222
0.523037
0.520939
0.498429
0.520416
0.517455
0.518076
0.530542
0.522655
0.525967
0.516896
0.497679
0.487726
0.486222
0.531933
0.536442
0.540473
0.531166
0.531026
0.491857
0.501506
0.517187
0.527921
0.527608
0.525173
0.522187
0.527124
0.525118
0.516281
0.514448
0.526337
0.51567
0.52171
0.520143
0.48352
0.527124
0.523489
0.508968
0.498292
0.51522
0.518776
0.527025
0.491182
0.513379
0.597753
0.569531
0.524556
0.527885
0.524615
0.523824
0.507155
0.515747
0.524006
0.494783
0.501033
0.589255
0.582418
0.522119
0.55227
0.56477
0.60178
0.63931
0.580218
0.544512
0.551245
0.568701
0.473202
0.521581
0.524655
0.542056
0.529069
0.528018
0.527991
0.530259
0.514181
0.491595
0.502976
0.501963
0.519524
0.526641
0.5231
0.491389
0.597493
0.538717
0.557262
0.549246
0.481212
0.478298
0.521036
0.523611
0.524808
0.487192
0.498181
0.52603
0.522897
0.504326
0.514954
0.541157
0.515454
0.513371
0.524101
0.535188
0.524379
0.609359
0.52908
0.531898
0.527151
0.515805
0.512334
0.531193
0.490466
0.547224
0.539944
0.527364
0.525101
0.531013
0.500326
0.520319
0.501824
0.49601
0.572273
0.567339
0.556442
0.50902
0.519964
0.588802
0.521628
0.514195
0.512897
0.505601
0.49394
0.495437
0.49073
0.518739
0.516405
0.542333
0.515876
0.497841
0.498271
0.566593
0.565381
0.502808
0.483801
0.567255
0.494893
0.525092
0.52107
0.522548
0.586795
0.549535
0.493566
0.497818
0.492775
0.514815
0.590326
0.553058
0.564688
0.592297
0.587369
0.540417
0.53565
0.536559
0.5338
0.507569
0.497738
0.496973
0.489505
0.556481
0.561833
0.523823
0.502823
0.533583
0.497448
0.524936
0.543774
0.556023
0.572278
0.522673
0.538951
0.477276
0.517365
0.52618
0.530924
0.527861
0.51749
0.517654
0.522626
0.520752
0.500633
0.534995
0.516747
0.571059
0.579281
0.512728
0.565718
0.57633
0.513944
0.515413
0.520073
0.515238
0.520899
0.525643
0.546739
0.552254
0.50226
0.489271
0.512501
0.528651
0.468614
0.538875
0.541134
0.528847
0.528827
0.523531
0.497259
0.525147
0.514835
0.51537
0.48616
0.523911
0.508817
0.528328
0.5187
0.523512
0.490033
0.519518
0.521901
0.613608
0.611841
0.491981
0.49382
0.49146
0.503406
0.524977
0.479343
0.522902
0.523539
0.541201
0.522513
0.524351
0.580296
0.56083
0.514906
0.517942
0.521492
0.499888
0.489437
0.482249
0.56332
0.520756
0.513056
0.502421
0.530937
0.529097
0.5435
0.534819
0.584161
0.514727
0.511541
0.620483
0.510585
0.517464
0.515782
0.49031
0.518078
0.548543
0.527117
0.525536
0.535571
0.532155
0.477205
0.48599
0.469887
0.522832
0.518736
0.522735
0.562468
0.560864
0.509607
0.505717
0.509951
0.527991
0.529602
0.583854
0.617223
0.625519
0.572054
0.514352
0.535542
0.51208
0.525955
0.533381
0.516934
0.534217
0.489234
0.589453
0.585825
0.524218
0.549334
0.490686
0.519109
0.469994
0.476751
0.610705
0.507358
0.526467
0.528396
0.512965
0.506724
0.523307
0.526971
0.525346
0.510575
0.56197
0.511796
0.577865
0.526467
0.524592
0.50748
0.510689
0.518189
0.524361
0.497745
0.484768
0.488976
0.485668
0.519086
0.507276
0.528598
0.576386
0.498625
0.502581
0.566856
0.48073
0.57667
0.581407
0.525191
0.519057
0.515022
0.500558
0.541167
0.520554
0.516006
0.521027
0.519076
0.519921
0.556696
0.571104
0.552646
0.526767
0.521252
0.529439
0.514716
0.562691
0.523501
0.522396
0.490178
0.52338
0.519166
0.499289
0.598914
0.510274
0.500204
0.578386
0.522685
0.598811
0.554501
0.542941
0.521185
0.494024
0.60335
0.525435
0.52011
0.496859
0.48891
0.534061
0.526825
0.543877
0.490692
0.521697
0.530572
0.499041
0.534468
0.532305
0.537816
0.512211
0.51499
0.57162
0.570214
0.497456
0.52098
0.524649
0.495184
0.509315
0.505301
0.534946
0.547394
0.582033
0.524914
0.514582
0.506461
0.521741
0.534677
0.531274
0.522917
0.518424
0.526614
0.515975
0.562717
0.561037
0.494404
0.493129
0.527556
0.529474
0.475009
0.490075
0.519271
0.535088
0.486195
0.489964
0.504102
0.509319
0.470146
0.606623
0.497407
0.533651
0.521118
0.49672
0.548907
0.518654
0.505781
0.540002
0.484489
0.556216
0.502516
0.519255
0.529111
0.498367
0.548887
0.518964
0.524046
0.470635
0.523592
0.488786
0.520552
0.574217
0.598466
0.576097
0.58428
0.509961
0.516379
0.526207
0.611749
0.48256
0.583548
0.58816
0.61293
0.489584
0.511836
0.503616
0.51666
0.517327
0.498243
0.473976
0.499014
0.511414
0.524097
0.537726
0.496016
0.520886
0.527808
0.51139
0.514319
0.49693
0.579128
0.568513
0.502339
0.525081
0.496835
0.611658
0.519938
0.556726
0.507381
0.611572
0.622506
0.52328
0.539705
0.486335
0.504346
0.489245
0.554913
0.552171
0.541609
0.522838
0.52137
0.541116
0.60915
0.548478
0.599108
0.605723
0.544738
0.528218
0.530835
0.525283
0.526401
0.518335
0.562415
0.485138
0.494933
0.483102
0.510759
0.484627
0.534988
0.539185
0.512616
0.524858
0.521023
0.557967
0.518242
0.521576
0.513821
0.507001
0.485667
0.521532
0.601678
0.576997
0.601888
0.537545
0.54382
0.625822
0.535045
0.49834
0.530806
0.525466
0.529783
0.518318
0.499776
0.593312
0.514705
0.49836
0.490397
0.501481
0.527605
0.598317
0.536406
0.483162
0.516349
0.52222
0.518264
0.529022
0.514535
0.531314
0.525418
0.532526
0.570837
0.56676
0.502445
0.530932
0.583753
0.535168
0.490551
0.506426
0.492778
0.521942
0.513281
0.50797
0.528788
0.520497
0.577884
0.529691
0.528938
0.520235
0.525088
0.528562
0.532882
0.535591
0.521418
0.531213
0.530809
0.487876
0.499466
0.489513
0.522396
0.48874
0.513174
0.486766
0.460515
0.489557
0.487312
0.495135
0.566827
0.549097
0.561304
0.487169
0.50759
0.481379
0.486053
0.537502
0.571107
0.498898
0.527448
0.550596
0.525983
0.52191
0.550659
0.52877
0.51285
0.535626
0.516376
0.523787
0.536444
0.503006
0.513391
0.516376
0.604251
0.62569
0.584818
0.513864
0.474109
0.4993
0.487734
0.489587
0.478747
0.566557
0.536547
0.524864
0.499798
0.56689
0.58922
0.538363
0.495907
0.518313
0.521209
0.516087
0.535305
0.509358
0.512396
0.492084
0.488649
0.510429
0.520495
0.52311
0.578583
0.506445
0.498424
0.500873
0.519008
0.516594
0.539122
0.501058
0.519116
0.513024
0.528186
0.514958
0.503493
0.528661
0.50914
0.524845
0.513697
0.522954
0.52485
0.486588
0.564281
0.526726
0.485609
0.518581
0.516827
0.534921
0.485406
0.498757
0.516795
0.543372
0.520331
0.488049
0.519808
0.523986
0.524265
0.528905
0.516441
0.559018
0.512645
0.528317
0.518587
0.523981
0.524212
0.530751
0.510247
0.502533
0.582951
0.515192
0.508762
0.583144
0.536871
0.517516
0.486567
0.487533
0.516415
0.518926
0.565165
0.524272
0.572183
0.524408
0.571295
0.506028
0.530878
0.491339
0.532754
0.531213
0.505817
0.530011
0.52648
0.525825
0.618108
0.534948
0.520761
0.548113
0.57008
0.577705
0.575336
0.544
0.505567
0.591239
0.51453
0.493754
0.528189
0.525127
0.531043
0.546196
0.596311
0.522583
0.540413
0.560854
0.516849
0.517776
0.533455
0.531943
0.485876
0.533582
0.54466
0.494642
0.522614
0.512892
0.551796
0.550611
0.558948
0.484249
0.536931
0.523675
0.538239
0.515893
0.530503
0.521258
0.537249
0.564539
0.529154
0.480986
0.570792
0.52248
0.518325
0.548099
0.521051
0.561787
0.488141
0.57707
0.533596
0.531395
0.532067
0.497489
0.532245
0.528961
0.49679
0.524449
0.503657
0.506813
0.523667
0.494065
0.603515
0.524024
0.518546
0.522251
0.498914
0.522701
0.563806
0.52224
0.533108
0.532967
0.542681
0.491739
0.519756
0.538686
0.537113
0.530896
0.483418
0.531415
0.554313
0.617105
0.516796
0.564199
0.486009
0.498868
0.502746
0.496338
0.530928
0.526712
0.492358
0.538706
0.56861
0.517436
0.517686
0.528835
0.498955
0.539154
0.533586
0.480486
0.52782
0.519225
0.520905
0.496609
0.528632
0.520169
0.508828
0.591393
0.534458
0.532561
0.594202
0.526907
0.546696
0.597901
0.52806
0.495257
0.561104
0.528184
0.517152
0.607337
0.525493
0.537469
0.527682
0.579877
0.49154
0.516806
0.530477
0.525209
0.524944
0.526164
0.531001
0.500219
0.526899
0.576218
0.500384
0.524618
0.522529
0.491138
0.582873
0.498808
0.52119
0.532527
0.51258
0.534864
0.495025
0.472095
0.519468
0.49015
0.489945
0.534749
0.626268
0.484804
0.484609
0.526328
0.521376
0.486634
0.537875
0.522105
0.522726
0.529793
0.598245
0.520468
0.5169
0.525828
0.540152
0.538372
0.537465
0.509493
0.498366
0.475727
0.48364
0.482759
0.490661
0.568556
0.470578
0.531895
0.518394
0.474385
0.482929
0.568698
0.531653
0.491391
0.489474
0.56496
0.495857
0.495118
0.471205
0.519359
0.500185
0.532455
0.524295
0.524184
0.523179
0.521068
0.517644
0.498582
0.624005
0.519585
0.485269
0.523701
0.620471
0.513061
0.517445
0.531671
0.52127
0.511609
0.484308
0.493857
0.521159
0.500781
0.52271
0.517766
0.530211
0.583121
0.530721
0.488833
0.5024
0.486766
0.602426
0.529276
0.530926
0.514993
0.530288
0.532061
0.506615
0.508876
0.52363
0.518301
0.491235
0.553036
0.508365
0.489982
0.491893
0.538208
0.506065
0.492487
0.517347
0.529743
0.527126
0.530973
0.532206
0.533673
0.527986
0.500168
0.524311
0.520365
0.483851
0.60166
0.596568
0.60585
0.588983
0.500606
0.529149
0.492018
0.548819
0.565509
0.562494
0.508896
0.520297
0.534931
0.525419
0.496592
0.587973
0.5542
0.540057
0.515694
0.493323
0.516244
0.521903
0.509354
0.510518
0.526551
0.559792
0.532592
0.489028
0.508942
0.524592
0.506902
0.513018
0.527062
0.502098
0.499437
0.497595
0.498847
0.485578
0.557063
0.529171
0.516261
0.522671
0.522308
0.514527
0.525711
0.528996
0.560082
0.510853
0.507199
0.503671
0.523185
0.522865
0.50516
0.571403
0.57004
0.527519
0.497476
0.514149
0.501293
0.525082
0.522348
0.502089
0.510491
0.516874
0.502451
0.562923
0.524271
0.530764
0.517629
0.517807
0.519559
0.509704
0.537373
0.52919
0.589702
0.527773
0.532953
0.519445
0.533603
0.571803
0.508307
0.535755
0.533276
0.510549
0.50379
0.521731
0.523499
0.592469
0.490078
0.514633
0.524266
0.508249
0.507037
0.493612
0.511127
0.493069
0.52164
0.489428
0.515346
0.531957
0.523115
0.520766
0.598769
0.572386
0.496918
0.511821
0.582034
0.515337
0.532086
0.502796
0.514502
0.490768
0.526348
0.506757
0.500681
0.530996
0.524413
0.546717
0.527455
0.519529
0.513858
0.516697
0.517101
0.536522
0.509089
0.502383
0.567649
0.5092
0.494204
0.5476
0.545638
0.556039
0.524211
0.491062
0.514776
0.524406
0.515317
0.510468
0.519531
0.523129
0.520235
0.50155
0.583018
0.538157
0.530664
0.511657
0.551003
0.519763
0.520791
0.51336
0.529945
0.51041
0.50972
0.537681
0.50687
0.516226
0.520116
0.549582
0.522578
0.544587
0.492366
0.552108
0.534072
0.514313
0.507856
0.512039
0.510535
0.534169
0.495579
0.487082
0.497878
0.529446
0.583688
0.497035
0.485727
0.511175
0.4826
0.511888
0.592465
0.527373
0.528704
0.526486
0.521653
0.516264
0.523743
0.516342
0.519026
0.518453
0.509814
0.5069
0.51372
0.551983
0.507338
0.539221
0.499372
0.502231
0.518693
0.506947
0.51041
0.53101
0.501248
0.518654
0.513898
0.513024
0.495474
0.521625
0.518688
0.513369
0.516787
0.512966
0.50488
0.525638
0.522758
0.525449
0.497157
0.516761
0.513872
0.52865
0.530142
0.496463
0.50172
0.52322
0.537535
0.534514
0.525889
0.508528
0.504041
0.506392
0.53162
0.492727
0.494079
0.525734
0.527735
0.497172
0.542257
0.510346
0.497981
0.506694
0.603852
0.597331
0.521445
0.52223
0.574793
0.503804
0.491764
0.546916
0.509576
0.530697
0.524607
0.507689
0.529149
0.526097
0.527371
0.500338
0.507489
0.524384
0.491595
0.502282
0.51312
0.536927
0.500781
0.566003
0.522502
0.507026
0.51372
0.528672
0.509638
0.522899
0.478117
0.532642
0.520355
0.517074
0.591017
0.521003
0.503507
0.531767
0.506555
0.524062
0.488661
0.514869
0.507533
0.604777
0.557109
0.558728
0.517226
0.532788
0.509219
0.526118
0.548223
0.527393
0.498923
0.527679
0.509618
0.519947
0.532031
0.550102
0.517848
0.506149
0.530115
0.522465
0.51841
0.522796
0.507071
0.510084
0.512844
0.511116
0.52401
0.579867
0.527414
0.51654
0.526156
0.551696
0.503394
0.551154
0.526548
0.507658
0.507484
0.586976
0.49194
0.511103
0.5069
0.540207
0.527434
0.568847
0.537956
0.498202
0.530263
0.502676
0.505147
0.527327
0.580132
0.528523
0.518742
0.555244
0.520696
0.51633
0.509904
0.531975
0.491167
0.548038
0.503074
0.522064
0.552084
0.499596
0.522789
0.528116
0.513873
0.496853
0.508043
0.550896
0.527686
0.497943
0.535579
0.562462
0.503393
0.494196
0.523672
0.499056
0.496681
0.518252
0.556065
0.480191
0.550186
0.51963
0.521398
0.526518
0.516378
0.49295
0.526976
0.526542
0.508432
0.526912
0.511315
0.528083
0.491874
0.493983
0.518835
0.509654
0.510532
0.509343
0.520199
0.539839
0.515449
0.51331
0.495276
0.547752
0.520194
0.514915
0.488933
0.518296
0.594314
0.484231
0.516458
0.520923
0.520544
0.515905
0.518665
0.516983
0.502881
0.491802
0.532876
0.579334
0.563235
0.54061
0.505713
0.536491
0.514357
0.48563
0.502609
0.527178
0.510442
0.59392
0.529308
0.499171
0.501229
0.52847
0.528847
0.509651
0.524369
0.503636
0.521468
0.556078
0.519143
0.505383
0.495718
0.500243
0.519334
0.500554
0.559021
0.500046
0.514896
0.495937
0.52067
0.591636
0.520006
0.582699
0.495512
0.57206
0.540361
0.514398
0.517689
0.508371
0.606979
0.589541
0.500483
0.505724
0.534929
0.547935
0.53474
0.496272
0.522146
0.519441
0.50168
0.490214
0.539866
0.506318
0.504827
0.493112
0.542194
0.502283
0.51682
0.523451
0.52315
0.524478
0.524899
0.546711
0.509566
0.50379
0.513633
0.504937
0.564734
0.488367
0.525123
0.50604
0.541907
0.502221
0.520422
0.486419
0.485151
0.552731
0.525273
0.522281
0.514019
0.52143
0.543462
0.498731
0.532217
0.581528
0.517508
0.526216
0.50128
0.506599
0.59522
0.543944
0.525934
0.587755
0.528391
0.488832
0.507349
0.506419
0.508067
0.541257
0.520024
0.498095
0.514658
0.565862
0.5137
0.492171
0.51151
0.497184
0.52055
0.506324
0.509776
0.508583
0.54232
0.486854
0.490588
0.526289
0.510049
0.520329
0.561498
0.531291
0.52228
0.56493
0.492156
0.526861
0.528701
0.492698
0.512247
0.523133
0.520579
0.529616
0.523107
0.528202
0.529429
0.577999
0.605688
0.532274
0.569127
0.523127
0.514405
0.503921
0.52023
0.526815
0.573175
0.495936
0.509355
0.52219
0.534453
0.493639
0.512245
0.506592
0.537612
0.508394
0.576449
0.545148
0.508967
0.525248
0.492403
0.511558
0.514484
0.529303
0.531686
0.493742
0.494383
0.509606
0.497339
0.527367
0.518626
0.512731
0.540287
0.529837
0.507324
0.516049
0.55322
0.515602
0.50704
0.517848
0.493559
0.522023
0.518199
0.488116
0.49745
0.488658
0.553249
0.564219
0.568437
0.591749
0.533417
0.502609
0.490666
0.519714
0.52986
0.522717
0.565939
0.549244
0.562146
0.510338
0.524662
0.515475
0.559002
0.595329
0.52168
0.534813
0.493873
0.537161
0.503065
0.496643
0.528162
0.490363
0.470585
0.493988
0.538348
0.494042
0.508094
0.53628
0.552639
0.523761
0.533342
0.519285
0.527596
0.517689
0.490559
0.565456
0.516593
0.522816
0.529161
0.514854
0.491316
0.531253
0.503634
0.524719
0.528626
0.531144
0.484737
0.517043
0.521713
0.504689
0.500828
0.525931
0.5349
0.528656
0.519825
0.58553
0.561005
0.624432
0.500128
0.527982
0.573764
0.491378
0.521227
0.524731
0.532338
0.511212
0.492901
0.529374
0.486446
0.486964
0.504581
0.533761
0.513829
0.511501
0.570549
0.563859
0.567678
0.51434
0.513908
0.520995
0.562896
0.570238
0.565108
0.520979
0.532934
0.560728
0.520209
0.528758
0.530232
0.516935
0.483744
0.529215
0.537817
0.531264
0.525066
0.527039
0.499773
0.526116
0.523609
0.49604
0.517263
0.529268
0.531864
0.492512
0.504986
