0.53605
0.519061
0.533327
0.529857
0.533814
0.534369
0.535691
0.475416
0.48727
0.508611
0.510702
0.569583
0.589262
0.527874
0.525062
0.52146
0.525141
0.508021
0.528371
0.558219
0.512684
0.502322
0.5268
0.528536
0.529762
0.562347
0.542068
0.599482
0.526703
0.504622
0.503124
0.508867
0.49979
0.486647
0.502166
0.584046
0.53828
0.516903
0.51508
0.51683
0.518015
0.489152
0.545923
0.548827
0.526498
0.530162
0.523207
0.499273
0.520617
0.540685
0.541001
0.515479
0.530178
0.530379
0.531619
0.533783
0.583527
0.493924
0.53611
0.487255
0.486685
0.544015
0.544964
0.568411
0.616864
0.616921
0.518889
0.522419
0.521237
0.513869
0.517764
0.525604
0.525193
0.516455
0.511029
0.514944
0.503351
0.53019
0.527453
0.526899
0.562623
0.56179
0.551867
0.519392
0.522786
0.515816
0.517907
0.519255
0.520822
0.496247
0.485776
0.521589
0.517244
0.498209
0.504582
0.505743
0.52531
0.5237
0.522636
0.508886
0.50212
0.534171
0.526199
0.536211
0.490071
0.49463
0.52901
0.513979
0.513674
0.577135
0.531342
0.531214
0.528009
0.545389
0.542565
0.57111
0.526412
0.511569
0.50827
0.547378
0.521454
0.518832
0.517069
0.476775
0.519068
0.526539
0.51607
0.514449
0.517849
0.557582
0.490035
0.49101
0.495025
0.49641
0.508131
0.521802
0.590696
0.586682
0.530564
0.49511
0.488798
0.482544
0.502797
0.493821
0.546191
0.505516
0.512732
0.507589
0.517908
0.513485
0.576864
0.522578
0.519415
0.513243
0.519345
0.522035
0.528214
0.527601
0.486001
0.533379
0.531448
0.584002
0.600085
0.519969
0.534223
0.53379
0.516917
0.507818
0.520654
0.522991
0.48437
0.489488
0.494541
0.493599
0.478376
0.501561
0.489401
0.518125
0.514495
0.516631
0.508633
0.517886
0.52265
0.524313
0.521873
0.487915
0.541152
0.546875
0.529662
0.489672
0.476372
0.496237
0.534204
0.53079
0.512326
0.509372
0.542461
0.537997
0.591269
0.564453
0.518116
0.518834
0.539377
0.541358
0.531219
0.532008
0.597389
0.615283
0.491945
0.568247
0.580765
0.590548
0.515457
0.502033
0.464953
0.482232
0.4751
0.495377
0.520036
0.524155
0.521367
0.510463
0.5312
0.527444
0.528352
0.528729
0.526972
0.54533
0.574411
0.571939
0.574091
0.521025
0.521064
0.52117
0.487754
0.486712
0.568666
0.57545
0.47845
0.489444
0.563582
0.544555
0.498785
0.538741
0.533182
0.493625
0.523441
0.602062
0.499392
0.518124
0.51942
0.583156
0.530402
0.52629
0.490763
0.492676
0.491086
0.493914
0.501531
0.501678
0.568044
0.555434
0.519138
0.520333
0.581883
0.585924
0.488681
0.513582
0.518089
0.566435
0.572255
0.528859
0.521207
0.504667
0.511932
0.509555
0.500794
0.52058
0.520582
0.517963
0.524164
0.517968
0.518086
0.513648
0.62905
0.605127
0.530085
0.676631
0.612185
0.521388
0.519461
0.520718
0.613251
0.488512
0.488735
0.488605
0.519895
0.524094
0.524999
0.527872
0.524648
0.521391
0.520686
0.519389
0.517992
0.51338
0.512957
0.5161
0.492204
0.514762
0.523812
0.516595
0.514118
0.536081
0.539944
0.533295
0.552319
0.534113
0.540058
0.503401
0.508711
0.514998
0.519561
0.502469
0.509089
0.5214
0.514626
0.525765
0.522365
0.529777
0.531093
0.53487
0.522633
0.495901
0.49212
0.503088
0.501488
0.543567
0.530114
0.520269
0.532405
0.552573
0.557033
0.517447
0.535914
0.499762
0.497558
0.49637
0.474979
0.508762
0.516526
0.520893
0.520612
0.525653
0.518224
0.520089
0.521828
0.529881
0.536103
0.605828
0.523535
0.523686
0.53493
0.533805
0.528902
0.504044
0.511447
0.501175
0.515032
0.518287
0.574822
0.508616
0.522018
0.528779
0.53522
0.536073
0.539064
0.602595
0.487016
0.530973
0.524526
0.526618
0.528477
0.501501
0.499433
0.534492
0.537572
0.494768
0.538582
0.539362
0.480327
0.588212
0.585834
0.538373
0.484158
0.500497
0.48197
0.486691
0.51081
0.505212
0.505969
0.52178
0.524984
0.564841
0.555299
0.514896
0.526375
0.552885
0.552516
0.522815
0.595484
0.593266
0.504661
0.507658
0.501819
0.525872
0.602354
0.604751
0.498388
0.51599
0.491185
0.547317
0.553335
0.544445
0.538738
0.542313
0.53796
0.546714
0.51992
0.563936
0.529975
0.530913
0.524368
0.527513
0.552929
0.524454
0.504658
0.499145
0.508241
0.502866
0.505648
0.5092
0.513887
0.51699
0.499736
0.494969
0.534544
0.531915
0.532797
0.522614
0.518406
0.519516
0.516184
0.524284
0.522031
0.496813
0.522205
0.512607
0.512386
0.509509
0.506641
0.512667
0.501574
0.515392
0.501845
0.500793
0.597023
0.599571
0.584464
0.588218
0.60419
0.610525
0.523102
0.521979
0.519815
0.513113
0.520212
0.520636
0.520057
0.516002
0.520054
0.525457
0.521157
0.524349
0.5704
0.526772
0.514838
0.519189
0.52149
0.518763
0.556712
0.539837
0.56913
0.592349
0.513854
0.531026
0.516881
0.510406
0.51419
0.537012
0.539652
0.519818
0.511623
0.504597
0.513346
0.51673
0.528586
0.524039
0.526051
0.528766
0.524337
0.515496
0.513932
0.496922
0.532293
0.520296
0.523553
0.517055
0.509311
0.508417
0.524599
0.527386
0.526666
0.502963
0.497767
0.502937
0.578649
0.583903
0.589226
0.528561
0.529109
0.526887
0.49904
0.500822
0.53523
0.55956
0.52949
0.512079
0.504858
0.496454
0.581124
0.509354
0.518176
0.504886
0.522874
0.52732
0.527087
0.557582
0.469256
0.475369
0.533243
0.523702
0.529364
0.530733
0.4911
0.490224
0.486941
0.5313
0.568191
0.514785
0.517509
0.565801
0.517865
0.513704
0.514364
0.542922
0.521738
0.520057
0.515288
0.511776
0.538989
0.514367
0.514399
0.566854
0.597385
0.523277
0.525017
0.527491
0.502959
0.488356
0.482087
0.531333
0.573805
0.583863
0.503728
0.556289
0.550424
0.496063
0.498295
0.48211
0.518787
0.525704
0.519182
0.521326
0.514176
0.494978
0.619722
0.463555
0.518608
0.524597
0.523291
0.523141
0.516693
0.519983
0.518021
0.511058
0.528135
0.525917
0.495375
0.517405
0.508784
0.507722
0.510361
0.519478
0.511811
0.505373
0.513478
0.500569
0.527144
0.4961
0.535106
0.505884
0.511188
0.521859
0.530446
0.535006
0.527177
0.528124
0.50907
0.521044
0.603613
0.504355
0.527795
0.592998
0.579302
0.570197
0.48336
0.494239
0.494633
0.500878
0.516289
0.531748
0.522781
0.541236
0.533294
0.523461
0.527121
0.52435
0.522456
0.52431
0.529161
0.52768
0.581009
0.522776
0.531923
0.515486
0.506132
0.524757
0.631599
0.647061
0.516407
0.506709
0.522868
0.523163
0.522222
0.536274
0.510454
0.534071
0.532079
0.515475
0.60363
0.577615
0.505337
0.489391
0.532493
0.522823
0.522394
0.521449
0.524319
0.554806
0.560269
0.57193
0.5082
0.546841
0.540326
0.573397
0.563007
0.534552
0.530426
0.600555
0.528654
0.514848
0.508798
0.528675
0.483631
0.503072
0.574541
0.561774
0.567441
0.523685
0.524549
0.523535
0.5233
0.5243
0.522153
0.527305
0.525324
0.507961
0.495213
0.525064
0.527654
0.577902
0.529218
0.526963
0.564844
0.542346
0.520513
0.514998
0.527397
0.569754
0.568642
0.503005
0.508749
0.507748
0.517743
0.526063
0.52867
0.548738
0.48527
0.494157
0.509358
0.500845
0.5119
0.490476
0.496888
0.531794
0.517779
0.508957
0.548874
0.48996
0.494879
0.525172
0.509593
0.526184
0.52423
0.553
0.540213
0.5399
0.522924
0.520374
0.523956
0.522954
0.522249
0.528204
0.492947
0.507179
0.54143
0.539198
0.543971
0.522756
0.521583
0.566925
0.587816
0.561725
0.558569
0.511339
0.57157
0.565449
0.502432
0.494203
0.516743
0.508459
0.514756
0.52464
0.516193
0.533919
0.496714
0.519063
0.506908
0.51052
0.532717
0.501303
0.484185
0.502069
0.592358
0.522812
0.524014
0.522675
0.52239
0.489529
0.522584
0.532194
0.524387
0.501989
0.510687
0.503308
0.509927
0.508488
0.511122
0.509664
0.505988
0.521791
0.493569
0.527289
0.523086
0.520075
0.513891
0.549975
0.512689
0.519574
0.52408
0.488806
0.487261
0.519607
0.558874
0.559203
0.635587
0.519992
0.520368
0.520329
0.481985
0.495514
0.576899
0.516588
0.525732
0.532007
0.532827
0.528109
0.507188
0.517831
0.564721
0.530786
0.522123
0.519391
0.523324
0.519901
0.488911
0.492028
0.583016
0.618542
0.674718
0.534393
0.515283
0.523718
0.521243
0.502255
0.532365
0.516539
0.518223
0.517935
0.526151
0.534267
0.517773
0.509877
0.514887
0.497189
0.504293
0.539973
0.518062
0.604052
0.507524
0.516262
0.509154
0.578428
0.531203
0.502171
0.533074
0.492096
0.566696
0.513373
0.53866
0.531944
0.520708
0.518577
0.513716
0.513714
0.520534
0.517749
0.576827
0.494595
0.567739
0.502648
0.530136
0.510151
0.527342
0.490777
0.497546
0.492835
0.518456
0.520243
0.525837
0.53386
0.520566
0.532022
0.525203
0.514818
0.522702
0.517335
0.492487
0.529617
0.51805
0.515056
0.524606
0.53301
0.529515
0.505099
0.497727
0.531253
0.530898
0.529307
0.530582
0.600566
0.493698
0.498183
0.499036
0.504145
0.520521
0.526582
0.526263
0.516914
0.525636
0.507246
0.517267
0.520098
0.491984
0.51959
0.509824
0.501118
0.522743
0.520086
0.515462
0.488273
0.480614
0.513782
0.52126
0.512269
0.519836
0.497244
0.502693
0.512998
0.496917
0.506674
0.492561
0.498689
0.528487
0.506895
0.488671
0.518028
0.592964
0.59352
0.518263
0.504385
0.526993
0.584551
0.561385
0.566143
0.575567
0.536734
0.527026
0.52954
0.525365
0.5153
0.511344
0.544242
0.503936
0.519345
0.523064
0.51801
0.556889
0.471119
0.478778
0.514164
0.52314
0.483057
0.486429
0.54989
0.542948
0.569612
0.570408
0.53241
0.526308
0.522589
0.510084
0.520141
0.536639
0.513005
0.5145
0.552183
0.522963
0.516453
0.573875
0.495977
0.48302
0.5193
0.638394
0.613869
0.510696
0.512144
0.529702
0.534731
0.516062
0.517172
0.607144
0.517994
0.517626
0.515679
0.537064
0.547255
0.490268
0.544474
0.547323
0.536007
0.561568
0.567639
0.524886
0.526479
0.529734
0.481787
0.494555
0.524884
0.556081
0.523299
0.519331
0.559537
0.515335
0.516132
0.477972
0.489048
0.488062
0.484498
0.520143
0.519773
0.516018
0.512673
0.525484
0.489405
0.488534
0.526784
0.576621
0.580084
0.56333
0.483412
0.472425
0.517309
0.514793
0.523552
0.532856
0.516283
0.514554
0.584354
0.587097
0.493669
0.486436
0.49855
0.488674
0.52602
0.527511
0.563971
0.518183
0.523791
0.494716
0.488957
0.499351
0.508608
0.525942
0.569857
0.591719
0.484781
0.482431
0.482684
0.522644
0.524554
0.520508
0.557486
0.530863
0.585037
0.593038
0.518686
0.560239
0.582454
0.471169
0.487933
0.502896
0.528484
0.5366
0.526462
0.508565
0.487119
0.563662
0.541288
0.517287
0.525238
0.523623
0.566145
0.559335
0.518206
0.577693
0.513843
0.498358
0.512551
0.465442
0.489392
0.526242
0.52643
0.588845
0.575163
0.515523
0.50336
0.491838
0.517252
0.513624
0.574316
0.500969
0.504951
0.512853
0.513147
0.511458
0.530196
0.525959
0.516127
0.532161
0.517908
0.517965
0.519542
0.54426
0.522621
0.517653
0.497941
0.515295
0.515949
0.533825
0.49513
0.513456
0.522235
0.532507
0.531367
0.492545
0.523314
0.522648
0.529033
0.507542
0.538723
0.489124
0.488306
0.484194
0.485924
0.515451
0.520463
0.515932
0.558999
0.513532
0.515588
0.640621
0.516583
0.494602
0.495845
0.520146
0.518254
0.527771
0.513808
0.519862
0.532686
0.524583
0.527423
0.520429
0.527484
0.608212
0.593107
0.579309
0.518816
0.514845
0.516888
0.514902
0.534057
0.533397
0.527603
0.523204
0.523427
0.537827
0.590284
0.505601
0.503106
0.504278
0.52388
0.526699
0.565953
0.618157
0.599112
0.535486
0.576438
0.522958
0.518924
0.52751
0.530266
0.517784
0.530213
0.474077
0.56512
0.566262
0.591863
0.586736
0.518595
0.566125
0.476614
0.484236
0.59735
0.576407
0.520673
0.525623
0.516599
0.504807
0.49245
0.522671
0.530142
0.52737
0.507053
0.554432
0.560643
0.524893
0.528524
0.500075
0.526155
0.528381
0.536147
0.502722
0.509859
0.491139
0.48144
0.498925
0.494913
0.500133
0.501927
0.612301
0.605711
0.49527
0.496306
0.514166
0.576445
0.520616
0.50375
0.539289
0.514767
0.511235
0.519407
0.497115
0.520959
0.511218
0.515905
0.515301
0.552954
0.55694
0.53357
0.534911
0.536307
0.522041
0.525197
0.516416
0.518839
0.476204
0.517316
0.524107
0.524731
0.498177
0.586559
0.533241
0.536724
0.504942
0.520162
0.542579
0.492741
0.600758
0.521793
0.568305
0.591279
0.586591
0.506815
0.525889
0.519594
0.492069
0.528623
0.540563
0.541689
0.555349
0.495343
0.502993
0.524378
0.523967
0.523678
0.515856
0.522167
0.513347
0.543527
0.529836
0.516626
0.534732
0.541263
0.517675
0.535185
0.494507
0.520001
0.5249
0.5043
0.520521
0.582975
0.537433
0.563622
0.509774
0.528655
0.530569
0.516958
0.565482
0.526751
0.521231
0.526946
0.496501
0.559837
0.551912
0.474066
0.495167
0.505499
0.520805
0.536149
0.539519
0.532506
0.494496
0.521983
0.52252
0.560401
0.521916
0.506165
0.530644
0.529102
0.532238
0.6136
0.512352
0.528976
0.541659
0.509914
0.525444
0.523711
0.525111
0.473914
0.522717
0.47926
0.51677
0.587678
0.591913
0.577731
0.515538
0.525871
0.562152
0.49293
0.635182
0.518978
0.508215
0.51381
0.470473
0.516224
0.519611
0.537801
0.540631
0.498801
0.534552
0.472134
0.494359
0.495168
0.510609
0.514443
0.532835
0.522334
0.523926
0.517348
0.581597
0.517998
0.5305
0.512289
0.513468
0.496726
0.581506
0.576785
0.530657
0.500616
0.527716
0.558268
0.473688
0.521878
0.560833
0.494968
0.642907
0.621274
0.567311
0.566158
0.529163
0.536583
0.569602
0.504013
0.49012
0.542344
0.491237
0.499623
0.516556
0.538255
0.537127
0.564266
0.477284
0.55585
0.508359
0.578634
0.533909
0.517582
0.51494
0.473486
0.49951
0.498671
0.50103
0.534923
0.529156
0.524511
0.534003
0.52083
0.525365
0.519406
0.577975
0.577935
0.528373
0.519773
0.564805
0.52796
0.485278
0.52103
0.564499
0.642423
0.553231
0.555629
0.54066
0.498719
0.539712
0.525183
0.532256
0.531583
0.475209
0.518012
0.496214
0.500637
0.529738
0.605934
0.539386
0.549152
0.526252
0.562648
0.487001
0.525561
0.512938
0.514485
0.54084
0.515122
0.504762
0.570777
0.531819
0.528081
0.526127
0.52582
0.5155
0.561735
0.486453
0.635252
0.532125
0.535991
0.495559
0.511036
0.493315
0.520929
0.512235
0.5156
0.515619
0.507547
0.520833
0.527498
0.535544
0.521108
0.547889
0.530523
0.524294
0.495677
0.498768
0.492112
0.529477
0.48072
0.503719
0.486134
0.469887
0.488658
0.484785
0.519519
0.503459
0.557368
0.505131
0.48415
0.548249
0.540383
0.535076
0.580801
0.581489
0.528042
0.516484
0.497942
0.501669
0.598278
0.527398
0.516998
0.533914
0.476689
0.520795
0.521217
0.522983
0.558811
0.549929
0.515422
0.528162
0.530886
0.532499
0.488627
0.53816
0.536082
0.543528
0.500566
0.513664
0.589164
0.615536
0.595479
0.525215
0.514497
0.47294
0.504695
0.472314
0.488361
0.582418
0.546362
0.522265
0.5034
0.564313
0.600706
0.529769
0.488603
0.571662
0.530523
0.519424
0.476792
0.526872
0.519141
0.488684
0.517292
0.528005
0.523649
0.487655
0.528325
0.470886
0.534236
0.574261
0.546519
0.577262
0.522038
0.517014
0.506316
0.544495
0.498468
0.517656
0.606987
0.527063
0.508948
0.470095
0.526603
0.486056
0.521524
0.515439
0.513082
0.503431
0.530149
0.573309
0.584785
0.53236
0.539436
0.485318
0.517657
0.518697
0.485694
0.488866
0.523682
0.522166
0.541091
0.520878
0.523538
0.525185
0.494738
0.520063
0.523561
0.523993
0.521574
0.529947
0.529547
0.51534
0.587488
0.484894
0.528672
0.546778
0.516102
0.512197
0.508048
0.529614
0.490242
0.49519
0.568899
0.514564
0.574866
0.571211
0.562392
0.564368
0.551845
0.53895
0.527038
0.532081
0.520567
0.519982
0.56964
0.601394
0.529711
0.488921
0.571212
0.487557
0.485974
0.53
0.51231
0.519488
0.497977
0.57311
0.532669
0.532708
0.519957
0.519681
0.601752
0.520498
0.560844
0.55446
0.565017
0.547701
0.533554
0.498596
0.52284
0.668372
0.511819
0.572805
0.491153
0.485332
0.522223
0.499042
0.513573
0.521482
0.48098
0.483488
0.524401
0.560537
0.536321
0.52034
0.54106
0.583327
0.517888
0.528621
0.519422
0.522696
0.621755
0.522243
0.543623
0.518791
0.569039
0.570958
0.546323
0.523896
0.56258
0.489403
0.531921
0.526386
0.510479
0.52563
0.524967
0.505415
0.563333
0.531495
0.588722
0.562108
0.529528
0.51658
0.520611
0.5242
0.568827
0.532497
0.559914
0.573748
0.509109
0.553317
0.566866
0.525271
0.518019
0.498755
0.525566
0.527511
0.565401
0.52082
0.583355
0.513824
0.497068
0.520633
0.498294
0.544686
0.522997
0.516939
0.521991
0.520393
0.522255
0.53035
0.517257
0.518694
0.545941
0.51586
0.507125
0.513549
0.517731
0.486855
0.52771
0.530441
0.533105
0.53013
0.498232
0.521168
0.525281
0.567869
0.487566
0.480625
0.464505
0.554114
0.534927
0.577854
0.570317
0.562017
0.537389
0.584375
0.542939
0.520708
0.533553
0.528924
0.517825
0.532494
0.521424
0.494366
0.509899
0.572583
0.503548
0.491119
0.591735
0.506305
0.535574
0.535505
0.523146
0.54635
0.533902
0.496911
0.499464
0.515264
0.533983
0.490656
0.472598
0.524196
0.490542
0.526756
0.506122
0.482435
0.616666
0.463097
0.525506
0.536894
0.521576
0.598122
0.548515
0.589265
0.509578
0.519124
0.537584
0.503863
0.506387
0.487605
0.480863
0.480814
0.525153
0.486063
0.52762
0.481739
0.48437
0.498099
0.518455
0.49979
0.582696
0.517389
0.519327
0.529759
0.493911
0.541659
0.526982
0.528724
0.523247
0.522593
0.495222
0.532316
0.608311
0.520264
0.484012
0.492073
0.527054
0.507701
0.505664
0.566908
0.518815
0.520901
0.517714
0.532577
0.509889
0.575812
0.521581
0.491805
0.533292
0.502052
0.536119
0.512793
0.531754
0.516717
0.505374
0.537629
0.538647
0.566392
0.564983
0.528964
0.528739
0.512581
0.489462
0.531361
0.520091
0.580325
0.516133
0.493641
0.562902
0.539295
0.599085
0.519541
0.577721
0.557937
0.491318
0.505093
0.523401
0.522105
0.519519
0.490503
0.540424
0.544791
0.53539
0.496412
0.570191
0.562165
0.505872
0.517979
0.51615
0.52636
0.532597
0.526949
0.51326
0.524818
0.531798
0.527702
0.527475
0.516376
0.530923
0.531619
0.507562
0.510673
0.502051
0.524713
0.561424
0.534173
0.52108
0.52027
0.519097
0.528462
0.527016
0.532028
0.528056
0.516439
0.545798
0.51977
0.513862
0.500131
0.51082
0.521504
0.52608
0.509782
0.53188
0.533057
0.574702
0.524471
0.527221
0.532637
0.530152
0.526265
0.534021
0.521891
0.512399
0.517098
0.528338
0.568621
0.505895
0.50325
0.502731
0.531594
0.521768
0.570994
0.554554
0.528895
0.52729
0.517192
0.568668
0.537646
0.489271
0.507035
0.498286
0.487882
0.523614
0.516896
0.529704
0.519447
0.582439
0.524683
0.491027
0.499757
0.521695
0.525801
0.52613
0.52485
0.516131
0.623399
0.505274
0.524615
0.525713
0.529651
0.522104
0.508586
0.502358
0.518907
0.52608
0.522196
0.516045
0.511907
0.527275
0.583839
0.507768
0.523602
0.501957
0.517487
0.581794
0.571787
0.528517
0.520094
0.561514
0.534941
0.520488
0.525423
0.511445
0.508616
0.504291
0.50941
0.502794
0.521886
0.513516
0.488524
0.525771
0.526933
0.516837
0.519249
0.516975
0.491966
0.488692
0.526558
0.541366
0.516927
0.520848
0.506327
0.546006
0.553514
0.52153
0.521337
0.521626
0.548857
0.499535
0.496321
0.502398
0.507598
0.530204
0.53231
0.51793
0.509445
0.597752
0.496383
0.502374
0.526577
0.531545
0.534599
0.524421
0.511211
0.529116
0.524286
0.530979
0.535836
0.538123
0.498257
0.526677
0.527216
0.492799
0.499231
0.505254
0.55745
0.508743
0.51517
0.56142
0.526014
0.500908
0.513021
0.517645
0.519834
0.528809
0.549505
0.530442
0.499874
0.514718
0.510965
0.517333
0.506618
0.565299
0.578802
0.550932
0.528082
0.528906
0.532696
0.538398
0.515984
0.508446
0.510843
0.50128
0.526288
0.580449
0.514396
0.510288
0.513993
0.523623
0.501425
0.499902
0.521998
0.559297
0.508798
0.496446
0.497249
0.546747
0.56266
0.506728
0.503141
0.518597
0.484282
0.499948
0.522473
0.528643
0.530593
0.48156
0.553833
0.503306
0.5295
0.500655
0.518797
0.55656
0.619951
0.568596
0.541718
0.544962
0.54954
0.517639
0.524238
0.526306
0.488506
0.541488
0.532021
0.499399
0.502867
0.523969
0.50324
0.528875
0.522636
0.501003
0.49806
0.577992
0.54051
0.531497
0.583535
0.522347
0.592952
0.512937
0.519859
0.594245
0.524418
0.527901
0.520731
0.512888
0.501863
0.512675
0.496535
0.52434
0.609995
0.503243
0.483747
0.533582
0.528667
0.532571
0.52993
0.546657
0.519777
0.548653
0.479561
0.499175
0.521613
0.52344
0.511781
0.505246
0.528316
0.55877
0.511972
0.537416
0.528159
0.569435
0.543561
0.526869
0.532011
0.581152
0.504154
0.520459
0.510066
0.500839
0.530251
0.523144
0.511344
0.54397
0.512667
0.509347
0.519762
0.521801
0.51142
0.529097
0.540957
0.532612
0.51265
0.52322
0.529754
0.56368
0.556852
0.503421
0.550273
0.531965
0.568793
0.531659
0.52022
0.490911
0.594211
0.518875
0.516759
0.599727
0.493807
0.506658
0.505959
0.509615
0.498034
0.52713
0.498861
0.496269
0.509876
0.530368
0.504323
0.528422
0.521788
0.512221
0.506191
0.515303
0.561606
0.498664
0.535378
0.545905
0.53771
0.497159
0.5655
0.527376
0.518498
0.518725
0.528919
0.528092
0.524711
0.510896
0.511439
0.503049
0.489458
0.494672
0.507963
0.521905
0.549742
0.529144
0.543992
0.564614
0.551555
0.546983
0.527192
0.531946
0.497636
0.487937
0.521408
0.53865
0.485175
0.51564
0.527704
0.519499
0.518039
0.517043
0.522506
0.50657
0.490689
0.53025
0.521909
0.522696
0.518241
0.514297
0.488906
0.518344
0.535356
0.500132
0.49935
0.521928
0.516233
0.524808
0.513063
0.507647
0.526162
0.530149
0.547786
0.511908
0.524095
0.595512
0.509519
0.525635
0.573622
0.558981
0.506712
0.51855
0.516463
0.510854
0.51979
0.524996
0.503779
0.518608
0.517225
0.521466
0.526566
0.519047
0.557172
0.489606
0.492091
0.525854
0.519943
0.557925
0.506001
0.520679
0.525481
0.522908
0.510593
0.561957
0.524285
0.55828
0.538234
0.521017
0.53123
0.535339
0.571498
0.5194
0.486038
0.499669
0.538066
0.48839
0.517736
0.523053
0.49682
0.503291
0.52478
0.536558
0.582993
0.522085
0.523563
0.561018
0.533697
0.533217
0.492003
0.517954
0.509448
0.53194
0.57905
0.502171
0.496418
0.537145
0.491257
0.515015
0.535225
0.546017
0.525283
0.519248
0.482657
0.571816
0.511327
0.516886
0.519122
0.512656
0.579635
0.553301
0.524569
0.519287
0.522918
0.520981
0.530387
0.576659
0.520599
0.561336
0.608013
0.537391
0.51592
0.500573
0.552283
0.526368
0.547222
0.550861
0.521829
0.598247
0.496112
0.535349
0.514802
0.516718
0.514378
0.520093
0.52801
0.49596
0.527807
0.589448
0.578514
0.555218
0.493272
0.534063
0.50638
0.539971
0.520103
0.517142
0.515008
0.4949
0.575046
0.523367
0.494068
0.561876
0.490884
0.522333
0.509318
0.510199
0.526211
0.521182
0.532102
0.529036
0.517196
0.535061
0.516617
0.55377
0.530733
0.50353
0.52498
0.501137
0.525898
0.570322
0.518913
0.521641
0.524648
0.525122
0.599176
0.525733
0.519347
0.52292
0.518079
0.528477
0.5889
0.534984
0.530442
0.591841
0.507442
0.524417
0.514795
0.51309
0.483885
0.597271
0.526945
0.525148
0.527093
0.522315
0.524636
0.595591
0.514916
0.563193
0.569581
0.523078
0.510141
0.511107
0.518238
0.532303
0.519094
0.564909
0.593045
0.516032
0.571465
0.496436
0.507503
0.494413
0.529595
0.496141
0.640691
0.523071
0.585612
0.611423
0.572011
0.531404
0.510173
0.505316
0.505895
0.522184
0.506324
0.589454
0.489918
0.530671
0.564398
0.526381
0.519828
0.517425
0.523199
0.583784
0.500411
0.508117
0.50849
0.501128
0.525447
0.522846
0.596791
0.520363
0.507596
0.522625
0.516303
0.598079
0.549301
0.517161
0.508779
0.532397
0.50454
0.522505
0.517034
0.510347
0.513735
0.50594
0.522874
0.493389
0.533126
0.512691
0.530576
0.492563
0.536776
0.535375
0.540052
0.497267
0.52484
0.590471
0.529229
0.497202
0.494554
0.486698
0.520932
0.506922
0.504296
0.509667
0.518449
0.515437
0.492449
0.522919
0.525767
0.492073
0.481326
0.50673
0.512768
0.535755
0.523232
0.585297
0.564908
0.525957
0.516793
0.514465
0.517668
0.542542
0.495699
0.4946
0.502221
0.526313
0.542859
0.568819
0.491168
0.521324
0.523632
0.488429
0.580995
0.487721
0.514654
0.521537
0.527215
0.519467
0.485284
0.528418
0.52682
0.536291
0.50501
0.501267
0.485455
0.530341
0.520334
0.550484
0.531341
0.507227
0.498086
0.53087
0.584442
0.524784
0.489708
