0.532928
0.534762
0.535497
0.502765
0.530375
0.530838
0.535098
0.532925
0.531559
0.473452
0.509586
0.513337
0.512344
0.564464
0.582633
0.542423
0.543582
0.519401
0.49949
0.505471
0.521197
0.519589
0.525853
0.528926
0.529051
0.520426
0.573475
0.557453
0.491946
0.489481
0.525009
0.527231
0.52511
0.602498
0.603943
0.599903
0.583946
0.588149
0.540939
0.533367
0.495931
0.501509
0.499972
0.510787
0.503617
0.496324
0.500103
0.57002
0.552003
0.539318
0.534899
0.514037
0.49664
0.519989
0.507219
0.525373
0.484813
0.483607
0.475448
0.53409
0.491846
0.499952
0.531868
0.532539
0.503263
0.505147
0.532876
0.52155
0.53329
0.59577
0.526967
0.521464
0.534499
0.480866
0.563052
0.564927
0.573141
0.59573
0.558653
0.574183
0.571625
0.569754
0.524413
0.513784
0.520848
0.525212
0.526675
0.511269
0.526619
0.524636
0.534204
0.534889
0.5343
0.52685
0.521631
0.550294
0.551939
0.558904
0.514297
0.506888
0.513674
0.515183
0.518031
0.51904
0.511497
0.506895
0.517096
0.533121
0.531099
0.530578
0.497391
0.501653
0.505479
0.503689
0.505917
0.530692
0.528639
0.524985
0.504319
0.507101
0.482868
0.487908
0.526007
0.50905
0.513721
0.568571
0.531772
0.53225
0.469824
0.537263
0.558251
0.566391
0.54733
0.518001
0.519505
0.494202
0.518751
0.527772
0.534124
0.499154
0.552953
0.542876
0.477474
0.486074
0.491402
0.560147
0.56904
0.507377
0.506911
0.521451
0.517073
0.526253
0.574747
0.540162
0.53695
0.517028
0.507786
0.504802
0.491934
0.515162
0.52967
0.530475
0.533308
0.534785
0.519673
0.576818
0.522032
0.511943
0.514203
0.529571
0.528614
0.495607
0.496496
0.487403
0.520481
0.529498
0.524051
0.519932
0.517239
0.595729
0.510654
0.514812
0.530444
0.521969
0.514348
0.524944
0.488932
0.488217
0.501261
0.482011
0.495486
0.501256
0.524154
0.540913
0.508791
0.52341
0.509327
0.510061
0.515637
0.534322
0.534729
0.554208
0.56718
0.541147
0.487246
0.492391
0.520371
0.478397
0.53667
0.519947
0.593602
0.554654
0.54773
0.518107
0.506699
0.599432
0.586259
0.611799
0.616994
0.604622
0.50405
0.517287
0.513939
0.549428
0.518413
0.539833
0.518634
0.527737
0.525487
0.489988
0.522201
0.517841
0.555052
0.549725
0.56876
0.522301
0.518691
0.503828
0.50119
0.628581
0.51054
0.463264
0.488024
0.474403
0.492327
0.487167
0.478323
0.688908
0.628264
0.500146
0.528887
0.532406
0.532096
0.509483
0.596087
0.579575
0.608244
0.523876
0.526315
0.521497
0.525826
0.548094
0.573889
0.521988
0.520693
0.572403
0.497965
0.507765
0.505778
0.484631
0.608346
0.538349
0.487842
0.528487
0.538236
0.484297
0.525629
0.535459
0.48926
0.496417
0.524309
0.515516
0.495764
0.536591
0.536024
0.532158
0.519344
0.519075
0.530986
0.497907
0.504407
0.508342
0.497686
0.582502
0.585026
0.50029
0.52553
0.525956
0.553788
0.502337
0.518336
0.523538
0.472612
0.478214
0.514993
0.517088
0.565454
0.551594
0.590197
0.496264
0.526883
0.523574
0.547614
0.55269
0.484741
0.484978
0.518749
0.519775
0.513535
0.520545
0.507742
0.519301
0.517284
0.514333
0.50893
0.507278
0.502055
0.532931
0.600215
0.575302
0.568948
0.518326
0.465459
0.478995
0.517452
0.519277
0.514452
0.526285
0.53033
0.519445
0.533253
0.526074
0.537365
0.541778
0.516448
0.518901
0.521105
0.513706
0.510562
0.531279
0.489178
0.4847
0.516362
0.516432
0.530142
0.515897
0.515838
0.548882
0.499768
0.541025
0.560495
0.530889
0.544915
0.548253
0.561317
0.518538
0.512179
0.520255
0.511612
0.50989
0.538923
0.492217
0.495068
0.504193
0.499558
0.494079
0.549851
0.524462
0.51807
0.534153
0.531255
0.494876
0.568098
0.552711
0.51237
0.514729
0.530643
0.509242
0.529164
0.524328
0.530414
0.52364
0.536634
0.546236
0.526909
0.533765
0.511423
0.541963
0.530772
0.521491
0.526769
0.513568
0.534453
0.536298
0.503501
0.518346
0.50081
0.555415
0.533449
0.526939
0.50692
0.525321
0.532654
0.515802
0.483507
0.521341
0.50853
0.525553
0.527856
0.535538
0.528453
0.504629
0.501857
0.530458
0.536036
0.498439
0.472119
0.483797
0.572457
0.575122
0.567396
0.485326
0.488627
0.485305
0.487585
0.485372
0.496471
0.51366
0.527187
0.608309
0.477131
0.473824
0.525281
0.530318
0.565169
0.509187
0.511655
0.519087
0.577413
0.502378
0.507368
0.497797
0.569839
0.494241
0.494352
0.515702
0.488791
0.550492
0.54255
0.538813
0.526658
0.525733
0.525127
0.500572
0.534618
0.535975
0.539128
0.559399
0.554422
0.543712
0.52995
0.530468
0.527687
0.52241
0.563618
0.504914
0.485394
0.507108
0.498258
0.527882
0.516673
0.492947
0.533121
0.521423
0.538409
0.531882
0.521542
0.516817
0.528942
0.522415
0.533408
0.510393
0.497358
0.516838
0.524789
0.566918
0.497379
0.512729
0.502712
0.54985
0.617812
0.584038
0.645291
0.497874
0.525502
0.520664
0.519075
0.518584
0.518235
0.520621
0.524386
0.524826
0.521311
0.565019
0.557585
0.527844
0.507848
0.519267
0.516555
0.550081
0.543058
0.584814
0.486334
0.515741
0.517792
0.518555
0.514331
0.516744
0.517424
0.557588
0.546645
0.502462
0.498002
0.505728
0.487833
0.488341
0.519351
0.518107
0.525958
0.520297
0.519168
0.53597
0.529165
0.51846
0.528491
0.534681
0.51687
0.522755
0.497863
0.495085
0.528175
0.514661
0.509451
0.520904
0.508133
0.506049
0.528289
0.530321
0.502031
0.503377
0.489608
0.593143
0.569562
0.554381
0.554043
0.529584
0.530079
0.62607
0.506968
0.509606
0.546063
0.497471
0.50503
0.532441
0.515738
0.513754
0.515268
0.490328
0.549898
0.55585
0.539776
0.513889
0.519683
0.520669
0.505847
0.486088
0.533181
0.5331
0.530819
0.50997
0.52288
0.524432
0.53133
0.517027
0.513948
0.585378
0.522256
0.519459
0.512949
0.547757
0.551665
0.478503
0.525735
0.490948
0.605015
0.524566
0.51266
0.518576
0.517392
0.517954
0.509614
0.498341
0.542595
0.527516
0.505996
0.503746
0.491384
0.527846
0.539736
0.561282
0.516473
0.503246
0.523116
0.565492
0.525394
0.568513
0.565877
0.489587
0.487398
0.515901
0.513827
0.498639
0.559893
0.453228
0.472043
0.525946
0.52803
0.502777
0.515677
0.518165
0.529494
0.517475
0.508054
0.484619
0.525402
0.527559
0.495156
0.515394
0.504266
0.484267
0.514931
0.497284
0.503122
0.50065
0.530552
0.512381
0.510526
0.525716
0.505956
0.523725
0.492466
0.530344
0.538795
0.585939
0.57152
0.481262
0.489894
0.495251
0.498893
0.509317
0.50637
0.534309
0.527543
0.52966
0.52825
0.540651
0.532997
0.516754
0.525115
0.527886
0.491046
0.528719
0.528594
0.532479
0.535276
0.524889
0.523699
0.521096
0.516512
0.529965
0.520196
0.507789
0.50665
0.527909
0.504702
0.523138
0.521552
0.520181
0.535527
0.53381
0.534688
0.531984
0.513166
0.524179
0.515542
0.518804
0.526152
0.57643
0.576791
0.57536
0.521513
0.526568
0.525627
0.523885
0.504542
0.592172
0.649906
0.608975
0.547665
0.505441
0.576896
0.569275
0.572205
0.52825
0.523119
0.513169
0.580675
0.524012
0.517587
0.520203
0.505635
0.498888
0.504094
0.505348
0.577492
0.525581
0.529139
0.528835
0.535949
0.517026
0.515654
0.500956
0.525157
0.484731
0.484207
0.527714
0.520384
0.554654
0.564374
0.518755
0.494523
0.502912
0.522157
0.515065
0.515619
0.57518
0.583802
0.510846
0.515145
0.520445
0.52029
0.474689
0.484501
0.489686
0.533563
0.511921
0.504624
0.60254
0.490421
0.497365
0.542112
0.533386
0.534579
0.499541
0.492077
0.601155
0.524882
0.525905
0.510258
0.483366
0.507218
0.512877
0.481848
0.528257
0.521529
0.526643
0.501774
0.564274
0.488636
0.483155
0.580874
0.6037
0.581774
0.577846
0.507911
0.559158
0.565203
0.501811
0.491877
0.511472
0.533773
0.513524
0.508473
0.504735
0.522099
0.532672
0.524873
0.526997
0.512566
0.508642
0.476287
0.528302
0.539676
0.530169
0.525709
0.519166
0.520671
0.461251
0.523371
0.484215
0.49357
0.495355
0.496289
0.513513
0.514291
0.517147
0.508806
0.504416
0.507213
0.509436
0.507123
0.517953
0.502331
0.494639
0.55618
0.513678
0.499489
0.511106
0.536094
0.524962
0.526629
0.565999
0.616156
0.634457
0.520444
0.515522
0.517916
0.519927
0.486255
0.486022
0.518071
0.508469
0.537961
0.532251
0.542602
0.509713
0.50885
0.521777
0.52087
0.525495
0.522045
0.543323
0.54512
0.517969
0.494287
0.476558
0.486852
0.583462
0.572964
0.561856
0.604249
0.527768
0.512971
0.522435
0.517764
0.538117
0.528509
0.525878
0.499283
0.525068
0.528939
0.534333
0.529848
0.60849
0.527374
0.526469
0.615993
0.601368
0.521428
0.49907
0.515645
0.531253
0.514002
0.524896
0.512983
0.514543
0.518158
0.519838
0.575075
0.549497
0.55937
0.515591
0.504541
0.502259
0.52321
0.571021
0.55992
0.547981
0.539854
0.526764
0.487462
0.496109
0.489792
0.517034
0.519315
0.49209
0.525221
0.525163
0.485388
0.53192
0.523405
0.51551
0.521345
0.562349
0.528102
0.522514
0.525728
0.488945
0.511635
0.548022
0.532994
0.473496
0.473427
0.534149
0.527041
0.526631
0.494794
0.601696
0.510981
0.500563
0.497917
0.501678
0.505547
0.599075
0.518653
0.523232
0.522218
0.524694
0.513047
0.497517
0.523804
0.517536
0.530722
0.517968
0.513929
0.518643
0.496899
0.523284
0.512359
0.46206
0.504719
0.504951
0.522229
0.52404
0.508278
0.536403
0.535053
0.504831
0.506885
0.505688
0.517514
0.499257
0.504283
0.495188
0.501781
0.497593
0.489326
0.516023
0.518197
0.497807
0.503789
0.513787
0.526297
0.560718
0.577505
0.511496
0.51066
0.5378
0.522051
0.513473
0.54181
0.549952
0.529134
0.504711
0.483127
0.522471
0.47606
0.486774
0.561036
0.552329
0.522277
0.49746
0.516188
0.528604
0.539932
0.511025
0.506973
0.537088
0.529151
0.549634
0.524967
0.518355
0.543949
0.588022
0.533281
0.499661
0.525584
0.624048
0.512198
0.510828
0.511301
0.516778
0.518679
0.640529
0.515898
0.522443
0.525691
0.541385
0.483189
0.546377
0.54751
0.537874
0.529685
0.56943
0.491539
0.537554
0.521304
0.517183
0.507493
0.479183
0.489982
0.487858
0.48601
0.529436
0.529246
0.521415
0.518852
0.526286
0.489967
0.49351
0.480711
0.470714
0.488839
0.482405
0.517204
0.522246
0.525193
0.520111
0.519219
0.515988
0.575665
0.581167
0.530741
0.490045
0.565118
0.569364
0.53159
0.556726
0.521838
0.49807
0.526342
0.524536
0.597717
0.608128
0.485258
0.483204
0.512603
0.517993
0.52379
0.528965
0.535453
0.529708
0.563508
0.570158
0.524309
0.62067
0.614724
0.533769
0.529846
0.528132
0.534387
0.557175
0.563989
0.533069
0.496323
0.523285
0.52518
0.586845
0.511771
0.518173
0.489437
0.528878
0.486933
0.545679
0.528802
0.527842
0.558287
0.529232
0.532895
0.508235
0.497777
0.457463
0.472337
0.522261
0.534607
0.51921
0.599179
0.48581
0.608488
0.61979
0.511912
0.508915
0.507322
0.603969
0.554757
0.504149
0.499845
0.502514
0.489195
0.529843
0.528347
0.535509
0.558612
0.522357
0.517445
0.510799
0.517245
0.53078
0.521777
0.48274
0.512716
0.506669
0.525897
0.529874
0.530837
0.490581
0.523902
0.528501
0.507147
0.558075
0.578535
0.487415
0.485018
0.481535
0.49142
0.515132
0.514762
0.527165
0.525518
0.512753
0.494107
0.528196
0.513354
0.517432
0.527656
0.524122
0.524816
0.529306
0.528297
0.574395
0.577029
0.52404
0.523184
0.519702
0.525023
0.528413
0.486316
0.484383
0.53842
0.534934
0.563288
0.50469
0.528976
0.530752
0.527387
0.533581
0.571107
0.480743
0.511
0.533975
0.55016
0.541028
0.530999
0.482113
0.554026
0.591094
0.615787
0.490036
0.541614
0.531047
0.519538
0.569273
0.57489
0.531625
0.529066
0.518404
0.509692
0.505492
0.526194
0.521609
0.505169
0.525566
0.528873
0.526146
0.531086
0.505511
0.490529
0.510832
0.510981
0.492991
0.493381
0.480049
0.490474
0.531969
0.501446
0.494081
0.489677
0.530221
0.562203
0.563618
0.517931
0.494517
0.499947
0.514882
0.558536
0.521248
0.528543
0.540292
0.543426
0.510831
0.495348
0.52906
0.513323
0.576024
0.576119
0.526399
0.541224
0.536533
0.528736
0.523205
0.532836
0.532888
0.51758
0.518765
0.521563
0.478429
0.526118
0.521584
0.517323
0.528163
0.528208
0.504131
0.499199
0.584518
0.479153
0.531347
0.533869
0.531321
0.516864
0.549227
0.518967
0.545061
0.568564
0.557061
0.512612
0.505649
0.590575
0.573842
0.575403
0.563595
0.563503
0.532081
0.532254
0.532025
0.530171
0.494311
0.523263
0.52536
0.51434
0.538839
0.541824
0.528277
0.533147
0.517073
0.492319
0.526164
0.506669
0.496098
0.473143
0.582201
0.51898
0.581983
0.578483
0.502101
0.528976
0.526249
0.50848
0.47396
0.531085
0.557523
0.558855
0.521508
0.540368
0.494383
0.556784
0.532952
0.598737
0.539632
0.498402
0.499769
0.530812
0.520394
0.513151
0.521027
0.513452
0.486271
0.488671
0.534048
0.541324
0.540016
0.527032
0.562736
0.512209
0.532897
0.505564
0.550257
0.498289
0.524299
0.522049
0.530996
0.544116
0.514713
0.512715
0.599434
0.53512
0.523725
0.529313
0.498116
0.521303
0.528149
0.519319
0.589386
0.602978
0.58608
0.523691
0.580624
0.557489
0.550954
0.492298
0.595052
0.519826
0.533963
0.509981
0.470517
0.474796
0.501038
0.490106
0.517469
0.535157
0.534859
0.512558
0.513542
0.52664
0.532783
0.510453
0.51939
0.520988
0.505826
0.503539
0.512272
0.515163
0.513192
0.489784
0.527161
0.524487
0.53097
0.522878
0.550563
0.458624
0.522543
0.497152
0.611692
0.576262
0.602712
0.499303
0.569885
0.492511
0.507152
0.541008
0.483449
0.47157
0.534526
0.596723
0.601516
0.546703
0.48443
0.49855
0.49678
0.502408
0.541507
0.521775
0.523485
0.488773
0.516222
0.514632
0.485888
0.516376
0.511195
0.523184
0.525641
0.517434
0.516681
0.587927
0.589263
0.527933
0.558303
0.527454
0.526913
0.480599
0.482912
0.609533
0.650612
0.632195
0.54157
0.545556
0.498273
0.538428
0.531831
0.602011
0.51727
0.487108
0.529088
0.529686
0.527815
0.53801
0.536883
0.537452
0.52592
0.523859
0.561576
0.49245
0.522727
0.511376
0.534854
0.51579
0.554085
0.579624
0.529153
0.53012
0.508692
0.485395
0.586812
0.548193
0.538229
0.535185
0.503037
0.521948
0.519375
0.479921
0.579856
0.519337
0.483696
0.584886
0.524365
0.517513
0.53479
0.515079
0.558764
0.483034
0.545267
0.537329
0.527883
0.520365
0.528629
0.517641
0.506355
0.478329
0.507095
0.479606
0.498511
0.553651
0.533213
0.502302
0.50499
0.474863
0.545472
0.629666
0.537952
0.505749
0.501921
0.500531
0.579888
0.529439
0.518279
0.534311
0.558179
0.526445
0.51743
0.531235
0.519134
0.521058
0.488437
0.491964
0.553987
0.517457
0.525278
0.530357
0.512951
0.533058
0.532427
0.486322
0.533446
0.527584
0.526778
0.531026
0.531079
0.50258
0.500512
0.511941
0.626439
0.51983
0.522842
0.527804
0.512106
0.479032
0.537829
0.531499
0.504692
0.611221
0.535643
0.547339
0.488059
0.484145
0.560669
0.534729
0.481667
0.515027
0.522419
0.526263
0.501847
0.527391
0.542357
0.512418
0.526705
0.523339
0.486339
0.563646
0.521918
0.523281
0.468651
0.486417
0.53122
0.519502
0.544977
0.575377
0.478106
0.51944
0.5032
0.513417
0.510851
0.544248
0.511342
0.51611
0.506917
0.521698
0.518312
0.572738
0.623549
0.550896
0.52384
0.533166
0.565687
0.516502
0.560456
0.575853
0.532374
0.545167
0.479495
0.51985
0.56358
0.473994
0.475241
0.526191
0.530807
0.522416
0.52528
0.526307
0.528159
0.487822
0.517564
0.535037
0.530522
0.513334
0.593075
0.576825
0.511164
0.510931
0.487699
0.526967
0.536219
0.528687
0.512729
0.490008
0.512339
0.580196
0.60065
0.589106
0.562878
0.562434
0.544548
0.539431
0.522286
0.532826
0.529933
0.532902
0.562145
0.486367
0.492282
0.545746
0.579119
0.520336
0.51994
0.511912
0.531309
0.608042
0.58829
0.508393
0.509915
0.51795
0.522271
0.518348
0.558574
0.556725
0.489306
0.567714
0.567123
0.567275
0.534403
0.541916
0.530405
0.572648
0.521133
0.60975
0.522714
0.508758
0.540936
0.492386
0.521893
0.521843
0.500903
0.580835
0.491974
0.538036
0.485598
0.508544
0.539977
0.538092
0.536624
0.480024
0.529188
0.526304
0.567689
0.517897
0.509657
0.539486
0.575179
0.51485
0.511274
0.473079
0.528328
0.528449
0.52039
0.484383
0.489713
0.524521
0.518253
0.531376
0.503566
0.509307
0.529645
0.534469
0.594068
0.590349
0.592376
0.527241
0.532585
0.51636
0.518937
0.511172
0.516975
0.515314
0.520604
0.491531
0.519186
0.513834
0.509799
0.543999
0.556083
0.500556
0.594755
0.519979
0.519985
0.51642
0.519899
0.536419
0.531969
0.52717
0.48224
0.524904
0.52488
0.54483
0.579749
0.51826
0.619037
0.52438
0.525606
0.547417
0.591925
0.563656
0.509737
0.523296
0.5288
0.524991
0.495507
0.508402
0.505464
0.532064
0.54169
0.528613
0.523506
0.494188
0.520062
0.516677
0.512997
0.509065
0.534981
0.518168
0.516964
0.52269
0.515115
0.523166
0.489536
0.479205
0.55399
0.585095
0.522384
0.527325
0.571986
0.567275
0.519237
0.513885
0.51276
0.544766
0.518597
0.53087
0.569389
0.512749
0.577587
0.521567
0.505367
0.517804
0.49338
0.496237
0.5369
0.533199
0.531205
0.532492
0.513109
0.506488
0.535017
0.534151
0.490072
0.520639
0.523712
0.485176
0.503938
0.537101
0.473675
0.54716
0.465771
0.518818
0.59435
0.535389
0.5132
0.520994
0.509247
0.509709
0.506369
0.488133
0.538205
0.480627
0.525782
0.482084
0.531778
0.519781
0.486805
0.488174
0.484536
0.531614
0.499291
0.485004
0.531889
0.498186
0.524535
0.569943
0.532179
0.527583
0.466243
0.535474
0.530094
0.530441
0.53387
0.4804
0.523508
0.519206
0.568687
0.490034
0.530669
0.523226
0.521749
0.504372
0.557874
0.506554
0.547923
0.483399
0.530598
0.521032
0.489761
0.475207
0.530552
0.531331
0.533888
0.503613
0.489698
0.574809
0.530375
0.515129
0.5336
0.483328
0.518207
0.531253
0.565396
0.499396
0.528207
0.56643
0.513716
0.507806
0.539343
0.525432
0.518336
0.524184
0.521817
0.536967
0.534096
0.511828
0.509618
0.561374
0.604035
0.490493
0.495144
0.516347
0.493856
0.569877
0.492701
0.500602
0.509831
0.535051
0.533616
0.518611
0.539626
0.540871
0.518572
0.517284
0.547599
0.541531
0.5466
0.498054
0.53106
0.570653
0.522942
0.512477
0.519086
0.519892
0.527419
0.499845
0.521665
0.531748
0.532705
0.494109
0.517908
0.557801
0.552942
0.555096
0.495363
0.518747
0.520435
0.54126
0.532528
0.522167
0.520269
0.523067
0.532072
0.484484
0.501471
0.544452
0.534994
0.502467
0.505725
0.505059
0.508447
0.524483
0.51579
0.528271
0.530237
0.499413
0.516239
0.505031
0.533978
0.51682
0.52016
0.529408
0.52536
0.52612
0.536216
0.523335
0.50834
0.519277
0.520035
0.555792
0.50321
0.500251
0.525714
0.528954
0.498949
0.515491
0.518874
0.514197
0.503464
0.530783
0.524408
0.49511
0.514259
0.519305
0.525876
0.502193
0.516642
0.529398
0.509118
0.511
0.56434
0.525724
0.524374
0.519561
0.535513
0.54944
0.52901
0.52621
0.503399
0.500935
0.519385
0.508571
0.561507
0.516487
0.532088
0.498317
0.545595
0.554823
0.522747
0.524861
0.55893
0.504987
0.553001
0.563854
0.583085
0.509583
0.543357
0.516004
0.508598
0.525477
0.51501
0.511188
0.513013
0.489093
0.518115
0.51737
0.528441
0.533181
0.53152
0.527183
0.599566
0.583268
0.593058
0.58504
0.501477
0.512066
0.590455
0.51434
0.525328
0.541027
0.509738
0.524034
0.528127
0.511428
0.638342
0.503376
0.525604
0.564384
0.512148
0.53356
0.533324
0.515125
0.518922
0.523504
0.540067
0.537019
0.537987
0.523341
0.526881
0.573333
0.502633
0.490656
0.499798
0.512507
0.52851
0.525248
0.527528
0.516118
0.52194
0.500527
0.507784
0.504079
0.516388
0.533151
0.546535
0.487128
0.487059
0.518886
0.508503
0.500558
0.586154
0.532681
0.521509
0.513252
0.550688
0.525735
0.556895
0.500002
0.502858
0.596865
0.59939
0.505472
0.517684
0.51688
0.519825
0.517021
0.505697
0.542423
0.5305
0.524318
0.532258
0.501509
0.517294
0.495531
0.588527
0.565847
0.513062
0.552919
0.50501
0.505586
0.499117
0.52945
0.493393
0.514484
0.523469
0.526307
0.57874
0.545843
0.525542
0.578738
0.564306
0.598074
0.51855
0.514948
0.519255
0.520304
0.526217
0.486553
0.489111
0.648363
0.515293
0.50263
0.497735
0.501846
0.499865
0.522639
0.526447
0.512717
0.526838
0.504138
0.578574
0.533148
0.536187
0.54495
0.53251
0.518933
0.605728
0.532038
0.529125
0.526895
0.522221
0.528215
0.513954
0.512311
0.552028
0.573244
0.561661
0.492978
0.533999
0.53746
0.527719
0.538612
0.527483
0.568874
0.529587
0.532607
0.549362
0.531053
0.546524
0.48458
0.492799
0.525882
0.49267
0.529974
0.519937
0.491519
0.525797
0.526358
0.583905
0.523902
0.52085
0.538304
0.511389
0.593525
0.522316
0.550424
0.532356
0.536083
0.522804
0.512999
0.53727
0.577125
0.497923
0.495873
0.582747
0.492279
0.553173
0.526046
0.519939
0.505901
0.511163
0.511976
0.578839
0.523776
0.520605
0.570557
0.53252
0.522834
0.506618
0.516831
0.58444
0.516931
0.517915
0.496361
0.512669
0.519402
0.514669
0.506155
0.545535
0.517457
0.516446
0.513032
0.575286
0.524688
0.522256
0.520023
0.516998
0.524237
0.523994
0.52674
0.524642
0.497006
0.501787
0.491399
0.521665
0.567452
0.528335
0.528501
0.522683
0.524588
0.513073
0.531613
0.5291
0.484304
0.519863
0.53762
0.500242
0.522722
0.511209
0.520357
0.547684
0.54259
0.63128
0.550668
0.490078
0.514464
0.530958
0.545101
0.499891
0.564831
0.510337
0.514421
0.489714
0.534702
0.496364
0.570401
0.516872
0.519414
0.564847
0.513724
0.600945
0.587043
0.532795
0.528304
0.524838
0.509685
0.532903
0.532124
0.550193
0.530375
0.52145
0.552458
0.534215
0.517221
0.526719
0.527591
0.533435
0.503636
0.542528
0.588891
0.513181
0.524902
0.560886
0.513582
0.502185
0.50104
0.531563
0.517384
0.567167
0.527094
0.505483
0.484852
0.486165
0.534647
0.493452
0.522471
0.510521
0.516708
0.495465
0.5185
0.506462
0.49615
0.51953
0.523532
0.52822
0.501054
0.51778
0.56782
0.519188
0.479744
0.504653
0.541815
0.549466
0.523655
0.530678
0.588572
0.526162
0.591084
0.505998
0.549134
0.504665
0.512001
0.532477
0.502751
0.523983
0.537171
0.514778
0.525761
0.526728
0.498221
0.511889
0.526662
0.500258
0.549856
0.513149
0.542898
0.529655
0.540371
0.499781
0.516246
0.508158
0.506369
0.53084
0.478003
0.515807
0.500764
0.484106
0.520176
0.529459
0.511967
0.528863
0.487133
0.499946
0.519981
0.532243
0.484651
0.505038
0.528483
0.549267
0.518214
0.546087
0.514149
0.535559
0.518427
0.49022
0.524672
0.510984
0.512317
0.487712
0.607967
0.501233
0.520134
0.534446
0.514256
0.523908
0.553739
0.521104
0.518376
0.49947
0.523682
0.522613
0.519205
0.529768
0.607444
0.532069
0.536095
0.520329
0.584875
0.553032
0.567156
0.510433
0.530497
0.525621
0.478698
0.527497
0.522071
0.529225
0.504508
0.503547
0.51174
0.528243
0.550193
0.527259
0.51731
0.531304
0.514037
0.509591
0.504123
0.515633
0.493793
0.570311
0.538825
0.588934
0.51567
0.530527
0.525937
0.51334
0.482511
0.529001
0.514578
0.508551
0.509296
0.529722
0.504307
0.536022
0.527536
0.606006
0.52747
0.546819
0.526582
0.523467
0.529091
0.551462
0.5257
0.534787
0.611755
0.563508
0.483814
0.517204
0.578664
0.529382
0.507802
0.519
0.557358
0.520647
0.574541
0.485126
0.564575
0.526048
0.536958
0.495113
0.518063
0.537321
0.524966
0.589338
0.524486
0.521397
0.549727
0.502182
0.517159
0.53293
0.53051
0.535627
0.50809
0.588878
0.51848
0.520498
0.54516
0.509541
0.539248
0.495784
0.563347
0.543261
0.524348
0.528689
0.526361
0.524867
0.521747
0.52881
0.522905
0.51101
0.574853
0.594044
0.523429
0.516376
0.546938
0.520459
0.533151
0.522877
0.492331
0.510127
0.526655
0.501303
0.540228
0.551471
0.519999
0.484872
0.561496
0.512627
0.49699
0.533359
0.531102
0.585104
0.519904
0.551123
0.509022
0.542928
0.530838
0.49253
0.514454
0.529555
0.512701
0.500853
0.581363
0.577678
0.503294
0.554999
0.512985
0.496353
0.528673
0.527509
0.520221
0.52923
0.604207
0.519411
0.521346
0.514876
0.55312
0.5246
0.529838
0.521462
0.491904
0.507631
0.584094
0.522851
0.517196
0.555086
0.531321
0.496748
0.52327
0.51693
0.504296
0.576672
0.513164
0.513638
0.512221
0.568619
0.540308
0.522696
0.505197
0.51243
0.535455
0.558316
0.531075
0.519125
0.504614
0.619566
0.488601
0.516311
0.497264
0.513081
0.527955
0.527512
0.483067
0.516383
0.501385
0.522058
0.483749
0.552845
0.527878
0.523026
0.511454
0.524548
