0.496987
0.498758
0.560217
0.561743
0.553113
0.496807
0.528636
0.493291
0.510045
0.496775
0.471447
0.482571
0.569487
0.561704
0.567344
0.558218
0.566857
0.522555
0.521314
0.519875
0.526042
0.513047
0.525232
0.5192
0.537449
0.53824
0.485516
0.487535
0.501085
0.526646
0.520166
0.576803
0.566403
0.586508
0.584648
0.639714
0.591164
0.594319
0.589
0.49624
0.497355
0.493925
0.675209
0.539778
0.539398
0.533399
0.497518
0.485149
0.486569
0.49552
0.542873
0.540435
0.538522
0.610036
0.604605
0.539021
0.537973
0.536983
0.528303
0.522697
0.509491
0.482697
0.492867
0.505554
0.511293
0.50116
0.486187
0.492508
0.540935
0.498608
0.511484
0.516322
0.512727
0.47739
0.476274
0.465813
0.502921
0.507139
0.510076
0.529533
0.514973
0.514797
0.519928
0.529898
0.528879
0.528959
0.527963
0.523918
0.518741
0.510695
0.514937
0.52388
0.59647
0.528722
0.534625
0.559622
0.585199
0.583146
0.570279
0.591501
0.598324
0.534896
0.533983
0.546458
0.51183
0.511074
0.515807
0.5178
0.529866
0.529107
0.527561
0.537033
0.535905
0.536197
0.532406
0.504364
0.523845
0.524561
0.526722
0.517557
0.520238
0.535458
0.536995
0.526751
0.531025
0.48699
0.565219
0.50006
0.487345
0.493881
0.547648
0.548257
0.530117
0.527143
0.52166
0.504164
0.491449
0.489513
0.547762
0.488493
0.48934
0.514711
0.514301
0.530891
0.531021
0.56357
0.539535
0.523412
0.517735
0.510186
0.525229
0.542475
0.620031
0.554281
0.517889
0.514797
0.583096
0.5949
0.515348
0.515247
0.529633
0.520427
0.539675
0.550654
0.557157
0.526014
0.563991
0.564812
0.514286
0.521207
0.540161
0.537952
0.533797
0.501184
0.525059
0.524479
0.485768
0.536163
0.528661
0.502798
0.536607
0.526786
0.658179
0.519339
0.521979
0.512904
0.555836
0.568033
0.519735
0.531658
0.530179
0.509098
0.514553
0.496647
0.488079
0.532192
0.530152
0.525435
0.522797
0.527338
0.463138
0.460674
0.468995
0.523297
0.520349
0.519944
0.517093
0.518841
0.525388
0.497362
0.488978
0.494831
0.510281
0.509462
0.519836
0.51067
0.511541
0.498382
0.493607
0.552949
0.549589
0.554854
0.525496
0.535998
0.555806
0.56755
0.564949
0.561879
0.517441
0.595677
0.603943
0.57562
0.492716
0.495407
0.485418
0.494372
0.565138
0.563902
0.505595
0.51063
0.522567
0.531346
0.514261
0.517305
0.502034
0.482903
0.502888
0.561572
0.56122
0.519272
0.514725
0.576605
0.563802
0.609257
0.618885
0.610405
0.512428
0.529782
0.530265
0.504085
0.493811
0.501594
0.503717
0.501818
0.619923
0.610227
0.502072
0.507327
0.483879
0.52049
0.517895
0.609947
0.583586
0.521022
0.545461
0.507178
0.507898
0.514326
0.533421
0.531391
0.530967
0.571059
0.536275
0.508543
0.491499
0.50418
0.52212
0.499107
0.526054
0.479483
0.497918
0.532617
0.540632
0.538523
0.538196
0.533512
0.539121
0.51959
0.536622
0.533481
0.535502
0.525236
0.530306
0.475623
0.484022
0.567518
0.529796
0.531095
0.557858
0.523346
0.51805
0.519618
0.50124
0.561342
0.548681
0.551075
0.55054
0.496581
0.551491
0.546087
0.563627
0.5166
0.483426
0.496364
0.515781
0.522762
0.522079
0.520441
0.502705
0.509715
0.513226
0.513884
0.515148
0.489047
0.491121
0.479275
0.526073
0.51998
0.526957
0.496198
0.501542
0.48884
0.505599
0.501675
0.537823
0.575692
0.602823
0.51732
0.510607
0.517044
0.605212
0.616925
0.520884
0.518123
0.551557
0.524166
0.512492
0.516992
0.51249
0.510148
0.526398
0.551701
0.467136
0.511613
0.510571
0.518203
0.474372
0.486735
0.522432
0.522647
0.517564
0.517265
0.498064
0.495505
0.495867
0.518756
0.523115
0.500473
0.505453
0.53237
0.494281
0.500345
0.529149
0.546745
0.527327
0.485923
0.493617
0.514111
0.513457
0.527797
0.524487
0.547189
0.523625
0.521295
0.517798
0.522616
0.524712
0.502553
0.563549
0.534634
0.531021
0.525868
0.534541
0.535944
0.523148
0.523079
0.508372
0.512181
0.499093
0.499281
0.498137
0.496843
0.52663
0.478301
0.495088
0.501934
0.611756
0.515349
0.531466
0.498348
0.502452
0.50628
0.514096
0.50496
0.513828
0.511506
0.503316
0.509048
0.544056
0.550963
0.50288
0.49889
0.466852
0.527597
0.526464
0.533316
0.538435
0.531568
0.579506
0.575829
0.509196
0.518062
0.480302
0.524247
0.519552
0.526459
0.492808
0.528759
0.518536
0.544173
0.549293
0.528121
0.510686
0.531921
0.529
0.531174
0.484087
0.513799
0.559269
0.499328
0.493166
0.523867
0.561084
0.571599
0.579035
0.517196
0.558192
0.540499
0.542439
0.536425
0.518272
0.517586
0.492617
0.512533
0.515479
0.52582
0.475468
0.522557
0.562867
0.557343
0.498223
0.502273
0.506665
0.486025
0.524121
0.520781
0.56505
0.575169
0.553829
0.554738
0.496527
0.529796
0.524386
0.569135
0.561794
0.489216
0.49242
0.506808
0.515651
0.520174
0.545384
0.536796
0.509072
0.507132
0.503039
0.577986
0.533253
0.530353
0.492501
0.553523
0.583929
0.538092
0.531392
0.567419
0.495555
0.473037
0.486012
0.479048
0.535609
0.53663
0.535243
0.496755
0.525847
0.532375
0.533167
0.520465
0.515919
0.534712
0.518779
0.517226
0.523244
0.529056
0.52384
0.527147
0.499728
0.50136
0.524688
0.563407
0.577974
0.5291
0.56504
0.535687
0.532073
0.508584
0.578234
0.552489
0.533858
0.531438
0.641272
0.508732
0.51364
0.512861
0.47985
0.485541
0.517468
0.515732
0.538606
0.496738
0.503128
0.505492
0.516958
0.519227
0.567953
0.561925
0.521398
0.521063
0.518441
0.513626
0.570109
0.562425
0.559553
0.501061
0.509778
0.513479
0.524073
0.531792
0.526655
0.502574
0.5233
0.525569
0.513417
0.514079
0.483819
0.492816
0.487097
0.515403
0.50777
0.517659
0.517379
0.540372
0.52778
0.538094
0.530786
0.539212
0.512348
0.516867
0.611429
0.602133
0.543504
0.538324
0.564778
0.567353
0.525717
0.528536
0.505279
0.513341
0.503725
0.493947
0.518059
0.491629
0.512536
0.5069
0.506172
0.586821
0.5744
0.524376
0.524966
0.510965
0.510014
0.516005
0.515881
0.519625
0.520359
0.466745
0.509838
0.504973
0.512739
0.521357
0.574665
0.529902
0.50094
0.495035
0.530822
0.523619
0.522483
0.526054
0.524792
0.517723
0.5315
0.544269
0.538392
0.540335
0.507085
0.488325
0.498669
0.508635
0.536433
0.575632
0.573076
0.522322
0.50773
0.5315
0.527435
0.492089
0.549027
0.553816
0.575275
0.522727
0.490253
0.557367
0.573244
0.50008
0.52812
0.525889
0.52017
0.521602
0.477069
0.525526
0.524587
0.504834
0.526636
0.508143
0.507854
0.522009
0.517581
0.575617
0.483613
0.501936
0.525759
0.518107
0.522032
0.519519
0.503252
0.52127
0.547007
0.541391
0.544516
0.531146
0.522307
0.5296
0.492067
0.542146
0.509671
0.540144
0.580748
0.623668
0.518078
0.523122
0.534047
0.521086
0.531318
0.52702
0.520971
0.520259
0.526801
0.52754
0.533229
0.530553
0.531594
0.530412
0.550915
0.563101
0.515429
0.526849
0.526582
0.522418
0.514615
0.514644
0.522941
0.539318
0.515819
0.493949
0.51992
0.521254
0.519548
0.542582
0.545889
0.501213
0.524696
0.538376
0.481979
0.494047
0.507223
0.527654
0.529234
0.544765
0.537275
0.509384
0.501941
0.52026
0.57378
0.526949
0.53336
0.514843
0.520743
0.517298
0.519276
0.574857
0.525177
0.511554
0.506386
0.482003
0.492667
0.527802
0.503421
0.510746
0.672615
0.523175
0.528956
0.564851
0.512194
0.515527
0.519542
0.499987
0.490493
0.535039
0.525098
0.516405
0.526045
0.50662
0.512791
0.479194
0.530259
0.528891
0.500405
0.506364
0.557084
0.5315
0.525599
0.512158
0.524201
0.526243
0.51596
0.514966
0.520357
0.51901
0.522568
0.485815
0.495545
0.491931
0.524926
0.50826
0.529236
0.534099
0.531958
0.517948
0.48465
0.492861
0.56526
0.513924
0.554066
0.479721
0.515645
0.610965
0.59851
0.617554
0.513057
0.522371
0.518553
0.524021
0.517297
0.525925
0.520141
0.475193
0.484402
0.526487
0.569646
0.536487
0.508114
0.502333
0.508712
0.543838
0.530799
0.492697
0.539363
0.570354
0.529394
0.52251
0.592828
0.516933
0.555051
0.507339
0.472338
0.495543
0.49211
0.521981
0.491146
0.491763
0.491923
0.507657
0.521101
0.525769
0.49065
0.496916
0.565673
0.516112
0.519671
0.526067
0.519996
0.517207
0.560292
0.56095
0.549182
0.518456
0.596255
0.606194
0.575247
0.4832
0.515134
0.512888
0.519051
0.520617
0.517178
0.512717
0.596466
0.524543
0.533072
0.59135
0.58274
0.576588
0.560044
0.60894
0.54035
0.518289
0.49115
0.485222
0.488956
0.514216
0.514287
0.529824
0.493507
0.491197
0.503549
0.580914
0.519143
0.52603
0.511514
0.473167
0.493914
0.490015
0.54134
0.507061
0.498867
0.565076
0.572945
0.560477
0.547199
0.526441
0.538995
0.478201
0.47635
0.517177
0.525751
0.483488
0.481123
0.535349
0.499247
0.48644
0.495027
0.524595
0.51335
0.477874
0.484903
0.490894
0.514103
0.523041
0.5514
0.536411
0.533131
0.581816
0.593778
0.581116
0.652305
0.513143
0.485911
0.539873
0.539159
0.524612
0.527884
0.507945
0.524208
0.493472
0.498694
0.500428
0.488738
0.506281
0.506389
0.517087
0.508627
0.519676
0.502066
0.521891
0.523283
0.527322
0.505335
0.491585
0.51059
0.495336
0.54349
0.502942
0.506703
0.512333
0.512105
0.502547
0.516529
0.528619
0.503716
0.518665
0.511865
0.564643
0.55604
0.516021
0.508346
0.532172
0.508157
0.486941
0.49323
0.531058
0.526095
0.507917
0.578475
0.502377
0.523286
0.522193
0.589856
0.507747
0.560866
0.494978
0.514524
0.516398
0.517194
0.519822
0.558512
0.513494
0.527267
0.613781
0.515595
0.518659
0.566082
0.554885
0.565348
0.578892
0.565113
0.523962
0.527563
0.533729
0.499069
0.498205
0.604075
0.52201
0.569702
0.528902
0.516782
0.511237
0.514216
0.496021
0.502645
0.517575
0.517105
0.520097
0.495254
0.488271
0.518081
0.518183
0.515966
0.493125
0.525983
0.525723
0.522883
0.477067
0.600158
0.579913
0.50679
0.506984
0.516946
0.525967
0.519251
0.568529
0.47817
0.488805
0.538557
0.546613
0.519999
0.519427
0.523023
0.52368
0.546706
0.539626
0.490178
0.495416
0.511705
0.497189
0.531747
0.53011
0.535592
0.495192
0.515126
0.532666
0.53422
0.532366
0.52326
0.52717
0.525967
0.517439
0.566999
0.550019
0.53826
0.581046
0.466015
0.466448
0.510875
0.516625
0.516403
0.553211
0.548889
0.528365
0.524193
0.53985
0.50826
0.570674
0.473358
0.510081
0.51777
0.51858
0.527771
0.542787
0.542155
0.521939
0.525213
0.477498
0.498724
0.52875
0.532968
0.530391
0.5028
0.508733
0.49174
0.484766
0.475696
0.477532
0.504012
0.531986
0.550765
0.516266
0.516148
0.484958
0.537499
0.468945
0.480618
0.531348
0.579523
0.577272
0.504025
0.526407
0.498398
0.513926
0.495777
0.493826
0.514485
0.521504
0.524215
0.524055
0.519919
0.505857
0.560981
0.585471
0.476017
0.48745
0.525578
0.515978
0.519506
0.524006
0.559863
0.515408
0.502025
0.512391
0.565893
0.506384
0.523052
0.526188
0.514318
0.535191
0.572038
0.581217
0.502713
0.505391
0.554628
0.522319
0.522086
0.517415
0.639012
0.532703
0.528456
0.534364
0.527378
0.535796
0.52176
0.519983
0.586338
0.51672
0.479725
0.484867
0.528807
0.524447
0.522037
0.521178
0.588921
0.524884
0.525083
0.525102
0.522967
0.572561
0.556109
0.602153
0.588797
0.59042
0.525463
0.515765
0.497629
0.492337
0.48902
0.514264
0.519198
0.484314
0.522996
0.524134
0.524593
0.532404
0.528353
0.526209
0.525517
0.502261
0.513964
0.509582
0.499756
0.518497
0.526846
0.524683
0.524773
0.527624
0.600952
0.523833
0.546315
0.539824
0.555962
0.533547
0.543262
0.528997
0.493364
0.517703
0.480975
0.487352
0.512817
0.514218
0.487752
0.520106
0.528852
0.525233
0.507339
0.519513
0.548481
0.501204
0.510718
0.522743
0.529522
0.532399
0.541768
0.539535
0.528955
0.529703
0.56114
0.538686
0.509665
0.596889
0.525433
0.523306
0.52964
0.532547
0.487473
0.528014
0.527644
0.53775
0.527131
0.53182
0.522576
0.504257
0.582721
0.585167
0.541269
0.513002
0.516522
0.521136
0.574799
0.558338
0.527843
0.522897
0.511212
0.578179
0.578515
0.51758
0.524031
0.528487
0.534671
0.530834
0.589332
0.61131
0.514988
0.51417
0.518246
0.528046
0.532187
0.534441
0.5266
0.525191
0.517924
0.542008
0.538705
0.492001
0.521538
0.500004
0.514465
0.528449
0.50024
0.528372
0.586781
0.607764
0.533068
0.488665
0.550483
0.538913
0.526513
0.535816
0.547052
0.503051
0.514798
0.512404
0.497523
0.508457
0.51753
0.529325
0.529467
0.530071
0.518703
0.529601
0.502118
0.530599
0.512686
0.510666
0.526458
0.52947
0.497082
0.558725
0.530412
0.530631
0.608082
0.587289
0.518054
0.524243
0.516423
0.526359
0.516199
0.558173
0.478437
0.486797
0.494724
0.521308
0.631334
0.504183
0.511228
0.534052
0.519039
0.588321
0.523558
0.513062
0.559401
0.55103
0.502716
0.476435
0.526594
0.51435
0.537857
0.524315
0.526641
0.51542
0.523601
0.54611
0.468928
0.518616
0.498622
0.51614
0.53714
0.502168
0.496559
0.551159
0.550497
0.55801
0.574267
0.518877
0.529489
0.528883
0.492814
0.538431
0.539552
0.571899
0.515877
0.487957
0.518357
0.634692
0.551864
0.521388
0.614669
0.592605
0.462978
0.624113
0.522532
0.523848
0.657928
0.660681
0.514143
0.513415
0.510996
0.498179
0.496453
0.497457
0.523424
0.544107
0.535416
0.522309
0.516322
0.526479
0.521821
0.606167
0.525329
0.517824
0.521414
0.524597
0.520416
0.525986
0.518127
0.542043
0.485453
0.489983
0.515408
0.499136
0.510235
0.496697
0.573532
0.563799
0.485909
0.520947
0.542616
0.48925
0.525208
0.579721
0.570044
0.543913
0.515268
0.530949
0.591298
0.639381
0.578335
0.641891
0.563389
0.577447
0.569713
0.54571
0.567685
0.523238
0.524604
0.502575
0.544911
0.559489
0.601379
0.535223
0.499767
0.47833
0.544067
0.486982
0.464649
0.509778
0.505387
0.499533
0.534667
0.502347
0.523032
0.526539
0.527544
0.54774
0.525998
0.580051
0.521
0.527257
0.528101
0.546006
0.542791
0.586102
0.518825
0.536067
0.514866
0.520411
0.528158
0.52808
0.526161
0.596549
0.520093
0.522447
0.575954
0.493427
0.545782
0.489653
0.543066
0.577869
0.52116
0.517591
0.475368
0.477532
0.480617
0.550734
0.502675
0.501847
0.491718
0.529677
0.524875
0.519675
0.481745
0.523319
0.524419
0.515817
0.513677
0.534064
0.519532
0.516421
0.475962
0.496751
0.498784
0.528126
0.520634
0.520853
0.539058
0.530656
0.531724
0.538871
0.602511
0.591862
0.540462
0.558129
0.476738
0.552493
0.573331
0.49906
0.498968
0.517579
0.526544
0.56206
0.486414
0.523619
0.524967
0.611792
0.537295
0.528565
0.528043
0.489127
0.521768
0.479478
0.517624
0.517185
0.501382
0.56141
0.504666
0.498294
0.52635
0.543841
0.602856
0.51802
0.515406
0.524972
0.481833
0.523744
0.517822
0.52962
0.552102
0.499476
0.527362
0.527144
0.496158
0.51149
0.55069
0.516368
0.558628
0.573685
0.501115
0.503195
0.528807
0.532832
0.521499
0.487395
0.53256
0.528152
0.505279
0.496639
0.530678
0.527817
0.559381
0.481412
0.584894
0.540185
0.49361
0.550352
0.555719
0.563371
0.545099
0.531564
0.534061
0.534602
0.521329
0.526548
0.47365
0.582463
0.576156
0.507049
0.518279
0.549193
0.50998
0.527019
0.518241
0.508436
0.513593
0.49056
0.535193
0.522897
0.506567
0.550672
0.531121
0.586609
0.581791
0.534776
0.588623
0.477176
0.470038
0.515567
0.518056
0.504201
0.541331
0.507313
0.534205
0.525911
0.51912
0.533425
0.52237
0.510207
0.538175
0.539132
0.528636
0.47953
0.526118
0.506394
0.524177
0.526069
0.507631
0.476424
0.515819
0.517151
0.532414
0.535493
0.504724
0.533028
0.539287
0.523432
0.624052
0.491437
0.500517
0.517254
0.551541
0.542894
0.663435
0.540022
0.547056
0.522851
0.547602
0.498776
0.48187
0.531623
0.566683
0.521148
0.485867
0.529695
0.524223
0.504652
0.485124
0.483443
0.52276
0.514222
0.521654
0.520781
0.516862
0.520069
0.511253
0.561232
0.49682
0.558742
0.527112
0.479884
0.580681
0.517801
0.546185
0.487545
0.549353
0.522005
0.477236
0.511843
0.533078
0.530598
0.513346
0.519076
0.570755
0.49296
0.52643
0.494911
0.523612
0.525402
0.530146
0.52315
0.536541
0.487399
0.576075
0.479147
0.503101
0.53585
0.526658
0.528614
0.529203
0.564876
0.519993
0.481788
0.566562
0.547364
0.533261
0.525624
0.568776
0.491597
0.487108
0.519502
0.52892
0.495038
0.498838
0.489345
0.603239
0.604098
0.501256
0.536658
0.504523
0.533481
0.538874
0.532641
0.588657
0.491621
0.565043
0.595217
0.497402
0.501348
0.529808
0.539285
0.484479
0.508756
0.530071
0.561376
0.552457
0.505462
0.49063
0.52874
0.545076
0.569703
0.510469
0.501142
0.520118
0.49432
0.493684
0.528412
0.494245
0.567227
0.527964
0.534256
0.539388
0.516325
0.521954
0.520877
0.515574
0.549039
0.491145
0.516535
0.582791
0.490035
0.543446
0.524546
0.486078
0.604801
0.511333
0.506117
0.52443
0.509523
0.479959
0.523671
0.533595
0.524495
0.547205
0.587955
0.477865
0.519701
0.477143
0.616635
0.526187
0.502011
0.504447
0.576226
0.515536
0.505082
0.474169
0.500982
0.521494
0.525879
0.549018
0.493612
0.57916
0.469987
0.543981
0.5271
0.526186
0.52141
0.557325
0.528459
0.594243
0.502247
0.553168
0.529958
0.590289
0.522412
0.517296
0.535006
0.529862
0.536409
0.613738
0.548753
0.497242
0.488957
0.576735
0.491229
0.527294
0.547557
0.494475
0.544002
0.518375
0.497562
0.500708
0.475513
0.53415
0.517757
0.534734
0.515559
0.529725
0.528011
0.541505
0.466314
0.507908
0.499311
0.518385
0.505306
0.559293
0.477737
0.542076
0.478329
0.482407
0.558656
0.537406
0.497537
0.5201
0.478783
0.521964
0.489175
0.505382
0.540994
0.4798
0.536571
0.479923
0.554153
0.526769
0.529004
0.583607
0.497689
0.531821
0.546318
0.48194
0.514929
0.472895
0.559234
0.521704
0.48301
0.486822
0.482403
0.470814
0.53645
0.528403
0.542146
0.529584
0.495983
0.477655
0.57376
0.526546
0.49307
0.509573
0.539087
0.537916
0.538699
0.518713
0.578721
0.5358
0.557719
0.602186
0.497991
0.585761
0.531624
0.509999
0.513068
0.484397
0.521683
0.518929
0.511462
0.502242
0.555652
0.4996
0.525232
0.489336
0.531433
0.505065
0.50662
0.516069
0.497797
0.496125
0.543582
0.508528
0.502539
0.515417
0.50661
0.509978
0.532866
0.516961
0.523679
0.56526
0.542638
0.535972
0.580989
0.532794
0.506747
0.507875
0.514429
0.525618
0.529838
0.479536
0.487616
0.521011
0.575173
0.523651
0.503158
0.54668
0.577526
0.51903
0.514255
0.50287
0.501892
0.524318
0.518331
0.512415
0.572558
0.566967
0.528567
0.502722
0.487031
0.517211
0.495273
0.529235
0.511699
0.518697
0.522756
0.505661
0.514312
0.514782
0.508286
0.534429
0.529384
0.503008
0.521054
0.5197
0.510934
0.516522
0.521397
0.503425
0.505409
0.511512
0.507679
0.519174
0.513554
0.504518
0.519578
0.529441
0.513901
0.549665
0.509409
0.511352
0.525777
0.531556
0.514067
0.510436
0.515522
0.519629
0.513158
0.511195
0.510371
0.503341
0.567565
0.512815
0.560175
0.507779
0.503721
0.577716
0.519416
0.516353
0.521557
0.512641
0.525641
0.58057
0.513013
0.511044
0.49878
0.511056
0.50023
0.555733
0.578079
0.573685
0.524721
0.511965
0.504508
0.526956
0.52715
0.516538
0.517161
0.525398
0.5164
0.502256
0.516466
0.51805
0.509404
0.491268
0.527559
0.522662
0.522377
0.518253
0.508762
0.51324
0.591039
0.557243
0.56298
0.518407
0.50837
0.519987
0.519722
0.526269
0.503917
0.512434
0.506275
0.536766
0.497607
0.533043
0.525588
0.516113
0.596251
0.498583
0.526164
0.528436
0.517618
0.52342
0.537061
0.507073
0.559068
0.581984
0.553133
0.520422
0.52381
0.513091
0.582557
0.50778
0.519929
0.524045
0.52181
0.513812
0.530662
0.510205
0.571771
0.538618
0.543044
0.510819
0.526513
0.5184
0.530637
0.571638
0.513434
0.510534
0.510499
0.564107
0.573708
0.516534
0.522866
0.489958
0.498788
0.641373
0.613089
0.591541
0.509873
0.506477
0.533471
0.52351
0.508587
0.507581
0.514091
0.516513
0.499162
0.514189
0.486357
0.497836
0.556614
0.582147
0.520601
0.511067
0.527069
0.526307
0.560969
0.549092
0.529669
0.510796
0.543597
0.547833
0.526353
0.514423
0.527535
0.508043
0.50888
0.505063
0.504062
0.500966
0.522775
0.526183
0.565661
0.516018
0.494123
0.496861
0.526056
0.531728
0.496129
0.517571
0.583467
0.525148
0.505344
0.526902
0.509367
0.511392
0.520186
0.518428
0.518632
0.519987
0.511475
0.493711
0.528949
0.534021
0.559543
0.516193
0.630899
0.522828
0.521651
0.578924
0.538597
0.52381
0.566413
0.524847
0.530109
0.52945
0.524496
0.638392
0.525293
0.525525
0.519757
0.5207
0.592753
0.610937
0.520153
0.493373
0.484495
0.499389
0.512437
0.518845
0.508565
0.511839
0.529591
0.522772
0.514173
0.500306
0.562182
0.504699
0.521556
0.543967
0.516748
0.525873
0.507657
0.51095
0.557669
0.550025
0.505831
0.490163
0.502669
0.552474
0.568949
0.50652
0.520713
0.495708
0.526427
0.53185
0.558581
0.601347
0.523954
0.503513
0.532231
0.518458
0.505741
0.54293
0.598281
0.507114
0.536844
0.513391
0.581013
0.520745
0.517147
0.501774
0.528713
0.530382
0.509511
0.48869
0.498376
0.503552
0.510588
0.508015
0.56135
0.534659
0.56048
0.547133
0.488998
0.493698
0.501753
0.510723
0.508895
0.507205
0.530123
0.586559
0.494095
0.527996
0.5368
0.507722
0.512102
0.499432
0.600471
0.516579
0.498394
0.519476
0.518181
0.522865
0.529073
0.520684
0.498704
0.511171
0.5199
0.506049
0.478465
0.49785
0.508844
0.600864
0.518962
0.511234
0.52127
0.511797
0.495932
0.489565
0.508961
0.520395
0.52005
0.516368
0.510159
0.494909
0.520052
0.519891
0.508032
0.507915
0.509778
0.519805
0.514867
0.531775
0.529473
0.531567
0.519594
0.523393
0.516364
0.514794
0.50979
0.591257
0.533301
0.554447
0.49234
0.526274
0.584969
0.57558
0.492212
0.515943
0.5676
0.495538
0.518607
0.530579
0.55529
0.552559
0.580946
0.498608
0.512921
0.495164
0.51306
0.528196
0.523195
0.527303
0.533761
0.514603
0.518079
0.520318
0.519595
0.562663
0.502527
0.500871
0.541895
0.534309
0.526126
0.490334
0.596861
0.517604
0.526489
0.525273
0.508382
0.472524
0.568617
0.520686
0.527757
0.495455
0.516726
0.532372
0.587421
0.533173
0.515807
0.509809
0.59398
0.590002
0.535836
0.557052
0.562349
0.590466
0.482697
0.525432
0.566079
0.50778
0.503152
0.492995
0.505265
0.665728
0.532835
0.492414
0.529149
0.525778
0.512521
0.540505
0.574412
0.473997
0.530589
0.531268
0.501681
0.495192
0.533574
0.521951
0.529993
0.517365
0.516744
0.542633
0.521507
0.526347
0.514678
0.523948
0.49828
0.521705
0.497589
0.497776
0.506593
0.524692
0.535948
0.536162
0.520863
0.535408
0.4976
0.488867
0.523963
0.50083
0.555346
0.572386
0.608568
0.519269
0.536846
0.525578
0.53056
0.545976
0.51051
0.526384
0.513146
0.52385
0.576742
0.500805
0.540989
0.509428
0.550365
0.481315
0.495005
0.540031
0.497935
0.514739
0.518928
0.531953
0.486131
0.537161
0.490201
0.524218
0.530643
0.501223
0.511883
0.500595
0.506796
0.515519
0.530051
0.601256
0.523561
0.501176
0.526764
0.56678
0.57841
0.501373
0.576019
0.523582
0.519019
0.52207
0.522704
0.514116
0.502262
0.575402
0.527181
0.501807
0.56294
0.488716
0.516902
0.516666
0.594991
0.521929
0.527423
0.504178
0.521015
0.504844
0.529047
0.530399
0.521327
0.513974
0.523704
0.509076
0.490012
0.525515
0.554025
0.511857
0.494884
0.477358
0.525138
0.504844
0.510538
0.514589
0.643243
0.573568
0.509767
0.523492
0.517166
0.508537
0.514423
0.519009
0.580194
0.510695
0.52084
0.511553
0.502075
0.536911
0.517694
0.512973
0.503375
0.597886
0.516495
0.557582
0.493143
0.52909
0.52834
0.528777
0.499094
0.551297
0.553864
0.502927
0.636135
0.538209
0.500698
0.524901
0.559208
0.518202
0.52585
0.516368
0.516233
0.537589
0.510566
0.564629
0.526689
0.494687
0.510885
0.529438
0.502791
0.554996
0.537839
0.539226
0.494969
0.549233
0.654922
0.52237
0.520356
0.522813
0.500103
0.528535
0.514861
0.527329
0.604137
0.536874
0.547709
0.551036
0.527697
0.500816
0.533763
0.499598
0.522039
0.529669
0.504811
0.530954
0.522328
0.488604
0.546572
0.495936
0.519303
0.509788
0.522547
0.531153
0.514529
0.506583
0.5906
0.500706
0.56759
0.513522
0.502677
0.499033
0.523806
0.614534
0.517863
0.653848
0.521755
0.518246
0.573715
0.511773
0.515126
0.5193
0.557691
0.531179
0.50349
0.524842
0.530329
0.519588
0.581542
0.506782
0.524396
0.524777
0.517514
0.50748
0.5362
0.479667
0.535163
0.55245
0.599012
0.49991
