0.50951
0.512455
0.482759
0.596662
0.590382
0.539571
0.52958
0.533565
0.551287
0.550182
0.492041
0.495406
0.490115
0.524828
0.528979
0.589169
0.574048
0.480561
0.499545
0.482632
0.496359
0.507428
0.536693
0.532222
0.595479
0.613206
0.510721
0.514028
0.522424
0.527027
0.499215
0.492242
0.535938
0.524104
0.515175
0.511968
0.540822
0.530701
0.540785
0.522603
0.527515
0.529657
0.531201
0.520899
0.525848
0.49501
0.502774
0.554328
0.560592
0.55438
0.563772
0.532711
0.509706
0.515328
0.530237
0.529326
0.55731
0.53459
0.524699
0.514495
0.517412
0.511087
0.472354
0.568031
0.559568
0.601442
0.532618
0.568581
0.553531
0.535091
0.517836
0.513281
0.568635
0.558356
0.564955
0.554995
0.528637
0.528129
0.509775
0.513607
0.480119
0.483134
0.529908
0.531291
0.528241
0.478377
0.510059
0.552516
0.537389
0.562725
0.583113
0.600807
0.594876
0.505029
0.508266
0.529083
0.51835
0.531202
0.531611
0.483987
0.497409
0.487005
0.520846
0.518308
0.484647
0.507221
0.495216
0.567794
0.576979
0.526219
0.521681
0.495557
0.488352
0.534039
0.53936
0.540679
0.504672
0.505146
0.594341
0.562885
0.519203
0.507394
0.552873
0.530452
0.568381
0.627505
0.636056
0.568669
0.563299
0.571887
0.641799
0.519884
0.515942
0.515906
0.564728
0.534927
0.485209
0.558286
0.534724
0.549394
0.54443
0.551797
0.533407
0.51857
0.510546
0.540622
0.535754
0.541773
0.49251
0.482008
0.523397
0.529968
0.500664
0.507163
0.511128
0.518116
0.53792
0.533936
0.48113
0.51783
0.510709
0.515117
0.611142
0.606533
0.600322
0.591273
0.575166
0.524737
0.527313
0.477494
0.627909
0.62277
0.534517
0.543258
0.553253
0.534329
0.546816
0.557702
0.579751
0.516683
0.519423
0.523416
0.519271
0.499579
0.503825
0.524586
0.553205
0.560678
0.584842
0.560341
0.60303
0.571802
0.549237
0.53379
0.529238
0.530638
0.515952
0.493011
0.477705
0.475482
0.486879
0.558409
0.554063
0.563506
0.566359
0.550846
0.527659
0.532941
0.528445
0.507308
0.522563
0.521482
0.526567
0.52583
0.527636
0.474493
0.527296
0.560914
0.577864
0.557617
0.548815
0.549139
0.539773
0.53233
0.500938
0.496668
0.512895
0.545629
0.547144
0.538574
0.547878
0.474984
0.578909
0.58344
0.562907
0.535242
0.537982
0.539991
0.568172
0.558528
0.572276
0.5117
0.505889
0.509774
0.524937
0.576823
0.570799
0.567285
0.57979
0.534097
0.498794
0.536088
0.500372
0.598456
0.604977
0.51144
0.524943
0.514517
0.531099
0.559581
0.546108
0.555742
0.55009
0.516018
0.521383
0.488928
0.519301
0.521573
0.51138
0.475831
0.471476
0.48336
0.506785
0.513541
0.511569
0.503891
0.497291
0.523218
0.519327
0.521872
0.510069
0.492079
0.474941
0.478651
0.531679
0.562943
0.554621
0.560332
0.580505
0.584204
0.50414
0.506997
0.50675
0.545106
0.535668
0.526579
0.517756
0.53165
0.49732
0.479712
0.509612
0.568997
0.546223
0.509402
0.513054
0.514456
0.510829
0.529517
0.533351
0.521457
0.517761
0.520606
0.482039
0.562017
0.559512
0.554193
0.532711
0.533038
0.519571
0.517417
0.532851
0.521786
0.633079
0.526327
0.571383
0.532673
0.491039
0.52387
0.483455
0.504757
0.528547
0.591533
0.571118
0.559768
0.520157
0.536036
0.537403
0.532167
0.548357
0.559537
0.5053
0.539325
0.470589
0.480427
0.521999
0.526436
0.490835
0.596737
0.528791
0.55447
0.558651
0.528335
0.52465
0.529592
0.494072
0.525731
0.500907
0.495142
0.532335
0.526681
0.525682
0.53163
0.533704
0.531732
0.483941
0.469438
0.502252
0.609505
0.599294
0.65467
0.520655
0.499037
0.4931
0.505596
0.529088
0.518302
0.520052
0.520588
0.547608
0.549675
0.5532
0.51109
0.524786
0.488904
0.530112
0.529296
0.532553
0.534269
0.514954
0.511427
0.507945
0.524304
0.589345
0.515916
0.489962
0.482689
0.484046
0.528747
0.531269
0.515722
0.511519
0.511751
0.503819
0.531065
0.531964
0.512593
0.479976
0.489538
0.528705
0.52864
0.535869
0.541833
0.535346
0.523315
0.529726
0.509128
0.539927
0.544119
0.534338
0.524429
0.486406
0.499587
0.512478
0.526662
0.529223
0.532113
0.527407
0.491584
0.529303
0.523907
0.505412
0.506593
0.511332
0.517812
0.525572
0.523443
0.457241
0.602309
0.540522
0.47416
0.498467
0.492713
0.489274
0.48966
0.501428
0.50337
0.503354
0.525273
0.513733
0.510923
0.499195
0.594032
0.5698
0.508589
0.507972
0.657318
0.537204
0.539839
0.543691
0.582167
0.555355
0.537386
0.525525
0.512393
0.607739
0.53108
0.533609
0.537634
0.519931
0.522088
0.5363
0.532354
0.527793
0.515254
0.518551
0.536458
0.572508
0.550292
0.549421
0.63998
0.635521
0.511092
0.515424
0.560808
0.50983
0.52488
0.544024
0.550164
0.53812
0.473561
0.503805
0.506032
0.522529
0.514903
0.521001
0.522232
0.516509
0.583059
0.502702
0.495792
0.482521
0.483628
0.489981
0.487166
0.483352
0.507899
0.488871
0.480569
0.510289
0.569787
0.529205
0.535446
0.548654
0.538895
0.563804
0.524454
0.518748
0.506379
0.515707
0.501345
0.501181
0.505092
0.537052
0.530768
0.519523
0.50168
0.50561
0.509409
0.490562
0.57088
0.581319
0.502644
0.500448
0.512955
0.512809
0.515159
0.497823
0.503028
0.511321
0.546196
0.566503
0.484204
0.523762
0.500537
0.533698
0.526867
0.511841
0.528958
0.510555
0.500761
0.529642
0.52671
0.515972
0.516245
0.564323
0.527724
0.530818
0.521946
0.527392
0.503171
0.504742
0.576671
0.56796
0.514097
0.578942
0.565202
0.522014
0.516608
0.495245
0.555665
0.567625
0.565394
0.52639
0.527413
0.538546
0.528311
0.524524
0.503932
0.487618
0.574558
0.531566
0.529887
0.50993
0.519282
0.525505
0.510318
0.699244
0.540415
0.509986
0.507765
0.504851
0.558424
0.576554
0.559751
0.589724
0.499845
0.489645
0.497577
0.61126
0.604084
0.553482
0.501189
0.499804
0.534989
0.538377
0.537415
0.486545
0.481365
0.494568
0.498532
0.526066
0.527208
0.461883
0.470148
0.535998
0.578243
0.574886
0.527702
0.526936
0.524147
0.533665
0.500173
0.56455
0.522158
0.526575
0.527055
0.522437
0.513599
0.485514
0.497292
0.537003
0.592001
0.591753
0.527466
0.531718
0.525526
0.527937
0.519551
0.519878
0.521969
0.534532
0.523269
0.517483
0.516185
0.469482
0.472418
0.497832
0.548988
0.54463
0.516445
0.516349
0.545019
0.559153
0.544378
0.517324
0.542084
0.534338
0.496754
0.518242
0.525809
0.516429
0.606851
0.648983
0.512864
0.506012
0.491623
0.493328
0.490282
0.568699
0.534919
0.498536
0.5238
0.52283
0.495673
0.498196
0.534538
0.522024
0.530208
0.518542
0.511131
0.518084
0.473591
0.47736
0.485135
0.493113
0.508639
0.518646
0.521778
0.523639
0.525596
0.522059
0.527588
0.540713
0.529556
0.510979
0.519854
0.510999
0.511885
0.504608
0.509125
0.569483
0.572799
0.544472
0.548085
0.546763
0.532058
0.530402
0.575581
0.553618
0.53731
0.485041
0.518378
0.530068
0.526583
0.526956
0.611959
0.611654
0.491637
0.478719
0.481993
0.525265
0.530896
0.543695
0.552887
0.543375
0.511284
0.502251
0.46509
0.484094
0.526498
0.515178
0.529044
0.543103
0.509038
0.519313
0.526481
0.540512
0.532749
0.573867
0.5064
0.507868
0.50508
0.58855
0.573667
0.524572
0.578045
0.486411
0.546211
0.527403
0.519074
0.542491
0.577319
0.569237
0.518529
0.512626
0.488372
0.544375
0.597773
0.548559
0.516667
0.516489
0.525856
0.539194
0.514687
0.538229
0.504178
0.512421
0.511457
0.508378
0.514435
0.524581
0.533511
0.517628
0.522144
0.52755
0.52127
0.516348
0.523945
0.518722
0.521933
0.508239
0.522549
0.52214
0.517747
0.516504
0.513164
0.520655
0.52257
0.532251
0.562026
0.481841
0.495518
0.528616
0.531318
0.527725
0.485283
0.536894
0.509248
0.522355
0.523359
0.519741
0.520928
0.521213
0.512844
0.557088
0.560536
0.532127
0.512671
0.510317
0.518759
0.513587
0.51604
0.469647
0.472643
0.479505
0.509849
0.515487
0.519607
0.525106
0.520865
0.515229
0.509368
0.516061
0.512485
0.48044
0.518031
0.543265
0.600879
0.493093
0.513641
0.534519
0.529137
0.529127
0.478129
0.475384
0.477748
0.525722
0.56528
0.511125
0.57713
0.58786
0.532851
0.531846
0.5402
0.485108
0.486205
0.596689
0.523759
0.52125
0.480179
0.559945
0.554931
0.513426
0.489001
0.486665
0.541871
0.532857
0.497799
0.498111
0.555248
0.494422
0.571179
0.560481
0.585675
0.497447
0.567978
0.574766
0.533868
0.534627
0.528237
0.495675
0.522022
0.669537
0.638157
0.527183
0.520097
0.570084
0.606005
0.576289
0.578092
0.594486
0.579345
0.530334
0.526615
0.52592
0.524233
0.549423
0.546814
0.603214
0.531633
0.600672
0.523717
0.52069
0.573792
0.534721
0.489143
0.465441
0.497129
0.584989
0.498632
0.503684
0.523791
0.534177
0.536865
0.542228
0.506795
0.509794
0.534057
0.526881
0.511815
0.543847
0.538153
0.549337
0.542717
0.538008
0.539126
0.522435
0.533625
0.530633
0.54245
0.538357
0.51179
0.532681
0.629041
0.560948
0.559608
0.556333
0.551193
0.554299
0.545528
0.533831
0.516782
0.561726
0.553961
0.577604
0.536229
0.466479
0.556981
0.544062
0.56558
0.566798
0.569902
0.528755
0.523563
0.529072
0.562201
0.602956
0.562069
0.563331
0.509081
0.498549
0.507086
0.587012
0.512308
0.514099
0.557548
0.546039
0.504412
0.550767
0.527321
0.512124
0.51056
0.506305
0.542181
0.556076
0.53565
0.520421
0.521408
0.53796
0.517156
0.509894
0.512692
0.507415
0.512797
0.536507
0.497512
0.522554
0.49782
0.516288
0.575458
0.528557
0.522345
0.515554
0.490163
0.481241
0.47834
0.488492
0.571649
0.597745
0.576541
0.528838
0.618917
0.495605
0.500563
0.594146
0.606659
0.56986
0.524144
0.520853
0.52118
0.525198
0.572361
0.560086
0.52058
0.517019
0.516964
0.524933
0.52354
0.52195
0.490084
0.494282
0.560307
0.562347
0.524204
0.520546
0.522325
0.515014
0.533688
0.511299
0.517698
0.522658
0.489997
0.489823
0.567723
0.57084
0.569401
0.532562
0.5887
0.515017
0.524471
0.530368
0.530138
0.532553
0.532562
0.527745
0.530203
0.524232
0.534014
0.514985
0.515367
0.578241
0.5844
0.491177
0.552038
0.474725
0.488326
0.48351
0.495728
0.544182
0.490409
0.486588
0.48966
0.496726
0.521039
0.527642
0.534993
0.518503
0.49739
0.519333
0.525307
0.516455
0.511827
0.509822
0.494886
0.513446
0.519216
0.542704
0.528035
0.538314
0.520345
0.52561
0.490642
0.503239
0.569458
0.487561
0.508233
0.522763
0.526267
0.566538
0.544252
0.520839
0.523133
0.526334
0.53999
0.532825
0.50744
0.526229
0.496014
0.526165
0.513452
0.549155
0.495481
0.496269
0.553887
0.54976
0.521613
0.533903
0.532491
0.504428
0.481852
0.489438
0.503884
0.541053
0.5439
0.486908
0.49049
0.51324
0.509624
0.514741
0.518196
0.506224
0.531804
0.551686
0.537114
0.525228
0.525181
0.530442
0.556768
0.560948
0.559531
0.472298
0.473145
0.483394
0.558772
0.557956
0.529201
0.527972
0.522978
0.500655
0.528101
0.525638
0.503011
0.497256
0.521523
0.560322
0.527753
0.52646
0.579077
0.468014
0.480436
0.496734
0.529371
0.514482
0.510025
0.50872
0.552084
0.506116
0.473429
0.55201
0.536705
0.573518
0.523796
0.514024
0.528434
0.481975
0.55801
0.611229
0.499512
0.513015
0.488865
0.489987
0.510479
0.52181
0.469753
0.478249
0.487713
0.53559
0.524395
0.481979
0.467463
0.538291
0.532402
0.529265
0.551361
0.558478
0.535126
0.516248
0.51416
0.537479
0.529212
0.620939
0.522019
0.524543
0.51981
0.56164
0.474641
0.507576
0.516882
0.528045
0.543956
0.563169
0.524735
0.511148
0.502377
0.514186
0.51539
0.555068
0.515664
0.500453
0.475413
0.529178
0.538544
0.529213
0.519662
0.54574
0.541245
0.506051
0.515716
0.581361
0.4891
0.496635
0.486289
0.47166
0.502834
0.513577
0.477117
0.524043
0.592188
0.59228
0.493012
0.500036
0.537347
0.52317
0.526393
0.513233
0.520935
0.530134
0.543053
0.491297
0.494883
0.525346
0.568776
0.53374
0.530127
0.57563
0.505763
0.61029
0.540385
0.523039
0.530924
0.544433
0.506315
0.582582
0.542292
0.478955
0.469786
0.550127
0.515059
0.547196
0.53561
0.487234
0.532093
0.528755
0.523082
0.484447
0.607653
0.522492
0.520428
0.516775
0.489334
0.546591
0.478451
0.491871
0.499766
0.530628
0.470602
0.485474
0.491847
0.516739
0.527605
0.494721
0.49218
0.52022
0.518925
0.469155
0.496084
0.502732
0.512316
0.517902
0.532052
0.533205
0.524767
0.504776
0.525038
0.524449
0.54429
0.491372
0.487832
0.522316
0.515615
0.524743
0.596705
0.499583
0.500446
0.493439
0.518991
0.518492
0.524845
0.496644
0.456105
0.555703
0.526402
0.480281
0.542411
0.47646
0.514876
0.490399
0.603438
0.512003
0.599748
0.535495
0.484751
0.520396
0.530333
0.508272
0.486234
0.588026
0.582086
0.529102
0.509411
0.507755
0.572055
0.57511
0.644009
0.528498
0.532507
0.523928
0.527464
0.469462
0.524962
0.520092
0.54544
0.540631
0.502326
0.550989
0.528439
0.512666
0.516608
0.492643
0.525363
0.509245
0.491816
0.494853
0.5024
0.502748
0.547738
0.537403
0.546639
0.548621
0.479152
0.530068
0.500892
0.504126
0.506719
0.510211
0.538098
0.538464
0.59923
0.523208
0.518675
0.589699
0.563906
0.534397
0.560727
0.49496
0.5583
0.513286
0.504962
0.515747
0.529716
0.528881
0.528973
0.516456
0.501812
0.616672
0.465132
0.513362
0.545915
0.529748
0.523322
0.545966
0.493589
0.546627
0.53945
0.507909
0.508905
0.526826
0.563733
0.592686
0.539914
0.52586
0.56689
0.557856
0.476579
0.575909
0.508845
0.543173
0.561366
0.484687
0.523852
0.521881
0.505346
0.483384
0.530437
0.538221
0.525638
0.541662
0.531428
0.486968
0.594007
0.595202
0.54919
0.511227
0.513549
0.514846
0.510211
0.530178
0.523072
0.481942
0.547833
0.503662
0.567404
0.517074
0.493255
0.523905
0.537786
0.526355
0.54354
0.536205
0.519606
0.521091
0.546697
0.534333
0.499139
0.56402
0.526476
0.552004
0.553077
0.534745
0.5169
0.526924
0.502587
0.521249
0.589789
0.545794
0.553695
0.530882
0.49559
0.564024
0.510899
0.513315
0.500967
0.515066
0.518904
0.484927
0.528376
0.475652
0.635277
0.529978
0.520161
0.513262
0.55225
0.510782
0.562194
0.519916
0.592009
0.576721
0.532057
0.548966
0.567763
0.517882
0.519608
0.537427
0.535259
0.582013
0.513769
0.524051
0.530273
0.526569
0.460091
0.473065
0.516401
0.515412
0.522647
0.556845
0.517728
0.575516
0.515936
0.510873
0.531836
0.491605
0.522876
0.603613
0.490317
0.536093
0.558411
0.522706
0.499086
0.517397
0.572877
0.566951
0.506469
0.511327
0.517635
0.520821
0.54262
0.532244
0.495137
0.527819
0.53234
0.567429
0.531103
0.535655
0.520594
0.493063
0.53253
0.529549
0.522821
0.536587
0.532802
0.518412
0.491441
0.522854
0.573746
0.502026
0.47446
0.552105
0.48613
0.517648
0.568847
0.555108
0.5172
0.572752
0.524536
0.520325
0.515549
0.52266
0.51151
0.52248
0.512399
0.530508
0.52845
0.528705
0.645696
0.6176
0.528693
0.503584
0.519575
0.479763
0.534047
0.533508
0.581192
0.584809
0.559453
0.561049
0.523637
0.520937
0.487339
0.487569
0.529189
0.537171
0.540285
0.525488
0.492415
0.528334
0.492605
0.514601
0.50511
0.490413
0.52309
0.523656
0.576546
0.519537
0.512902
0.47707
0.530869
0.536854
0.489905
0.489271
0.621638
0.513675
0.57665
0.526125
0.524087
0.508018
0.541456
0.493745
0.503928
0.495016
0.515264
0.524813
0.501343
0.504314
0.595464
0.516011
0.473495
0.51158
0.513654
0.495176
0.574429
0.50083
0.554457
0.496122
0.547665
0.520815
0.513513
0.545961
0.525318
0.568765
0.559952
0.477799
0.479676
0.49838
0.465489
0.56985
0.517181
0.485528
0.484065
0.506758
0.53083
0.512838
0.547788
0.538733
0.536421
0.482529
0.527992
0.503097
0.526234
0.512356
0.521184
0.526682
0.526496
0.536534
0.527941
0.531718
0.539726
0.534504
0.542033
0.545939
0.531657
0.489558
0.544515
0.56082
0.579515
0.529709
0.525582
0.572398
0.587665
0.527848
0.515678
0.534956
0.504147
0.514993
0.51299
0.47525
0.562627
0.476578
0.572539
0.53475
0.513715
0.473529
0.468854
0.523946
0.56812
0.521671
0.534211
0.505119
0.518325
0.512099
0.530989
0.487494
0.551422
0.487668
0.535551
0.611358
0.59978
0.528607
0.523577
0.54946
0.5122
0.507755
0.527423
0.534962
0.484455
0.504484
0.483864
0.480019
0.47836
0.513913
0.510098
0.529811
0.496445
0.486154
0.578261
0.554346
0.5226
0.52469
0.523829
0.531068
0.528052
0.471033
0.460843
0.533364
0.526011
0.5313
0.488401
0.524321
0.528497
0.513934
0.540886
0.554746
0.48544
0.497596
0.476794
0.517232
0.535621
0.505567
0.514463
0.564919
0.564462
0.575173
0.59081
0.557337
0.48593
0.513169
0.537512
0.484237
0.499121
0.481601
0.483932
0.51143
0.481517
0.492122
0.549435
0.474721
0.4728
0.508729
0.488404
0.560154
0.579918
0.576404
0.524095
0.485852
0.563254
0.518648
0.469251
0.491042
0.499019
0.557117
0.49417
0.604515
0.546203
0.510005
0.560945
0.535653
0.61905
0.522484
0.532781
0.563724
0.525315
0.563761
0.507564
0.47619
0.539946
0.572217
0.573744
0.474344
0.532879
0.563148
0.564869
0.554511
0.542496
0.50384
0.483654
0.478339
0.533267
0.516086
0.454485
0.553824
0.470621
0.473634
0.530125
0.522306
0.548647
0.484461
0.476691
0.530558
0.585214
0.569216
0.599774
0.465643
0.536714
0.526849
0.497526
0.5426
0.60994
0.531028
0.528597
0.512011
0.52805
0.540658
0.508619
0.499723
0.48464
0.521656
0.545093
0.46795
0.454019
0.548445
0.550302
0.512573
0.561446
0.540714
0.476593
0.546266
0.556701
0.557464
0.467232
0.523097
0.562396
0.508158
0.537305
0.489395
0.526649
0.515977
0.548222
0.52046
0.567667
0.568689
0.517116
0.572284
0.533193
0.513705
0.488234
0.536086
0.51687
0.515367
0.572744
0.560228
0.507337
0.514373
0.54005
0.53662
0.524658
0.534236
0.487434
0.512702
0.487288
0.52706
0.488309
0.532021
0.531369
0.524091
0.501248
0.522886
0.498662
0.507687
0.51655
0.51845
0.521605
0.541455
0.522496
0.519157
0.518883
0.486703
0.50459
0.539442
0.558613
0.520174
0.5183
0.510011
0.511458
0.521596
0.564662
0.543297
0.50151
0.511639
0.520206
0.532388
0.611738
0.509617
0.524368
0.527237
0.540245
0.500836
0.533142
0.532684
0.512554
0.511187
0.505638
0.5132
0.590423
0.545998
0.542888
0.534264
0.541001
0.510184
0.504228
0.518933
0.560296
0.489427
0.51899
0.509678
0.534855
0.508966
0.509987
0.508683
0.529986
0.525226
0.514419
0.504304
0.532336
0.515836
0.52689
0.504808
0.530576
0.601109
0.518704
0.49646
0.491929
0.493488
0.496028
0.522514
0.508523
0.521086
0.516104
0.561787
0.538125
0.541139
0.544379
0.508508
0.53294
0.592232
0.58435
0.511657
0.550669
0.505722
0.50567
0.51466
0.5192
0.522981
0.539949
0.492335
0.511898
0.521215
0.511137
0.507467
0.584811
0.60099
0.503588
0.507755
0.516278
0.518125
0.506648
0.534879
0.521892
0.570227
0.506571
0.549761
0.568764
0.533831
0.503652
0.514997
0.513421
0.500704
0.519753
0.498069
0.514379
0.501499
0.513224
0.54569
0.495618
0.517197
0.518189
0.517238
0.516605
0.523911
0.520708
0.528299
0.515188
0.537611
0.526887
0.524253
0.532018
0.535349
0.525003
0.5227
0.524023
0.515241
0.526464
0.525854
0.513099
0.517223
0.514742
0.562744
0.499705
0.539065
0.516587
0.508428
0.512559
0.511518
0.520213
0.563595
0.527941
0.538182
0.538072
0.540865
0.577569
0.510174
0.585561
0.51492
0.595559
0.503006
0.506952
0.554993
0.543404
0.51262
0.475602
0.526821
0.541936
0.488747
0.540426
0.495639
0.60505
0.531116
0.548789
0.565922
0.528934
0.531121
0.490351
0.529621
0.520589
0.494431
0.505716
0.582654
0.53098
0.588144
0.568102
0.527293
0.526642
0.530064
0.530803
0.537393
0.561441
0.541437
0.536865
0.590225
0.561132
0.572489
0.526248
0.511371
0.516394
0.515657
0.526368
0.522496
0.526608
0.520536
0.508213
0.48756
0.511184
0.516561
0.504892
0.522344
0.560371
0.527401
0.525273
0.525204
0.498057
0.548225
0.526341
0.525426
0.538041
0.552567
0.510467
0.609048
0.528957
0.547197
0.545958
0.531385
0.530278
0.480468
0.51036
0.512185
0.516844
0.522839
0.52516
0.585984
0.51764
0.529382
0.547894
0.538953
0.580602
0.511293
0.5239
0.528391
0.506352
0.50826
0.495154
0.509622
0.505559
0.578792
0.554926
0.512628
0.621399
0.516924
0.528928
0.509981
0.517503
0.504174
0.501373
0.544639
0.542783
0.541605
0.583994
0.504279
0.484134
0.542984
0.609216
0.48804
0.50912
0.568528
0.514732
0.500948
0.519217
0.503772
0.52201
0.554753
0.525633
0.48164
0.535071
0.528505
0.493581
0.527777
0.52928
0.519793
0.573816
0.495391
0.514277
0.510306
0.546727
0.510143
0.515834
0.50927
0.524475
0.521295
0.611721
0.54797
0.525545
0.522719
0.491829
0.487982
0.49642
0.514368
0.523641
0.533217
0.506065
0.500662
0.517425
0.578663
0.507978
0.523438
0.512884
0.566375
0.526853
0.524799
0.53368
0.524227
0.506696
0.509269
0.507947
0.514061
0.526409
0.522396
0.586294
0.528296
0.618589
0.560519
0.515432
0.508579
0.521997
0.505433
0.595842
0.5721
0.600182
0.571974
0.515934
0.532632
0.522183
0.530265
0.501571
0.504406
0.532149
0.501014
0.505927
0.544754
0.523519
0.52469
0.525936
0.519196
0.504036
0.497247
0.499561
0.500068
0.505037
0.531696
0.493835
0.500284
0.4889
0.51747
0.513907
0.481033
0.513965
0.509562
0.511788
0.496012
0.516556
0.522083
0.508193
0.508845
0.504306
0.513089
0.509404
0.526218
0.52957
0.514451
0.546718
0.506904
0.526946
0.571854
0.53517
0.503181
0.527406
0.522615
0.524513
0.522815
0.515762
0.521497
0.515958
0.538131
0.51041
0.515005
0.574951
0.520041
0.519711
0.514457
0.516735
0.517021
0.503086
0.536325
0.600612
0.520119
0.507575
0.515434
0.52279
0.521284
0.510684
0.603791
0.511993
0.509892
0.527599
0.501929
0.501673
0.56037
0.547088
0.489675
0.49725
0.508815
0.546613
0.51482
0.519002
0.493561
0.513194
0.521679
0.520624
0.490133
0.522843
0.51438
0.586009
0.527262
0.556409
0.537874
0.522147
0.52341
0.552116
0.514871
0.52591
0.522585
0.516103
0.519412
0.538947
0.475917
0.477214
0.534941
0.484008
0.531364
0.528768
0.536582
0.538804
0.526908
0.526745
0.525206
0.550928
0.518041
0.586045
0.512791
0.511038
0.540333
0.488927
0.553765
0.53071
0.533963
0.607177
0.54367
0.53038
0.516323
0.508485
0.534841
0.546722
0.574879
0.516205
0.513355
0.501304
0.490433
0.520702
0.485785
0.545242
0.51748
0.580242
0.540844
0.477237
0.53058
0.527209
0.519674
0.50301
0.504491
0.514595
0.524866
0.54641
0.511228
0.574414
0.513823
0.555318
0.533455
0.483531
0.547247
0.495756
0.586062
0.53536
0.51849
0.525064
0.512763
0.526241
0.533856
0.506267
0.535735
0.501633
0.513284
0.523973
0.52822
0.525399
0.520681
0.502801
0.584963
0.537372
0.544231
0.512275
0.520249
0.528965
0.47665
0.526522
0.564964
0.584123
0.527271
0.519388
0.643075
0.55281
0.506066
0.482554
0.516402
0.514125
0.534281
0.526208
0.523074
0.544395
0.503111
0.540186
0.511307
0.479596
0.508496
0.485031
0.53445
0.489919
0.507692
0.489898
0.550639
0.507701
0.502965
0.505117
0.508128
0.536815
0.524373
0.54519
0.531375
0.508404
0.500238
0.537222
0.482246
0.523002
0.519628
0.501388
0.549001
0.484288
0.502917
0.493857
0.511942
0.511937
0.557846
0.515203
0.524505
0.51084
0.519892
0.516307
0.529497
0.527352
0.514239
0.513004
0.491513
0.498134
0.491703
0.524028
0.578352
0.520052
0.519433
0.525407
0.483848
0.507654
0.536436
0.529606
0.581396
0.516936
0.541271
0.53936
0.529168
0.51574
0.543852
0.50706
0.505801
0.528485
0.516244
0.549383
0.531501
0.514265
0.555042
0.503979
0.513919
0.534592
0.515672
0.518297
0.524767
0.522988
0.500485
0.498577
0.513196
0.527629
0.516419
0.472122
0.532901
0.540426
0.49752
0.495636
0.506601
0.541248
0.505344
0.492213
0.506756
0.506134
0.525073
0.61884
0.512346
0.49689
0.522419
0.60821
0.511379
0.54388
0.585021
0.504149
0.473319
0.506501
0.526018
0.561388
0.520923
0.528165
0.511268
0.567971
0.533615
0.521017
0.525439
0.517467
0.505915
0.556268
0.582989
0.561556
0.509154
0.549212
0.501803
0.531364
0.520294
0.517933
0.600267
0.49345
0.489202
0.519683
0.50051
0.578584
0.532133
0.495264
0.539209
0.524157
0.552911
0.508855
0.601935
0.62077
0.551061
0.533926
0.562962
0.531135
0.530895
0.474447
0.528039
0.487532
0.595361
0.490139
0.600272
0.589677
0.529491
0.480192
0.531924
0.497999
0.528865
0.510069
0.609169
0.489544
0.499488
0.523554
0.522756
0.491465
0.513337
0.5128
0.494578
0.541428
0.536466
0.506841
0.531807
0.516404
0.533695
0.494403
0.52599
0.501586
0.546826
0.507242
0.525519
0.532319
0.545893
0.563649
0.495931
0.498853
0.526594
0.563573
0.551558
0.5415
0.480652
0.515536
0.577199
0.516035
0.536789
0.485712
