0.509691
0.509497
0.585805
0.578637
0.540727
0.534276
0.549865
0.541578
0.535056
0.536199
0.53299
0.494689
0.502558
0.535083
0.531978
0.590361
0.594296
0.570368
0.514239
0.511968
0.509028
0.52589
0.528319
0.540923
0.538415
0.538066
0.500155
0.506439
0.521291
0.520331
0.541869
0.517299
0.506676
0.491313
0.522
0.52661
0.530433
0.521247
0.530131
0.547308
0.547244
0.535164
0.549518
0.526842
0.516777
0.523958
0.523142
0.539773
0.532606
0.532421
0.531317
0.567541
0.574812
0.526914
0.534405
0.509903
0.509185
0.542773
0.56337
0.561121
0.510738
0.507087
0.51505
0.511582
0.561774
0.5633
0.564797
0.556056
0.575073
0.564427
0.529115
0.528872
0.528405
0.527025
0.537265
0.523348
0.534043
0.503824
0.520508
0.501143
0.564287
0.559526
0.573086
0.481906
0.493797
0.539151
0.536126
0.566347
0.579355
0.589152
0.609882
0.612032
0.606037
0.525094
0.511811
0.515032
0.543897
0.539505
0.529864
0.490398
0.493417
0.497323
0.500989
0.49553
0.500122
0.547372
0.532673
0.538126
0.533643
0.493311
0.493876
0.5496
0.550766
0.555702
0.497941
0.494037
0.502714
0.55654
0.521927
0.533408
0.547815
0.573312
0.568084
0.482471
0.525808
0.528177
0.51735
0.519681
0.535051
0.55039
0.548307
0.562953
0.556333
0.549111
0.562208
0.535448
0.541994
0.545185
0.546425
0.536816
0.514293
0.518421
0.51309
0.533199
0.496304
0.52535
0.533892
0.484555
0.491861
0.592768
0.511982
0.516807
0.536523
0.473974
0.489614
0.516647
0.499227
0.617598
0.613405
0.520033
0.525861
0.520423
0.478852
0.50527
0.498435
0.534524
0.544772
0.551294
0.533397
0.544723
0.520015
0.526758
0.561507
0.546696
0.527959
0.509535
0.509759
0.512537
0.508209
0.51633
0.517777
0.555603
0.570671
0.57442
0.566493
0.534646
0.509658
0.528466
0.518348
0.510527
0.512524
0.514095
0.478674
0.475993
0.484955
0.523819
0.553921
0.552496
0.51621
0.526093
0.519169
0.528832
0.52387
0.530355
0.472278
0.529278
0.530883
0.571829
0.575509
0.598842
0.56017
0.565266
0.54086
0.533832
0.488185
0.49375
0.484114
0.539905
0.540628
0.532252
0.546614
0.537728
0.583055
0.538126
0.528452
0.55471
0.551113
0.535749
0.540039
0.557923
0.576184
0.505683
0.519969
0.52134
0.569314
0.55845
0.529799
0.553444
0.547912
0.537721
0.490728
0.533034
0.492733
0.521165
0.617832
0.507361
0.506756
0.514676
0.512645
0.502512
0.499424
0.568769
0.568849
0.568078
0.51401
0.516392
0.511374
0.514351
0.518507
0.512004
0.509813
0.523323
0.533586
0.470617
0.481962
0.509633
0.514028
0.512195
0.542262
0.539754
0.504769
0.510286
0.514014
0.515927
0.521482
0.528525
0.524303
0.536221
0.504915
0.475954
0.484784
0.53563
0.575053
0.56165
0.568025
0.499554
0.501346
0.519545
0.546014
0.537558
0.52533
0.521563
0.531808
0.5008
0.541491
0.543653
0.548011
0.544984
0.560737
0.511029
0.514081
0.507988
0.51633
0.510822
0.562776
0.537238
0.526546
0.535847
0.518929
0.570461
0.520156
0.520153
0.476595
0.539782
0.535552
0.5557
0.556144
0.554068
0.531678
0.532038
0.518285
0.524196
0.52161
0.519686
0.518047
0.530509
0.557773
0.566476
0.539163
0.527332
0.509668
0.497243
0.486582
0.492339
0.490668
0.49852
0.500111
0.526013
0.526758
0.529666
0.516725
0.484824
0.527322
0.527884
0.54945
0.550457
0.555063
0.540061
0.505438
0.503952
0.510214
0.518797
0.555437
0.550603
0.517309
0.534544
0.536592
0.546185
0.541385
0.496173
0.517545
0.552341
0.540383
0.537108
0.536607
0.531393
0.488153
0.492044
0.52638
0.528617
0.529059
0.488075
0.495923
0.533373
0.535437
0.611931
0.626708
0.585209
0.532788
0.522844
0.507487
0.536127
0.530931
0.542682
0.49521
0.488075
0.496454
0.530135
0.524755
0.532252
0.533937
0.531468
0.479781
0.466691
0.486625
0.60404
0.602853
0.521212
0.523715
0.486847
0.492391
0.501782
0.49927
0.496753
0.565849
0.529377
0.53129
0.550614
0.524457
0.531497
0.529445
0.524027
0.531825
0.53127
0.537559
0.540799
0.511269
0.514631
0.509453
0.522336
0.567105
0.558448
0.536106
0.524851
0.527642
0.505097
0.510441
0.516582
0.505226
0.531334
0.530967
0.52973
0.498766
0.50428
0.479301
0.484344
0.530793
0.527576
0.525906
0.536611
0.518215
0.528467
0.533642
0.521595
0.547715
0.547532
0.537374
0.547384
0.524881
0.521472
0.52863
0.492047
0.504662
0.494252
0.534016
0.531072
0.537055
0.528068
0.522811
0.525833
0.522729
0.525976
0.511597
0.530709
0.508134
0.588422
0.572298
0.538951
0.464545
0.464007
0.475418
0.503243
0.552021
0.481855
0.48051
0.495015
0.510886
0.512096
0.517845
0.552509
0.558561
0.512574
0.518587
0.532567
0.541693
0.539981
0.54114
0.530807
0.536501
0.557947
0.557192
0.531269
0.541994
0.525162
0.490506
0.532355
0.543494
0.519351
0.509059
0.526649
0.527186
0.529997
0.522125
0.518213
0.538871
0.56461
0.54726
0.562358
0.587354
0.629842
0.518174
0.521835
0.499596
0.514891
0.516678
0.584672
0.572343
0.543542
0.480382
0.48276
0.484755
0.495553
0.48081
0.482216
0.485848
0.47849
0.483533
0.472018
0.458444
0.506563
0.509732
0.535024
0.566866
0.520195
0.509984
0.516356
0.529688
0.496585
0.488804
0.498235
0.53769
0.542711
0.532642
0.598765
0.510944
0.491856
0.489958
0.490148
0.5852
0.547911
0.580993
0.495318
0.500521
0.498117
0.538928
0.500284
0.49999
0.501636
0.559807
0.569418
0.521774
0.480127
0.478007
0.509952
0.520507
0.512849
0.531825
0.527916
0.533361
0.536398
0.530145
0.5081
0.558771
0.53449
0.507392
0.52525
0.546804
0.523967
0.529162
0.526561
0.532284
0.483765
0.513845
0.499643
0.502321
0.592017
0.503032
0.490537
0.555447
0.525425
0.524238
0.496597
0.504049
0.544696
0.541892
0.521419
0.520059
0.569135
0.544927
0.564642
0.490129
0.489861
0.547763
0.534386
0.527898
0.516934
0.53508
0.526919
0.532323
0.588734
0.518247
0.544681
0.507101
0.5105
0.50535
0.55019
0.556364
0.565431
0.567271
0.57853
0.504666
0.489163
0.478582
0.590958
0.589326
0.539024
0.572365
0.570462
0.497209
0.536232
0.542117
0.529049
0.485864
0.557938
0.49788
0.498986
0.518428
0.51438
0.527028
0.532557
0.530449
0.536396
0.461773
0.472708
0.52376
0.535963
0.574585
0.532569
0.5311
0.528841
0.529057
0.525411
0.532233
0.535311
0.48364
0.488743
0.492981
0.5902
0.502857
0.529408
0.532291
0.525323
0.515686
0.534291
0.528431
0.517457
0.512953
0.520988
0.515075
0.534012
0.528909
0.508805
0.509527
0.486598
0.54402
0.539838
0.519636
0.522243
0.526143
0.556358
0.582087
0.51296
0.53357
0.518504
0.517704
0.515813
0.626385
0.58191
0.484387
0.489414
0.502241
0.504078
0.503686
0.498249
0.589863
0.518876
0.524408
0.540793
0.53929
0.539906
0.49304
0.525034
0.516378
0.501587
0.498482
0.487919
0.485252
0.511248
0.48986
0.488719
0.533722
0.519549
0.517265
0.468809
0.485863
0.500514
0.519925
0.525593
0.519307
0.533696
0.523389
0.526746
0.531162
0.527492
0.507266
0.519913
0.54888
0.543889
0.534458
0.55503
0.528713
0.535702
0.553737
0.503491
0.580091
0.503974
0.502491
0.54633
0.535486
0.529426
0.530242
0.528877
0.528626
0.604776
0.478393
0.470379
0.496668
0.495601
0.491972
0.525169
0.528501
0.532704
0.531218
0.568451
0.558134
0.564893
0.466569
0.478693
0.489032
0.528677
0.516431
0.52618
0.512288
0.515117
0.517147
0.506426
0.519371
0.519627
0.531015
0.536496
0.581858
0.518701
0.472642
0.543313
0.535965
0.544362
0.561855
0.504493
0.516161
0.54659
0.586644
0.483059
0.542543
0.547239
0.546061
0.511814
0.531076
0.543212
0.613742
0.492784
0.503461
0.51229
0.569357
0.561469
0.507363
0.508923
0.532004
0.530382
0.528479
0.528177
0.533809
0.506555
0.516099
0.524875
0.516385
0.514491
0.509894
0.513849
0.516347
0.504556
0.511232
0.517013
0.527861
0.483761
0.531519
0.533832
0.565128
0.481677
0.491307
0.514245
0.520029
0.520234
0.523189
0.47514
0.491166
0.512027
0.511928
0.515025
0.518072
0.517772
0.519468
0.605744
0.49323
0.490106
0.547755
0.540353
0.508142
0.496815
0.52663
0.518584
0.513997
0.515124
0.480041
0.516368
0.51735
0.514298
0.463041
0.465192
0.52518
0.51283
0.515171
0.517196
0.487653
0.495746
0.495316
0.479917
0.472014
0.572757
0.545439
0.530805
0.494762
0.485026
0.533632
0.528236
0.477612
0.475245
0.480682
0.524108
0.519632
0.512221
0.56568
0.514072
0.516531
0.534915
0.531522
0.536558
0.531561
0.481529
0.48727
0.518755
0.459787
0.56629
0.484341
0.51613
0.490706
0.494567
0.494716
0.547479
0.485596
0.503713
0.529454
0.550317
0.555645
0.561734
0.4853
0.571834
0.53374
0.53702
0.538083
0.529077
0.506798
0.576588
0.553278
0.559683
0.558418
0.529691
0.521594
0.526629
0.527587
0.570429
0.506472
0.565675
0.467224
0.494283
0.545052
0.553255
0.470574
0.532467
0.533244
0.498667
0.506905
0.508899
0.525792
0.540309
0.535845
0.562088
0.585296
0.567924
0.510836
0.480727
0.486482
0.505716
0.528833
0.567982
0.541209
0.547711
0.538422
0.538088
0.529807
0.540723
0.532635
0.514976
0.528477
0.53857
0.565457
0.566163
0.511705
0.534829
0.539102
0.500244
0.531207
0.538847
0.528141
0.535864
0.54051
0.562971
0.561673
0.561062
0.550123
0.561564
0.510661
0.525835
0.529332
0.57434
0.556988
0.583942
0.566422
0.563494
0.504135
0.497354
0.496817
0.506977
0.512726
0.512857
0.53611
0.49549
0.477036
0.497933
0.484079
0.52703
0.495925
0.541532
0.529513
0.508524
0.539154
0.477388
0.532952
0.515754
0.519058
0.564516
0.500952
0.505365
0.511806
0.532599
0.522095
0.512893
0.532606
0.530127
0.515472
0.472779
0.552354
0.507598
0.521793
0.518389
0.533839
0.518584
0.544645
0.605658
0.626689
0.557878
0.527101
0.521996
0.5128
0.52386
0.517801
0.523897
0.557764
0.519474
0.517206
0.517637
0.509082
0.492533
0.522882
0.520456
0.527975
0.512127
0.499185
0.535317
0.540946
0.49454
0.504233
0.534806
0.522304
0.52231
0.536503
0.51278
0.537519
0.507246
0.530825
0.527575
0.520224
0.51165
0.516393
0.521464
0.575572
0.48989
0.492454
0.551981
0.550052
0.552833
0.558922
0.518745
0.583346
0.596509
0.52117
0.519465
0.529035
0.548348
0.54446
0.523987
0.613077
0.56672
0.552078
0.475559
0.473921
0.490608
0.494162
0.484277
0.484693
0.516261
0.516347
0.522297
0.503453
0.503173
0.51733
0.513984
0.522907
0.522808
0.508473
0.603211
0.493872
0.492905
0.551057
0.624061
0.536833
0.540887
0.524441
0.531647
0.525298
0.515007
0.496055
0.493738
0.512731
0.535033
0.482463
0.495334
0.522764
0.552414
0.548116
0.485238
0.536521
0.50786
0.506849
0.527041
0.478564
0.476986
0.532223
0.531217
0.615793
0.488859
0.544957
0.525818
0.538208
0.535345
0.514167
0.505174
0.500577
0.552709
0.538376
0.528362
0.508375
0.513768
0.511161
0.539899
0.488787
0.562729
0.484514
0.514801
0.529557
0.517528
0.523036
0.533056
0.548101
0.565831
0.478703
0.484576
0.51265
0.505261
0.490581
0.541617
0.517547
0.529474
0.531226
0.484365
0.535794
0.549693
0.544864
0.481202
0.529843
0.488291
0.530328
0.476979
0.475148
0.482447
0.536142
0.539824
0.517739
0.517516
0.524907
0.502761
0.584665
0.537633
0.511805
0.544126
0.525053
0.525557
0.518512
0.523048
0.472251
0.47746
0.631036
0.563805
0.57818
0.537223
0.472665
0.556939
0.533998
0.62321
0.529968
0.484382
0.549204
0.570805
0.530724
0.509174
0.470572
0.476266
0.507476
0.474706
0.486656
0.484334
0.535578
0.530786
0.479973
0.473515
0.541651
0.543249
0.553222
0.485194
0.535772
0.558107
0.514303
0.53534
0.536034
0.52084
0.524248
0.524665
0.537323
0.658911
0.499355
0.50718
0.511945
0.538161
0.527255
0.527964
0.485226
0.546193
0.524197
0.511995
0.517703
0.605534
0.478211
0.543238
0.537864
0.520551
0.546145
0.551097
0.538809
0.513198
0.514101
0.488542
0.46074
0.471971
0.461599
0.528407
0.479876
0.543795
0.518291
0.546325
0.533572
0.487519
0.490668
0.535445
0.508943
0.531186
0.541226
0.523756
0.521891
0.527626
0.513475
0.52207
0.529788
0.540409
0.491663
0.528003
0.525568
0.59016
0.577625
0.536178
0.526542
0.539499
0.533765
0.506389
0.506561
0.57396
0.561483
0.508788
0.475803
0.50843
0.574978
0.555794
0.565184
0.617287
0.501556
0.546439
0.537916
0.542752
0.527145
0.526606
0.484451
0.594016
0.508894
0.535342
0.518754
0.520981
0.535249
0.601311
0.547929
0.489685
0.506866
0.53117
0.471912
0.505888
0.480255
0.588177
0.534328
0.495652
0.529572
0.529329
0.470337
0.534036
0.53117
0.610241
0.503362
0.512823
0.535393
0.532348
0.527145
0.530151
0.503707
0.48725
0.484008
0.478852
0.490565
0.480987
0.535517
0.544473
0.511512
0.508913
0.49036
0.492379
0.516435
0.517772
0.581393
0.581784
0.537756
0.539852
0.537535
0.496587
0.49112
0.508732
0.518387
0.524425
0.540335
0.49368
0.452065
0.566931
0.545772
0.481495
0.513541
0.467915
0.539085
0.525764
0.540284
0.485625
0.492722
0.534405
0.530629
0.529108
0.585669
0.56666
0.525618
0.525476
0.511391
0.511425
0.546026
0.53572
0.523831
0.547824
0.54007
0.510857
0.504649
0.568282
0.557765
0.507964
0.535515
0.518465
0.493215
0.483377
0.520928
0.543467
0.514327
0.506726
0.500761
0.552222
0.549692
0.547275
0.548113
0.541216
0.558839
0.560681
0.56761
0.518492
0.521168
0.48072
0.535746
0.511568
0.5105
0.513054
0.531814
0.570425
0.555598
0.487438
0.557462
0.527282
0.530387
0.53091
0.529065
0.578933
0.553979
0.533653
0.517692
0.478831
0.481463
0.532741
0.491816
0.489644
0.546951
0.548756
0.543383
0.515305
0.51818
0.505611
0.537185
0.475841
0.525186
0.585543
0.566335
0.535767
0.557379
0.484953
0.560611
0.534003
0.48724
0.520045
0.542995
0.574934
0.550661
0.510122
0.514158
0.51107
0.534917
0.527898
0.477481
0.505405
0.469561
0.519003
0.559324
0.520356
0.470289
0.528174
0.530456
0.548032
0.539864
0.526365
0.525613
0.530437
0.532613
0.495258
0.532415
0.52387
0.531468
0.549188
0.543168
0.519488
0.497544
0.541624
0.543551
0.476261
0.550993
0.55693
0.524377
0.504421
0.521706
0.5441
0.541332
0.547936
0.51332
0.497176
0.494298
0.526548
0.53528
0.560568
0.475375
0.510465
0.55055
0.512114
0.533376
0.529293
0.496865
0.516428
0.569029
0.566335
0.530679
0.534145
0.574251
0.569897
0.564881
0.535014
0.605275
0.609182
0.521988
0.521552
0.528459
0.51967
0.486522
0.520674
0.520023
0.555534
0.525561
0.553463
0.512749
0.531301
0.507169
0.51685
0.486977
0.579579
0.563717
0.510276
0.512045
0.514804
0.510974
0.510638
0.579375
0.559449
0.510162
0.511946
0.516155
0.550271
0.50679
0.533217
0.49804
0.529221
0.533352
0.568824
0.568947
0.516869
0.510458
0.534637
0.528231
0.529699
0.495271
0.642015
0.51785
0.490078
0.516295
0.525524
0.528207
0.476803
0.490052
0.497122
0.510828
0.548786
0.51768
0.471713
0.545095
0.534558
0.526634
0.555448
0.520703
0.531089
0.566341
0.529963
0.522124
0.526141
0.535563
0.524533
0.481613
0.56335
0.511608
0.523918
0.487172
0.480772
0.535509
0.51957
0.516638
0.525534
0.512485
0.54339
0.493598
0.484661
0.556
0.472853
0.51399
0.634411
0.585078
0.499792
0.526794
0.52616
0.527973
0.490365
0.53462
0.525988
0.52504
0.578262
0.521793
0.583055
0.509901
0.514452
0.482913
0.467192
0.538491
0.489824
0.513116
0.537698
0.503161
0.541874
0.493326
0.485056
0.510011
0.490918
0.536357
0.566677
0.452534
0.455078
0.458402
0.489387
0.566952
0.500579
0.535565
0.539631
0.522757
0.55148
0.508487
0.547065
0.543071
0.549581
0.505726
0.481723
0.467505
0.49646
0.528772
0.589322
0.504908
0.566311
0.523395
0.532474
0.530004
0.584914
0.50995
0.50707
0.507941
0.537268
0.53766
0.533226
0.600583
0.513118
0.527991
0.507354
0.45222
0.529379
0.533193
0.52912
0.614346
0.538205
0.543126
0.543992
0.531818
0.540386
0.502367
0.493882
0.531817
0.584451
0.517815
0.46697
0.527271
0.523029
0.564815
0.480716
0.522155
0.516766
0.532568
0.513174
0.564989
0.508288
0.508695
0.49317
0.476731
0.550473
0.533976
0.508709
0.468948
0.491109
0.508822
0.529126
0.487225
0.513889
0.530502
0.55271
0.547536
0.543053
0.486522
0.545846
0.515294
0.541799
0.530091
0.53401
0.527897
0.625304
0.488752
0.49256
0.537568
0.548975
0.519128
0.51386
0.513704
0.528067
0.528403
0.492822
0.505248
0.475604
0.551289
0.531145
0.544694
0.560178
0.494929
0.573885
0.557653
0.523261
0.528352
0.53206
0.537235
0.570068
0.487588
0.538895
0.519694
0.5189
0.512908
0.531048
0.547841
0.476819
0.524613
0.556809
0.552075
0.505538
0.561695
0.548948
0.484511
0.485439
0.476562
0.59161
0.53506
0.550841
0.521315
0.505559
0.516216
0.555729
0.562009
0.55739
0.552225
0.556065
0.515362
0.490424
0.512916
0.526321
0.514063
0.549217
0.471033
0.482906
0.493576
0.496827
0.542437
0.513426
0.491317
0.477939
0.510017
0.532506
0.575401
0.515201
0.488887
0.550704
0.528725
0.555175
0.527859
0.486209
0.548042
0.513205
0.484954
0.498556
0.557837
0.589426
0.508089
0.589006
0.537988
0.529766
0.590815
0.526509
0.51978
0.523933
0.511495
0.48724
0.529427
0.525999
0.527071
0.530001
0.469124
0.564652
0.541276
0.454895
0.536891
0.55494
0.551136
0.553773
0.539751
0.532602
0.629087
0.453531
0.553028
0.471168
0.474689
0.534642
0.521845
0.545058
0.521627
0.483371
0.471119
0.538854
0.533431
0.505328
0.546592
0.462393
0.462411
0.535393
0.528901
0.562504
0.498256
0.487219
0.483378
0.553067
0.534831
0.471352
0.55063
0.610538
0.489597
0.474473
0.535251
0.54825
0.556036
0.533042
0.586279
0.530439
0.613713
0.491426
0.511549
0.492954
0.559022
0.517561
0.562139
0.504321
0.46918
0.536311
0.517749
0.572015
0.58572
0.510209
0.524289
0.537819
0.564028
0.510686
0.534674
0.475562
0.479762
0.489777
0.533444
0.481499
0.514863
0.527357
0.495619
0.51101
0.528414
0.502495
0.504896
0.509743
0.518389
0.550796
0.498368
0.487067
0.509981
0.544555
0.53849
0.539547
0.526219
0.521766
0.535514
0.485924
0.506684
0.591128
0.540875
0.522425
0.524959
0.509927
0.513229
0.574718
0.529501
0.531606
0.580835
0.492309
0.580988
0.526844
0.518109
0.517902
0.515226
0.57646
0.507739
0.535078
0.491214
0.562874
0.494399
0.517776
0.522595
0.556562
0.564614
0.521721
0.547507
0.606055
0.53237
0.539803
0.530284
0.484883
0.500864
0.504454
0.507041
0.539078
0.523887
0.514352
0.563416
0.503526
0.516646
0.544858
0.549195
0.586385
0.519629
0.573482
0.515395
0.529099
0.5752
0.48537
0.53519
0.499454
0.516526
0.528825
0.542852
0.52108
0.523728
0.532243
0.510725
0.512487
0.526111
0.524046
0.520941
0.48975
0.518365
0.521499
0.517798
0.537611
0.525472
0.531339
0.50984
0.518068
0.514522
0.53223
0.507084
0.640718
0.530695
0.534798
0.550584
0.522718
0.531439
0.525781
0.542924
0.507118
0.508456
0.520282
0.517099
0.478475
0.510758
0.524823
0.508224
0.505911
0.510615
0.579014
0.582045
0.536383
0.553083
0.501707
0.526902
0.506118
0.501527
0.52679
0.518988
0.545169
0.520882
0.552495
0.500443
0.503706
0.504542
0.502984
0.519457
0.514172
0.499752
0.510012
0.519026
0.522974
0.534925
0.522633
0.515925
0.524331
0.525407
0.526446
0.52551
0.521028
0.526029
0.508976
0.502771
0.495207
0.515552
0.519497
0.514396
0.518535
0.540992
0.518151
0.539487
0.537644
0.536452
0.51724
0.517779
0.531009
0.524829
0.537753
0.56578
0.528049
0.53102
0.51888
0.552609
0.56267
0.576318
0.514816
0.509551
0.499089
0.52077
0.552565
0.513384
0.592026
0.545007
0.511908
0.526145
0.513227
0.599543
0.518324
0.504015
0.516883
0.498984
0.521994
0.560208
0.536297
0.525781
0.522984
0.537546
0.533825
0.561781
0.535075
0.52525
0.516117
0.617275
0.532645
0.497021
0.4983
0.510669
0.504719
0.504595
0.573385
0.528628
0.558146
0.52873
0.529404
0.519774
0.523527
0.52955
0.550043
0.550853
0.568547
0.509769
0.511043
0.513196
0.550747
0.56945
0.541505
0.506246
0.505474
0.509453
0.551711
0.523747
0.520734
0.520061
0.526953
0.516161
0.520316
0.526465
0.525254
0.490095
0.526305
0.527487
0.52578
0.496571
0.538589
0.520833
0.528072
0.523681
0.526997
0.536767
0.528372
0.53098
0.531972
0.525956
0.513907
0.490633
0.515286
0.525223
0.531027
0.54884
0.51777
0.521329
0.534411
0.513745
0.500338
0.505794
0.522566
0.507691
0.529093
0.528863
0.531165
0.514311
0.504244
0.503722
0.516689
0.509698
0.523278
0.514413
0.571146
0.527253
0.549359
0.519607
0.517018
0.615273
0.615649
0.535829
0.531896
0.497469
0.504681
0.506244
0.581729
0.48483
0.576109
0.514162
0.49615
0.504713
0.509347
0.500636
0.501629
0.57856
0.517121
0.541589
0.496865
0.524039
0.498797
0.516133
0.547513
0.527899
0.533944
0.53053
0.523731
0.555079
0.530555
0.51817
0.5311
0.528145
0.493487
0.518305
0.522398
0.514184
0.491107
0.501433
0.506574
0.49557
0.521835
0.523373
0.52747
0.521806
0.523651
0.506806
0.522757
0.50575
0.514284
0.508752
0.5269
0.50978
0.533221
0.521171
0.527979
0.522059
0.470369
0.535075
0.605758
0.523326
0.53493
0.529371
0.526928
0.530833
0.519231
0.542412
0.525965
0.532474
0.531364
0.524947
0.555
0.528041
0.530076
0.529209
0.502373
0.512909
0.503876
0.51126
0.507327
0.563259
0.483152
0.500505
0.513286
0.559031
0.561758
0.584759
0.575575
0.550161
0.575317
0.589032
0.589355
0.508742
0.598207
0.536551
0.492976
0.533033
0.542402
0.503069
0.496294
0.521521
0.535737
0.615489
0.516755
0.539262
0.525886
0.530758
0.519444
0.507382
0.507629
0.527775
0.55598
0.522611
0.532385
0.516607
0.517908
0.527339
0.567764
0.559775
0.514164
0.505776
0.515697
0.530875
0.505846
0.520226
0.497788
0.518111
0.5426
0.582491
0.524105
0.540336
0.503051
0.527492
0.504027
0.516131
0.593711
0.616871
0.530581
0.525521
0.523892
0.531927
0.52673
0.562064
0.522327
0.522564
0.514149
0.520212
0.508434
0.537057
0.527879
0.511829
0.498149
0.507416
0.506863
0.533734
0.538782
0.528553
0.523338
0.520854
0.518342
0.496572
0.512501
0.51052
0.523902
0.520468
0.559435
0.518351
0.517423
0.535262
0.517635
0.495869
0.527965
0.571574
0.504965
0.510153
0.519457
0.529749
0.497411
0.518812
0.54023
0.528852
0.545988
0.470046
0.565369
0.514142
0.57046
0.542727
0.546043
0.501912
0.571317
0.515509
0.549731
0.530477
0.499905
0.485008
0.500012
0.513237
0.606208
0.535415
0.467016
0.512346
0.501179
0.51669
0.534255
0.562193
0.498284
0.496008
0.5019
0.528259
0.498865
0.516164
0.59769
0.516605
0.543158
0.533634
0.597982
0.616969
0.514284
0.525724
0.50792
0.522501
0.501438
0.526818
0.523247
0.511944
0.51242
0.480612
0.511638
0.531177
0.575439
0.536298
0.499182
0.52732
0.506697
0.560583
0.523968
0.507429
0.548757
0.482033
0.528881
0.524837
0.522252
0.585993
0.491004
0.489793
0.529828
0.543232
0.541416
0.540979
0.512908
0.487982
0.527439
0.555932
0.550532
0.504566
0.505983
0.51188
0.522315
0.512706
0.491178
0.545461
0.51893
0.524971
0.534228
0.529165
0.509116
0.519006
0.530647
0.531487
0.561965
0.587401
0.526231
0.553536
0.597923
0.520283
0.526386
0.529328
0.521087
0.502662
0.506711
0.506141
0.527992
0.521353
0.546292
0.535022
0.511387
0.568326
0.559154
0.527778
0.559466
0.511793
0.502644
0.536651
0.589702
0.507587
0.546042
0.505423
0.542063
0.512705
0.515595
0.512979
0.520936
0.590974
0.512646
0.494328
0.481517
0.519251
0.522318
0.559531
0.504437
0.513821
0.532974
0.524899
0.495485
0.493458
0.49237
0.512472
0.52329
0.508228
0.519711
0.536454
0.51056
0.513384
0.527184
0.543241
0.519039
0.540902
0.521625
0.498511
0.518126
0.537017
0.540321
0.533883
0.539331
0.528317
0.527657
0.509086
0.560903
0.592584
0.54773
0.532618
0.477576
0.486479
0.550009
0.563284
0.540515
0.524209
0.523121
0.517969
0.546399
0.524814
0.517614
0.526893
0.569508
0.561699
0.547923
0.51647
0.504244
0.521038
0.522375
0.528342
0.494341
0.525435
0.53732
0.605674
0.522162
0.51201
0.489617
0.52807
0.490747
0.534359
0.485111
0.531883
0.51606
0.514204
0.532377
0.484819
0.608082
0.485352
0.501193
0.530418
0.51128
0.600379
0.495092
0.523538
0.531026
0.529845
0.539873
0.539838
0.535092
0.507932
0.515109
0.525259
0.511091
0.510684
0.531259
0.522111
0.54333
0.515765
0.508825
0.528673
0.541949
0.537764
0.519567
0.516027
0.480716
0.497248
0.57097
0.527438
0.517643
0.54212
0.513355
0.571977
0.565653
0.529786
0.50319
0.51285
0.50795
0.523161
0.597463
0.601382
0.497876
0.521547
0.496296
0.527805
0.598925
0.606159
0.504661
0.514824
0.539189
0.517544
0.54165
0.502839
0.534504
0.504806
0.561684
