0.530895
0.513805
0.515085
0.541692
0.533723
0.521852
0.525999
0.528275
0.502381
0.50861
0.524947
0.51604
0.518074
0.531461
0.523682
0.532736
0.527758
0.527119
0.521305
0.524029
0.538878
0.538687
0.53287
0.531385
0.531099
0.520818
0.513195
0.515816
0.524336
0.536275
0.530816
0.540835
0.508559
0.509014
0.538646
0.521283
0.520745
0.535379
0.53343
0.548868
0.524162
0.522134
0.52004
0.522243
0.555034
0.526864
0.53019
0.527427
0.510197
0.516683
0.516457
0.513719
0.516594
0.525008
0.547051
0.515502
0.516969
0.522794
0.563736
0.574382
0.572476
0.555484
0.522459
0.521374
0.524554
0.522041
0.520817
0.546758
0.547494
0.524559
0.535042
0.553282
0.526645
0.524038
0.525915
0.523088
0.523667
0.515583
0.516137
0.520065
0.520594
0.519554
0.525344
0.514556
0.515468
0.508547
0.5231
0.541848
0.554362
0.521222
0.521222
0.544069
0.524982
0.523649
0.538166
0.509795
0.511631
0.521442
0.521149
0.527956
0.522845
0.537932
0.537158
0.521988
0.527605
0.527849
0.513899
0.515984
0.540694
0.520862
0.522052
0.555968
0.55477
0.519048
0.519407
0.52009
0.521029
0.535109
0.509314
0.51247
0.523436
0.524705
0.520482
0.521633
0.523789
0.523153
0.52251
0.522039
0.524117
0.522666
0.5233
0.526504
0.520116
0.520028
0.538185
0.528184
0.526434
0.525664
0.526569
0.515809
0.516066
0.529914
0.525553
0.526715
0.528772
0.527277
0.527411
0.525536
0.521681
0.523937
0.520947
0.521935
0.516445
0.528627
0.524574
0.526125
0.5238
0.518853
0.514207
0.518617
0.51795
0.518545
0.517927
0.510353
0.522754
0.523525
0.522354
0.522442
0.523277
0.525352
0.533298
0.534082
0.535016
0.534962
0.529879
0.524567
0.529607
0.526897
0.535287
0.524207
0.543602
0.552897
0.538627
0.527353
0.525209
0.521507
0.527765
0.520686
0.522643
0.520807
0.508791
0.514949
0.519809
0.543048
0.537647
0.51739
0.533566
0.52534
0.52108
0.545611
0.521652
0.520361
0.528803
0.523186
0.52281
0.527195
0.509953
0.541169
0.559991
0.531262
0.531641
0.543664
0.534354
0.522209
0.521183
0.513569
0.514504
0.543
0.521466
0.521577
0.530029
0.528808
0.522424
0.512701
0.520834
0.520839
0.521403
0.522839
0.502533
0.520964
0.518598
0.521363
0.520238
0.520827
0.544225
0.52256
0.529208
0.536861
0.540941
0.535274
0.522174
0.524117
0.51423
0.517785
0.542767
0.539831
0.529047
0.525211
0.524638
0.521551
0.538175
0.545527
0.542191
0.547149
0.522138
0.520772
0.523162
0.525585
0.536066
0.537494
0.542334
0.510856
0.516825
0.521064
0.518914
0.520675
0.522191
0.522578
0.522325
0.520759
0.521076
0.522246
0.529827
0.521462
0.518568
0.559702
0.527418
0.521618
0.543906
0.54281
0.524419
0.524458
0.522277
0.522323
0.525433
0.529069
0.519739
0.521533
0.522561
0.52946
0.520081
0.52145
0.519564
0.53787
0.522064
0.53075
0.536701
0.517034
0.5219
0.519613
0.538258
0.521386
0.521378
0.517759
0.519535
0.534958
0.532576
0.513174
0.523572
0.524884
0.522865
0.543284
0.533715
0.512029
0.511276
0.512098
0.514714
0.522457
0.522657
0.523738
0.527722
0.526175
0.536366
0.54375
0.543347
0.555682
0.525591
0.516353
0.523696
0.521842
0.523311
0.522455
0.514697
0.52094
0.513347
0.519283
0.530591
0.54373
0.525676
0.523303
0.532639
0.524437
0.526408
0.525121
0.518932
0.515193
0.510723
0.51859
0.520855
0.517277
0.535507
0.52941
0.518946
0.534496
0.539387
0.531212
0.517055
0.513965
0.524848
0.525544
0.523961
0.54597
0.540921
0.531179
0.526264
0.520743
0.520744
0.514087
0.511447
0.520577
0.521864
0.524588
0.527178
0.532105
0.526313
0.519657
0.518334
0.518968
0.524709
0.528399
0.524002
0.539573
0.531751
0.534484
0.522485
0.519793
0.530809
0.535549
0.531065
0.515793
0.54072
0.539402
0.522008
0.530504
0.522285
0.52934
0.525623
0.547058
0.542393
0.530603
0.526254
0.524011
0.518465
0.517592
0.525568
0.517235
0.51472
0.517336
0.523494
0.523606
0.540504
0.554826
0.529936
0.577613
0.530635
0.520665
0.520155
0.523761
0.535312
0.521183
0.519655
0.520447
0.526351
0.542722
0.547878
0.526901
0.523283
0.520334
0.539107
0.531307
0.538426
0.555278
0.523652
0.527407
0.519597
0.521811
0.514988
0.513762
0.51899
0.514294
0.52661
0.523241
0.520129
0.519715
0.520219
0.522495
0.530187
0.511313
0.521332
0.524439
0.524221
0.52992
0.519987
0.521765
0.524114
0.53123
0.53071
0.533935
0.521682
0.524373
0.529591
0.53781
0.516772
0.529338
0.51458
0.512232
0.53692
0.524853
0.526236
0.524533
0.518578
0.520899
0.529139
0.520454
0.525471
0.523967
0.523883
0.527196
0.505859
0.512108
0.521071
0.52892
0.52062
0.520928
0.522979
0.537001
0.532409
0.515687
0.546726
0.523487
0.522314
0.523235
0.522143
0.522509
0.522543
0.520646
0.521136
0.515871
0.56111
0.545463
0.521193
0.526487
0.524898
0.522702
0.509906
0.522329
0.521047
0.522117
0.510745
0.551606
0.514249
0.521414
0.512737
0.514767
0.509922
0.507747
0.524093
0.531916
0.515243
0.533095
0.533561
0.533699
0.533445
0.523578
0.524347
0.514198
0.519811
0.536457
0.541087
0.544406
0.504874
0.530705
0.525712
0.523366
0.524849
0.549779
0.542029
0.542011
0.547556
0.521386
0.521828
0.54401
0.52
0.519506
0.54254
0.523196
0.537874
0.51648
0.521211
0.516447
0.517841
0.522304
0.530765
0.536594
0.538223
0.520372
0.517616
0.510466
0.515547
0.533046
0.524118
0.529626
0.513912
0.521217
0.521606
0.52156
0.542535
0.51381
0.515316
0.527496
0.530262
0.530037
0.525482
0.522143
0.536691
0.519965
0.520525
0.552835
0.522255
0.506038
0.507887
0.524785
0.520056
0.51916
0.521131
0.518527
0.549465
0.540805
0.524884
0.524099
0.52311
0.523338
0.52319
0.529464
0.531059
0.529731
0.532617
0.535825
0.577217
0.521508
0.521636
0.52279
0.530226
0.528168
0.524867
0.531589
0.538059
0.520766
0.538628
0.521869
0.518521
0.520245
0.523726
0.527864
0.515068
0.518947
0.522986
0.507699
0.51215
0.534399
0.557522
0.52139
0.527226
0.523208
0.539316
0.526539
0.521142
0.522214
0.520106
0.52211
0.548309
0.552023
0.516549
0.522502
0.522462
0.524423
0.526423
0.521399
0.518031
0.508688
0.544026
0.531474
0.523891
0.521713
0.523599
0.522975
0.524379
0.523226
0.559889
0.533057
0.527501
0.51896
0.521022
0.53247
0.540972
0.523119
0.524303
0.546323
0.532106
0.520546
0.525918
0.522782
0.526881
0.531536
0.521683
0.521515
0.520969
0.520872
0.534558
0.538766
0.539137
0.522444
0.523604
0.532856
0.522135
0.522237
0.526838
0.519942
0.520409
0.522839
0.521546
0.522633
0.52383
0.519804
0.532739
0.523929
0.523018
0.522652
0.51273
0.521968
0.517749
0.529173
0.527066
0.527355
0.522238
0.535258
0.528292
0.534051
0.528889
0.544567
0.524735
0.522659
0.521933
0.528572
0.518683
0.510547
0.54651
0.554396
0.520099
0.519783
0.523824
0.521572
0.521462
0.526539
0.520565
0.511546
0.523144
0.524184
0.522511
0.5199
0.537951
0.548504
0.522452
0.533633
0.535518
0.521858
0.509362
0.541496
0.534193
0.521879
0.521744
0.523282
0.525233
0.529723
0.531031
0.534662
0.515032
0.522236
0.529923
0.539329
0.537499
0.522851
0.523825
0.52106
0.522452
0.519701
0.539669
0.53019
0.521459
0.516252
0.549495
0.508272
0.524697
0.518534
0.533456
0.522063
0.52075
0.520518
0.52078
0.520881
0.520997
0.532715
0.507841
0.520205
0.52432
0.523617
0.5238
0.520591
0.522023
0.525824
0.538845
0.532618
0.57513
0.517725
0.551972
0.522399
0.522822
0.519612
0.513995
0.540211
0.519489
0.520374
0.542803
0.538445
0.545647
0.528759
0.523818
0.522339
0.50577
0.519414
0.527278
0.525238
0.521819
0.521423
0.533383
0.528606
0.521254
0.527398
0.525708
0.539932
0.521549
0.524711
0.529474
0.534722
0.519681
0.52732
0.532937
0.525542
0.516661
0.51538
0.521571
0.521439
0.514077
0.526811
0.540499
0.553851
0.535641
0.557937
0.525146
0.523094
0.52691
0.525052
0.510484
0.524924
0.526155
0.523373
0.523447
0.531143
0.519857
0.531279
0.524121
0.529527
0.545566
0.534658
0.528012
0.523959
0.525005
0.520943
0.548366
0.522262
0.506809
0.507657
0.532316
0.513748
0.520329
0.520873
0.536592
0.51685
0.524655
0.520342
0.526234
0.534728
0.528393
0.521735
0.526146
0.524833
0.537407
0.518094
0.518005
0.530982
0.523978
0.520206
0.522067
0.522316
0.522468
0.518594
0.536019
0.520678
0.521744
0.539884
0.524307
0.521394
0.521537
0.527752
0.526955
0.533086
0.52779
0.536141
0.532373
0.545275
0.52303
0.52302
0.521361
0.52128
0.524604
0.536468
0.525225
0.512355
0.535663
0.523221
0.52457
0.523135
0.522253
0.523889
0.519728
0.519239
0.523523
0.523631
0.536637
0.534342
0.519558
0.521255
0.522997
0.541201
0.521373
0.516171
0.515677
0.522816
0.527789
0.524657
0.523155
0.541029
0.53937
0.520504
0.527879
0.510465
0.535182
0.525688
0.521014
0.538031
0.524277
0.524097
0.526552
0.526259
0.522114
0.537014
0.521695
0.536073
0.516231
0.530023
0.529805
0.513595
0.539014
0.528237
0.512141
0.525161
0.527632
0.523353
0.5405
0.520898
0.523222
0.52387
0.524468
0.527851
0.507298
0.524863
0.534513
0.521012
0.521645
0.541066
0.534614
0.542231
0.527491
0.5231
0.519837
0.525662
0.525843
0.5232
0.520984
0.532163
0.521574
0.522031
0.520499
0.533577
0.531204
0.514926
0.509273
0.516265
0.52137
0.520705
0.52159
0.523349
0.520827
0.521738
0.523985
0.527369
0.531531
0.542989
0.531765
0.524373
0.543933
0.529608
0.526709
0.523278
0.526103
0.521438
0.520888
0.527387
0.521312
0.539327
0.519973
0.523834
0.521962
0.521379
0.535606
0.533719
0.519764
0.56379
0.519162
0.520263
0.516848
0.522406
0.522301
0.513677
0.519335
0.533068
0.530673
0.524227
0.509328
0.534613
0.512569
0.517114
0.521347
0.52005
0.523069
0.538309
0.507758
0.514388
0.524908
0.540628
0.528176
0.521197
0.523149
0.522356
0.521753
0.534825
0.530246
0.528663
0.523852
0.512031
0.527458
0.525945
0.536998
0.527668
0.5262
0.530296
0.506816
0.553424
0.516244
0.520976
0.521729
0.521737
0.521563
0.532479
0.517752
0.538903
0.520951
0.534284
0.520001
0.527447
0.521206
0.52125
0.521104
0.521341
0.532848
0.529758
0.523793
0.51965
0.54226
0.525017
0.53852
0.534188
0.522206
0.522454
0.537646
0.538461
0.523058
0.512442
0.522876
0.537447
0.523345
0.512303
0.517343
0.511765
0.516696
0.521401
0.533555
0.525697
0.538297
0.520777
0.522093
0.512528
0.518198
0.524732
0.524535
0.526573
0.562594
0.540378
0.534372
0.521475
0.530652
0.528364
0.540646
0.52474
0.508655
0.53717
0.530278
0.524819
0.538042
0.526611
0.544519
0.513901
0.523499
0.529118
0.528648
0.536726
0.556228
0.530005
0.532537
0.546202
0.522512
0.544904
0.514285
0.526758
0.522158
0.538045
0.520881
0.527633
0.550399
0.522363
0.513087
0.522021
0.528037
0.52513
0.528042
0.514141
0.521149
0.543145
0.537104
0.52804
0.512461
0.527662
0.536594
0.521585
0.546348
0.524215
0.538457
0.553435
0.506706
0.518386
0.535096
0.519955
0.540312
0.5277
0.51198
0.534106
0.513519
0.51976
0.544178
0.522522
0.530516
0.536741
0.527761
0.518727
0.514265
0.514638
0.533402
0.51394
0.529898
0.526895
0.530241
0.535483
0.507746
0.519276
0.54045
0.522866
0.530066
0.523535
0.524762
0.517449
0.520732
0.539233
0.528208
0.526686
0.521796
0.527628
0.519484
0.521215
0.522937
0.518971
0.51356
0.535333
0.518854
0.532116
0.511412
0.543147
0.523983
0.535134
0.539989
0.525531
0.523417
0.527358
0.52208
0.520055
0.508707
0.535239
0.537841
0.533583
0.526145
0.53465
0.513494
0.511728
0.523401
0.517959
0.516714
0.521019
0.523975
0.513818
0.522493
0.511629
0.520724
0.521772
0.53869
0.536243
0.523001
0.519841
0.540199
0.520933
0.521343
0.520194
0.533523
0.522197
0.552935
0.509627
0.525435
0.528711
0.53468
0.519452
0.510723
0.522255
0.520899
0.521058
0.504213
0.519629
0.523043
0.533312
0.515391
0.547823
0.526168
0.527385
0.523493
0.537321
0.520065
0.517406
0.521347
0.535109
0.521118
0.535283
0.523656
0.522719
0.522204
0.53123
0.530825
0.54219
0.519742
0.531847
0.531446
0.519081
0.522575
0.519665
0.520886
0.53582
0.531396
0.522745
0.521582
0.521142
0.532369
0.537631
0.520803
0.514176
0.52145
0.540741
0.525642
0.507463
0.519429
0.521796
0.519075
0.522215
0.543651
0.520617
0.519641
0.520424
0.526209
0.521698
0.533352
0.521401
0.521041
0.521949
0.52154
0.519958
0.520697
0.520931
0.536249
0.521057
0.526284
0.521278
0.532541
0.536461
0.520406
0.520063
0.520921
0.524671
0.525272
0.527101
0.529002
0.524146
0.525646
0.520172
0.527013
0.521837
0.520245
0.522869
0.521108
0.532516
0.520876
0.536584
0.521333
0.52107
0.543134
0.525861
0.522728
0.523452
0.515667
0.520385
0.520677
0.519808
0.521529
0.523603
0.523358
0.56624
0.529287
0.520483
0.520396
0.540288
0.533587
0.522474
0.524297
0.518891
0.520777
0.53357
0.520704
0.538257
0.530477
0.5222
0.517645
0.529113
0.538705
0.533951
0.521067
0.52116
0.527576
0.52224
0.523212
0.543459
0.52057
0.521966
0.521188
0.535374
0.52118
0.521494
0.516036
0.520894
0.537473
0.523674
0.524852
0.521476
0.53309
0.519557
0.532304
0.521708
0.523125
0.528724
0.523335
0.519712
0.541228
0.520081
0.530732
0.520741
0.523258
0.534404
0.513413
0.525035
0.53004
0.51501
0.522239
0.522668
0.543327
0.520693
0.521076
0.520048
0.522678
0.49859
0.497471
0.521508
0.525709
0.520537
0.518233
0.52111
0.518534
0.519826
0.521594
0.5393
0.519595
0.538171
0.525211
0.523014
0.517866
0.528323
0.52289
0.523885
0.53131
0.520788
0.520555
0.524913
0.526717
0.519788
0.525225
0.522737
0.526464
0.522449
0.523062
0.519564
0.5201
0.520641
0.523731
0.534439
0.519641
0.52879
0.519065
0.520231
0.529266
0.534882
0.522369
0.517081
0.525349
0.529541
0.522115
0.523138
0.527126
0.539639
0.524879
0.524082
0.527031
0.55349
0.534509
0.520767
0.52999
0.521026
0.52264
0.531251
0.524099
0.517584
0.525458
0.522273
0.523452
0.525411
0.526441
0.535104
0.542466
0.52333
0.533899
0.532345
0.520028
0.525583
0.523592
0.533886
0.537804
0.537596
0.525727
0.521757
0.521276
0.526257
0.540436
0.539622
0.52693
0.524981
0.52174
0.52119
0.531408
0.520947
0.533459
0.525632
0.512406
0.52137
0.520458
0.520339
0.521181
0.51518
0.520217
0.528498
0.521661
0.520112
0.506598
0.520856
0.530708
0.520561
0.527345
0.522845
0.535854
0.513751
0.516648
0.522822
0.515665
0.521508
