0.51086
0.515108
0.515271
0.511988
0.516644
0.551706
0.538178
0.53776
0.549158
0.555332
0.50884
0.503317
0.524559
0.485291
0.491938
0.581437
0.573655
0.514716
0.521057
0.517041
0.526623
0.495919
0.503703
0.514813
0.525721
0.512608
0.520808
0.54475
0.540338
0.495165
0.526943
0.526239
0.530806
0.528575
0.528021
0.516659
0.513336
0.523677
0.526558
0.516693
0.502373
0.532594
0.525612
0.536471
0.537339
0.536916
0.545147
0.532406
0.470636
0.53265
0.478015
0.494788
0.499951
0.533358
0.528487
0.530418
0.520156
0.53402
0.522819
0.533455
0.530328
0.530195
0.549451
0.524314
0.520244
0.500017
0.508918
0.492691
0.505102
0.513082
0.521178
0.516791
0.482371
0.491539
0.557919
0.552011
0.525759
0.528977
0.531108
0.526822
0.51916
0.514122
0.523331
0.527029
0.5236
0.501544
0.538983
0.558672
0.551645
0.561749
0.524118
0.524183
0.502822
0.509208
0.545406
0.542014
0.5266
0.530304
0.527621
0.494477
0.508509
0.495823
0.523592
0.518021
0.507098
0.543871
0.507233
0.51576
0.536832
0.535663
0.530615
0.552627
0.555811
0.570317
0.561521
0.569133
0.536612
0.527252
0.532635
0.524773
0.522477
0.510097
0.499823
0.534505
0.548349
0.504006
0.520676
0.513496
0.527051
0.514828
0.51581
0.4821
0.494533
0.500243
0.511918
0.525591
0.539096
0.601426
0.596872
0.48136
0.494846
0.506685
0.506562
0.503021
0.487989
0.496908
0.522061
0.521928
0.521718
0.49672
0.513527
0.543152
0.536214
0.498942
0.529512
0.528584
0.520432
0.54969
0.556025
0.517758
0.527914
0.536299
0.516169
0.490288
0.481835
0.517697
0.533903
0.515242
0.508804
0.533116
0.523245
0.511147
0.513723
0.514517
0.530615
0.531227
0.505943
0.519618
0.519513
0.533574
0.478649
0.479381
0.542227
0.484803
0.526819
0.528118
0.525425
0.523424
0.591699
0.581008
0.530127
0.553623
0.498276
0.509911
0.545467
0.537724
0.518785
0.518116
0.52118
0.520531
0.569435
0.529457
0.56022
0.524567
0.541685
0.588758
0.554971
0.52694
0.524416
0.521239
0.552397
0.55011
0.533047
0.531911
0.574491
0.500905
0.502726
0.508629
0.535903
0.531812
0.538531
0.503186
0.551095
0.541593
0.520335
0.516222
0.520707
0.525311
0.482761
0.47601
0.465867
0.515406
0.521777
0.52322
0.489519
0.506052
0.50582
0.514041
0.501148
0.541828
0.519699
0.518041
0.531757
0.562669
0.56693
0.565857
0.528234
0.528035
0.527768
0.545942
0.53392
0.52744
0.495676
0.499997
0.497023
0.508718
0.518542
0.480015
0.586413
0.49036
0.487061
0.491434
0.482777
0.484032
0.508099
0.505658
0.534842
0.481874
0.508387
0.506685
0.561541
0.550772
0.524101
0.525473
0.557898
0.550079
0.548144
0.558062
0.517403
0.530744
0.517556
0.534427
0.52537
0.51074
0.516746
0.616457
0.600646
0.598449
0.465934
0.465255
0.554886
0.546094
0.522726
0.527086
0.510399
0.521174
0.534354
0.533626
0.579235
0.591498
0.475435
0.478028
0.550835
0.584604
0.527952
0.528584
0.479683
0.542339
0.542364
0.515637
0.530294
0.492294
0.482781
0.49679
0.531366
0.472394
0.537472
0.487738
0.469928
0.513595
0.500976
0.505831
0.465697
0.477249
0.506566
0.497138
0.503942
0.504222
0.50145
0.578066
0.534268
0.527024
0.53361
0.590945
0.516606
0.525495
0.513618
0.508171
0.483152
0.486361
0.513388
0.494094
0.481348
0.528042
0.528761
0.558544
0.56657
0.540056
0.526591
0.505815
0.543895
0.552373
0.507791
0.488717
0.544447
0.518617
0.52467
0.517774
0.473412
0.498675
0.542262
0.537645
0.577842
0.559069
0.49911
0.513982
0.54216
0.533327
0.522398
0.565881
0.568624
0.510086
0.524116
0.487359
0.502987
0.555561
0.571563
0.501111
0.52083
0.520053
0.516879
0.522413
0.60762
0.612349
0.481467
0.513823
0.51849
0.539345
0.533628
0.563655
0.547268
0.483174
0.477313
0.481817
0.511623
0.512638
0.525227
0.517946
0.500141
0.509608
0.475812
0.489187
0.515271
0.570404
0.557067
0.518973
0.528988
0.503635
0.522185
0.553501
0.54728
0.545376
0.584559
0.565938
0.522908
0.530719
0.562761
0.514242
0.520874
0.581627
0.557714
0.51904
0.527719
0.520202
0.526666
0.52463
0.525128
0.483439
0.49733
0.50149
0.556459
0.554131
0.546019
0.571042
0.571676
0.52232
0.528041
0.528092
0.526803
0.49401
0.577274
0.575982
0.569914
0.479534
0.575882
0.584663
0.575845
0.477843
0.55119
0.541331
0.477241
0.473775
0.516703
0.532835
0.535065
0.539259
0.519946
0.511658
0.467131
0.555393
0.477189
0.540028
0.536817
0.541706
0.510768
0.51694
0.501121
0.510325
0.566425
0.558706
0.566804
0.522622
0.516694
0.568587
0.531002
0.494533
0.527218
0.52673
0.554131
0.608584
0.51431
0.519255
0.565327
0.563478
0.550201
0.491535
0.544663
0.540749
0.483883
0.494572
0.532361
0.533335
0.486936
0.495307
0.567669
0.560417
0.496885
0.506383
0.502639
0.492854
0.524074
0.518906
0.501936
0.524702
0.518637
0.583513
0.589182
0.592506
0.530724
0.528694
0.529943
0.528669
0.531307
0.48142
0.483935
0.507654
0.553531
0.548131
0.542604
0.5407
0.473006
0.472007
0.513813
0.509407
0.526829
0.504671
0.538043
0.515628
0.507925
0.508395
0.501029
0.476327
0.538376
0.53502
0.549993
0.544079
0.528048
0.609872
0.594341
0.545175
0.537339
0.573342
0.497188
0.489487
0.500647
0.474442
0.557353
0.5453
0.541759
0.502331
0.498004
0.485918
0.506024
0.495179
0.502302
0.518467
0.510225
0.484824
0.49109
0.489725
0.532202
0.503938
0.53388
0.523605
0.551205
0.554666
0.496809
0.496585
0.479713
0.497485
0.523629
0.52562
0.503515
0.5314
0.520929
0.532789
0.528474
0.494583
0.475658
0.507613
0.504683
0.483175
0.517544
0.471895
0.544244
0.543306
0.51323
0.477284
0.474323
0.515558
0.518245
0.479788
0.539354
0.542813
0.538923
0.511208
0.506548
0.542043
0.568228
0.593131
0.577955
0.513213
0.51979
0.529954
0.540776
0.542281
0.52856
0.527808
0.585213
0.557169
0.5595
0.523364
0.527288
0.514173
0.529154
0.52528
0.518173
0.525696
0.522075
0.503471
0.574933
0.543387
0.535046
0.527078
0.532224
0.533844
0.52402
0.535994
0.473977
0.527819
0.499018
0.479385
0.576943
0.522918
0.51592
0.514738
0.504462
0.497159
0.578493
0.527127
0.519735
0.520983
0.514071
0.525408
0.500532
0.513303
0.54519
0.545582
0.514295
0.525146
0.538181
0.537173
0.549937
0.554291
0.526104
0.534455
0.531366
0.530947
0.521076
0.524022
0.571169
0.498783
0.49762
0.522485
0.470127
0.562383
0.585963
0.598731
0.554231
0.54846
0.556659
0.539277
0.542611
0.525205
0.517488
0.526437
0.476824
0.486513
0.480859
0.527035
0.547965
0.535425
0.474063
0.570015
0.599425
0.49951
0.560569
0.573111
0.592205
0.584609
0.510839
0.517296
0.477277
0.476318
0.556129
0.546119
0.527945
0.538575
0.538605
0.53861
0.51588
0.507687
0.528532
0.582308
0.564379
0.556678
0.559512
0.553423
0.533709
0.567743
0.559606
0.530367
0.477941
0.528732
0.467859
0.489474
0.48727
0.535241
0.546883
0.514143
0.530149
0.540389
0.550887
0.546241
0.468387
0.472301
0.478549
0.608908
0.542619
0.496968
0.4677
0.478375
0.518068
0.529554
0.507391
0.506555
0.510477
0.529834
0.510315
0.521855
0.472783
0.535014
0.491792
0.49226
0.576792
0.576069
0.523891
0.519098
0.513298
0.522848
0.520029
0.515261
0.527136
0.488225
0.53402
0.499065
0.501605
0.545012
0.521903
0.543914
0.538385
0.534403
0.531068
0.510362
0.509789
0.548403
0.554959
0.558337
0.491304
0.479727
0.561749
0.578862
0.600145
0.541668
0.561079
0.581823
0.539905
0.547583
0.515661
0.51666
0.549293
0.546423
0.50706
0.503297
0.565823
0.480298
0.472969
0.559195
0.520169
0.539589
0.544865
0.543088
0.585624
0.568826
0.56028
0.545187
0.552074
0.479294
0.497402
0.535018
0.531256
0.528186
0.541636
0.527484
0.534451
0.535743
0.510194
0.51785
0.519918
0.510585
0.476283
0.527891
0.50657
0.506976
0.47442
0.530808
0.484701
0.48139
0.574414
0.507304
0.521244
0.465127
0.47269
0.503587
0.499303
0.559535
0.55943
0.482994
0.48326
0.481242
0.523977
0.524909
0.54153
0.522051
0.580234
0.529978
0.530352
0.571077
0.560089
0.498906
0.5196
0.535134
0.5035
0.508208
0.52333
0.554068
0.539168
0.529824
0.526441
0.57993
0.510898
0.495924
0.487826
0.496344
0.503488
0.563247
0.498689
0.533105
0.525537
0.526289
0.513594
0.50709
0.515274
0.545127
0.554546
0.545656
0.509455
0.507555
0.577699
0.51738
0.573891
0.545963
0.55754
0.548906
0.544462
0.476294
0.557696
0.511412
0.567498
0.578173
0.551364
0.485242
0.551839
0.554919
0.529812
0.533721
0.487475
0.491084
0.500887
0.48145
0.55869
0.578956
0.537877
0.552798
0.549422
0.52196
0.490416
0.497879
0.511644
0.501159
0.520313
0.541491
0.558423
0.568544
0.504014
0.481592
0.520247
0.526455
0.529513
0.524132
0.492842
0.500152
0.538013
0.518302
0.484345
0.467563
0.480606
0.505701
0.548803
0.483712
0.47716
0.55984
0.537991
0.483826
0.484721
0.579698
0.559288
0.557845
0.550874
0.520328
0.509302
0.563033
0.512231
0.520149
0.542511
0.51415
0.499304
0.475821
0.511353
0.540848
0.528316
0.528881
0.549347
0.497396
0.534033
0.53886
0.536308
0.546714
0.553008
0.528745
0.47202
0.585293
0.588516
0.501964
0.509343
0.491064
0.567065
0.481123
0.490596
0.535344
0.540014
0.527467
0.528407
0.49202
0.513675
0.507861
0.549006
0.555398
0.560026
0.547671
0.508859
0.525702
0.526473
0.540407
0.528397
0.527575
0.562308
0.547801
0.50539
0.503045
0.511303
0.479839
0.526085
0.562152
0.562953
0.532716
0.512481
0.51028
0.48325
0.583871
0.612005
0.533354
0.54272
0.520198
0.520343
0.550312
0.485377
0.510204
0.50905
0.576476
0.573737
0.473064
0.49042
0.507774
0.511156
0.511314
0.528129
0.533167
0.540259
0.451224
0.518627
0.515932
0.529736
0.518207
0.513618
0.511137
0.506939
0.515689
0.505947
0.489956
0.494877
0.574327
0.507529
0.54753
0.521643
0.552464
0.523065
0.518727
0.471106
0.468845
0.500401
0.515509
0.51302
0.550732
0.547318
0.551202
0.510851
0.564371
0.566611
0.477619
0.480317
0.531395
0.524953
0.557735
0.549975
0.53251
0.548708
0.517624
0.575745
0.561948
0.542972
0.546849
0.544047
0.518573
0.519399
0.467771
0.523623
0.502205
0.469746
0.480789
0.530558
0.531612
0.495929
0.539568
0.537423
0.536186
0.558333
0.571661
0.510522
0.534229
0.539127
0.541371
0.566887
0.50708
0.552067
0.517135
0.525916
0.526974
0.533228
0.537444
0.541721
0.540428
0.535266
0.549249
0.529048
0.550602
0.555772
0.481661
0.488183
0.585872
0.555063
0.558673
0.554669
0.549744
0.49472
0.522945
0.521809
0.50568
0.519055
0.509993
0.56489
0.547924
0.485871
0.573579
0.550066
0.532551
0.528175
0.512804
0.499358
0.536491
0.52862
0.524863
0.540324
0.579664
0.561822
0.540209
0.563907
0.512781
0.512196
0.600965
0.481183
0.48548
0.544473
0.542121
0.540381
0.53132
0.517276
0.481509
0.468835
0.554656
0.554225
0.527645
0.528027
0.537472
0.509636
0.499559
0.501622
0.541123
0.53451
0.550437
0.544544
0.546557
0.59969
0.590083
0.479668
0.474278
0.532636
0.536944
0.530059
0.530451
0.554482
0.5941
0.598464
0.536468
0.517353
0.462802
0.528478
0.55494
0.567423
0.530524
0.539871
0.529274
0.520336
0.518418
0.559497
0.568169
0.507765
0.576542
0.523165
0.500772
0.475407
0.5119
0.558465
0.481713
0.520745
0.537912
0.5567
0.530071
0.524552
0.481765
0.516574
0.523988
0.515285
0.514431
0.530783
0.528124
0.510532
0.553139
0.548205
0.479384
0.484933
0.540505
0.533058
0.536707
0.533331
0.528992
0.522545
0.529177
0.521998
0.520865
0.506188
0.506495
0.46872
0.496518
0.513441
0.534769
0.558665
0.527285
0.553331
0.545675
0.510715
0.555219
0.474349
0.47409
0.541044
0.54599
0.527938
0.496528
0.518116
0.535534
0.530763
0.537761
0.513418
0.554604
0.560742
0.527369
0.499261
0.504415
0.533079
0.51352
0.520086
0.51639
0.568207
0.561724
0.461563
0.553959
0.566423
0.562446
0.512175
0.509083
0.606564
0.548395
0.505917
0.556584
0.55759
0.482539
0.511717
0.540894
0.488693
0.511425
0.508631
0.525097
0.522817
0.496298
0.565611
0.538637
0.478644
0.595067
0.557816
0.522594
0.519244
0.524725
0.54927
0.527428
0.534741
0.545353
0.520517
0.535839
0.4805
0.502098
0.517621
0.517476
0.527726
0.525259
0.526902
0.527412
0.52714
0.527743
0.527769
0.529562
0.557749
0.518434
0.588386
0.539093
0.477511
0.500056
0.542534
0.533837
0.539114
0.581095
0.600625
0.559353
0.563312
0.503879
0.47953
0.536485
0.549449
0.541584
0.553915
0.555442
0.532099
0.576666
0.45741
0.503002
0.508164
0.491196
0.552166
0.512577
0.5029
0.471969
0.495341
0.511867
0.503362
0.488684
0.541202
0.536712
0.478094
0.483005
0.494085
0.540605
0.507041
0.544751
0.591901
0.495408
0.501825
0.457701
0.536813
0.537265
0.521396
0.510914
0.50194
0.529848
0.532296
0.462862
0.469021
0.524105
0.521264
0.560203
0.543993
0.550213
0.546272
0.522163
0.456354
0.525808
0.471491
0.525291
0.540544
0.506732
0.526836
0.534848
0.516552
0.520673
0.493511
0.513978
0.514097
0.484292
0.466454
0.487019
0.515415
0.523565
0.539516
0.571092
0.56531
0.574525
0.525319
0.581698
0.540734
0.546787
0.446006
0.494563
0.497139
0.502636
0.511434
0.482952
0.500919
0.552184
0.558218
0.548509
0.541546
0.52445
0.533721
0.530983
0.551244
0.541011
0.54472
0.559361
0.528631
0.525676
0.501708
0.516496
0.536096
0.512188
0.568721
0.509993
0.512958
0.507988
0.526205
0.523289
0.504389
0.550217
0.508989
0.570033
0.541177
0.527297
0.605131
0.487968
0.51436
0.496519
0.490358
0.479543
0.528045
0.563959
0.511419
0.535237
0.50303
0.549657
0.568174
0.509603
0.547312
0.543916
0.568846
0.532551
0.535904
0.53855
0.54421
0.537678
0.519843
0.505141
0.562412
0.552915
0.599159
0.58418
0.566883
0.532734
0.498171
0.565857
0.543124
0.564324
0.552411
0.51937
0.560245
0.546102
0.488169
0.561856
0.50086
0.558674
0.502658
0.537062
0.545305
0.531272
0.526712
0.61836
0.539513
0.503781
0.559278
0.590711
0.545669
0.519318
0.519095
0.5121
0.533865
0.469552
0.474634
0.560782
0.545279
0.538962
0.524494
0.613632
0.507934
0.509853
0.562627
0.488046
0.47577
0.527577
0.537362
0.535665
0.549382
0.545406
0.520285
0.513565
0.534957
0.526861
0.477621
0.493998
0.575288
0.561697
0.57655
0.546669
0.511001
0.543175
0.543033
0.479082
0.502912
0.515987
0.521885
0.509635
0.530862
0.491271
0.561673
0.473406
0.551611
0.514751
0.580713
0.51404
0.525571
0.501341
0.558775
0.562851
0.552076
0.564306
0.499731
0.507012
0.510961
0.57236
0.54366
0.506776
0.55201
0.563164
0.512784
0.517109
0.581696
0.534759
0.530657
0.510839
0.540167
0.557018
0.534462
0.466233
0.509687
0.503747
0.556749
0.552094
0.46161
0.529367
0.508031
0.580433
0.558235
0.518409
0.519117
0.527698
0.541352
0.533041
0.491453
0.534656
0.534773
0.531309
0.531138
0.578881
0.527159
0.522538
0.539197
0.57006
0.493772
0.571687
0.558847
0.516563
0.546574
0.543681
0.55225
0.548183
0.576482
0.470135
0.531851
0.53478
0.586332
0.511592
0.508442
0.567378
0.506735
0.542097
0.515079
0.555194
0.519586
0.479054
0.528488
0.489278
0.495034
0.520357
0.517405
0.529274
0.539305
0.481347
0.564404
0.509923
0.546166
0.518772
0.532473
0.528319
0.510873
0.543388
0.481023
0.545321
0.578807
0.562426
0.575771
0.51111
0.520982
0.503373
0.498874
0.513208
0.4986
0.528685
0.52949
0.607908
0.508985
0.482528
0.519725
0.545612
0.534872
0.481698
0.529858
0.492792
0.535827
0.521294
0.58179
0.569488
0.518565
0.54432
0.487577
0.547891
0.467819
0.546442
0.58284
0.511845
0.518074
0.522103
0.472949
0.53513
0.542804
0.465662
0.469682
0.485964
0.506572
0.552331
0.535619
0.527791
0.517744
0.515309
0.577592
0.483216
0.463012
0.542713
0.539097
0.520675
0.543987
0.490281
0.527531
0.549336
0.518436
0.531568
0.56627
0.564965
0.522168
0.531177
0.551593
0.539063
0.494226
0.523672
0.535099
0.531162
0.557756
0.598074
0.477278
0.536154
0.507092
0.553445
0.560945
0.480494
0.564905
0.522978
0.511244
0.520645
0.495175
0.53294
0.537473
0.494749
0.497487
0.531299
0.544386
0.542948
0.518338
0.487167
0.461811
0.530925
0.560132
0.534261
0.524436
0.508402
0.56002
0.552886
0.506871
0.582854
0.563914
0.563199
0.531061
0.540935
0.500399
0.528752
0.53672
0.501971
0.527751
0.583685
0.518801
0.519613
0.525293
0.571125
0.497233
0.498848
0.491842
0.524465
0.522272
0.538389
0.483314
0.525111
0.518734
0.532917
0.521621
0.545087
0.566375
0.543203
0.539807
0.555695
0.492505
0.619659
0.526603
0.4699
0.514467
0.512513
0.496633
0.519388
0.527687
0.533201
0.545995
0.521162
0.557571
0.54636
0.588646
0.527611
0.480939
0.512213
0.527111
0.503461
0.514683
0.486908
0.525288
0.560874
0.526069
0.543354
0.574169
0.492623
0.536878
0.516694
0.546572
0.573771
0.482966
0.56677
0.553743
0.550207
0.541804
0.478822
0.547869
0.514217
0.507156
0.501871
0.490599
0.513694
0.502311
0.579731
0.586437
0.5247
0.522839
0.471735
0.505929
0.556004
0.526604
0.484576
0.477181
0.508344
0.527601
0.555259
0.593628
0.516108
0.483096
0.499921
0.505874
0.576594
0.564842
0.524282
0.554486
0.532342
0.534482
0.475163
0.47327
0.544896
0.608511
0.599928
0.476091
0.538793
0.474511
0.561576
0.507805
0.548673
0.565919
0.527528
0.483829
0.522612
0.481814
0.481019
0.579179
0.506959
0.517049
0.550303
0.477715
0.555008
0.528641
0.58176
0.53916
0.5233
0.533603
0.547677
0.477025
0.527092
0.535341
0.504076
0.526738
0.515793
0.527475
0.526165
0.49979
0.51403
0.532316
0.566135
0.56492
0.525846
0.529193
0.518798
0.524421
0.505884
0.519511
0.502842
0.503644
0.529244
0.512691
0.511818
0.553881
0.504634
0.516737
0.489047
0.48885
0.540411
0.541045
0.556326
0.562669
0.523315
0.522088
0.577176
0.531391
0.522311
0.483848
0.562513
0.535159
0.516317
0.526989
0.526531
0.530079
0.513069
0.510171
0.517195
0.532601
0.513657
0.503982
0.492978
0.549093
0.520343
0.507559
0.510289
0.536749
0.541108
0.566183
0.498296
0.508055
0.514844
0.518496
0.497592
0.492759
0.53665
0.532664
0.512822
0.517232
0.548802
0.508166
0.514248
0.523928
0.614248
0.573835
0.522515
0.529374
0.516129
0.591694
0.519269
0.550718
0.531159
0.523634
0.538209
0.534837
0.523159
0.48427
0.508833
0.535376
0.539747
0.553855
0.520214
0.511203
0.604524
0.513972
0.512873
0.522389
0.516446
0.56259
0.491778
0.530036
0.524988
0.525971
0.566791
0.526812
0.521094
0.576195
0.570209
0.509288
0.529772
0.506141
0.541767
0.535367
0.540206
0.514445
0.538261
0.487835
0.490698
0.54241
0.492749
0.513959
0.49652
0.490538
0.530757
0.507651
0.605805
0.54417
0.527907
0.533518
0.524745
0.56147
0.482187
0.503745
0.502053
0.516625
0.537546
0.509695
0.524022
0.547969
0.563949
0.502728
0.505014
0.525577
0.519922
0.536309
0.516331
0.511221
0.515127
0.524638
0.587652
0.595235
0.555391
0.567671
0.522971
0.54473
0.540312
0.507905
0.560985
0.537331
0.549978
0.518958
0.526336
0.553311
0.520584
0.518353
0.516038
0.522412
0.559554
0.547589
0.554823
0.535539
0.55559
0.485468
0.513353
0.53542
0.524671
0.535951
0.599661
0.534896
0.557112
0.535279
0.508706
0.588557
0.520531
0.502045
0.510251
0.516831
0.528825
0.529514
0.518079
0.510015
0.551082
0.512222
0.525733
0.519603
0.505419
0.530559
0.47946
0.520796
0.496251
0.537088
0.556355
0.554241
0.526251
0.576545
0.545834
0.524826
0.536345
0.525741
0.525414
0.50809
0.532367
0.53401
0.541157
0.559931
0.544501
0.553087
0.512738
0.512704
0.512681
0.518159
0.552609
0.507113
0.486215
0.500209
0.515816
0.488652
0.493156
0.522975
0.524391
0.499036
0.525215
0.52502
0.521746
0.506003
0.505246
0.543188
0.553517
0.496723
0.470068
0.531747
0.531035
0.55261
0.524499
0.520495
0.533496
0.574982
0.484961
0.490559
0.500487
0.49764
0.531834
0.52
0.527116
0.516601
0.526375
0.565151
0.497774
0.526115
0.51741
0.491556
0.551089
0.573673
0.510473
0.52075
0.550913
0.520439
0.572612
0.525775
0.51914
0.533117
0.562689
0.516189
0.535254
0.53335
0.531092
0.519654
0.598044
0.520602
0.503195
0.520399
0.540966
0.48562
0.543612
0.550752
0.520339
0.510629
0.526501
0.519535
0.53611
0.548191
0.544169
0.507949
0.528948
0.585357
0.520801
0.507051
0.478057
0.51677
0.535971
0.520139
0.508523
0.506038
0.505062
0.497567
0.510352
0.489915
0.532047
0.604108
0.529259
0.537715
0.500368
0.525263
0.521149
0.502332
0.516018
0.529133
0.556504
0.509962
0.557408
0.528252
0.531027
0.511107
0.534739
0.528095
0.494595
0.510932
0.533361
0.53612
0.517581
0.538763
0.568819
0.563106
0.553976
0.532115
0.514178
0.53021
0.518918
0.527082
0.562812
0.494278
0.49236
0.508554
0.52858
0.5202
0.543461
0.510079
0.516319
0.519124
0.528178
0.499571
0.560005
0.506575
0.625033
0.590809
0.605119
0.518736
0.518189
0.498107
0.575065
0.52015
0.508406
0.56277
0.567013
0.52187
0.526749
0.5268
0.524574
0.530668
0.532189
0.510129
0.520053
0.506798
0.51527
0.559914
0.507903
0.501573
0.538008
0.534311
0.515765
0.523102
0.501439
0.52725
0.501328
0.527189
0.505044
0.508081
0.507128
0.509177
0.506615
0.557755
0.503439
0.571513
0.520315
0.515725
0.551223
0.525104
0.520683
0.515923
0.505261
0.509147
0.592682
0.534396
0.562449
0.524646
0.522028
0.49031
0.570797
0.504644
0.527998
0.53224
0.530089
0.531063
0.532029
0.531604
0.52687
0.491628
0.556262
0.55512
0.532479
0.538263
0.517548
0.530363
0.491304
0.512276
0.52612
0.513183
0.54665
0.49838
0.517285
0.523749
0.48845
0.522814
0.510258
0.530855
0.520804
0.538496
0.496044
0.520025
0.5464
0.537403
0.509583
0.51942
0.508018
0.523044
0.565272
0.520274
0.503793
0.538273
0.526498
0.515446
0.493723
0.495726
0.563028
0.536775
0.514414
0.463737
0.472905
0.517424
0.529438
0.475272
0.516401
0.558395
0.527841
0.488546
0.522531
0.53909
0.511964
0.524597
0.546897
0.514243
0.49197
0.513663
0.520213
0.476294
0.567749
0.485247
0.562764
0.542148
0.475892
0.51835
0.528073
0.540216
0.5119
0.528844
0.505385
0.517681
0.501176
0.54717
0.535221
0.530792
0.546216
0.561545
0.515512
0.518455
0.532376
0.607665
0.602403
0.523834
0.53493
0.511022
0.489955
0.482972
0.519368
0.535248
0.476443
0.52021
0.540679
0.515358
0.499873
0.508086
0.498322
0.505184
0.5373
0.52006
0.533641
0.558942
0.565057
0.521874
0.567812
0.505117
0.563591
0.513993
0.524435
0.571726
0.525535
0.539648
0.539072
0.553711
0.491013
0.515005
0.474194
0.509558
0.48626
0.567359
0.618021
0.558332
0.559639
0.514792
0.550012
0.519222
0.571674
0.562011
0.517938
0.511507
0.52808
0.500882
0.526461
0.544001
0.539827
0.536397
0.513195
0.542983
0.49558
0.518906
0.51729
0.52218
0.582144
0.577118
0.54892
0.524991
0.506215
0.516651
0.527752
0.507424
0.525288
0.51671
0.511661
0.56626
0.525942
0.519723
0.513842
0.526651
0.51286
0.530165
0.513475
0.550035
0.520689
0.52534
0.516164
0.494803
0.571661
0.501889
0.533452
0.515989
0.550758
0.550616
0.493058
0.489822
0.481038
0.520225
0.467327
0.537239
0.482116
0.573764
0.535384
0.51607
0.5253
0.557568
0.505891
0.539228
0.538555
0.509809
0.519532
0.512813
0.507478
0.567944
0.554002
0.525211
0.50391
0.529344
0.501372
0.526265
0.532531
0.52028
0.51809
0.569706
0.506796
0.481993
0.531972
0.519253
0.525966
0.565479
0.526007
0.526338
0.508892
0.493319
0.512149
0.557644
0.507418
0.527454
0.523832
0.517376
0.512721
0.530001
0.516589
0.501595
0.528929
0.530245
0.499174
0.536206
0.540127
0.534712
0.528839
0.545029
0.521525
0.511042
0.534647
0.526971
0.545016
0.517263
0.498858
0.529782
0.524552
0.489481
0.57019
0.560178
0.499703
0.492554
0.555588
0.539162
0.520405
0.497441
0.532551
0.521044
0.485378
0.551353
0.534998
0.533411
0.533239
0.481887
0.552305
0.562493
0.53034
0.534002
0.520955
0.571689
0.510979
0.54666
0.499733
0.526275
0.525928
0.547486
0.514828
0.556549
0.530079
0.548071
0.515717
0.504223
0.510144
0.507516
0.536548
0.539513
0.544849
0.522209
0.534546
0.554345
0.493535
0.506275
0.569466
0.520294
0.522586
0.530811
0.573399
0.530534
0.511067
0.533131
0.520857
0.537287
0.523665
0.498012
0.487214
0.529259
0.50879
0.556342
0.51671
0.488915
0.489988
0.527211
0.532022
0.503587
0.497929
0.52981
0.519203
0.496493
0.553654
0.582134
0.513363
0.587051
0.523298
0.577066
0.564387
0.536103
0.516311
0.528153
0.543846
0.517585
0.57802
0.539763
0.521966
0.560007
0.567179
0.473979
0.499465
0.618449
0.527453
0.51921
0.517519
0.527283
0.501738
0.522022
0.513896
0.529061
0.540449
0.536039
0.52071
0.544246
0.528985
