0.506287
0.510177
0.537199
0.529523
0.553847
0.542468
0.556477
0.560089
0.518575
0.507743
0.527996
0.520526
0.485078
0.573689
0.554976
0.552865
0.563726
0.523679
0.530056
0.508485
0.544189
0.525409
0.499933
0.519903
0.529463
0.527267
0.523068
0.521998
0.526376
0.494042
0.491999
0.51031
0.505572
0.51857
0.522934
0.52399
0.518535
0.527334
0.527167
0.527542
0.507099
0.511489
0.533271
0.528455
0.530038
0.53543
0.475018
0.536369
0.53028
0.543452
0.506521
0.511895
0.510598
0.53223
0.534356
0.527218
0.481425
0.476608
0.533565
0.53322
0.537243
0.473906
0.503285
0.513268
0.580627
0.545599
0.553664
0.560989
0.530703
0.53194
0.524695
0.525622
0.510375
0.533652
0.531667
0.531873
0.532772
0.53668
0.524978
0.501102
0.501472
0.489403
0.489316
0.504946
0.515275
0.509467
0.568032
0.557058
0.529229
0.530438
0.53905
0.534032
0.51585
0.51807
0.523944
0.520675
0.555005
0.562195
0.501865
0.495397
0.544608
0.556279
0.542188
0.547516
0.542194
0.523066
0.52316
0.498232
0.493559
0.54878
0.547933
0.545411
0.544781
0.537426
0.531205
0.472983
0.468723
0.525628
0.527907
0.492897
0.523907
0.527874
0.521501
0.48759
0.538517
0.53731
0.533254
0.511564
0.541175
0.540974
0.551159
0.551865
0.535503
0.524238
0.531184
0.554624
0.554281
0.53728
0.547847
0.533146
0.606959
0.554787
0.542042
0.555224
0.574113
0.531853
0.530374
0.519896
0.52377
0.503665
0.5192
0.52483
0.544304
0.559085
0.507564
0.506171
0.507151
0.551915
0.480328
0.476347
0.541235
0.480383
0.493975
0.501708
0.523887
0.534144
0.600828
0.632161
0.495534
0.500731
0.497108
0.503633
0.481326
0.483356
0.491522
0.563052
0.566536
0.516755
0.509094
0.522602
0.525388
0.55338
0.493907
0.503817
0.533242
0.536951
0.491929
0.513402
0.517933
0.509876
0.511133
0.512391
0.502229
0.50373
0.484624
0.481978
0.525429
0.537782
0.473602
0.513201
0.522916
0.506317
0.515347
0.517361
0.521943
0.506984
0.501833
0.514669
0.530271
0.505216
0.506088
0.542827
0.527347
0.524764
0.53747
0.478676
0.543602
0.538992
0.520912
0.512802
0.49989
0.502994
0.520411
0.520296
0.499292
0.558549
0.552455
0.532209
0.578354
0.567461
0.519014
0.522919
0.521474
0.521423
0.527592
0.553828
0.550846
0.538087
0.533264
0.519073
0.509439
0.562948
0.588958
0.568816
0.525078
0.533966
0.523758
0.52957
0.567043
0.563031
0.591148
0.526862
0.515902
0.5291
0.52149
0.521366
0.466548
0.468817
0.46928
0.497473
0.492233
0.4756
0.515631
0.523565
0.488395
0.512851
0.501944
0.514098
0.510866
0.498129
0.545263
0.556541
0.5472
0.523043
0.522362
0.569045
0.515096
0.539139
0.535372
0.481327
0.566409
0.572593
0.568136
0.537168
0.536122
0.527054
0.493797
0.497875
0.483406
0.481013
0.510623
0.507371
0.503421
0.534328
0.534262
0.486079
0.478404
0.534154
0.480539
0.496761
0.582793
0.521295
0.483244
0.494397
0.484094
0.486711
0.50972
0.508033
0.522002
0.51874
0.531281
0.522343
0.545739
0.471177
0.47774
0.504692
0.502758
0.510225
0.530356
0.536468
0.568006
0.575215
0.590088
0.525831
0.521601
0.524903
0.513398
0.50817
0.501948
0.522776
0.604115
0.621356
0.551809
0.550931
0.555285
0.56474
0.579726
0.552363
0.547545
0.533776
0.519511
0.52022
0.535769
0.54375
0.547877
0.480411
0.55602
0.550828
0.526936
0.527288
0.477384
0.494858
0.500841
0.562562
0.56072
0.482989
0.49353
0.499283
0.479606
0.532121
0.552401
0.508599
0.528741
0.528954
0.504841
0.489611
0.503314
0.531622
0.518223
0.529443
0.492848
0.517009
0.51786
0.508228
0.52162
0.46972
0.480159
0.472489
0.533155
0.493387
0.501161
0.489613
0.504757
0.556025
0.556661
0.554849
0.532935
0.507231
0.479088
0.512087
0.540042
0.552122
0.506653
0.48922
0.541943
0.519474
0.513533
0.516724
0.522727
0.538774
0.541812
0.588289
0.55279
0.507865
0.521526
0.551097
0.500431
0.509167
0.505545
0.50111
0.519378
0.509384
0.537676
0.51692
0.610169
0.48865
0.51665
0.575086
0.47593
0.480871
0.516938
0.518238
0.518583
0.508419
0.534395
0.55096
0.561924
0.511328
0.550581
0.541024
0.536921
0.54203
0.535266
0.53136
0.58878
0.507909
0.513836
0.568106
0.555369
0.547792
0.556004
0.519889
0.524133
0.521829
0.474515
0.520932
0.54391
0.469397
0.475155
0.469504
0.493133
0.493639
0.56996
0.557166
0.556176
0.573403
0.573799
0.537023
0.519323
0.530281
0.530048
0.528016
0.494026
0.553975
0.547242
0.484844
0.557256
0.571251
0.501838
0.554268
0.477035
0.469939
0.519217
0.538484
0.523165
0.529236
0.532928
0.505235
0.510528
0.478044
0.566326
0.554003
0.47218
0.543404
0.53042
0.532387
0.507511
0.530793
0.506679
0.521044
0.522608
0.525317
0.512303
0.51162
0.535585
0.529904
0.53023
0.584011
0.507127
0.555674
0.554843
0.482389
0.485462
0.496465
0.491682
0.543836
0.546818
0.489218
0.532653
0.53179
0.532905
0.532041
0.56452
0.54763
0.505415
0.513089
0.485345
0.525684
0.565278
0.57056
0.57343
0.537255
0.527668
0.514551
0.505348
0.531797
0.530569
0.486209
0.534708
0.502624
0.498123
0.500858
0.550409
0.554912
0.550543
0.542584
0.544629
0.530975
0.533522
0.469786
0.477004
0.523876
0.510167
0.526305
0.516043
0.513791
0.508912
0.521194
0.508491
0.506399
0.507373
0.475735
0.538074
0.533116
0.553103
0.541983
0.532613
0.516217
0.705594
0.678769
0.50042
0.566637
0.567463
0.5566
0.553341
0.537646
0.472793
0.486222
0.531357
0.501257
0.497148
0.494338
0.488747
0.495124
0.494123
0.503655
0.516653
0.512153
0.526259
0.528897
0.516577
0.53172
0.514121
0.554286
0.481813
0.483367
0.494664
0.528486
0.51811
0.533907
0.52497
0.509858
0.514522
0.533076
0.493863
0.47503
0.483447
0.484664
0.474453
0.504273
0.534999
0.510146
0.469683
0.565141
0.575789
0.557524
0.510916
0.512062
0.521515
0.477854
0.564723
0.549749
0.537595
0.544076
0.545845
0.500979
0.539969
0.539377
0.544772
0.5575
0.61658
0.634814
0.589709
0.561354
0.575918
0.565805
0.556235
0.509969
0.506982
0.515592
0.520312
0.523809
0.600797
0.564715
0.520841
0.592426
0.508264
0.576716
0.506808
0.518305
0.51301
0.571122
0.569874
0.565763
0.584355
0.523543
0.519401
0.52294
0.483422
0.528842
0.504486
0.473428
0.497329
0.515688
0.504606
0.501325
0.544769
0.540969
0.498873
0.497482
0.49665
0.58052
0.591963
0.526601
0.49634
0.504188
0.500168
0.514861
0.517079
0.562166
0.554887
0.520664
0.551504
0.558825
0.560677
0.568236
0.53185
0.53612
0.519582
0.513199
0.51728
0.604346
0.602752
0.574575
0.566119
0.514828
0.486369
0.498061
0.461812
0.477177
0.591003
0.558888
0.483978
0.547673
0.522365
0.5113
0.521091
0.483578
0.532099
0.503649
0.507905
0.492648
0.476103
0.571279
0.559432
0.573255
0.497702
0.494905
0.54249
0.642517
0.524223
0.48723
0.473591
0.556496
0.558501
0.534356
0.519449
0.542607
0.53549
0.531902
0.560905
0.552361
0.553643
0.532894
0.5202
0.518594
0.518013
0.528851
0.525037
0.548632
0.503502
0.518134
0.524733
0.540923
0.470188
0.474199
0.628401
0.485611
0.572258
0.569294
0.467435
0.486758
0.514983
0.504966
0.503966
0.506657
0.509792
0.52977
0.506307
0.539654
0.495499
0.575345
0.521899
0.516224
0.519989
0.549036
0.53896
0.534377
0.485175
0.47998
0.493596
0.538314
0.530011
0.488423
0.546176
0.540293
0.532462
0.530296
0.514833
0.552636
0.495764
0.485615
0.485017
0.588096
0.58896
0.597434
0.538203
0.57738
0.571775
0.537934
0.505451
0.520751
0.508786
0.560126
0.562295
0.489524
0.527644
0.53156
0.559468
0.517089
0.465708
0.552957
0.560885
0.527405
0.527248
0.553189
0.535101
0.542376
0.585564
0.595718
0.536783
0.545538
0.537451
0.572404
0.509697
0.523364
0.534432
0.535702
0.512373
0.506669
0.526607
0.474188
0.562652
0.516995
0.529863
0.50985
0.534628
0.502428
0.491069
0.519584
0.513555
0.481969
0.4866
0.569701
0.507734
0.505213
0.522532
0.508034
0.567596
0.564332
0.475263
0.471168
0.535836
0.530774
0.527877
0.516539
0.519559
0.560717
0.555043
0.573934
0.624017
0.530656
0.575056
0.491023
0.49549
0.494932
0.528825
0.529324
0.513667
0.509041
0.51851
0.552844
0.597576
0.530619
0.515832
0.51668
0.519491
0.563336
0.501718
0.506229
0.565859
0.529148
0.528959
0.493915
0.557303
0.583666
0.591483
0.509228
0.533749
0.531699
0.573112
0.480324
0.509304
0.509577
0.505072
0.520262
0.49546
0.513233
0.516139
0.533496
0.543236
0.540174
0.53928
0.616771
0.560978
0.514156
0.558612
0.553314
0.578274
0.523743
0.510307
0.544924
0.557144
0.550953
0.540477
0.549946
0.56402
0.552996
0.505473
0.580139
0.576089
0.602181
0.491341
0.556631
0.55645
0.527655
0.527522
0.541274
0.588155
0.506428
0.485036
0.494956
0.488967
0.491839
0.508715
0.475414
0.528044
0.478234
0.484061
0.472545
0.534318
0.559187
0.552055
0.522363
0.503737
0.494787
0.503203
0.520331
0.493773
0.49593
0.506189
0.576583
0.478362
0.505423
0.511918
0.505233
0.456826
0.477451
0.522641
0.471358
0.526312
0.493041
0.531004
0.537287
0.522312
0.48902
0.490035
0.546688
0.548635
0.476362
0.541004
0.543944
0.518324
0.577697
0.577587
0.534764
0.543551
0.47342
0.488722
0.479517
0.566879
0.524716
0.562629
0.521451
0.528678
0.50941
0.508235
0.499377
0.485563
0.474231
0.547978
0.512817
0.534303
0.527738
0.506627
0.525917
0.520655
0.550229
0.50682
0.51521
0.549401
0.528399
0.496034
0.497804
0.57722
0.576063
0.50959
0.51192
0.504296
0.484974
0.558661
0.481487
0.527173
0.553981
0.502836
0.493219
0.533483
0.526231
0.529802
0.535669
0.552203
0.554334
0.499
0.558483
0.545427
0.4998
0.527566
0.526574
0.503976
0.54454
0.52211
0.541769
0.547968
0.55285
0.513593
0.500769
0.509915
0.51258
0.472531
0.475792
0.540676
0.47373
0.494423
0.51168
0.588675
0.57941
0.522795
0.518304
0.525301
0.580376
0.612852
0.54195
0.520806
0.52112
0.545098
0.550041
0.481182
0.596807
0.62155
0.530572
0.468238
0.477169
0.483613
0.52266
0.525621
0.501851
0.473926
0.506037
0.497636
0.468557
0.490994
0.507955
0.521314
0.53718
0.544327
0.538485
0.537067
0.474195
0.467347
0.484674
0.509931
0.515833
0.514328
0.514079
0.50953
0.491161
0.477829
0.499236
0.517673
0.537505
0.526072
0.515314
0.521928
0.5856
0.570558
0.573405
0.512446
0.518672
0.46965
0.490077
0.497904
0.567983
0.497014
0.520374
0.521744
0.520323
0.521224
0.516869
0.511472
0.544649
0.541683
0.544511
0.554972
0.508066
0.507371
0.571636
0.581183
0.483526
0.528964
0.545306
0.517395
0.526453
0.560762
0.527136
0.533914
0.555757
0.510882
0.539309
0.527157
0.562215
0.55947
0.4845
0.515992
0.47487
0.53306
0.583853
0.467513
0.479558
0.533137
0.523471
0.518653
0.48264
0.538014
0.537168
0.535012
0.564858
0.523141
0.545875
0.547603
0.549789
0.504228
0.554444
0.549824
0.555553
0.508188
0.513289
0.524514
0.528637
0.534361
0.53252
0.540528
0.534577
0.54096
0.533379
0.534857
0.552851
0.575194
0.482653
0.482835
0.528534
0.564069
0.566326
0.560376
0.49724
0.517632
0.513636
0.511922
0.502744
0.500537
0.511834
0.509565
0.57986
0.573706
0.52799
0.521658
0.543169
0.496814
0.490291
0.554074
0.535716
0.530574
0.497441
0.532548
0.526046
0.529184
0.530057
0.533146
0.526615
0.57565
0.528415
0.523709
0.54101
0.503465
0.47529
0.484343
0.53751
0.581434
0.561856
0.5519
0.555819
0.517782
0.498787
0.506097
0.504955
0.605852
0.636566
0.538159
0.524883
0.681178
0.514996
0.522733
0.544732
0.525186
0.506929
0.54619
0.529539
0.562113
0.516099
0.525024
0.547103
0.549624
0.547046
0.595755
0.574297
0.476856
0.475519
0.523882
0.516326
0.520898
0.533735
0.587009
0.613694
0.546771
0.62389
0.540854
0.518608
0.528491
0.550166
0.553308
0.563768
0.530315
0.528167
0.535817
0.550107
0.539471
0.541125
0.532209
0.516963
0.511284
0.517642
0.524577
0.534697
0.56374
0.505977
0.54042
0.54463
0.533201
0.563827
0.524594
0.541493
0.537362
0.553951
0.50525
0.518413
0.510812
0.514334
0.50998
0.507432
0.530717
0.528632
0.557331
0.511343
0.543501
0.545312
0.477045
0.536003
0.531134
0.552051
0.519512
0.516654
0.500277
0.511707
0.517331
0.468504
0.521882
0.527504
0.541824
0.536155
0.55568
0.523676
0.556344
0.555817
0.548406
0.547748
0.516876
0.49073
0.553524
0.537829
0.466405
0.485769
0.471868
0.53811
0.545618
0.488098
0.498673
0.52728
0.497292
0.528292
0.520591
0.597724
0.540703
0.53275
0.509293
0.521568
0.51608
0.523537
0.553822
0.556146
0.531502
0.52421
0.519786
0.503903
0.533283
0.511733
0.511498
0.521891
0.480827
0.565314
0.543107
0.511102
0.553572
0.553162
0.56335
0.560206
0.580594
0.478865
0.487398
0.545708
0.493473
0.551367
0.553278
0.524828
0.525484
0.550743
0.542588
0.535318
0.476254
0.47459
0.548577
0.518186
0.52361
0.611678
0.539415
0.503956
0.520801
0.555432
0.519134
0.477431
0.51913
0.494055
0.543826
0.511424
0.481493
0.563937
0.513232
0.480929
0.522692
0.502957
0.525022
0.5481
0.527257
0.527848
0.529383
0.537948
0.528369
0.565094
0.575778
0.51008
0.515938
0.522338
0.579905
0.532467
0.503409
0.547281
0.518379
0.533656
0.550837
0.546361
0.583375
0.50614
0.502956
0.476233
0.475666
0.527297
0.516712
0.551109
0.546375
0.512801
0.553672
0.541221
0.498047
0.49662
0.498838
0.559056
0.483116
0.507664
0.509204
0.500164
0.512624
0.506952
0.506078
0.538921
0.54375
0.534564
0.478295
0.480796
0.510022
0.555259
0.4947
0.507205
0.533837
0.52457
0.515034
0.497488
0.543251
0.533477
0.473038
0.477472
0.464228
0.526987
0.559631
0.526513
0.536591
0.519482
0.553102
0.543317
0.478283
0.486874
0.52354
0.515542
0.46293
0.535016
0.527701
0.527801
0.466501
0.527151
0.548277
0.551777
0.520848
0.521249
0.49479
0.522196
0.512171
0.512583
0.510277
0.544115
0.496222
0.497515
0.496315
0.498975
0.471492
0.491267
0.466287
0.585133
0.519606
0.501865
0.530795
0.510738
0.578876
0.581001
0.56365
0.535524
0.532235
0.507169
0.526573
0.539187
0.4967
0.501224
0.525905
0.488465
0.491914
0.571556
0.550592
0.545907
0.536036
0.527997
0.532827
0.55053
0.553652
0.563571
0.566414
0.533505
0.514103
0.508676
0.518141
0.596402
0.481492
0.540332
0.514176
0.577459
0.525882
0.505407
0.523795
0.503838
0.527334
0.524753
0.61291
0.569711
0.486175
0.510773
0.517681
0.465038
0.491273
0.50621
0.502936
0.513584
0.512268
0.549636
0.56563
0.502834
0.509615
0.585832
0.478944
0.521831
0.586513
0.567581
0.543947
0.546736
0.536303
0.469025
0.518141
0.525576
0.530454
0.501239
0.565816
0.506355
0.504718
0.494114
0.572752
0.504769
0.565665
0.555965
0.52251
0.559698
0.548342
0.510118
0.56076
0.517177
0.533639
0.523361
0.536025
0.533527
0.507465
0.593985
0.545382
0.513219
0.508788
0.54715
0.57985
0.550637
0.489529
0.49797
0.535162
0.534559
0.523379
0.506545
0.521087
0.546801
0.602492
0.499096
0.50178
0.491497
0.532246
0.528447
0.564349
0.533659
0.494771
0.492417
0.586653
0.518292
0.509295
0.54456
0.511399
0.500715
0.499865
0.534201
0.517195
0.468222
0.473423
0.526277
0.558595
0.548881
0.470527
0.485094
0.517238
0.522793
0.510537
0.495997
0.615395
0.469931
0.552642
0.500885
0.566595
0.567928
0.576435
0.563287
0.564098
0.518642
0.503632
0.498845
0.502231
0.546089
0.554945
0.516107
0.516315
0.53263
0.515402
0.547855
0.551639
0.58937
0.523252
0.525029
0.493762
0.476473
0.4847
0.517239
0.535211
0.589535
0.560303
0.549876
0.502867
0.468458
0.502214
0.527057
0.556385
0.644494
0.558444
0.545742
0.570319
0.513941
0.527234
0.512444
0.521454
0.537713
0.506709
0.555822
0.522975
0.532693
0.530651
0.486236
0.473715
0.481402
0.533415
0.505562
0.485508
0.546535
0.489525
0.56064
0.547859
0.513326
0.551778
0.584981
0.498794
0.500902
0.54915
0.550823
0.554932
0.528889
0.53081
0.512858
0.580689
0.592973
0.511837
0.509753
0.504957
0.541021
0.530907
0.485282
0.524148
0.491202
0.489404
0.522275
0.523961
0.456665
0.520547
0.53039
0.541773
0.536501
0.486768
0.477927
0.520299
0.479668
0.507934
0.492558
0.592973
0.584733
0.578657
0.540783
0.581892
0.524587
0.509459
0.494632
0.590032
0.532389
0.475078
0.519447
0.537361
0.624638
0.508178
0.494898
0.54295
0.533345
0.504598
0.529577
0.475402
0.493671
0.524071
0.515694
0.563011
0.502586
0.519921
0.600628
0.509401
0.554364
0.543382
0.526988
0.476385
0.49401
0.512713
0.548799
0.47202
0.57419
0.547745
0.521146
0.518822
0.47635
0.553087
0.53597
0.512964
0.541227
0.537137
0.487797
0.475544
0.491442
0.486189
0.552579
0.538409
0.533113
0.516672
0.598715
0.504856
0.465327
0.552129
0.55949
0.569236
0.535959
0.530187
0.487312
0.527825
0.561635
0.530964
0.571212
0.519565
0.544402
0.537286
0.530174
0.529105
0.541903
0.542961
0.556834
0.487749
0.530363
0.534021
0.532151
0.507575
0.478733
0.546043
0.513555
0.567377
0.558774
0.505079
0.532606
0.521633
0.509962
0.51967
0.488215
0.519881
0.517856
0.533842
0.533362
0.556601
0.582066
0.506793
0.547176
0.563154
0.56561
0.540687
0.473626
0.560513
0.506073
0.52977
0.532309
0.546248
0.489537
0.520568
0.521992
0.533571
0.49509
0.489713
0.521335
0.536397
0.536649
0.480923
0.576694
0.519222
0.518104
0.515802
0.540452
0.542601
0.511386
0.566249
0.50144
0.562076
0.560608
0.546994
0.486675
0.479341
0.558751
0.533717
0.592866
0.488644
0.467354
0.497002
0.519261
0.473547
0.535521
0.532901
0.571015
0.53788
0.559903
0.519642
0.560315
0.477281
0.544675
0.534166
0.513065
0.505365
0.535635
0.494606
0.508353
0.529995
0.516839
0.522871
0.486847
0.520372
0.553299
0.546689
0.539853
0.525881
0.583184
0.607445
0.540364
0.53005
0.517256
0.546871
0.529271
0.508261
0.567941
0.55589
0.551488
0.580611
0.535351
0.535688
0.512046
0.47241
0.507736
0.561017
0.530687
0.588591
0.477394
0.529784
0.504945
0.531329
0.542141
0.538255
0.560244
0.531296
0.47842
0.531038
0.612819
0.514162
0.487077
0.53978
0.562299
0.508894
0.565209
0.537333
0.492324
0.483267
0.559882
0.479294
0.583018
0.543494
0.60668
0.560742
0.509734
0.508779
0.512378
0.522637
0.480874
0.533247
0.567883
0.544662
0.519815
0.55158
0.584279
0.482652
0.527831
0.529447
0.532026
0.547514
0.586052
0.505548
0.460272
0.529118
0.581896
0.544939
0.528897
0.467728
0.51028
0.524862
0.510627
0.523548
0.532162
0.526465
0.527932
0.495288
0.514408
0.506639
0.535435
0.570298
0.486723
0.502583
0.51725
0.51579
0.515677
0.487973
0.52571
0.571102
0.509813
0.608423
0.538345
0.541066
0.53769
0.56101
0.489174
0.52494
0.523565
0.519759
0.506645
0.571029
0.507258
0.52008
0.49359
0.527283
0.522952
0.55102
0.499494
0.526809
0.532107
0.49743
0.54179
0.519471
0.48923
0.503116
0.509765
0.502455
0.511829
0.535562
0.513878
0.508024
0.536074
0.506413
0.532371
0.523185
0.575421
0.53282
0.514117
0.505749
0.529029
0.522841
0.533799
0.527201
0.545606
0.55843
0.505003
0.53864
0.552989
0.517481
0.522103
0.519286
0.512063
0.518168
0.517103
0.521767
0.522401
0.584562
0.532084
0.520606
0.507612
0.596132
0.557327
0.551875
0.5446
0.538693
0.517519
0.489184
0.519266
0.497
0.548078
0.542662
0.560791
0.57092
0.531432
0.52449
0.562356
0.581006
0.539501
0.504219
0.502571
0.504256
0.515891
0.527179
0.517012
0.509334
0.509108
0.503644
0.531422
0.498337
0.572742
0.57764
0.5194
0.517831
0.574869
0.558208
0.525717
0.514033
0.571762
0.508929
0.519929
0.529396
0.512903
0.559592
0.497432
0.512502
0.512657
0.527221
0.538129
0.562731
0.491461
0.540234
0.507011
0.528863
0.540703
0.522772
0.512331
0.507736
0.535815
0.619571
0.590858
0.573647
0.538346
0.578155
0.571786
0.520192
0.494403
0.513718
0.517418
0.567131
0.537579
0.538103
0.507597
0.532664
0.528458
0.542461
0.505173
0.507384
0.558416
0.484498
0.503568
0.506964
0.540686
0.551549
0.557185
0.515378
0.532425
0.49807
0.529272
0.506825
0.515507
0.565382
0.518395
0.481756
0.495128
0.534078
0.516582
0.510899
0.496957
0.526412
0.516662
0.530193
0.524807
0.516094
0.507171
0.498658
0.535218
0.528226
0.522695
0.521549
0.523481
0.533856
0.556175
0.514182
0.523194
0.494166
0.563843
0.521698
0.527607
0.525317
0.516643
0.517239
0.538269
0.495863
0.517679
0.552214
0.534118
0.564114
0.554208
0.526243
0.519665
0.514192
0.535294
0.548117
0.510518
0.505836
0.50891
0.545102
0.534758
0.522991
0.505544
0.563983
0.535356
0.521313
0.528238
0.5445
0.548236
0.514895
0.628429
0.520123
0.532087
0.574698
0.520531
0.550704
0.534532
0.513247
0.53633
0.531058
0.537686
0.523576
0.547549
0.508794
0.51641
0.517403
0.546893
0.480638
0.52279
0.512328
0.558121
0.552985
0.534773
0.501637
0.50542
0.497884
0.495973
0.501484
0.514743
0.499893
0.505354
0.519608
0.509144
0.518851
0.558913
0.52751
0.539462
0.516015
0.510039
0.504071
0.523273
0.511246
0.497204
0.521338
0.529372
0.529504
0.530005
0.537288
0.510169
0.510124
0.581029
0.51888
0.512242
0.506647
0.555382
0.542695
0.56547
0.533108
0.525807
0.526502
0.538649
0.532323
0.500981
0.522442
0.522454
0.536504
0.514009
0.510568
0.535068
0.526693
0.526072
0.524559
0.548096
0.521111
0.534188
0.530932
0.529423
0.560742
0.556378
0.542489
0.533733
0.49905
0.509749
0.52008
0.522669
0.510308
0.513362
0.514726
0.518639
0.493527
0.543477
0.55898
0.518067
0.524866
0.520073
0.532057
0.562953
0.524845
0.52078
0.558561
0.518419
0.529724
0.480252
0.598458
0.511178
0.579374
0.524877
0.525896
0.535928
0.540049
0.537921
0.53947
0.535785
0.530307
0.501322
0.520765
0.53342
0.499906
0.528416
0.533117
0.552084
0.524049
0.519594
0.518716
0.501511
0.524172
0.535748
0.597878
0.549215
0.553484
0.557431
0.511915
0.557977
0.570958
0.537238
0.509895
0.528779
0.513456
0.548127
0.534137
0.500186
0.489597
0.625687
0.493832
0.531864
0.525727
0.504931
0.530974
0.527928
0.531723
0.525222
0.549704
0.506367
0.534188
0.484059
0.50612
0.554008
0.530416
0.531293
0.492723
0.541295
0.53906
0.578933
0.521782
0.514794
0.570619
0.545728
0.544811
0.533834
0.518078
0.517879
0.55609
0.519446
0.513346
0.500728
0.523457
0.484947
0.492733
0.493912
0.482735
0.50104
0.491182
0.528629
0.514991
0.521705
0.510507
0.539397
0.531977
0.538455
0.549443
0.523421
0.509893
0.533392
0.493775
0.536315
0.575913
0.536568
0.571395
0.576387
0.540578
0.490901
0.522231
0.506494
0.499681
0.512789
0.525184
0.555908
0.533094
0.530192
0.59508
0.526453
0.522824
0.517265
0.557223
0.547882
0.512892
0.545481
0.524193
0.518153
0.557046
0.566076
0.523547
0.570465
0.578375
0.501538
0.517505
0.561601
0.51332
0.541869
0.530705
0.595476
0.473632
0.504418
0.506378
0.500253
0.504958
0.475092
0.488298
0.535644
0.510225
0.559229
0.5073
0.559914
0.501117
0.523059
0.522602
0.529678
0.52
0.510342
0.514006
0.48386
0.510767
0.524466
0.537862
0.531809
0.517185
0.476152
0.496994
0.531537
0.531587
0.540576
0.525167
0.5655
0.497493
0.672124
0.56071
0.505034
0.535691
0.514925
0.520501
0.549254
0.581694
0.496879
0.531652
0.535516
0.5461
0.509872
0.523627
0.55013
0.563111
0.520718
0.513588
0.562624
0.645266
0.47632
0.512399
0.533083
0.48548
0.479012
0.558401
0.509309
0.517522
0.536335
0.518941
0.499573
0.541314
0.49149
0.492401
0.493061
0.540441
0.502879
0.506319
0.54102
0.506933
0.508633
0.554054
0.512514
0.479547
0.548366
0.517104
0.478669
0.52128
0.484112
0.548894
0.508972
0.539507
0.509238
0.532968
0.574269
0.592871
0.53186
0.525251
0.521687
0.522688
0.486049
0.540933
0.485649
0.505512
0.528905
0.618492
0.568295
0.511217
0.520359
0.50758
0.524556
0.50677
0.527209
0.553134
0.523993
0.505016
0.510775
0.509592
0.523273
0.509202
0.534213
0.562579
0.511272
0.522586
0.506172
0.51934
0.494443
0.522022
0.506865
0.519309
0.539195
0.506264
0.51099
0.526756
0.517979
0.530106
0.514004
0.51233
0.531729
0.492367
0.551776
0.511068
0.513038
0.496953
0.558613
0.526331
0.509681
0.527204
0.522649
0.483428
0.51712
0.516467
0.518646
0.498528
0.52715
0.661247
0.507336
0.627855
0.582567
0.504389
0.498679
0.537732
0.572875
0.513753
0.47045
0.496009
0.507441
0.542267
0.518332
0.531085
0.590876
0.490602
0.533374
0.542869
0.506942
0.531812
0.530704
0.556193
0.548649
0.528985
0.517734
0.524613
0.553313
0.563687
0.504715
0.501671
0.513348
0.561555
0.508439
0.57183
0.523883
0.490786
0.517622
0.525804
0.501096
0.512662
0.511735
0.524353
0.529156
0.536511
0.557096
0.500796
0.52591
0.504479
0.513717
0.514181
0.492323
0.510649
0.514989
0.552407
0.534672
0.523173
0.515385
0.525065
0.535274
0.533195
0.514309
0.500708
0.515425
0.554572
0.534945
0.532436
0.536284
0.523285
0.54754
0.482825
0.528425
0.543337
0.522376
0.534518
0.495928
0.521318
0.513469
0.513279
0.521256
0.556697
0.478481
