0.526236
0.573931
0.56537
0.543715
0.533832
0.533555
0.544134
0.630309
0.541966
0.503277
0.507719
0.505146
0.502291
0.535503
0.527501
0.533094
0.548012
0.546548
0.539955
0.532117
0.560326
0.55905
0.528245
0.510699
0.511436
0.506548
0.510957
0.506613
0.527427
0.508024
0.521609
0.490201
0.494284
0.520002
0.529276
0.518101
0.565499
0.572415
0.524003
0.526021
0.533913
0.529161
0.530018
0.525579
0.539451
0.536547
0.534773
0.590095
0.580769
0.57101
0.652136
0.472502
0.528403
0.534017
0.522695
0.523194
0.461966
0.536269
0.538803
0.532608
0.530911
0.46105
0.48072
0.516642
0.522281
0.569718
0.576033
0.548752
0.536021
0.527655
0.525329
0.499303
0.509136
0.523574
0.527894
0.518999
0.507472
0.527435
0.525903
0.533892
0.530721
0.495181
0.495277
0.495084
0.564363
0.552581
0.56413
0.500313
0.498666
0.504759
0.525173
0.541835
0.537256
0.538274
0.492897
0.501433
0.515343
0.527915
0.527398
0.525345
0.528209
0.529572
0.530336
0.517029
0.507332
0.504517
0.538293
0.554178
0.554584
0.552927
0.539601
0.544934
0.556395
0.535228
0.538769
0.546995
0.532913
0.558219
0.553939
0.562335
0.551138
0.523137
0.517719
0.476514
0.487602
0.486356
0.538508
0.522266
0.474368
0.537414
0.542003
0.506286
0.504556
0.557714
0.547913
0.538271
0.515046
0.515775
0.516147
0.512986
0.540614
0.53616
0.532737
0.554454
0.545009
0.535738
0.602584
0.57979
0.55221
0.531161
0.523746
0.516012
0.509209
0.517426
0.547799
0.541981
0.476159
0.475317
0.476723
0.468137
0.480942
0.476383
0.517639
0.552616
0.570623
0.517193
0.556613
0.476682
0.491379
0.502534
0.483648
0.492391
0.49348
0.486732
0.490303
0.499019
0.502938
0.513394
0.514612
0.508852
0.488104
0.549575
0.523783
0.513309
0.480624
0.488265
0.531855
0.504004
0.500718
0.533218
0.524468
0.547274
0.534435
0.517557
0.531747
0.491168
0.483049
0.511406
0.5065
0.531355
0.521805
0.519218
0.513564
0.516012
0.532606
0.48069
0.509539
0.523503
0.527557
0.521464
0.489981
0.521015
0.523582
0.545467
0.464429
0.465087
0.481075
0.483526
0.472817
0.493517
0.548538
0.540974
0.52339
0.531554
0.483992
0.48204
0.492448
0.498568
0.57004
0.580652
0.561817
0.523469
0.577884
0.52607
0.522787
0.549456
0.543128
0.538145
0.528408
0.490356
0.506273
0.49152
0.525025
0.529319
0.553702
0.565503
0.550521
0.517461
0.527294
0.572225
0.563471
0.562555
0.557504
0.503929
0.51735
0.460321
0.452255
0.486837
0.479697
0.482637
0.474858
0.488739
0.516601
0.511201
0.519416
0.513595
0.495246
0.507922
0.500615
0.487253
0.495485
0.50979
0.502199
0.535016
0.535584
0.592572
0.480568
0.478849
0.478225
0.507001
0.503527
0.539166
0.533412
0.527321
0.533555
0.499657
0.509205
0.507849
0.525517
0.469037
0.47715
0.541801
0.480656
0.490748
0.486586
0.582254
0.506713
0.508086
0.507326
0.480307
0.529589
0.469891
0.4768
0.50243
0.546079
0.529774
0.529716
0.516146
0.496841
0.618293
0.515396
0.522661
0.523369
0.549727
0.563019
0.554941
0.549841
0.570785
0.537666
0.531601
0.532107
0.557854
0.520118
0.523933
0.562244
0.567341
0.556211
0.531337
0.543982
0.536575
0.580094
0.578462
0.500358
0.512962
0.508683
0.566594
0.578837
0.569492
0.5273
0.505771
0.535979
0.535418
0.479154
0.556762
0.555122
0.559113
0.555266
0.487868
0.594761
0.487923
0.490521
0.541524
0.529802
0.506797
0.570353
0.561088
0.527304
0.501448
0.532013
0.484939
0.49922
0.495851
0.501634
0.54168
0.564332
0.549987
0.469377
0.492699
0.495365
0.501362
0.531829
0.529528
0.529806
0.542015
0.574494
0.566913
0.597428
0.5142
0.487321
0.482967
0.516104
0.509241
0.506814
0.505845
0.50512
0.495353
0.543468
0.571101
0.563679
0.525648
0.524605
0.523728
0.549304
0.555055
0.51426
0.538083
0.539137
0.485803
0.496058
0.481105
0.523705
0.51018
0.533282
0.531281
0.546847
0.543359
0.537415
0.538289
0.527725
0.518722
0.50611
0.509468
0.488777
0.490684
0.506461
0.518574
0.514772
0.60254
0.586785
0.600673
0.544737
0.54017
0.539262
0.531138
0.540381
0.532386
0.514587
0.516258
0.578905
0.567442
0.548164
0.548708
0.552848
0.521849
0.57916
0.509453
0.522822
0.552501
0.560478
0.555822
0.557604
0.476387
0.47603
0.476549
0.578923
0.584051
0.590174
0.592043
0.641487
0.535053
0.543075
0.547583
0.543936
0.473173
0.527558
0.52804
0.541367
0.535046
0.528786
0.528539
0.501132
0.503065
0.517244
0.512945
0.506289
0.535247
0.524835
0.592987
0.601938
0.586676
0.551026
0.584324
0.569135
0.563549
0.567286
0.5061
0.526435
0.528331
0.527718
0.543851
0.573439
0.548165
0.561059
0.548907
0.497291
0.498885
0.50526
0.528775
0.503542
0.550746
0.54374
0.552593
0.555925
0.540989
0.54017
0.530997
0.536186
0.528401
0.527573
0.520314
0.535953
0.502532
0.49795
0.515964
0.51626
0.51848
0.526074
0.52109
0.525355
0.482771
0.525447
0.535059
0.577696
0.547424
0.533808
0.528074
0.529069
0.527501
0.525097
0.528261
0.579456
0.501678
0.50804
0.539648
0.534266
0.54051
0.542187
0.614231
0.52863
0.527928
0.475849
0.523341
0.567384
0.545534
0.552283
0.578027
0.569003
0.542812
0.553022
0.49572
0.514345
0.506798
0.531871
0.544101
0.523769
0.520946
0.534889
0.498664
0.497391
0.497766
0.533862
0.559717
0.556349
0.529677
0.505429
0.563885
0.523781
0.536933
0.534924
0.551773
0.52445
0.521719
0.510761
0.509916
0.547417
0.546159
0.552728
0.525463
0.496789
0.483779
0.549947
0.554585
0.551488
0.556139
0.532422
0.516446
0.500907
0.514885
0.540801
0.544653
0.526816
0.535422
0.532694
0.521836
0.572889
0.545842
0.53616
0.537944
0.545688
0.537431
0.526159
0.519209
0.537339
0.527083
0.522243
0.527514
0.519701
0.513575
0.512908
0.517716
0.532032
0.542177
0.529932
0.475013
0.527611
0.516944
0.52732
0.508534
0.538487
0.465313
0.567208
0.55776
0.548741
0.545598
0.488883
0.522333
0.510204
0.51705
0.514371
0.538258
0.552191
0.547832
0.490316
0.550084
0.551542
0.569487
0.561906
0.514744
0.519081
0.520974
0.512209
0.512816
0.516621
0.533089
0.562596
0.566901
0.60232
0.574179
0.557932
0.512022
0.519702
0.547639
0.505662
0.580562
0.520419
0.521577
0.534809
0.475826
0.532866
0.53598
0.522524
0.515894
0.516894
0.473306
0.496876
0.487953
0.532578
0.493599
0.500519
0.564873
0.489884
0.501622
0.596323
0.534329
0.523017
0.513896
0.520939
0.510681
0.507256
0.511101
0.514218
0.510678
0.564433
0.516094
0.527925
0.526397
0.522613
0.541657
0.522082
0.51423
0.506382
0.513572
0.496218
0.552885
0.512864
0.478779
0.491624
0.494529
0.504804
0.497282
0.496977
0.511362
0.516174
0.54118
0.576723
0.565094
0.570609
0.542715
0.544783
0.516197
0.560982
0.574576
0.562071
0.588805
0.537461
0.534711
0.479386
0.485747
0.559593
0.534639
0.505616
0.51032
0.52321
0.527637
0.523077
0.551097
0.519935
0.520296
0.538388
0.531067
0.539532
0.570015
0.518326
0.519463
0.551139
0.540845
0.553334
0.543884
0.532335
0.545902
0.544741
0.556374
0.551262
0.520583
0.535276
0.50186
0.530571
0.506408
0.556819
0.568011
0.541829
0.53823
0.533637
0.494849
0.540819
0.524428
0.529951
0.53345
0.531935
0.484185
0.496634
0.499336
0.549763
0.502503
0.520622
0.511856
0.548842
0.543261
0.496903
0.591913
0.531826
0.515387
0.49052
0.496915
0.474651
0.494521
0.551788
0.552185
0.551906
0.571219
0.56206
0.560303
0.521259
0.517777
0.535561
0.572453
0.564625
0.513401
0.547695
0.5518
0.545414
0.478203
0.533603
0.550589
0.515614
0.495882
0.51058
0.592535
0.501723
0.501084
0.511979
0.52712
0.510466
0.50356
0.507653
0.504255
0.529382
0.525568
0.521022
0.511138
0.53527
0.496245
0.506763
0.51678
0.558957
0.547142
0.51145
0.523536
0.52959
0.505904
0.496416
0.584456
0.509827
0.496846
0.49313
0.560086
0.50644
0.573469
0.48855
0.50124
0.507024
0.510844
0.525678
0.551222
0.515507
0.488141
0.50334
0.550547
0.471912
0.486821
0.580183
0.581473
0.502947
0.515366
0.514851
0.498123
0.56127
0.529073
0.526482
0.524903
0.527795
0.512253
0.596888
0.601753
0.572464
0.574463
0.503904
0.503975
0.507011
0.485355
0.499527
0.503263
0.549829
0.55105
0.552208
0.59909
0.603008
0.505431
0.504697
0.50967
0.533332
0.546183
0.490128
0.57133
0.555553
0.558468
0.564375
0.556219
0.558535
0.548879
0.542251
0.53946
0.557708
0.56852
0.551931
0.552021
0.484021
0.495355
0.487658
0.506047
0.488042
0.563604
0.560701
0.569066
0.561512
0.505993
0.512622
0.504058
0.504855
0.532347
0.566329
0.503878
0.511615
0.501367
0.556873
0.547226
0.527183
0.515658
0.515037
0.493443
0.496481
0.557704
0.485636
0.496166
0.49367
0.531512
0.561028
0.581353
0.579828
0.588872
0.515494
0.556928
0.542718
0.555514
0.546029
0.464527
0.479396
0.561089
0.549116
0.537143
0.469509
0.545853
0.503694
0.505827
0.533487
0.547859
0.53844
0.513287
0.526575
0.518922
0.527248
0.526719
0.520968
0.513609
0.503576
0.50624
0.509759
0.530097
0.550383
0.54203
0.548174
0.539554
0.510111
0.56536
0.571752
0.559111
0.549568
0.543392
0.482491
0.467947
0.472359
0.588686
0.542353
0.522449
0.519449
0.532485
0.520993
0.510142
0.537995
0.523103
0.512322
0.513252
0.540907
0.529717
0.528206
0.495829
0.514754
0.511666
0.534722
0.571003
0.548403
0.521758
0.516929
0.531694
0.517863
0.541427
0.547652
0.57671
0.567935
0.511047
0.522688
0.483346
0.527603
0.528377
0.510684
0.511906
0.497594
0.511086
0.520635
0.512079
0.572283
0.541598
0.493971
0.489269
0.494683
0.530645
0.52743
0.518594
0.480461
0.528601
0.527543
0.52684
0.525015
0.553245
0.553723
0.54323
0.48804
0.506029
0.497511
0.507306
0.47389
0.538976
0.470988
0.51726
0.515667
0.528113
0.526263
0.56122
0.541963
0.586932
0.597547
0.480412
0.475684
0.481107
0.55662
0.545582
0.490242
0.495642
0.52762
0.545989
0.53746
0.570812
0.506474
0.470475
0.482453
0.52365
0.530355
0.551234
0.513913
0.516404
0.520302
0.476015
0.540703
0.535937
0.512925
0.528237
0.568422
0.553577
0.561471
0.518974
0.543187
0.575331
0.485156
0.54516
0.52469
0.54964
0.550257
0.543828
0.543477
0.563521
0.489646
0.5422
0.493858
0.503022
0.498785
0.563651
0.488446
0.497782
0.528209
0.548923
0.513468
0.486608
0.537188
0.528856
0.517978
0.484482
0.545673
0.558618
0.561578
0.489534
0.508976
0.490909
0.529879
0.553307
0.507744
0.489766
0.534392
0.485833
0.532307
0.544402
0.570103
0.574153
0.550139
0.546486
0.57
0.541874
0.55725
0.56535
0.542168
0.543878
0.533457
0.530659
0.571439
0.514264
0.5157
0.554429
0.546845
0.50619
0.512724
0.511304
0.519183
0.505546
0.500105
0.502697
0.511037
0.581991
0.553148
0.522992
0.576285
0.500041
0.506197
0.48024
0.479137
0.545697
0.531582
0.536559
0.487354
0.518765
0.546715
0.561737
0.548922
0.564242
0.557616
0.481701
0.572206
0.523694
0.599371
0.523271
0.539078
0.532666
0.520228
0.522193
0.531081
0.528578
0.519691
0.492421
0.529612
0.476812
0.486368
0.555254
0.541915
0.468565
0.518938
0.523139
0.521237
0.538512
0.548007
0.529555
0.473268
0.523205
0.537457
0.563072
0.604852
0.460383
0.518641
0.527316
0.527742
0.53257
0.548091
0.552125
0.573588
0.561543
0.540356
0.535531
0.532511
0.54919
0.562846
0.576939
0.549571
0.53768
0.539882
0.541477
0.500523
0.500525
0.504896
0.5744
0.578738
0.575681
0.500515
0.548905
0.525737
0.563549
0.544824
0.532399
0.522829
0.589315
0.52599
0.588558
0.564779
0.554982
0.550155
0.54371
0.504632
0.510494
0.510024
0.502457
0.530096
0.493038
0.550264
0.53764
0.4911
0.49482
0.520615
0.531936
0.507182
0.527983
0.542794
0.561203
0.548168
0.506469
0.515384
0.534365
0.484008
0.486112
0.57943
0.52107
0.477671
0.469426
0.479207
0.534277
0.540136
0.493788
0.586791
0.584566
0.514533
0.550633
0.524345
0.526266
0.518096
0.504712
0.52443
0.560699
0.571301
0.508517
0.531519
0.492601
0.472412
0.539586
0.556464
0.508809
0.511974
0.475432
0.487743
0.491202
0.481002
0.491388
0.53345
0.527687
0.545772
0.540609
0.555316
0.527121
0.566042
0.493948
0.483673
0.547912
0.55441
0.528162
0.523728
0.589278
0.539175
0.543528
0.535553
0.482675
0.532652
0.471044
0.486071
0.51463
0.564781
0.564188
0.511771
0.520629
0.499034
0.5325
0.514195
0.525356
0.523315
0.526062
0.482224
0.49957
0.535173
0.493746
0.526546
0.483589
0.539766
0.53932
0.550028
0.507994
0.530007
0.589134
0.592472
0.573752
0.496596
0.580956
0.524177
0.536555
0.524188
0.530247
0.55259
0.560029
0.502276
0.571483
0.497093
0.500362
0.475719
0.502007
0.548694
0.523485
0.534685
0.583696
0.482209
0.471929
0.483747
0.484639
0.503635
0.510473
0.506446
0.483765
0.49838
0.497058
0.567074
0.573802
0.543345
0.490143
0.484967
0.526208
0.602486
0.621906
0.531793
0.476644
0.518142
0.558536
0.474256
0.469717
0.470333
0.53256
0.488727
0.518909
0.546154
0.497371
0.490863
0.51903
0.522753
0.573707
0.535251
0.532226
0.539301
0.559497
0.525443
0.537658
0.557567
0.489326
0.530806
0.516271
0.515018
0.538934
0.537713
0.539446
0.529857
0.518968
0.537144
0.56044
0.524492
0.518496
0.489893
0.552596
0.543551
0.521391
0.526488
0.562793
0.509014
0.516747
0.487516
0.523387
0.50793
0.493109
0.469872
0.47891
0.573621
0.567311
0.474593
0.475742
0.509899
0.502841
0.509154
0.504453
0.471933
0.506736
0.57124
0.530007
0.523008
0.50542
0.601528
0.518497
0.576724
0.522584
0.557442
0.540328
0.50693
0.54387
0.499272
0.476787
0.49077
0.500216
0.509938
0.466373
0.526099
0.554069
0.533166
0.49378
0.485091
0.502359
0.551661
0.492262
0.489797
0.537538
0.532782
0.487591
0.492241
0.505972
0.505733
0.512834
0.544764
0.513205
0.512494
0.517537
0.490783
0.58648
0.532924
0.497083
0.505788
0.507163
0.514227
0.474495
0.506779
0.509085
0.515185
0.567002
0.556808
0.521711
0.521221
0.565904
0.537956
0.543781
0.466548
0.456479
0.468684
0.558545
0.548033
0.490506
0.553676
0.526134
0.522635
0.557019
0.549646
0.516312
0.53695
0.525769
0.558976
0.544779
0.527259
0.505159
0.508433
0.516373
0.53363
0.528761
0.528224
0.531205
0.524935
0.515622
0.533475
0.505121
0.585414
0.572539
0.542329
0.519674
0.533452
0.539704
0.557948
0.494264
0.511608
0.50856
0.521204
0.523242
0.486324
0.530843
0.55609
0.560864
0.47237
0.461145
0.556741
0.582968
0.566164
0.572117
0.549091
0.548413
0.459611
0.565971
0.503558
0.504246
0.567961
0.527594
0.576942
0.494569
0.573031
0.495076
0.499759
0.491634
0.534882
0.598681
0.601948
0.472153
0.512076
0.478918
0.581993
0.488563
0.535555
0.549359
0.535495
0.564549
0.515118
0.534384
0.526996
0.524229
0.510686
0.472142
0.564401
0.564083
0.56781
0.572489
0.474523
0.508497
0.508373
0.509007
0.504476
0.534314
0.55139
0.547384
0.540846
0.478608
0.484647
0.53992
0.466312
0.575167
0.561955
0.509578
0.539914
0.526991
0.498566
0.521095
0.541963
0.520253
0.575007
0.517298
0.563426
0.510436
0.533982
0.521792
0.471423
0.539204
0.50976
0.529149
0.482174
0.482173
0.469695
0.477583
0.485565
0.530309
0.533028
0.542536
0.55245
0.552553
0.531734
0.542647
0.54635
0.534109
0.562201
0.475421
0.46969
0.564274
0.576306
0.606804
0.499246
0.481861
0.515559
0.473676
0.489374
0.539767
0.527802
0.526259
0.52836
0.518243
0.536056
0.50111
0.483451
0.494742
0.505401
0.540349
0.489625
0.592985
0.571652
0.541066
0.549213
0.525191
0.466685
0.489233
0.510208
0.552303
0.535586
0.546402
0.573578
0.556056
0.552105
0.565023
0.536319
0.492977
0.530514
0.556833
0.520694
0.555287
0.486029
0.529382
0.521715
0.522714
0.48279
0.489021
0.47765
0.522533
0.522946
0.460245
0.520973
0.524464
0.498448
0.492533
0.528182
0.547351
0.481493
0.503474
0.524366
0.504433
0.505335
0.497748
0.484032
0.556326
0.544923
0.521283
0.520466
0.531626
0.61839
0.525205
0.580564
0.558926
0.563563
0.526318
0.527345
0.538927
0.500034
0.509661
0.537004
0.529975
0.481541
0.577463
0.503784
0.547242
0.550014
0.575997
0.466324
0.532455
0.563943
0.557508
0.512562
0.558846
0.483337
0.480588
0.565715
0.569763
0.598076
0.519329
0.56083
0.61171
0.614062
0.560739
0.551383
0.553794
0.470685
0.552937
0.570309
0.546488
0.514848
0.552018
0.477138
0.483609
0.466199
0.530117
0.500468
0.559774
0.578284
0.512272
0.512172
0.552098
0.52072
0.561333
0.511066
0.573826
0.535087
0.501865
0.533641
0.479139
0.539866
0.492085
0.507666
0.482742
0.477434
0.495698
0.519313
0.541281
0.526185
0.526313
0.561881
0.477923
0.59866
0.523989
0.546129
0.537187
0.545504
0.476783
0.542532
0.561047
0.544481
0.567204
0.465967
0.548568
0.563137
0.498932
0.524985
0.502834
0.552405
0.472218
0.475281
0.506331
0.498065
0.507875
0.542429
0.511033
0.520894
0.522399
0.538638
0.531
0.522274
0.554992
0.550297
0.56374
0.539753
0.497552
0.557749
0.540008
0.52312
0.556333
0.52308
0.537438
0.46365
0.544594
0.535729
0.523257
0.5555
0.539298
0.473313
0.553735
0.540673
0.530048
0.540884
0.540582
0.492515
0.505291
0.485729
0.558458
0.564732
0.568063
0.485523
0.496818
0.571562
0.47629
0.509461
0.572614
0.557452
0.55404
0.578331
0.470847
0.545867
0.545214
0.537274
0.532857
0.54944
0.543948
0.533838
0.499814
0.550073
0.542723
0.494233
0.518207
0.551192
0.557924
0.5389
0.589462
0.60618
0.484068
0.570425
0.523629
0.529009
0.50917
0.543901
0.527006
0.568267
0.507645
0.552081
0.527977
0.507728
0.506416
0.559558
0.477189
0.471469
0.468211
0.472275
0.53449
0.494838
0.57588
0.553744
0.548071
0.533357
0.509556
0.603711
0.5814
0.477911
0.553073
0.541515
0.543033
0.539478
0.559194
0.574754
0.533366
0.602712
0.511069
0.52557
0.506664
0.506853
0.472193
0.576059
0.537078
0.541715
0.559194
0.465985
0.504652
0.453873
0.522567
0.490523
0.555864
0.545604
0.530511
0.497808
0.569395
0.583845
0.529354
0.514515
0.515079
0.527856
0.494318
0.561763
0.522926
0.512994
0.499476
0.548256
0.503409
0.532306
0.499704
0.499012
0.522742
0.519805
0.521697
0.529254
0.524027
0.555738
0.514073
0.556529
0.508444
0.526062
0.537218
0.530371
0.549271
0.564686
0.522625
0.526468
0.516195
0.520516
0.521007
0.511833
0.486203
0.59538
0.521072
0.532679
0.502965
0.512371
0.558204
0.550921
0.512679
0.498009
0.523827
0.510117
0.514815
0.505726
0.545216
0.536325
0.514012
0.517636
0.505338
0.512145
0.508106
0.522745
0.527751
0.485752
0.520873
0.509651
0.531162
0.524291
0.5388
0.511424
0.540467
0.504243
0.498216
0.500595
0.530321
0.556351
0.533078
0.52076
0.538942
0.51829
0.549766
0.532176
0.54264
0.513011
0.506344
0.589734
0.544229
0.507578
0.518105
0.51513
0.507524
0.513913
0.544292
0.491113
0.588744
0.498458
0.500717
0.549704
0.563388
0.545735
0.509886
0.533696
0.591343
0.589371
0.530753
0.568827
0.52631
0.521791
0.516335
0.508219
0.488689
0.501283
0.530538
0.5198
0.507864
0.520135
0.54344
0.566956
0.562459
0.52857
0.523514
0.549456
0.518703
0.490675
0.532028
0.538449
0.522048
0.546164
0.542112
0.515922
0.567955
0.559947
0.565373
0.505612
0.54055
0.544027
0.547352
0.522753
0.521797
0.527412
0.552371
0.512734
0.518501
0.58624
0.564087
0.571178
0.547339
0.55446
0.515791
0.487662
0.524585
0.515728
0.513084
0.564978
0.576308
0.563148
0.505282
0.547725
0.527238
0.520481
0.536842
0.511696
0.516599
0.557658
0.560984
0.511576
0.539972
0.568671
0.529289
0.521302
0.539279
0.50372
0.499649
0.497771
0.511697
0.516061
0.526453
0.512214
0.47836
0.512377
0.524768
0.532734
0.555863
0.547166
0.553778
0.558016
0.517224
0.520033
0.519086
0.510496
0.545279
0.505101
0.557247
0.498659
0.578578
0.509421
0.526511
0.529708
0.483468
0.570585
0.522204
0.530355
0.524539
0.507086
0.520306
0.512253
0.537094
0.565127
0.509753
0.512042
0.561214
0.499623
0.503551
0.549052
0.50072
0.550337
0.505146
0.553675
0.586203
0.526369
0.474863
0.478452
0.511402
0.517195
0.507762
0.514587
0.514596
0.526425
0.519763
0.518904
0.55039
0.541373
0.546154
0.516719
0.553303
0.51844
0.517518
0.521578
0.583311
0.515123
0.51654
0.541144
0.553248
0.556181
0.513647
0.537662
0.504301
0.513314
0.555937
0.498222
0.582877
0.540512
0.493363
0.577072
0.558287
0.552529
0.534538
0.491936
0.5075
0.520526
0.502846
0.513643
0.504887
0.522459
0.540349
0.524543
0.559968
0.554065
0.503303
0.555496
0.497363
0.507217
0.568918
0.526139
0.530338
0.517333
0.516673
0.524111
0.528959
0.497201
0.502391
0.499579
0.578589
0.568376
0.531463
0.53014
0.503725
0.506449
0.559933
0.500471
0.528178
0.525063
0.554288
0.546775
0.501325
0.515567
0.509739
0.519228
0.54344
0.523442
0.512735
0.508775
0.503291
0.524042
0.571776
0.535624
0.533026
0.5334
0.487261
0.49714
0.502927
0.490295
0.550713
0.501544
0.598378
0.563846
0.5274
0.528756
0.51605
0.566591
0.564028
0.525811
0.525834
0.516193
0.523425
0.506301
0.541957
0.556835
0.536325
0.528983
0.527519
0.495874
0.510954
0.505502
0.542696
0.524727
0.514686
0.517035
0.528579
0.534187
0.527056
0.514185
0.512053
0.508667
0.526778
0.601455
0.542253
0.532003
0.499671
0.559062
0.561982
0.498821
0.516885
0.526329
0.571399
0.575531
0.5418
0.540887
0.518297
0.505335
0.4977
0.502942
0.540019
0.540028
0.573855
0.542186
0.510208
0.5241
0.559221
0.578097
0.548237
0.530853
0.550631
0.530139
0.564115
0.536305
0.520841
0.526255
0.497455
0.547382
0.50335
0.545298
0.53241
0.528372
0.605597
0.501477
0.499657
0.548198
0.539521
0.527251
0.555838
0.54716
0.506696
0.562371
0.560211
0.531294
0.509785
0.549402
0.555535
0.53148
0.529078
0.540802
0.495343
0.499041
0.509142
0.532961
0.546598
0.504996
0.496423
0.570287
0.571907
0.488966
0.481055
0.521746
0.521725
0.528369
0.513222
0.575138
0.490087
0.538179
0.531823
0.62942
0.520178
0.529378
0.50516
0.582509
0.535147
0.574257
0.515428
0.511019
0.508595
0.523911
0.527902
0.499915
0.52572
0.512094
0.507399
0.535713
0.504368
0.484313
0.54476
0.496797
0.51127
0.564102
0.502602
0.575683
0.548716
0.535209
0.527266
0.580539
0.579903
0.58604
0.587021
0.508752
0.551
0.521201
0.530811
0.529303
0.530271
0.529844
0.571263
0.48972
0.522342
0.489744
0.524647
0.576198
0.512349
0.547529
0.60191
0.524862
0.539497
0.527045
0.516028
0.558942
0.486067
0.531141
0.520107
0.522246
0.533217
0.52854
0.507755
0.513902
0.521339
0.541023
0.495215
0.548717
0.496275
0.485918
0.489746
0.514638
0.499635
0.57975
0.549648
0.515709
0.53079
0.526383
0.532946
0.49957
0.544112
0.539945
0.52111
0.509162
0.52504
0.501769
0.511292
0.562749
0.531151
0.535247
0.490769
0.488452
0.552361
0.552248
0.509582
0.518367
0.561524
0.57445
0.486291
0.480111
0.511872
0.52777
0.502244
0.551534
0.548935
0.524461
0.526993
0.515545
0.505102
0.545373
0.527128
0.496043
0.564786
0.519067
0.513704
0.571625
0.518137
0.521463
0.511453
0.509247
0.600318
0.528794
0.524458
0.517847
0.579635
0.52929
0.51508
0.626086
0.574841
0.532425
0.535504
0.510821
0.527175
0.529525
0.516119
0.530947
0.510023
0.492198
0.563756
0.494705
0.511879
0.527349
0.594442
0.502817
0.527843
0.552635
0.510945
0.529713
0.571552
0.526915
0.558268
0.553579
0.540491
0.528115
0.496022
0.558131
0.57888
0.497777
0.516144
0.522615
0.523393
0.508547
0.531225
0.513389
0.520971
0.55193
0.505766
0.568886
0.511378
0.528882
0.49975
0.494473
0.477937
0.507455
0.549901
0.522549
0.501672
0.494845
0.519333
0.528959
0.578213
0.517038
0.562327
0.538857
0.529716
0.521659
0.523259
0.490812
0.548259
0.520367
0.506933
0.511905
0.533433
0.5366
0.495692
0.558449
0.525362
0.530445
0.540652
0.563765
0.5468
0.53986
0.515302
0.536131
0.475792
0.525094
0.502966
0.528709
0.491191
0.541351
0.533794
0.506811
0.525514
0.507614
0.507948
0.520041
0.506328
0.507577
0.52958
0.508104
0.544546
0.511233
0.547141
0.53903
0.565068
0.520304
0.507959
0.546608
0.557791
0.511027
0.549509
0.577583
0.52906
0.530258
0.51625
0.560895
0.520484
0.522489
0.512172
0.543703
0.528374
0.520602
0.488314
0.511164
0.567254
0.513264
0.504491
0.549487
0.522815
0.564297
0.5301
0.532791
0.50934
0.513968
0.515957
0.581347
0.555426
0.500006
0.516176
0.541019
0.519954
0.499915
0.506921
0.512882
0.570837
0.520597
0.50225
0.532012
0.525887
0.528194
0.528033
0.496994
0.533687
0.566335
0.526446
0.565119
0.550321
0.520134
0.558651
0.530332
0.56486
0.507491
0.500497
0.520173
0.572007
0.489707
0.538367
0.55453
0.528657
0.532292
0.525775
0.515682
0.566845
0.517085
0.517725
0.558304
0.486328
0.529611
0.50095
0.528493
0.526637
0.478784
0.523825
0.570232
0.501934
0.541185
0.506697
0.529028
0.526274
0.495429
0.564818
0.518493
0.529962
0.54633
0.508847
