0.522954
0.5202
0.555616
0.545636
0.573054
0.559537
0.535444
0.540789
0.582634
0.574315
0.587344
0.547366
0.503014
0.502691
0.534305
0.523246
0.528903
0.549288
0.544856
0.532522
0.546361
0.528394
0.530121
0.492772
0.54019
0.541
0.5632
0.561318
0.528697
0.528702
0.503954
0.506248
0.506986
0.522212
0.519287
0.52873
0.51284
0.506811
0.524853
0.48799
0.493652
0.510084
0.517136
0.531444
0.52983
0.530004
0.508897
0.501869
0.579737
0.592767
0.517771
0.544991
0.531175
0.529836
0.527425
0.535393
0.535848
0.541397
0.483087
0.482905
0.62398
0.580196
0.56342
0.588812
0.605734
0.465109
0.532892
0.5217
0.520379
0.537811
0.531666
0.500819
0.515714
0.507703
0.519113
0.48827
0.497484
0.487301
0.597337
0.604356
0.592336
0.481904
0.5003
0.548257
0.542716
0.542966
0.525712
0.524321
0.519707
0.527062
0.576078
0.563903
0.574198
0.516557
0.509009
0.5184
0.513631
0.518785
0.529555
0.530301
0.528731
0.527911
0.493472
0.505226
0.557594
0.553235
0.548638
0.551798
0.496042
0.49467
0.484619
0.52927
0.529577
0.540666
0.536585
0.535863
0.506187
0.516765
0.499386
0.524023
0.52339
0.523477
0.527732
0.529981
0.529984
0.48983
0.47702
0.497036
0.494023
0.509687
0.5388
0.531788
0.564489
0.579766
0.553674
0.560027
0.552399
0.543301
0.527737
0.530223
0.533045
0.533628
0.537013
0.55235
0.535426
0.539613
0.527352
0.519502
0.554724
0.561363
0.554617
0.507141
0.502198
0.538455
0.466122
0.497331
0.483845
0.521567
0.523731
0.524875
0.52302
0.516331
0.48344
0.53571
0.546108
0.489254
0.503298
0.478497
0.464682
0.495213
0.556561
0.558712
0.507049
0.512917
0.517353
0.511088
0.512338
0.536711
0.557632
0.572657
0.56302
0.478531
0.53298
0.526817
0.532242
0.518184
0.499656
0.504798
0.497654
0.540408
0.532496
0.535456
0.497568
0.559651
0.472301
0.483447
0.47337
0.521246
0.484796
0.533959
0.551294
0.473307
0.481974
0.481584
0.479713
0.496999
0.489939
0.506148
0.533653
0.537918
0.517872
0.505398
0.506003
0.513093
0.509779
0.491204
0.482304
0.483569
0.553766
0.560094
0.522155
0.491568
0.532786
0.538327
0.502737
0.493437
0.52627
0.513495
0.51945
0.521505
0.499176
0.488613
0.528295
0.532034
0.517705
0.498015
0.530253
0.531888
0.473133
0.522408
0.521553
0.519491
0.518156
0.532953
0.522938
0.522197
0.489594
0.524808
0.52387
0.464074
0.473265
0.480556
0.50266
0.502585
0.475027
0.491784
0.516877
0.532184
0.473056
0.483707
0.481088
0.477052
0.508951
0.532342
0.582457
0.512466
0.513829
0.513273
0.607472
0.602269
0.591735
0.564649
0.491551
0.497487
0.507018
0.511793
0.585268
0.52778
0.526364
0.520717
0.553007
0.556691
0.557191
0.524744
0.522535
0.49974
0.510662
0.499379
0.486698
0.533723
0.559096
0.557354
0.559907
0.555188
0.554785
0.518061
0.514654
0.518779
0.520276
0.557905
0.540046
0.562766
0.60516
0.587303
0.57731
0.522124
0.495113
0.569547
0.563412
0.501454
0.503058
0.501059
0.48146
0.477921
0.547775
0.525307
0.517977
0.517897
0.525393
0.48576
0.50716
0.506658
0.513147
0.501763
0.512249
0.531267
0.469103
0.487708
0.479183
0.478806
0.601919
0.585198
0.512946
0.514213
0.509671
0.534218
0.529457
0.532483
0.530262
0.504211
0.536319
0.549087
0.468373
0.522973
0.519975
0.518712
0.548528
0.557832
0.559378
0.54871
0.540325
0.534936
0.534712
0.557398
0.554371
0.55592
0.558629
0.526107
0.518233
0.547947
0.540169
0.589048
0.583861
0.558882
0.511083
0.579103
0.578581
0.580396
0.5267
0.520744
0.533126
0.503954
0.509358
0.535509
0.571521
0.574394
0.484793
0.48294
0.479625
0.484201
0.509403
0.553004
0.553276
0.536265
0.539523
0.518526
0.518002
0.521474
0.536119
0.488672
0.545996
0.551744
0.573806
0.555935
0.52855
0.533348
0.549178
0.546052
0.57808
0.577794
0.581093
0.595953
0.505353
0.510629
0.502768
0.486867
0.514742
0.499912
0.504057
0.501781
0.590443
0.578757
0.501361
0.531772
0.539992
0.554734
0.52653
0.526089
0.524692
0.503836
0.563814
0.550838
0.482054
0.482598
0.493242
0.509712
0.53196
0.525133
0.488164
0.49113
0.521565
0.543405
0.505844
0.534962
0.536689
0.548091
0.541658
0.535222
0.489907
0.487406
0.4844
0.487485
0.532793
0.529038
0.510086
0.509598
0.512359
0.499603
0.498776
0.594771
0.514028
0.611935
0.603646
0.562192
0.579957
0.536051
0.533113
0.530782
0.506814
0.505663
0.511292
0.568155
0.545003
0.538386
0.542032
0.557619
0.551858
0.561085
0.558045
0.525951
0.585498
0.507938
0.506921
0.564402
0.567688
0.567367
0.565913
0.566124
0.540134
0.541624
0.543134
0.547156
0.520163
0.525941
0.527544
0.527515
0.527311
0.49556
0.509245
0.501292
0.52605
0.53728
0.564609
0.559821
0.579315
0.5603
0.57666
0.55732
0.570568
0.502323
0.526532
0.523918
0.566159
0.55587
0.578057
0.561105
0.554994
0.562296
0.563004
0.526956
0.529002
0.59759
0.513117
0.529417
0.597798
0.561536
0.545198
0.551928
0.538152
0.568652
0.571181
0.570327
0.539721
0.541067
0.546607
0.536511
0.500231
0.505117
0.500652
0.514092
0.539165
0.535038
0.519161
0.527011
0.518415
0.499483
0.500638
0.5025
0.51134
0.517224
0.474575
0.515336
0.528019
0.524687
0.487372
0.493288
0.54592
0.546641
0.540217
0.538318
0.528316
0.527074
0.51496
0.573995
0.561288
0.541056
0.528169
0.533728
0.537917
0.525823
0.515479
0.552125
0.520702
0.520055
0.517462
0.569073
0.551612
0.536628
0.557682
0.544529
0.54694
0.480471
0.49326
0.526484
0.49419
0.547937
0.55124
0.529091
0.53675
0.515413
0.541425
0.554083
0.540333
0.50256
0.517756
0.496582
0.506344
0.551291
0.539777
0.56486
0.547729
0.541813
0.517888
0.515857
0.5154
0.489148
0.550792
0.561873
0.559393
0.493819
0.479954
0.490497
0.493314
0.540561
0.548712
0.537555
0.531284
0.569099
0.53529
0.536881
0.545178
0.53153
0.54108
0.542781
0.539458
0.517277
0.525247
0.524182
0.536788
0.541302
0.526441
0.525231
0.53298
0.524343
0.516153
0.507412
0.463347
0.510633
0.507514
0.524892
0.528824
0.532473
0.52101
0.537866
0.519706
0.521225
0.527401
0.539371
0.523223
0.532162
0.507724
0.51448
0.521545
0.581458
0.539889
0.537226
0.461812
0.544277
0.530951
0.492557
0.508728
0.508841
0.540366
0.553287
0.492196
0.497499
0.533282
0.55021
0.540976
0.507744
0.521517
0.532379
0.53649
0.508097
0.509201
0.514893
0.504326
0.509859
0.529492
0.519584
0.550404
0.548272
0.508405
0.552285
0.571782
0.578646
0.572783
0.488794
0.481346
0.480303
0.542839
0.552638
0.516588
0.512219
0.514782
0.539766
0.534766
0.54939
0.582044
0.507382
0.513815
0.519531
0.505763
0.530736
0.533282
0.493507
0.573575
0.578784
0.510136
0.536738
0.524491
0.514906
0.514776
0.515153
0.509941
0.506452
0.50963
0.526565
0.541269
0.571117
0.564313
0.516169
0.505219
0.47118
0.500194
0.522519
0.528522
0.544071
0.529836
0.54183
0.506522
0.505685
0.564762
0.471322
0.517415
0.515707
0.481801
0.493674
0.48976
0.497143
0.490135
0.502974
0.509966
0.508785
0.504248
0.545552
0.574632
0.567481
0.582207
0.541189
0.509371
0.56716
0.584067
0.549803
0.531491
0.529508
0.505448
0.504103
0.543467
0.473475
0.482814
0.616692
0.54814
0.519103
0.486221
0.534181
0.510198
0.523817
0.518103
0.524434
0.521549
0.547974
0.549788
0.539839
0.51342
0.511269
0.534489
0.540671
0.538052
0.560272
0.554091
0.550482
0.544033
0.550808
0.531357
0.528211
0.506037
0.538638
0.541222
0.55406
0.550644
0.479697
0.561464
0.545211
0.510521
0.514517
0.507884
0.498251
0.5052
0.560191
0.540326
0.538618
0.528422
0.485072
0.480587
0.506432
0.50197
0.537063
0.523112
0.518162
0.517857
0.528383
0.533979
0.494178
0.497264
0.502079
0.497533
0.492654
0.527618
0.583845
0.546529
0.556495
0.558368
0.49979
0.522154
0.517421
0.548309
0.547186
0.539985
0.494723
0.584277
0.524764
0.518676
0.482185
0.494602
0.552999
0.503154
0.505642
0.488131
0.476308
0.49103
0.554121
0.568814
0.551137
0.581756
0.577576
0.576142
0.557593
0.517694
0.501406
0.516368
0.534985
0.570291
0.525289
0.557006
0.558029
0.558795
0.475233
0.554787
0.552429
0.551999
0.581668
0.523258
0.52733
0.518273
0.503984
0.542849
0.539047
0.518864
0.517816
0.524458
0.504907
0.530875
0.505641
0.516677
0.559377
0.546071
0.536426
0.503298
0.491773
0.508669
0.490526
0.53313
0.563645
0.565351
0.546098
0.577863
0.556609
0.568804
0.485031
0.621102
0.601417
0.529554
0.543013
0.551548
0.494432
0.546548
0.503612
0.495424
0.531034
0.506695
0.508032
0.564355
0.475001
0.49891
0.515589
0.518786
0.483322
0.490701
0.480884
0.478855
0.536786
0.577608
0.52597
0.52343
0.52775
0.487447
0.590549
0.546751
0.561475
0.477284
0.536676
0.564441
0.55325
0.594931
0.481828
0.482927
0.50772
0.505598
0.507518
0.50717
0.507651
0.528363
0.548609
0.522656
0.542117
0.50757
0.524749
0.475122
0.539413
0.54402
0.536468
0.501845
0.48146
0.483402
0.551723
0.550042
0.553247
0.523591
0.562565
0.544702
0.555733
0.495493
0.559359
0.564324
0.46625
0.509554
0.490199
0.507703
0.628605
0.617296
0.49244
0.487774
0.484228
0.530615
0.53798
0.555943
0.523802
0.486992
0.49514
0.569612
0.571741
0.546638
0.505108
0.505499
0.507899
0.533224
0.528823
0.556681
0.546903
0.504935
0.503074
0.501301
0.499258
0.506277
0.551866
0.522719
0.531154
0.533319
0.562052
0.542515
0.550725
0.471905
0.526528
0.560321
0.55212
0.494685
0.461996
0.474108
0.547952
0.541229
0.547493
0.536591
0.513601
0.517925
0.576139
0.513512
0.50856
0.503639
0.509856
0.513139
0.540242
0.54785
0.518036
0.467834
0.563217
0.557367
0.543811
0.462622
0.498546
0.535328
0.536263
0.53344
0.513819
0.53401
0.520669
0.510383
0.538764
0.529561
0.527199
0.519594
0.56351
0.494219
0.53579
0.580036
0.508163
0.523074
0.504435
0.531256
0.519931
0.547411
0.548232
0.572106
0.582497
0.583377
0.495942
0.513531
0.527079
0.525837
0.519052
0.505772
0.507304
0.508819
0.506667
0.521509
0.474762
0.475766
0.49121
0.487161
0.495705
0.520494
0.574822
0.494014
0.530715
0.552736
0.563111
0.498538
0.501044
0.52961
0.514128
0.51016
0.513665
0.531759
0.473375
0.481514
0.560038
0.549879
0.545075
0.54591
0.528639
0.496229
0.519797
0.504155
0.501643
0.473614
0.510128
0.495945
0.534524
0.507745
0.509847
0.534947
0.531112
0.522613
0.52954
0.523343
0.569402
0.553956
0.556906
0.502944
0.489388
0.53769
0.525528
0.542516
0.550827
0.546452
0.558455
0.490861
0.483451
0.486574
0.499832
0.562936
0.517848
0.482194
0.536554
0.518439
0.535584
0.560338
0.517868
0.542441
0.585616
0.526027
0.510712
0.523173
0.552128
0.551069
0.481853
0.479341
0.483907
0.535962
0.493062
0.520678
0.55224
0.557207
0.594676
0.587742
0.549451
0.562603
0.539644
0.550965
0.532117
0.540342
0.551628
0.514424
0.563403
0.556533
0.508179
0.513294
0.505022
0.50975
0.590883
0.518399
0.564618
0.516088
0.478199
0.541782
0.477341
0.532456
0.542442
0.526298
0.52424
0.528975
0.493105
0.549829
0.547922
0.554885
0.563704
0.575397
0.510366
0.529308
0.495027
0.529991
0.568059
0.529202
0.527127
0.515721
0.52235
0.474377
0.482497
0.547152
0.553945
0.549086
0.519189
0.523015
0.516781
0.526752
0.528364
0.476645
0.530952
0.536271
0.517003
0.51758
0.523195
0.53944
0.530292
0.56252
0.50568
0.511049
0.456589
0.518448
0.516173
0.528404
0.551148
0.554434
0.555687
0.594419
0.534419
0.530856
0.502428
0.503532
0.558399
0.507352
0.495373
0.553027
0.568018
0.575721
0.539388
0.51974
0.58107
0.6188
0.554732
0.512463
0.518871
0.50524
0.549898
0.550884
0.549116
0.502896
0.504792
0.504517
0.538156
0.491762
0.500498
0.49235
0.548244
0.514446
0.521783
0.498463
0.542417
0.538603
0.561608
0.558409
0.504828
0.48605
0.478889
0.468436
0.485978
0.483661
0.547935
0.536901
0.534445
0.591826
0.50858
0.510803
0.511856
0.559102
0.545138
0.531916
0.523659
0.513896
0.528573
0.556177
0.597175
0.555199
0.55104
0.546864
0.506204
0.574437
0.53664
0.556704
0.509533
0.474013
0.485025
0.518421
0.481644
0.536501
0.534886
0.510094
0.583111
0.529132
0.569982
0.558057
0.497691
0.506537
0.481785
0.50745
0.491011
0.540362
0.549816
0.557302
0.510147
0.546047
0.543534
0.539045
0.524384
0.584274
0.508406
0.536838
0.521042
0.600347
0.512791
0.565974
0.575938
0.502246
0.513489
0.485308
0.487284
0.531566
0.50698
0.520151
0.521575
0.48227
0.486145
0.513935
0.556507
0.546205
0.576296
0.531887
0.552858
0.497372
0.474499
0.469013
0.483804
0.541305
0.545118
0.554536
0.548756
0.504834
0.580017
0.520852
0.522367
0.530789
0.561451
0.500181
0.509786
0.568764
0.549705
0.49721
0.509212
0.524774
0.551749
0.50567
0.554865
0.599474
0.491043
0.485161
0.481013
0.507442
0.504495
0.513263
0.534419
0.484256
0.55091
0.572454
0.568555
0.53438
0.474112
0.488436
0.479423
0.483488
0.461873
0.535763
0.526933
0.533412
0.479712
0.516303
0.529891
0.535326
0.485213
0.480929
0.504132
0.539049
0.526462
0.527347
0.548648
0.559223
0.558635
0.515943
0.48007
0.513797
0.514702
0.484769
0.500607
0.528597
0.564561
0.515058
0.520869
0.525172
0.539748
0.509879
0.508186
0.513678
0.510963
0.55033
0.581026
0.528742
0.526882
0.54736
0.510835
0.517977
0.519678
0.494752
0.489349
0.521002
0.575842
0.576761
0.584737
0.505858
0.511925
0.477875
0.504952
0.513704
0.538037
0.50726
0.476253
0.531788
0.522404
0.542724
0.539928
0.506056
0.50195
0.543283
0.520547
0.462622
0.476173
0.495698
0.522893
0.538782
0.468451
0.519344
0.558505
0.540651
0.596009
0.497542
0.493439
0.482331
0.507941
0.52575
0.515912
0.537125
0.500052
0.461831
0.477561
0.4836
0.537448
0.535223
0.502932
0.506114
0.513879
0.554866
0.545647
0.577591
0.516018
0.56001
0.501412
0.47311
0.552222
0.513316
0.492726
0.586109
0.530135
0.499932
0.50424
0.494014
0.505983
0.57758
0.513793
0.519313
0.572024
0.521356
0.516597
0.555129
0.518775
0.533398
0.465414
0.466617
0.569043
0.532839
0.551125
0.513833
0.477925
0.482125
0.556262
0.508199
0.558946
0.518375
0.498581
0.497604
0.526093
0.600781
0.558079
0.483034
0.530248
0.532134
0.509851
0.510562
0.532683
0.483681
0.519105
0.52442
0.536642
0.524338
0.588921
0.531696
0.519141
0.579819
0.580839
0.572878
0.508461
0.544284
0.523685
0.519794
0.515934
0.527951
0.536255
0.495373
0.508174
0.5535
0.507488
0.517661
0.522291
0.492394
0.529354
0.586527
0.473909
0.56296
0.557742
0.567441
0.547973
0.555015
0.452866
0.504247
0.570406
0.536001
0.486457
0.581111
0.59513
0.502465
0.491587
0.552286
0.556263
0.603315
0.606507
0.484496
0.484747
0.47783
0.572519
0.623405
0.484779
0.487869
0.481873
0.533
0.538581
0.564768
0.589063
0.582515
0.533714
0.518746
0.524943
0.519794
0.508495
0.526664
0.485173
0.467308
0.541959
0.538145
0.544322
0.546962
0.516515
0.508963
0.475713
0.51865
0.509824
0.498299
0.536765
0.482748
0.548593
0.492015
0.560105
0.507535
0.535712
0.561192
0.584652
0.559107
0.566288
0.57994
0.538923
0.565277
0.510966
0.567796
0.563516
0.51368
0.626281
0.521011
0.586289
0.516629
0.590836
0.585759
0.524225
0.56249
0.528592
0.528998
0.55379
0.501123
0.529616
0.538374
0.527428
0.567249
0.535215
0.5365
0.501915
0.502883
0.506597
0.602734
0.509988
0.521898
0.464686
0.484853
0.479444
0.528319
0.542079
0.533347
0.513282
0.539691
0.501831
0.55902
0.558954
0.503906
0.545449
0.542243
0.509335
0.568195
0.473989
0.565278
0.585083
0.514519
0.536708
0.536418
0.569142
0.527877
0.520948
0.527122
0.530026
0.484164
0.494359
0.518253
0.539112
0.538118
0.484128
0.530923
0.528432
0.547765
0.525911
0.466751
0.470303
0.532023
0.565994
0.458631
0.472935
0.544465
0.503937
0.540841
0.532581
0.540831
0.564057
0.572175
0.585759
0.533962
0.494328
0.533454
0.569749
0.519916
0.519655
0.55815
0.584967
0.543142
0.551955
0.525416
0.47264
0.471901
0.482135
0.539169
0.475548
0.522419
0.523363
0.57382
0.513594
0.528874
0.492535
0.498889
0.507623
0.459505
0.604611
0.511013
0.550915
0.547255
0.518684
0.548367
0.560935
0.482637
0.491306
0.474134
0.516252
0.516518
0.539421
0.547473
0.538003
0.484367
0.539186
0.50618
0.475451
0.473221
0.516826
0.612922
0.549733
0.5898
0.57644
0.487267
0.466393
0.564198
0.497136
0.551485
0.564441
0.520165
0.610048
0.508803
0.612504
0.493145
0.559577
0.548106
0.55578
0.527821
0.571417
0.533249
0.4816
0.53133
0.475436
0.463188
0.471664
0.511301
0.549116
0.501489
0.555538
0.53422
0.51096
0.533769
0.513712
0.550795
0.534709
0.527446
0.535424
0.500687
0.528869
0.544091
0.494214
0.486569
0.477197
0.518882
0.519872
0.527573
0.491593
0.550375
0.529971
0.527268
0.474787
0.587721
0.492314
0.538918
0.552512
0.478788
0.51436
0.482218
0.538859
0.481777
0.55006
0.527712
0.511424
0.547711
0.532161
0.495505
0.499285
0.521987
0.520745
0.487261
0.547024
0.473629
0.473595
0.518654
0.580517
0.604324
0.500676
0.52177
0.481481
0.513715
0.521556
0.52221
0.503408
0.506614
0.537061
0.560351
0.575395
0.537421
0.539445
0.549419
0.529794
0.575011
0.463754
0.479734
0.546263
0.554435
0.5482
0.559611
0.565591
0.550342
0.536593
0.543769
0.516445
0.492173
0.506555
0.503709
0.53068
0.507014
0.540616
0.542998
0.508257
0.540766
0.575205
0.531113
0.536632
0.488908
0.499299
0.469502
0.56444
0.487719
0.469479
0.549816
0.475647
0.544456
0.543639
0.480944
0.528401
0.529355
0.539085
0.471915
0.479076
0.590125
0.58138
0.473826
0.484731
0.558084
0.554921
0.563942
0.54071
0.541878
0.541484
0.542328
0.528111
0.464558
0.503441
0.541568
0.491616
0.474431
0.576249
0.527297
0.516091
0.535534
0.466363
0.550954
0.615639
0.569117
0.574401
0.477536
0.580747
0.53388
0.528302
0.53329
0.587161
0.474631
0.553129
0.539089
0.573933
0.483102
0.507135
0.553814
0.552027
0.536495
0.469768
0.505991
0.561849
0.583321
0.555065
0.468952
0.525465
0.496505
0.467923
0.498185
0.479125
0.469453
0.47247
0.490923
0.546252
0.550994
0.574787
0.641599
0.487832
0.548616
0.534153
0.540518
0.560112
0.449287
0.57517
0.543474
0.536106
0.496706
0.572521
0.523366
0.533675
0.47638
0.5799
0.542811
0.492031
0.50563
0.536979
0.50406
0.514406
0.563702
0.542321
0.548655
0.554721
0.555002
0.551119
0.446898
0.502919
0.537892
0.540713
0.515942
0.502342
0.510623
0.575241
0.518777
0.527011
0.576662
0.492815
0.484802
0.547325
0.516286
0.513177
0.527932
0.49392
0.529904
0.511821
0.523629
0.515356
0.528901
0.49974
0.490428
0.495987
0.53311
0.532323
0.496092
0.507684
0.52114
0.511306
0.522547
0.509915
0.489688
0.490787
0.531968
0.542796
0.493991
0.562917
0.490135
0.508981
0.521994
0.542145
0.525863
0.52751
0.52568
0.522092
0.520287
0.606859
0.547672
0.482264
0.528513
0.501073
0.488617
0.489271
0.534282
0.529222
0.525131
0.565355
0.567564
0.561859
0.505721
0.506312
0.55543
0.542377
0.570183
0.489904
0.518813
0.534349
0.511063
0.507487
0.556864
0.531179
0.602885
0.556147
0.50355
0.498785
0.561904
0.526404
0.5177
0.53419
0.534782
0.560971
0.513996
0.513212
0.517723
0.510604
0.539657
0.495954
0.486654
0.555604
0.53987
0.500168
0.50545
0.497743
0.549297
0.557423
0.568685
0.517772
0.529985
0.564939
0.537037
0.58316
0.520617
0.543704
0.51818
0.516692
0.57248
0.504747
0.504588
0.545372
0.527026
0.55025
0.491366
0.485683
0.549666
0.544631
0.505101
0.564383
0.493594
0.52769
0.535706
0.530034
0.519471
0.514939
0.510381
0.539289
0.484029
0.541768
0.500415
0.55257
0.543718
0.522104
0.529854
0.517158
0.560195
0.541742
0.524084
0.540188
0.505509
0.537677
0.533325
0.560213
0.558418
0.561636
0.544073
0.546888
0.515759
0.574115
0.526738
0.551857
0.550977
0.543374
0.534377
0.541489
0.544794
0.521772
0.515806
0.579682
0.550625
0.544786
0.542453
0.565572
0.53494
0.551271
0.532755
0.514481
0.508094
0.51573
0.526129
0.497435
0.502589
0.59092
0.513227
0.522984
0.535798
0.527835
0.537133
0.485896
0.500014
0.526649
0.530212
0.552113
0.52893
0.539437
0.523717
0.537146
0.500894
0.543193
0.497103
0.4952
0.502704
0.533265
0.515406
0.516175
0.518647
0.508487
0.512977
0.51977
0.515506
0.532772
0.514462
0.525703
0.543227
0.55893
0.535639
0.516211
0.517307
0.547255
0.502577
0.545013
0.492707
0.505004
0.532756
0.529052
0.518282
0.543165
0.526766
0.532532
0.530856
0.530723
0.515794
0.494089
0.524593
0.504762
0.526087
0.518274
0.542504
0.577999
0.503974
0.571807
0.576084
0.526892
0.533862
0.489927
0.555751
0.502773
0.500567
0.507543
0.54533
0.501531
0.538567
0.493216
0.503058
0.509191
0.515373
0.497872
0.556798
0.53678
0.539786
0.543704
0.512459
0.552868
0.544372
0.509381
0.513488
0.512359
0.526104
0.562789
0.501868
0.532491
0.543356
0.537396
0.529809
0.528926
0.535551
0.478903
0.486368
0.535834
0.501017
0.503896
0.525671
0.534619
0.535201
0.488869
0.511216
0.507284
0.518459
0.542948
0.518705
0.518514
0.512125
0.518472
0.524801
0.528222
0.515231
0.516257
0.515324
0.564893
0.557643
0.573369
0.521411
0.577818
0.51532
0.519079
0.50947
0.528075
0.52869
0.503689
0.548583
0.5015
0.628236
0.543724
0.529477
0.505575
0.520972
0.536342
0.504798
0.552718
0.526125
0.509251
0.485116
0.514076
0.524654
0.508991
0.495763
0.500882
0.507188
0.539262
0.522963
0.533921
0.501882
0.503787
0.530471
0.539772
0.524851
0.487117
0.503275
0.507136
0.526798
0.514617
0.510929
0.510069
0.565761
0.523083
0.522835
0.512788
0.543527
0.58065
0.519645
0.510361
0.540099
0.513893
0.497883
0.522991
0.511607
0.523827
0.575271
0.525839
0.511893
0.522622
0.503932
0.514911
0.537437
0.504977
0.528743
0.528921
0.507711
0.531447
0.536304
0.526476
0.51328
0.50206
0.515373
0.51629
0.54132
0.537488
0.525151
0.562824
0.516178
0.542381
0.53941
0.531326
0.548753
0.513433
0.548578
0.50933
0.519431
0.502188
0.500071
0.534871
0.561838
0.493594
0.517298
0.556229
0.516511
0.557888
0.496549
0.526353
0.531947
0.531472
0.558011
0.51512
0.532476
0.521121
0.543005
0.499813
0.530234
0.510004
0.528473
0.522646
0.533311
0.522074
0.489027
0.517404
0.54449
0.488052
0.514596
0.521999
0.529832
0.616518
0.511458
0.529061
0.522362
0.50064
0.547621
0.54629
0.52238
0.49752
0.534125
0.527409
0.525441
0.527417
0.543565
0.500105
0.534599
0.545771
0.535754
0.525708
0.50617
0.525138
0.567883
0.532218
0.505608
0.526566
0.5172
0.522973
0.527351
0.53025
0.541193
0.508518
0.528381
0.506404
0.521284
0.532836
0.531202
0.510065
0.53513
0.509938
0.506241
0.52154
0.500839
0.531098
0.476703
0.502445
0.540489
0.556685
0.527459
0.574054
0.534318
0.534065
0.501968
0.502645
0.486672
0.520465
0.506899
0.592562
0.523093
0.500171
0.525954
0.527772
0.542041
0.566144
0.549672
0.503008
0.509508
0.494831
0.53501
0.530454
0.533829
0.52722
0.503685
0.490891
0.562412
0.509616
0.526187
0.531555
0.582571
0.492778
0.523629
0.537467
0.522152
0.493887
0.515104
0.528625
0.537968
0.512765
0.574055
0.577644
0.522798
0.528379
0.512904
0.480982
0.506641
0.503901
0.570919
0.489143
0.582341
0.573433
0.549341
0.59807
0.521949
0.547383
0.495069
0.55242
0.557095
0.513201
0.568366
0.507504
0.545568
0.556252
0.55379
0.517909
0.48958
0.566726
0.540305
0.526029
0.510021
0.51169
0.524018
0.549117
0.529142
0.570386
0.513156
0.531664
0.531807
0.52737
0.52699
0.490583
0.515056
0.481232
0.509321
0.495442
0.532648
0.52666
0.546094
0.54958
0.505708
0.528086
0.554354
0.496575
0.49711
0.528895
0.490808
0.554168
0.511985
0.518904
0.502587
0.506044
0.545259
0.483856
0.566383
0.491619
0.532366
0.472995
0.53759
0.536649
0.515153
0.487495
0.535079
0.567157
0.516228
0.550319
0.524927
0.6262
0.517269
0.507373
0.501316
0.520071
0.557805
0.512561
0.530552
0.56196
0.530578
0.510798
0.544221
0.511635
0.478487
0.521419
0.583936
0.519436
0.534573
0.541619
0.511885
0.553593
0.529652
0.547258
0.554355
0.545751
0.543191
0.545416
0.510058
0.523423
0.55606
0.520897
0.51722
0.529815
0.550558
0.538377
0.511323
0.501002
0.558251
0.526744
0.520976
0.519472
0.531189
0.506125
0.553049
0.525262
0.549667
0.478223
0.475078
0.560999
0.497952
0.514546
0.499394
0.53292
0.487519
0.549798
0.536555
0.505508
0.558819
0.574925
0.535942
0.520966
0.508634
0.522397
0.53187
0.46757
0.559607
0.507287
0.517028
0.500394
0.50341
0.572311
0.522169
0.517236
0.506555
0.518563
0.52442
0.5309
0.605239
0.509363
0.514657
0.529103
0.517587
0.527142
0.594308
0.60026
0.497899
0.540985
0.557122
0.551832
0.535593
0.581709
0.540679
0.494204
0.522362
0.559112
0.537231
0.502751
0.474959
0.561004
0.543621
0.542244
0.544718
0.493733
0.532645
0.525699
0.531795
0.537696
0.489398
0.492003
0.559423
0.489594
