0.524506
0.521301
0.542741
0.542676
0.551375
0.553022
0.583105
0.563764
0.565526
0.554706
0.602422
0.633595
0.555556
0.563811
0.563683
0.513812
0.521298
0.524483
0.532055
0.526395
0.50962
0.586231
0.582209
0.524875
0.498541
0.503417
0.500794
0.493723
0.494012
0.523595
0.518021
0.535793
0.538859
0.52749
0.528649
0.507118
0.511087
0.509792
0.513561
0.502471
0.504931
0.525128
0.515687
0.505052
0.516505
0.493478
0.506841
0.500173
0.509499
0.533969
0.487091
0.477254
0.51116
0.540261
0.547121
0.536452
0.533291
0.5525
0.482403
0.48313
0.529119
0.522832
0.578621
0.602585
0.571055
0.530449
0.53065
0.520883
0.519849
0.521874
0.537703
0.498129
0.510074
0.484844
0.489952
0.581849
0.618704
0.60312
0.485402
0.47833
0.52019
0.54034
0.526046
0.525429
0.518085
0.512743
0.510388
0.524414
0.520748
0.524517
0.523649
0.528671
0.528659
0.527027
0.52628
0.492235
0.549158
0.552018
0.560429
0.548357
0.572627
0.557775
0.559537
0.490452
0.492615
0.477793
0.531139
0.531845
0.53982
0.53655
0.537029
0.510815
0.505705
0.584303
0.57184
0.526374
0.529481
0.489739
0.510131
0.54064
0.533029
0.571643
0.579701
0.553153
0.542508
0.527369
0.526912
0.528424
0.531395
0.519009
0.525606
0.521752
0.531282
0.530637
0.536086
0.539366
0.526334
0.5583
0.580428
0.527326
0.517524
0.498966
0.543638
0.52891
0.488978
0.529115
0.493761
0.542929
0.528747
0.485301
0.503618
0.460673
0.547733
0.528504
0.516874
0.519582
0.521591
0.515666
0.517986
0.522893
0.562374
0.54672
0.476408
0.477904
0.512543
0.522257
0.508306
0.542322
0.538813
0.511918
0.482716
0.501367
0.548258
0.545333
0.550988
0.473626
0.485365
0.493929
0.493685
0.5021
0.534402
0.526806
0.529288
0.517369
0.504686
0.496802
0.516434
0.521834
0.503853
0.505736
0.507658
0.510582
0.484532
0.480067
0.477846
0.60905
0.590777
0.495947
0.491206
0.488374
0.533219
0.522384
0.53612
0.533145
0.497623
0.515085
0.508374
0.528487
0.532197
0.524668
0.525818
0.521132
0.533935
0.514227
0.523768
0.517916
0.503253
0.470565
0.503189
0.510009
0.512229
0.482789
0.474791
0.456014
0.491422
0.472808
0.518813
0.534299
0.489514
0.491842
0.485249
0.485717
0.489625
0.509163
0.534847
0.56643
0.549666
0.538686
0.521077
0.524355
0.520171
0.606754
0.622414
0.520564
0.507342
0.499491
0.51562
0.525849
0.525472
0.559726
0.550447
0.555934
0.481045
0.471842
0.520485
0.562407
0.621172
0.49318
0.51183
0.478514
0.53326
0.534668
0.553441
0.558195
0.546345
0.568261
0.513025
0.515839
0.516386
0.516672
0.52071
0.569273
0.556065
0.537095
0.520564
0.553948
0.528101
0.486523
0.487032
0.562043
0.498534
0.498688
0.491014
0.503789
0.494035
0.532933
0.479471
0.548321
0.551683
0.537229
0.523304
0.527986
0.486759
0.474615
0.51702
0.550212
0.497378
0.512204
0.513565
0.472085
0.48268
0.634393
0.538571
0.544437
0.515146
0.517638
0.514376
0.487687
0.526592
0.528398
0.512655
0.495168
0.576326
0.559458
0.521043
0.538411
0.52952
0.472763
0.476012
0.581763
0.584472
0.5156
0.519073
0.514139
0.511704
0.515705
0.562177
0.543635
0.536078
0.529113
0.501618
0.569856
0.570072
0.550034
0.556433
0.527813
0.544729
0.53876
0.55414
0.559651
0.50405
0.490138
0.57477
0.526354
0.526335
0.528715
0.533054
0.546269
0.499618
0.531915
0.481342
0.492186
0.479373
0.580992
0.470784
0.491538
0.484973
0.493374
0.531159
0.608383
0.589904
0.475158
0.484401
0.499605
0.509714
0.554643
0.541599
0.52512
0.56167
0.523329
0.484102
0.494538
0.545043
0.538733
0.546466
0.572937
0.558829
0.556182
0.566142
0.557358
0.587059
0.570838
0.532841
0.585815
0.576181
0.584094
0.486442
0.49926
0.507445
0.558027
0.56265
0.548685
0.575479
0.567497
0.572844
0.482002
0.494216
0.544145
0.535203
0.479861
0.520517
0.520426
0.521004
0.523716
0.493695
0.504404
0.558913
0.558459
0.479174
0.507798
0.525543
0.488807
0.526587
0.53581
0.552581
0.531977
0.555104
0.533289
0.495824
0.485306
0.488746
0.52284
0.513476
0.491851
0.495478
0.507033
0.597656
0.589833
0.490566
0.580902
0.563566
0.585361
0.521911
0.531194
0.531045
0.528765
0.534572
0.501073
0.532137
0.524318
0.55363
0.553553
0.553531
0.56605
0.550736
0.542044
0.562582
0.527979
0.526396
0.496788
0.494002
0.54859
0.541234
0.542328
0.521752
0.594437
0.587805
0.537355
0.510316
0.556714
0.562748
0.51782
0.558318
0.547818
0.544274
0.55317
0.549174
0.515111
0.531286
0.528693
0.496799
0.501177
0.499546
0.574709
0.557692
0.564241
0.567311
0.551757
0.550672
0.5395
0.556775
0.546634
0.560033
0.525973
0.525926
0.497939
0.566209
0.538806
0.528652
0.565277
0.564976
0.509348
0.513567
0.569266
0.535239
0.54406
0.5541
0.55004
0.557395
0.58008
0.543593
0.536022
0.49169
0.49716
0.498158
0.5116
0.516657
0.53898
0.537006
0.518602
0.478356
0.494646
0.503855
0.49142
0.496987
0.479547
0.576932
0.583224
0.52759
0.514053
0.536734
0.523318
0.484732
0.524908
0.517669
0.563799
0.528493
0.534593
0.505343
0.526603
0.512321
0.550356
0.519925
0.524258
0.530045
0.551449
0.542661
0.569487
0.483358
0.481278
0.512048
0.492245
0.548639
0.549839
0.517008
0.552314
0.496764
0.506931
0.504054
0.507031
0.573279
0.57136
0.578072
0.516988
0.523903
0.513774
0.481527
0.505223
0.508942
0.53996
0.540077
0.538935
0.516126
0.516398
0.488643
0.530099
0.530758
0.550992
0.550386
0.469506
0.483162
0.499842
0.562059
0.573949
0.557191
0.500838
0.54845
0.523302
0.524326
0.519635
0.546041
0.527194
0.550109
0.524091
0.524938
0.530557
0.541885
0.527576
0.525837
0.49903
0.520891
0.514945
0.549905
0.534554
0.535611
0.560523
0.521966
0.517278
0.474661
0.525471
0.519005
0.511574
0.551587
0.535178
0.496402
0.511863
0.505645
0.536616
0.5359
0.534198
0.553647
0.499522
0.497371
0.554317
0.547613
0.528539
0.579108
0.520004
0.54332
0.544532
0.518702
0.518348
0.533116
0.525136
0.519284
0.545476
0.535693
0.579823
0.553171
0.566756
0.587215
0.56837
0.48208
0.492589
0.535529
0.582839
0.579213
0.567723
0.570521
0.576066
0.530609
0.553134
0.614472
0.590252
0.562117
0.546114
0.523028
0.529999
0.535963
0.536378
0.534872
0.534234
0.532794
0.536746
0.556539
0.549199
0.504426
0.528355
0.522643
0.514617
0.508974
0.510031
0.515298
0.564379
0.496744
0.512155
0.506645
0.503134
0.502509
0.504394
0.50505
0.518386
0.534194
0.534266
0.522313
0.510861
0.518963
0.568676
0.57489
0.576748
0.516468
0.510499
0.477606
0.485314
0.482492
0.561964
0.465688
0.490862
0.588068
0.575583
0.566491
0.549791
0.494931
0.533703
0.496286
0.500896
0.592983
0.497034
0.548906
0.538011
0.537913
0.533959
0.505606
0.498912
0.503782
0.540529
0.476478
0.481836
0.529047
0.581099
0.507045
0.504673
0.511549
0.52475
0.509963
0.530527
0.530735
0.521444
0.538763
0.545087
0.532913
0.550262
0.562732
0.540546
0.537638
0.539881
0.554199
0.560464
0.563187
0.531046
0.556358
0.54535
0.533899
0.520411
0.510754
0.538488
0.539771
0.489654
0.550468
0.54495
0.544927
0.53504
0.566186
0.510354
0.496611
0.492108
0.500189
0.505779
0.504345
0.482913
0.527589
0.558499
0.566941
0.538298
0.529743
0.506254
0.527474
0.484398
0.513876
0.506165
0.48243
0.546669
0.541899
0.536777
0.521156
0.525671
0.493065
0.496046
0.501477
0.496359
0.556943
0.596821
0.530899
0.5485
0.566221
0.555995
0.5445
0.498363
0.551824
0.520257
0.514751
0.516797
0.480609
0.489119
0.54993
0.529795
0.514787
0.508676
0.485447
0.573504
0.489993
0.598423
0.517092
0.505901
0.499646
0.516653
0.499182
0.539143
0.537305
0.584698
0.584013
0.524271
0.510412
0.553223
0.538233
0.55545
0.553244
0.491035
0.561931
0.546118
0.546234
0.524018
0.492021
0.562442
0.544365
0.538027
0.552319
0.525118
0.522223
0.515019
0.528056
0.513159
0.530006
0.502393
0.535083
0.563304
0.555427
0.565036
0.547128
0.49724
0.495597
0.552719
0.555376
0.546323
0.61977
0.482078
0.469229
0.543719
0.545985
0.534689
0.515959
0.489454
0.534021
0.499008
0.484749
0.498401
0.511703
0.507161
0.521067
0.572817
0.517585
0.492898
0.534769
0.484091
0.542471
0.479027
0.478714
0.558191
0.576361
0.574383
0.522245
0.522487
0.524973
0.525388
0.519028
0.551641
0.5585
0.477642
0.465885
0.540993
0.498712
0.5591
0.560225
0.549355
0.554141
0.493462
0.485418
0.503088
0.53478
0.505118
0.511657
0.510699
0.509021
0.500199
0.568068
0.560133
0.524281
0.543881
0.538273
0.518854
0.530431
0.506689
0.475172
0.534864
0.549553
0.536845
0.512261
0.57414
0.461891
0.552436
0.466886
0.50766
0.509572
0.505191
0.504722
0.552846
0.568521
0.568988
0.572326
0.582856
0.547095
0.51816
0.484556
0.562224
0.569183
0.55846
0.497192
0.51564
0.507526
0.52146
0.527745
0.508631
0.502867
0.507261
0.547204
0.524094
0.588703
0.58414
0.526632
0.528347
0.472746
0.550612
0.534618
0.547554
0.520872
0.51289
0.515023
0.546868
0.500019
0.506106
0.503512
0.537534
0.511558
0.553777
0.544804
0.486902
0.454929
0.509891
0.535978
0.502012
0.52657
0.515153
0.507742
0.526035
0.538183
0.514349
0.527886
0.514488
0.517799
0.572617
0.572676
0.511734
0.512405
0.513343
0.494908
0.530341
0.520717
0.586189
0.557539
0.470324
0.469724
0.482312
0.480943
0.525772
0.525662
0.507439
0.540259
0.509887
0.501862
0.5032
0.512254
0.507865
0.510789
0.471487
0.495078
0.525157
0.525264
0.54932
0.5604
0.572078
0.54557
0.538289
0.528952
0.523232
0.55874
0.546045
0.542271
0.53233
0.499848
0.525921
0.511723
0.504634
0.51167
0.484205
0.561566
0.559475
0.532144
0.504655
0.528948
0.530187
0.565114
0.552155
0.564342
0.568488
0.531867
0.487154
0.512917
0.521506
0.516277
0.520616
0.564803
0.501975
0.47272
0.482681
0.514791
0.544894
0.535147
0.556027
0.571
0.579695
0.565126
0.531942
0.531095
0.524353
0.517034
0.521939
0.52393
0.557382
0.574567
0.500801
0.55047
0.484039
0.540895
0.525722
0.488271
0.477373
0.521181
0.539546
0.557632
0.531056
0.582623
0.49367
0.480313
0.485726
0.482983
0.53896
0.519892
0.536468
0.562393
0.58498
0.547695
0.512498
0.538374
0.544048
0.521304
0.503411
0.515695
0.523231
0.554054
0.537666
0.559158
0.543215
0.549414
0.550546
0.53668
0.512008
0.541708
0.575878
0.566227
0.532049
0.494818
0.470461
0.539109
0.555749
0.529594
0.500755
0.557479
0.501424
0.541263
0.554758
0.535342
0.565047
0.527896
0.514066
0.511256
0.515456
0.502939
0.579898
0.545863
0.591431
0.54322
0.516736
0.52404
0.564845
0.566693
0.559345
0.504374
0.5606
0.567054
0.543536
0.509524
0.510364
0.567211
0.53038
0.47439
0.556807
0.551719
0.526122
0.52401
0.521592
0.534188
0.542645
0.505142
0.472724
0.532504
0.530892
0.512598
0.490595
0.541746
0.52612
0.503378
0.50707
0.458172
0.523582
0.570353
0.561235
0.550224
0.554054
0.5423
0.483522
0.489617
0.516468
0.516955
0.502457
0.606217
0.558622
0.607013
0.502202
0.515393
0.572708
0.527192
0.495719
0.549601
0.55198
0.54996
0.602129
0.524906
0.547548
0.518408
0.602233
0.520835
0.481519
0.482888
0.592168
0.548872
0.580086
0.616083
0.586038
0.54903
0.557437
0.548782
0.507414
0.499089
0.492383
0.565424
0.560067
0.490967
0.484544
0.554864
0.523076
0.516063
0.489908
0.542193
0.499328
0.525265
0.53938
0.485762
0.530887
0.538546
0.479596
0.563724
0.562092
0.55139
0.475558
0.541159
0.589368
0.508347
0.50978
0.561052
0.547636
0.520839
0.520956
0.517662
0.556205
0.554875
0.555576
0.553155
0.54577
0.546385
0.569913
0.55772
0.536286
0.512396
0.507566
0.473379
0.499724
0.518132
0.484117
0.48471
0.516622
0.500647
0.51792
0.526991
0.495076
0.493092
0.583313
0.496796
0.52101
0.502075
0.504502
0.555521
0.554001
0.509005
0.492201
0.547699
0.544042
0.513205
0.509312
0.513322
0.520797
0.515553
0.570737
0.510482
0.484582
0.48794
0.523491
0.526171
0.516319
0.505155
0.554628
0.513413
0.499769
0.581205
0.537561
0.460102
0.49291
0.482637
0.545051
0.569327
0.55623
0.566921
0.55539
0.530032
0.514377
0.499622
0.560313
0.543053
0.480909
0.496027
0.48142
0.549158
0.504809
0.564279
0.519837
0.484001
0.529485
0.534821
0.564376
0.555123
0.517083
0.554731
0.525036
0.530043
0.516066
0.539427
0.571079
0.502944
0.547477
0.55218
0.605694
0.558542
0.556983
0.536371
0.491052
0.471669
0.485109
0.491298
0.492336
0.501198
0.494216
0.497718
0.487534
0.483861
0.564187
0.533227
0.604076
0.53068
0.492778
0.480387
0.48205
0.463038
0.53037
0.531895
0.538641
0.533841
0.537314
0.529852
0.491575
0.485026
0.477317
0.48287
0.539149
0.525659
0.519328
0.52719
0.520938
0.558636
0.549517
0.538292
0.488731
0.510379
0.514995
0.488284
0.522074
0.516335
0.572964
0.541265
0.511927
0.523865
0.515095
0.500267
0.537557
0.542016
0.491824
0.525739
0.485661
0.509289
0.526725
0.526725
0.54548
0.511258
0.51733
0.518787
0.511271
0.491449
0.510422
0.482823
0.520247
0.515476
0.610121
0.555077
0.502273
0.507851
0.472975
0.49962
0.508642
0.5268
0.47995
0.536356
0.54091
0.53901
0.497365
0.581395
0.501762
0.575023
0.540758
0.53523
0.501069
0.533281
0.528715
0.560821
0.572924
0.457643
0.464953
0.494441
0.471665
0.520596
0.531683
0.556486
0.560947
0.574033
0.489665
0.554301
0.517109
0.495736
0.485109
0.52157
0.532782
0.514167
0.540957
0.493175
0.499127
0.488044
0.461488
0.531555
0.484561
0.532495
0.546412
0.535639
0.506802
0.577424
0.569033
0.510804
0.513321
0.562213
0.508528
0.473929
0.555648
0.508099
0.494548
0.491636
0.479065
0.499281
0.502836
0.508269
0.518051
0.520937
0.477339
0.491942
0.502835
0.507542
0.603772
0.477902
0.599261
0.553655
0.51717
0.523329
0.565549
0.519762
0.529863
0.476709
0.460848
0.577174
0.527115
0.515746
0.545613
0.5024
0.563422
0.5368
0.522297
0.555211
0.546243
0.567964
0.555375
0.511775
0.542738
0.536999
0.548721
0.516493
0.540451
0.536291
0.526556
0.539279
0.502807
0.519705
0.516861
0.517601
0.508144
0.52876
0.532128
0.536418
0.492425
0.510116
0.519298
0.565219
0.512644
0.519181
0.473225
0.542914
0.493802
0.563607
0.559033
0.529233
0.50835
0.473877
0.564792
0.512121
0.567075
0.492474
0.5848
0.588752
0.477669
0.471721
0.548629
0.565323
0.484605
0.506943
0.571828
0.548933
0.481166
0.468274
0.53358
0.53829
0.541898
0.598909
0.593342
0.523023
0.5265
0.498007
0.522473
0.502492
0.554946
0.502173
0.54615
0.517469
0.521727
0.477225
0.4803
0.543449
0.49412
0.55435
0.552401
0.563884
0.589331
0.517409
0.472109
0.531652
0.535679
0.560367
0.512224
0.545846
0.563847
0.523146
0.543648
0.500431
0.534478
0.502471
0.595645
0.611435
0.493492
0.530898
0.554295
0.54248
0.540067
0.56067
0.507359
0.471587
0.601112
0.526
0.527352
0.521839
0.467923
0.526822
0.524806
0.509332
0.544312
0.501317
0.53227
0.560279
0.551485
0.542438
0.58693
0.509126
0.558752
0.509277
0.490404
0.567612
0.472925
0.480922
0.565272
0.543639
0.571607
0.468398
0.517902
0.507317
0.536837
0.569211
0.559485
0.462822
0.480317
0.531588
0.530092
0.507945
0.581491
0.518114
0.521107
0.528016
0.483418
0.492513
0.498091
0.527842
0.53473
0.476604
0.528934
0.541705
0.534274
0.537238
0.545491
0.467611
0.476238
0.520182
0.537829
0.556602
0.539985
0.475993
0.486
0.512893
0.50067
0.542946
0.536358
0.564328
0.541787
0.556617
0.568435
0.531564
0.484585
0.536692
0.582512
0.530737
0.558305
0.560245
0.520263
0.472373
0.484518
0.52598
0.480622
0.511814
0.517913
0.512307
0.528512
0.487481
0.530377
0.501089
0.519564
0.564274
0.462582
0.607802
0.506668
0.508304
0.488254
0.543334
0.515659
0.517481
0.562112
0.560084
0.561652
0.485601
0.499239
0.522641
0.517968
0.525063
0.53879
0.591817
0.554112
0.527318
0.556119
0.560246
0.473973
0.472915
0.556351
0.518336
0.593177
0.621037
0.507825
0.466573
0.489853
0.541427
0.474334
0.523052
0.578041
0.553045
0.473275
0.516676
0.522569
0.526064
0.522086
0.537003
0.532951
0.52692
0.536687
0.466293
0.479041
0.462059
0.471633
0.480946
0.532038
0.51608
0.545006
0.557279
0.545194
0.561949
0.461656
0.544615
0.57185
0.488184
0.552718
0.510286
0.482841
0.521246
0.511982
0.499954
0.510318
0.516307
0.54051
0.488252
0.473536
0.531691
0.498447
0.496292
0.518245
0.471397
0.492738
0.481764
0.47783
0.502559
0.519135
0.511885
0.523908
0.530292
0.569713
0.554994
0.528023
0.559645
0.52396
0.541583
0.565196
0.480484
0.486685
0.544382
0.484411
0.535881
0.525936
0.572456
0.566347
0.584453
0.548368
0.562284
0.549263
0.538651
0.501422
0.489314
0.4933
0.485257
0.546087
0.519844
0.573489
0.535507
0.575373
0.611853
0.504441
0.476519
0.494895
0.506433
0.532618
0.51837
0.540749
0.588486
0.540522
0.554972
0.573811
0.528925
0.527593
0.481601
0.554273
0.574694
0.499732
0.464124
0.485626
0.506122
0.55066
0.552904
0.488599
0.504331
0.501449
0.565357
0.56486
0.46534
0.499807
0.549783
0.533126
0.474529
0.54438
0.596856
0.488792
0.495182
0.490508
0.502669
0.468912
0.525196
0.545289
0.554449
0.547242
0.477549
0.538447
0.533237
0.534837
0.500779
0.474167
0.567998
0.529248
0.567738
0.564313
0.551736
0.528803
0.539317
0.516214
0.545218
0.52458
0.467831
0.502994
0.541887
0.478295
0.489781
0.561391
0.531193
0.601313
0.581448
0.475442
0.586574
0.534095
0.556768
0.576513
0.563002
0.47684
0.538975
0.564438
0.533218
0.577862
0.599125
0.483437
0.50595
0.549838
0.559999
0.574393
0.548417
0.493749
0.513167
0.534286
0.519832
0.494761
0.501372
0.50229
0.469667
0.462535
0.571595
0.53441
0.604497
0.545747
0.56289
0.488646
0.472982
0.524921
0.540313
0.477438
0.59512
0.543027
0.561351
0.46085
0.584474
0.535197
0.483578
0.549527
0.541156
0.537676
0.544794
0.524379
0.515823
0.529756
0.578784
0.521123
0.583724
0.547325
0.564168
0.549575
0.611482
0.548886
0.591623
0.484046
0.50549
0.502995
0.472311
0.524858
0.487649
0.487761
0.582783
0.571205
0.532562
0.539129
0.517538
0.509553
0.497386
0.557245
0.481992
0.490662
0.489778
0.527843
0.516771
0.535685
0.516129
0.519933
0.52919
0.549051
0.499489
0.484813
0.530249
0.511201
0.502747
0.518387
0.522517
0.505535
0.504093
0.530125
0.532755
0.560912
0.529811
0.502793
0.500483
0.507451
0.5189
0.531764
0.528045
0.532015
0.528016
0.521017
0.518144
0.560037
0.570176
0.576752
0.507354
0.520861
0.488647
0.526891
0.533221
0.549644
0.546871
0.54515
0.516734
0.518218
0.541723
0.556729
0.53841
0.553296
0.499648
0.500869
0.523563
0.543724
0.550561
0.535911
0.543998
0.502733
0.56181
0.526026
0.517491
0.547261
0.506292
0.545265
0.552374
0.541102
0.536896
0.512237
0.518067
0.570487
0.528078
0.556698
0.510169
0.523933
0.501101
0.50848
0.522572
0.508161
0.531969
0.545495
0.521448
0.483466
0.495835
0.497988
0.49601
0.573882
0.58485
0.531208
0.543502
0.554942
0.502109
0.50134
0.500453
0.54296
0.543959
0.511853
0.539384
0.521929
0.561167
0.539094
0.558078
0.524492
0.509439
0.590917
0.588808
0.488463
0.499854
0.51256
0.517797
0.522878
0.490376
0.523705
0.520985
0.518517
0.523934
0.575609
0.504466
0.514151
0.615199
0.612742
0.56825
0.548095
0.556049
0.494871
0.57396
0.505956
0.573664
0.547296
0.523367
0.529252
0.581183
0.566764
0.569188
0.532165
0.504813
0.520636
0.545046
0.507157
0.528706
0.532618
0.485452
0.49875
0.523657
0.53757
0.546374
0.567848
0.550059
0.52937
0.533592
0.519753
0.556892
0.558473
0.532806
0.543564
0.537338
0.557414
0.546513
0.515505
0.557849
0.525764
0.554367
0.533406
0.520882
0.48736
0.544713
0.521798
0.517191
0.490303
0.496723
0.500974
0.530782
0.524148
0.522276
0.516111
0.490043
0.518062
0.499755
0.51971
0.495546
0.490933
0.513903
0.519386
0.501121
0.491526
0.48896
0.509825
0.54008
0.511749
0.505501
0.515885
0.510417
0.514808
0.53744
0.538094
0.518167
0.517997
0.504284
0.499945
0.535478
0.550826
0.529618
0.51392
0.53746
0.529324
0.509297
0.496835
0.532125
0.559723
0.502573
0.525387
0.498624
0.511771
0.517913
0.5252
0.53603
0.534179
0.522844
0.500576
0.500223
0.501582
0.503648
0.58678
0.5916
0.569213
0.507416
0.560965
0.52601
0.533745
0.528063
0.496531
0.512336
0.544069
0.540218
0.547799
0.505687
0.5123
0.534733
0.587509
0.571785
0.569392
0.488027
0.49333
0.502079
0.515016
0.515544
0.507056
0.533954
0.515328
0.512637
0.518299
0.556045
0.520599
0.534832
0.502241
0.575054
0.529768
0.526836
0.491288
0.519472
0.528754
0.563632
0.508301
0.513498
0.547013
0.512555
0.527031
0.491138
0.518922
0.526581
0.527442
0.525579
0.519605
0.541406
0.502127
0.51365
0.513497
0.543174
0.53137
0.530777
0.509696
0.518679
0.517759
0.52645
0.565901
0.52276
0.530341
0.517289
0.528371
0.505988
0.505567
0.562222
0.528479
0.502538
0.49387
0.521219
0.526081
0.519366
0.548152
0.56841
0.532897
0.530532
0.544289
0.527257
0.526847
0.49851
0.531865
0.530001
0.508551
0.509241
0.520508
0.548226
0.480133
0.503501
0.541889
0.525708
0.491123
0.48837
0.522195
0.570942
0.53685
0.509253
0.580089
0.595522
0.545123
0.51996
0.545829
0.529041
0.524029
0.523871
0.519326
0.519932
0.585816
0.518798
0.537815
0.526085
0.527333
0.531828
0.519983
0.523764
0.511641
0.534564
0.516119
0.524321
0.506734
0.519101
0.524425
0.512389
0.528869
0.539875
0.525807
0.508055
0.521457
0.530942
0.522692
0.497815
0.540783
0.523328
0.556743
0.529531
0.535009
0.499705
0.507014
0.516989
0.52725
0.523742
0.510295
0.504143
0.499443
0.535766
0.57685
0.501232
0.51214
0.468077
0.491332
0.513148
0.519364
0.52298
0.534086
0.523849
0.501443
0.522651
0.526895
0.528184
0.53247
0.52595
0.4952
0.514547
0.483728
0.488737
0.515992
0.482458
0.525937
0.579444
0.49512
0.518106
0.575029
0.512412
0.535701
0.500827
0.565575
0.58984
0.564791
0.561433
0.558161
0.51895
0.566355
0.540589
0.568042
0.522677
0.551248
0.544586
0.543409
0.538588
0.554954
0.551717
0.524045
0.544538
0.506026
0.57917
0.503491
0.528086
0.525387
0.527833
0.519904
0.499177
0.506296
0.524671
0.500457
0.5355
0.539091
0.505666
0.497544
0.513636
0.60424
0.526552
0.532137
0.548167
0.580652
0.521626
0.526577
0.534994
0.499551
0.525459
0.521646
0.532207
0.47983
0.542454
0.53638
0.559331
0.491975
0.511574
0.49509
0.487541
0.515477
0.481161
0.576799
0.498734
0.554875
0.534154
0.544053
0.515881
0.541028
0.505064
0.499485
0.520422
0.483471
0.491416
0.482574
0.523205
0.532321
0.509588
0.525951
0.57008
0.481301
0.571288
0.525822
0.522525
0.507351
0.505471
0.525344
0.567786
0.483581
0.528462
0.529784
0.51771
0.59182
0.500123
0.479998
0.521774
0.516755
0.505272
0.490255
0.511875
0.541103
0.544379
0.484773
0.51438
0.567273
0.546356
0.514462
0.564005
0.522986
0.527036
0.516185
0.565762
0.519586
0.506667
0.53317
0.52673
0.5294
0.570346
0.513481
0.539556
0.506564
0.576561
0.49793
0.567483
0.509285
0.499135
0.52498
0.517695
0.583736
0.534585
0.514685
0.501223
0.493563
0.500558
0.597341
0.512475
0.490242
0.563086
0.527451
0.525864
0.504997
0.508924
0.485114
0.519126
0.523861
0.567255
0.519905
0.528166
0.503823
0.608647
0.558838
0.611843
0.490456
0.571355
0.520952
0.541703
0.562158
0.482223
0.556544
0.496855
0.491159
0.503795
0.511932
0.52126
0.504467
0.521204
0.502662
0.532605
0.573445
0.513567
0.544394
0.485816
0.553435
0.509239
0.479689
0.51389
0.507139
0.605654
0.553133
0.504008
0.537234
0.519873
0.516908
0.50106
0.531237
0.516229
0.503817
0.595158
0.608896
0.517557
0.529002
0.532672
0.50079
0.570533
0.539794
0.505454
0.48465
0.55824
0.649413
0.538623
0.519125
0.546531
0.535532
0.547913
0.517956
0.5192
0.519389
0.588132
0.545482
0.562421
0.570814
0.485682
0.506098
0.486527
0.588807
0.517883
0.510495
0.5603
0.513761
0.52872
0.502432
0.576128
0.536158
0.554448
0.557186
0.501641
0.525888
0.564555
0.502599
0.476473
0.533479
0.4856
0.490961
0.497053
0.516453
0.553745
0.549893
0.51892
0.509593
0.503296
0.518777
0.544631
0.524151
0.509773
0.497513
0.542555
0.574088
0.529394
0.496017
0.522868
0.515709
0.541443
0.55554
0.503961
0.510436
0.535623
0.483956
0.565579
0.536256
0.503267
0.511736
0.49731
0.553213
0.549489
0.56116
0.534712
0.490275
0.529633
0.526245
0.49963
0.472822
0.512171
0.479943
0.525423
0.569506
0.510912
0.56217
0.56652
0.526562
0.51769
0.549806
0.524555
0.560297
0.530984
0.480432
0.506773
0.531107
0.540581
0.54396
0.523302
0.532002
0.598397
0.513512
0.501275
0.506484
0.531692
0.522193
0.517549
0.527265
0.530269
0.523553
0.519841
0.531489
0.5328
0.566194
0.477344
0.525382
0.520745
0.516137
0.508045
0.607633
0.504622
0.518482
0.526997
0.522374
0.501328
0.494858
0.528519
0.525036
