0.527133
0.515968
0.515234
0.514887
0.521536
0.534511
0.504392
0.526002
0.528531
0.52724
0.529279
0.516888
0.517712
0.543842
0.558844
0.533988
0.538626
0.523165
0.531985
0.52767
0.529879
0.540335
0.536372
0.520716
0.515055
0.518166
0.515145
0.515726
0.517202
0.519964
0.524056
0.53294
0.545573
0.529949
0.514906
0.516212
0.514722
0.522864
0.522545
0.52168
0.521845
0.538822
0.539755
0.536184
0.519219
0.521249
0.52446
0.522051
0.521921
0.529277
0.524527
0.550279
0.550891
0.559383
0.526397
0.520378
0.511344
0.514537
0.518638
0.518673
0.527092
0.538656
0.539099
0.521679
0.520374
0.520192
0.522581
0.527606
0.519666
0.530295
0.524467
0.521249
0.51911
0.51417
0.559189
0.575476
0.542827
0.535172
0.528346
0.520881
0.520791
0.520927
0.499799
0.501921
0.50818
0.520069
0.521333
0.512103
0.530527
0.507745
0.524086
0.576963
0.556861
0.53854
0.5215
0.543049
0.520243
0.52147
0.521633
0.521917
0.529806
0.52886
0.528294
0.521999
0.5224
0.52233
0.520888
0.522514
0.523439
0.516761
0.51987
0.521082
0.520015
0.52035
0.521172
0.503793
0.503672
0.52181
0.519918
0.520617
0.527859
0.526388
0.506328
0.511947
0.520391
0.520321
0.520556
0.522741
0.522523
0.525843
0.526294
0.519913
0.536181
0.529543
0.530106
0.528732
0.516391
0.516517
0.520839
0.522559
0.516125
0.526554
0.529284
0.519612
0.522363
0.523584
0.527422
0.50355
0.50399
0.512129
0.521582
0.522445
0.522353
0.517315
0.516909
0.517628
0.514752
0.524074
0.521971
0.551514
0.532627
0.514486
0.520501
0.533001
0.535911
0.535086
0.517443
0.537944
0.541873
0.533801
0.548597
0.536046
0.534256
0.5247
0.54071
0.543165
0.53421
0.526648
0.520664
0.523124
0.522117
0.522345
0.52309
0.52229
0.507108
0.510385
0.524922
0.503854
0.511346
0.540063
0.539499
0.521726
0.520118
0.52086
0.520925
0.521022
0.517999
0.5214
0.523873
0.522431
0.521778
0.547078
0.531366
0.521835
0.544308
0.535108
0.536102
0.538777
0.542072
0.543285
0.523266
0.520557
0.52091
0.515711
0.516704
0.512557
0.530157
0.522244
0.52304
0.526216
0.507358
0.53029
0.521877
0.520796
0.514281
0.521049
0.522746
0.505936
0.505524
0.510871
0.521185
0.531105
0.53125
0.53346
0.534218
0.521069
0.522033
0.521743
0.521125
0.524745
0.518366
0.522455
0.536913
0.5509
0.538703
0.510419
0.510222
0.542834
0.527131
0.527728
0.523026
0.526321
0.535572
0.523576
0.538719
0.517647
0.524344
0.523756
0.522219
0.525802
0.520433
0.52015
0.511662
0.513134
0.520049
0.520206
0.520623
0.523164
0.521086
0.517846
0.520256
0.536457
0.53781
0.532257
0.520786
0.522435
0.508784
0.521749
0.524553
0.520502
0.521976
0.523916
0.523934
0.531847
0.518885
0.520649
0.529545
0.525081
0.520873
0.52094
0.521257
0.533188
0.512244
0.537681
0.510014
0.505587
0.512942
0.52174
0.517221
0.521453
0.518258
0.524591
0.523117
0.539279
0.510168
0.511385
0.514583
0.534113
0.555423
0.534176
0.535876
0.514188
0.523226
0.522857
0.523238
0.534232
0.52558
0.512022
0.521205
0.520419
0.530346
0.520341
0.539067
0.523076
0.538292
0.52118
0.517628
0.518555
0.521516
0.514417
0.528319
0.522197
0.523589
0.535163
0.518741
0.522303
0.525182
0.522126
0.520776
0.547769
0.537018
0.52163
0.522034
0.522602
0.53871
0.521685
0.510678
0.511495
0.52031
0.52042
0.521149
0.521836
0.541315
0.527894
0.534952
0.528136
0.522074
0.519752
0.513766
0.522982
0.524777
0.52729
0.534259
0.533109
0.527423
0.521101
0.529938
0.525446
0.525404
0.527355
0.519808
0.531551
0.520929
0.523577
0.552183
0.549732
0.528096
0.509807
0.540024
0.526394
0.521099
0.522006
0.520605
0.516639
0.535883
0.514167
0.526047
0.535047
0.529895
0.539524
0.526934
0.525829
0.527294
0.519902
0.520403
0.52618
0.51656
0.522743
0.534721
0.538372
0.53498
0.539954
0.538065
0.536186
0.557959
0.555742
0.544475
0.544169
0.530872
0.52508
0.51992
0.520641
0.523086
0.522184
0.52483
0.521785
0.522521
0.526201
0.527509
0.531681
0.520718
0.521879
0.521619
0.52145
0.55997
0.505495
0.528748
0.528789
0.535212
0.527473
0.520479
0.521825
0.529096
0.526276
0.526432
0.523673
0.501059
0.50207
0.524726
0.530202
0.536748
0.534983
0.549154
0.535353
0.529644
0.533729
0.535636
0.531622
0.523044
0.532581
0.505411
0.514127
0.521016
0.536841
0.520621
0.520872
0.542027
0.521122
0.522781
0.513548
0.536769
0.51402
0.523071
0.524015
0.523759
0.522933
0.522085
0.521019
0.526897
0.524817
0.524722
0.519468
0.520121
0.520867
0.520646
0.517702
0.51795
0.514301
0.521533
0.52142
0.520784
0.520316
0.523985
0.544299
0.532785
0.526129
0.529056
0.524688
0.523083
0.523146
0.512858
0.522475
0.520366
0.521639
0.534062
0.528991
0.531748
0.52604
0.522691
0.524957
0.525756
0.537754
0.507008
0.522191
0.519492
0.528923
0.523121
0.518787
0.545233
0.550539
0.521112
0.520778
0.530697
0.520466
0.520832
0.528402
0.529002
0.518343
0.522522
0.515326
0.520757
0.518288
0.538414
0.54046
0.51918
0.519779
0.523478
0.522598
0.51247
0.535064
0.532521
0.519967
0.518994
0.522056
0.521509
0.520044
0.562153
0.527325
0.534557
0.530044
0.518737
0.521624
0.532172
0.52615
0.526704
0.521422
0.519461
0.52116
0.521471
0.530705
0.527961
0.540633
0.534568
0.53969
0.536984
0.546473
0.521415
0.521313
0.529063
0.536456
0.525927
0.547071
0.518371
0.538767
0.521997
0.519868
0.534138
0.53002
0.523584
0.515459
0.523645
0.506862
0.512174
0.551362
0.541458
0.518462
0.521974
0.521828
0.52957
0.552295
0.546359
0.521053
0.531523
0.521496
0.525952
0.544147
0.549621
0.539775
0.521272
0.522918
0.515819
0.519103
0.520929
0.52648
0.528935
0.537024
0.53898
0.542397
0.535576
0.525794
0.522768
0.525389
0.525389
0.523776
0.525001
0.52212
0.517717
0.546375
0.522237
0.516825
0.526994
0.538637
0.536621
0.522195
0.545521
0.521159
0.525019
0.536784
0.53916
0.524423
0.530724
0.520665
0.520464
0.533713
0.521024
0.520983
0.517382
0.515141
0.535294
0.521161
0.516095
0.523121
0.532261
0.545621
0.533559
0.530059
0.521758
0.530406
0.524593
0.520824
0.521952
0.519475
0.522599
0.521944
0.522966
0.522211
0.522049
0.522498
0.530553
0.528555
0.527307
0.524117
0.51606
0.522211
0.52132
0.523603
0.526935
0.529705
0.525417
0.523751
0.522595
0.52361
0.52831
0.537393
0.533894
0.522336
0.52258
0.534829
0.523783
0.516033
0.52325
0.522357
0.51962
0.52191
0.534462
0.526116
0.522381
0.521106
0.518687
0.532234
0.54784
0.521405
0.521801
0.521296
0.519258
0.523057
0.518418
0.521819
0.521053
0.520574
0.521788
0.524012
0.518651
0.518171
0.51968
0.536562
0.513965
0.529345
0.524067
0.522369
0.522665
0.53257
0.532105
0.547612
0.51661
0.515599
0.523712
0.524977
0.551343
0.528573
0.520339
0.522028
0.525684
0.522229
0.517673
0.521439
0.523675
0.530617
0.52193
0.535149
0.522244
0.506295
0.50794
0.523956
0.522304
0.519045
0.521266
0.520679
0.522626
0.521105
0.510198
0.525304
0.523089
0.512273
0.528949
0.562676
0.520842
0.522109
0.519843
0.535906
0.516786
0.514243
0.570383
0.531348
0.52827
0.523759
0.52192
0.525229
0.520471
0.524613
0.514177
0.523364
0.544393
0.549365
0.50914
0.526954
0.525424
0.520478
0.53427
0.518792
0.51947
0.523803
0.515667
0.520201
0.525624
0.523405
0.536254
0.524502
0.52265
0.528889
0.527699
0.537068
0.525876
0.520886
0.522317
0.521029
0.522944
0.518665
0.522005
0.520693
0.523466
0.529413
0.559521
0.520288
0.520413
0.522535
0.530132
0.524701
0.524998
0.52265
0.531601
0.51843
0.534593
0.525757
0.526392
0.528372
0.539354
0.529127
0.522728
0.52536
0.530397
0.539238
0.537048
0.50851
0.521151
0.521942
0.522381
0.518421
0.524658
0.520302
0.518188
0.533449
0.517894
0.524644
0.523917
0.532721
0.532572
0.53151
0.524875
0.531518
0.535737
0.518837
0.519252
0.520352
0.539693
0.537282
0.528099
0.527218
0.522453
0.527596
0.509721
0.561356
0.537678
0.521545
0.521283
0.505775
0.521675
0.523748
0.50717
0.525702
0.530775
0.522451
0.521179
0.521902
0.522085
0.517806
0.52198
0.523285
0.524888
0.526223
0.522284
0.521273
0.531917
0.538502
0.53754
0.535895
0.518225
0.522202
0.521396
0.521665
0.523996
0.528975
0.52174
0.522449
0.520748
0.523903
0.526412
0.52355
0.517842
0.534478
0.53216
0.523256
0.52685
0.519839
0.530562
0.534487
0.52285
0.522706
0.522862
0.522043
0.522253
0.515109
0.520973
0.520697
0.523676
0.52101
0.539993
0.520482
0.524374
0.531584
0.548464
0.522734
0.540472
0.527303
0.520991
0.526404
0.522439
0.522395
0.531015
0.515676
0.521926
0.52127
0.529895
0.512234
0.516302
0.527527
0.528084
0.537149
0.519326
0.532218
0.527388
0.51233
0.514812
0.525923
0.534113
0.529626
0.521675
0.509279
0.530966
0.524154
0.525345
0.522632
0.523753
0.522539
0.514999
0.527259
0.525204
0.521525
0.521112
0.544348
0.53353
0.532781
0.52249
0.522977
0.529658
0.547848
0.53018
0.528086
0.523309
0.52174
0.52052
0.53662
0.534974
0.520701
0.519763
0.53657
0.515956
0.521204
0.521459
0.520833
0.524521
0.517575
0.520485
0.512437
0.541521
0.504535
0.53718
0.533073
0.521982
0.525445
0.52975
0.53077
0.527423
0.521753
0.515372
0.525204
0.522926
0.506325
0.511753
0.515825
0.520986
0.525169
0.516678
0.540721
0.532188
0.516927
0.520395
0.520555
0.520295
0.519507
0.52104
0.513567
0.521195
0.542856
0.531035
0.537468
0.527326
0.519418
0.534574
0.537934
0.524245
0.520899
0.527018
0.529822
0.545874
0.537918
0.511013
0.512846
0.517837
0.536302
0.537726
0.51588
0.513287
0.521763
0.524028
0.538099
0.520172
0.524828
0.522379
0.537348
0.50589
0.524013
0.52064
0.52567
0.525235
0.524092
0.517156
0.522587
0.515897
0.511176
0.514492
0.525588
0.521173
0.529931
0.508936
0.522556
0.530236
0.52998
0.50646
0.540205
0.520076
0.50766
0.528055
0.52081
0.517371
0.518245
0.555954
0.521423
0.533409
0.514538
0.540937
0.516971
0.524823
0.522418
0.51626
0.521784
0.535944
0.529246
0.532749
0.517993
0.538149
0.535644
0.532904
0.538876
0.524573
0.517573
0.509265
0.524667
0.539385
0.522323
0.539877
0.524999
0.510696
0.509943
0.515001
0.518382
0.53739
0.521283
0.547379
0.505796
0.524279
0.521705
0.52018
0.530418
0.519044
0.542393
0.510518
0.525131
0.527905
0.541525
0.504579
0.522379
0.521546
0.541183
0.542057
0.534945
0.53586
0.542577
0.532492
0.519886
0.510467
0.531915
0.543917
0.533054
0.542726
0.511824
0.531122
0.523382
0.537775
0.532597
0.521866
0.523229
0.537966
0.532489
0.5219
0.519015
0.538453
0.519303
0.523357
0.535318
0.537638
0.52573
0.524723
0.520949
0.520292
0.510227
0.512952
0.540945
0.519829
0.53225
0.533579
0.535482
0.512774
0.536673
0.524311
0.523811
0.51212
0.510611
0.534833
0.517407
0.529538
0.520148
0.524932
0.520455
0.531247
0.528644
0.540702
0.521627
0.523783
0.521625
0.52677
0.52859
0.53412
0.524713
0.507532
0.507323
0.515445
0.515292
0.517184
0.527749
0.534326
0.540901
0.527812
0.525385
0.53415
0.524185
0.521049
0.544663
0.520292
0.516724
0.520271
0.541668
0.525392
0.524417
0.525702
0.520767
0.515867
0.511299
0.538549
0.545395
0.532278
0.523145
0.525332
0.521722
0.514923
0.520174
0.509953
0.520705
0.520171
0.519854
0.508656
0.542102
0.504506
0.534137
0.534048
0.542599
0.515726
0.541634
0.532521
0.518367
0.513612
0.524816
0.504388
0.514594
0.518503
0.519047
0.520871
0.519646
0.519632
0.505407
0.522761
0.519429
0.527948
0.520303
0.520058
0.519098
0.522164
0.520704
0.517864
0.520547
0.523354
0.495236
0.511804
0.519159
0.543418
0.519484
0.529933
0.527836
0.544427
0.520044
0.521531
0.537626
0.51958
0.520437
0.501999
0.523803
0.523339
0.525851
0.518474
0.521158
0.521148
0.527375
0.525549
0.542749
0.538841
0.539982
0.507299
0.531497
0.526371
0.534078
0.522727
0.496476
0.533962
0.534976
0.522192
0.524508
0.526881
0.525012
0.501007
0.522273
0.513557
0.519041
0.52814
0.522151
0.534561
0.521366
0.522951
0.520671
0.518719
0.53429
0.520004
0.520223
0.523971
0.535435
0.522173
0.544161
0.519491
0.519919
0.530614
0.518907
0.521647
0.502172
0.5287
0.51763
0.518364
0.520481
0.520569
0.521967
0.517872
0.520217
0.52056
0.518769
0.504492
0.507815
0.520486
0.539469
0.532261
0.537016
0.530317
0.526255
0.51733
0.512316
0.509409
0.510161
0.521195
0.520229
0.519861
0.534371
0.521088
0.520627
0.531292
0.5204
0.517758
0.517542
0.520493
0.522373
0.521679
0.493713
0.50665
0.530369
0.523288
0.524614
0.519987
0.521132
0.531092
0.520664
0.544248
0.503454
0.523085
0.536532
0.520331
0.541028
0.52287
0.517358
0.52048
0.531244
0.521331
0.518852
0.515614
0.522993
0.517297
0.522307
0.529444
0.524553
0.530261
0.51844
0.521239
0.521498
0.533304
0.521155
0.510978
0.522578
0.521295
0.523914
0.520853
0.518347
0.523107
0.522652
0.530753
0.511026
0.52099
0.533811
0.516089
0.519315
0.521019
0.527117
0.521391
0.528344
0.529771
0.52075
0.550381
0.51638
0.529382
0.516905
0.529814
0.526614
0.525355
0.520934
0.519827
0.539924
0.559226
0.524114
0.529266
0.520434
0.527984
0.520123
0.519612
0.526061
0.522081
0.521167
0.522589
0.520405
0.518699
0.531289
0.52875
0.532306
0.547524
0.521626
0.533522
0.52323
0.545687
0.515474
0.520968
0.53586
0.530966
0.524993
0.526164
0.496617
0.522918
0.521796
0.523647
0.545888
0.514212
0.52136
0.521316
0.526913
0.521475
0.520938
0.520225
0.515383
0.557525
0.526251
0.546008
0.521384
0.518276
0.545887
0.526339
0.530084
0.522965
0.522544
0.520555
0.527644
0.52724
0.53722
0.531192
0.535583
0.518464
0.517644
0.526265
0.532161
0.520114
0.523734
0.52635
0.516567
0.528652
0.523241
0.522593
0.527931
0.522095
0.519477
0.519239
0.536164
0.522419
0.523769
0.520289
0.520918
0.521851
0.520693
0.528595
0.522761
0.522228
0.538691
0.524033
0.527682
0.521477
0.537782
0.534493
0.518302
0.520333
0.522198
0.528682
0.515722
0.533191
0.5206
0.529376
0.523495
0.523295
0.52176
0.522547
0.530448
0.524204
0.518251
0.516309
0.518771
0.520669
0.532348
0.522256
0.520892
0.525264
0.543962
0.526613
0.521181
0.529764
0.52199
0.517769
0.517514
0.522532
0.52385
0.511817
0.518038
0.544004
0.519198
0.518496
0.545119
0.524278
0.528117
0.523758
0.523189
0.537529
0.519796
0.541055
0.516233
0.520485
