0.516533
0.516802
0.520942
0.510152
0.511775
0.510328
0.518967
0.527768
0.530094
0.513501
0.53318
0.529499
0.558547
0.550536
0.539182
0.512505
0.513996
0.531441
0.552911
0.548182
0.510093
0.532215
0.517443
0.500248
0.534598
0.52211
0.52649
0.519212
0.523857
0.5797
0.483958
0.490824
0.496354
0.526355
0.527993
0.48951
0.473573
0.519323
0.520221
0.517106
0.550213
0.545786
0.550297
0.546316
0.536583
0.554606
0.55587
0.509233
0.508342
0.510289
0.50912
0.518418
0.526112
0.506697
0.54989
0.551156
0.487566
0.486651
0.485554
0.550777
0.54068
0.521509
0.512783
0.527462
0.523151
0.565346
0.557776
0.493144
0.536266
0.529933
0.559527
0.555183
0.50075
0.502711
0.506928
0.485168
0.547556
0.545925
0.514567
0.50706
0.524183
0.525576
0.525806
0.50562
0.509087
0.548229
0.541641
0.505773
0.551104
0.558526
0.561896
0.553558
0.5453
0.548365
0.484322
0.52563
0.541694
0.535768
0.488246
0.492831
0.509058
0.534501
0.538112
0.520618
0.494198
0.505039
0.49717
0.477123
0.529287
0.533561
0.534452
0.569542
0.557704
0.555195
0.542608
0.54776
0.489909
0.561803
0.462272
0.46751
0.557172
0.511665
0.534117
0.547898
0.551937
0.557148
0.520073
0.556136
0.542178
0.462677
0.527437
0.53089
0.527061
0.526506
0.460359
0.464223
0.543954
0.546433
0.558916
0.540343
0.54972
0.51997
0.52501
0.511854
0.514725
0.506678
0.514039
0.556506
0.579365
0.602823
0.546871
0.538955
0.544464
0.512166
0.522707
0.549298
0.559129
0.54931
0.508327
0.50907
0.476235
0.487728
0.517321
0.506469
0.539897
0.545071
0.492642
0.4963
0.482616
0.548907
0.556527
0.544819
0.544483
0.545931
0.504671
0.498956
0.505017
0.515261
0.509492
0.504856
0.51068
0.481474
0.57202
0.562481
0.554569
0.527018
0.531387
0.529534
0.530145
0.528886
0.528035
0.573322
0.567834
0.583126
0.540607
0.530001
0.585673
0.583098
0.554881
0.54798
0.50031
0.502594
0.500889
0.494871
0.55068
0.54799
0.520046
0.508048
0.518744
0.518658
0.514391
0.568418
0.568243
0.549708
0.542771
0.540341
0.544621
0.525283
0.539182
0.573502
0.544743
0.559101
0.548985
0.512134
0.501063
0.499926
0.537075
0.525228
0.586799
0.517953
0.507582
0.524254
0.505609
0.510573
0.508647
0.520196
0.517805
0.533735
0.533399
0.563945
0.550742
0.569202
0.56207
0.523138
0.523096
0.474471
0.501382
0.4987
0.47089
0.559435
0.478854
0.493454
0.567174
0.55349
0.468224
0.475033
0.476898
0.478279
0.573468
0.53864
0.552689
0.515108
0.503803
0.500196
0.503161
0.535623
0.548097
0.569578
0.595883
0.477066
0.50262
0.508714
0.567123
0.557103
0.555379
0.5215
0.539381
0.540793
0.534349
0.486649
0.470286
0.478891
0.477837
0.49658
0.489895
0.503351
0.498293
0.563415
0.568051
0.570748
0.546136
0.581516
0.571362
0.545826
0.56384
0.554131
0.551449
0.554614
0.54386
0.492776
0.503163
0.540537
0.552711
0.535927
0.515519
0.517847
0.556233
0.580644
0.591782
0.510322
0.506289
0.545691
0.561996
0.461776
0.467004
0.493049
0.503609
0.538768
0.534491
0.534302
0.577808
0.559538
0.508224
0.508833
0.518196
0.507311
0.550977
0.493807
0.484226
0.512182
0.500342
0.504499
0.50031
0.514704
0.516793
0.503532
0.515232
0.506416
0.55848
0.549299
0.568671
0.547992
0.550425
0.559105
0.553481
0.526542
0.517802
0.49919
0.530248
0.524461
0.488887
0.537825
0.523316
0.582919
0.563947
0.567759
0.503824
0.502022
0.544319
0.562699
0.574006
0.516235
0.517296
0.562856
0.55932
0.505652
0.533547
0.534083
0.488344
0.494361
0.556374
0.546936
0.535823
0.493869
0.522427
0.540504
0.536016
0.537897
0.515336
0.498052
0.556456
0.558764
0.584702
0.490073
0.543926
0.593461
0.537906
0.56337
0.548671
0.548501
0.505345
0.503603
0.502555
0.484173
0.481585
0.473622
0.61212
0.548485
0.552076
0.56315
0.555276
0.575488
0.522203
0.514774
0.510498
0.54146
0.531237
0.526973
0.480368
0.481362
0.458675
0.504527
0.5033
0.532558
0.544149
0.545449
0.50401
0.489183
0.53508
0.528679
0.577411
0.594875
0.592088
0.525645
0.532992
0.53311
0.501782
0.514445
0.499627
0.553818
0.559136
0.576659
0.579876
0.478746
0.556089
0.488202
0.488573
0.480069
0.527481
0.574327
0.57601
0.516117
0.512156
0.519154
0.522754
0.477323
0.518291
0.516276
0.51024
0.49653
0.505691
0.582824
0.546773
0.554241
0.53532
0.48399
0.520384
0.528615
0.584442
0.575173
0.614964
0.595638
0.516178
0.517755
0.566623
0.620751
0.598537
0.533459
0.53246
0.515989
0.510065
0.514321
0.531134
0.529861
0.533413
0.566504
0.550598
0.494323
0.485004
0.509802
0.514594
0.513304
0.555716
0.520088
0.581602
0.597767
0.547601
0.551761
0.546976
0.539705
0.533571
0.518537
0.502628
0.544741
0.563134
0.559387
0.550434
0.53697
0.532638
0.527031
0.521138
0.513792
0.53533
0.564564
0.521727
0.525055
0.579772
0.532836
0.576782
0.565533
0.5304
0.52666
0.541725
0.53373
0.534253
0.528992
0.544105
0.551098
0.538019
0.548029
0.54748
0.510752
0.47693
0.492965
0.547235
0.545604
0.472202
0.513907
0.56724
0.605338
0.469166
0.467962
0.526833
0.538372
0.528718
0.512195
0.554161
0.510621
0.500311
0.503517
0.510297
0.522574
0.512711
0.525943
0.476253
0.491278
0.547571
0.492501
0.510259
0.536547
0.545808
0.532451
0.554917
0.53202
0.613442
0.576919
0.558964
0.555838
0.503577
0.487202
0.541854
0.53988
0.544374
0.535762
0.510696
0.501431
0.512737
0.514598
0.529267
0.526866
0.529001
0.487683
0.489277
0.570365
0.55319
0.545294
0.564559
0.526897
0.543388
0.564392
0.571574
0.538538
0.534693
0.497025
0.542322
0.592714
0.532075
0.546812
0.553242
0.511816
0.553496
0.508778
0.542877
0.539552
0.535462
0.52158
0.514738
0.538348
0.534709
0.476928
0.472813
0.535589
0.523507
0.526446
0.487723
0.596426
0.470107
0.484902
0.575631
0.5304
0.504227
0.494119
0.484012
0.495129
0.553184
0.536
0.543715
0.523361
0.524398
0.526237
0.545761
0.529414
0.554686
0.570514
0.508457
0.461432
0.56171
0.565309
0.557644
0.510257
0.569752
0.560239
0.501103
0.562587
0.528803
0.457692
0.515544
0.535206
0.472771
0.477727
0.489902
0.498862
0.492367
0.512016
0.470021
0.481516
0.558984
0.549194
0.545532
0.554255
0.477322
0.469284
0.548416
0.460655
0.459181
0.474156
0.514992
0.562149
0.516946
0.516883
0.522788
0.526796
0.517193
0.502889
0.505811
0.513898
0.57758
0.565027
0.537362
0.538246
0.505562
0.632894
0.604322
0.523748
0.516857
0.558328
0.454765
0.458081
0.549865
0.542468
0.508274
0.530459
0.491688
0.497182
0.488383
0.562884
0.52619
0.552788
0.549346
0.539245
0.51641
0.522212
0.518106
0.509483
0.511063
0.497471
0.508732
0.51961
0.528464
0.531583
0.531811
0.528797
0.527843
0.534093
0.515459
0.519741
0.515802
0.515928
0.514389
0.50165
0.488947
0.484535
0.495309
0.517245
0.517507
0.5516
0.544013
0.459546
0.473214
0.471358
0.562042
0.549516
0.475863
0.499951
0.525404
0.534437
0.547158
0.507236
0.516903
0.515018
0.546619
0.54991
0.549538
0.582105
0.56086
0.544561
0.547698
0.543989
0.550007
0.560534
0.517386
0.512563
0.52066
0.521299
0.578183
0.565327
0.493146
0.478857
0.569202
0.531331
0.572676
0.558414
0.520908
0.518311
0.559407
0.576392
0.501767
0.505416
0.506298
0.537053
0.553098
0.506777
0.497509
0.503496
0.55786
0.560935
0.507099
0.509188
0.567338
0.511555
0.51466
0.588001
0.597663
0.544318
0.541609
0.534997
0.528325
0.53217
0.507688
0.537088
0.540011
0.505273
0.505245
0.50678
0.51391
0.520795
0.53352
0.531346
0.52892
0.528966
0.578987
0.574203
0.55947
0.548309
0.509695
0.496325
0.496054
0.482472
0.479719
0.555816
0.514968
0.541248
0.530234
0.542924
0.493113
0.540816
0.568546
0.563794
0.537516
0.537142
0.507392
0.505876
0.524533
0.534702
0.522962
0.535632
0.531555
0.535151
0.531469
0.513149
0.523858
0.489516
0.593503
0.520368
0.513863
0.54117
0.551321
0.537822
0.545302
0.501506
0.539333
0.554882
0.520111
0.469293
0.471786
0.552305
0.534729
0.525766
0.527858
0.507824
0.515217
0.512995
0.494025
0.525202
0.516037
0.490998
0.554571
0.555323
0.522245
0.498708
0.540808
0.57478
0.591224
0.529286
0.500523
0.500205
0.568008
0.460833
0.604577
0.538171
0.558544
0.535436
0.505634
0.507567
0.502134
0.562811
0.468325
0.557642
0.501305
0.576318
0.518378
0.517626
0.494779
0.535363
0.522555
0.553932
0.50937
0.517962
0.542622
0.543983
0.529601
0.521007
0.515634
0.567526
0.555899
0.512228
0.510251
0.479395
0.49644
0.611735
0.590426
0.48432
0.473501
0.476744
0.480028
0.526616
0.544174
0.478873
0.477487
0.523
0.533624
0.522184
0.510032
0.549505
0.481472
0.498667
0.535278
0.566491
0.570176
0.531859
0.493383
0.508372
0.547841
0.54349
0.6171
0.475945
0.488041
0.483326
0.461314
0.475218
0.565865
0.557602
0.539602
0.545807
0.447828
0.50519
0.492784
0.482841
0.484588
0.515494
0.621296
0.58513
0.528919
0.52566
0.530472
0.54306
0.481936
0.506263
0.542484
0.534209
0.549135
0.526743
0.526086
0.527911
0.526367
0.529347
0.521491
0.518751
0.537105
0.511867
0.534492
0.565238
0.540613
0.513191
0.533969
0.517211
0.53361
0.522227
0.556604
0.510914
0.472905
0.486382
0.484402
0.49066
0.508257
0.513262
0.503565
0.497488
0.597497
0.552452
0.554345
0.47343
0.541513
0.547954
0.511862
0.517316
0.554899
0.512847
0.492225
0.499909
0.571329
0.563953
0.514901
0.518224
0.512126
0.507776
0.547527
0.538956
0.541174
0.594121
0.529459
0.575682
0.565547
0.562979
0.596304
0.472072
0.525657
0.545912
0.552264
0.59662
0.534703
0.507386
0.509321
0.476558
0.484939
0.492095
0.49324
0.565369
0.561272
0.564786
0.474146
0.557869
0.523581
0.512513
0.541096
0.482919
0.480243
0.519519
0.537731
0.5218
0.572861
0.578646
0.526174
0.523215
0.530225
0.524073
0.544586
0.504316
0.540698
0.510417
0.494482
0.532782
0.546782
0.562083
0.612469
0.592561
0.54711
0.479889
0.543813
0.568073
0.503874
0.500806
0.477488
0.522345
0.501152
0.51083
0.58437
0.529709
0.576861
0.563666
0.555074
0.513324
0.564721
0.572717
0.554731
0.561848
0.538833
0.498485
0.501911
0.487204
0.558994
0.565488
0.50306
0.507714
0.506052
0.498965
0.512199
0.497535
0.505707
0.510883
0.501961
0.514122
0.551807
0.482428
0.505717
0.537668
0.52661
0.469792
0.534615
0.519995
0.554689
0.531104
0.50177
0.496865
0.515629
0.504325
0.514355
0.522611
0.526194
0.463902
0.462716
0.467597
0.505989
0.525722
0.515248
0.533657
0.576104
0.60144
0.502566
0.555732
0.548582
0.515609
0.512822
0.490224
0.555257
0.578758
0.510573
0.525554
0.54484
0.533998
0.525962
0.52391
0.567007
0.521201
0.537389
0.568884
0.495363
0.51508
0.507499
0.48423
0.547578
0.490498
0.598983
0.509632
0.500473
0.510218
0.562276
0.531533
0.487834
0.493916
0.582927
0.491589
0.492471
0.585447
0.544829
0.572494
0.587293
0.547029
0.536834
0.558163
0.549279
0.503441
0.535071
0.57433
0.537445
0.470151
0.466248
0.531416
0.542048
0.507906
0.5083
0.549451
0.531886
0.467886
0.477657
0.494582
0.509658
0.513875
0.571529
0.525627
0.55245
0.560544
0.494346
0.501361
0.474697
0.486895
0.561677
0.576003
0.549122
0.526721
0.598804
0.551041
0.533202
0.507298
0.498254
0.496231
0.510143
0.503823
0.465831
0.522812
0.494526
0.502318
0.551974
0.459102
0.51512
0.54418
0.45375
0.502226
0.509873
0.495154
0.476029
0.549236
0.500717
0.47071
0.534277
0.553893
0.482836
0.542404
0.539338
0.484725
0.494552
0.551356
0.548404
0.504317
0.503546
0.519088
0.531472
0.550762
0.497591
0.501847
0.544416
0.510448
0.505034
0.539047
0.509762
0.480335
0.560887
0.533588
0.533372
0.541047
0.533584
0.474392
0.483775
0.552199
0.523701
0.524802
0.484418
0.498347
0.542822
0.54002
0.546495
0.466337
0.4747
0.463123
0.543072
0.543548
0.562379
0.558142
0.518516
0.574836
0.47352
0.496501
0.543526
0.526142
0.590224
0.529102
0.528132
0.549761
0.551438
0.542407
0.489798
0.567876
0.54089
0.516443
0.513594
0.482116
0.517323
0.553733
0.525753
0.543853
0.541086
0.491356
0.465317
0.551764
0.55171
0.495761
0.532556
0.529552
0.557928
0.549413
0.529082
0.508112
0.527376
0.532296
0.552334
0.512847
0.505276
0.538123
0.502345
0.520011
0.53196
0.529766
0.593503
0.549254
0.467064
0.555767
0.52591
0.530674
0.459391
0.522188
0.606565
0.6068
0.554563
0.533557
0.547222
0.522356
0.543735
0.567886
0.521066
0.53043
0.555951
0.545105
0.591358
0.582551
0.530391
0.570109
0.528342
0.549452
0.542404
0.556288
0.563209
0.474108
0.56041
0.547116
0.477246
0.484359
0.474435
0.479289
0.544772
0.58142
0.503667
0.536938
0.527787
0.466953
0.466875
0.552095
0.482288
0.559919
0.553661
0.548058
0.559417
0.5574
0.470816
0.49331
0.54867
0.541779
0.573154
0.497299
0.525234
0.528495
0.508892
0.526241
0.511105
0.492543
0.485956
0.544911
0.526328
0.568277
0.543994
0.493593
0.501241
0.53423
0.525763
0.491323
0.635656
0.488165
0.543193
0.504321
0.563766
0.479215
0.521428
0.543153
0.520513
0.547345
0.544947
0.552653
0.546692
0.49185
0.482974
0.547744
0.549242
0.510915
0.516976
0.53748
0.599547
0.518851
0.528396
0.555192
0.473642
0.518386
0.524323
0.525609
0.543448
0.543961
0.561842
0.578554
0.605264
0.499905
0.524408
0.573549
0.557521
0.56951
0.466389
0.503419
0.538182
0.536267
0.492754
0.494887
0.560159
0.517293
0.523285
0.53387
0.492822
0.49243
0.548153
0.548299
0.518657
0.544069
0.605326
0.561717
0.529288
0.550113
0.506581
0.505409
0.543898
0.512175
0.56263
0.557375
0.550647
0.475878
0.537474
0.555601
0.549861
0.523136
0.532063
0.502145
0.516274
0.513543
0.523559
0.537278
0.494264
0.487487
0.573436
0.533972
0.498005
0.51078
0.466992
0.56808
0.485342
0.509794
0.515331
0.507213
0.552112
0.5516
0.554071
0.528496
0.557232
0.561239
0.534738
0.542281
0.573062
0.500613
0.508227
0.552545
0.584326
0.511141
0.509553
0.496412
0.498992
0.52842
0.464974
0.475155
0.502853
0.504033
0.506806
0.52947
0.509708
0.54447
0.565412
0.570177
0.543684
0.544761
0.575645
0.555815
0.568496
0.55803
0.546869
0.519855
0.527498
0.459114
0.49998
0.517585
0.50603
0.508197
0.567692
0.530929
0.509851
0.513272
0.498888
0.487541
0.532179
0.538992
0.526795
0.520189
0.521105
0.622154
0.5823
0.535374
0.536322
0.462509
0.499811
0.557248
0.551428
0.573966
0.553408
0.548802
0.546965
0.470712
0.57836
0.563466
0.548993
0.540884
0.590045
0.494098
0.473572
0.568325
0.526724
0.504691
0.539248
0.53349
0.53323
0.571554
0.546168
0.529479
0.454439
0.461132
0.501884
0.53678
0.518413
0.46877
0.540287
0.501193
0.500978
0.496352
0.497854
0.544575
0.549154
0.486258
0.509156
0.54085
0.515777
0.498669
0.499147
0.479682
0.530317
0.498286
0.544868
0.547118
0.528934
0.472025
0.557922
0.554384
0.489435
0.526799
0.529475
0.581865
0.564876
0.55218
0.484809
0.498039
0.502302
0.535715
0.466881
0.509921
0.543472
0.516394
0.541506
0.518374
0.517846
0.480443
0.53504
0.547238
0.5217
0.535911
0.533943
0.548429
0.547199
0.526015
0.484018
0.539621
0.526718
0.481726
0.545819
0.542458
0.538832
0.548548
0.544657
0.567813
0.49844
0.508001
0.564015
0.517441
0.498867
0.545889
0.481162
0.502616
0.551592
0.518801
0.509418
0.539678
0.540276
0.586304
0.583139
0.569064
0.504779
0.618247
0.501031
0.510278
0.526489
0.549255
0.518151
0.49488
0.539753
0.548774
0.468088
0.57241
0.493408
0.505446
0.547688
0.532829
0.562167
0.468219
0.492797
0.499512
0.493272
0.553883
0.563205
0.561604
0.548539
0.484841
0.589256
0.524161
0.585541
0.469559
0.502067
0.502335
0.502434
0.541341
0.552257
0.570145
0.4611
0.532838
0.530845
0.51743
0.511272
0.537339
0.548982
0.568401
0.512986
0.552354
0.549346
0.598172
0.446225
0.448193
0.461103
0.563898
0.56522
0.529371
0.583618
0.527319
0.529897
0.533769
0.544814
0.536104
0.569889
0.590678
0.504269
0.56097
0.497076
0.542895
0.460694
0.555122
0.537354
0.540436
0.50362
0.523201
0.553832
0.560492
0.579664
0.534696
0.534338
0.52387
0.507996
0.499931
0.533499
0.543089
0.544379
0.474172
0.516224
0.534071
0.525405
0.448913
0.459785
0.472038
0.532253
0.483108
0.548927
0.503565
0.517885
0.525824
0.525926
0.523585
0.546427
0.530629
0.561563
0.566361
0.556486
0.479452
0.551417
0.536905
0.481524
0.547019
0.564279
0.520376
0.538843
0.510485
0.48032
0.526984
0.506087
0.607255
0.509448
0.516306
0.55297
0.516068
0.534184
0.531191
0.527657
0.528317
0.559402
0.494497
0.55456
0.584382
0.540473
0.475184
0.539438
0.558693
0.581978
0.484754
0.548135
0.578525
0.523687
0.511705
0.451283
0.496319
0.552661
0.558266
0.496242
0.585559
0.485357
0.536003
0.560493
0.558264
0.472485
0.489208
0.551435
0.51232
0.511866
0.492014
0.487522
0.478067
0.538993
0.49434
0.460864
0.537256
0.569135
0.564503
0.476367
0.532216
0.552153
0.52307
0.579271
0.521864
0.546626
0.467281
0.474426
0.519792
0.52048
0.569387
0.47365
0.463396
0.567907
0.573853
0.548942
0.574413
0.524889
0.504899
0.549192
0.542285
0.468394
0.577154
0.467863
0.620767
0.550779
0.564541
0.532392
0.569411
0.457115
0.474169
0.551734
0.481426
0.56702
0.522404
0.594265
0.508964
0.509543
0.474482
0.552427
0.548168
0.540784
0.522865
0.490125
0.552941
0.554105
0.526707
0.48047
0.469961
0.484264
0.562642
0.569592
0.547965
0.522982
0.475597
0.549291
0.52129
0.529801
0.518298
0.476024
0.489174
0.45612
0.550261
0.490749
0.466773
0.552631
0.540726
0.545727
0.471617
0.56107
0.545196
0.559407
0.524313
0.568506
0.541799
0.496587
0.577093
0.565862
0.583674
0.557645
0.519287
0.554882
0.577713
0.551297
0.570378
0.500463
0.47443
0.560403
0.533966
0.542485
0.573148
0.496807
0.564124
0.509537
0.548031
0.574093
0.506999
0.560363
0.471287
0.546996
0.470409
0.538433
0.533168
0.533397
0.533839
0.518414
0.519945
0.5828
0.560623
0.56719
0.470037
0.499303
0.534831
0.459566
0.503228
0.556933
0.569109
0.54645
0.472433
0.546835
0.484228
0.558011
0.516114
0.522237
0.576127
0.550946
0.525558
0.45864
0.565027
0.467771
0.570796
0.544141
0.471381
0.54164
0.501754
0.558708
0.523706
0.53332
0.547369
0.522199
0.524418
0.517619
0.512432
0.522798
0.520531
0.532395
0.52122
0.548411
0.504762
0.513668
0.470719
0.505483
0.540589
0.525418
0.58814
0.499144
0.536125
0.513667
0.50259
0.5008
0.519703
0.525973
0.534997
0.528707
0.504906
0.532749
0.49128
0.582822
0.540549
0.498417
0.505371
0.530422
0.512126
0.514347
0.538788
0.516824
0.511171
0.583275
0.50929
0.557977
0.513027
0.516759
0.537658
0.538629
0.526581
0.53364
0.523785
0.527538
0.503574
0.48912
0.52718
0.577479
0.534608
0.508422
0.527287
0.528238
0.488447
0.487895
0.553989
0.563665
0.534716
0.540455
0.535074
0.544457
0.535996
0.523592
0.526584
0.510088
0.505011
0.530277
0.526482
0.498576
0.494753
0.524207
0.526424
0.545971
0.543699
0.542314
0.51487
0.581795
0.512049
0.52131
0.516927
0.515113
0.567281
0.515893
0.476875
0.490501
0.537551
0.54346
0.529865
0.513756
0.535286
0.549563
0.546267
0.524046
0.517868
0.51415
0.516492
0.507801
0.505855
0.521891
0.531403
0.502703
0.492988
0.542642
0.523639
0.518044
0.512298
0.506402
0.489447
0.530733
0.532442
0.499438
0.47023
0.532211
0.544102
0.495057
0.498709
0.528982
0.572707
0.524831
0.60482
0.513614
0.582287
0.487417
0.523191
0.533557
0.531044
0.530684
0.519844
0.537658
0.526154
0.490278
0.535205
0.549216
0.499101
0.496042
0.511307
0.5118
0.532435
0.525473
0.525266
0.496649
0.489765
0.511479
0.515179
0.518342
0.507733
0.536802
0.499812
0.52909
0.551443
0.558268
0.492858
0.480292
0.531316
0.544435
0.51545
0.511864
0.507561
0.535594
0.576885
0.543477
0.514163
0.487408
0.481851
0.523872
0.546844
0.578804
0.53318
0.505002
0.484908
0.468249
0.566879
0.490545
0.514143
0.505689
0.549795
0.508397
0.546559
0.530192
0.513263
0.527492
0.527818
0.529696
0.477625
0.531578
0.540437
0.608085
0.532824
0.496766
0.512347
0.539105
0.524045
0.552004
0.538443
0.541782
0.540864
0.580678
0.579447
0.56629
0.589152
0.504708
0.502873
0.564041
0.549432
0.518226
0.507803
0.522268
0.544555
0.531128
0.553448
0.514675
0.553831
0.539962
0.535015
0.528743
0.502933
0.552454
0.537518
0.549244
0.545804
0.545784
0.52797
0.508438
0.529751
0.559549
0.548619
0.514697
0.529474
0.531758
0.537559
0.532451
0.530552
0.531687
0.519539
0.499811
0.513552
0.512099
0.50796
0.528587
0.47059
0.580677
0.509674
0.543708
0.558871
0.540311
0.498308
0.534534
0.542935
0.507902
0.546669
0.549663
0.49808
0.508515
0.586842
0.531397
0.551973
0.504609
0.488166
0.498452
0.506829
0.51155
0.52058
0.517339
0.531376
0.533092
0.539314
0.513475
0.527912
0.537799
0.505595
0.541034
0.524182
0.537364
0.513672
0.51278
0.515764
0.510499
0.507648
0.543046
0.5957
0.537905
0.514485
0.524147
0.595633
0.519445
0.561581
0.530961
0.517214
0.512874
0.570773
0.554307
0.560241
0.473033
0.53014
0.528042
0.508827
0.543829
0.517918
0.502132
0.496798
0.550374
0.541124
0.504886
0.545963
0.550812
0.555863
0.52869
0.543779
0.544793
0.530291
0.500245
0.509918
0.5247
0.532812
0.50276
0.52747
0.522803
0.481665
0.548349
0.525539
0.522054
0.515841
0.537542
0.507869
0.510679
0.509416
0.530025
0.538124
0.476908
0.497769
0.473967
0.5048
0.522351
0.545816
0.566551
0.559031
0.521532
0.53485
0.528767
0.523246
0.521011
0.540007
0.514854
0.559344
0.506202
0.480144
0.531524
0.504215
0.535943
0.512277
0.524505
0.524181
0.528521
0.528518
0.539854
0.52809
0.525773
0.536557
0.548339
0.54928
0.536509
0.523347
0.550403
0.493645
0.507441
0.537801
0.527435
0.519946
0.523924
0.486427
0.573553
0.534834
0.509572
0.538114
0.552622
0.49223
0.529123
0.52368
0.517053
0.541939
0.54565
0.56068
0.549989
0.60644
0.563405
0.540085
0.511115
0.579987
0.517037
0.52465
0.54235
0.531503
0.520251
0.531461
0.51051
0.528069
0.514632
0.50502
0.536106
0.530966
0.526847
0.496468
0.497289
0.51349
0.510206
0.488443
0.519515
0.545054
0.515917
0.517337
0.578505
0.537261
0.516748
0.513962
0.48995
0.490272
0.546418
0.498836
0.535807
0.498649
0.510372
0.535932
0.528713
0.582615
0.488892
0.489986
0.529326
0.537948
0.565036
0.540122
0.511941
0.545048
0.527206
0.527172
0.571661
0.527626
0.549288
0.552897
0.523782
0.499341
0.492787
0.565092
0.563601
0.573089
0.487595
0.51684
0.545677
0.525312
0.512105
0.478123
0.533889
0.552716
0.518918
0.528767
0.494609
0.516193
0.550744
0.558104
0.519879
0.488178
0.504451
0.49858
0.51242
0.505261
0.482917
0.513666
0.571276
0.506021
0.527181
0.509645
0.512392
0.512866
0.481027
0.515388
0.553965
0.505124
0.547911
0.526322
0.542098
0.51737
0.551493
0.529308
0.488323
0.524473
0.5092
0.517764
0.580028
0.522909
0.492333
0.571547
0.546393
0.539308
0.526411
0.500852
0.567375
0.524262
0.587093
0.469207
0.495801
0.531572
0.492483
0.531443
0.516468
0.49751
0.508694
0.517328
0.504152
0.506677
0.590064
0.50258
0.518749
0.535888
0.52043
0.536994
0.498202
0.510503
0.479508
0.516266
0.557558
0.506616
0.527531
0.541895
0.522071
0.497523
0.496496
0.552327
0.542474
0.538325
0.52283
0.560016
0.507559
0.502535
0.545695
0.556153
0.515796
0.510832
0.532309
0.533597
0.504066
0.496807
0.52337
0.493634
0.522146
0.501883
0.507394
0.523985
0.580561
0.554143
0.540427
0.507689
0.508393
0.483425
0.549524
0.514039
0.488631
0.533006
0.526814
0.493454
0.523798
0.601793
0.522204
0.534658
0.504895
0.509124
0.506912
0.454677
0.458824
0.549987
0.534017
0.545567
0.591296
0.540644
0.519234
0.495803
0.524685
0.572747
0.536083
0.524298
0.528943
0.529345
0.516932
0.4857
0.544768
0.528237
0.531895
0.52787
0.540231
0.50471
0.52953
0.521309
0.497536
0.525408
0.491087
0.506855
0.495281
0.5426
0.514674
0.523135
0.538733
0.501519
0.478005
0.518974
0.517281
0.546069
0.51546
0.520601
0.510482
0.514912
0.510595
0.513617
0.527903
0.518127
0.501828
0.510088
0.496766
0.529171
0.469312
0.543947
0.539249
0.479626
0.525817
0.488469
0.519416
0.54433
0.516358
0.529006
0.583552
0.519359
0.518309
0.518478
0.545404
0.526087
0.511156
0.549086
0.551388
0.536062
0.532469
0.488835
0.51906
0.544932
0.533621
0.522881
0.510453
0.51807
0.534887
0.518895
0.609301
0.516606
0.521894
0.525941
0.579351
0.539335
0.483572
0.480113
0.550881
0.530449
0.557891
0.508391
0.523148
0.515898
0.54842
0.517249
0.527161
0.506716
0.547223
0.523986
0.528084
0.519978
0.523784
0.503379
0.526261
0.487648
0.542124
0.501251
0.521694
0.594072
0.489852
0.562566
0.496377
0.500676
0.469959
0.508307
0.500551
0.536644
0.579511
0.495019
0.530698
0.53027
0.48485
0.49653
0.525898
0.585716
0.514009
0.546999
0.490784
0.507649
0.547301
0.537574
0.547617
0.52202
0.530505
0.53252
0.506818
0.512651
0.536074
0.515077
0.539726
0.48701
0.578212
0.556522
0.54153
0.515203
0.539249
0.529265
0.559974
0.552218
0.489321
0.51159
0.528862
0.504319
