0.518067
0.510314
0.525738
0.513745
0.513388
0.524202
0.50482
0.512076
0.50901
0.550323
0.547565
0.539438
0.520138
0.51967
0.558569
0.483336
0.494602
0.500883
0.508765
0.521809
0.56925
0.498082
0.49487
0.504624
0.541252
0.470138
0.477784
0.539222
0.556949
0.523856
0.520409
0.511445
0.521982
0.490035
0.510834
0.523003
0.497412
0.486542
0.493641
0.481916
0.493926
0.54749
0.543648
0.570656
0.571885
0.571431
0.506195
0.508814
0.550135
0.516415
0.489564
0.499232
0.551215
0.496633
0.482646
0.496433
0.565057
0.576081
0.51999
0.536597
0.539271
0.528333
0.514626
0.514871
0.558536
0.55322
0.547847
0.510748
0.546117
0.561183
0.56842
0.552699
0.540235
0.501164
0.475325
0.490813
0.562638
0.560394
0.560444
0.502825
0.496222
0.491076
0.526685
0.500018
0.572505
0.615987
0.582614
0.615082
0.536262
0.543065
0.527046
0.487881
0.507948
0.537134
0.554487
0.546298
0.535384
0.557005
0.550563
0.51844
0.521891
0.479634
0.552039
0.55287
0.500111
0.507319
0.519274
0.516981
0.516525
0.532937
0.528036
0.531821
0.51785
0.526166
0.509024
0.504915
0.538603
0.529488
0.51297
0.510667
0.556124
0.547146
0.551128
0.560441
0.511201
0.474798
0.453416
0.471064
0.542787
0.541125
0.538646
0.533482
0.510063
0.567605
0.562798
0.537407
0.534504
0.460782
0.519092
0.507877
0.515589
0.530517
0.500749
0.556849
0.556248
0.557153
0.553173
0.5115
0.512467
0.564234
0.511172
0.483423
0.486948
0.491932
0.516544
0.521424
0.545158
0.505313
0.505951
0.505866
0.606163
0.56777
0.556114
0.558188
0.511923
0.514946
0.582311
0.564682
0.550001
0.542679
0.535542
0.509009
0.515761
0.513127
0.51333
0.46994
0.524675
0.510426
0.50672
0.503324
0.528286
0.52792
0.52905
0.526284
0.528484
0.526711
0.562423
0.576596
0.567052
0.562113
0.568522
0.54105
0.499977
0.501295
0.536106
0.504229
0.496693
0.499271
0.501802
0.52992
0.508876
0.506007
0.51766
0.506428
0.490719
0.553593
0.567611
0.569706
0.503927
0.514101
0.505838
0.542282
0.541346
0.522326
0.514961
0.553632
0.554246
0.564005
0.569408
0.478328
0.494528
0.493416
0.490921
0.493202
0.520123
0.470605
0.462614
0.550418
0.561189
0.553612
0.526932
0.527968
0.52817
0.499656
0.513248
0.570298
0.563006
0.548599
0.534323
0.623219
0.606839
0.553901
0.552065
0.555937
0.556959
0.559768
0.506221
0.494411
0.528884
0.534908
0.541138
0.538454
0.527489
0.532512
0.562267
0.562185
0.597246
0.500124
0.512222
0.500415
0.530363
0.502579
0.507039
0.511807
0.460133
0.55148
0.562493
0.575942
0.471849
0.495236
0.486555
0.471358
0.49733
0.488777
0.566057
0.567647
0.580914
0.553933
0.553981
0.529046
0.525419
0.54813
0.536251
0.55531
0.53744
0.566556
0.546677
0.553299
0.526274
0.528555
0.525549
0.527759
0.555447
0.544157
0.551277
0.548625
0.478437
0.517976
0.512987
0.513096
0.554484
0.491937
0.491981
0.496745
0.572521
0.537073
0.542251
0.503241
0.466344
0.507595
0.520228
0.507405
0.517099
0.504221
0.499661
0.509146
0.505192
0.487974
0.55352
0.561373
0.544091
0.553549
0.541921
0.544098
0.543203
0.558541
0.553881
0.546109
0.524539
0.497723
0.560901
0.556617
0.539022
0.512704
0.521914
0.520353
0.486764
0.491122
0.515356
0.496093
0.548235
0.521125
0.527115
0.512073
0.501114
0.509887
0.503867
0.499592
0.601593
0.608566
0.551412
0.552626
0.504562
0.502217
0.496853
0.548604
0.547681
0.544203
0.558813
0.515059
0.48603
0.589416
0.560625
0.513981
0.577151
0.515842
0.528422
0.51187
0.517966
0.533128
0.54354
0.537908
0.525472
0.517681
0.494354
0.517904
0.494853
0.518697
0.51876
0.56732
0.587209
0.564918
0.535625
0.532389
0.541584
0.518884
0.527781
0.499
0.520194
0.48445
0.548508
0.559009
0.559943
0.579585
0.570664
0.587469
0.531262
0.511632
0.541596
0.463574
0.48051
0.472859
0.54634
0.541338
0.531968
0.552474
0.55171
0.505038
0.541624
0.544609
0.524686
0.479821
0.485825
0.513931
0.539684
0.557965
0.563875
0.569349
0.487572
0.541799
0.528678
0.525325
0.58386
0.497485
0.482557
0.56325
0.565971
0.571644
0.494316
0.512235
0.492655
0.489103
0.485875
0.542334
0.553447
0.542485
0.481482
0.4801
0.499347
0.516861
0.52638
0.584022
0.563549
0.549966
0.518713
0.499193
0.546743
0.531937
0.49436
0.579961
0.601076
0.600372
0.573577
0.55255
0.551952
0.566134
0.577823
0.525834
0.528017
0.546307
0.545379
0.493559
0.485455
0.480268
0.503984
0.500764
0.494746
0.555119
0.553275
0.537318
0.551741
0.563699
0.563966
0.503028
0.503494
0.544098
0.539273
0.49238
0.4729
0.522629
0.518831
0.51824
0.501333
0.496523
0.505155
0.49548
0.524646
0.520673
0.507916
0.551683
0.564464
0.482815
0.493418
0.498093
0.574184
0.552712
0.575963
0.548426
0.535824
0.521056
0.541388
0.529904
0.521862
0.53048
0.530426
0.526311
0.528412
0.491006
0.502189
0.502998
0.50409
0.574831
0.558967
0.535527
0.514015
0.579855
0.565192
0.580122
0.545092
0.555582
0.591146
0.499168
0.548798
0.551023
0.576955
0.57668
0.506566
0.524473
0.526374
0.524649
0.564637
0.584879
0.551135
0.557149
0.599712
0.469709
0.571284
0.51569
0.562703
0.567846
0.538506
0.549916
0.536572
0.542711
0.507494
0.53444
0.524541
0.509026
0.497466
0.481776
0.489335
0.530956
0.489118
0.533752
0.504919
0.490204
0.575306
0.598449
0.574611
0.586915
0.575041
0.474267
0.498162
0.538748
0.555467
0.552714
0.544687
0.507518
0.50495
0.530643
0.532565
0.478783
0.476974
0.50546
0.549712
0.493536
0.472857
0.553865
0.556449
0.552858
0.550473
0.525227
0.543295
0.538708
0.531734
0.540242
0.504067
0.526
0.509773
0.48531
0.480901
0.509944
0.531209
0.543909
0.539446
0.537932
0.53769
0.528037
0.546143
0.523739
0.49275
0.482649
0.489998
0.551076
0.532273
0.488685
0.519041
0.499481
0.509278
0.483605
0.496704
0.533053
0.542029
0.571261
0.557086
0.523668
0.524187
0.549898
0.500025
0.462263
0.488546
0.476783
0.484727
0.55052
0.555345
0.559183
0.515515
0.499067
0.500588
0.506894
0.502537
0.531888
0.529825
0.467325
0.514499
0.503701
0.50399
0.527249
0.511154
0.514341
0.542603
0.499181
0.475261
0.469982
0.485406
0.555695
0.563517
0.55148
0.490755
0.491902
0.543024
0.538548
0.488383
0.562115
0.551191
0.497628
0.503507
0.526352
0.529568
0.527713
0.528046
0.566218
0.54787
0.552768
0.511904
0.49445
0.501201
0.49553
0.507485
0.508705
0.514743
0.500926
0.505862
0.535593
0.507936
0.469022
0.462124
0.498773
0.550386
0.54299
0.562357
0.488441
0.5265
0.526174
0.484916
0.55248
0.505743
0.520402
0.529188
0.53695
0.529456
0.534463
0.534977
0.533372
0.552943
0.512855
0.500807
0.516868
0.512258
0.50501
0.51485
0.502016
0.474921
0.466217
0.476446
0.516627
0.551604
0.52243
0.517113
0.520044
0.532359
0.554179
0.553137
0.529126
0.466323
0.473636
0.50178
0.516163
0.51793
0.516346
0.511867
0.515515
0.504711
0.569546
0.491529
0.490202
0.597327
0.593767
0.60704
0.557159
0.536919
0.53341
0.514393
0.512658
0.538549
0.531424
0.542367
0.550847
0.547272
0.548057
0.532259
0.554921
0.568759
0.542638
0.531509
0.511992
0.495829
0.561913
0.562289
0.497414
0.503959
0.493915
0.545461
0.562895
0.566642
0.554192
0.50566
0.562356
0.520522
0.506725
0.607286
0.541965
0.506175
0.500607
0.504213
0.554478
0.50996
0.521248
0.520575
0.526956
0.568349
0.527607
0.534212
0.530131
0.551857
0.554612
0.522509
0.525539
0.552886
0.481764
0.56521
0.559124
0.487844
0.477133
0.484371
0.479226
0.567528
0.581987
0.468313
0.478476
0.492166
0.495294
0.563588
0.57414
0.541785
0.547643
0.564112
0.558856
0.562306
0.55202
0.506985
0.509499
0.505274
0.545395
0.531901
0.533764
0.534561
0.528687
0.522431
0.534142
0.523848
0.535978
0.551857
0.491128
0.520029
0.512664
0.520473
0.553385
0.533157
0.535768
0.516023
0.534561
0.544725
0.547661
0.552027
0.545403
0.545801
0.542161
0.534556
0.546895
0.547628
0.569604
0.525451
0.523746
0.501301
0.532809
0.533155
0.539659
0.511669
0.540552
0.501647
0.538225
0.529023
0.512313
0.51527
0.512066
0.486776
0.510649
0.540195
0.543057
0.494681
0.498417
0.548919
0.517129
0.519981
0.545392
0.496394
0.502471
0.515852
0.528764
0.535948
0.538371
0.457344
0.539537
0.532173
0.533743
0.53218
0.536892
0.548377
0.539417
0.573368
0.548333
0.55398
0.548682
0.556236
0.536372
0.53843
0.548925
0.498299
0.50663
0.561711
0.500314
0.530082
0.531403
0.488054
0.463861
0.474362
0.506983
0.499268
0.472962
0.472367
0.526716
0.525106
0.528093
0.536357
0.498628
0.50225
0.589659
0.501339
0.509564
0.458495
0.471705
0.586975
0.583769
0.491528
0.495652
0.577801
0.491382
0.535172
0.516107
0.521013
0.514658
0.561933
0.545244
0.570135
0.46689
0.481635
0.527069
0.524074
0.515783
0.524794
0.560376
0.549418
0.542835
0.535595
0.561961
0.477097
0.547118
0.537428
0.532249
0.531721
0.562241
0.51413
0.512104
0.525506
0.481189
0.501294
0.506081
0.503807
0.488154
0.523497
0.606169
0.502734
0.543169
0.543907
0.559845
0.559073
0.554393
0.52724
0.556351
0.541069
0.548547
0.539576
0.47259
0.534241
0.538005
0.546844
0.539545
0.541152
0.539606
0.536647
0.542765
0.549646
0.496222
0.500552
0.555207
0.515325
0.515373
0.493558
0.479098
0.529701
0.5324
0.536081
0.526744
0.531816
0.533498
0.568485
0.475421
0.548749
0.584484
0.570865
0.582822
0.534329
0.535504
0.565123
0.541562
0.566396
0.482307
0.513695
0.492415
0.493466
0.500412
0.480374
0.536649
0.51997
0.515286
0.541643
0.573593
0.541611
0.562897
0.512895
0.535523
0.554692
0.539823
0.559746
0.566699
0.513528
0.487363
0.491214
0.531255
0.515505
0.537391
0.543132
0.527292
0.542514
0.550692
0.553934
0.585016
0.572534
0.544502
0.536549
0.501539
0.509842
0.531537
0.555045
0.533768
0.522769
0.52363
0.543184
0.541079
0.620226
0.535627
0.540044
0.49744
0.474588
0.56136
0.509032
0.51076
0.467538
0.554305
0.578936
0.562028
0.501278
0.576737
0.553564
0.585689
0.564996
0.497954
0.527101
0.501781
0.547992
0.488605
0.49774
0.549316
0.515211
0.50588
0.501109
0.541629
0.564341
0.541565
0.550995
0.47944
0.53776
0.542292
0.482594
0.488831
0.502496
0.549234
0.480944
0.496237
0.555888
0.491071
0.489342
0.507066
0.530836
0.551111
0.550402
0.536034
0.528858
0.528508
0.545011
0.520786
0.540337
0.492924
0.510609
0.511113
0.500559
0.523336
0.532445
0.509756
0.498092
0.566243
0.497686
0.516384
0.564313
0.551102
0.499713
0.501309
0.581074
0.572827
0.509708
0.492449
0.484449
0.580998
0.575416
0.513297
0.501662
0.472373
0.53826
0.5301
0.519656
0.519569
0.524149
0.527003
0.569185
0.474981
0.535214
0.560863
0.54863
0.511239
0.527066
0.555209
0.566229
0.525042
0.532023
0.507145
0.547989
0.538507
0.503866
0.488373
0.487782
0.534115
0.533714
0.531686
0.550563
0.513627
0.473855
0.574584
0.577532
0.549679
0.542295
0.529478
0.545481
0.532036
0.475184
0.485457
0.560275
0.551526
0.553106
0.5388
0.588767
0.573836
0.499097
0.475837
0.500893
0.475309
0.550981
0.552668
0.549338
0.497137
0.467264
0.460374
0.555847
0.5411
0.544603
0.526651
0.549252
0.546667
0.539939
0.574369
0.478984
0.492963
0.489951
0.500949
0.508508
0.474789
0.561874
0.501359
0.493854
0.546075
0.497465
0.494731
0.495948
0.548809
0.508371
0.526001
0.563629
0.573292
0.51452
0.51461
0.546444
0.562903
0.52102
0.500581
0.509518
0.49862
0.459752
0.494442
0.501768
0.544536
0.484536
0.536097
0.478085
0.543202
0.522952
0.522268
0.499981
0.508507
0.574372
0.500307
0.492215
0.544233
0.549598
0.532373
0.499549
0.509569
0.506657
0.498245
0.586366
0.522235
0.512158
0.473726
0.56426
0.487603
0.51283
0.488501
0.531837
0.534757
0.526951
0.552776
0.552779
0.548836
0.50508
0.524063
0.521296
0.494875
0.48091
0.529579
0.52245
0.547386
0.514143
0.547912
0.533702
0.516484
0.522174
0.558665
0.549857
0.519969
0.564021
0.553546
0.553412
0.542758
0.560585
0.470481
0.466543
0.541394
0.467922
0.483315
0.528582
0.538214
0.540098
0.533704
0.503403
0.499545
0.550032
0.470841
0.513391
0.496791
0.514961
0.521322
0.532573
0.468071
0.483029
0.538317
0.514018
0.529747
0.545217
0.463598
0.545945
0.553913
0.521209
0.506647
0.554396
0.544799
0.527988
0.506895
0.461156
0.501646
0.515501
0.482228
0.516824
0.519256
0.531457
0.534489
0.538819
0.547913
0.608166
0.555863
0.513815
0.516023
0.52166
0.497009
0.543256
0.492954
0.509984
0.52905
0.463619
0.523481
0.524663
0.561426
0.543769
0.535382
0.554124
0.563936
0.554227
0.549715
0.458388
0.456567
0.538242
0.565128
0.477082
0.562024
0.55651
0.522348
0.482039
0.4792
0.561562
0.481294
0.542456
0.540304
0.561021
0.504389
0.501963
0.527103
0.581416
0.530942
0.471782
0.463574
0.521957
0.549833
0.533207
0.552924
0.553208
0.558867
0.501029
0.585105
0.464006
0.557167
0.509329
0.537871
0.522721
0.518844
0.535452
0.474977
0.520417
0.522385
0.584331
0.599435
0.535453
0.528352
0.524566
0.518206
0.535588
0.562354
0.515474
0.476708
0.483456
0.511752
0.571487
0.570386
0.544839
0.515854
0.518148
0.493033
0.563419
0.521065
0.544186
0.538551
0.505355
0.496576
0.543013
0.472911
0.473649
0.505359
0.518534
0.536704
0.521935
0.564509
0.546542
0.467439
0.5433
0.55676
0.547936
0.547334
0.463063
0.570056
0.566755
0.565586
0.552561
0.515156
0.538011
0.490095
0.478879
0.482475
0.56889
0.567535
0.46808
0.55106
0.578173
0.572358
0.554772
0.483697
0.534898
0.525758
0.528173
0.550988
0.526622
0.543327
0.541754
0.548073
0.53189
0.551086
0.529777
0.530263
0.544649
0.537722
0.528745
0.512553
0.564779
0.556036
0.525351
0.574013
0.553443
0.461212
0.474152
0.530359
0.475604
0.55613
0.472576
0.47815
0.493947
0.461837
0.559876
0.5532
0.556007
0.454596
0.506407
0.510585
0.571943
0.521001
0.559202
0.522168
0.523189
0.541812
0.554282
0.546295
0.559529
0.488121
0.539748
0.507938
0.495087
0.495882
0.464285
0.563928
0.519668
0.559074
0.5342
0.551738
0.530533
0.487433
0.521773
0.541332
0.545412
0.556271
0.549909
0.53873
0.55427
0.53792
0.547945
0.521992
0.522193
0.475586
0.552323
0.527426
0.535212
0.489577
0.562937
0.504322
0.540277
0.471924
0.506977
0.498736
0.539421
0.531828
0.487117
0.505049
0.519921
0.511182
0.489904
0.457669
0.472096
0.551228
0.529597
0.554798
0.501878
0.523874
0.527481
0.564538
0.533733
0.543972
0.582369
0.52471
0.511784
0.553962
0.551432
0.521493
0.492981
0.481641
0.498206
0.4916
0.482217
0.555905
0.539798
0.573719
0.509666
0.510851
0.490165
0.506438
0.509413
0.503336
0.462415
0.502427
0.484422
0.495744
0.560609
0.514889
0.478084
0.497749
0.49678
0.469843
0.493655
0.52417
0.52955
0.492872
0.574931
0.570894
0.546415
0.521477
0.500699
0.469325
0.513792
0.549685
0.548217
0.481464
0.477281
0.524343
0.572866
0.524989
0.541644
0.544005
0.487256
0.512856
0.541344
0.482371
0.48914
0.549578
0.563597
0.494638
0.545039
0.567788
0.566106
0.551071
0.484901
0.566015
0.522118
0.550645
0.520658
0.506574
0.474843
0.525465
0.520152
0.488154
0.554281
0.527204
0.549395
0.471481
0.513911
0.574982
0.523378
0.546052
0.583948
0.552523
0.546553
0.553245
0.564204
0.539291
0.572319
0.595285
0.523997
0.541203
0.476786
0.540275
0.530349
0.495111
0.494266
0.5187
0.5124
0.579854
0.564232
0.551764
0.517701
0.489413
0.497003
0.541095
0.499142
0.516815
0.542858
0.535225
0.549837
0.562518
0.496515
0.527145
0.533857
0.490227
0.541828
0.541586
0.55119
0.538958
0.551223
0.578205
0.489024
0.491948
0.496486
0.605709
0.566564
0.545505
0.524386
0.551084
0.564941
0.526918
0.462298
0.526571
0.550663
0.490108
0.577891
0.522594
0.534797
0.561009
0.524411
0.529461
0.552253
0.564033
0.566374
0.56859
0.523322
0.526462
0.557738
0.552434
0.547491
0.57346
0.541584
0.568398
0.54347
0.539223
0.533325
0.538445
0.473411
0.526232
0.549089
0.58539
0.464901
0.503967
0.469374
0.565816
0.490164
0.494244
0.498314
0.527481
0.518502
0.525179
0.554321
0.473429
0.548817
0.491758
0.492132
0.463504
0.472127
0.524999
0.462853
0.541949
0.556878
0.470369
0.516589
0.480642
0.562415
0.476655
0.564628
0.549758
0.450002
0.56881
0.50954
0.561457
0.513534
0.515425
0.558362
0.532933
0.525548
0.570432
0.473217
0.487934
0.58858
0.571825
0.505516
0.49533
0.570349
0.478472
0.56051
0.548535
0.564827
0.556383
0.522653
0.516715
0.467002
0.553262
0.535363
0.479635
0.534457
0.563871
0.569045
0.501062
0.467964
0.561505
0.549554
0.547467
0.551814
0.566321
0.510716
0.506816
0.555902
0.45999
0.501167
0.477186
0.496814
0.503693
0.508567
0.485786
0.494226
0.5544
0.557141
0.457195
0.557144
0.550903
0.543921
0.58402
0.486895
0.557562
0.562127
0.546599
0.574476
0.587393
0.55839
0.488647
0.555005
0.477995
0.534885
0.52594
0.563495
0.542114
0.55032
0.456074
0.508552
0.521961
0.571268
0.56442
0.519904
0.554393
0.578533
0.493098
0.598153
0.570431
0.579678
0.489475
0.499733
0.542626
0.560157
0.480467
0.517383
0.561001
0.556411
0.532527
0.467536
0.497343
0.54751
0.568445
0.52183
0.540539
0.589012
0.548967
0.481476
0.554941
0.53751
0.5522
0.550514
0.548031
0.534089
0.495863
0.530195
0.541323
0.519641
0.495556
0.46888
0.560115
0.49269
0.520919
0.505811
0.492097
0.548353
0.543406
0.505055
0.470861
0.561744
0.543263
0.552838
0.550438
0.525863
0.526202
0.495504
0.5639
0.56668
0.487095
0.548925
0.59274
0.503955
0.559419
0.558769
0.462581
0.522152
0.552599
0.509733
0.457285
0.54764
0.556909
0.479594
0.459439
0.45551
0.519667
0.569041
0.55936
0.535494
0.559753
0.495684
0.484807
0.543836
0.541479
0.48328
0.455687
0.544072
0.557125
0.517907
0.563494
0.592284
0.47048
0.512232
0.576844
0.472812
0.553417
0.459772
0.464042
0.535267
0.452493
0.480942
0.495606
0.514389
0.487196
0.553752
0.561413
0.522466
0.537645
0.458681
0.571337
0.546425
0.567538
0.545133
0.491922
0.496234
0.537128
0.568492
0.546329
0.564752
0.499588
0.474282
0.55824
0.468361
0.488884
0.555884
0.529157
0.570691
0.529934
0.464014
0.469907
0.569727
0.568426
0.556397
0.576251
0.502237
0.555676
0.544745
0.574832
0.538206
0.54682
0.569535
0.558637
0.520398
0.480982
0.455079
0.552973
0.552837
0.514051
0.5444
0.537398
0.553334
0.467209
0.534258
0.507255
0.545567
0.566097
0.54256
0.501049
0.541786
0.50694
0.523699
0.544532
0.546095
0.534793
0.554548
0.553848
0.51607
0.572951
0.548346
0.51284
0.495188
0.527116
0.479188
0.539239
0.524806
0.49745
0.523821
0.528855
0.521498
0.497281
0.503638
0.591081
0.574916
0.548577
0.545476
0.504778
0.513356
0.538248
0.538159
0.536226
0.533088
0.490736
0.48676
0.510563
0.505964
0.497161
0.520052
0.496089
0.531157
0.53712
0.540516
0.531691
0.498161
0.509362
0.492355
0.532232
0.516645
0.538777
0.517166
0.493544
0.503556
0.500046
0.508657
0.516567
0.503585
0.51352
0.490967
0.584387
0.527369
0.505817
0.492074
0.475886
0.593331
0.574531
0.552825
0.556353
0.519779
0.497864
0.550093
0.529084
0.51459
0.52868
0.49266
0.472608
0.508046
0.502074
0.517911
0.581158
0.534178
0.557738
0.526408
0.526558
0.525925
0.549521
0.505479
0.492224
0.499264
0.496438
0.533669
0.53701
0.530588
0.518526
0.578608
0.533651
0.519517
0.549373
0.495106
0.534365
0.523213
0.508927
0.525758
0.523037
0.515426
0.546585
0.521859
0.509582
0.500947
0.516621
0.517407
0.508925
0.538774
0.545682
0.511341
0.551242
0.495966
0.516905
0.521013
0.529442
0.553252
0.517415
0.515933
0.510031
0.542527
0.527881
0.517959
0.54349
0.524018
0.540114
0.552936
0.508058
0.498888
0.5057
0.498183
0.532698
0.5588
0.515719
0.558139
0.519493
0.513923
0.56391
0.487917
0.555171
0.543724
0.501497
0.510516
0.504089
0.505722
0.506663
0.58555
0.51571
0.55005
0.540718
0.568743
0.576289
0.505383
0.493453
0.5143
0.521746
0.513532
0.540067
0.494443
0.535745
0.525539
0.514093
0.549262
0.554777
0.507905
0.509572
0.559486
0.540715
0.516578
0.521929
0.528256
0.541952
0.513502
0.550221
0.529359
0.551942
0.506888
0.504103
0.512039
0.528782
0.511302
0.531891
0.535616
0.548719
0.522749
0.495949
0.552628
0.523635
0.527238
0.537895
0.544307
0.496351
0.548579
0.52792
0.514656
0.563365
0.517156
0.534528
0.556007
0.494173
0.537881
0.521259
0.557869
0.508204
0.508149
0.537968
0.559665
0.565215
0.548957
0.556538
0.567899
0.474523
0.483453
0.526023
0.514551
0.511967
0.484728
0.539052
0.514106
0.548665
0.538093
0.51748
0.530134
0.54682
0.505035
0.519289
0.517181
0.523106
0.522409
0.534134
0.535308
0.559411
0.48484
0.518061
0.538751
0.54183
0.550362
0.520145
0.504564
0.566605
0.503016
0.54172
0.51908
0.504225
0.579226
0.557141
0.530797
0.553096
0.514118
0.556537
0.548037
0.526103
0.49109
0.551329
0.521116
0.520658
0.526459
0.496576
0.524762
0.517402
0.57114
0.539999
0.513856
0.528321
0.528941
0.490877
0.527669
0.554716
0.52776
0.525592
0.49569
0.511911
0.544935
0.528649
0.528993
0.541886
0.582567
0.533354
0.535397
0.529095
0.50635
0.531388
0.535505
0.480985
0.510385
0.513451
0.479269
0.508484
0.495696
0.53421
0.529366
0.511465
0.540429
0.55086
0.517447
0.510244
0.548374
0.561991
0.543537
0.555833
0.509709
0.529367
0.527448
0.527538
0.527933
0.565706
0.510634
0.519548
0.531392
0.528249
0.543107
0.50341
0.481459
0.491802
0.497305
0.501373
0.502461
0.54269
0.557523
0.516207
0.549294
0.515434
0.502861
0.498743
0.495968
0.527735
0.53802
0.52469
0.519135
0.525146
0.513394
0.506369
0.503826
0.523057
0.502207
0.523766
0.547917
0.546634
0.51173
0.527379
0.526978
0.513598
0.514397
0.573813
0.526383
0.517457
0.571733
0.54867
0.542491
0.555535
0.512128
0.528027
0.489411
0.520678
0.522854
0.493704
0.550486
0.558734
0.519765
0.544024
0.528024
0.504749
0.523131
0.509214
0.529101
0.509498
0.501244
0.525301
0.550471
0.514932
0.538383
0.52946
0.537647
0.507683
0.546253
0.509304
0.492323
0.54383
0.562069
0.510178
0.535529
0.576819
0.557441
0.592325
0.522592
0.489933
0.547006
0.520391
0.519039
0.547676
0.516815
0.517382
0.525514
0.523668
0.518277
0.536582
0.501882
0.504765
0.521825
0.505935
0.500037
0.549566
0.525426
0.503508
0.535813
0.559868
0.505344
0.523043
0.514845
0.52984
0.521875
0.516836
0.55682
0.542279
0.541067
0.497936
0.518247
0.516998
0.505882
0.554782
0.50661
0.549334
0.520452
0.524695
0.496502
0.516085
0.513601
0.522094
0.54928
0.564439
0.522805
0.51013
0.49699
0.527123
0.58173
0.508317
0.515998
0.545199
0.536674
0.530369
0.559768
0.559604
0.560115
0.536964
0.554444
0.56536
0.509826
0.526859
0.504336
0.550592
0.565829
0.524905
0.550874
0.564079
0.513011
0.522946
0.504308
0.498683
0.487512
0.551556
0.549681
0.544251
0.483508
0.53095
0.55192
0.485033
0.551394
0.56147
0.523861
0.495775
0.578615
0.530116
0.571191
0.501074
0.533745
0.540247
0.529512
0.480432
0.543147
0.544671
0.501188
0.574868
0.474617
0.51021
0.54947
0.540786
0.5183
0.488409
0.514654
0.529324
0.553969
0.57177
0.585328
0.541453
0.499813
0.570834
0.591738
0.507208
0.558383
0.476046
0.560618
0.51929
0.511336
0.508563
0.504038
0.522994
0.569194
0.533184
0.521509
0.522707
0.552893
0.480812
0.530334
0.513821
0.529917
0.521417
0.547094
0.491082
0.518633
0.523249
0.522581
0.538573
0.503812
0.547146
0.525763
0.518877
0.502962
0.563678
0.506107
0.510373
0.525583
0.510803
0.548042
0.501374
0.546004
0.520482
0.503652
0.554961
0.492783
0.484361
0.503843
0.511162
0.543443
0.560459
0.51982
0.521667
0.574744
0.554343
0.5653
0.552573
0.529709
0.529852
0.496372
0.502849
0.499133
0.53394
0.537113
0.557352
0.538649
0.557123
0.517508
0.519252
0.558335
0.484599
0.574597
0.552048
0.528855
0.501141
0.518937
0.547786
0.494741
0.560738
0.533304
0.530058
0.522945
0.495327
0.504427
0.564
0.505601
0.518765
0.5463
0.525553
0.560436
0.558601
0.502774
0.49818
0.560049
0.527478
0.566796
0.544788
0.554126
0.523574
0.517372
0.519573
0.506837
0.51052
0.526786
0.537174
0.50051
0.552054
0.502477
0.506841
0.497828
0.499571
0.507128
0.484857
0.529875
0.528376
0.511761
0.541945
0.579676
0.533242
0.524706
0.518252
0.512506
0.501447
0.513387
0.522518
0.501895
0.529117
0.501094
0.513553
0.497543
0.51298
0.525165
0.544573
0.546336
0.51594
0.492072
0.538572
0.492294
0.492413
0.498322
0.540015
0.499161
0.5039
0.568418
0.518552
0.565884
0.568375
0.551673
0.504624
0.480147
0.555669
0.547698
0.502771
0.534098
0.490286
0.539932
0.546419
0.490096
0.562251
0.49498
0.564951
0.534357
0.50361
0.543004
0.514744
0.482807
0.516772
0.524927
0.562015
0.501832
0.59244
0.498268
0.552373
0.516585
0.522673
0.482842
0.497395
0.554597
0.521555
0.508454
0.536495
0.519414
0.554626
0.543322
0.485535
0.546463
0.566757
0.492821
0.536758
0.541488
0.555385
0.568747
0.554066
0.550832
0.549237
0.467445
0.521847
0.542866
0.549313
0.576867
0.497525
0.473708
0.559402
0.555414
0.545869
0.534083
0.57162
0.547087
0.506738
0.526013
0.535781
0.507212
0.554701
0.528826
0.540142
0.548647
0.524717
0.521989
0.49492
0.559289
0.482146
0.551021
0.560526
0.546726
0.578447
0.483561
0.549502
0.539823
