0.511528
0.51564
0.535059
0.527449
0.585817
0.527752
0.520169
0.5271
0.519804
0.517909
0.557765
0.551346
0.54481
0.581515
0.555526
0.494687
0.510964
0.494757
0.513622
0.522862
0.530124
0.50218
0.518311
0.514576
0.526234
0.543632
0.527684
0.461508
0.472909
0.540836
0.525689
0.496603
0.512409
0.535772
0.53057
0.529989
0.571729
0.491107
0.506025
0.489286
0.556965
0.561594
0.543167
0.541677
0.52874
0.552041
0.559727
0.506714
0.510026
0.539518
0.533088
0.562789
0.537093
0.549954
0.552855
0.50129
0.486969
0.496021
0.557686
0.501938
0.572021
0.589338
0.531879
0.545509
0.545467
0.529004
0.513809
0.587864
0.572808
0.564909
0.552924
0.500918
0.509147
0.550209
0.552907
0.549542
0.49866
0.499995
0.547601
0.554028
0.486449
0.487136
0.54455
0.561125
0.506654
0.517939
0.505225
0.522917
0.525091
0.485428
0.542259
0.56471
0.586659
0.565095
0.532708
0.53165
0.520024
0.521493
0.507871
0.491154
0.546754
0.551271
0.534579
0.545508
0.495947
0.470972
0.541252
0.53622
0.55123
0.468044
0.557791
0.556393
0.543797
0.529795
0.551046
0.554301
0.495557
0.519866
0.516022
0.533289
0.526808
0.479158
0.480099
0.519428
0.537911
0.529776
0.518162
0.505268
0.487641
0.525561
0.526725
0.513769
0.516262
0.549473
0.556267
0.470796
0.482229
0.460239
0.471572
0.512811
0.568045
0.555684
0.552023
0.545849
0.527261
0.461423
0.488297
0.504803
0.503223
0.475255
0.492483
0.552336
0.5571
0.548984
0.553148
0.549909
0.548252
0.539245
0.513469
0.510408
0.513881
0.565314
0.493567
0.572793
0.480454
0.493486
0.520688
0.514226
0.521621
0.545944
0.557364
0.508778
0.587433
0.574681
0.556587
0.549801
0.552476
0.539943
0.515312
0.511517
0.557531
0.557093
0.556697
0.545485
0.549334
0.491637
0.516288
0.514215
0.513904
0.517638
0.510711
0.514068
0.527022
0.530031
0.528275
0.539965
0.554459
0.542315
0.56606
0.563828
0.561982
0.581054
0.569456
0.569207
0.546584
0.551657
0.539175
0.564019
0.503402
0.493095
0.499798
0.537248
0.52993
0.508368
0.507553
0.522067
0.526362
0.506517
0.486873
0.57821
0.579166
0.548755
0.55344
0.555922
0.564036
0.486742
0.489457
0.481961
0.490095
0.537034
0.52516
0.526794
0.525796
0.536268
0.543684
0.54801
0.559219
0.542763
0.587898
0.547798
0.51958
0.522731
0.526645
0.518857
0.557961
0.547998
0.55316
0.549338
0.500715
0.492479
0.536508
0.534003
0.542857
0.523894
0.544972
0.52787
0.567173
0.602367
0.485984
0.505901
0.519332
0.501271
0.514139
0.546325
0.56945
0.556336
0.508904
0.459882
0.467074
0.553603
0.538891
0.559853
0.562885
0.574503
0.479608
0.505202
0.492329
0.591201
0.597297
0.562736
0.554778
0.561793
0.547064
0.560381
0.534259
0.514679
0.529086
0.525355
0.546902
0.510595
0.509805
0.511401
0.555538
0.4761
0.522488
0.537629
0.538443
0.523285
0.527425
0.515259
0.522641
0.514745
0.483945
0.535899
0.534266
0.543543
0.551037
0.538417
0.542809
0.542759
0.543433
0.488009
0.525112
0.53831
0.526309
0.513648
0.527556
0.486463
0.500579
0.551025
0.478121
0.527095
0.522745
0.50863
0.505683
0.570576
0.565722
0.558595
0.54268
0.552549
0.507866
0.507269
0.48641
0.502274
0.538078
0.561724
0.557913
0.567844
0.55367
0.476498
0.570428
0.526433
0.528475
0.53192
0.557218
0.583385
0.568303
0.5804
0.561157
0.560789
0.558227
0.519933
0.508347
0.509796
0.523107
0.512511
0.539329
0.524751
0.517887
0.511719
0.518804
0.565514
0.548733
0.54235
0.557425
0.541603
0.566161
0.493796
0.58212
0.554017
0.541281
0.558505
0.564685
0.545588
0.561889
0.525278
0.532696
0.485125
0.510171
0.484891
0.558059
0.555485
0.546477
0.553225
0.469002
0.494728
0.532179
0.517389
0.514495
0.497233
0.502449
0.541434
0.55053
0.491056
0.485287
0.555336
0.554757
0.544924
0.54203
0.496272
0.515526
0.534033
0.565147
0.58189
0.489102
0.485939
0.507391
0.494974
0.51379
0.570872
0.59395
0.500166
0.48857
0.496063
0.570899
0.573511
0.558997
0.502253
0.512993
0.510154
0.510741
0.4954
0.489317
0.584084
0.596045
0.546571
0.55914
0.542006
0.465663
0.475318
0.515757
0.506219
0.518537
0.50843
0.495264
0.473044
0.487987
0.553414
0.505403
0.511368
0.511062
0.531578
0.543563
0.524268
0.547628
0.548406
0.540844
0.552177
0.559495
0.485766
0.492056
0.540561
0.548588
0.52616
0.564415
0.558744
0.498092
0.484512
0.496993
0.602057
0.526895
0.494767
0.492976
0.496634
0.53973
0.547035
0.551181
0.539783
0.5407
0.549563
0.550861
0.508971
0.543893
0.591795
0.584289
0.497416
0.488352
0.528069
0.523356
0.52294
0.523587
0.523831
0.516071
0.512515
0.546339
0.48393
0.499174
0.525786
0.556947
0.585521
0.563513
0.528779
0.52838
0.54106
0.559996
0.546713
0.526159
0.547909
0.531734
0.522057
0.52095
0.523728
0.523803
0.555337
0.528547
0.525257
0.524494
0.508219
0.506746
0.540499
0.556569
0.574684
0.537527
0.535447
0.530425
0.564075
0.551252
0.496903
0.569274
0.569635
0.577542
0.559416
0.534992
0.525107
0.554983
0.633333
0.508086
0.531317
0.571067
0.562348
0.537391
0.567297
0.53457
0.533574
0.485902
0.568457
0.569515
0.495336
0.483818
0.488588
0.543436
0.544088
0.535204
0.4696
0.469379
0.542695
0.53476
0.506176
0.577056
0.590411
0.577511
0.579797
0.530835
0.546245
0.501902
0.503293
0.549795
0.538783
0.490909
0.5581
0.492654
0.509251
0.529508
0.533002
0.532121
0.477576
0.494479
0.54421
0.526585
0.536368
0.536294
0.547168
0.52371
0.52447
0.498103
0.521392
0.517714
0.57004
0.553947
0.516592
0.488661
0.487068
0.492964
0.512358
0.539929
0.530687
0.535729
0.536055
0.53389
0.532067
0.528187
0.491822
0.481097
0.487573
0.520851
0.520157
0.493885
0.52341
0.521862
0.521163
0.511612
0.516394
0.568587
0.552625
0.541952
0.497978
0.544476
0.550251
0.539249
0.552375
0.555759
0.553569
0.470504
0.460017
0.485105
0.466641
0.482736
0.488339
0.556197
0.493077
0.555744
0.558972
0.476871
0.498009
0.58079
0.500327
0.499919
0.52037
0.530441
0.515664
0.508338
0.542545
0.507517
0.52544
0.511987
0.516582
0.517804
0.547814
0.543513
0.538467
0.458159
0.473093
0.489024
0.485747
0.589239
0.568284
0.560212
0.550738
0.537538
0.523041
0.530481
0.490612
0.500397
0.540458
0.538172
0.487289
0.486153
0.494181
0.500249
0.571527
0.523204
0.532051
0.530579
0.569232
0.509179
0.500424
0.494456
0.498671
0.500324
0.479571
0.515889
0.501271
0.472682
0.485378
0.566111
0.550529
0.463275
0.499484
0.542848
0.543595
0.560555
0.557004
0.507398
0.514177
0.524718
0.476377
0.497299
0.467578
0.548965
0.569733
0.567665
0.56
0.544722
0.541388
0.48652
0.517198
0.530023
0.515768
0.506301
0.527734
0.556633
0.517513
0.508661
0.501736
0.512053
0.471123
0.475637
0.566385
0.516122
0.513888
0.542428
0.535645
0.54952
0.55007
0.539138
0.532776
0.52325
0.464294
0.494648
0.57846
0.549176
0.471177
0.477214
0.520193
0.49741
0.519192
0.469858
0.492435
0.484161
0.53913
0.59796
0.606366
0.487017
0.489778
0.494873
0.552642
0.541402
0.532477
0.546841
0.512631
0.50913
0.507568
0.550164
0.480542
0.4671
0.493631
0.479844
0.483946
0.540172
0.557382
0.551586
0.532503
0.515635
0.527297
0.53672
0.531716
0.494452
0.485365
0.502682
0.50808
0.550773
0.559088
0.470167
0.472038
0.588018
0.532311
0.545299
0.554784
0.49856
0.498282
0.545838
0.604467
0.593542
0.540885
0.535561
0.538245
0.512749
0.517784
0.514201
0.546002
0.523469
0.503605
0.534335
0.527246
0.554522
0.572305
0.508087
0.528288
0.557869
0.561964
0.555163
0.537729
0.534493
0.50438
0.487299
0.473524
0.493156
0.558523
0.580775
0.573511
0.516183
0.513991
0.51132
0.562889
0.559707
0.550728
0.557807
0.503365
0.505418
0.504843
0.4678
0.53393
0.536155
0.543257
0.540095
0.498229
0.495405
0.519909
0.529565
0.529667
0.541946
0.533472
0.529412
0.513798
0.557374
0.553762
0.571877
0.536937
0.536198
0.551221
0.547697
0.548286
0.546964
0.511327
0.536977
0.551143
0.550636
0.551115
0.544894
0.53543
0.522228
0.532697
0.509467
0.547713
0.537904
0.545889
0.511795
0.487815
0.540497
0.543824
0.487322
0.494262
0.548125
0.510669
0.523036
0.489435
0.538193
0.532194
0.495357
0.492935
0.511056
0.528074
0.530521
0.540126
0.550133
0.516329
0.520771
0.537929
0.501027
0.531534
0.546013
0.549854
0.539354
0.534425
0.536774
0.548438
0.547753
0.551595
0.545157
0.552073
0.556004
0.56151
0.545009
0.549493
0.522888
0.52557
0.522352
0.523321
0.521304
0.517643
0.54431
0.529552
0.504087
0.49602
0.574053
0.541213
0.52997
0.536912
0.551955
0.506793
0.527254
0.540433
0.558577
0.48787
0.541596
0.532253
0.532075
0.529651
0.477083
0.490586
0.46418
0.480781
0.497389
0.541471
0.547916
0.573083
0.528037
0.525263
0.528738
0.5295
0.518661
0.521403
0.483363
0.488541
0.55506
0.54044
0.559986
0.568189
0.503245
0.456324
0.461523
0.566631
0.496232
0.490229
0.491681
0.484947
0.480612
0.536221
0.510545
0.466472
0.512836
0.511186
0.527761
0.525572
0.52961
0.540784
0.524058
0.537489
0.581896
0.57217
0.541374
0.509111
0.535843
0.559166
0.544966
0.478966
0.536823
0.533243
0.559891
0.559188
0.504289
0.488259
0.492079
0.510654
0.509544
0.52133
0.522379
0.498764
0.494102
0.499057
0.539236
0.544383
0.49081
0.483767
0.535332
0.496761
0.528786
0.546419
0.550955
0.53176
0.488793
0.536167
0.536246
0.541037
0.535741
0.542337
0.550023
0.550871
0.490107
0.529802
0.564236
0.545564
0.537173
0.533119
0.521308
0.568885
0.560412
0.477187
0.532693
0.536156
0.473734
0.491078
0.566525
0.545547
0.534071
0.567189
0.574217
0.577092
0.472889
0.48652
0.520084
0.553831
0.518356
0.569379
0.529398
0.526009
0.566566
0.592631
0.559724
0.490046
0.490361
0.49132
0.474179
0.527564
0.510259
0.571208
0.534709
0.505622
0.51052
0.509299
0.602024
0.519439
0.516462
0.555386
0.557875
0.485964
0.484864
0.472397
0.532554
0.545711
0.55132
0.556706
0.559229
0.578429
0.480838
0.57618
0.548499
0.544505
0.549113
0.595445
0.54166
0.569589
0.509677
0.55081
0.545017
0.55505
0.576538
0.483709
0.563007
0.567153
0.499249
0.546276
0.54789
0.521154
0.511922
0.513753
0.559477
0.488716
0.494244
0.565304
0.51641
0.517116
0.543176
0.55433
0.558374
0.548743
0.560156
0.531229
0.530986
0.477858
0.501391
0.471567
0.560713
0.54437
0.554518
0.476357
0.506649
0.488859
0.504101
0.506292
0.535026
0.533985
0.529424
0.526129
0.517724
0.515581
0.509282
0.503139
0.517219
0.541236
0.496544
0.496303
0.560798
0.558403
0.516562
0.553958
0.580143
0.50204
0.571252
0.496456
0.476588
0.589947
0.606315
0.53266
0.569429
0.507673
0.504715
0.459636
0.492591
0.49921
0.526843
0.536163
0.531387
0.522485
0.522669
0.525491
0.536543
0.557027
0.519931
0.515751
0.537755
0.544796
0.527466
0.466676
0.500369
0.534922
0.459263
0.471409
0.515203
0.533092
0.51473
0.514841
0.521548
0.525102
0.523422
0.523445
0.490052
0.575766
0.548523
0.527449
0.525591
0.474808
0.490099
0.466427
0.478043
0.562611
0.582767
0.486386
0.483095
0.559269
0.552217
0.557116
0.488299
0.461194
0.466733
0.539375
0.550994
0.53638
0.548962
0.496607
0.503134
0.544745
0.552128
0.559059
0.528328
0.524167
0.550301
0.544825
0.537599
0.53136
0.568184
0.527607
0.490802
0.52075
0.513522
0.475372
0.571335
0.490535
0.491306
0.550349
0.515305
0.559
0.571961
0.532439
0.515878
0.57504
0.538836
0.474194
0.508545
0.497071
0.511822
0.454469
0.50835
0.490437
0.492244
0.488014
0.570042
0.476217
0.530005
0.475315
0.588
0.472593
0.520159
0.523415
0.499442
0.579857
0.483667
0.544801
0.545761
0.534871
0.535925
0.52753
0.534512
0.555579
0.499939
0.511712
0.503154
0.476266
0.493822
0.530634
0.5372
0.546899
0.496271
0.49166
0.525746
0.50559
0.476652
0.468578
0.541095
0.534477
0.486469
0.518897
0.53735
0.523015
0.558216
0.552799
0.549921
0.541931
0.550747
0.552715
0.552662
0.467112
0.462442
0.480144
0.528232
0.554638
0.503877
0.534474
0.523258
0.497093
0.481886
0.560301
0.535904
0.476288
0.50745
0.519624
0.545074
0.483698
0.56901
0.551059
0.550162
0.465133
0.560705
0.561399
0.562835
0.577209
0.530348
0.52255
0.525304
0.457614
0.518252
0.583708
0.511213
0.531809
0.535817
0.531829
0.531519
0.539494
0.606593
0.544424
0.575301
0.560532
0.519514
0.541046
0.514697
0.580116
0.509391
0.50922
0.537427
0.578285
0.563002
0.504633
0.558505
0.52308
0.545834
0.60024
0.582931
0.544259
0.532781
0.454278
0.449513
0.536255
0.550127
0.481562
0.524887
0.521393
0.560629
0.558078
0.502195
0.496021
0.477072
0.533419
0.533168
0.575537
0.520626
0.50629
0.500206
0.464639
0.473268
0.467722
0.473348
0.608747
0.520474
0.523799
0.553164
0.543673
0.549607
0.564555
0.604957
0.480095
0.543491
0.557425
0.504262
0.520577
0.517804
0.51952
0.521636
0.569201
0.550769
0.522612
0.516463
0.521275
0.592606
0.557927
0.538963
0.540223
0.459795
0.515265
0.520554
0.52334
0.466303
0.498573
0.506515
0.569189
0.570714
0.512231
0.514616
0.49258
0.566842
0.520216
0.553119
0.528726
0.527612
0.486545
0.480672
0.495412
0.538518
0.463152
0.531438
0.506925
0.545242
0.522368
0.487098
0.492052
0.465106
0.550262
0.466471
0.52378
0.557759
0.543065
0.50177
0.570829
0.579152
0.567085
0.486874
0.494299
0.488162
0.516058
0.544599
0.546438
0.489789
0.576736
0.564649
0.477616
0.562551
0.568379
0.523352
0.523054
0.526931
0.545291
0.539928
0.539674
0.529513
0.532242
0.571708
0.568483
0.56329
0.535501
0.477583
0.570135
0.511549
0.542857
0.547084
0.569209
0.538831
0.503926
0.473061
0.508477
0.527213
0.479046
0.539224
0.507496
0.521806
0.522842
0.489895
0.521136
0.528931
0.548123
0.550344
0.527221
0.511473
0.569456
0.562829
0.513482
0.568375
0.525174
0.530266
0.548992
0.557059
0.535316
0.521484
0.523638
0.576976
0.495238
0.558374
0.490152
0.531328
0.499401
0.529482
0.511348
0.488228
0.479225
0.53155
0.532298
0.56452
0.52721
0.553937
0.487785
0.554934
0.518188
0.536802
0.53982
0.548531
0.553255
0.510118
0.542709
0.561962
0.527266
0.534163
0.507393
0.499896
0.511493
0.542922
0.537425
0.465638
0.55084
0.531856
0.509067
0.567222
0.489383
0.492765
0.560527
0.47247
0.511683
0.488025
0.518276
0.510846
0.511021
0.490813
0.456392
0.474566
0.560237
0.517588
0.519148
0.590018
0.548545
0.507562
0.552328
0.549124
0.569326
0.534134
0.533857
0.545885
0.554097
0.491847
0.498359
0.510778
0.479814
0.546811
0.498183
0.487466
0.485106
0.531747
0.542657
0.570639
0.554196
0.542209
0.574094
0.567349
0.505766
0.507892
0.523719
0.517964
0.590201
0.547073
0.552352
0.515043
0.535941
0.468424
0.537113
0.553939
0.555745
0.478353
0.486161
0.564803
0.470587
0.538078
0.525432
0.542889
0.491321
0.464317
0.469063
0.570008
0.498131
0.563654
0.505574
0.541467
0.529135
0.529449
0.552456
0.526395
0.568587
0.508549
0.530191
0.491097
0.499413
0.489251
0.539377
0.482517
0.560076
0.486349
0.562223
0.545099
0.54511
0.55547
0.479253
0.562363
0.522304
0.524965
0.552001
0.477045
0.518889
0.559427
0.533413
0.564346
0.548591
0.471121
0.485955
0.511148
0.581937
0.570963
0.516367
0.581074
0.547198
0.568712
0.577607
0.556651
0.482951
0.577958
0.523175
0.474326
0.451825
0.455004
0.46693
0.49237
0.5242
0.507048
0.489278
0.548172
0.521304
0.509825
0.512638
0.488271
0.497241
0.561274
0.543971
0.497629
0.540742
0.516678
0.560819
0.496995
0.53767
0.560708
0.566503
0.550973
0.5566
0.515573
0.510697
0.485143
0.548398
0.549808
0.510254
0.548356
0.45462
0.484075
0.489857
0.484526
0.557452
0.474226
0.547247
0.550291
0.541604
0.550764
0.565062
0.565127
0.456636
0.545768
0.535088
0.596329
0.519168
0.542755
0.491089
0.482925
0.489003
0.554731
0.556175
0.564462
0.552148
0.536027
0.472685
0.470324
0.459989
0.562319
0.560496
0.523809
0.502553
0.522886
0.539577
0.556273
0.543476
0.470553
0.538932
0.492215
0.534171
0.502539
0.546898
0.534282
0.490598
0.564061
0.578607
0.499151
0.559023
0.493168
0.501323
0.533637
0.543224
0.554498
0.551088
0.496864
0.483415
0.490139
0.503892
0.546977
0.464047
0.510882
0.51564
0.577063
0.586016
0.488237
0.459946
0.595841
0.551846
0.542907
0.499658
0.518152
0.480472
0.555471
0.476848
0.560568
0.564028
0.47844
0.546518
0.563206
0.550753
0.541844
0.538143
0.450229
0.556335
0.485322
0.489027
0.503979
0.533734
0.531546
0.533906
0.530297
0.573681
0.49144
0.474382
0.485137
0.542674
0.568297
0.551638
0.473946
0.56298
0.558744
0.566872
0.559707
0.552011
0.479357
0.548355
0.571892
0.495431
0.556751
0.500099
0.548781
0.555735
0.505326
0.540772
0.551306
0.595756
0.576146
0.486868
0.551494
0.46557
0.491125
0.502476
0.475219
0.503533
0.460519
0.538803
0.491229
0.55786
0.558183
0.457474
0.567807
0.525799
0.497746
0.572996
0.580005
0.49173
0.464294
0.455663
0.535229
0.535086
0.537182
0.505455
0.539729
0.529353
0.549374
0.561712
0.49169
0.552606
0.558095
0.554104
0.557905
0.505391
0.55502
0.493335
0.567241
0.568947
0.487574
0.500077
0.48732
0.499013
0.481581
0.561163
0.559247
0.5283
0.569034
0.506765
0.588766
0.567085
0.53336
0.570599
0.550246
0.546981
0.491073
0.533227
0.560143
0.534881
0.493434
0.541702
0.522673
0.49306
0.466988
0.567923
0.489326
0.454747
0.523706
0.491365
0.584515
0.475308
0.555434
0.474318
0.574875
0.540626
0.503963
0.561253
0.532089
0.536073
0.489292
0.567987
0.503155
0.587186
0.558757
0.521621
0.522807
0.462548
0.454968
0.48837
0.547931
0.455001
0.451703
0.464997
0.547808
0.569856
0.555797
0.492337
0.536965
0.560231
0.531959
0.477334
0.602932
0.550462
0.559106
0.517736
0.467687
0.575121
0.547104
0.561163
0.495211
0.550933
0.561885
0.460478
0.529242
0.472817
0.569575
0.502883
0.493946
0.603755
0.489223
0.547865
0.484529
0.505682
0.519774
0.540207
0.458164
0.571059
0.468538
0.551353
0.488329
0.495452
0.537434
0.545758
0.546072
0.552771
0.567059
0.54579
0.488647
0.547723
0.493576
0.545854
0.50407
0.552718
0.566211
0.552846
0.564397
0.497315
0.498711
0.56789
0.485025
0.529253
0.483103
0.553437
0.520274
0.466001
0.569571
0.554671
0.461883
0.559605
0.559848
0.504381
0.584458
0.540427
0.564041
0.460509
0.557038
0.506236
0.566828
0.480849
0.45156
0.569592
0.557883
0.517115
0.59854
0.470134
0.463588
0.542432
0.578699
0.536847
0.50009
0.539134
0.540293
0.545078
0.509275
0.494479
0.498086
0.491545
0.498885
0.520876
0.530644
0.549269
0.551352
0.54056
0.544373
0.542338
0.51779
0.577179
0.571085
0.532805
0.510826
0.536667
0.534059
0.527042
0.521838
0.531345
0.544252
0.525693
0.528534
0.473217
0.5267
0.538329
0.498787
0.492579
0.580885
0.520708
0.5265
0.552089
0.537589
0.488621
0.539201
0.516833
0.541379
0.527292
0.528743
0.514752
0.493836
0.501347
0.515528
0.52711
0.512939
0.566683
0.547091
0.509072
0.531823
0.476229
0.545649
0.510535
0.491463
0.488025
0.4993
0.520046
0.529075
0.523526
0.53024
0.542387
0.530895
0.486069
0.565037
0.500076
0.518013
0.509185
0.481404
0.53749
0.554582
0.529275
0.545096
0.50044
0.509167
0.527252
0.518575
0.534294
0.4969
0.506702
0.48665
0.486808
0.484023
0.539919
0.531981
0.550868
0.521063
0.52681
0.512607
0.496677
0.552991
0.552707
0.508714
0.529498
0.487189
0.5107
0.526596
0.551558
0.536202
0.552504
0.548891
0.527696
0.548267
0.487251
0.550859
0.549905
0.489423
0.542689
0.532234
0.538533
0.527726
0.564012
0.537462
0.508133
0.534441
0.553407
0.527105
0.513187
0.505577
0.553146
0.516031
0.506797
0.519116
0.520586
0.554945
0.525259
0.532605
0.573518
0.51784
0.505412
0.50495
0.517029
0.51084
0.592322
0.508707
0.508002
0.523005
0.52047
0.523493
0.492018
0.545919
0.51055
0.49837
0.536299
0.545997
0.548119
0.520076
0.538159
0.493423
0.554117
0.504249
0.499758
0.514878
0.52164
0.540651
0.525185
0.573314
0.550575
0.491727
0.513943
0.530225
0.520224
0.519984
0.539333
0.522838
0.515098
0.531487
0.509967
0.504932
0.506701
0.538679
0.521669
0.581296
0.525964
0.535206
0.529436
0.545377
0.488844
0.496518
0.518833
0.520674
0.503749
0.556269
0.55953
0.498757
0.545772
0.556127
0.513702
0.562726
0.508594
0.493686
0.530909
0.529366
0.552452
0.48993
0.505046
0.524023
0.525926
0.55686
0.540144
0.563325
0.541806
0.518474
0.508827
0.524649
0.542661
0.553695
0.538162
0.541474
0.527807
0.513249
0.521337
0.514123
0.512774
0.522678
0.532173
0.548395
0.478437
0.477599
0.493123
0.52052
0.517325
0.510918
0.503965
0.511627
0.52722
0.492291
0.507698
0.515515
0.49287
0.568703
0.512131
0.533099
0.534331
0.513293
0.522034
0.505759
0.502223
0.489063
0.514277
0.530261
0.531615
0.557489
0.535312
0.480911
0.521632
0.52474
0.474896
0.501164
0.527676
0.517141
0.495975
0.508377
0.526584
0.531257
0.522503
0.543648
0.522445
0.537272
0.545433
0.554633
0.527985
0.531633
0.530545
0.515401
0.542142
0.530149
0.540391
0.538579
0.505178
0.484691
0.558896
0.565401
0.496351
0.487755
0.519639
0.522267
0.55566
0.539126
0.525253
0.534496
0.553258
0.562347
0.504843
0.512416
0.501162
0.499253
0.531864
0.499054
0.495704
0.530126
0.570682
0.528638
0.528131
0.555243
0.548424
0.551554
0.557053
0.520906
0.529558
0.496724
0.509902
0.548687
0.551125
0.505266
0.494109
0.522483
0.529357
0.524798
0.493421
0.487234
0.525967
0.480327
0.527314
0.512575
0.505741
0.510799
0.502741
0.515928
0.482312
0.519815
0.503728
0.512805
0.524957
0.534082
0.523489
0.502806
0.511042
0.49686
0.556898
0.548144
0.519194
0.531414
0.562281
0.454872
0.492254
0.506812
0.542517
0.513934
0.54633
0.516342
0.554803
0.545614
0.506212
0.511186
0.529247
0.530541
0.508939
0.546546
0.50997
0.547383
0.568978
0.556418
0.540544
0.544295
0.532804
0.48168
0.485019
0.491059
0.528602
0.581643
0.591543
0.513858
0.544291
0.513344
0.517246
0.559818
0.523162
0.525639
0.510982
0.513487
0.514394
0.500957
0.537464
0.519049
0.530686
0.531627
0.538475
0.501413
0.476709
0.512114
0.486109
0.551878
0.528743
0.526898
0.486791
0.502169
0.505859
0.528196
0.521823
0.497761
0.490995
0.516843
0.500572
0.544714
0.500385
0.561858
0.56114
0.529191
0.543737
0.539602
0.50927
0.524054
0.535864
0.492831
0.504319
0.489806
0.508616
0.482143
0.563122
0.560896
0.588077
0.543688
0.54289
0.501378
0.54253
0.544332
0.528716
0.491435
0.540432
0.508345
0.520489
0.579085
0.528762
0.544811
0.526288
0.55776
0.586816
0.483661
0.537035
0.535289
0.527945
0.552679
0.532953
0.559507
0.53275
0.544366
0.495772
0.519529
0.474919
0.546213
0.486024
0.555209
0.514634
0.496365
0.554802
0.530115
0.515851
0.548613
0.485446
0.513125
0.539444
0.523452
0.482311
0.553812
0.544387
0.480622
0.526361
0.523452
0.562558
0.498722
0.536332
0.473836
0.505899
0.512631
0.496925
0.483737
0.527107
0.551185
0.580976
0.492089
0.529349
0.563987
0.539729
0.547577
0.567514
0.551183
0.536101
0.529845
0.59406
0.563143
0.495543
0.542917
0.503883
0.519317
0.497002
0.564142
0.510803
0.560403
0.51741
0.536031
0.495169
0.529039
0.488514
0.567192
0.55158
0.5722
0.546897
0.558455
0.504476
0.569112
0.502522
0.525929
0.515441
0.528208
0.538836
0.496433
0.502814
0.497718
0.552942
0.495307
0.514303
0.589185
0.49521
0.523797
0.580681
0.538778
0.533776
0.554801
0.568898
0.506919
0.56762
0.533115
0.522914
0.54576
0.552631
0.532831
0.495132
0.501411
0.588743
0.530999
0.515008
0.541364
0.490959
0.509265
0.496247
0.486313
0.480686
0.541152
0.535683
0.527428
0.530606
0.524051
0.603385
0.486878
0.580342
0.556097
0.572281
0.468656
0.571702
0.487906
0.501448
0.528349
0.522526
0.542775
0.523618
0.558323
0.580154
0.480743
0.552516
0.527938
0.524951
0.488287
0.518038
0.549578
0.523605
0.584946
0.52215
0.512491
0.530522
0.515212
0.550532
0.501639
0.516783
0.530923
0.521741
0.533795
0.49994
0.499252
0.515614
0.49399
0.515647
0.501712
0.512538
0.483506
0.523752
0.488034
0.525441
0.530987
0.53933
0.541068
0.546908
0.534104
0.532546
0.535913
0.495616
0.544718
0.511449
0.53509
0.539958
0.533706
0.503838
0.560708
0.526575
0.538142
0.485756
0.50539
0.522364
0.551217
0.498041
0.492412
0.522555
0.549024
0.50597
0.470645
0.553539
0.527701
0.528751
0.486982
0.550222
0.505113
0.603775
0.503927
0.513847
0.541332
0.493903
0.500656
0.497508
0.486495
0.498254
0.546463
0.528019
0.496316
0.53575
0.543769
0.495348
0.537782
0.553681
0.516879
0.488028
0.53405
0.554498
0.534177
0.573414
0.535327
0.542915
0.545334
0.449586
0.470746
0.551165
0.477511
0.477643
0.530834
0.54068
0.514148
0.526209
0.522389
0.506364
0.503881
0.554206
0.465573
0.540785
0.520645
0.563643
0.552509
0.550311
0.546447
0.520992
0.525917
0.528513
0.508034
0.522723
0.560864
0.553786
0.529139
0.512995
0.522788
0.533512
0.485382
0.505445
0.524256
0.565217
0.523962
0.515885
0.527843
0.547334
0.534189
0.499126
0.52062
0.519619
0.526187
0.467951
0.523227
0.469599
0.521182
0.542418
0.532275
0.545389
0.536189
0.465118
0.544515
0.542714
0.497066
0.537645
0.53471
0.532554
0.546586
0.536828
0.519682
