0.497975
0.52457
0.506396
0.546867
0.511711
0.527187
0.507432
0.51386
0.513675
0.510189
0.55971
0.551139
0.583069
0.574707
0.550961
0.512524
0.50301
0.495622
0.505936
0.52053
0.528363
0.477031
0.479425
0.501012
0.503037
0.50961
0.519278
0.467805
0.531941
0.531685
0.500573
0.521128
0.455969
0.47356
0.556823
0.563661
0.548319
0.527982
0.556513
0.499313
0.533
0.533065
0.537515
0.53376
0.521307
0.528769
0.566813
0.575822
0.489442
0.500354
0.586734
0.530322
0.56303
0.552039
0.575334
0.567796
0.543593
0.541285
0.512269
0.507855
0.470146
0.488069
0.518675
0.562799
0.563821
0.496081
0.489522
0.492903
0.556871
0.57332
0.490174
0.539516
0.544533
0.539594
0.553581
0.532425
0.556039
0.587089
0.552543
0.535093
0.490061
0.550309
0.54053
0.538257
0.54361
0.571101
0.550695
0.554053
0.548447
0.50407
0.502626
0.542583
0.55184
0.495393
0.489247
0.483897
0.560261
0.54105
0.529233
0.553042
0.578051
0.599312
0.589226
0.584544
0.596472
0.532219
0.524141
0.52768
0.509014
0.532604
0.530315
0.532352
0.568321
0.54754
0.542793
0.490796
0.474879
0.485391
0.527628
0.544991
0.546656
0.512929
0.520678
0.537333
0.550383
0.4906
0.503249
0.556577
0.544235
0.555026
0.482076
0.558258
0.544176
0.530106
0.560509
0.567368
0.503164
0.51379
0.518608
0.514339
0.553709
0.544291
0.526071
0.486224
0.51708
0.522357
0.531857
0.514908
0.493408
0.491392
0.53068
0.52647
0.552248
0.559294
0.470896
0.482657
0.542584
0.550832
0.461266
0.478904
0.484334
0.496615
0.567587
0.570882
0.530068
0.45364
0.498352
0.507007
0.508112
0.472676
0.481792
0.562294
0.544534
0.55617
0.514495
0.53205
0.54236
0.486758
0.56675
0.555073
0.56805
0.520506
0.510673
0.554983
0.583718
0.557731
0.538481
0.519133
0.507432
0.503003
0.580046
0.572655
0.564186
0.564795
0.489897
0.504204
0.507388
0.508195
0.508639
0.519912
0.527941
0.531327
0.529192
0.530655
0.529168
0.522593
0.531744
0.544734
0.556112
0.590202
0.575778
0.587364
0.475196
0.481843
0.535976
0.537593
0.537175
0.555937
0.562892
0.49991
0.49023
0.524759
0.576985
0.488245
0.497054
0.513331
0.512986
0.498262
0.557166
0.556275
0.545009
0.536308
0.536646
0.561037
0.527521
0.526867
0.525474
0.531709
0.529958
0.569879
0.570591
0.553279
0.615613
0.592078
0.58757
0.473369
0.540091
0.562573
0.554934
0.564534
0.550567
0.553693
0.479753
0.532863
0.544307
0.538791
0.540003
0.541099
0.517169
0.533048
0.573674
0.485009
0.489861
0.485719
0.499079
0.544275
0.547498
0.548979
0.499609
0.561682
0.57002
0.566146
0.554582
0.479032
0.497685
0.487291
0.589357
0.555521
0.541375
0.551915
0.543184
0.570614
0.57852
0.556236
0.52595
0.530069
0.546405
0.466169
0.461272
0.458304
0.475329
0.509673
0.511273
0.512194
0.556648
0.500431
0.470664
0.505765
0.506063
0.508762
0.513332
0.518653
0.532785
0.516581
0.51942
0.522342
0.5228
0.513632
0.483644
0.493719
0.5369
0.495537
0.492425
0.552408
0.559006
0.539772
0.560827
0.490255
0.51792
0.541034
0.546986
0.539911
0.515759
0.48278
0.497425
0.486374
0.487709
0.5243
0.506442
0.507373
0.548514
0.493974
0.504773
0.566142
0.578503
0.559963
0.574757
0.501645
0.534104
0.546734
0.559373
0.577195
0.570971
0.58023
0.499637
0.480275
0.569409
0.55975
0.563671
0.526847
0.529075
0.531403
0.566978
0.56445
0.571164
0.543125
0.567148
0.520161
0.504738
0.521043
0.525366
0.501226
0.509769
0.51493
0.531894
0.516721
0.494222
0.488498
0.496814
0.490191
0.522714
0.56245
0.552921
0.551279
0.568461
0.565523
0.559038
0.559092
0.503735
0.516836
0.557589
0.558293
0.561096
0.558651
0.493462
0.507172
0.583234
0.570036
0.546589
0.527394
0.529926
0.565475
0.553082
0.54389
0.554015
0.517016
0.597669
0.51873
0.485817
0.475608
0.484234
0.545493
0.55424
0.54614
0.516358
0.518809
0.490748
0.500545
0.552413
0.553914
0.559578
0.495541
0.492491
0.488415
0.555959
0.55409
0.558329
0.548457
0.525688
0.501894
0.50439
0.506589
0.534626
0.5622
0.577783
0.534784
0.507885
0.567825
0.591648
0.506797
0.497606
0.58096
0.541902
0.465325
0.486094
0.572443
0.497214
0.501516
0.499973
0.506803
0.504187
0.501456
0.568272
0.543103
0.561485
0.538223
0.56563
0.506995
0.550321
0.524175
0.515703
0.510415
0.47391
0.481566
0.499098
0.494244
0.558997
0.557048
0.549465
0.509432
0.506016
0.587874
0.597378
0.542587
0.515243
0.530293
0.614032
0.527586
0.484128
0.490264
0.507486
0.546685
0.542127
0.565399
0.551416
0.635515
0.620993
0.571292
0.570002
0.467677
0.48792
0.484603
0.493773
0.50484
0.491624
0.529774
0.551215
0.560232
0.562798
0.542006
0.529571
0.493846
0.527417
0.526868
0.522763
0.521866
0.509142
0.50979
0.482227
0.50417
0.500136
0.515298
0.565959
0.556636
0.526667
0.526708
0.539891
0.547082
0.551997
0.554871
0.521387
0.520589
0.523172
0.521962
0.521423
0.548249
0.542826
0.529326
0.528768
0.528673
0.500161
0.577394
0.561942
0.535488
0.538354
0.531751
0.538132
0.536687
0.539131
0.543252
0.554967
0.546213
0.541521
0.554171
0.49335
0.52926
0.567226
0.535627
0.58857
0.569776
0.528818
0.526534
0.527978
0.56437
0.510324
0.529724
0.522294
0.559038
0.548085
0.557148
0.524117
0.532143
0.533614
0.529068
0.517917
0.486206
0.476053
0.481298
0.542588
0.48879
0.470569
0.530142
0.540814
0.603208
0.581132
0.563306
0.542544
0.559643
0.542623
0.524592
0.555833
0.558848
0.503195
0.512434
0.522828
0.505714
0.498686
0.499898
0.544498
0.551195
0.543013
0.485986
0.482891
0.506175
0.48754
0.525114
0.528445
0.537234
0.546051
0.544365
0.526467
0.586476
0.609207
0.556695
0.527658
0.563781
0.565633
0.505964
0.566624
0.588007
0.617515
0.514901
0.545039
0.545873
0.501588
0.536697
0.531852
0.490182
0.492768
0.582543
0.519596
0.509481
0.525294
0.527619
0.554771
0.532757
0.540145
0.570444
0.515434
0.548572
0.546877
0.531668
0.526481
0.564685
0.552393
0.490411
0.486774
0.494019
0.486741
0.537117
0.534351
0.515363
0.520037
0.52106
0.525207
0.505571
0.511545
0.526599
0.53768
0.529397
0.57216
0.574018
0.545037
0.550128
0.495992
0.528228
0.596146
0.594546
0.538952
0.559662
0.556114
0.477975
0.497019
0.461354
0.501875
0.474934
0.562221
0.529243
0.480682
0.489359
0.489498
0.56084
0.594133
0.525644
0.515539
0.506138
0.558813
0.535741
0.508497
0.525266
0.511936
0.534077
0.536589
0.514253
0.477575
0.485493
0.500488
0.487915
0.505305
0.510387
0.502524
0.534024
0.533052
0.49871
0.573586
0.585961
0.568585
0.554888
0.540447
0.475393
0.4822
0.515654
0.516082
0.486965
0.494441
0.498854
0.518669
0.562134
0.556621
0.523341
0.528073
0.527574
0.528557
0.487494
0.496478
0.492256
0.482494
0.486592
0.574628
0.53298
0.488635
0.545971
0.517365
0.511959
0.518315
0.55929
0.502206
0.507037
0.515325
0.48487
0.500334
0.533166
0.543631
0.604253
0.595747
0.613353
0.561483
0.547841
0.524955
0.496797
0.484986
0.519963
0.522618
0.550608
0.545207
0.519907
0.5137
0.51347
0.518612
0.549817
0.560474
0.558022
0.554517
0.552658
0.535081
0.540469
0.543681
0.534661
0.500812
0.587895
0.582398
0.565337
0.528069
0.539276
0.544003
0.462745
0.473905
0.525427
0.509372
0.490505
0.553142
0.524687
0.477134
0.485277
0.468338
0.545025
0.508424
0.485288
0.538201
0.484357
0.54539
0.549702
0.516083
0.512708
0.516935
0.515765
0.534007
0.542609
0.533074
0.536154
0.491016
0.491294
0.50254
0.472642
0.475625
0.539855
0.555704
0.552585
0.554137
0.532563
0.512185
0.507028
0.53147
0.529811
0.511505
0.485508
0.47599
0.484113
0.477111
0.569059
0.503474
0.544878
0.609577
0.603719
0.561931
0.54872
0.517727
0.515354
0.55184
0.578248
0.482903
0.567432
0.570073
0.504307
0.531782
0.545331
0.537938
0.571543
0.560533
0.48431
0.533729
0.487053
0.555403
0.564402
0.492642
0.51593
0.512996
0.510921
0.579925
0.505798
0.508863
0.507825
0.499549
0.477416
0.488113
0.464994
0.535338
0.51395
0.511441
0.531756
0.533878
0.52595
0.575864
0.562962
0.490405
0.520531
0.514361
0.533835
0.537366
0.530572
0.495141
0.532123
0.521176
0.540333
0.574051
0.519327
0.466512
0.541653
0.548485
0.505459
0.508937
0.530052
0.5094
0.547159
0.522782
0.516027
0.548199
0.509084
0.51468
0.50809
0.490454
0.481602
0.492672
0.559873
0.550976
0.501602
0.544437
0.534639
0.498877
0.491803
0.523642
0.532556
0.550466
0.543702
0.553878
0.556136
0.559672
0.508539
0.505591
0.503976
0.545998
0.543791
0.567618
0.54436
0.535414
0.543821
0.550425
0.556948
0.557845
0.552055
0.565668
0.547248
0.581
0.563904
0.56051
0.541586
0.479262
0.485034
0.546737
0.521712
0.523861
0.497908
0.501962
0.528638
0.525187
0.527463
0.523178
0.4915
0.50586
0.500188
0.575089
0.54653
0.548362
0.487795
0.493642
0.496554
0.514299
0.549681
0.558826
0.505936
0.498994
0.542891
0.531491
0.532709
0.529402
0.475126
0.521542
0.527206
0.528296
0.53368
0.523332
0.521834
0.477312
0.494145
0.550085
0.533566
0.552333
0.553006
0.548689
0.480959
0.565523
0.553693
0.502461
0.476449
0.490878
0.487128
0.487168
0.474903
0.536844
0.550414
0.466153
0.483212
0.480097
0.537816
0.502651
0.550402
0.554324
0.559587
0.528031
0.526299
0.527249
0.556592
0.541795
0.527119
0.502081
0.541021
0.538641
0.544698
0.509817
0.515262
0.522941
0.483241
0.537012
0.535077
0.576306
0.550139
0.51019
0.500465
0.501803
0.490529
0.490459
0.54235
0.520325
0.504363
0.503638
0.510799
0.516587
0.477821
0.490732
0.499371
0.495942
0.45784
0.488643
0.532752
0.549132
0.530517
0.491451
0.494887
0.484363
0.489448
0.52806
0.529355
0.551555
0.546944
0.525612
0.473914
0.486925
0.537533
0.532168
0.534636
0.520544
0.54182
0.493813
0.496124
0.54188
0.522868
0.519752
0.525284
0.57487
0.559641
0.535337
0.537777
0.542744
0.529226
0.564017
0.547712
0.540917
0.561718
0.538732
0.538456
0.552592
0.559886
0.57885
0.577143
0.491156
0.482723
0.476036
0.514631
0.528737
0.550269
0.539124
0.543144
0.501698
0.571867
0.531212
0.529265
0.577457
0.476503
0.514275
0.506681
0.531628
0.482813
0.532363
0.535663
0.544996
0.523926
0.535355
0.527513
0.528737
0.600586
0.601734
0.530548
0.524084
0.573025
0.504646
0.473845
0.544496
0.568579
0.546669
0.563362
0.542789
0.559935
0.502662
0.485732
0.549313
0.553253
0.490604
0.490222
0.555555
0.537249
0.574951
0.522286
0.519538
0.522748
0.541268
0.544068
0.545883
0.556593
0.542491
0.554684
0.583821
0.488369
0.484402
0.539314
0.543019
0.492974
0.553999
0.545285
0.498095
0.507135
0.556191
0.491303
0.49651
0.540992
0.504402
0.569453
0.529313
0.529662
0.549052
0.539722
0.572324
0.578891
0.501056
0.507265
0.510096
0.551373
0.499573
0.579788
0.559235
0.520584
0.555607
0.519469
0.475176
0.470438
0.488524
0.473793
0.5603
0.552871
0.515916
0.4916
0.487541
0.498863
0.518194
0.50825
0.488714
0.520332
0.520443
0.513361
0.533445
0.54784
0.578107
0.569108
0.545956
0.512984
0.510729
0.491952
0.500726
0.505563
0.493512
0.504806
0.522949
0.568766
0.588373
0.540892
0.560279
0.498885
0.507662
0.475904
0.459578
0.485358
0.601316
0.528688
0.538401
0.57015
0.460988
0.507905
0.533959
0.538353
0.571224
0.522143
0.524852
0.530379
0.53288
0.531024
0.569287
0.552192
0.547928
0.519567
0.505745
0.514565
0.547279
0.545678
0.53089
0.467293
0.529941
0.522285
0.490291
0.623486
0.488991
0.500364
0.532613
0.459887
0.470087
0.466392
0.533016
0.52208
0.513676
0.519698
0.527542
0.530257
0.483935
0.551535
0.560324
0.528307
0.473488
0.481878
0.462449
0.588329
0.595661
0.496383
0.552547
0.556172
0.553018
0.486985
0.507752
0.466679
0.572261
0.547051
0.464278
0.475492
0.499296
0.56863
0.530357
0.543735
0.536812
0.551805
0.569922
0.490033
0.556268
0.513489
0.515837
0.487887
0.492057
0.49499
0.560119
0.552416
0.551909
0.592337
0.564236
0.532347
0.544203
0.470744
0.511761
0.51318
0.467193
0.496049
0.494508
0.565953
0.488246
0.55795
0.48613
0.477764
0.559001
0.473756
0.488132
0.558863
0.54727
0.532132
0.507655
0.534432
0.53628
0.565232
0.546256
0.494479
0.512368
0.508127
0.490562
0.493721
0.494106
0.558575
0.547723
0.577259
0.492977
0.473909
0.522383
0.525141
0.465796
0.5112
0.551221
0.521537
0.47387
0.541054
0.512249
0.512909
0.549184
0.525064
0.542919
0.478909
0.483785
0.574876
0.558019
0.549352
0.543492
0.559199
0.487681
0.459284
0.574559
0.489979
0.54716
0.524667
0.498337
0.540044
0.531207
0.505959
0.511032
0.564569
0.523144
0.47618
0.509183
0.512797
0.536718
0.540926
0.539564
0.556279
0.51005
0.547611
0.529341
0.523952
0.46513
0.557709
0.578194
0.57912
0.523424
0.522786
0.524376
0.568802
0.521419
0.586404
0.506668
0.509896
0.535791
0.542781
0.582347
0.570222
0.51837
0.502849
0.57079
0.515614
0.515733
0.526825
0.535802
0.565154
0.531603
0.571679
0.503241
0.518909
0.565191
0.548564
0.575384
0.578788
0.594935
0.549044
0.576892
0.496867
0.454416
0.447762
0.536417
0.477009
0.520097
0.524826
0.5348
0.494718
0.572534
0.535379
0.571676
0.551273
0.50419
0.499884
0.467395
0.470815
0.464637
0.478322
0.611991
0.549404
0.568978
0.571904
0.568987
0.591057
0.463689
0.492842
0.518437
0.463389
0.573818
0.574239
0.55782
0.518172
0.520574
0.601236
0.53913
0.527529
0.457482
0.555282
0.592099
0.57893
0.515356
0.519018
0.524941
0.496444
0.510967
0.507834
0.467375
0.545733
0.533985
0.481357
0.474442
0.532083
0.534021
0.466693
0.531988
0.524795
0.500684
0.522832
0.525993
0.549635
0.558764
0.520629
0.557548
0.590531
0.568898
0.530491
0.492599
0.492831
0.522468
0.587413
0.565298
0.494788
0.496072
0.501372
0.554204
0.480104
0.538412
0.562927
0.56861
0.481508
0.554456
0.540625
0.578581
0.523378
0.527264
0.538
0.541182
0.486733
0.499058
0.573198
0.563372
0.558178
0.573256
0.538041
0.556966
0.558557
0.559579
0.545058
0.561386
0.551858
0.535285
0.510671
0.508908
0.544244
0.463118
0.469932
0.471495
0.521523
0.521619
0.486331
0.523137
0.513321
0.549435
0.543175
0.555333
0.580128
0.551385
0.563483
0.562127
0.539678
0.496773
0.528548
0.490996
0.546012
0.525723
0.54048
0.54007
0.533696
0.538688
0.550199
0.518096
0.529489
0.535299
0.545774
0.512128
0.514546
0.554252
0.552815
0.526604
0.474036
0.571253
0.559134
0.506816
0.507976
0.518371
0.480934
0.543787
0.504526
0.535171
0.468217
0.545116
0.51705
0.554031
0.523069
0.524521
0.492193
0.535178
0.505706
0.546275
0.508307
0.56583
0.561758
0.571058
0.518571
0.563788
0.517306
0.571572
0.553777
0.585748
0.556978
0.548928
0.488981
0.499098
0.499014
0.51009
0.532539
0.541302
0.619194
0.542858
0.49946
0.490326
0.486505
0.532434
0.480123
0.53931
0.547955
0.554754
0.508329
0.496986
0.504359
0.521523
0.509926
0.487637
0.543308
0.557617
0.521883
0.561227
0.551141
0.553169
0.580704
0.537971
0.544001
0.558743
0.522481
0.479085
0.481921
0.544156
0.473657
0.532661
0.51946
0.503517
0.526086
0.53147
0.559745
0.548066
0.468118
0.462512
0.578875
0.561115
0.471555
0.573347
0.561658
0.544842
0.494888
0.531869
0.457089
0.57381
0.529276
0.528046
0.528549
0.575257
0.513111
0.5224
0.531393
0.571496
0.484107
0.504696
0.540657
0.508267
0.538435
0.479627
0.463648
0.568497
0.548574
0.540884
0.569116
0.540105
0.502865
0.482472
0.519616
0.567335
0.560311
0.581627
0.490745
0.557667
0.590678
0.561346
0.521054
0.545318
0.494437
0.576293
0.593436
0.604542
0.553777
0.503388
0.525354
0.467732
0.481062
0.571484
0.492148
0.50909
0.566242
0.521813
0.513994
0.506345
0.493416
0.583325
0.594397
0.499993
0.498206
0.496084
0.482857
0.578284
0.559455
0.507948
0.515734
0.480265
0.547406
0.510206
0.48701
0.541436
0.464081
0.455533
0.479872
0.569086
0.5458
0.465581
0.541689
0.507359
0.541518
0.545444
0.550719
0.577931
0.458131
0.528306
0.555191
0.453135
0.504453
0.542596
0.535106
0.521103
0.468305
0.484648
0.485604
0.547543
0.557844
0.563901
0.565219
0.553925
0.535774
0.536457
0.477724
0.478018
0.516383
0.559334
0.566628
0.529061
0.551933
0.471494
0.525695
0.565821
0.556241
0.456568
0.470648
0.554273
0.536026
0.564513
0.485893
0.506756
0.511144
0.528361
0.473489
0.529541
0.545305
0.520493
0.518071
0.588575
0.499739
0.506072
0.566221
0.53319
0.549314
0.563168
0.54547
0.517219
0.533327
0.518897
0.490912
0.544401
0.47661
0.473909
0.486468
0.503553
0.460742
0.464017
0.51334
0.51935
0.585345
0.570001
0.516833
0.586671
0.546839
0.459716
0.540037
0.455959
0.461785
0.519659
0.575765
0.477557
0.548216
0.521753
0.525086
0.45368
0.486709
0.542384
0.532376
0.484007
0.490551
0.506907
0.509518
0.53458
0.553374
0.461495
0.53572
0.508663
0.533109
0.489255
0.556086
0.491788
0.461939
0.463358
0.59078
0.470562
0.543981
0.48278
0.547882
0.563516
0.578612
0.478829
0.545818
0.490437
0.536736
0.554747
0.494916
0.551512
0.540465
0.554128
0.503549
0.561836
0.554421
0.54878
0.50076
0.497838
0.477131
0.514789
0.491255
0.466583
0.512538
0.516472
0.524291
0.523447
0.500231
0.518891
0.495731
0.562808
0.556695
0.552364
0.52712
0.50848
0.577964
0.463807
0.470185
0.455106
0.574027
0.538377
0.562863
0.491111
0.480276
0.503273
0.558634
0.526808
0.521437
0.519859
0.481371
0.561979
0.489158
0.552133
0.548745
0.554384
0.555013
0.553855
0.560985
0.4809
0.519862
0.592902
0.559974
0.536983
0.530508
0.49489
0.4779
0.548399
0.531258
0.529381
0.518764
0.573555
0.507787
0.576345
0.536083
0.527034
0.55114
0.566557
0.543845
0.489164
0.499866
0.561981
0.531933
0.52126
0.536911
0.520919
0.491236
0.557676
0.4844
0.525104
0.485876
0.490396
0.473794
0.559052
0.543616
0.579978
0.551166
0.472611
0.476038
0.519334
0.528058
0.532726
0.49262
0.488935
0.51333
0.599739
0.560804
0.529471
0.48917
0.548617
0.449432
0.575119
0.552694
0.541354
0.618647
0.549603
0.576234
0.465527
0.540647
0.571448
0.569449
0.493242
0.491754
0.537273
0.560532
0.504009
0.472283
0.52447
0.581868
0.479519
0.577382
0.598638
0.535438
0.567206
0.556321
0.578748
0.469072
0.53616
0.55769
0.550759
0.552081
0.486267
0.459482
0.569516
0.550748
0.558025
0.459438
0.530352
0.471689
0.567865
0.505309
0.501193
0.493059
0.464979
0.61043
0.552799
0.594304
0.508067
0.470552
0.494815
0.499958
0.548572
0.54003
0.539215
0.556307
0.532456
0.480167
0.553359
0.560732
0.579229
0.541994
0.53587
0.520587
0.554778
0.495477
0.49585
0.566
0.535302
0.527991
0.484503
0.55456
0.520551
0.575734
0.558281
0.559792
0.453176
0.498713
0.555568
0.504851
0.588893
0.486113
0.575713
0.531875
0.572377
0.564393
0.463887
0.628333
0.549184
0.448096
0.522269
0.473561
0.467183
0.520116
0.479335
0.564166
0.470901
0.466669
0.48674
0.466307
0.551701
0.537636
0.557628
0.555995
0.500699
0.490856
0.536403
0.49441
0.510423
0.540599
0.512933
0.51746
0.564334
0.530381
0.528254
0.496803
0.484755
0.535974
0.547756
0.478802
0.517676
0.51626
0.503343
0.529932
0.540859
0.510939
0.530096
0.528909
0.54041
0.525619
0.526596
0.553144
0.557678
0.531042
0.54656
0.558646
0.528749
0.513698
0.520793
0.510774
0.555193
0.502438
0.522573
0.574696
0.581492
0.564136
0.523409
0.523028
0.544986
0.551532
0.493487
0.552397
0.552045
0.525211
0.538992
0.497538
0.550294
0.528899
0.52528
0.510668
0.51102
0.53553
0.539245
0.529008
0.506016
0.55175
0.479554
0.516878
0.563436
0.503755
0.527338
0.511131
0.486222
0.548305
0.50176
0.493908
0.484975
0.537814
0.492338
0.531567
0.481575
0.480845
0.493896
0.541459
0.542209
0.520046
0.532781
0.536912
0.504365
0.53277
0.527353
0.493508
0.490478
0.561636
0.528953
0.524488
0.545464
0.499343
0.55436
0.557221
0.554531
0.481382
0.53506
0.540396
0.546834
0.526676
0.537651
0.481102
0.507841
0.477956
0.492866
0.563981
0.545429
0.493387
0.556744
0.486919
0.508271
0.494531
0.519443
0.534565
0.538035
0.502541
0.530475
0.554087
0.531414
0.501816
0.529543
0.541619
0.537924
0.528164
0.542028
0.502595
0.490153
0.553385
0.544643
0.498876
0.508953
0.549775
0.504846
0.508435
0.510395
0.534151
0.573997
0.51302
0.512632
0.50529
0.495657
0.505271
0.586614
0.513486
0.498919
0.527305
0.533155
0.508206
0.511462
0.549409
0.547845
0.520966
0.547517
0.586496
0.495973
0.52525
0.538133
0.493374
0.514948
0.495027
0.568374
0.559926
0.589375
0.547126
0.540887
0.492425
0.512035
0.516869
0.520487
0.508222
0.509074
0.544511
0.506791
0.517787
0.522061
0.533027
0.506686
0.508406
0.525408
0.516386
0.530934
0.522057
0.510265
0.477943
0.538539
0.585216
0.541807
0.532253
0.549198
0.52442
0.499474
0.514635
0.521053
0.501179
0.541355
0.526744
0.553276
0.526216
0.519703
0.496827
0.507264
0.515214
0.509476
0.489225
0.489611
0.546169
0.524732
0.484584
0.523764
0.495377
0.488271
0.51537
0.548857
0.530483
0.520264
0.526389
0.508183
0.534432
0.517946
0.520117
0.537815
0.526212
0.51825
0.497005
0.523431
0.528482
0.564793
0.569904
0.515178
0.538733
0.558567
0.490965
0.516029
0.504849
0.557295
0.545477
0.491835
0.497754
0.511971
0.53736
0.542463
0.601902
0.543881
0.538165
0.503731
0.503059
0.506037
0.54731
0.544657
0.501204
0.56628
0.54329
0.505476
0.513134
0.533985
0.487041
0.57067
0.521835
0.547778
0.507825
0.494447
0.527604
0.529858
0.506835
0.550997
0.514155
0.521095
0.607537
0.494374
0.543325
0.525446
0.55056
0.510129
0.506781
0.478124
0.509003
0.509504
0.563596
0.55087
0.50201
0.505604
0.522327
0.526336
0.540007
0.526156
0.549765
0.5275
0.486142
0.540156
0.503588
0.551031
0.51903
0.538956
0.512412
0.518283
0.527955
0.545982
0.523465
0.502844
0.533
0.518962
0.487822
0.508468
0.546691
0.504821
0.57097
0.527844
0.529198
0.523411
0.488131
0.540752
0.502989
0.509939
0.546285
0.519485
0.513678
0.537564
0.501618
0.525576
0.535472
0.533827
0.536754
0.477075
0.547965
0.510425
0.500993
0.491364
0.501469
0.529466
0.527942
0.528107
0.521727
0.545165
0.538768
0.526986
0.526068
0.573076
0.51615
0.510399
0.528051
0.530343
0.530418
0.523828
0.520064
0.498731
0.529251
0.541504
0.542092
0.506148
0.512474
0.494411
0.527195
0.573872
0.558014
0.572925
0.493401
0.527529
0.499549
0.542337
0.536416
0.518926
0.500514
0.52527
0.524971
0.499596
0.503
0.583559
0.560582
0.556049
0.502555
0.509529
0.544114
0.537658
0.509722
0.546106
0.537323
0.554517
0.539101
0.50722
0.557985
0.536256
0.51623
0.524378
0.531334
0.53408
0.51464
0.516565
0.542705
0.508504
0.525438
0.495503
0.53101
0.512387
0.555531
0.541669
0.549874
0.536847
0.573511
0.493938
0.495957
0.555534
0.494365
0.545934
0.540682
0.524327
0.510339
0.541388
0.527599
0.51471
0.483234
0.487355
0.488827
0.539661
0.498738
0.532051
0.489295
0.513572
0.539988
0.533625
0.538349
0.561895
0.507375
0.479463
0.523527
0.512828
0.537623
0.54086
0.523437
0.51306
0.557916
0.500384
0.547419
0.494977
0.511871
0.534623
0.493592
0.519837
0.524034
0.518895
0.543545
0.511636
0.527379
0.501138
0.512588
0.559145
0.55538
0.528589
0.529571
0.481415
0.526711
0.549725
0.559743
0.529149
0.505286
0.500355
0.502435
0.50661
0.546762
0.542728
0.505482
0.533899
0.497391
0.48958
0.509769
0.484721
0.539533
0.557581
0.610079
0.554973
0.501872
0.556604
0.554226
0.509775
0.508703
0.535617
0.510981
0.519843
0.531519
0.532655
0.528428
0.522747
0.49349
0.490103
0.533207
0.492764
0.552402
0.495351
0.511925
0.519618
0.50464
0.528414
0.561468
0.491889
0.578126
0.49838
0.502925
0.523041
0.540393
0.516587
0.550235
0.528764
0.565361
0.537232
0.549888
0.499896
0.525061
0.536933
0.516869
0.493067
0.540839
0.51229
0.539931
0.54574
0.564054
0.5084
0.553977
0.546317
0.527603
0.558979
0.525754
0.528474
0.548307
0.501591
0.494839
0.54536
0.500234
0.549587
0.475143
0.545161
0.48544
0.543578
0.561031
0.473771
0.554371
0.529786
0.507852
0.537656
0.529729
0.542434
0.560775
0.515363
0.510621
0.519447
0.53147
0.569231
0.560665
0.502297
0.52757
0.558071
0.543944
0.535609
0.535795
0.522848
0.512243
0.508621
0.501085
0.569645
0.502959
0.53404
0.49907
0.521244
0.515865
0.528783
0.560024
0.546022
0.528576
0.552386
0.472319
0.546525
0.517163
0.528923
0.467452
0.514882
0.496758
0.556773
0.566118
0.480086
0.539262
0.491182
0.571261
0.537652
0.524522
0.544308
0.534722
0.499014
0.571452
0.563242
0.534097
0.476042
0.514594
0.49379
0.5532
0.483834
0.569302
0.509175
0.500681
0.554698
0.531026
0.525372
0.522208
0.524522
0.497555
0.538811
0.505538
0.540276
0.566969
0.582375
0.556659
0.489313
0.522797
0.581495
0.524324
0.513056
0.540331
0.501241
0.52747
0.549147
0.540934
0.50653
0.540427
0.556221
0.502475
0.501012
0.502933
0.49992
0.550295
0.544481
0.502399
0.468127
0.496487
0.503147
0.552749
0.499552
0.528865
0.559581
0.504177
0.531368
0.523711
0.521597
0.487378
0.489445
0.508613
0.523762
0.507038
0.507598
0.489999
0.48557
0.503421
0.561615
0.541532
0.543076
0.560875
0.533972
0.531797
0.508497
0.482974
0.564225
0.548412
0.530828
0.529355
0.571485
0.541513
0.534905
0.497462
