0.521212
0.518932
0.526502
0.503251
0.495224
0.51557
0.567063
0.559242
0.517851
0.536952
0.500085
0.513973
0.507753
0.58972
0.582927
0.58403
0.504309
0.504433
0.503573
0.516121
0.529096
0.533993
0.531942
0.475022
0.479991
0.489707
0.492078
0.497504
0.501901
0.503857
0.514143
0.530906
0.563765
0.508663
0.537498
0.499315
0.493103
0.557436
0.557523
0.549827
0.534481
0.494934
0.5105
0.532129
0.515523
0.537572
0.5221
0.554027
0.56324
0.556312
0.491298
0.500121
0.52935
0.542492
0.539174
0.539896
0.541988
0.513816
0.510339
0.465673
0.551472
0.571689
0.570952
0.490071
0.488918
0.553429
0.542633
0.56232
0.559063
0.493791
0.545287
0.559896
0.539932
0.558911
0.571628
0.573492
0.553034
0.563094
0.549796
0.562701
0.505465
0.506545
0.514801
0.506193
0.489144
0.513953
0.542907
0.512163
0.549586
0.545929
0.54471
0.548523
0.58242
0.53289
0.520478
0.511457
0.498114
0.527219
0.531166
0.531353
0.532155
0.578288
0.565855
0.489363
0.474138
0.483578
0.527258
0.549862
0.541022
0.5204
0.536306
0.544651
0.544537
0.542356
0.539186
0.46043
0.497626
0.559974
0.544845
0.55878
0.47026
0.455386
0.558005
0.540256
0.557123
0.534759
0.449155
0.454626
0.475681
0.50825
0.515734
0.551664
0.495511
0.488946
0.533481
0.538242
0.546571
0.515452
0.503711
0.500613
0.534901
0.533019
0.548599
0.562471
0.586606
0.506008
0.475408
0.463893
0.538014
0.538232
0.543078
0.45413
0.474744
0.479547
0.493901
0.53298
0.524666
0.531399
0.537411
0.482437
0.47408
0.55712
0.552934
0.511276
0.507307
0.55678
0.553721
0.520553
0.544051
0.532903
0.545489
0.502853
0.494922
0.552888
0.553026
0.53922
0.606249
0.489479
0.502462
0.504469
0.520052
0.51885
0.516705
0.532024
0.53119
0.531902
0.533457
0.535451
0.528245
0.552949
0.550506
0.577062
0.469106
0.542266
0.562617
0.554016
0.558459
0.570997
0.56616
0.562929
0.52862
0.517871
0.580127
0.564832
0.499526
0.514591
0.531844
0.50613
0.54467
0.538171
0.514066
0.561076
0.559612
0.582323
0.583191
0.492004
0.488455
0.537458
0.497539
0.509119
0.542908
0.541473
0.552069
0.526505
0.544899
0.547401
0.551939
0.551028
0.546632
0.564283
0.549956
0.581158
0.569264
0.476371
0.483758
0.557608
0.551981
0.48663
0.496901
0.533583
0.544064
0.535995
0.542654
0.542689
0.536353
0.52822
0.481886
0.487376
0.508246
0.534767
0.536046
0.548243
0.551626
0.461882
0.482482
0.475876
0.53878
0.540957
0.59046
0.552014
0.582706
0.559871
0.563875
0.574072
0.567453
0.494987
0.484999
0.502297
0.56853
0.56573
0.543175
0.541064
0.547033
0.547776
0.531311
0.54415
0.530837
0.485335
0.566853
0.478434
0.490526
0.503218
0.507182
0.521147
0.472668
0.477781
0.506081
0.504203
0.517137
0.541273
0.522945
0.519644
0.520742
0.531905
0.528193
0.523347
0.508426
0.494998
0.492351
0.539264
0.534689
0.527121
0.536054
0.559182
0.538807
0.557576
0.493741
0.494689
0.523071
0.539227
0.496175
0.468271
0.491913
0.549947
0.555207
0.558371
0.526554
0.495542
0.498869
0.556802
0.553681
0.54153
0.559192
0.571199
0.575548
0.454718
0.465929
0.492345
0.565415
0.526012
0.527588
0.528095
0.530754
0.549428
0.572353
0.555397
0.559209
0.53915
0.566929
0.535018
0.529925
0.516942
0.489941
0.497441
0.524705
0.509312
0.491264
0.488249
0.490093
0.585804
0.582742
0.489872
0.491865
0.512196
0.560796
0.516967
0.521863
0.495574
0.507102
0.514475
0.549713
0.528795
0.527932
0.527757
0.552905
0.51268
0.611952
0.549184
0.490285
0.504503
0.547479
0.533553
0.535572
0.522198
0.496693
0.571202
0.559113
0.487762
0.492056
0.557135
0.547989
0.547128
0.504874
0.497688
0.507701
0.506045
0.539804
0.560241
0.561117
0.53879
0.506804
0.501837
0.51036
0.55816
0.459208
0.457833
0.481463
0.545591
0.547701
0.489518
0.495114
0.497524
0.495935
0.504943
0.567506
0.5635
0.542209
0.568077
0.572682
0.533031
0.55909
0.58199
0.570234
0.58663
0.495606
0.501785
0.51376
0.499503
0.488365
0.476368
0.593252
0.579154
0.47454
0.492554
0.555107
0.544925
0.506366
0.505343
0.580107
0.584725
0.495008
0.489478
0.493386
0.49013
0.504381
0.524235
0.531111
0.575536
0.496536
0.517048
0.565903
0.557645
0.56969
0.587416
0.560131
0.561481
0.566064
0.482915
0.494357
0.502499
0.479371
0.486393
0.563991
0.558641
0.552419
0.549187
0.470879
0.487228
0.466588
0.495492
0.522784
0.523123
0.521828
0.519717
0.510061
0.522581
0.507358
0.513316
0.480411
0.580481
0.572612
0.576149
0.529871
0.529541
0.526882
0.53322
0.549991
0.520261
0.521676
0.481058
0.464618
0.532089
0.547687
0.542637
0.551106
0.53965
0.528953
0.527116
0.526949
0.500856
0.534621
0.535996
0.532715
0.542728
0.562199
0.567059
0.529336
0.548184
0.539197
0.54073
0.521049
0.560139
0.544968
0.578377
0.550422
0.564894
0.509946
0.568408
0.535935
0.514341
0.587173
0.585611
0.528018
0.522082
0.511541
0.534917
0.552601
0.562159
0.560572
0.529032
0.542966
0.58722
0.563937
0.524899
0.512739
0.587114
0.589077
0.52296
0.53343
0.485654
0.472965
0.476225
0.539975
0.542634
0.550257
0.556137
0.550269
0.599897
0.562801
0.547244
0.56099
0.551002
0.513989
0.50951
0.522214
0.517325
0.537007
0.533952
0.49879
0.51003
0.515566
0.533337
0.541526
0.541488
0.54303
0.52263
0.524786
0.52203
0.525127
0.494778
0.547314
0.545473
0.548014
0.483513
0.474691
0.482497
0.528403
0.53032
0.446105
0.471799
0.534935
0.538224
0.575133
0.574067
0.589594
0.523835
0.521463
0.481222
0.498281
0.559349
0.522685
0.580375
0.511498
0.564452
0.559115
0.591911
0.530636
0.527214
0.489398
0.495917
0.558428
0.551988
0.493796
0.501342
0.558453
0.536427
0.521151
0.526047
0.549956
0.589296
0.564173
0.544319
0.543143
0.549083
0.564066
0.553844
0.475164
0.538013
0.542423
0.522121
0.522788
0.508677
0.510982
0.534109
0.557959
0.547183
0.493391
0.529952
0.553212
0.568558
0.595389
0.566721
0.542982
0.474992
0.502803
0.484196
0.487368
0.474243
0.557294
0.546194
0.481299
0.489253
0.610037
0.528811
0.507011
0.526023
0.607094
0.46858
0.513863
0.523393
0.514153
0.603075
0.487682
0.516378
0.477147
0.495428
0.484021
0.50424
0.567437
0.522568
0.534328
0.539862
0.477312
0.493773
0.489288
0.500692
0.511143
0.490842
0.493646
0.49768
0.570813
0.574403
0.574664
0.525629
0.527754
0.527476
0.553717
0.49701
0.489547
0.49008
0.493124
0.589009
0.53733
0.546986
0.559103
0.55164
0.510829
0.52759
0.517478
0.506979
0.474552
0.489804
0.476362
0.534221
0.546926
0.584298
0.599285
0.557009
0.536202
0.538601
0.523614
0.500645
0.482627
0.467705
0.531559
0.511205
0.546996
0.51507
0.561869
0.547669
0.539115
0.534146
0.542232
0.551291
0.547131
0.587593
0.569355
0.526579
0.536959
0.466029
0.516672
0.504512
0.501174
0.493159
0.544752
0.549195
0.450591
0.462881
0.52392
0.524094
0.477206
0.464663
0.467262
0.462659
0.566076
0.502255
0.574171
0.530455
0.546752
0.551726
0.554612
0.517101
0.5117
0.517377
0.533188
0.544173
0.534522
0.53348
0.484654
0.503773
0.499148
0.471733
0.482764
0.549725
0.539541
0.480497
0.54144
0.548253
0.548892
0.531579
0.515618
0.509048
0.490734
0.496112
0.479392
0.486667
0.489127
0.466103
0.578259
0.492144
0.543995
0.571536
0.464506
0.467869
0.521385
0.524364
0.53692
0.559179
0.485861
0.508117
0.520733
0.565152
0.567843
0.556113
0.56411
0.496768
0.485597
0.475661
0.543127
0.547708
0.522198
0.517181
0.501541
0.47852
0.481865
0.470728
0.523071
0.518162
0.529101
0.496428
0.568253
0.580789
0.567743
0.495098
0.531128
0.534912
0.538756
0.534032
0.490112
0.548914
0.546168
0.540925
0.546818
0.574663
0.56012
0.467661
0.501122
0.51508
0.537954
0.544943
0.510211
0.516242
0.546557
0.551544
0.547992
0.522222
0.515905
0.559907
0.489773
0.514062
0.550255
0.497517
0.533698
0.543614
0.496681
0.511002
0.525061
0.582853
0.586438
0.563647
0.572828
0.533484
0.546924
0.532329
0.54474
0.505472
0.501509
0.541303
0.528342
0.478669
0.541449
0.554264
0.555224
0.545603
0.559215
0.550372
0.583015
0.482688
0.491217
0.500172
0.508985
0.530556
0.52126
0.521084
0.520712
0.518267
0.499205
0.508358
0.521263
0.511046
0.551771
0.488876
0.490282
0.493658
0.518817
0.568674
0.57512
0.502011
0.553233
0.517004
0.533699
0.53093
0.474106
0.481815
0.475593
0.565301
0.532584
0.526125
0.527727
0.520649
0.521599
0.493039
0.546559
0.519759
0.551531
0.542535
0.549147
0.564117
0.478171
0.542233
0.485787
0.488549
0.484167
0.502427
0.534217
0.571534
0.495705
0.470654
0.512314
0.519779
0.493308
0.551325
0.549067
0.556801
0.558194
0.543015
0.527347
0.488709
0.537601
0.54671
0.513919
0.54559
0.476437
0.585678
0.551621
0.512494
0.500599
0.512509
0.545711
0.529105
0.543498
0.521572
0.506433
0.50978
0.482482
0.493359
0.444238
0.480084
0.498672
0.496095
0.480581
0.502704
0.52909
0.522048
0.471503
0.490537
0.532839
0.534789
0.501402
0.499144
0.557992
0.550815
0.509733
0.531229
0.498951
0.531357
0.536879
0.51549
0.566933
0.525586
0.524122
0.554789
0.569703
0.573309
0.556099
0.53151
0.535331
0.544451
0.524707
0.516882
0.510589
0.507887
0.499957
0.557498
0.545929
0.555939
0.549613
0.544351
0.534287
0.540932
0.534785
0.529131
0.545849
0.573779
0.57128
0.475486
0.47809
0.48439
0.53059
0.540764
0.56435
0.557621
0.561083
0.528643
0.530097
0.53194
0.530471
0.466391
0.511102
0.51371
0.473494
0.540258
0.524069
0.52757
0.525806
0.529705
0.596672
0.585584
0.528908
0.523948
0.541526
0.559495
0.570768
0.572324
0.544562
0.54353
0.567804
0.553795
0.565221
0.481831
0.485251
0.505723
0.481461
0.543471
0.494722
0.554676
0.569464
0.549748
0.563909
0.571942
0.522774
0.558948
0.562316
0.547344
0.537468
0.54756
0.55517
0.545014
0.552688
0.592816
0.489786
0.497202
0.542694
0.542378
0.549928
0.564207
0.548513
0.53661
0.509396
0.493597
0.527182
0.563598
0.492775
0.528481
0.512284
0.546189
0.553748
0.551543
0.572834
0.504762
0.496961
0.544122
0.547673
0.487865
0.496994
0.506653
0.509506
0.567012
0.568159
0.507676
0.561249
0.568658
0.523068
0.523727
0.509276
0.50058
0.518556
0.552052
0.537061
0.472017
0.480583
0.493065
0.470237
0.567023
0.544111
0.581445
0.484595
0.493076
0.519567
0.530781
0.519171
0.529594
0.550495
0.553334
0.582779
0.567396
0.566436
0.543537
0.593663
0.490538
0.557049
0.509385
0.555328
0.52012
0.510943
0.543096
0.491371
0.488277
0.507755
0.478986
0.494482
0.523895
0.49672
0.461061
0.50673
0.549013
0.520298
0.526113
0.52772
0.570127
0.574559
0.528659
0.550729
0.524082
0.538715
0.473375
0.539863
0.47205
0.488911
0.520823
0.571464
0.554362
0.538697
0.500959
0.579588
0.458882
0.468564
0.514164
0.566572
0.535129
0.526246
0.519488
0.529308
0.563228
0.527776
0.456027
0.47189
0.48316
0.462834
0.53297
0.495415
0.495818
0.504662
0.483597
0.551638
0.573718
0.55608
0.463417
0.499188
0.527953
0.538952
0.564985
0.509538
0.510371
0.476244
0.489887
0.506286
0.502168
0.516164
0.551473
0.541065
0.550091
0.566397
0.56032
0.471686
0.496228
0.499648
0.468932
0.556148
0.590608
0.493674
0.491046
0.500316
0.559252
0.549717
0.489796
0.548232
0.579871
0.48982
0.555395
0.472008
0.602097
0.56858
0.554747
0.554078
0.53251
0.51525
0.526032
0.536854
0.565401
0.492165
0.506229
0.486859
0.49242
0.539945
0.557906
0.61296
0.566138
0.49449
0.521836
0.52378
0.551065
0.512751
0.552316
0.561874
0.54113
0.541393
0.500955
0.520987
0.520992
0.521737
0.546472
0.47123
0.523923
0.525146
0.526075
0.476066
0.580252
0.548738
0.493132
0.562463
0.488314
0.459268
0.547869
0.493303
0.509217
0.53821
0.495875
0.532224
0.508744
0.540555
0.538427
0.475211
0.53451
0.554317
0.545929
0.563168
0.544397
0.5136
0.549186
0.520363
0.508204
0.533864
0.497646
0.549598
0.552199
0.582049
0.591389
0.501289
0.500393
0.471889
0.569803
0.496854
0.519724
0.576231
0.572078
0.508528
0.551238
0.543927
0.557539
0.535738
0.566206
0.578644
0.503121
0.559538
0.543139
0.547115
0.551737
0.539432
0.587052
0.579184
0.583883
0.457312
0.487273
0.54625
0.512406
0.520118
0.455092
0.543725
0.528347
0.568996
0.533295
0.515179
0.490186
0.499529
0.536681
0.591669
0.566021
0.534577
0.546808
0.485404
0.45352
0.466065
0.565931
0.594027
0.539632
0.576949
0.536522
0.509546
0.466805
0.503371
0.570616
0.551937
0.591395
0.555654
0.556123
0.473232
0.553478
0.546971
0.461734
0.543543
0.570547
0.515008
0.525214
0.524081
0.528142
0.500039
0.495818
0.51411
0.532231
0.505682
0.549101
0.549186
0.48599
0.532705
0.487314
0.560507
0.548875
0.533211
0.584519
0.534076
0.566351
0.54343
0.547725
0.554703
0.521847
0.562583
0.530621
0.527405
0.547156
0.573974
0.581458
0.599774
0.528488
0.548326
0.528217
0.490431
0.502062
0.492924
0.505956
0.582976
0.482431
0.524786
0.540468
0.545322
0.471947
0.542404
0.538416
0.489181
0.498162
0.612532
0.591602
0.47441
0.563027
0.543025
0.572933
0.557884
0.521072
0.518348
0.450794
0.545074
0.546232
0.490214
0.511814
0.53746
0.532607
0.611896
0.559134
0.494703
0.556347
0.562143
0.539191
0.534472
0.504449
0.57915
0.508785
0.543192
0.469013
0.464407
0.510169
0.484221
0.564385
0.56308
0.508386
0.56571
0.553375
0.462003
0.560618
0.550173
0.53565
0.576891
0.45763
0.493356
0.495256
0.560311
0.556957
0.531026
0.52517
0.532385
0.544938
0.542183
0.486331
0.505328
0.522609
0.532195
0.521867
0.4889
0.546341
0.527136
0.537316
0.559938
0.539864
0.539075
0.58233
0.483189
0.574719
0.51716
0.545849
0.511002
0.505965
0.551251
0.523513
0.575444
0.524418
0.508224
0.50645
0.464012
0.501919
0.506878
0.53164
0.5347
0.54341
0.54054
0.505405
0.559016
0.48279
0.502598
0.545955
0.496731
0.566362
0.543856
0.545911
0.574583
0.511189
0.512255
0.579898
0.557893
0.554459
0.54038
0.582509
0.54163
0.50707
0.536051
0.612529
0.502635
0.48588
0.510059
0.510261
0.530092
0.529177
0.531354
0.565559
0.543642
0.580259
0.557579
0.553196
0.535027
0.547106
0.557992
0.488982
0.553019
0.55592
0.554822
0.504082
0.505768
0.486075
0.558094
0.558383
0.510905
0.5611
0.545453
0.565569
0.571082
0.539355
0.55169
0.474075
0.481023
0.473883
0.536138
0.532631
0.559487
0.551495
0.482667
0.454797
0.483244
0.5881
0.567061
0.571711
0.567355
0.542984
0.545845
0.495016
0.53927
0.462405
0.47526
0.58403
0.52851
0.507003
0.524078
0.549336
0.608756
0.57796
0.529381
0.530519
0.501997
0.546184
0.507092
0.507461
0.498626
0.538231
0.576703
0.537023
0.540168
0.542588
0.513558
0.507671
0.492516
0.563372
0.553723
0.549044
0.54116
0.475325
0.549339
0.55166
0.520253
0.510011
0.566088
0.55392
0.56597
0.482908
0.600091
0.493244
0.547759
0.503375
0.517545
0.547148
0.528518
0.493347
0.533117
0.464957
0.591243
0.562569
0.490947
0.492822
0.580033
0.562708
0.474936
0.444361
0.458538
0.463623
0.557275
0.485731
0.486454
0.495191
0.496855
0.475626
0.524836
0.551551
0.543591
0.49696
0.487145
0.493087
0.581566
0.508451
0.487553
0.510983
0.518452
0.510195
0.483272
0.505462
0.507699
0.526372
0.499731
0.546246
0.540601
0.567519
0.485896
0.534234
0.528639
0.556189
0.463277
0.537398
0.547349
0.527628
0.539714
0.518609
0.546315
0.544086
0.571397
0.574463
0.504812
0.474107
0.553201
0.556862
0.519743
0.515469
0.532318
0.528534
0.55125
0.535955
0.537447
0.47697
0.479201
0.52102
0.558586
0.529713
0.5611
0.549537
0.47037
0.526358
0.466933
0.526614
0.518075
0.555228
0.55769
0.544968
0.485726
0.458105
0.464666
0.505222
0.484399
0.560938
0.49683
0.52112
0.494317
0.528663
0.517887
0.521622
0.478649
0.503418
0.535407
0.542616
0.497929
0.537296
0.539224
0.545454
0.494689
0.520954
0.494374
0.530611
0.510975
0.560201
0.56993
0.545528
0.474612
0.484772
0.491619
0.461203
0.470644
0.470107
0.530593
0.50038
0.511461
0.555996
0.551257
0.507427
0.532852
0.55501
0.478872
0.54628
0.491575
0.522735
0.525355
0.551712
0.54245
0.556162
0.586958
0.486404
0.480628
0.507329
0.559555
0.566905
0.534291
0.461368
0.535944
0.516313
0.471842
0.482153
0.575845
0.456621
0.482119
0.525247
0.509561
0.567054
0.554023
0.487557
0.548892
0.466479
0.502384
0.54795
0.537662
0.575965
0.569803
0.549032
0.498619
0.548994
0.548526
0.563304
0.565702
0.532165
0.545314
0.531688
0.563808
0.549778
0.494106
0.505273
0.509557
0.490408
0.561843
0.492999
0.493365
0.489193
0.513031
0.510688
0.567668
0.525122
0.550454
0.558475
0.566324
0.491662
0.50668
0.519191
0.561317
0.46572
0.47096
0.561237
0.546094
0.512917
0.543217
0.569733
0.489271
0.484871
0.552118
0.493008
0.528649
0.560392
0.519981
0.459944
0.494022
0.553716
0.551079
0.553284
0.482921
0.511222
0.542861
0.565684
0.550629
0.538244
0.532548
0.526131
0.487072
0.558707
0.493414
0.552519
0.518374
0.582952
0.534143
0.530419
0.553448
0.489961
0.54039
0.565436
0.551138
0.488082
0.561163
0.484264
0.462571
0.535472
0.47773
0.561307
0.50261
0.478962
0.526488
0.459079
0.547645
0.513546
0.563008
0.477125
0.566781
0.520264
0.503848
0.551473
0.479485
0.491243
0.518733
0.529325
0.485273
0.485068
0.511862
0.53748
0.540789
0.503972
0.548772
0.530513
0.486455
0.483911
0.528648
0.553823
0.466872
0.590337
0.561007
0.539086
0.550674
0.54831
0.579642
0.465834
0.512303
0.581738
0.563926
0.565933
0.49281
0.508898
0.457161
0.476605
0.539219
0.572411
0.479958
0.513385
0.571666
0.604208
0.590707
0.475207
0.557236
0.51995
0.531194
0.563007
0.453914
0.530233
0.556409
0.564506
0.458534
0.547105
0.560786
0.47144
0.580095
0.533674
0.467951
0.552947
0.542266
0.595837
0.517843
0.496124
0.508051
0.468294
0.538121
0.573047
0.556402
0.478709
0.55127
0.490226
0.567232
0.512994
0.472592
0.543775
0.563559
0.539272
0.561966
0.494125
0.517171
0.614254
0.532421
0.480264
0.489405
0.481595
0.610859
0.577889
0.56365
0.556517
0.552975
0.563368
0.557736
0.500768
0.537925
0.573524
0.551483
0.562371
0.576847
0.565481
0.462464
0.521124
0.517916
0.4841
0.462277
0.468635
0.52115
0.500328
0.47465
0.477255
0.550038
0.48811
0.557759
0.483754
0.491862
0.511295
0.569209
0.509172
0.550823
0.5657
0.470925
0.491075
0.507431
0.554053
0.51768
0.493188
0.523669
0.482823
0.555479
0.546243
0.509843
0.528912
0.526698
0.513193
0.506545
0.499681
0.5101
0.539145
0.512211
0.595257
0.53215
0.523809
0.544468
0.525831
0.531438
0.567134
0.528424
0.526255
0.528743
0.487038
0.50803
0.52907
0.499828
0.504074
0.527508
0.524256
0.529251
0.551822
0.540544
0.531651
0.527155
0.51732
0.529709
0.506133
0.490782
0.522134
0.507051
0.555963
0.542608
0.501013
0.516166
0.526908
0.502323
0.529387
0.524006
0.512853
0.504719
0.512627
0.567347
0.551685
0.506288
0.535697
0.540077
0.529002
0.47964
0.543327
0.563405
0.522627
0.541134
0.538525
0.512269
0.563884
0.550187
0.528194
0.538571
0.508393
0.553081
0.550841
0.507198
0.569074
0.525662
0.520111
0.510835
0.504603
0.53028
0.521443
0.55157
0.497463
0.520443
0.523113
0.534688
0.499626
0.496538
0.512352
0.517089
0.486878
0.547527
0.541982
0.528432
0.543839
0.491641
0.536688
0.511086
0.52468
0.543369
0.54122
0.536017
0.530271
0.539121
0.543609
0.541777
0.525274
0.481217
0.517004
0.499417
0.545117
0.484475
0.487168
0.535457
0.511956
0.514995
0.508208
0.49953
0.554799
0.527059
0.529865
0.503461
0.483513
0.533197
0.537198
0.54997
0.551817
0.502135
0.495009
0.521897
0.53155
0.542297
0.508006
0.514462
0.51141
0.520236
0.51339
0.539695
0.51383
0.504342
0.502854
0.507897
0.543466
0.522862
0.532158
0.506078
0.508983
0.525994
0.518862
0.506489
0.509784
0.500613
0.52679
0.529676
0.564597
0.517395
0.560309
0.552304
0.527943
0.493352
0.542086
0.489303
0.533997
0.491864
0.514318
0.578856
0.574715
0.531854
0.528071
0.547968
0.523353
0.547431
0.512989
0.499092
0.493834
0.507624
0.517915
0.513916
0.524659
0.505394
0.532672
0.491141
0.539899
0.547723
0.511974
0.537401
0.503742
0.551734
0.544531
0.530955
0.536849
0.533908
0.541409
0.552329
0.512469
0.532041
0.512718
0.454993
0.523111
0.53375
0.544308
0.50517
0.515184
0.52652
0.499631
0.53964
0.533358
0.51745
0.522872
0.547716
0.499383
0.503103
0.492342
0.527315
0.495069
0.523096
0.524879
0.487948
0.501213
0.555712
0.521856
0.520808
0.575186
0.527605
0.534258
0.558853
0.525217
0.548851
0.540412
0.522807
0.518159
0.500949
0.525499
0.530653
0.517156
0.51412
0.520443
0.525352
0.513825
0.49245
0.534673
0.54789
0.541605
0.506711
0.532845
0.517655
0.513877
0.526344
0.546975
0.560587
0.504129
0.498989
0.529613
0.5425
0.493045
0.53523
0.508505
0.537191
0.548944
0.527098
0.495727
0.519629
0.536654
0.580405
0.526424
0.503389
0.560411
0.529055
0.529154
0.533131
0.513914
0.509415
0.51058
0.522853
0.529481
0.534244
0.501328
0.514461
0.508385
0.552326
0.5449
0.518909
0.541752
0.502944
0.533519
0.593084
0.526778
0.524512
0.546677
0.557415
0.492955
0.525808
0.529463
0.521818
0.536818
0.548065
0.486428
0.509112
0.508503
0.475522
0.55748
0.547808
0.523586
0.542845
0.515166
0.546218
0.529527
0.529656
0.527505
0.521816
0.545357
0.502192
0.504436
0.493632
0.493837
0.503427
0.49493
0.505454
0.549219
0.516172
0.512254
0.548981
0.556629
0.529198
0.526334
0.513072
0.502371
0.474164
0.520299
0.527288
0.549491
0.511079
0.541157
0.508031
0.497919
0.494292
0.526423
0.493329
0.473591
0.5318
0.546131
0.521252
0.534203
0.488328
0.491768
0.534202
0.520595
0.509026
0.50425
0.548834
0.512797
0.520026
0.50346
0.531292
0.511229
0.5078
0.539206
0.511346
0.50413
0.53106
0.54347
0.543067
0.516003
0.492472
0.528321
0.550433
0.5624
0.557854
0.544865
0.544903
0.51973
0.492163
0.531923
0.548684
0.504531
0.537178
0.541246
0.551966
0.503664
0.511762
0.523856
0.529229
0.537821
0.536101
0.587612
0.558452
0.567663
0.53883
0.50413
0.513734
0.495891
0.547785
0.533299
0.553544
0.534619
0.552583
0.495266
0.534231
0.558088
0.519076
0.506458
0.534081
0.508323
0.514271
0.528164
0.53751
0.569721
0.542087
0.539545
0.587963
0.539926
0.534163
0.545841
0.479373
0.462109
0.507363
0.530542
0.50716
0.518843
0.537977
0.506389
0.468977
0.497726
0.491132
0.493717
0.485125
0.562892
0.53389
0.501927
0.578583
0.512772
0.524908
0.538017
0.519644
0.544793
0.499558
0.545084
0.484055
0.546972
0.530343
0.499895
0.532957
0.495137
0.515766
0.519036
0.542886
0.47888
0.547015
0.549313
0.552534
0.555636
0.543532
0.50674
0.518755
0.507028
0.492592
0.532077
0.550297
0.545394
0.560742
0.553544
0.570209
0.540121
0.576846
0.507234
0.501706
0.534479
0.495867
0.564126
0.520431
0.45556
0.543178
0.563437
0.465364
0.553709
0.485278
0.549183
0.570123
0.51948
0.537676
0.527503
0.538516
0.540988
0.561894
0.502762
0.532834
0.476909
0.54521
0.501831
0.526992
0.547012
0.540182
0.479841
0.522353
0.54642
0.49461
0.556615
0.508677
0.53243
0.565486
0.559764
0.539433
0.530908
0.514619
0.54992
0.560838
0.515128
0.5334
0.562595
0.48424
0.532649
0.569398
0.543457
0.560738
0.529605
0.488355
0.49864
0.526015
0.52427
0.55326
0.502152
0.513958
0.556476
0.518147
0.51265
0.5358
0.553744
0.528235
0.5285
0.53813
0.523171
0.52017
0.524235
0.459053
0.53572
0.533554
0.539708
0.523865
0.52477
0.496571
0.478815
0.492899
0.486918
0.554955
0.542821
0.556587
0.533757
0.51359
0.596565
0.554735
0.533215
0.56741
0.52688
0.554106
0.56853
0.49165
0.532799
0.537159
0.552654
0.583232
0.499246
0.492986
0.520965
0.541017
0.526676
0.58683
0.557826
0.495641
0.562808
0.528639
0.502962
0.493308
0.513327
0.55507
0.488165
0.487107
0.539268
0.555955
0.50459
0.499848
0.528212
0.532604
0.514231
0.523479
0.533113
0.537407
0.521198
0.525907
0.506555
0.543714
0.50851
0.490876
0.517617
0.492267
0.524672
0.569831
0.584421
0.581461
0.506134
0.5284
0.527587
0.543013
0.567757
0.498806
0.501064
0.518428
0.537541
0.542493
0.522793
0.543842
0.561951
0.511025
0.515099
0.476874
0.548582
0.534672
0.55473
0.52146
0.548953
0.54559
0.519512
0.532653
0.545797
0.503662
0.547705
0.536052
0.509825
0.541931
0.531609
0.549872
0.497193
0.547024
0.524559
0.487189
0.527718
0.536293
0.54876
0.56198
0.52612
0.506401
0.521631
0.50005
0.529617
0.498206
0.531795
0.546143
0.550628
0.516601
0.554825
0.56777
0.555687
0.53033
0.538464
0.51318
0.486915
0.535597
0.534201
0.521309
0.506412
0.512552
0.531382
0.565908
0.485996
0.525881
0.523971
0.474376
0.546287
0.525087
0.5415
0.499525
0.528236
0.571546
0.471692
0.519104
0.558691
0.540926
0.531009
0.556804
0.520065
0.543549
0.559221
0.5236
0.562358
0.518425
0.527356
0.538878
0.507825
0.541717
0.494043
0.530955
0.535632
0.556428
0.527483
0.554797
0.51837
0.543285
0.525009
0.52208
0.522275
0.517636
0.543746
0.528105
0.499167
0.529
0.518819
0.520169
0.548907
0.553313
0.548605
0.533706
0.525715
0.523379
0.502478
0.511091
0.527647
0.546634
0.486604
0.483912
0.545632
0.524414
0.491668
0.531197
0.556477
0.518822
0.543429
0.512333
0.485143
0.501072
0.568119
0.545942
0.533432
0.537094
0.490948
0.477042
0.543799
0.524207
0.522938
0.561128
0.549779
0.526789
0.557846
0.593145
0.504064
0.521526
0.549016
0.529009
0.521506
0.536304
0.547491
0.528798
0.531534
0.485074
