0.473103
0.479276
0.515744
0.525191
0.522415
0.52118
0.557744
0.553442
0.581048
0.568574
0.497684
0.513749
0.512263
0.509388
0.570388
0.545167
0.493807
0.485486
0.499472
0.510706
0.544998
0.470714
0.485851
0.496656
0.49648
0.503021
0.484543
0.551852
0.554199
0.555436
0.505452
0.518494
0.510981
0.521273
0.520064
0.513925
0.551558
0.541418
0.540103
0.472393
0.534582
0.534867
0.560301
0.483262
0.501518
0.527929
0.553187
0.549095
0.464358
0.492473
0.5474
0.567583
0.550512
0.542662
0.539308
0.489371
0.490399
0.527152
0.542769
0.544613
0.545019
0.542115
0.554302
0.542011
0.489049
0.486733
0.560164
0.557211
0.539082
0.562406
0.555447
0.554506
0.579803
0.601332
0.565852
0.537487
0.49747
0.505717
0.504911
0.505535
0.543382
0.524112
0.529005
0.508908
0.537415
0.500316
0.502966
0.525517
0.559933
0.575554
0.566604
0.589629
0.531881
0.516566
0.479236
0.501512
0.524942
0.526756
0.52166
0.531502
0.531617
0.551827
0.56183
0.571918
0.518994
0.467473
0.539518
0.51259
0.524465
0.543467
0.542795
0.469472
0.471533
0.48431
0.480043
0.492556
0.565389
0.539969
0.554122
0.446441
0.466835
0.520537
0.521534
0.510896
0.558747
0.54092
0.485422
0.479098
0.494164
0.514015
0.505327
0.496432
0.589335
0.591795
0.531923
0.531421
0.477951
0.470387
0.535773
0.535585
0.543066
0.546729
0.464907
0.475213
0.510066
0.515597
0.53839
0.519357
0.53422
0.532996
0.461314
0.544794
0.489876
0.493538
0.49457
0.496307
0.495769
0.503168
0.508976
0.554652
0.512644
0.518448
0.553664
0.533089
0.558482
0.569273
0.584623
0.582752
0.546311
0.542912
0.602099
0.506644
0.520792
0.517183
0.519304
0.520842
0.522038
0.520412
0.532738
0.529701
0.53906
0.541736
0.500457
0.529529
0.532403
0.530143
0.529091
0.530053
0.567766
0.561721
0.552451
0.526234
0.469213
0.482458
0.541281
0.543313
0.557612
0.569657
0.570453
0.494637
0.567447
0.520105
0.574758
0.495266
0.491413
0.529532
0.545778
0.547477
0.53727
0.520191
0.516169
0.463929
0.487234
0.560427
0.550805
0.530543
0.491924
0.500388
0.484386
0.482706
0.525842
0.532273
0.52867
0.48415
0.506062
0.54488
0.546355
0.564173
0.538839
0.536538
0.549836
0.483201
0.542449
0.594626
0.583496
0.585197
0.586573
0.539927
0.543841
0.487425
0.528515
0.53673
0.531973
0.47963
0.498303
0.573712
0.557513
0.518776
0.542858
0.53121
0.460832
0.470171
0.476309
0.485774
0.495247
0.502366
0.479382
0.554828
0.543013
0.558801
0.585615
0.569099
0.554989
0.558276
0.585297
0.613903
0.484236
0.494763
0.563064
0.498846
0.503198
0.499866
0.548038
0.54796
0.523473
0.527274
0.524135
0.545853
0.534126
0.573893
0.567453
0.478465
0.490236
0.523534
0.511173
0.488648
0.577708
0.573106
0.473261
0.478962
0.473049
0.526911
0.504899
0.503455
0.510526
0.532773
0.517251
0.514035
0.50678
0.532221
0.521913
0.524132
0.523107
0.502933
0.477849
0.522638
0.474411
0.469631
0.442202
0.447583
0.540332
0.540846
0.539873
0.56067
0.551832
0.483253
0.527514
0.525309
0.489997
0.498509
0.494671
0.54873
0.497508
0.498885
0.571888
0.560309
0.569289
0.569692
0.565943
0.45849
0.485654
0.499393
0.528431
0.563304
0.55635
0.572007
0.576289
0.458794
0.466477
0.472217
0.512152
0.49851
0.480297
0.563222
0.567861
0.549347
0.571529
0.527615
0.527406
0.531527
0.577022
0.593525
0.529936
0.527751
0.527107
0.526235
0.501443
0.498647
0.524146
0.474775
0.468717
0.552491
0.544879
0.492373
0.497573
0.549997
0.512131
0.514868
0.508436
0.554283
0.548606
0.48498
0.528599
0.54821
0.526059
0.530957
0.510887
0.518482
0.49322
0.503046
0.551358
0.548975
0.551513
0.540986
0.537728
0.522032
0.533052
0.524328
0.524945
0.526476
0.51956
0.494642
0.554127
0.553191
0.547488
0.493092
0.473392
0.565088
0.555708
0.519864
0.539454
0.505178
0.504683
0.450097
0.470015
0.50849
0.50892
0.538559
0.54853
0.537864
0.53616
0.560915
0.567811
0.565502
0.507736
0.571055
0.505942
0.509162
0.545338
0.566199
0.545098
0.472215
0.567186
0.500501
0.506996
0.499663
0.498579
0.555459
0.554431
0.534195
0.553715
0.582992
0.565322
0.589467
0.515458
0.495539
0.50626
0.577681
0.556174
0.496202
0.531974
0.559788
0.561905
0.592324
0.494205
0.482817
0.490087
0.488699
0.488521
0.528403
0.539842
0.591743
0.494336
0.516946
0.492856
0.568273
0.588365
0.565989
0.594614
0.470275
0.548634
0.554237
0.547735
0.543338
0.53284
0.492238
0.472371
0.48504
0.483837
0.470025
0.490483
0.521577
0.519815
0.471797
0.513961
0.51483
0.561921
0.538934
0.51462
0.502703
0.509774
0.541317
0.542222
0.557312
0.533762
0.526549
0.527963
0.508016
0.534337
0.544194
0.573126
0.541852
0.488491
0.504302
0.523331
0.523506
0.526254
0.52633
0.503597
0.578187
0.53833
0.556648
0.559414
0.547463
0.507472
0.541342
0.535799
0.583778
0.563265
0.542141
0.553509
0.551691
0.563668
0.55947
0.526086
0.510538
0.48716
0.467925
0.560626
0.552004
0.544277
0.539614
0.508146
0.560645
0.566446
0.55066
0.560055
0.51203
0.508538
0.591541
0.580463
0.575276
0.521988
0.524776
0.574001
0.503864
0.511691
0.548482
0.563988
0.518223
0.524005
0.569175
0.591682
0.536442
0.569223
0.590428
0.552621
0.529737
0.51501
0.525754
0.585221
0.463045
0.465699
0.460263
0.543575
0.546016
0.556667
0.560594
0.518439
0.503637
0.466199
0.549721
0.56566
0.570904
0.539295
0.51277
0.522221
0.536048
0.523059
0.579937
0.512452
0.506662
0.533275
0.528474
0.546824
0.53418
0.524098
0.518142
0.522426
0.522089
0.541968
0.553069
0.549679
0.563241
0.558163
0.511736
0.524343
0.539438
0.471952
0.529364
0.542988
0.544425
0.567168
0.576332
0.569853
0.5106
0.492702
0.500441
0.555546
0.513833
0.509564
0.58146
0.570187
0.589021
0.556122
0.544229
0.490294
0.491025
0.589455
0.537233
0.51248
0.581527
0.54001
0.524894
0.517647
0.525509
0.569869
0.560665
0.525968
0.531938
0.544972
0.53953
0.610276
0.591007
0.568438
0.557952
0.583075
0.562657
0.579093
0.559314
0.547975
0.545632
0.556703
0.475633
0.535961
0.506525
0.510664
0.530823
0.534115
0.498976
0.563279
0.551234
0.510002
0.570698
0.546455
0.537054
0.537424
0.53689
0.587455
0.461994
0.47175
0.471692
0.495404
0.481249
0.4873
0.478154
0.512162
0.566244
0.552297
0.522159
0.52443
0.527512
0.601994
0.597055
0.473076
0.475283
0.500739
0.478096
0.591614
0.513079
0.514573
0.47627
0.51149
0.511842
0.515167
0.560821
0.498352
0.567223
0.539269
0.532336
0.538725
0.477296
0.486337
0.48236
0.500265
0.513441
0.575646
0.554271
0.565546
0.519601
0.528687
0.539791
0.543279
0.483602
0.502594
0.524876
0.573519
0.593523
0.568047
0.538272
0.532856
0.544497
0.552452
0.553419
0.538671
0.53398
0.530665
0.492736
0.498266
0.509329
0.55219
0.555798
0.500805
0.508268
0.542614
0.556359
0.542984
0.544317
0.52351
0.522636
0.492569
0.537042
0.489083
0.518089
0.545391
0.552563
0.535355
0.514199
0.517639
0.520912
0.558675
0.556034
0.554043
0.506806
0.500686
0.536697
0.52531
0.528697
0.560777
0.459605
0.473638
0.451324
0.467762
0.462531
0.525034
0.457488
0.465239
0.458867
0.53417
0.56407
0.562079
0.548369
0.575588
0.504554
0.563722
0.572527
0.5581
0.550166
0.555896
0.555236
0.512875
0.504107
0.524335
0.533062
0.511957
0.528932
0.531916
0.531287
0.497564
0.484926
0.5427
0.536855
0.573907
0.488967
0.553329
0.548984
0.553164
0.533201
0.507004
0.503824
0.471343
0.480543
0.468638
0.517333
0.509848
0.529015
0.518208
0.543604
0.538321
0.563241
0.578831
0.456264
0.54852
0.543119
0.546945
0.487182
0.49846
0.544827
0.5116
0.531031
0.564071
0.544993
0.548032
0.550753
0.557675
0.469489
0.585766
0.573958
0.56043
0.556187
0.522641
0.524061
0.549728
0.532652
0.544828
0.557362
0.544579
0.520778
0.495207
0.475906
0.521215
0.52267
0.52228
0.49858
0.515847
0.516744
0.557319
0.576517
0.578127
0.565029
0.549851
0.530802
0.534922
0.53902
0.535849
0.486357
0.546827
0.539068
0.471426
0.499651
0.510058
0.536105
0.542207
0.546911
0.506724
0.513371
0.550104
0.554756
0.524431
0.525963
0.511646
0.55593
0.540066
0.558889
0.555075
0.573085
0.581287
0.566926
0.491208
0.509845
0.527907
0.546997
0.541644
0.498858
0.49655
0.504219
0.520046
0.556882
0.578357
0.557045
0.546052
0.545163
0.555085
0.544743
0.542209
0.512582
0.503024
0.551739
0.558057
0.535052
0.529498
0.4792
0.535236
0.53924
0.54876
0.548335
0.485745
0.491748
0.560229
0.557702
0.521562
0.495154
0.542619
0.533381
0.521216
0.518539
0.496593
0.507506
0.553874
0.549205
0.554538
0.551973
0.487047
0.502467
0.506684
0.581185
0.55634
0.532345
0.532616
0.529018
0.492096
0.558702
0.535635
0.537436
0.480173
0.488487
0.522914
0.522473
0.522248
0.520664
0.53567
0.521439
0.548073
0.553704
0.483081
0.487606
0.523151
0.480486
0.480645
0.482054
0.498749
0.550653
0.541709
0.470765
0.469787
0.495491
0.494701
0.460348
0.471265
0.481084
0.474878
0.493765
0.551983
0.55493
0.550325
0.541645
0.516881
0.545777
0.486804
0.492571
0.541162
0.489102
0.571881
0.570703
0.554053
0.511684
0.531112
0.458136
0.46211
0.570317
0.541089
0.493934
0.50892
0.510628
0.470722
0.448861
0.470372
0.511374
0.496947
0.489693
0.489737
0.55422
0.546357
0.535784
0.535914
0.499158
0.492905
0.544202
0.532802
0.530833
0.510774
0.525128
0.545878
0.529659
0.557409
0.535148
0.538783
0.48587
0.531619
0.531409
0.529392
0.502517
0.537406
0.547852
0.542826
0.548474
0.548661
0.540653
0.544329
0.514594
0.612113
0.577553
0.477735
0.530279
0.53479
0.558215
0.543533
0.540858
0.540195
0.549774
0.544879
0.553168
0.534676
0.52713
0.537589
0.529215
0.466772
0.508267
0.503487
0.536216
0.557933
0.548884
0.53366
0.515831
0.470537
0.523108
0.524451
0.517453
0.519359
0.57386
0.559427
0.574881
0.536401
0.526148
0.541471
0.532603
0.488545
0.493141
0.571138
0.48293
0.496369
0.539434
0.48116
0.513919
0.581455
0.58516
0.575489
0.568689
0.574646
0.505614
0.552214
0.540491
0.516596
0.533692
0.535625
0.548269
0.568617
0.558546
0.547038
0.524214
0.532361
0.560565
0.555695
0.551598
0.547593
0.551808
0.554219
0.555718
0.505186
0.549159
0.552539
0.545574
0.507033
0.491056
0.474743
0.529767
0.528823
0.531873
0.548686
0.560136
0.525919
0.522865
0.527862
0.50884
0.556043
0.558206
0.4833
0.488929
0.513045
0.583878
0.572365
0.56475
0.486691
0.493255
0.523217
0.523584
0.520671
0.522645
0.528315
0.563692
0.545739
0.557103
0.542743
0.550672
0.499068
0.503007
0.513538
0.578379
0.489668
0.492619
0.526562
0.516955
0.549639
0.495223
0.470582
0.553946
0.55334
0.567508
0.509467
0.506791
0.494527
0.492469
0.547896
0.547833
0.543982
0.478779
0.463676
0.481934
0.491285
0.491881
0.488084
0.517331
0.498055
0.460944
0.541712
0.513107
0.567064
0.525354
0.551535
0.570854
0.535208
0.528489
0.509816
0.512556
0.563089
0.538976
0.524201
0.527616
0.523062
0.541787
0.539762
0.528231
0.5553
0.551595
0.52701
0.530283
0.529151
0.535455
0.532398
0.508963
0.464068
0.597175
0.498986
0.541997
0.505211
0.506221
0.569347
0.539664
0.571524
0.523689
0.528233
0.448328
0.528474
0.560497
0.551085
0.490049
0.49325
0.489655
0.55611
0.53583
0.556033
0.543767
0.528094
0.488218
0.566331
0.480795
0.502621
0.482847
0.543545
0.456125
0.560866
0.489938
0.555754
0.530848
0.512417
0.553924
0.552603
0.504771
0.521444
0.477351
0.488506
0.465097
0.487687
0.556398
0.494611
0.568551
0.504198
0.505112
0.501301
0.487138
0.498091
0.537565
0.553715
0.547906
0.57776
0.543124
0.578785
0.568665
0.571661
0.564066
0.541067
0.563276
0.548878
0.466083
0.488919
0.486733
0.548426
0.557717
0.544331
0.557947
0.537318
0.580364
0.524013
0.512645
0.506028
0.52072
0.49402
0.57275
0.553921
0.515621
0.504646
0.574461
0.473467
0.483971
0.499939
0.490695
0.530644
0.587791
0.593342
0.592391
0.491223
0.515328
0.521945
0.523581
0.514801
0.566471
0.546647
0.504569
0.507299
0.505456
0.512309
0.501776
0.521561
0.524109
0.573671
0.556839
0.561594
0.532215
0.48066
0.522968
0.522746
0.550669
0.544235
0.540709
0.557438
0.495297
0.494515
0.488034
0.537286
0.50679
0.502029
0.539196
0.538968
0.520704
0.521461
0.473138
0.510855
0.488933
0.505938
0.564298
0.541859
0.536433
0.548393
0.519982
0.51853
0.503768
0.520282
0.499475
0.495792
0.556255
0.555757
0.592627
0.592792
0.486973
0.469591
0.489469
0.55795
0.568885
0.539971
0.543977
0.51375
0.515217
0.528431
0.553858
0.571073
0.493038
0.56474
0.546638
0.544794
0.497009
0.539173
0.558285
0.533474
0.562378
0.458842
0.485709
0.555729
0.516516
0.531814
0.469723
0.583008
0.582701
0.490535
0.499438
0.545572
0.586267
0.565661
0.541384
0.540884
0.448461
0.578916
0.585408
0.462727
0.465965
0.549239
0.52531
0.548435
0.572971
0.56603
0.563042
0.509693
0.464078
0.505363
0.556872
0.525275
0.55368
0.552666
0.54993
0.471478
0.550835
0.572322
0.603644
0.495817
0.493166
0.552644
0.505201
0.520622
0.502809
0.470173
0.484577
0.557337
0.519685
0.587834
0.556803
0.570484
0.579507
0.54786
0.538095
0.555112
0.537369
0.496614
0.556395
0.482388
0.544293
0.534443
0.470165
0.532682
0.529977
0.544945
0.561806
0.521088
0.569264
0.521923
0.490203
0.468616
0.580699
0.531093
0.494989
0.508427
0.553418
0.552691
0.545705
0.497893
0.566437
0.596037
0.558038
0.558284
0.582273
0.571119
0.503742
0.544886
0.522022
0.522863
0.520251
0.565914
0.557373
0.47108
0.53521
0.50511
0.542734
0.544982
0.490836
0.50082
0.554711
0.546096
0.568514
0.558366
0.474878
0.581623
0.583597
0.495839
0.52585
0.538563
0.534541
0.573287
0.528248
0.548032
0.564448
0.505301
0.506519
0.554568
0.466328
0.474562
0.571193
0.576201
0.489825
0.504641
0.478212
0.491866
0.529492
0.563316
0.566566
0.457793
0.566238
0.56039
0.573026
0.533301
0.462904
0.464859
0.516843
0.491432
0.492053
0.569515
0.53866
0.535646
0.537367
0.533336
0.533234
0.486787
0.500937
0.51457
0.536376
0.522661
0.488118
0.547779
0.549061
0.490308
0.524333
0.570195
0.525901
0.555489
0.540064
0.536662
0.58348
0.478214
0.519552
0.573677
0.506287
0.52816
0.482482
0.554978
0.51661
0.469324
0.536425
0.555908
0.546092
0.515245
0.504832
0.45994
0.534013
0.550795
0.503496
0.540843
0.500109
0.545333
0.560662
0.5598
0.546529
0.582179
0.567501
0.547715
0.512309
0.517369
0.559786
0.513753
0.504923
0.565259
0.544029
0.546176
0.543273
0.551104
0.528036
0.53514
0.593376
0.458556
0.482271
0.561518
0.509813
0.458967
0.529892
0.530664
0.532664
0.526198
0.575903
0.544012
0.49447
0.540087
0.548661
0.510603
0.520232
0.548494
0.556357
0.519449
0.479548
0.483722
0.545295
0.550245
0.49089
0.557729
0.566586
0.579611
0.563984
0.556003
0.579047
0.469224
0.469318
0.496095
0.496393
0.529639
0.515362
0.538692
0.497662
0.472195
0.479033
0.5726
0.562838
0.536026
0.539122
0.492802
0.496776
0.533828
0.454055
0.469705
0.576355
0.551491
0.471392
0.513658
0.515947
0.524697
0.501736
0.50125
0.568834
0.480525
0.567268
0.530829
0.547031
0.507451
0.551623
0.548792
0.535622
0.491163
0.498377
0.548003
0.480157
0.561078
0.552636
0.484948
0.591788
0.492851
0.56235
0.563965
0.580848
0.499128
0.504989
0.519208
0.489674
0.562971
0.529118
0.471622
0.560594
0.561891
0.52052
0.534535
0.532058
0.539301
0.537461
0.461741
0.465605
0.585746
0.57857
0.522298
0.53705
0.574876
0.520932
0.465019
0.5793
0.44606
0.48948
0.477527
0.499128
0.480584
0.586267
0.487497
0.525648
0.495408
0.503457
0.558291
0.55393
0.53322
0.542441
0.507524
0.500556
0.48738
0.538303
0.505456
0.510696
0.562906
0.505298
0.520648
0.558215
0.496917
0.535087
0.564878
0.582912
0.554808
0.515384
0.520196
0.530482
0.466818
0.509872
0.546495
0.55024
0.514405
0.527941
0.515758
0.529656
0.555084
0.500709
0.506519
0.473576
0.481278
0.548537
0.559599
0.549502
0.538804
0.510017
0.531123
0.518124
0.457685
0.571201
0.489818
0.534282
0.574821
0.532539
0.513566
0.539073
0.52616
0.500854
0.551965
0.515306
0.467231
0.527086
0.464411
0.460612
0.466234
0.58287
0.574507
0.484801
0.489431
0.508171
0.541645
0.568411
0.477501
0.486129
0.467219
0.49849
0.502752
0.535256
0.50527
0.548237
0.492885
0.562727
0.573676
0.482021
0.459731
0.476472
0.470282
0.522755
0.485064
0.529561
0.512637
0.504393
0.548517
0.541889
0.528338
0.48351
0.493332
0.56674
0.460715
0.470194
0.514822
0.564431
0.513315
0.490194
0.553623
0.509646
0.527379
0.521407
0.548187
0.476656
0.478037
0.55591
0.485534
0.490415
0.498304
0.49686
0.522591
0.538361
0.537296
0.510495
0.485741
0.488293
0.482115
0.561821
0.544791
0.491565
0.588478
0.55278
0.458966
0.523746
0.565763
0.458849
0.515749
0.514982
0.56559
0.486042
0.462433
0.461593
0.551609
0.540159
0.574719
0.48936
0.496359
0.572318
0.560143
0.549403
0.537118
0.537835
0.568971
0.509884
0.540269
0.579289
0.542495
0.541594
0.548822
0.493568
0.525043
0.570126
0.497927
0.495336
0.514551
0.575859
0.524769
0.532241
0.542963
0.47867
0.49817
0.52064
0.496131
0.559967
0.574218
0.523037
0.553709
0.54406
0.524457
0.542247
0.535668
0.503494
0.576774
0.453781
0.503058
0.55481
0.547046
0.560868
0.501852
0.559375
0.485187
0.534962
0.555518
0.554346
0.531998
0.538628
0.517947
0.538555
0.472142
0.490778
0.52909
0.565417
0.508687
0.485477
0.478319
0.47229
0.536583
0.542749
0.488274
0.481159
0.478334
0.557351
0.494296
0.549193
0.509505
0.498951
0.577674
0.571126
0.502942
0.512776
0.515243
0.471788
0.480598
0.528552
0.483486
0.516459
0.533835
0.465205
0.545459
0.53365
0.485915
0.53744
0.514944
0.581852
0.549917
0.584544
0.488185
0.511554
0.476915
0.58465
0.472169
0.491705
0.586753
0.453167
0.514222
0.510388
0.479099
0.514647
0.579094
0.473991
0.456196
0.472341
0.545722
0.555149
0.571487
0.548009
0.513287
0.454335
0.500912
0.545875
0.496767
0.583507
0.56844
0.526577
0.465864
0.540825
0.541575
0.49472
0.506001
0.581484
0.486575
0.49135
0.573951
0.506077
0.573307
0.549987
0.527629
0.585864
0.486118
0.489314
0.49081
0.513284
0.472169
0.547841
0.557082
0.552653
0.46335
0.472472
0.580348
0.595107
0.600848
0.562513
0.56331
0.550049
0.552032
0.583904
0.580886
0.542534
0.541165
0.498833
0.499236
0.567492
0.537818
0.579858
0.571487
0.482082
0.531824
0.564382
0.463555
0.519124
0.476057
0.486187
0.492241
0.492291
0.579844
0.554132
0.468352
0.579636
0.551799
0.489953
0.523213
0.510625
0.577321
0.554439
0.512197
0.546375
0.481578
0.532624
0.532017
0.509361
0.526776
0.500899
0.517871
0.526927
0.520312
0.50673
0.522365
0.516972
0.534637
0.538438
0.546295
0.536084
0.568145
0.589281
0.592994
0.505003
0.503119
0.520511
0.4798
0.482354
0.529121
0.506563
0.473814
0.526298
0.529037
0.596665
0.507619
0.526255
0.530716
0.505668
0.537239
0.526196
0.490932
0.516545
0.510615
0.563014
0.561432
0.570924
0.524893
0.539007
0.504264
0.525864
0.50464
0.520889
0.50826
0.530029
0.524901
0.507209
0.507704
0.523027
0.509581
0.505832
0.515574
0.540824
0.517459
0.522832
0.500641
0.541451
0.519541
0.560152
0.534994
0.513037
0.511528
0.530223
0.528566
0.506859
0.512721
0.540351
0.476522
0.523138
0.502593
0.524298
0.521094
0.508877
0.516807
0.557655
0.54186
0.521817
0.503362
0.514706
0.486755
0.527831
0.529343
0.509852
0.491117
0.51625
0.530606
0.503859
0.540077
0.509499
0.526709
0.547626
0.534057
0.506699
0.519669
0.541706
0.481072
0.527894
0.551718
0.508354
0.502921
0.493195
0.557414
0.489888
0.538575
0.539133
0.547266
0.52278
0.528603
0.529245
0.484121
0.526384
0.491431
0.498929
0.570905
0.546521
0.55559
0.534778
0.527322
0.480062
0.553074
0.480869
0.517666
0.533427
0.512381
0.531304
0.537824
0.470019
0.517981
0.516201
0.507915
0.569642
0.50173
0.505173
0.544393
0.527232
0.504839
0.526206
0.542459
0.526148
0.519156
0.500612
0.494835
0.526912
0.509092
0.574794
0.574491
0.582137
0.555109
0.528465
0.490553
0.503019
0.532173
0.515534
0.574027
0.536968
0.543853
0.522915
0.522556
0.525346
0.502163
0.498543
0.495578
0.505221
0.50989
0.530915
0.534974
0.561244
0.554565
0.526901
0.498659
0.544152
0.552271
0.559987
0.565831
0.510405
0.525419
0.567475
0.514136
0.547633
0.524708
0.56542
0.557014
0.534996
0.509175
0.522055
0.553311
0.55358
0.50211
0.517912
0.500246
0.522818
0.52505
0.486619
0.572641
0.582127
0.49617
0.50545
0.544752
0.562013
0.525663
0.533693
0.531657
0.535331
0.506277
0.515692
0.512207
0.527657
0.509389
0.523287
0.519395
0.493369
0.526797
0.51172
0.541198
0.508886
0.511821
0.54406
0.527556
0.544081
0.524064
0.543105
0.557519
0.546597
0.540433
0.521092
0.540736
0.513977
0.547795
0.54085
0.548675
0.500204
0.51336
0.552506
0.552236
0.557079
0.521021
0.534309
0.523258
0.540915
0.527237
0.488529
0.576582
0.511226
0.548399
0.546053
0.492826
0.511337
0.515834
0.540846
0.50261
0.48263
0.548006
0.49028
0.545857
0.520725
0.499443
0.520561
0.509956
0.502616
0.527055
0.537078
0.493244
0.525566
0.540229
0.525373
0.49454
0.536904
0.513783
0.516805
0.553194
0.549185
0.526949
0.546938
0.503505
0.505964
0.521173
0.55933
0.574535
0.553496
0.498789
0.525381
0.508531
0.539692
0.533785
0.508792
0.512053
0.549377
0.505962
0.562966
0.542051
0.546041
0.467875
0.528093
0.554436
0.488896
0.509498
0.516098
0.533174
0.491603
0.535537
0.530501
0.513339
0.517871
0.532066
0.525338
0.515191
0.539434
0.509611
0.509419
0.509815
0.537407
0.515342
0.540849
0.545262
0.498402
0.517949
0.549153
0.490586
0.527764
0.557357
0.539118
0.481857
0.50539
0.541071
0.524488
0.526651
0.54097
0.533596
0.516721
0.512296
0.498264
0.511539
0.532714
0.529101
0.494118
0.54365
0.502029
0.503625
0.533041
0.511325
0.512469
0.515771
0.545154
0.528996
0.546505
0.549619
0.522478
0.514062
0.524977
0.538399
0.522992
0.553206
0.527616
0.544678
0.541196
0.566378
0.524074
0.489903
0.548462
0.507553
0.51637
0.531066
0.512939
0.513785
0.518791
0.511239
0.513794
0.539311
0.510468
0.509842
0.517858
0.51524
0.529299
0.478043
0.499497
0.48027
0.506535
0.494254
0.502416
0.547184
0.503247
0.531588
0.489679
0.53933
0.501031
0.517802
0.522063
0.583022
0.524395
0.498443
0.529124
0.533641
0.527382
0.530845
0.487212
0.552836
0.543164
0.49725
0.561309
0.50861
0.52176
0.487746
0.54939
0.47498
0.530268
0.506287
0.520561
0.50173
0.534446
0.522398
0.533168
0.541718
0.533955
0.490972
0.51278
0.554153
0.487895
0.520151
0.527104
0.571208
0.520861
0.546221
0.544073
0.594324
0.534959
0.5359
0.553692
0.581518
0.490306
0.530445
0.548441
0.55558
0.485504
0.497733
0.467798
0.522324
0.568279
0.505786
0.514171
0.56951
0.538958
0.521521
0.567196
0.589161
0.524159
0.540319
0.559299
0.503222
0.567232
0.555502
0.524864
0.530177
0.515843
0.49614
0.595617
0.473401
0.488591
0.595604
0.459716
0.525722
0.527386
0.477232
0.533228
0.500351
0.540853
0.490702
0.533252
0.551627
0.521192
0.537776
0.522365
0.553001
0.528379
0.510893
0.520586
0.469839
0.52326
0.620049
0.504455
0.554829
0.471136
0.50145
0.53958
0.535885
0.51372
0.549452
0.563907
0.503465
0.510891
0.587383
0.49074
0.593118
0.527609
0.535145
0.513911
0.580706
0.522231
0.516935
0.556674
0.584381
0.488718
0.544212
0.54939
0.497532
0.521893
0.525456
0.510992
0.533376
0.533234
0.536329
0.521964
0.562108
0.50492
0.504093
0.490055
0.498161
0.533472
0.505941
0.519838
0.577035
0.498232
0.518139
0.55997
0.556553
0.475635
0.538047
0.478622
0.494687
0.494825
0.487696
0.523411
0.495522
0.538101
0.534365
0.499226
0.495193
0.561478
0.519592
0.557691
0.563643
0.528524
0.55323
0.515205
0.501069
0.524393
0.530965
0.537138
0.540229
0.540064
0.489792
0.532677
0.487239
0.532885
0.561682
0.512809
0.529718
0.520046
0.492506
0.523495
0.548406
0.525332
0.543273
0.491861
0.501146
0.494536
0.542337
0.496327
0.518527
0.522132
0.551722
0.542593
0.501972
0.551395
0.509568
0.496867
0.551944
0.603238
0.520757
0.522029
0.525112
0.588711
0.560452
0.532157
0.53251
0.490712
0.535573
0.495181
0.555965
0.566636
0.540907
0.487353
0.596819
0.514385
0.552979
0.534916
0.547347
0.482718
0.507323
0.488479
0.492418
0.52199
0.512134
0.506488
0.550689
0.541484
0.53589
0.58701
0.545382
0.54685
0.522087
0.554528
0.509404
0.528568
0.538129
0.519011
0.574088
0.533138
0.525817
0.546857
0.532246
0.519778
0.542067
0.529792
0.540424
0.514031
0.533534
0.523248
0.551157
0.48934
0.492198
0.468686
0.522764
0.552413
0.522516
0.563927
0.522994
0.52309
0.512842
0.495278
0.522697
0.534573
0.501781
0.540809
0.471148
0.525131
0.485899
0.538679
0.548975
0.558959
0.556314
0.532263
0.492214
0.518673
0.550972
0.558114
0.495499
0.509048
0.522012
0.526501
0.54724
0.573152
0.558904
0.483387
0.522994
0.501037
0.531868
0.51442
0.508979
0.54546
0.543654
0.508179
0.549469
0.586351
0.56333
0.517686
0.489072
0.507517
0.491812
0.526065
0.537853
0.551653
0.551625
0.506262
0.536916
0.503019
0.471145
0.539863
0.537178
0.550817
0.511931
0.512609
0.531009
0.523366
0.553211
0.479384
0.506657
0.467655
0.491985
0.501112
0.555588
0.493804
0.525729
0.497453
0.529339
0.522254
0.541412
0.544799
0.547518
0.50732
