0.473067
0.481456
0.511253
0.529311
0.515067
0.525243
0.571044
0.568469
0.480106
0.492235
0.506199
0.504535
0.494663
0.484345
0.541332
0.490859
0.500484
0.538893
0.500261
0.490582
0.557319
0.555695
0.554684
0.500189
0.520814
0.517658
0.506224
0.50741
0.508717
0.508063
0.54193
0.534152
0.553042
0.48246
0.481506
0.501839
0.488696
0.554679
0.55303
0.461443
0.538551
0.565628
0.544954
0.552782
0.487742
0.491098
0.51431
0.51944
0.525295
0.536285
0.548336
0.536532
0.563179
0.547891
0.524031
0.483765
0.545079
0.527027
0.560031
0.555814
0.546517
0.504872
0.580798
0.54923
0.605673
0.532901
0.513791
0.497262
0.503011
0.504055
0.537975
0.552434
0.565562
0.545767
0.550883
0.495489
0.552773
0.526488
0.511707
0.557358
0.530767
0.486855
0.583401
0.578893
0.561575
0.56367
0.52878
0.485832
0.509123
0.538661
0.510679
0.525797
0.552584
0.558238
0.519718
0.489081
0.476624
0.485611
0.541291
0.551437
0.514033
0.523934
0.542542
0.545003
0.541055
0.554267
0.553716
0.472562
0.484177
0.486448
0.489596
0.493267
0.492582
0.563109
0.540165
0.552038
0.556561
0.561201
0.495914
0.494043
0.500514
0.444843
0.467765
0.511687
0.518738
0.512953
0.577755
0.551343
0.536896
0.478577
0.499434
0.490209
0.505137
0.570499
0.581363
0.565471
0.558504
0.530543
0.532753
0.569904
0.543824
0.463154
0.524967
0.529004
0.505789
0.524647
0.517381
0.539753
0.470871
0.555129
0.54428
0.495934
0.492762
0.486857
0.476099
0.499113
0.498964
0.496309
0.518796
0.542362
0.549331
0.543234
0.552103
0.56569
0.471984
0.609794
0.516113
0.512061
0.510048
0.510148
0.517634
0.517456
0.542838
0.537982
0.538524
0.531887
0.539522
0.504692
0.498447
0.490839
0.503154
0.533233
0.534989
0.537312
0.533874
0.52953
0.53686
0.527121
0.567584
0.527994
0.529402
0.528775
0.544668
0.554213
0.560691
0.521895
0.585712
0.490377
0.489607
0.532018
0.533313
0.569235
0.536232
0.545981
0.561771
0.522185
0.515894
0.471224
0.531751
0.456752
0.469462
0.498613
0.509817
0.530032
0.542038
0.499187
0.502905
0.490595
0.550304
0.547023
0.552508
0.569277
0.55183
0.545114
0.507355
0.489049
0.514771
0.57858
0.561187
0.551469
0.552662
0.575087
0.568682
0.573137
0.581746
0.473079
0.486225
0.558689
0.550494
0.480739
0.49226
0.49521
0.577016
0.569405
0.540204
0.480579
0.472934
0.456073
0.469452
0.481473
0.533188
0.534799
0.562348
0.49081
0.492193
0.495951
0.509884
0.578113
0.562847
0.548186
0.486412
0.507483
0.557913
0.568589
0.498058
0.507816
0.500686
0.50351
0.559012
0.563261
0.527043
0.540417
0.535305
0.532111
0.556245
0.553823
0.481205
0.497279
0.496458
0.50993
0.483941
0.486886
0.610999
0.470903
0.57021
0.569231
0.586791
0.523426
0.501207
0.499185
0.502424
0.521205
0.523443
0.470355
0.466335
0.472907
0.487244
0.555705
0.520988
0.51905
0.540746
0.533453
0.458757
0.46234
0.447111
0.469409
0.48173
0.489391
0.521553
0.532615
0.533459
0.533685
0.525502
0.541709
0.536221
0.534791
0.539096
0.534355
0.496797
0.499829
0.511773
0.555806
0.547492
0.555809
0.556642
0.457704
0.530434
0.547009
0.530156
0.549481
0.564143
0.461839
0.467284
0.509771
0.485147
0.480428
0.574408
0.576122
0.582545
0.538982
0.567127
0.551385
0.512486
0.531716
0.645076
0.5271
0.526732
0.523806
0.50977
0.5066
0.510565
0.516108
0.481391
0.491651
0.526038
0.533112
0.529801
0.480855
0.489829
0.555136
0.552477
0.48881
0.553622
0.513181
0.553767
0.479072
0.495382
0.526509
0.521559
0.528767
0.537896
0.48381
0.493678
0.544748
0.553121
0.545594
0.550924
0.53033
0.527035
0.528273
0.528794
0.560027
0.550974
0.520963
0.488882
0.473864
0.553343
0.549878
0.528458
0.523573
0.529688
0.536028
0.516304
0.553512
0.551038
0.508287
0.537993
0.529308
0.561295
0.547175
0.557878
0.532191
0.510262
0.538952
0.545525
0.556444
0.552258
0.485409
0.492818
0.498854
0.507726
0.51294
0.479412
0.508167
0.528066
0.531615
0.565493
0.512311
0.525717
0.496682
0.498258
0.585937
0.580206
0.527394
0.566854
0.618057
0.499948
0.487057
0.515599
0.514727
0.557585
0.547236
0.556143
0.490299
0.490057
0.486888
0.531699
0.532139
0.52422
0.613438
0.525995
0.526912
0.542435
0.549039
0.569256
0.566833
0.568597
0.508811
0.49006
0.551733
0.571383
0.574734
0.591687
0.576489
0.610564
0.461876
0.467393
0.471836
0.547712
0.55043
0.54325
0.544727
0.566444
0.574432
0.493493
0.582641
0.486623
0.560311
0.484628
0.481189
0.466635
0.474231
0.514614
0.509936
0.571355
0.550139
0.497444
0.505973
0.55644
0.555763
0.571714
0.561298
0.548613
0.548465
0.538264
0.515868
0.506823
0.567596
0.572295
0.569536
0.551188
0.537808
0.519946
0.527557
0.528396
0.498615
0.518451
0.517015
0.558812
0.512226
0.53898
0.565253
0.533624
0.536587
0.544948
0.546655
0.542337
0.545695
0.533097
0.506917
0.49187
0.535048
0.502462
0.53585
0.490494
0.46439
0.524392
0.544509
0.571232
0.557962
0.53256
0.500777
0.558283
0.543886
0.561901
0.565121
0.56312
0.544537
0.550299
0.539856
0.539081
0.51679
0.565023
0.566137
0.537869
0.545386
0.499135
0.521191
0.512249
0.54527
0.507964
0.520423
0.54675
0.549016
0.562178
0.447332
0.470984
0.558416
0.532652
0.552445
0.545503
0.515075
0.516106
0.57009
0.541892
0.537188
0.531867
0.598161
0.6041
0.544576
0.552559
0.551742
0.553949
0.519281
0.514554
0.447815
0.45749
0.577372
0.515071
0.531161
0.468078
0.491667
0.560211
0.547383
0.51311
0.509772
0.516916
0.581556
0.565746
0.539994
0.520605
0.465449
0.575986
0.562137
0.50559
0.544481
0.531543
0.531069
0.522454
0.523885
0.460107
0.510525
0.537534
0.570491
0.547917
0.565934
0.565938
0.510293
0.48938
0.496545
0.512828
0.508104
0.517713
0.538874
0.526077
0.555782
0.546955
0.508339
0.492409
0.51098
0.579492
0.535056
0.512799
0.536905
0.526644
0.522744
0.545493
0.541464
0.533399
0.529293
0.536133
0.535866
0.562767
0.5694
0.570028
0.581147
0.559323
0.557681
0.553505
0.548427
0.47266
0.459774
0.474044
0.537144
0.546743
0.552431
0.519639
0.534655
0.560758
0.55075
0.513475
0.555063
0.546259
0.54895
0.539748
0.53714
0.565006
0.584997
0.593628
0.48263
0.459546
0.468424
0.46343
0.580274
0.56026
0.516008
0.51181
0.56272
0.565219
0.542873
0.546107
0.518355
0.571367
0.565216
0.626876
0.582075
0.551046
0.5364
0.553397
0.527886
0.504619
0.514218
0.510195
0.486774
0.471635
0.474994
0.519048
0.512364
0.533919
0.496084
0.55006
0.5668
0.548045
0.529498
0.598265
0.527235
0.541357
0.56249
0.531256
0.506179
0.494133
0.485828
0.487789
0.520319
0.525241
0.488804
0.493437
0.513479
0.500996
0.574636
0.564076
0.498729
0.520947
0.52189
0.543114
0.567558
0.494333
0.570078
0.586719
0.548636
0.530103
0.530541
0.541845
0.558987
0.45597
0.449345
0.445178
0.549515
0.556991
0.520134
0.511157
0.506076
0.510933
0.545222
0.535728
0.500807
0.491536
0.489518
0.540561
0.544587
0.502633
0.501469
0.504007
0.5085
0.554223
0.492415
0.550548
0.543973
0.52087
0.518658
0.550122
0.465801
0.52686
0.531904
0.49693
0.488986
0.524846
0.494675
0.455256
0.531404
0.51456
0.525221
0.547089
0.556597
0.457245
0.526455
0.524139
0.56057
0.566426
0.558717
0.561501
0.538813
0.574914
0.559373
0.505742
0.568383
0.508498
0.549268
0.530613
0.545536
0.543441
0.514885
0.528864
0.532288
0.48824
0.47048
0.544159
0.569158
0.555377
0.561161
0.556767
0.571498
0.481436
0.499433
0.613922
0.517049
0.502162
0.510958
0.541478
0.565728
0.544986
0.574999
0.455491
0.538331
0.543393
0.557951
0.528401
0.489051
0.545248
0.551323
0.546403
0.574925
0.574064
0.564144
0.551118
0.488967
0.524218
0.537883
0.538283
0.535003
0.553977
0.541078
0.562189
0.585482
0.474175
0.522937
0.488136
0.520032
0.522629
0.513015
0.576828
0.556723
0.584007
0.498229
0.566299
0.528195
0.545444
0.511407
0.47369
0.524201
0.489184
0.549899
0.503719
0.509474
0.547567
0.519153
0.520922
0.518941
0.552311
0.534365
0.496633
0.555285
0.542313
0.598693
0.590492
0.598471
0.490719
0.533423
0.538741
0.538449
0.48019
0.526478
0.583641
0.558532
0.553248
0.510809
0.499673
0.561541
0.473032
0.53993
0.538126
0.542701
0.540513
0.520855
0.503119
0.558266
0.544948
0.533598
0.521957
0.4575
0.519182
0.523406
0.532713
0.55666
0.547051
0.570904
0.565382
0.540392
0.517113
0.516139
0.515083
0.512057
0.490242
0.506566
0.498148
0.515058
0.5645
0.576991
0.551505
0.550604
0.529513
0.529285
0.539546
0.520471
0.504975
0.529902
0.549301
0.537679
0.507735
0.504034
0.489161
0.535146
0.542806
0.519458
0.522376
0.547174
0.550345
0.520571
0.559255
0.571889
0.552389
0.49072
0.477626
0.515289
0.54633
0.462291
0.471776
0.582386
0.536015
0.482017
0.492357
0.503377
0.493267
0.483813
0.47026
0.558428
0.561802
0.546486
0.562741
0.565396
0.545106
0.576207
0.571715
0.512772
0.517054
0.60559
0.546606
0.552773
0.546063
0.455169
0.487541
0.495107
0.468185
0.533048
0.539491
0.512653
0.497562
0.50087
0.500851
0.533921
0.533263
0.505263
0.508443
0.52791
0.545835
0.499907
0.502972
0.499461
0.550674
0.531618
0.563607
0.486638
0.548352
0.530506
0.506333
0.546742
0.550936
0.545316
0.552259
0.548078
0.524813
0.51673
0.518749
0.545627
0.544829
0.597314
0.57517
0.466699
0.449491
0.483967
0.467875
0.476833
0.508421
0.526971
0.53945
0.542306
0.54921
0.548677
0.534291
0.543766
0.53364
0.529925
0.567906
0.561685
0.560261
0.464668
0.536551
0.559117
0.497871
0.546724
0.539455
0.513716
0.600064
0.48481
0.521442
0.523228
0.526061
0.46561
0.574892
0.560046
0.530291
0.47091
0.531835
0.548577
0.543583
0.537668
0.472835
0.488104
0.490679
0.487301
0.474818
0.501551
0.467253
0.512029
0.598039
0.605292
0.59333
0.559092
0.590748
0.511037
0.520462
0.503926
0.509371
0.545331
0.545087
0.516573
0.539048
0.581642
0.564114
0.529074
0.481944
0.470071
0.496144
0.605995
0.485242
0.486481
0.557159
0.553325
0.557473
0.579685
0.552883
0.47691
0.505298
0.559559
0.541395
0.54505
0.548536
0.487745
0.530455
0.528758
0.543635
0.539306
0.535204
0.517662
0.523386
0.556678
0.50951
0.576274
0.552267
0.559298
0.495158
0.582847
0.490345
0.521106
0.518886
0.569601
0.493712
0.484671
0.499737
0.50319
0.522838
0.523816
0.516363
0.549632
0.545391
0.544267
0.524717
0.529935
0.534138
0.53961
0.486192
0.494784
0.500863
0.535134
0.510951
0.526868
0.575316
0.586242
0.521989
0.536819
0.518687
0.55197
0.470047
0.494478
0.522449
0.516843
0.537032
0.495707
0.541227
0.487701
0.47638
0.486571
0.497296
0.463652
0.541848
0.593207
0.587446
0.558489
0.548436
0.549471
0.560835
0.547417
0.537535
0.528677
0.511299
0.509895
0.573011
0.53942
0.541143
0.536498
0.53836
0.548707
0.564238
0.511587
0.528525
0.524046
0.520331
0.543848
0.528698
0.50522
0.458513
0.56924
0.491186
0.534986
0.514639
0.511483
0.569965
0.541064
0.547357
0.566926
0.469894
0.521636
0.526678
0.525775
0.526912
0.513285
0.517766
0.471828
0.443975
0.569102
0.550306
0.544095
0.500487
0.48237
0.522008
0.553605
0.574626
0.564336
0.531823
0.54225
0.5324
0.480668
0.498158
0.547554
0.494754
0.542431
0.506182
0.545983
0.54595
0.550195
0.523108
0.580795
0.543629
0.544522
0.479039
0.48772
0.520644
0.52049
0.520715
0.493755
0.494658
0.587487
0.499305
0.501959
0.500884
0.560723
0.576331
0.569043
0.569187
0.511921
0.51446
0.542608
0.540641
0.522701
0.466964
0.481553
0.518592
0.464311
0.497733
0.491721
0.544359
0.550488
0.552624
0.574852
0.505434
0.485082
0.521754
0.487407
0.490497
0.526516
0.469209
0.494292
0.495236
0.496317
0.571883
0.555968
0.51481
0.509069
0.560041
0.547975
0.540226
0.521722
0.522126
0.561994
0.462168
0.553287
0.593183
0.554816
0.513938
0.51899
0.521824
0.493141
0.546239
0.530553
0.5093
0.503111
0.508758
0.517488
0.570408
0.554228
0.546435
0.521321
0.519288
0.520711
0.522267
0.519306
0.525699
0.532281
0.560248
0.526631
0.493699
0.488771
0.556161
0.55169
0.504771
0.510939
0.581027
0.569103
0.544039
0.520994
0.518301
0.520718
0.565874
0.554211
0.522911
0.575161
0.501425
0.562921
0.571198
0.564933
0.543769
0.548398
0.538655
0.514583
0.504102
0.510178
0.499112
0.50014
0.547891
0.546075
0.588072
0.564177
0.513334
0.478503
0.470673
0.539775
0.538348
0.466771
0.56724
0.543488
0.548169
0.539083
0.52129
0.557023
0.497788
0.54281
0.543868
0.532016
0.554651
0.566555
0.546087
0.456438
0.474068
0.541582
0.526147
0.537676
0.49584
0.568128
0.552939
0.551744
0.509678
0.497505
0.54351
0.540251
0.533276
0.504911
0.469217
0.490458
0.502125
0.544763
0.54254
0.579784
0.464448
0.465254
0.523758
0.526092
0.543382
0.571235
0.588546
0.602181
0.508327
0.48755
0.460834
0.506876
0.558852
0.518992
0.553809
0.562553
0.547472
0.50471
0.512379
0.569656
0.562828
0.483649
0.55517
0.550083
0.590516
0.554337
0.528287
0.484931
0.467853
0.493058
0.585918
0.575326
0.564389
0.52512
0.585939
0.521514
0.53632
0.480516
0.484509
0.545509
0.543594
0.53827
0.507249
0.521399
0.560128
0.524655
0.560559
0.606319
0.528371
0.55625
0.575232
0.490506
0.483784
0.487067
0.525853
0.536408
0.531702
0.471846
0.507731
0.490851
0.496612
0.515875
0.494081
0.597358
0.60173
0.564052
0.499159
0.572983
0.494118
0.534305
0.547546
0.530056
0.520611
0.522792
0.518432
0.566375
0.554636
0.558052
0.466723
0.534452
0.447555
0.53153
0.533535
0.573373
0.498052
0.56173
0.551863
0.549835
0.480252
0.583106
0.587415
0.61888
0.495445
0.495285
0.542599
0.538742
0.535252
0.592658
0.583594
0.515732
0.535937
0.475572
0.56775
0.499222
0.559707
0.554986
0.50549
0.542158
0.532816
0.457605
0.472958
0.575945
0.474163
0.552144
0.568118
0.552222
0.577523
0.492779
0.508358
0.482444
0.493945
0.592467
0.534593
0.51993
0.456585
0.517082
0.48243
0.546888
0.54896
0.547563
0.463927
0.460892
0.515682
0.489787
0.49533
0.543606
0.542856
0.534977
0.500032
0.515937
0.520759
0.549495
0.507408
0.58146
0.522877
0.520447
0.57184
0.464794
0.497958
0.459915
0.561522
0.551992
0.50519
0.512034
0.536898
0.5584
0.459258
0.541107
0.543995
0.538419
0.536878
0.562608
0.552876
0.545236
0.566254
0.508611
0.53313
0.549397
0.569425
0.541125
0.564792
0.508868
0.513729
0.554536
0.549314
0.541636
0.539445
0.524132
0.52348
0.493416
0.492755
0.453309
0.472273
0.560342
0.583693
0.499618
0.452059
0.518738
0.496686
0.554474
0.549766
0.541319
0.54212
0.548033
0.610319
0.514379
0.52046
0.539012
0.540257
0.533156
0.560308
0.566031
0.49744
0.572536
0.557078
0.504433
0.549774
0.488348
0.543073
0.580657
0.557516
0.545855
0.590438
0.461247
0.575812
0.576301
0.491236
0.483205
0.549437
0.525868
0.536779
0.469176
0.54226
0.492692
0.494293
0.520605
0.5396
0.471926
0.574055
0.516706
0.522304
0.575814
0.563501
0.459243
0.513824
0.48398
0.547745
0.528787
0.535871
0.544597
0.509909
0.581739
0.527933
0.577838
0.546479
0.549078
0.567135
0.531929
0.545881
0.486327
0.594854
0.536304
0.578226
0.578613
0.489276
0.538855
0.475637
0.485872
0.568412
0.511365
0.510795
0.541964
0.497301
0.474206
0.480798
0.580289
0.571812
0.560605
0.466074
0.594373
0.518125
0.483931
0.491086
0.564403
0.549829
0.525572
0.560096
0.543722
0.559009
0.518238
0.535138
0.570537
0.511222
0.457364
0.485752
0.527097
0.591754
0.579863
0.483832
0.49677
0.475806
0.472915
0.468432
0.577637
0.529741
0.538457
0.488449
0.497912
0.510467
0.495611
0.554754
0.548221
0.59098
0.507582
0.50218
0.505377
0.459145
0.521983
0.448194
0.53108
0.539534
0.49396
0.510323
0.522367
0.521837
0.553604
0.489313
0.535117
0.552053
0.582451
0.569327
0.567508
0.47644
0.486173
0.59301
0.514696
0.471706
0.552625
0.520785
0.521131
0.506022
0.50113
0.563779
0.553507
0.485193
0.498809
0.542324
0.578736
0.52264
0.509857
0.529607
0.544127
0.52522
0.528477
0.567904
0.554998
0.505524
0.513758
0.528604
0.580573
0.549659
0.567728
0.551175
0.480968
0.546362
0.498086
0.503902
0.516025
0.48667
0.517703
0.51871
0.555175
0.572993
0.534369
0.584259
0.513461
0.612522
0.540054
0.505647
0.502986
0.500769
0.519631
0.528341
0.513129
0.463298
0.456443
0.513496
0.540606
0.572862
0.562397
0.48179
0.486622
0.492798
0.495638
0.53368
0.532176
0.492406
0.500802
0.531473
0.54662
0.493487
0.539412
0.509671
0.558472
0.45564
0.492475
0.455764
0.514151
0.49936
0.528924
0.540985
0.537006
0.567876
0.533033
0.559806
0.556776
0.457213
0.562982
0.526385
0.508744
0.498868
0.558458
0.527432
0.555994
0.54824
0.490233
0.550942
0.542498
0.485556
0.487965
0.552782
0.454082
0.454255
0.49689
0.496346
0.526901
0.535556
0.509619
0.484758
0.530917
0.554237
0.543453
0.567688
0.593492
0.454877
0.511788
0.488104
0.54941
0.540806
0.549591
0.457643
0.532206
0.524062
0.46094
0.551848
0.564347
0.54285
0.541041
0.568453
0.487607
0.558392
0.503484
0.572531
0.54425
0.55898
0.489358
0.535702
0.544755
0.544642
0.574413
0.521759
0.537516
0.561927
0.548264
0.540875
0.477932
0.500139
0.501858
0.546711
0.51945
0.582848
0.585558
0.550128
0.496245
0.525374
0.531082
0.533897
0.498005
0.452969
0.505977
0.50054
0.484644
0.544565
0.560568
0.49203
0.500542
0.576527
0.549941
0.485993
0.555801
0.543222
0.549235
0.48364
0.498987
0.476617
0.52141
0.531557
0.561761
0.550298
0.555642
0.573428
0.510336
0.498938
0.546549
0.544737
0.4885
0.536076
0.493151
0.524261
0.564403
0.566706
0.551094
0.542954
0.48277
0.471478
0.540548
0.476868
0.556596
0.538218
0.545842
0.509209
0.521043
0.497426
0.56634
0.589996
0.46371
0.547508
0.536888
0.48222
0.582825
0.517998
0.513398
0.488169
0.518212
0.532435
0.528776
0.462533
0.474122
0.533465
0.498471
0.496392
0.513505
0.477916
0.550049
0.537499
0.472455
0.538615
0.586524
0.532059
0.50652
0.550599
0.542292
0.586879
0.463491
0.506516
0.50759
0.594745
0.495194
0.583953
0.471297
0.540728
0.580111
0.548198
0.568945
0.536006
0.456984
0.545037
0.546906
0.493072
0.501077
0.575899
0.551911
0.506812
0.503185
0.597418
0.4673
0.557342
0.517072
0.529678
0.550579
0.54752
0.477991
0.551997
0.550059
0.463546
0.580256
0.570589
0.585216
0.481706
0.581128
0.552795
0.558265
0.550084
0.532617
0.479615
0.549516
0.514824
0.46756
0.548136
0.563338
0.494536
0.488471
0.505812
0.455243
0.470942
0.580628
0.478458
0.473484
0.560776
0.538127
0.56602
0.556598
0.491525
0.508857
0.48173
0.561614
0.475631
0.48987
0.516079
0.592494
0.55179
0.559541
0.480621
0.558427
0.58686
0.570927
0.48615
0.482943
0.510729
0.582362
0.574706
0.507764
0.552429
0.517112
0.550582
0.543077
0.559351
0.514137
0.523001
0.503546
0.508325
0.508878
0.517379
0.484346
0.556049
0.567405
0.512879
0.516753
0.563622
0.498963
0.546628
0.543367
0.515499
0.51517
0.525361
0.530138
0.529186
0.496993
0.524616
0.518316
0.513627
0.508123
0.538717
0.530517
0.544881
0.49217
0.504037
0.489601
0.548024
0.514087
0.527007
0.541969
0.497345
0.495318
0.557618
0.532768
0.538354
0.515616
0.506737
0.534917
0.529413
0.524528
0.502355
0.501982
0.517811
0.506989
0.543372
0.543218
0.511717
0.515374
0.504195
0.630565
0.532374
0.528705
0.488768
0.523196
0.535893
0.53216
0.521063
0.512887
0.530796
0.532065
0.505604
0.517883
0.596647
0.517386
0.500263
0.506368
0.535963
0.534314
0.538599
0.511222
0.527221
0.512578
0.555642
0.552188
0.54315
0.52651
0.521648
0.530398
0.527342
0.52761
0.545121
0.496138
0.538307
0.544221
0.553736
0.566522
0.555262
0.507974
0.503682
0.501508
0.521408
0.533035
0.508412
0.482131
0.535818
0.517414
0.531357
0.495529
0.570011
0.503082
0.51662
0.526917
0.5225
0.473605
0.489708
0.507528
0.483343
0.542372
0.582808
0.492576
0.503135
0.513766
0.528015
0.514437
0.513389
0.509009
0.55441
0.498683
0.543797
0.535069
0.524136
0.535708
0.496386
0.541499
0.526984
0.514806
0.495989
0.494236
0.531007
0.530147
0.55879
0.492259
0.516209
0.519984
0.500972
0.477025
0.502172
0.515579
0.524074
0.500543
0.524982
0.49647
0.502789
0.499336
0.508831
0.516115
0.529137
0.527688
0.55083
0.495491
0.540617
0.555752
0.550692
0.539799
0.542038
0.560221
0.553995
0.539271
0.557968
0.524768
0.557844
0.518618
0.513933
0.527656
0.504654
0.507914
0.509337
0.550942
0.508676
0.516278
0.507694
0.497693
0.547852
0.536462
0.54785
0.504126
0.510404
0.548411
0.525513
0.511941
0.457476
0.549278
0.506273
0.545388
0.536881
0.519719
0.484668
0.52694
0.522872
0.527486
0.518241
0.510581
0.491011
0.499442
0.490299
0.540122
0.559251
0.536316
0.540872
0.531645
0.528049
0.515211
0.528046
0.570005
0.509404
0.530336
0.473406
0.524137
0.538187
0.555707
0.527915
0.545608
0.552638
0.529834
0.508094
0.552792
0.517409
0.51062
0.548177
0.495106
0.498018
0.544557
0.518431
0.530515
0.53058
0.540208
0.515043
0.560788
0.545235
0.520214
0.516191
0.532499
0.533798
0.49767
0.539892
0.531958
0.529823
0.516788
0.559217
0.48995
0.505154
0.499655
0.50033
0.485014
0.541748
0.534686
0.522063
0.532526
0.513237
0.510599
0.533367
0.502741
0.52964
0.54932
0.495866
0.521082
0.475335
0.513708
0.541142
0.56627
0.494606
0.536147
0.534344
0.545708
0.527033
0.558206
0.532437
0.518878
0.550409
0.559311
0.554411
0.524838
0.550765
0.534943
0.542857
0.523085
0.517186
0.504933
0.499989
0.509146
0.567889
0.568163
0.52415
0.538943
0.546551
0.542635
0.532507
0.51063
0.554655
0.539947
0.540628
0.529209
0.502034
0.516352
0.491699
0.51938
0.516708
0.56169
0.551872
0.510214
0.496593
0.615908
0.511682
0.515332
0.537192
0.511959
0.499603
0.515636
0.497756
0.5488
0.52534
0.526705
0.549913
0.544456
0.499968
0.522748
0.524031
0.548429
0.475054
0.49312
0.512432
0.490969
0.544768
0.518153
0.470034
0.504569
0.568403
0.54345
0.509851
0.505962
0.539518
0.545322
0.546919
0.512866
0.499368
0.527124
0.522489
0.541789
0.540198
0.535595
0.508225
0.499924
0.515914
0.537166
0.496707
0.543485
0.513292
0.554369
0.519701
0.516054
0.514363
0.552467
0.537311
0.581112
0.534276
0.515507
0.549047
0.539319
0.510936
0.501806
0.523029
0.533899
0.506967
0.513377
0.529402
0.500593
0.54695
0.514504
0.509936
0.489103
0.531686
0.536519
0.534462
0.489604
0.527385
0.526653
0.549859
0.534098
0.487468
0.514683
0.524747
0.531694
0.498927
0.531944
0.481954
0.536963
0.548966
0.52321
0.525233
0.49545
0.508583
0.517091
0.512931
0.537516
0.52569
0.50147
0.544825
0.51845
0.545786
0.526525
0.530438
0.528002
0.49968
0.550535
0.549256
0.53664
0.486005
0.509168
0.54771
0.508244
0.542623
0.484724
0.521658
0.53386
0.496513
0.550098
0.502748
0.519475
0.503888
0.516319
0.549856
0.550333
0.545698
0.542345
0.509838
0.467996
0.532735
0.522855
0.52689
0.491853
0.554284
0.531985
0.548702
0.548791
0.549192
0.464692
0.528928
0.459906
0.528923
0.561661
0.550774
0.552877
0.546577
0.522613
0.521579
0.565157
0.483306
0.535339
0.540008
0.498239
0.500994
0.520216
0.501396
0.52931
0.50231
0.515188
0.500079
0.525304
0.552978
0.533531
0.52259
0.485871
0.526281
0.548846
0.526351
0.526632
0.528973
0.515806
0.50105
0.527445
0.495506
0.515345
0.514687
0.529318
0.518081
0.526462
0.531948
0.535535
0.54056
0.516512
0.585694
0.523149
0.557306
0.491371
0.501343
0.510969
0.506158
0.507045
0.553205
0.484112
0.493592
0.525013
0.583609
0.510034
0.520007
0.522699
0.572523
0.550584
0.524195
0.526573
0.506293
0.563742
0.498474
0.528696
0.514179
0.530119
0.50908
0.51148
0.538392
0.480689
0.557979
0.520803
0.56925
0.521539
0.523875
0.514468
0.499606
0.490074
0.514586
0.545975
0.551624
0.539105
0.54575
0.469091
0.543371
0.518891
0.528339
0.535584
0.540284
0.480483
0.537464
0.512874
0.552635
0.520022
0.526431
0.517581
0.539575
0.538713
0.535877
0.541537
0.51188
0.544998
0.49567
0.535213
0.561476
0.470747
0.513342
0.539286
0.508522
0.547904
0.533471
0.52587
0.532261
0.591352
0.550995
0.526421
0.498526
0.554672
0.506242
0.555102
0.522205
0.536206
0.569185
0.529058
0.486666
0.485248
0.505329
0.506862
0.476277
0.507023
0.536414
0.5258
0.520709
0.53608
0.515254
0.483728
0.532494
0.487822
0.582645
0.521761
0.493366
0.535397
0.566995
0.567144
0.531516
0.567737
0.545789
0.529906
0.517117
0.522001
0.4988
0.495345
0.539873
0.56378
0.483859
0.489261
0.534145
0.516665
0.569458
0.482228
0.545136
0.527782
0.539398
0.483176
0.532175
0.459321
0.502491
0.529147
0.531308
0.490092
0.491317
0.489912
0.541451
0.516023
0.503286
0.535361
0.555091
0.574135
0.551434
0.541268
0.523086
0.52429
0.498351
0.526849
0.531684
0.534867
0.532096
0.574431
0.601547
0.535104
0.549333
0.482912
0.482931
0.547566
0.538084
0.546569
0.517253
0.487954
0.505787
0.499699
0.487811
0.543129
0.50398
0.54388
0.541839
0.586371
0.540613
0.542976
0.525999
0.548444
0.540769
0.550451
0.539687
0.524335
0.491885
0.556808
0.543022
0.474269
0.539928
0.544722
0.567496
0.491597
0.525495
0.528189
0.564428
0.535848
0.53865
0.549133
0.559779
0.505759
0.496141
0.488076
0.50721
0.5581
0.544357
0.487029
0.522614
0.50087
0.547307
0.540788
0.502761
0.46825
0.556211
0.517793
0.570082
0.539938
0.544025
0.455441
0.573378
0.576378
0.459765
0.499506
0.526082
0.535989
0.497565
0.540447
0.531755
0.545978
0.496398
0.548184
0.465461
0.460528
0.550204
0.563921
0.522853
0.542352
0.548461
