0.482013
0.523887
0.582517
0.59211
0.474108
0.483717
0.503179
0.511553
0.490605
0.505714
0.54568
0.544258
0.476874
0.489434
0.492767
0.473343
0.565804
0.569745
0.559121
0.499748
0.512911
0.499243
0.510075
0.504145
0.498536
0.499
0.471929
0.501194
0.579739
0.558951
0.574993
0.518295
0.479161
0.548852
0.545494
0.553372
0.503706
0.517983
0.518123
0.54824
0.53761
0.539672
0.5603
0.521594
0.521131
0.522891
0.562865
0.556349
0.551861
0.500413
0.588743
0.573949
0.5885
0.53627
0.535075
0.535907
0.533971
0.50101
0.502761
0.515615
0.499362
0.537012
0.534751
0.550522
0.550726
0.492673
0.509516
0.526919
0.538893
0.51463
0.568979
0.541199
0.559449
0.497226
0.587465
0.571095
0.584221
0.51857
0.485631
0.504515
0.513965
0.530147
0.500968
0.517278
0.526798
0.56276
0.581965
0.518159
0.4865
0.478783
0.516952
0.536638
0.548554
0.532435
0.544969
0.547685
0.545104
0.539092
0.554002
0.558307
0.466413
0.454618
0.50443
0.510682
0.511778
0.532449
0.546431
0.554046
0.556358
0.547191
0.512461
0.498473
0.457803
0.510522
0.516044
0.513039
0.584777
0.564397
0.489534
0.499242
0.56481
0.566623
0.560883
0.548002
0.523143
0.575613
0.53864
0.526481
0.534811
0.498406
0.518235
0.486273
0.498942
0.493892
0.497364
0.501426
0.496131
0.501998
0.510438
0.542387
0.551949
0.543263
0.51181
0.44945
0.469583
0.509424
0.506769
0.513046
0.517983
0.524169
0.536195
0.533352
0.548965
0.539777
0.536154
0.536481
0.490442
0.497687
0.49907
0.531974
0.536054
0.566484
0.53907
0.552372
0.558237
0.525298
0.52889
0.519153
0.527775
0.494673
0.496562
0.493095
0.567672
0.569475
0.490122
0.489834
0.532993
0.577553
0.549495
0.487473
0.498466
0.46295
0.469274
0.533197
0.518339
0.533905
0.536968
0.558388
0.515988
0.46905
0.582755
0.532227
0.528636
0.444141
0.465404
0.45555
0.486147
0.498035
0.511332
0.532794
0.515658
0.500052
0.490575
0.552669
0.589235
0.581312
0.506233
0.491064
0.572522
0.571699
0.554378
0.593015
0.576017
0.552606
0.488759
0.483302
0.573427
0.576976
0.560731
0.564905
0.515288
0.466608
0.536252
0.529602
0.543513
0.557014
0.559245
0.495047
0.498125
0.477142
0.515678
0.50755
0.504108
0.550241
0.535623
0.532369
0.57197
0.570652
0.584329
0.558383
0.485511
0.501588
0.558553
0.550489
0.49438
0.506137
0.463349
0.481935
0.487375
0.529069
0.544194
0.536734
0.530743
0.495669
0.557949
0.563396
0.585278
0.592193
0.579132
0.48536
0.472497
0.466928
0.506805
0.499499
0.519016
0.514961
0.498967
0.518839
0.472965
0.546154
0.554468
0.573487
0.448532
0.467646
0.503952
0.474956
0.548282
0.55662
0.547613
0.516698
0.520358
0.497127
0.473411
0.460454
0.549608
0.52708
0.458476
0.444957
0.460175
0.52452
0.528987
0.536271
0.473464
0.47825
0.494033
0.488862
0.49245
0.532893
0.522074
0.543608
0.544433
0.543491
0.544892
0.541693
0.536278
0.548129
0.544917
0.495017
0.496049
0.514562
0.533231
0.557081
0.573197
0.56162
0.45814
0.470006
0.504508
0.515187
0.545979
0.551297
0.47213
0.570654
0.512226
0.49746
0.535827
0.511963
0.507386
0.566417
0.520938
0.528171
0.527396
0.523405
0.526496
0.490045
0.506194
0.494356
0.508456
0.544848
0.493615
0.500812
0.533216
0.47116
0.485674
0.507495
0.562299
0.55332
0.553399
0.495469
0.500807
0.510624
0.475989
0.484269
0.4722
0.523573
0.522579
0.529744
0.528414
0.532504
0.478409
0.49791
0.509885
0.535442
0.557214
0.55381
0.563109
0.553369
0.557451
0.524968
0.525367
0.525951
0.568973
0.553518
0.547811
0.518639
0.465952
0.534635
0.5518
0.553386
0.503878
0.511952
0.503244
0.537429
0.533554
0.565434
0.567807
0.570598
0.533709
0.506946
0.500131
0.536324
0.591215
0.573879
0.507797
0.484362
0.57837
0.564206
0.559788
0.498466
0.516924
0.50223
0.50163
0.502449
0.493731
0.54119
0.531802
0.530132
0.532008
0.535133
0.568268
0.561144
0.50759
0.525676
0.494202
0.502949
0.493814
0.50877
0.507503
0.570758
0.578419
0.580436
0.529505
0.527769
0.60423
0.601204
0.52844
0.539327
0.585088
0.5908
0.573944
0.503573
0.486482
0.549952
0.539281
0.547936
0.553201
0.600811
0.460046
0.467553
0.47732
0.539667
0.554156
0.580281
0.527691
0.503569
0.50368
0.518676
0.466595
0.484093
0.464525
0.511227
0.511558
0.552106
0.554788
0.555681
0.5417
0.53686
0.535711
0.524836
0.490047
0.566267
0.551139
0.541819
0.536767
0.5073
0.499203
0.534668
0.529925
0.517333
0.526314
0.495501
0.517398
0.512168
0.554016
0.540013
0.513375
0.540405
0.537943
0.534768
0.533949
0.553224
0.543088
0.557189
0.557887
0.55539
0.50994
0.489008
0.539652
0.510413
0.539193
0.461786
0.549194
0.561421
0.568973
0.568221
0.590468
0.539936
0.529785
0.573845
0.567717
0.554768
0.577123
0.537809
0.541135
0.534332
0.506717
0.525815
0.563765
0.516423
0.502967
0.509388
0.518025
0.537345
0.554841
0.445185
0.454943
0.558029
0.56163
0.553591
0.556036
0.519171
0.476021
0.576775
0.532274
0.538578
0.541466
0.59565
0.603251
0.542522
0.552995
0.561766
0.517411
0.517753
0.514674
0.45119
0.558739
0.515495
0.531505
0.453554
0.46913
0.485848
0.540766
0.54054
0.56612
0.514974
0.576406
0.462122
0.517793
0.469638
0.489255
0.535618
0.52365
0.522447
0.523378
0.526319
0.483543
0.471734
0.475727
0.514225
0.507032
0.525009
0.462719
0.575567
0.56057
0.589945
0.549914
0.525803
0.527036
0.546836
0.545817
0.545785
0.518704
0.508986
0.504408
0.527342
0.513884
0.548293
0.540232
0.511087
0.520442
0.553413
0.557914
0.521073
0.539052
0.579143
0.571584
0.58943
0.575892
0.596549
0.537855
0.493244
0.519154
0.57319
0.552171
0.536555
0.538326
0.457315
0.476153
0.499586
0.543884
0.543502
0.520803
0.508817
0.509524
0.505599
0.543286
0.549659
0.512194
0.483255
0.557345
0.47179
0.472742
0.590491
0.569875
0.512351
0.504129
0.501484
0.598133
0.576872
0.544863
0.551623
0.590149
0.581202
0.516232
0.592399
0.597201
0.550427
0.56531
0.563664
0.487055
0.473717
0.526001
0.550186
0.508094
0.547946
0.517374
0.567481
0.581263
0.538312
0.530958
0.547114
0.536796
0.526509
0.464689
0.52911
0.534559
0.514811
0.521087
0.563941
0.515071
0.481713
0.526326
0.531113
0.527752
0.488314
0.506808
0.501979
0.56737
0.561789
0.493385
0.491646
0.503677
0.533476
0.578023
0.587309
0.528749
0.524146
0.535583
0.557244
0.522826
0.462647
0.466597
0.476839
0.573821
0.560945
0.534341
0.533533
0.535759
0.506139
0.448741
0.448
0.462452
0.54155
0.5158
0.548329
0.532797
0.510812
0.549536
0.495141
0.541588
0.499175
0.537539
0.541169
0.505282
0.504613
0.552159
0.503361
0.490789
0.478602
0.451709
0.463843
0.534164
0.554385
0.54978
0.538199
0.569202
0.552708
0.459867
0.480735
0.470021
0.52167
0.488339
0.524142
0.523142
0.541641
0.456086
0.472072
0.461858
0.474387
0.523139
0.520614
0.514304
0.5125
0.550819
0.540646
0.519999
0.564055
0.503957
0.520732
0.538659
0.52823
0.512456
0.529642
0.53276
0.480309
0.473684
0.480083
0.468242
0.551502
0.548253
0.587234
0.478397
0.594459
0.563602
0.490395
0.505147
0.475927
0.574404
0.570992
0.519644
0.500396
0.524799
0.51125
0.482848
0.555992
0.530455
0.543527
0.543273
0.538115
0.547134
0.525805
0.573487
0.553266
0.561157
0.561416
0.473166
0.544003
0.554094
0.550073
0.508996
0.487294
0.538665
0.559829
0.555084
0.523089
0.522822
0.551272
0.554995
0.597014
0.602633
0.563929
0.594181
0.553487
0.558669
0.565661
0.513106
0.541371
0.531696
0.55501
0.532311
0.51594
0.609737
0.474519
0.543845
0.494563
0.517998
0.501567
0.549168
0.541704
0.550412
0.527793
0.496295
0.504815
0.582588
0.56752
0.529743
0.549978
0.509137
0.520425
0.488472
0.496247
0.565166
0.491079
0.508018
0.494176
0.547416
0.505049
0.517015
0.530963
0.536856
0.52514
0.521114
0.482858
0.554451
0.546798
0.572328
0.595486
0.523625
0.541632
0.534989
0.554231
0.480957
0.516457
0.496509
0.554992
0.551169
0.476916
0.546818
0.543266
0.573203
0.567363
0.516542
0.495908
0.482079
0.550904
0.54928
0.537316
0.520013
0.450983
0.519807
0.510795
0.527268
0.541197
0.517422
0.540186
0.570795
0.556152
0.529194
0.570342
0.556156
0.529589
0.563498
0.514219
0.512637
0.511646
0.508592
0.487446
0.551373
0.528466
0.527048
0.535111
0.586163
0.497692
0.514666
0.505526
0.502038
0.49561
0.526762
0.542559
0.517367
0.523579
0.53159
0.502469
0.507869
0.478402
0.486807
0.55663
0.567107
0.523142
0.548674
0.484351
0.515103
0.551082
0.494283
0.454321
0.462191
0.574549
0.498221
0.559959
0.554905
0.538948
0.474733
0.565117
0.545108
0.553349
0.571246
0.543131
0.512307
0.582121
0.443804
0.524025
0.532553
0.483218
0.46566
0.540766
0.47224
0.50425
0.534703
0.542841
0.504289
0.546428
0.522876
0.563696
0.499812
0.540659
0.530999
0.566863
0.477809
0.538571
0.524178
0.560048
0.575689
0.505697
0.572942
0.562735
0.550153
0.551666
0.5538
0.525031
0.505491
0.530676
0.54528
0.564681
0.560157
0.54912
0.515864
0.51351
0.550434
0.540013
0.510759
0.491949
0.567947
0.55399
0.566411
0.558271
0.551694
0.527385
0.507826
0.601109
0.608595
0.583274
0.518956
0.52173
0.525506
0.476293
0.553488
0.529228
0.496413
0.563272
0.555445
0.553079
0.612386
0.568882
0.490667
0.537782
0.510226
0.517201
0.544361
0.493345
0.457552
0.487186
0.468987
0.48559
0.492537
0.491907
0.482907
0.469179
0.472478
0.495417
0.575341
0.584563
0.570704
0.598824
0.566725
0.478334
0.509249
0.533883
0.518178
0.547923
0.544717
0.541209
0.509206
0.533637
0.564682
0.581605
0.49229
0.510223
0.505147
0.492431
0.466504
0.486905
0.488707
0.493773
0.558718
0.560055
0.561132
0.570091
0.563531
0.57454
0.500169
0.548557
0.551577
0.555191
0.561943
0.547053
0.572813
0.549997
0.549402
0.541855
0.515013
0.518956
0.555178
0.520943
0.515571
0.547098
0.534996
0.463013
0.558144
0.55197
0.549425
0.495911
0.601633
0.496069
0.491677
0.491275
0.511718
0.532945
0.526859
0.575059
0.558206
0.538399
0.496411
0.475641
0.484
0.522375
0.524452
0.505485
0.543395
0.549228
0.547228
0.527147
0.531958
0.533416
0.479109
0.493381
0.488446
0.494784
0.525626
0.587274
0.543976
0.530031
0.525453
0.537347
0.558069
0.552652
0.469434
0.574529
0.526824
0.528717
0.523964
0.521323
0.549352
0.550762
0.515292
0.507639
0.582145
0.485011
0.570062
0.554046
0.540452
0.551387
0.501134
0.514347
0.529299
0.544526
0.59361
0.581749
0.570593
0.540406
0.562193
0.535802
0.542839
0.528451
0.497819
0.574501
0.500059
0.540105
0.545984
0.544813
0.496045
0.556065
0.524113
0.525761
0.523687
0.523607
0.467228
0.583942
0.533952
0.472663
0.570557
0.540128
0.549657
0.460924
0.488913
0.515608
0.515146
0.473469
0.524776
0.56728
0.547574
0.494493
0.471473
0.47502
0.522082
0.523826
0.551721
0.526872
0.555634
0.524057
0.52199
0.511492
0.506388
0.5279
0.485161
0.495455
0.481256
0.584843
0.557531
0.499596
0.497977
0.544817
0.530512
0.532982
0.503808
0.51304
0.511278
0.574068
0.556382
0.498365
0.52265
0.575402
0.505758
0.541533
0.546716
0.479533
0.493191
0.516148
0.520193
0.496525
0.544016
0.585342
0.504735
0.488937
0.565591
0.593716
0.535167
0.464285
0.510585
0.518236
0.545447
0.552072
0.554991
0.550641
0.522252
0.524406
0.468133
0.477417
0.483561
0.551228
0.557412
0.514859
0.506288
0.491777
0.510158
0.487083
0.50931
0.458766
0.493263
0.49126
0.566376
0.552145
0.475489
0.47587
0.566075
0.540276
0.493128
0.523147
0.585784
0.558576
0.486687
0.511779
0.506175
0.490159
0.539309
0.457923
0.459772
0.558683
0.572371
0.519026
0.521327
0.54973
0.54917
0.556964
0.577994
0.506556
0.511389
0.542585
0.555155
0.5407
0.524932
0.522443
0.52188
0.524604
0.502068
0.51365
0.492858
0.550826
0.487201
0.557488
0.545466
0.508668
0.51073
0.513349
0.511278
0.553755
0.554615
0.586631
0.569459
0.51675
0.520822
0.566527
0.556412
0.512739
0.566117
0.492269
0.537399
0.555065
0.518252
0.46023
0.517131
0.502889
0.497322
0.603672
0.564516
0.513596
0.511141
0.510657
0.492989
0.476924
0.501879
0.500502
0.522666
0.463113
0.569495
0.566254
0.571925
0.516852
0.56981
0.558019
0.552977
0.572551
0.48637
0.500054
0.547478
0.576883
0.580476
0.537234
0.557278
0.573468
0.562126
0.585317
0.547819
0.537941
0.520917
0.535356
0.546165
0.540676
0.547725
0.557584
0.476087
0.491359
0.500017
0.477822
0.452177
0.493094
0.498597
0.558856
0.463385
0.478452
0.4775
0.532518
0.523733
0.523631
0.503771
0.502193
0.465762
0.546791
0.55215
0.564014
0.495098
0.498568
0.499066
0.515392
0.514225
0.562427
0.575809
0.477568
0.555669
0.544551
0.591723
0.541875
0.490769
0.525398
0.53844
0.550826
0.543772
0.533295
0.45552
0.519986
0.55852
0.577325
0.485802
0.466841
0.482322
0.507604
0.583106
0.563653
0.589152
0.494856
0.459862
0.495543
0.501661
0.582502
0.572497
0.566422
0.548741
0.546409
0.541122
0.547427
0.492475
0.556694
0.587738
0.545131
0.522084
0.534271
0.542423
0.544735
0.540663
0.538455
0.50094
0.52293
0.575404
0.566686
0.534283
0.567122
0.557939
0.560097
0.51543
0.517115
0.555951
0.518871
0.536841
0.534735
0.472296
0.481871
0.541806
0.510668
0.507724
0.501409
0.49718
0.490609
0.488634
0.599664
0.534983
0.49044
0.539162
0.553957
0.52914
0.528772
0.520425
0.51483
0.55497
0.533618
0.463621
0.471179
0.483717
0.454983
0.465851
0.533155
0.53554
0.562972
0.550906
0.538832
0.569184
0.561922
0.555298
0.563551
0.55181
0.514948
0.589864
0.538067
0.569735
0.566851
0.480429
0.560594
0.56063
0.54504
0.459219
0.481402
0.548587
0.54945
0.505715
0.498813
0.584724
0.533792
0.538212
0.495179
0.477985
0.465812
0.507519
0.51576
0.457556
0.562802
0.541507
0.550646
0.503341
0.540036
0.566266
0.54829
0.473636
0.536211
0.514346
0.494317
0.594611
0.519516
0.566102
0.472783
0.473473
0.527587
0.496991
0.45301
0.553143
0.55595
0.558275
0.555539
0.517813
0.50621
0.47231
0.561896
0.548816
0.558861
0.457512
0.53844
0.538816
0.542912
0.573808
0.560942
0.549958
0.504828
0.527682
0.549201
0.523817
0.455643
0.537043
0.460863
0.471271
0.552116
0.542599
0.519612
0.529782
0.494912
0.57093
0.508896
0.490569
0.546542
0.578084
0.566681
0.595857
0.558185
0.581138
0.543367
0.448403
0.450688
0.537357
0.51437
0.507872
0.50518
0.495219
0.553996
0.497131
0.492835
0.488788
0.551699
0.556442
0.531987
0.545226
0.558766
0.598064
0.52035
0.576713
0.541941
0.533686
0.485868
0.520473
0.54156
0.546523
0.536031
0.541941
0.556729
0.555854
0.572024
0.502655
0.497966
0.487221
0.479534
0.562809
0.488048
0.550728
0.535648
0.57573
0.551636
0.578125
0.559058
0.549133
0.460858
0.567937
0.573949
0.515582
0.458902
0.461845
0.460856
0.462281
0.482168
0.477114
0.514314
0.516741
0.494986
0.521551
0.458253
0.493977
0.516287
0.532142
0.509637
0.580456
0.584241
0.489369
0.48403
0.538809
0.538133
0.544793
0.526889
0.550381
0.530996
0.548523
0.568763
0.509177
0.474995
0.530895
0.483289
0.486473
0.496433
0.507215
0.475893
0.481802
0.568727
0.476744
0.586409
0.596403
0.513033
0.531269
0.562811
0.54971
0.462079
0.593031
0.581988
0.507529
0.48259
0.487647
0.491565
0.525248
0.546165
0.477403
0.568674
0.562841
0.51351
0.562268
0.558525
0.514791
0.464781
0.458106
0.545723
0.518955
0.582279
0.567091
0.532969
0.583023
0.451884
0.577902
0.590031
0.586905
0.45801
0.531537
0.581967
0.527693
0.523689
0.500848
0.563805
0.53494
0.547341
0.538504
0.526887
0.508184
0.521208
0.511888
0.485377
0.466812
0.548895
0.45409
0.577306
0.516857
0.557321
0.546317
0.513818
0.460882
0.501185
0.461131
0.527673
0.520198
0.525967
0.480507
0.445306
0.553492
0.522085
0.553411
0.566779
0.484455
0.536083
0.551665
0.591103
0.570386
0.561695
0.473886
0.481769
0.591183
0.514052
0.488224
0.557247
0.520743
0.52175
0.504373
0.562297
0.551244
0.556446
0.484313
0.493734
0.547186
0.525223
0.521927
0.537557
0.533416
0.585009
0.522212
0.525822
0.550884
0.536329
0.491147
0.545766
0.520492
0.48571
0.487298
0.519186
0.520639
0.55569
0.516395
0.542138
0.555539
0.523078
0.505814
0.570132
0.540457
0.549837
0.508847
0.568413
0.519071
0.455167
0.527339
0.547442
0.591332
0.487466
0.488381
0.553133
0.540758
0.534253
0.545787
0.494886
0.525842
0.498014
0.536091
0.530548
0.519302
0.494494
0.55954
0.512804
0.55327
0.4994
0.513627
0.564219
0.502905
0.487551
0.508363
0.510511
0.523136
0.547497
0.558828
0.530414
0.572882
0.540442
0.559109
0.529124
0.534613
0.471179
0.538088
0.567338
0.516951
0.501054
0.536869
0.453113
0.56144
0.545983
0.525671
0.555993
0.549466
0.545773
0.45303
0.555616
0.492731
0.5244
0.528379
0.525459
0.485935
0.512944
0.500634
0.53497
0.505678
0.540789
0.454037
0.509429
0.525678
0.536544
0.529268
0.53958
0.498678
0.511399
0.484091
0.537084
0.569396
0.550196
0.4919
0.536251
0.537255
0.552468
0.485259
0.496615
0.530984
0.532265
0.548618
0.607327
0.517533
0.544077
0.459234
0.555517
0.521681
0.45829
0.482915
0.54114
0.544966
0.505934
0.552287
0.559892
0.518762
0.607705
0.590581
0.503633
0.525451
0.560502
0.462591
0.539376
0.540228
0.561936
0.531813
0.54721
0.544634
0.558634
0.546677
0.487134
0.555209
0.482076
0.579622
0.525849
0.552564
0.534408
0.530397
0.54547
0.564014
0.538178
0.573139
0.519551
0.54509
0.523916
0.554294
0.481788
0.523854
0.512517
0.580282
0.544206
0.477514
0.472791
0.527193
0.473587
0.555895
0.572912
0.539842
0.547035
0.480387
0.466354
0.588678
0.526173
0.585315
0.551358
0.487544
0.491024
0.459557
0.480554
0.516576
0.565544
0.557307
0.458312
0.532986
0.542243
0.498917
0.498765
0.499053
0.484889
0.539469
0.53624
0.477333
0.473179
0.477093
0.533471
0.500551
0.502298
0.485764
0.585444
0.461906
0.607162
0.51715
0.537993
0.494308
0.538797
0.469462
0.566976
0.566
0.59785
0.530315
0.545106
0.520878
0.46016
0.530956
0.498665
0.573908
0.559097
0.548788
0.563271
0.592779
0.474146
0.485442
0.501767
0.599704
0.565939
0.518198
0.498571
0.549349
0.461188
0.442464
0.549439
0.511995
0.584414
0.502301
0.480143
0.516474
0.587097
0.463434
0.54061
0.529049
0.479709
0.545266
0.567945
0.493775
0.480646
0.460181
0.464532
0.593222
0.556859
0.477596
0.563829
0.556149
0.559593
0.498367
0.513904
0.484653
0.557523
0.493857
0.451455
0.57214
0.563662
0.562436
0.528237
0.565135
0.585344
0.484465
0.537752
0.591249
0.588792
0.54143
0.483719
0.566916
0.52867
0.522424
0.595593
0.498165
0.489833
0.471054
0.509934
0.517692
0.50596
0.544516
0.570906
0.56735
0.560216
0.579093
0.560852
0.495398
0.498009
0.540902
0.500346
0.521781
0.539129
0.521264
0.556676
0.506381
0.562292
0.527036
0.500863
0.49521
0.528476
0.494164
0.523068
0.554878
0.524905
0.560954
0.530241
0.547098
0.495993
0.494992
0.49301
0.615955
0.557337
0.540011
0.503532
0.506469
0.566506
0.524087
0.518741
0.505658
0.534405
0.544569
0.555693
0.567229
0.521989
0.520695
0.54724
0.519987
0.52843
0.535355
0.529232
0.499783
0.545537
0.490058
0.525725
0.499411
0.532823
0.538835
0.525662
0.51327
0.532877
0.568122
0.54648
0.503778
0.498674
0.526412
0.512189
0.51895
0.514882
0.605529
0.580075
0.545147
0.492161
0.540521
0.534818
0.518305
0.521029
0.506211
0.537844
0.522431
0.487518
0.580988
0.47048
0.562077
0.529906
0.505373
0.535386
0.548386
0.54315
0.556959
0.526279
0.54385
0.515696
0.505943
0.537911
0.499852
0.489307
0.48616
0.540478
0.506776
0.495247
0.59268
0.513774
0.50284
0.500936
0.482669
0.550702
0.500082
0.513491
0.509926
0.513431
0.523717
0.520479
0.514427
0.495034
0.493385
0.555779
0.543631
0.498431
0.539733
0.569543
0.490099
0.530344
0.535993
0.527651
0.576883
0.56741
0.491744
0.543696
0.526578
0.557655
0.575445
0.497848
0.500903
0.564402
0.552445
0.532278
0.531617
0.539944
0.533032
0.520949
0.564574
0.564623
0.523204
0.556826
0.5592
0.503303
0.520133
0.544094
0.494144
0.495043
0.506646
0.519258
0.499308
0.531097
0.535818
0.492278
0.544214
0.523647
0.514903
0.534055
0.511656
0.497854
0.538014
0.551237
0.500037
0.529356
0.492845
0.530493
0.537253
0.532943
0.537761
0.558111
0.556479
0.514132
0.522685
0.495324
0.507896
0.489654
0.501596
0.547875
0.546022
0.491164
0.499335
0.525896
0.544341
0.550562
0.520647
0.504569
0.541404
0.53442
0.539192
0.481957
0.547789
0.550871
0.517008
0.545909
0.549714
0.559802
0.507682
0.525701
0.504915
0.554194
0.494958
0.471953
0.52444
0.512358
0.528653
0.570488
0.532022
0.523556
0.488415
0.505421
0.55947
0.572099
0.573934
0.509771
0.528377
0.529877
0.520269
0.487195
0.490013
0.530375
0.551938
0.526089
0.520855
0.502237
0.539548
0.555445
0.48715
0.567988
0.550012
0.496601
0.512744
0.509591
0.478259
0.493432
0.528943
0.530041
0.528187
0.545538
0.541486
0.535694
0.53301
0.515652
0.531231
0.504797
0.532745
0.548682
0.516369
0.555399
0.529868
0.531229
0.511046
0.541696
0.497543
0.516328
0.555106
0.523932
0.548795
0.540572
0.495614
0.530949
0.545414
0.498682
0.514854
0.545704
0.541037
0.546404
0.566336
0.491133
0.54246
0.551632
0.556003
0.527302
0.531077
0.512583
0.563333
0.546118
0.542544
0.533101
0.536694
0.514515
0.540139
0.541608
0.52415
0.502602
0.509227
0.486642
0.496284
0.541176
0.504933
0.495951
0.501985
0.497652
0.531362
0.528466
0.580352
0.555844
0.536146
0.549301
0.5473
0.523703
0.506218
0.554834
0.520064
0.567151
0.547862
0.559449
0.482218
0.492241
0.509861
0.518535
0.530048
0.510375
0.496655
0.524126
0.508179
0.511909
0.538218
0.552744
0.512452
0.5161
0.545649
0.542634
0.497994
0.5146
0.532953
0.519631
0.5401
0.519846
0.520558
0.494888
0.503308
0.499584
0.471095
0.535984
0.511793
0.525427
0.516865
0.530881
0.520914
0.556605
0.509387
0.511371
0.538684
0.493947
0.533664
0.507625
0.537595
0.511961
0.50353
0.501034
0.528206
0.510084
0.547239
0.513297
0.50122
0.552139
0.502939
0.547121
0.530742
0.492777
0.593187
0.526231
0.492875
0.560159
0.545289
0.522861
0.532796
0.49549
0.555091
0.54367
0.55516
0.496694
0.509447
0.557338
0.565549
0.546453
0.500069
0.514712
0.53804
0.526272
0.562621
0.570509
0.541049
0.52135
0.491522
0.533184
0.533012
0.503016
0.546801
0.551018
0.504213
0.511306
0.53278
0.527771
0.526707
0.503521
0.517841
0.48886
0.548395
0.544673
0.518515
0.510678
0.495629
0.564147
0.546974
0.5543
0.504723
0.498852
0.502909
0.500163
0.518637
0.552848
0.560744
0.538308
0.597619
0.476618
0.530122
0.491096
0.577575
0.493547
0.553124
0.498225
0.557714
0.553642
0.536918
0.523653
0.526244
0.487168
0.540916
0.555886
0.519425
0.502768
0.528004
0.528771
0.48698
0.512186
0.546968
0.493009
0.517341
0.537157
0.524105
0.498847
0.54013
0.53851
0.515023
0.540198
0.549299
0.515559
0.531281
0.494604
0.534369
0.535555
0.491599
0.534382
0.490356
0.53511
0.547795
0.493461
0.524503
0.508053
0.533811
0.497625
0.541092
0.502125
0.547802
0.534335
0.530799
0.533298
0.601898
0.566735
0.541747
0.526
0.53263
0.542667
0.508111
0.558166
0.556871
0.533437
0.522296
0.525288
0.567003
0.536166
0.511687
0.57117
0.530297
0.556012
0.549305
0.501629
0.52121
0.559379
0.479067
0.467718
0.526893
0.555285
0.480615
0.494862
0.543742
0.497358
0.546468
0.51266
0.509517
0.489985
0.569798
0.544981
0.544549
0.523592
0.560704
0.512371
0.560427
0.517159
0.502639
0.546338
0.567089
0.518591
0.48336
0.512956
0.486721
0.535567
0.517153
0.53523
0.519791
0.538121
0.497221
0.503789
0.504728
0.559115
0.524089
0.471943
0.495095
0.529233
0.485601
0.547383
0.5486
0.532353
0.525755
0.491638
0.501588
0.500225
0.578369
0.507579
0.499031
0.556948
0.561263
0.471357
0.563964
0.576443
0.546713
0.529832
0.511662
0.493238
0.538057
0.468207
0.529554
0.539457
0.495764
0.560169
0.522453
0.524994
0.56762
0.497001
0.508579
0.508369
0.548191
0.489655
0.542278
0.49014
0.572015
0.507434
0.533879
0.529358
0.488195
0.502002
0.556185
0.554685
0.49581
0.523833
0.552013
0.503424
0.510463
0.502298
0.561236
0.520636
0.536312
0.540002
0.543275
0.509315
0.532803
0.50991
0.543543
0.585023
0.487293
0.485513
0.533345
0.494474
0.549949
0.496198
0.554424
0.540472
0.573822
0.567859
0.533122
0.510307
0.5053
0.528239
0.566008
0.536729
0.519261
0.552085
0.558813
0.499656
0.505785
0.49588
0.523938
0.510559
0.523278
0.507367
0.48023
0.54927
0.490428
0.535422
0.536365
0.545447
0.52988
0.559802
0.523256
0.55531
0.489594
0.55302
0.558857
0.494759
0.580704
0.562889
0.495673
0.49978
0.538776
0.54435
0.500558
0.533734
0.578518
0.529948
0.529546
0.517813
0.545017
0.527164
0.560114
0.548323
0.550293
0.500255
0.479472
0.488151
0.540981
0.538929
0.53202
0.544826
0.480849
0.526345
0.532689
0.514744
0.51658
0.525203
0.592871
0.52559
0.497662
0.543248
0.522607
0.494859
0.509648
0.532894
0.547781
0.477451
0.515872
0.538726
0.531042
0.532161
0.520499
0.548307
0.501891
0.547759
0.484436
0.527635
0.511037
0.520604
0.519579
0.532641
0.567805
0.538033
0.492502
0.528881
0.506266
0.496113
0.558462
0.543218
0.489074
0.572359
0.539746
0.503671
0.57502
0.562244
0.559725
0.557639
0.510864
0.52935
0.560894
0.529075
0.583283
0.536724
0.511754
0.504974
0.530761
0.555426
0.520513
0.545824
0.53518
0.51808
0.563298
0.546654
0.525705
0.56187
0.57005
0.496863
0.552179
0.534762
0.532848
0.514148
0.535886
0.531445
