0.528371
0.548082
0.535336
0.555891
0.550448
0.558631
0.568132
0.513613
0.486135
0.503845
0.500124
0.489812
0.55048
0.552073
0.564809
0.550333
0.487875
0.500783
0.483177
0.473873
0.568464
0.558644
0.511091
0.500777
0.504239
0.50681
0.550818
0.55251
0.540483
0.495571
0.507482
0.50347
0.513302
0.518776
0.51973
0.450897
0.487492
0.491698
0.523623
0.525969
0.552523
0.539587
0.551058
0.503693
0.487208
0.51696
0.534308
0.544145
0.501911
0.517651
0.490763
0.565607
0.551176
0.523747
0.522915
0.523541
0.4924
0.49594
0.576705
0.618293
0.553385
0.505351
0.508591
0.504389
0.508499
0.530634
0.566429
0.548302
0.539426
0.533244
0.553405
0.554724
0.560481
0.523155
0.537942
0.493587
0.500202
0.534279
0.507187
0.515165
0.498467
0.522793
0.560095
0.52686
0.546369
0.519195
0.52412
0.504324
0.495884
0.572654
0.572485
0.569542
0.554352
0.557065
0.482536
0.471359
0.50177
0.503179
0.500014
0.577187
0.559392
0.557387
0.546093
0.536228
0.542574
0.496009
0.502876
0.53711
0.54117
0.535037
0.577949
0.572356
0.568973
0.539471
0.537824
0.579969
0.586736
0.546222
0.465745
0.476554
0.504773
0.535226
0.590241
0.597635
0.538918
0.51725
0.530477
0.531611
0.482906
0.491239
0.483374
0.480527
0.488422
0.558313
0.488423
0.500463
0.499028
0.523436
0.524779
0.504508
0.504709
0.508637
0.537013
0.490932
0.533888
0.529632
0.534865
0.497783
0.480556
0.571334
0.451299
0.585359
0.573768
0.529298
0.529227
0.528685
0.528048
0.478219
0.534753
0.538967
0.52114
0.544809
0.490141
0.500414
0.504241
0.530383
0.534595
0.533495
0.560595
0.561578
0.502667
0.540025
0.525335
0.489916
0.501535
0.518062
0.49739
0.486072
0.507961
0.504398
0.503947
0.456193
0.460541
0.4565
0.494005
0.500826
0.528887
0.550594
0.522828
0.538539
0.533872
0.560559
0.576427
0.503413
0.453958
0.519354
0.51613
0.572733
0.560277
0.551681
0.529614
0.535825
0.508165
0.513693
0.478142
0.483214
0.55909
0.555348
0.564727
0.456267
0.468683
0.493419
0.474689
0.564345
0.590948
0.588944
0.497827
0.505606
0.535686
0.532922
0.52076
0.514933
0.531475
0.490674
0.53187
0.475116
0.561324
0.536146
0.532158
0.540618
0.542844
0.518722
0.493853
0.488276
0.495495
0.515009
0.542723
0.568559
0.546534
0.554845
0.538604
0.545564
0.51407
0.567857
0.577174
0.560213
0.508748
0.502055
0.555555
0.539932
0.518094
0.498007
0.495462
0.5061
0.50037
0.562037
0.573598
0.462928
0.543088
0.506985
0.569862
0.540972
0.492224
0.510919
0.524312
0.489568
0.568502
0.553128
0.560826
0.575768
0.478231
0.53045
0.531717
0.532075
0.52486
0.541834
0.494894
0.503359
0.502202
0.450447
0.480207
0.476927
0.568437
0.565553
0.587556
0.448042
0.45739
0.469222
0.572736
0.56948
0.572434
0.510253
0.517173
0.509723
0.510775
0.496296
0.490407
0.54364
0.528603
0.556806
0.552692
0.462458
0.462093
0.518853
0.536534
0.527721
0.468526
0.4831
0.481087
0.552218
0.568546
0.561513
0.470827
0.488134
0.477644
0.54067
0.53321
0.542682
0.556051
0.550842
0.532087
0.533476
0.497396
0.522036
0.514608
0.502014
0.522865
0.51862
0.511365
0.529133
0.568275
0.548342
0.536797
0.563183
0.550585
0.487427
0.492564
0.52073
0.521786
0.504652
0.535213
0.562427
0.507195
0.5253
0.531125
0.544749
0.553741
0.49993
0.528314
0.526707
0.523921
0.514353
0.521166
0.472797
0.465807
0.504396
0.485911
0.49833
0.499509
0.548898
0.552236
0.459926
0.448968
0.46346
0.458818
0.488074
0.483735
0.52511
0.545391
0.542541
0.554072
0.500003
0.507805
0.52582
0.52516
0.51083
0.507201
0.525232
0.530689
0.520223
0.522523
0.572748
0.556648
0.510269
0.507887
0.527212
0.479276
0.515761
0.525832
0.528096
0.528901
0.515389
0.517057
0.517312
0.516141
0.515892
0.518259
0.528053
0.52672
0.574249
0.572508
0.498026
0.474683
0.57163
0.578659
0.563594
0.536255
0.533337
0.586505
0.511345
0.477342
0.485828
0.494423
0.510624
0.491893
0.52677
0.533727
0.530068
0.533377
0.579459
0.556162
0.564994
0.552569
0.553117
0.54817
0.47615
0.489387
0.48661
0.525747
0.534527
0.588447
0.560499
0.563079
0.582469
0.56852
0.523241
0.527515
0.530101
0.496914
0.489739
0.519019
0.564927
0.553636
0.494924
0.567165
0.55882
0.535187
0.544026
0.531441
0.525052
0.525058
0.554403
0.537745
0.600509
0.60246
0.534692
0.531718
0.512721
0.583354
0.576954
0.556686
0.556543
0.472988
0.558702
0.539818
0.537546
0.538345
0.571733
0.557913
0.54134
0.538595
0.540624
0.531318
0.53203
0.520665
0.490284
0.499169
0.489909
0.572267
0.484212
0.49047
0.476268
0.457868
0.462276
0.528152
0.563122
0.556529
0.562931
0.54063
0.578957
0.576623
0.543512
0.533335
0.509509
0.48208
0.489064
0.575804
0.562133
0.535499
0.537225
0.503453
0.500637
0.525653
0.545847
0.525614
0.505511
0.479877
0.492058
0.514099
0.543294
0.535076
0.53935
0.514739
0.515105
0.554843
0.549633
0.562468
0.568051
0.493542
0.510675
0.484089
0.484328
0.516493
0.531597
0.545802
0.552122
0.461249
0.530631
0.518332
0.545466
0.519499
0.513223
0.554329
0.516681
0.562983
0.596969
0.529074
0.525044
0.548883
0.534996
0.531177
0.563843
0.557375
0.512911
0.501179
0.560063
0.535465
0.590124
0.574585
0.540734
0.540369
0.522738
0.489815
0.489837
0.506518
0.525281
0.497883
0.521485
0.576979
0.568718
0.577343
0.583271
0.56173
0.527522
0.490904
0.475897
0.484085
0.554862
0.539265
0.568643
0.58453
0.540667
0.543518
0.573709
0.510316
0.501039
0.449456
0.469951
0.549055
0.538264
0.543637
0.578455
0.569082
0.513923
0.512487
0.507418
0.478937
0.540901
0.51129
0.523844
0.526088
0.521696
0.530668
0.444806
0.456528
0.593443
0.52428
0.525276
0.526756
0.443414
0.57018
0.56823
0.485273
0.575395
0.563878
0.524494
0.50929
0.557833
0.566182
0.563822
0.536858
0.502148
0.489565
0.495397
0.494065
0.499613
0.543825
0.543154
0.548937
0.505146
0.566407
0.550826
0.573797
0.584908
0.583752
0.574453
0.534368
0.534017
0.536618
0.552282
0.505692
0.54507
0.524962
0.510487
0.55337
0.549335
0.488224
0.524105
0.517842
0.550507
0.506943
0.501944
0.502088
0.588916
0.515072
0.557645
0.549274
0.501562
0.476946
0.539038
0.571272
0.565023
0.565387
0.567394
0.54017
0.549475
0.596131
0.597634
0.490307
0.539333
0.52793
0.54432
0.529557
0.558368
0.506939
0.486149
0.558018
0.526244
0.574444
0.58553
0.463608
0.472853
0.505861
0.506862
0.496808
0.518039
0.516397
0.549766
0.490589
0.516036
0.465058
0.521441
0.524387
0.505478
0.508821
0.526032
0.528661
0.495366
0.551909
0.570871
0.582754
0.581277
0.48181
0.531183
0.540253
0.546985
0.572718
0.54623
0.56922
0.562291
0.498048
0.552607
0.546003
0.522609
0.563456
0.551368
0.52465
0.503562
0.565209
0.557353
0.560475
0.528817
0.612378
0.496889
0.464167
0.477202
0.581383
0.564906
0.536425
0.533843
0.465235
0.54831
0.547933
0.535438
0.565993
0.543355
0.552816
0.471487
0.526654
0.541683
0.541259
0.490768
0.508519
0.55254
0.565457
0.542082
0.512969
0.501824
0.503692
0.543742
0.539039
0.473419
0.458918
0.559998
0.576999
0.569484
0.553673
0.551402
0.544953
0.472906
0.513322
0.503554
0.457718
0.508988
0.458828
0.449001
0.471558
0.535664
0.539137
0.52436
0.564532
0.561357
0.545152
0.56862
0.511475
0.514806
0.535917
0.465431
0.576664
0.587189
0.533414
0.53167
0.53534
0.457323
0.457136
0.460951
0.582053
0.511083
0.503853
0.49758
0.492333
0.484106
0.554149
0.554987
0.436792
0.443031
0.534199
0.527409
0.548079
0.545472
0.585092
0.586552
0.545118
0.535865
0.520468
0.51856
0.563253
0.613139
0.590987
0.562085
0.582026
0.559206
0.585765
0.509966
0.485432
0.446453
0.577381
0.518918
0.520806
0.499857
0.534341
0.478543
0.554398
0.537038
0.551161
0.515348
0.588786
0.542901
0.551593
0.565474
0.584522
0.557778
0.563272
0.577208
0.501071
0.490586
0.541172
0.510603
0.516003
0.51799
0.582529
0.560862
0.562528
0.516297
0.51249
0.444522
0.452685
0.453142
0.522608
0.543312
0.466527
0.544886
0.480911
0.522747
0.527903
0.481378
0.566066
0.55126
0.624129
0.547889
0.539544
0.513605
0.526405
0.524961
0.524202
0.525938
0.589899
0.574836
0.603938
0.499412
0.525506
0.529442
0.586842
0.524569
0.514972
0.525398
0.53045
0.552861
0.528924
0.472186
0.474179
0.505132
0.501265
0.518474
0.576896
0.565648
0.546874
0.481155
0.519434
0.505862
0.551076
0.568186
0.555299
0.499114
0.521274
0.521815
0.545426
0.502576
0.505671
0.505956
0.534895
0.527088
0.571868
0.525947
0.568074
0.547244
0.527486
0.558439
0.496331
0.492835
0.510871
0.50647
0.517201
0.496073
0.55153
0.509239
0.497731
0.554508
0.508987
0.507342
0.50409
0.539121
0.493582
0.507546
0.510003
0.532057
0.545299
0.486022
0.492991
0.506259
0.489734
0.501952
0.521428
0.545848
0.546101
0.54179
0.575411
0.508003
0.564899
0.553995
0.495637
0.541545
0.537495
0.533135
0.545954
0.526094
0.586196
0.584511
0.55532
0.559818
0.547654
0.480576
0.485263
0.479614
0.541214
0.539487
0.47204
0.548529
0.554504
0.536849
0.498137
0.54492
0.603761
0.5927
0.56319
0.474751
0.598391
0.534791
0.561314
0.454908
0.556257
0.538344
0.498672
0.543615
0.525939
0.557432
0.527586
0.55912
0.532879
0.57409
0.571992
0.515552
0.498307
0.53969
0.558639
0.552946
0.541515
0.54149
0.477919
0.507977
0.515859
0.56401
0.550594
0.441838
0.565843
0.54377
0.523955
0.476807
0.480825
0.527019
0.528191
0.473717
0.462123
0.499273
0.496562
0.615702
0.568727
0.563761
0.496883
0.481672
0.582266
0.528101
0.514717
0.546254
0.559499
0.6023
0.540068
0.547036
0.545105
0.497421
0.504302
0.451545
0.48938
0.534124
0.523432
0.499556
0.498856
0.492681
0.576545
0.483468
0.485551
0.539359
0.507681
0.574751
0.567713
0.536767
0.537365
0.571275
0.501379
0.472675
0.538434
0.527529
0.539343
0.524259
0.542144
0.547079
0.532188
0.511524
0.507363
0.482518
0.467602
0.582056
0.569091
0.539192
0.583827
0.569811
0.570202
0.500037
0.540962
0.49496
0.540776
0.552523
0.559049
0.551369
0.550725
0.500058
0.503721
0.512604
0.518755
0.505953
0.501485
0.488069
0.510053
0.452343
0.575655
0.58917
0.511975
0.488245
0.513696
0.514202
0.499133
0.543545
0.541716
0.533989
0.533966
0.53105
0.475987
0.532346
0.551573
0.552911
0.549644
0.525099
0.523567
0.515787
0.563001
0.551588
0.501704
0.501781
0.533036
0.527746
0.529975
0.505547
0.552332
0.554597
0.539181
0.520464
0.480558
0.526513
0.505065
0.539872
0.541152
0.550107
0.489316
0.505033
0.498268
0.511223
0.525782
0.525692
0.556758
0.546808
0.593485
0.597006
0.543352
0.576883
0.543815
0.541024
0.577091
0.529463
0.502482
0.553722
0.509893
0.548459
0.581421
0.57165
0.519312
0.47671
0.515826
0.518643
0.51308
0.46602
0.54559
0.569767
0.557144
0.576999
0.488884
0.582048
0.561113
0.560481
0.501939
0.494065
0.557908
0.514008
0.540636
0.542462
0.549409
0.57966
0.455436
0.555152
0.54488
0.455184
0.488521
0.547075
0.525892
0.491129
0.472532
0.501697
0.530293
0.528369
0.500172
0.517891
0.573792
0.524605
0.503275
0.438801
0.448157
0.54544
0.566489
0.524787
0.523306
0.589807
0.456425
0.505151
0.503813
0.524573
0.520266
0.491493
0.553707
0.515389
0.502789
0.508242
0.52937
0.502828
0.514964
0.561184
0.510357
0.506856
0.541515
0.593039
0.512426
0.512918
0.517423
0.51884
0.50958
0.454179
0.451898
0.533816
0.543882
0.543761
0.458072
0.511838
0.561808
0.523257
0.51976
0.555201
0.471722
0.463529
0.548777
0.548827
0.561831
0.560011
0.552282
0.573215
0.576502
0.513471
0.551822
0.479952
0.473323
0.574014
0.494696
0.49755
0.596547
0.541209
0.572101
0.541262
0.483766
0.497483
0.492748
0.504952
0.546143
0.541005
0.494641
0.570623
0.45564
0.569845
0.57562
0.583749
0.522275
0.507132
0.542958
0.555792
0.576764
0.57459
0.526015
0.521044
0.520615
0.552278
0.552367
0.568557
0.541184
0.585698
0.575073
0.558003
0.56963
0.504225
0.504465
0.522189
0.524457
0.563292
0.562246
0.522153
0.490098
0.498602
0.501058
0.551002
0.533625
0.525911
0.517541
0.563034
0.506586
0.551404
0.527132
0.500134
0.528233
0.546779
0.532367
0.529201
0.520462
0.511388
0.518643
0.458511
0.50061
0.503525
0.498762
0.552958
0.547687
0.543545
0.54254
0.509638
0.51479
0.510621
0.496486
0.500876
0.542605
0.515463
0.506794
0.548577
0.485282
0.558868
0.565242
0.559066
0.507963
0.551757
0.59257
0.543016
0.568818
0.543663
0.495131
0.492849
0.558573
0.504127
0.5557
0.567859
0.531469
0.528689
0.516305
0.574492
0.493556
0.548926
0.571468
0.560495
0.543831
0.543613
0.538206
0.507195
0.529278
0.539471
0.587556
0.474889
0.545416
0.453498
0.548088
0.528227
0.526308
0.526206
0.49973
0.529238
0.553249
0.481271
0.533989
0.549878
0.512376
0.485443
0.477301
0.50021
0.569824
0.514827
0.564565
0.542708
0.542237
0.54968
0.588891
0.573264
0.515998
0.455002
0.457616
0.534822
0.574839
0.57712
0.571148
0.509837
0.52178
0.450236
0.467591
0.526481
0.508659
0.499179
0.576264
0.559902
0.601318
0.478894
0.503193
0.492002
0.573999
0.493527
0.481975
0.487782
0.578567
0.508855
0.553763
0.587081
0.576555
0.482855
0.550385
0.555731
0.482435
0.496644
0.550956
0.48435
0.547041
0.526284
0.543907
0.568222
0.526803
0.502627
0.594735
0.601392
0.576659
0.506689
0.502075
0.552558
0.568397
0.572877
0.562813
0.522891
0.525021
0.568492
0.596689
0.472109
0.486884
0.489775
0.513941
0.511903
0.566908
0.529421
0.520091
0.478321
0.482893
0.544984
0.58612
0.464741
0.480566
0.495506
0.448581
0.561639
0.554148
0.534954
0.55497
0.52106
0.524398
0.516051
0.546221
0.565099
0.581153
0.492748
0.566366
0.470476
0.512804
0.490561
0.455361
0.582705
0.564233
0.458432
0.576092
0.533267
0.585326
0.532786
0.559221
0.480141
0.538729
0.487227
0.549338
0.498942
0.497611
0.521099
0.489796
0.469833
0.460946
0.537996
0.5023
0.523402
0.514652
0.48485
0.549601
0.550452
0.551326
0.549303
0.52611
0.561142
0.46806
0.487654
0.494484
0.536519
0.495509
0.452145
0.502715
0.543026
0.467029
0.450847
0.547976
0.565035
0.475452
0.520121
0.51664
0.563216
0.559221
0.540258
0.551219
0.518762
0.543396
0.51441
0.493312
0.501058
0.500266
0.594474
0.584211
0.554069
0.545172
0.559275
0.466387
0.535443
0.541758
0.548723
0.53236
0.526643
0.539874
0.511306
0.576453
0.576311
0.590878
0.529283
0.562347
0.537977
0.539051
0.539783
0.539339
0.580661
0.563991
0.482025
0.551301
0.556104
0.55586
0.584604
0.53248
0.536218
0.519295
0.509483
0.514695
0.501321
0.502304
0.551959
0.536178
0.53045
0.566347
0.571042
0.51882
0.559474
0.544651
0.527252
0.5368
0.555825
0.483659
0.537066
0.535019
0.550216
0.562054
0.494294
0.480926
0.511008
0.47396
0.478901
0.508324
0.477777
0.470198
0.469047
0.569128
0.523944
0.564328
0.492694
0.488192
0.550158
0.500536
0.501292
0.527927
0.508329
0.46299
0.45127
0.49622
0.468208
0.476319
0.591046
0.495467
0.505535
0.501691
0.513616
0.473024
0.527806
0.534552
0.561096
0.558132
0.499319
0.530538
0.53916
0.484134
0.541494
0.468301
0.528578
0.544909
0.532564
0.594475
0.535953
0.506829
0.53582
0.516177
0.45258
0.486706
0.506355
0.475423
0.545481
0.554174
0.553274
0.484075
0.476355
0.592042
0.53263
0.465548
0.561992
0.520263
0.536916
0.502761
0.568471
0.542779
0.552207
0.471574
0.520747
0.496534
0.502145
0.497851
0.560165
0.609273
0.604263
0.45148
0.579306
0.547931
0.532299
0.535409
0.530902
0.496766
0.590895
0.591994
0.507364
0.53298
0.507886
0.502274
0.528601
0.544551
0.488357
0.556775
0.542063
0.541369
0.592995
0.552445
0.550796
0.598615
0.515882
0.530428
0.463323
0.529078
0.539992
0.517141
0.551137
0.551608
0.451985
0.58472
0.476202
0.502617
0.507967
0.523149
0.494426
0.516964
0.520766
0.54833
0.547613
0.470247
0.521148
0.48056
0.577563
0.534636
0.539394
0.544883
0.571842
0.575127
0.538864
0.588995
0.544882
0.563121
0.49122
0.581719
0.458598
0.450363
0.585565
0.545029
0.521959
0.521157
0.522406
0.536812
0.57237
0.569746
0.553986
0.482744
0.524276
0.553268
0.543372
0.479774
0.485511
0.50777
0.539372
0.494399
0.544084
0.500079
0.562951
0.557716
0.457427
0.588315
0.527552
0.524231
0.537589
0.533252
0.515103
0.490445
0.477717
0.515078
0.50823
0.527225
0.526132
0.462404
0.462682
0.539669
0.477114
0.572478
0.549316
0.569003
0.597437
0.494468
0.539475
0.54855
0.540033
0.577839
0.538256
0.583552
0.572362
0.501746
0.558835
0.539882
0.581959
0.491279
0.480009
0.547369
0.593077
0.540531
0.496167
0.455921
0.528951
0.550792
0.5535
0.550396
0.556088
0.56358
0.531537
0.491609
0.459249
0.457314
0.462997
0.510073
0.515821
0.577892
0.479338
0.584769
0.516702
0.571323
0.558073
0.485957
0.480291
0.557024
0.503006
0.525981
0.514122
0.499869
0.564315
0.523708
0.530287
0.460058
0.577311
0.461529
0.544147
0.523848
0.499398
0.545373
0.547921
0.515779
0.461322
0.560712
0.508727
0.528494
0.469718
0.573852
0.497656
0.505556
0.489165
0.542705
0.521038
0.509202
0.585511
0.552423
0.522529
0.463916
0.53252
0.55549
0.505521
0.58033
0.584773
0.499011
0.530294
0.534933
0.515083
0.548717
0.544531
0.51925
0.563288
0.479794
0.547223
0.485294
0.570868
0.532057
0.544928
0.528957
0.453466
0.471872
0.569719
0.461783
0.57157
0.549829
0.478748
0.523794
0.589175
0.543774
0.52612
0.521916
0.512928
0.502253
0.531926
0.532854
0.449944
0.449297
0.476129
0.492604
0.480831
0.533408
0.540202
0.583075
0.592465
0.464881
0.546239
0.544886
0.548591
0.581754
0.534272
0.549879
0.506148
0.489648
0.5032
0.468915
0.563728
0.539096
0.586221
0.473104
0.513133
0.512406
0.545008
0.544416
0.602646
0.556254
0.528144
0.54832
0.520288
0.575112
0.52762
0.583203
0.586738
0.471327
0.570015
0.545433
0.551526
0.570116
0.487835
0.590328
0.516187
0.527876
0.516102
0.539173
0.459585
0.44938
0.514728
0.547132
0.537027
0.505651
0.579365
0.543897
0.578456
0.548812
0.522796
0.474127
0.537582
0.470122
0.562894
0.51385
0.525452
0.478733
0.537419
0.561769
0.577761
0.504803
0.570615
0.564413
0.544788
0.466622
0.586858
0.497932
0.489544
0.592459
0.543717
0.555228
0.522357
0.484812
0.542112
0.534608
0.510044
0.521979
0.533135
0.538334
0.473011
0.521879
0.555176
0.533203
0.484017
0.51592
0.522688
0.548619
0.600089
0.556225
0.565956
0.453921
0.542193
0.46569
0.511333
0.501857
0.517336
0.524121
0.579
0.557812
0.537136
0.521448
0.503823
0.546362
0.545631
0.543367
0.526667
0.518863
0.556646
0.57765
0.610604
0.563285
0.533172
0.526822
0.562379
0.568529
0.579422
0.495346
0.520002
0.545832
0.506184
0.496337
0.5613
0.566995
0.535284
0.541594
0.532086
0.54116
0.539116
0.541479
0.519947
0.520872
0.554628
0.527532
0.523581
0.50133
0.472988
0.525898
0.525739
0.516244
0.520764
0.525498
0.523202
0.579067
0.552914
0.498261
0.512363
0.53657
0.529615
0.528064
0.525899
0.520329
0.498466
0.544985
0.536299
0.530825
0.604835
0.541421
0.539187
0.479436
0.513781
0.554736
0.524621
0.537522
0.579987
0.639243
0.551871
0.529102
0.525972
0.532892
0.537769
0.535563
0.469071
0.513652
0.527574
0.520439
0.54209
0.52835
0.504585
0.561927
0.544033
0.562719
0.515286
0.521405
0.525847
0.539518
0.547959
0.539122
0.540211
0.504238
0.486236
0.526937
0.536512
0.505076
0.486286
0.536456
0.539379
0.518869
0.525608
0.514792
0.507853
0.5076
0.507168
0.51343
0.501408
0.497972
0.538484
0.525794
0.548119
0.497061
0.532701
0.52681
0.538455
0.541455
0.508364
0.474173
0.491434
0.500399
0.484606
0.575479
0.517845
0.498744
0.560552
0.493826
0.536646
0.546464
0.514025
0.504739
0.467034
0.52373
0.555071
0.515042
0.478427
0.490243
0.535245
0.527436
0.520645
0.544772
0.558977
0.526355
0.507847
0.51709
0.536277
0.515129
0.51724
0.56761
0.510212
0.522209
0.526705
0.525219
0.526927
0.528579
0.562025
0.527661
0.525041
0.578365
0.582771
0.608393
0.55898
0.527835
0.497146
0.54118
0.528509
0.520965
0.500254
0.534178
0.537398
0.499512
0.511965
0.499694
0.500429
0.558961
0.523617
0.51616
0.51385
0.500756
0.496089
0.501142
0.507215
0.526514
0.525003
0.532323
0.480661
0.570105
0.52097
0.49724
0.543401
0.500838
0.486661
0.537096
0.534958
0.54419
0.527339
0.525093
0.525977
0.518943
0.509412
0.52088
0.519204
0.563153
0.551558
0.540297
0.505143
0.540954
0.523626
0.491185
0.482396
0.501921
0.502104
0.551965
0.534248
0.521744
0.518668
0.527881
0.52546
0.568251
0.560314
0.507808
0.514062
0.539809
0.530567
0.533464
0.527371
0.540647
0.563224
0.544707
0.523375
0.526008
0.587609
0.529159
0.520245
0.50064
0.539752
0.53229
0.520071
0.547727
0.495648
0.500701
0.565142
0.527862
0.545633
0.509794
0.517267
0.527196
0.545068
0.519602
0.522735
0.539429
0.54231
0.550671
0.500968
0.47782
0.488824
0.481008
0.560116
0.535111
0.53414
0.550456
0.486641
0.528811
0.504113
0.509842
0.531278
0.536934
0.505255
0.504351
0.515618
0.526237
0.478091
0.525613
0.508338
0.494492
0.503428
0.517328
0.497023
0.513352
0.507196
0.500898
0.54672
0.506005
0.518436
0.544229
0.481443
0.534531
0.5287
0.526036
0.535762
0.577916
0.564423
0.566256
0.535465
0.55275
0.50123
0.504203
0.529214
0.578165
0.533907
0.533765
0.515563
0.481306
0.525933
0.492919
0.527433
0.571087
0.531987
0.545437
0.56797
0.575031
0.563006
0.523875
0.542362
0.521685
0.538568
0.569474
0.527777
0.527035
0.526385
0.549378
0.529973
0.530564
0.530201
0.488266
0.558562
0.509387
0.506946
0.575965
0.569261
0.498181
0.506665
0.51971
0.51256
0.529044
0.556354
0.534639
0.503973
0.518311
0.499355
0.518917
0.505691
0.50295
0.551598
0.473722
0.489758
0.529591
0.539235
0.569932
0.563135
0.555262
0.554601
0.529927
0.531861
0.564458
0.548126
0.456794
0.531079
0.507689
0.530974
0.5015
0.539248
0.545709
0.505188
0.499603
0.520448
0.54933
0.508813
0.543701
0.562981
0.513613
0.50894
0.543327
0.528007
0.540461
0.542391
0.529317
0.612568
0.525217
0.515073
0.518831
0.615859
0.532426
0.563965
0.527527
0.535359
0.530658
0.500157
0.549036
0.505184
0.573855
0.552672
0.519198
0.546173
0.546823
0.502652
0.520908
0.541977
0.511324
0.532059
0.521193
0.523781
0.569484
0.511885
0.465904
0.542529
0.567832
0.525795
0.537043
0.495323
0.5349
0.551734
0.51982
0.48478
0.557361
0.535186
0.566552
0.55326
0.506977
0.52181
0.510112
0.488913
0.536084
0.531942
0.524244
0.47276
0.543781
0.521339
0.52556
0.55064
0.551307
0.539613
0.498809
0.450349
0.489464
0.535275
0.558545
0.527523
0.526667
0.524505
0.528331
0.552449
0.500437
0.529212
0.536602
0.4947
0.504358
0.483269
0.548074
0.546918
0.520204
0.514474
0.547153
0.521623
0.531549
0.494848
0.531248
0.541591
0.562621
0.556731
0.572105
0.522451
0.513585
0.510798
0.539521
0.485927
0.558188
0.598037
0.535195
0.555726
0.540972
0.573169
0.626715
0.533627
0.523888
0.526405
0.495651
0.473962
0.546217
0.544382
0.527927
0.570342
0.560006
0.534718
0.556899
0.595897
0.535406
0.523507
0.511276
0.534537
0.456282
0.509727
0.478637
0.568653
0.540437
0.569529
0.537639
0.549905
0.512606
0.458055
0.532185
0.517084
0.514083
0.516465
0.488542
0.48077
0.49296
0.502957
0.508787
0.526606
0.530798
0.554148
0.515934
0.547502
0.497218
0.514515
0.521692
0.538111
0.492424
0.502383
0.506941
0.533627
0.485438
0.481982
0.531029
0.502056
0.514525
0.508315
0.528036
0.482113
0.539948
0.502698
0.555803
0.506606
0.598881
0.530344
0.517346
0.522163
0.566439
0.571927
0.5691
0.526866
0.54554
0.458073
0.535348
0.56866
0.523578
0.524903
0.514701
0.52885
0.468922
0.5575
0.530498
0.560529
0.490628
0.475344
0.492011
0.536005
0.508142
0.555488
0.547781
0.533899
0.491562
0.512605
0.476836
0.500953
0.534719
0.493336
0.571133
0.479136
0.514573
0.587401
0.517013
0.526548
0.478129
0.517418
0.539739
0.527549
0.530439
0.548676
0.550137
0.481542
0.612641
0.5315
0.537612
0.553844
0.457655
0.547441
0.54695
0.535886
0.492614
0.549452
0.497758
0.556714
0.496129
0.538851
0.477748
0.565001
0.556127
0.513831
0.538751
0.543225
0.581149
0.517195
0.579467
0.528589
0.553307
0.535317
0.492165
0.538838
0.566683
0.48496
0.507974
0.52137
0.530807
0.545275
0.497892
0.500085
0.523987
0.513637
0.559758
0.529972
0.543384
0.533203
0.531007
0.550429
0.518517
0.52558
0.517545
0.517256
0.539197
0.550079
0.555283
0.523063
0.471682
0.514218
0.523292
0.531685
0.498354
0.536228
0.531498
0.537105
0.572844
0.534674
0.504808
0.527681
0.530577
0.504477
0.501641
0.527403
0.523776
0.528166
0.530939
0.504035
0.539287
0.53005
0.536528
0.520889
0.517278
0.521156
0.468593
0.48001
0.603363
0.519291
0.482137
0.462121
0.490123
0.518879
0.485073
0.540418
0.55466
0.475436
0.567939
0.49508
0.511773
0.50078
0.530076
0.565158
0.49568
0.541651
0.476375
0.472522
0.564874
0.529918
0.505182
0.481966
0.563691
0.550145
0.505295
0.518448
0.529149
0.579533
0.506824
0.530542
0.564679
0.540078
0.50441
0.552386
0.524214
0.581394
0.493078
0.527871
0.545389
0.49279
0.494923
0.558948
0.53011
0.514773
0.539097
0.463866
0.552854
0.577077
0.489516
0.485472
0.535448
0.559183
0.508955
0.52548
0.550784
0.461777
0.552145
0.573553
0.570199
0.521063
0.552128
0.47938
0.508224
0.535655
0.495042
0.61522
0.538841
0.47169
0.531804
0.504665
0.543174
0.49464
0.542094
0.509092
0.507992
0.496077
0.567469
0.523098
0.53772
0.503628
0.496637
0.593808
0.503251
0.509315
0.531192
0.511142
0.498858
0.509534
0.543052
0.574988
0.556896
0.515012
0.531996
0.556492
0.522188
0.460818
0.553348
0.498081
0.554408
0.488683
