0.547089
0.542961
0.550579
0.486666
0.536311
0.569114
0.512613
0.494393
0.510826
0.478836
0.487383
0.486562
0.496033
0.561621
0.545524
0.574472
0.592361
0.560982
0.550777
0.550992
0.543394
0.563796
0.572987
0.567037
0.536069
0.502749
0.497211
0.56901
0.573377
0.496629
0.495754
0.5385
0.516711
0.515905
0.516133
0.446611
0.469795
0.465194
0.486845
0.493398
0.492704
0.52053
0.524545
0.543655
0.54871
0.547664
0.524387
0.487786
0.506626
0.495543
0.502403
0.491704
0.497526
0.533256
0.540507
0.524511
0.526389
0.492005
0.482455
0.565591
0.564164
0.563632
0.564148
0.493367
0.510756
0.525672
0.580768
0.55527
0.541955
0.537098
0.529881
0.531811
0.520858
0.524761
0.551321
0.561326
0.610397
0.513095
0.494919
0.485531
0.553922
0.565228
0.50032
0.522248
0.510629
0.52664
0.543752
0.514941
0.518478
0.499376
0.501986
0.534504
0.534547
0.554274
0.593772
0.571687
0.575362
0.484373
0.481586
0.469689
0.492998
0.493401
0.493754
0.588606
0.56345
0.569721
0.541894
0.501567
0.498414
0.543037
0.534995
0.565113
0.558846
0.547206
0.535342
0.588913
0.581157
0.544415
0.466808
0.480531
0.566654
0.571934
0.555426
0.513865
0.551224
0.536623
0.538478
0.54704
0.532564
0.543781
0.530242
0.488177
0.495037
0.558635
0.545312
0.489361
0.48495
0.486935
0.52985
0.51268
0.485633
0.484648
0.523313
0.514415
0.489795
0.527731
0.534784
0.592573
0.570798
0.490945
0.472561
0.573263
0.566191
0.449185
0.527906
0.529679
0.47526
0.486061
0.54465
0.54834
0.545125
0.54786
0.499854
0.538074
0.534785
0.535484
0.520106
0.516858
0.520263
0.519572
0.509639
0.523854
0.496672
0.498124
0.487356
0.485656
0.501875
0.497042
0.498923
0.452803
0.455485
0.515249
0.476859
0.455388
0.461446
0.518167
0.521905
0.522637
0.55179
0.547288
0.573182
0.545156
0.537327
0.520086
0.512815
0.508975
0.50929
0.474587
0.52434
0.541467
0.542928
0.477039
0.483785
0.560884
0.456167
0.461001
0.460005
0.58038
0.597613
0.494034
0.49756
0.532297
0.532712
0.535966
0.547654
0.507143
0.520722
0.513422
0.539524
0.530597
0.53521
0.535788
0.464172
0.579541
0.469163
0.50442
0.57133
0.578171
0.516951
0.535598
0.498706
0.492878
0.494817
0.51039
0.513391
0.502714
0.542388
0.541392
0.539129
0.539713
0.537462
0.552521
0.56269
0.558236
0.564048
0.561934
0.557029
0.53506
0.531655
0.504457
0.497513
0.543983
0.547379
0.546045
0.548521
0.53299
0.502081
0.499636
0.500656
0.498515
0.578046
0.458808
0.4831
0.546854
0.524182
0.523804
0.511364
0.538094
0.482252
0.497122
0.515318
0.552647
0.514387
0.476767
0.525362
0.529707
0.524954
0.532396
0.500891
0.505532
0.45066
0.449819
0.484131
0.47252
0.580204
0.58391
0.558867
0.564548
0.502267
0.515628
0.490369
0.498149
0.542532
0.541418
0.557192
0.528915
0.531655
0.538758
0.538847
0.566435
0.490706
0.487541
0.466588
0.575814
0.564387
0.540631
0.48449
0.510406
0.488719
0.517532
0.52493
0.517862
0.503285
0.539714
0.527795
0.530768
0.56369
0.543705
0.56242
0.550788
0.492909
0.506486
0.50791
0.517042
0.542969
0.552064
0.55782
0.521599
0.520956
0.524824
0.555152
0.553159
0.558422
0.545846
0.508181
0.478441
0.526677
0.523928
0.513591
0.459419
0.447161
0.457436
0.497262
0.494962
0.452418
0.553572
0.547094
0.509399
0.581135
0.561972
0.556219
0.480472
0.455133
0.44642
0.468029
0.531534
0.535006
0.544873
0.500636
0.511129
0.524925
0.524901
0.574283
0.605769
0.589338
0.527331
0.520288
0.528982
0.50839
0.506972
0.523446
0.477702
0.493944
0.514746
0.483402
0.568072
0.574796
0.567614
0.52336
0.524257
0.529869
0.533043
0.507781
0.500371
0.515827
0.517826
0.516493
0.596849
0.5306
0.531709
0.523907
0.525555
0.525862
0.484803
0.465539
0.530808
0.547706
0.535834
0.544799
0.4952
0.494692
0.486835
0.470651
0.506903
0.536513
0.545854
0.575404
0.523107
0.553638
0.557741
0.472627
0.485332
0.541118
0.529992
0.549845
0.534403
0.581202
0.557169
0.519195
0.567967
0.570021
0.546364
0.522822
0.529545
0.53562
0.497878
0.487265
0.516791
0.548962
0.502825
0.487708
0.46622
0.535152
0.553284
0.53633
0.532841
0.522014
0.524887
0.571561
0.597319
0.600165
0.526608
0.531889
0.512422
0.561064
0.54116
0.557401
0.547642
0.535707
0.5326
0.531551
0.535473
0.573529
0.555626
0.548855
0.52554
0.471688
0.482179
0.525301
0.536016
0.536666
0.525041
0.532483
0.522451
0.463191
0.462302
0.50926
0.475914
0.494445
0.561091
0.567814
0.591256
0.585991
0.588799
0.560067
0.546148
0.478761
0.474289
0.53376
0.565525
0.482896
0.476956
0.566035
0.548129
0.579633
0.536844
0.530706
0.501853
0.494822
0.483552
0.475183
0.485199
0.57694
0.571919
0.610518
0.464499
0.537931
0.504659
0.551008
0.475939
0.546463
0.542896
0.513893
0.511297
0.566552
0.548165
0.533033
0.527625
0.52756
0.512926
0.498369
0.488415
0.490847
0.513893
0.536853
0.564481
0.519938
0.515967
0.518091
0.544452
0.52234
0.55305
0.5885
0.532172
0.528225
0.514461
0.534061
0.555381
0.55333
0.580599
0.546704
0.552815
0.586217
0.533503
0.518632
0.60232
0.579609
0.480664
0.479955
0.474748
0.4971
0.576564
0.586503
0.567783
0.54937
0.481858
0.485719
0.530399
0.537884
0.526917
0.522881
0.499729
0.485874
0.56961
0.552818
0.518124
0.544726
0.553615
0.561567
0.509732
0.459627
0.546338
0.546547
0.541766
0.531217
0.554409
0.564257
0.510959
0.475561
0.490513
0.528075
0.524668
0.569577
0.472457
0.557805
0.538743
0.455438
0.469921
0.523775
0.525395
0.525726
0.472726
0.461503
0.602126
0.485153
0.48258
0.488155
0.491269
0.571822
0.511713
0.501921
0.521616
0.498937
0.472031
0.490257
0.554479
0.480709
0.480459
0.502702
0.490786
0.49767
0.492919
0.555364
0.505153
0.537056
0.468502
0.487673
0.523155
0.557611
0.586149
0.570224
0.552465
0.580023
0.530025
0.521733
0.511669
0.547024
0.539153
0.50772
0.525256
0.608693
0.538217
0.517136
0.523241
0.533355
0.497587
0.502139
0.502331
0.504591
0.51746
0.556794
0.56893
0.538427
0.486071
0.474628
0.539247
0.546099
0.540745
0.514784
0.522961
0.586767
0.566645
0.565424
0.528876
0.549972
0.610438
0.590825
0.538883
0.518748
0.546088
0.528742
0.556071
0.586203
0.52869
0.534671
0.458379
0.55888
0.50222
0.509107
0.484364
0.499848
0.483169
0.479407
0.513292
0.520672
0.523309
0.525147
0.50141
0.504467
0.52522
0.588029
0.588905
0.4876
0.495644
0.539478
0.55576
0.571416
0.572942
0.493185
0.49563
0.550676
0.550927
0.554349
0.562926
0.551385
0.502034
0.565113
0.55624
0.530664
0.537193
0.585995
0.598567
0.535896
0.55224
0.553364
0.492888
0.537854
0.520905
0.540289
0.534252
0.452017
0.50786
0.50767
0.531385
0.534545
0.521428
0.518521
0.519421
0.452839
0.440358
0.529475
0.526381
0.543937
0.552808
0.550556
0.561352
0.487552
0.516371
0.50364
0.495801
0.456382
0.474932
0.57717
0.457122
0.481363
0.561071
0.563022
0.544755
0.537662
0.523508
0.52412
0.498006
0.489
0.506997
0.495166
0.456508
0.554422
0.51492
0.549448
0.547703
0.564076
0.457141
0.475331
0.468241
0.527823
0.529672
0.542278
0.543178
0.532082
0.518745
0.526211
0.529371
0.509461
0.500004
0.572318
0.562452
0.570626
0.45502
0.465436
0.507755
0.490664
0.495767
0.489605
0.498697
0.468615
0.528972
0.539309
0.554253
0.525702
0.555743
0.570066
0.571379
0.519231
0.515692
0.576112
0.567051
0.562856
0.582437
0.558415
0.584748
0.547363
0.575769
0.516783
0.514189
0.534692
0.467833
0.578795
0.557416
0.544808
0.538845
0.575361
0.558227
0.517974
0.509539
0.515874
0.53423
0.518715
0.549491
0.551849
0.573234
0.5778
0.609107
0.590393
0.559264
0.553673
0.487776
0.493251
0.473876
0.501904
0.53254
0.527803
0.520014
0.530928
0.593828
0.578517
0.567785
0.565527
0.517206
0.512559
0.52215
0.513507
0.505112
0.516392
0.506997
0.519475
0.499107
0.500746
0.501743
0.522032
0.478238
0.503385
0.482111
0.552789
0.550081
0.565511
0.535551
0.487815
0.50686
0.526522
0.522597
0.53005
0.523426
0.56918
0.559153
0.581842
0.49851
0.533676
0.527561
0.588483
0.544327
0.548257
0.536648
0.538784
0.532086
0.571539
0.563033
0.469666
0.537898
0.540864
0.51893
0.523079
0.576861
0.543754
0.473388
0.482635
0.52662
0.509793
0.558949
0.507033
0.581255
0.535365
0.50856
0.514271
0.565694
0.531136
0.538825
0.49708
0.495009
0.551547
0.545411
0.47621
0.503379
0.498872
0.478576
0.583834
0.559861
0.501935
0.489557
0.489803
0.538816
0.495931
0.512944
0.5543
0.486933
0.583477
0.574782
0.543253
0.506161
0.511193
0.530231
0.525731
0.569378
0.500619
0.517374
0.526635
0.540822
0.591608
0.577274
0.585984
0.57165
0.5594
0.465286
0.450148
0.501891
0.466395
0.52843
0.538483
0.546522
0.553787
0.552204
0.506773
0.490692
0.55718
0.544686
0.512742
0.502349
0.542048
0.51499
0.521595
0.520039
0.539799
0.537815
0.583585
0.525345
0.557562
0.564534
0.57318
0.590152
0.485969
0.55713
0.538216
0.554856
0.442431
0.546315
0.567831
0.497395
0.603718
0.599657
0.578772
0.58038
0.540956
0.574098
0.574962
0.569547
0.515151
0.468204
0.463888
0.535048
0.560835
0.555015
0.485684
0.52507
0.512121
0.575871
0.534735
0.533158
0.519308
0.501567
0.535772
0.534276
0.509507
0.547185
0.561888
0.480873
0.524063
0.565181
0.519776
0.560397
0.570185
0.562849
0.554293
0.578966
0.609278
0.600552
0.476261
0.484329
0.479755
0.525034
0.562407
0.539123
0.476321
0.45849
0.557068
0.577268
0.494631
0.48322
0.506597
0.499648
0.555071
0.508458
0.521321
0.528308
0.511828
0.550313
0.52835
0.5457
0.536249
0.458661
0.459782
0.481403
0.481621
0.449401
0.453573
0.464949
0.538757
0.545652
0.535154
0.521867
0.498761
0.497065
0.523901
0.495012
0.484004
0.482419
0.533185
0.59007
0.527732
0.589564
0.573075
0.544385
0.545782
0.476478
0.499353
0.476378
0.550164
0.546768
0.544053
0.562728
0.481572
0.540007
0.517063
0.586833
0.578479
0.532427
0.544333
0.49676
0.486361
0.465343
0.55127
0.583639
0.56874
0.514799
0.551231
0.512652
0.503014
0.506581
0.5028
0.470174
0.519181
0.486448
0.51177
0.502426
0.571853
0.476319
0.486843
0.490629
0.533195
0.536491
0.528596
0.448944
0.570048
0.564326
0.576391
0.546641
0.523998
0.532637
0.529664
0.567156
0.549937
0.541492
0.504223
0.501271
0.569145
0.558377
0.553549
0.541013
0.449102
0.470323
0.567277
0.517753
0.524263
0.470022
0.505942
0.582469
0.588496
0.564786
0.553532
0.540874
0.537616
0.539235
0.553322
0.451841
0.596194
0.5592
0.513133
0.509322
0.512548
0.525285
0.525862
0.525319
0.548479
0.552983
0.537665
0.60716
0.550849
0.55214
0.592977
0.546135
0.553759
0.496841
0.519074
0.471564
0.479812
0.577933
0.575067
0.5131
0.517999
0.535567
0.518784
0.568338
0.479604
0.555021
0.555213
0.580308
0.570274
0.579463
0.511698
0.572048
0.54031
0.535528
0.573223
0.542209
0.450755
0.574902
0.486322
0.555076
0.520817
0.455116
0.47081
0.498941
0.529246
0.522164
0.498156
0.532906
0.523326
0.50119
0.480646
0.453033
0.457218
0.540393
0.552313
0.583647
0.580627
0.522786
0.45108
0.495668
0.463424
0.483532
0.495984
0.502769
0.509953
0.585662
0.452822
0.556444
0.560622
0.503234
0.514086
0.528486
0.506419
0.583449
0.575765
0.464447
0.511302
0.509609
0.559219
0.512044
0.507057
0.516592
0.523239
0.498126
0.548352
0.551231
0.534236
0.522579
0.527625
0.547719
0.549248
0.541863
0.498638
0.544893
0.443143
0.545272
0.467687
0.480951
0.543732
0.461942
0.510953
0.539053
0.528771
0.516094
0.518558
0.501183
0.554509
0.550125
0.55464
0.551273
0.551834
0.551822
0.49952
0.515567
0.514446
0.499102
0.5571
0.478583
0.483816
0.467017
0.581787
0.527589
0.496132
0.500584
0.55408
0.530185
0.55632
0.494123
0.493225
0.544317
0.544686
0.549952
0.491182
0.56618
0.541258
0.545392
0.55403
0.587603
0.568381
0.4513
0.525492
0.541151
0.552048
0.555785
0.526066
0.551589
0.540001
0.54715
0.574638
0.512827
0.508209
0.517959
0.503252
0.551845
0.560288
0.517797
0.49531
0.454015
0.55226
0.494218
0.582404
0.517547
0.521559
0.484762
0.500254
0.560838
0.497923
0.522751
0.527708
0.529148
0.509845
0.452651
0.493197
0.51701
0.557908
0.535209
0.458709
0.471324
0.581865
0.513555
0.555403
0.565996
0.537225
0.531404
0.519098
0.500106
0.520915
0.505339
0.579653
0.540399
0.554692
0.5223
0.484313
0.495032
0.568338
0.570615
0.5186
0.505345
0.551648
0.552337
0.580174
0.560816
0.550157
0.585642
0.5378
0.495933
0.554651
0.519158
0.536659
0.489937
0.497255
0.551401
0.53364
0.554784
0.547981
0.508868
0.52308
0.525457
0.532046
0.537943
0.545193
0.497351
0.498008
0.563501
0.550077
0.565566
0.566516
0.521105
0.523594
0.527875
0.526853
0.52862
0.449229
0.463045
0.586145
0.572067
0.542475
0.543054
0.538445
0.509699
0.490224
0.476976
0.451147
0.480971
0.538876
0.544083
0.588797
0.518475
0.485243
0.555576
0.449625
0.54882
0.449544
0.586026
0.57032
0.517863
0.530689
0.470353
0.595873
0.585841
0.482748
0.490798
0.484502
0.561652
0.557984
0.583261
0.506157
0.481976
0.568222
0.583384
0.494592
0.467446
0.537622
0.503781
0.596376
0.541601
0.524225
0.546797
0.483655
0.488865
0.525504
0.504897
0.550152
0.594987
0.59897
0.594536
0.572346
0.51466
0.499607
0.532231
0.551259
0.522899
0.460559
0.525662
0.556762
0.549312
0.603296
0.594572
0.495813
0.494948
0.582886
0.573081
0.497092
0.507904
0.50897
0.556257
0.496916
0.4932
0.539647
0.537514
0.519864
0.473583
0.567527
0.562158
0.594056
0.574243
0.477874
0.473349
0.580284
0.528288
0.54358
0.534135
0.536765
0.479661
0.521043
0.523331
0.515344
0.543203
0.518532
0.573685
0.524784
0.54304
0.502105
0.506787
0.573858
0.571997
0.525351
0.570374
0.523742
0.540055
0.453995
0.570985
0.49487
0.555394
0.454976
0.499662
0.496498
0.546152
0.512729
0.602366
0.584192
0.553658
0.528512
0.515326
0.493067
0.555218
0.596998
0.587682
0.530512
0.53925
0.48691
0.552904
0.570879
0.581997
0.497879
0.560679
0.563719
0.472866
0.487706
0.537792
0.530425
0.527865
0.531306
0.551587
0.53411
0.539285
0.483669
0.483905
0.534525
0.539621
0.498829
0.493632
0.542643
0.46338
0.449775
0.54995
0.574656
0.491317
0.499505
0.5428
0.539327
0.520892
0.539762
0.542015
0.556901
0.560272
0.516363
0.511489
0.501776
0.502434
0.58377
0.538547
0.538241
0.533753
0.54372
0.555359
0.482366
0.512834
0.519356
0.550344
0.593955
0.560079
0.572926
0.57937
0.544122
0.45341
0.554695
0.562598
0.552046
0.535678
0.539278
0.524941
0.517934
0.545978
0.531692
0.527729
0.533805
0.504265
0.515619
0.547823
0.551458
0.543194
0.549432
0.521625
0.559743
0.548191
0.524803
0.519046
0.588028
0.540236
0.467648
0.511237
0.480179
0.571423
0.562805
0.475168
0.521634
0.467241
0.46856
0.552772
0.53003
0.56947
0.493491
0.48533
0.502368
0.502849
0.586998
0.528356
0.521159
0.511616
0.525948
0.565255
0.464832
0.490639
0.505795
0.521772
0.465036
0.548216
0.54602
0.543113
0.50275
0.48029
0.49388
0.446451
0.533645
0.548014
0.523617
0.535715
0.563501
0.536783
0.480873
0.515942
0.482179
0.449158
0.482639
0.526117
0.466531
0.467856
0.536413
0.566237
0.473879
0.530063
0.532671
0.573453
0.580715
0.572597
0.473652
0.605708
0.590324
0.526827
0.510642
0.507215
0.47503
0.49607
0.516598
0.497403
0.549573
0.546129
0.565785
0.466096
0.557442
0.517287
0.489757
0.575222
0.54225
0.543162
0.542032
0.535539
0.534058
0.500631
0.596614
0.522291
0.491284
0.54597
0.541915
0.49878
0.540231
0.573691
0.511021
0.589863
0.552019
0.604676
0.517573
0.569944
0.511409
0.531532
0.587888
0.577837
0.554073
0.536407
0.519106
0.501499
0.561545
0.476143
0.57341
0.553939
0.546916
0.588009
0.539284
0.458461
0.460203
0.493874
0.487618
0.513307
0.515769
0.539083
0.523195
0.467121
0.541868
0.540906
0.480019
0.593764
0.515115
0.522154
0.519485
0.583062
0.553502
0.51715
0.491928
0.457897
0.540672
0.518419
0.576483
0.596225
0.572553
0.567125
0.525178
0.567
0.549687
0.54348
0.468937
0.490697
0.523669
0.5601
0.596803
0.485205
0.497258
0.550813
0.590107
0.55762
0.570645
0.45412
0.46551
0.531207
0.474054
0.455624
0.489402
0.501736
0.528743
0.451545
0.461911
0.469735
0.576937
0.492695
0.483679
0.515985
0.560265
0.45594
0.581333
0.491204
0.500553
0.550388
0.544696
0.486607
0.600717
0.508071
0.48366
0.483693
0.563055
0.56016
0.559414
0.502116
0.476331
0.542834
0.562155
0.464974
0.548436
0.550783
0.493555
0.5885
0.598282
0.445389
0.509862
0.598162
0.482558
0.525871
0.478962
0.561933
0.567893
0.539841
0.535717
0.494847
0.575167
0.515288
0.529691
0.464214
0.53977
0.512552
0.545452
0.584133
0.548731
0.492256
0.546494
0.545647
0.501246
0.553462
0.517103
0.556533
0.545455
0.519196
0.580258
0.493967
0.548312
0.530907
0.575147
0.55068
0.549119
0.493394
0.550139
0.495973
0.491647
0.532492
0.515655
0.517577
0.461739
0.540522
0.536896
0.476739
0.547491
0.585298
0.474514
0.484906
0.548368
0.523159
0.498841
0.536661
0.565418
0.558547
0.536735
0.531528
0.453521
0.534816
0.561429
0.512683
0.588705
0.558963
0.589644
0.447133
0.536417
0.53086
0.569661
0.580633
0.575387
0.571853
0.568373
0.522534
0.522293
0.591423
0.525989
0.489159
0.49836
0.526143
0.584692
0.504096
0.569382
0.561417
0.567828
0.532607
0.589959
0.445295
0.556691
0.552445
0.541415
0.560127
0.574118
0.543287
0.538516
0.459194
0.482283
0.468337
0.448029
0.587721
0.528617
0.508353
0.606672
0.57018
0.561116
0.560873
0.589684
0.570621
0.476127
0.5867
0.585326
0.492984
0.511953
0.514056
0.543081
0.547101
0.529236
0.533575
0.560694
0.567045
0.564752
0.527271
0.588402
0.588906
0.480751
0.54113
0.486826
0.506879
0.526625
0.569254
0.507306
0.51673
0.520283
0.582556
0.512853
0.45032
0.450431
0.548977
0.547803
0.460389
0.512067
0.563636
0.543771
0.526954
0.573281
0.5454
0.521402
0.55796
0.484615
0.491128
0.530641
0.470038
0.477898
0.472341
0.583235
0.502358
0.501566
0.492279
0.541342
0.51265
0.595495
0.59448
0.509981
0.521483
0.540161
0.513964
0.486584
0.52888
0.488826
0.575396
0.453508
0.533429
0.543021
0.522975
0.485578
0.5469
0.543999
0.570499
0.517204
0.521778
0.471903
0.567626
0.573671
0.485349
0.559192
0.530778
0.564843
0.540223
0.5456
0.452423
0.552658
0.594695
0.586582
0.546381
0.537525
0.538334
0.515388
0.528903
0.543043
0.506661
0.543259
0.52689
0.530476
0.517086
0.57429
0.519586
0.47993
0.580329
0.527218
0.498019
0.539442
0.564212
0.515292
0.527218
0.516036
0.512635
0.537083
0.534353
0.497678
0.546278
0.462711
0.52614
0.52465
0.509604
0.516355
0.507776
0.554809
0.578757
0.525365
0.517984
0.544915
0.535746
0.543739
0.52806
0.527665
0.523382
0.525351
0.532204
0.539654
0.540377
0.523394
0.508129
0.490493
0.538369
0.530904
0.528863
0.520453
0.558725
0.54153
0.522675
0.519763
0.507313
0.508296
0.525584
0.52088
0.492985
0.495682
0.515731
0.561527
0.543924
0.500849
0.56474
0.471592
0.52501
0.536773
0.53787
0.508259
0.452239
0.537376
0.551144
0.552799
0.491774
0.555157
0.515186
0.489307
0.486362
0.553825
0.47532
0.521253
0.521025
0.519117
0.510629
0.509264
0.537479
0.48464
0.509608
0.49507
0.504243
0.536422
0.521755
0.51367
0.525548
0.52684
0.577314
0.563209
0.569115
0.508844
0.527753
0.47136
0.476571
0.546189
0.487453
0.544607
0.527136
0.526714
0.496961
0.501638
0.585131
0.53475
0.489783
0.511456
0.520516
0.501597
0.523009
0.481236
0.509993
0.580163
0.526189
0.523876
0.519015
0.526228
0.519774
0.552239
0.507122
0.525173
0.512003
0.509041
0.519717
0.504567
0.553252
0.515654
0.532807
0.581334
0.587843
0.51627
0.537324
0.533426
0.569983
0.546118
0.516258
0.529383
0.52554
0.526464
0.521812
0.521197
0.549484
0.572945
0.528107
0.528032
0.524853
0.510105
0.521306
0.523257
0.514612
0.521596
0.501527
0.563325
0.498687
0.489355
0.560995
0.565068
0.546877
0.528161
0.527866
0.508668
0.495241
0.500524
0.535991
0.519337
0.514696
0.502929
0.526762
0.549311
0.495245
0.494846
0.553929
0.514867
0.512666
0.518511
0.516708
0.578414
0.501632
0.500093
0.496084
0.485088
0.504683
0.568521
0.520616
0.543641
0.575404
0.52497
0.531252
0.528173
0.533671
0.565766
0.514037
0.516546
0.521
0.536567
0.525042
0.517993
0.562985
0.573282
0.553313
0.499277
0.526722
0.52496
0.497199
0.552179
0.557121
0.533266
0.512313
0.560015
0.540242
0.525127
0.540422
0.519064
0.548768
0.533615
0.551535
0.525046
0.540078
0.512049
0.539797
0.546481
0.52907
0.530948
0.524385
0.58137
0.553178
0.546655
0.499449
0.541164
0.541285
0.502919
0.529314
0.528717
0.490945
0.523331
0.492869
0.504763
0.513065
0.558863
0.527874
0.528479
0.527967
0.527708
0.516117
0.503341
0.560434
0.532479
0.50043
0.472507
0.533453
0.541825
0.556543
0.510189
0.516364
0.514878
0.495849
0.509145
0.546816
0.521778
0.512295
0.476374
0.555143
0.561141
0.522158
0.502363
0.500207
0.5146
0.494192
0.581207
0.556496
0.504327
0.515472
0.580735
0.529615
0.540768
0.547913
0.550188
0.523352
0.521176
0.560244
0.569914
0.553624
0.521649
0.550402
0.555004
0.541421
0.529604
0.497525
0.511204
0.542608
0.544634
0.507097
0.516662
0.527637
0.531526
0.518044
0.577327
0.540888
0.559222
0.556687
0.531664
0.564244
0.528471
0.530596
0.528538
0.498613
0.494075
0.529997
0.528145
0.525667
0.516487
0.558181
0.481877
0.531794
0.486775
0.49063
0.490714
0.507326
0.505133
0.57712
0.517125
0.546246
0.54401
0.546183
0.536244
0.509105
0.510092
0.496624
0.555106
0.542653
0.480583
0.538097
0.517345
0.49875
0.564331
0.466274
0.530615
0.556058
0.545575
0.531326
0.560792
0.542224
0.528141
0.530174
0.501089
0.575641
0.569421
0.529121
0.517411
0.526861
0.522986
0.584795
0.540181
0.572989
0.511104
0.494136
0.552249
0.493508
0.50962
0.495918
0.5348
0.546417
0.602948
0.548453
0.511561
0.517692
0.519968
0.543985
0.518676
0.516094
0.55946
0.542424
0.514817
0.523006
0.511009
0.502091
0.563476
0.504229
0.503359
0.527743
0.498027
0.540815
0.584162
0.533597
0.557415
0.511099
0.502167
0.563525
0.531729
0.529344
0.520832
0.51094
0.539462
0.494574
0.573852
0.543284
0.544811
0.565135
0.539047
0.512017
0.559771
0.562123
0.45434
0.540671
0.462613
0.512432
0.540714
0.594205
0.520348
0.520037
0.546523
0.515501
0.531457
0.54163
0.532782
0.524101
0.495613
0.574861
0.497263
0.489549
0.46448
0.524517
0.519272
0.532861
0.565775
0.523637
0.564548
0.514443
0.517034
0.551445
0.529105
0.528287
0.537619
0.513328
0.542891
0.511881
0.547489
0.502566
0.512923
0.53758
0.503758
0.510943
0.47965
0.52667
0.550734
0.496481
0.500348
0.494085
0.481437
0.552857
0.490891
0.52627
0.555709
0.471933
0.532073
0.532428
0.552896
0.549447
0.573549
0.532689
0.534642
0.503732
0.55194
0.523771
0.528952
0.514941
0.54379
0.531325
0.548569
0.526987
0.530746
0.510494
0.499113
0.522999
0.543769
0.534483
0.528967
0.596134
0.551464
0.56145
0.509832
0.498625
0.523038
0.574185
0.516777
0.541575
0.493753
0.574147
0.53994
0.512267
0.526434
0.523463
0.530052
0.504292
0.521146
0.529772
0.489821
0.51688
0.504314
0.523388
0.504636
0.524142
0.562206
0.483321
0.538554
0.608313
0.545613
0.540041
0.539996
0.545478
0.495595
0.448864
0.51319
0.558652
0.518523
0.493592
0.480287
0.464523
0.492194
0.484779
0.571254
0.55273
0.535718
0.52323
0.52253
0.527678
0.548985
0.506133
0.53709
0.551907
0.576342
0.554593
0.482659
0.524936
0.535559
0.555807
0.528609
0.528406
0.538118
0.512442
0.511965
0.555478
0.536748
0.532221
0.526884
0.562835
0.501814
0.551082
0.56092
0.462112
0.457131
0.518111
0.517802
0.555453
0.542604
0.510582
0.550305
0.575279
0.570499
0.506066
0.564499
0.485619
0.496192
0.542646
0.531892
0.531204
0.522639
0.522916
0.541449
0.571106
0.541768
0.555055
0.524358
0.522206
0.505046
0.55482
0.523591
0.53139
0.503286
0.579453
0.506777
0.487234
0.52478
0.486378
0.503966
0.53138
0.572743
0.51563
0.509149
0.557407
0.519683
0.56675
0.556845
0.536451
0.497492
0.560146
0.494031
0.518619
0.53845
0.551162
0.499709
0.557427
0.55428
0.5031
0.549122
0.57998
0.577482
0.496452
0.543235
0.566885
0.534616
0.554862
0.542719
0.549601
0.50369
0.521729
0.522685
0.561475
0.500237
0.552997
0.552227
0.532216
0.529104
0.56767
0.54409
0.507874
0.559701
0.541061
0.52365
0.533169
0.54049
0.494402
0.549944
0.537775
0.556353
0.515005
0.575127
0.501122
0.495244
0.551564
0.508199
0.560485
0.511791
0.558513
0.530027
0.532134
0.506356
0.52622
0.487497
0.570543
0.575063
0.545042
0.553617
0.478264
0.534483
0.556545
0.563085
0.536919
0.527811
0.576584
0.521294
0.574348
0.520813
0.469844
0.502088
0.596194
0.515291
0.572988
0.585832
0.519252
0.513828
0.525511
0.555179
0.569638
0.54885
0.457946
0.584982
0.526352
0.512437
0.502779
0.464265
0.555587
0.546751
0.576342
0.521696
0.511732
0.518587
0.550671
0.527399
0.533455
0.566963
0.528641
0.582533
0.503199
0.485006
0.56439
0.458852
0.569764
0.606323
0.531005
0.560288
0.454291
0.577063
0.585914
0.502569
0.563379
0.5487
0.548303
0.554719
0.489805
0.567751
0.507435
0.56053
0.524982
0.500641
0.541364
0.548783
0.526904
0.578167
0.540976
0.48366
0.572935
0.526754
0.556351
0.566662
0.54557
0.477384
0.505142
0.526914
0.576453
0.571671
0.524732
0.529487
0.53261
0.576621
0.507901
0.509059
0.571806
0.546921
0.491959
0.544718
0.553356
0.549035
0.539187
0.491517
0.518636
0.537055
0.590137
0.503725
0.567209
0.502463
0.501679
0.500873
0.561498
0.525953
0.568525
0.535587
0.516767
0.525924
0.515651
0.502722
0.558947
0.562486
0.520556
0.477238
0.5804
0.508504
0.490686
0.535064
0.565016
0.481702
0.596528
0.598902
0.478571
0.492583
0.541758
0.584461
0.541237
0.551788
0.489354
0.514059
0.485525
0.590271
0.487599
