0.541837
0.542925
0.496542
0.475784
0.483801
0.596419
0.530198
0.563913
0.539657
0.557639
0.476941
0.478146
0.479463
0.521093
0.516949
0.502745
0.559897
0.550656
0.520802
0.538944
0.550037
0.550375
0.534371
0.508843
0.561597
0.503866
0.558205
0.547203
0.503118
0.507674
0.504451
0.522082
0.51771
0.527588
0.523437
0.524126
0.546131
0.53882
0.526675
0.53779
0.533089
0.524592
0.486933
0.525988
0.507634
0.535291
0.530022
0.49979
0.509448
0.512254
0.551081
0.507115
0.499139
0.505863
0.568009
0.584072
0.547829
0.544601
0.527371
0.526372
0.489116
0.493555
0.488539
0.528175
0.534238
0.469293
0.470025
0.610509
0.491862
0.484811
0.558929
0.573757
0.570533
0.583498
0.538032
0.536529
0.513716
0.540537
0.533412
0.459731
0.554428
0.562717
0.643293
0.533584
0.539432
0.545774
0.51
0.488159
0.490151
0.515241
0.496317
0.51737
0.540868
0.536669
0.528079
0.491252
0.496704
0.515046
0.5735
0.580535
0.522433
0.514859
0.515759
0.535425
0.525006
0.557916
0.568342
0.530476
0.533177
0.535747
0.538693
0.561647
0.569427
0.571291
0.502349
0.536648
0.541695
0.533828
0.539386
0.548384
0.528168
0.497294
0.546745
0.543105
0.493998
0.492103
0.652721
0.586864
0.485885
0.561049
0.552401
0.562365
0.566591
0.546047
0.492822
0.54127
0.548266
0.525842
0.523977
0.524818
0.523569
0.524579
0.533318
0.512207
0.523159
0.540649
0.546135
0.537148
0.531224
0.554695
0.550421
0.548484
0.551279
0.482011
0.496041
0.557193
0.495579
0.583118
0.602717
0.592113
0.531449
0.532094
0.531083
0.466923
0.527353
0.544294
0.522576
0.523436
0.557967
0.476998
0.517186
0.495884
0.490924
0.49696
0.496648
0.492277
0.450859
0.458863
0.490374
0.478441
0.457488
0.467911
0.524251
0.523027
0.585453
0.578049
0.607289
0.558069
0.569233
0.604364
0.562793
0.538683
0.550867
0.545425
0.530735
0.534535
0.534534
0.524297
0.535809
0.529933
0.521246
0.521409
0.52405
0.521625
0.509513
0.466324
0.486681
0.538852
0.543924
0.46572
0.471562
0.561391
0.542138
0.446006
0.443571
0.438363
0.533552
0.536311
0.583662
0.584863
0.498556
0.476371
0.531185
0.528167
0.531514
0.539142
0.534161
0.52862
0.52877
0.526414
0.548676
0.469292
0.476533
0.503464
0.503407
0.50405
0.581629
0.506043
0.570346
0.554816
0.517484
0.556788
0.525767
0.577549
0.555326
0.495516
0.486101
0.538499
0.535205
0.548311
0.554256
0.549851
0.555412
0.539558
0.504154
0.491992
0.567814
0.504378
0.501474
0.546208
0.508242
0.535669
0.518937
0.545863
0.542004
0.549641
0.479957
0.48558
0.497333
0.479753
0.534489
0.511702
0.517652
0.493871
0.513878
0.461138
0.535568
0.536467
0.527831
0.551418
0.552676
0.533617
0.530513
0.531565
0.488704
0.494071
0.497144
0.556536
0.524369
0.556449
0.474098
0.479788
0.472255
0.546984
0.5482
0.536652
0.561519
0.552786
0.537773
0.583724
0.576611
0.487274
0.490945
0.47299
0.519645
0.559667
0.543427
0.564334
0.54798
0.571351
0.511283
0.511155
0.462764
0.480145
0.606753
0.567191
0.588642
0.453423
0.458663
0.468357
0.550357
0.552709
0.573014
0.54137
0.563218
0.509159
0.501976
0.545843
0.546661
0.539053
0.555653
0.557954
0.552228
0.564728
0.54437
0.544385
0.542745
0.552924
0.544387
0.513441
0.4965
0.519057
0.523687
0.503147
0.511706
0.613347
0.45657
0.497442
0.56472
0.574011
0.460232
0.508604
0.551358
0.534397
0.533385
0.537441
0.542109
0.508521
0.476146
0.550806
0.494168
0.485843
0.507717
0.538541
0.52631
0.527573
0.525754
0.495064
0.502066
0.542691
0.547518
0.552793
0.555613
0.495634
0.506104
0.503081
0.500311
0.581745
0.59868
0.50137
0.493935
0.579569
0.559969
0.520531
0.522839
0.526916
0.584285
0.57648
0.484671
0.488291
0.497131
0.4764
0.57537
0.621054
0.591395
0.526234
0.524723
0.523723
0.523663
0.531077
0.494881
0.511885
0.639873
0.634264
0.516845
0.509144
0.514111
0.586934
0.595949
0.567076
0.571348
0.550263
0.529861
0.531254
0.484548
0.484064
0.55665
0.570357
0.565807
0.561597
0.548397
0.530072
0.520362
0.563327
0.521043
0.521208
0.509425
0.576132
0.575604
0.565922
0.516902
0.585743
0.544412
0.538625
0.593427
0.581883
0.517554
0.511355
0.57236
0.580354
0.568498
0.577942
0.480325
0.464869
0.496881
0.551
0.58238
0.570096
0.529152
0.527692
0.536878
0.679607
0.503053
0.506664
0.503115
0.56025
0.581621
0.569455
0.572874
0.539465
0.545683
0.561173
0.542145
0.549415
0.554525
0.541067
0.476322
0.464624
0.543903
0.537629
0.522596
0.555656
0.53569
0.51155
0.57868
0.527287
0.490648
0.466803
0.473241
0.456355
0.50383
0.503994
0.489117
0.493582
0.52135
0.523149
0.553161
0.550612
0.568031
0.583285
0.581146
0.617937
0.613732
0.561878
0.540339
0.549034
0.472273
0.477465
0.52012
0.50185
0.465443
0.469714
0.451369
0.597702
0.480232
0.551503
0.533376
0.535051
0.5266
0.499744
0.493534
0.578598
0.577134
0.567029
0.528354
0.50154
0.567259
0.479948
0.480496
0.476405
0.51144
0.516602
0.52007
0.551847
0.582672
0.558866
0.539448
0.548089
0.546622
0.535841
0.540258
0.501077
0.504618
0.50517
0.508413
0.490232
0.494034
0.493429
0.545325
0.546257
0.473841
0.46405
0.494107
0.56776
0.523113
0.516615
0.522093
0.497293
0.486319
0.564409
0.529529
0.58825
0.568463
0.519824
0.532643
0.543842
0.534295
0.581681
0.524624
0.465567
0.485289
0.572473
0.581778
0.511366
0.567392
0.527788
0.519761
0.523727
0.535056
0.488054
0.488209
0.491362
0.560167
0.525111
0.578646
0.454866
0.466512
0.470709
0.518114
0.538497
0.528626
0.455643
0.569697
0.481166
0.469505
0.46448
0.454491
0.464379
0.474176
0.501811
0.457793
0.494325
0.488758
0.53263
0.571825
0.480547
0.488545
0.520485
0.567558
0.562662
0.46803
0.467747
0.481455
0.495753
0.486108
0.547946
0.52299
0.439284
0.436428
0.454545
0.455775
0.474329
0.523277
0.524757
0.545924
0.508303
0.536658
0.542074
0.53898
0.538803
0.554406
0.54448
0.550982
0.548851
0.451038
0.546818
0.570486
0.601019
0.602216
0.580695
0.484021
0.545175
0.51689
0.51737
0.544694
0.503944
0.509053
0.486282
0.554651
0.552918
0.544686
0.589839
0.581193
0.542234
0.56188
0.622098
0.575189
0.57024
0.590388
0.473665
0.578715
0.511888
0.491641
0.500552
0.490925
0.525612
0.524387
0.525747
0.522695
0.614447
0.61347
0.541159
0.540568
0.559996
0.565581
0.557381
0.644937
0.518397
0.527953
0.581838
0.580922
0.585174
0.574875
0.489192
0.493169
0.499402
0.541552
0.534504
0.528246
0.521236
0.533138
0.523512
0.457971
0.531592
0.444371
0.461106
0.536132
0.535535
0.517045
0.518472
0.446122
0.454661
0.543471
0.542159
0.54494
0.54023
0.523368
0.54248
0.534532
0.540336
0.542143
0.542781
0.553105
0.566448
0.505892
0.541169
0.559751
0.509377
0.508277
0.446903
0.45668
0.488619
0.495621
0.463709
0.485016
0.542738
0.478444
0.546211
0.551683
0.484744
0.562227
0.549481
0.5499
0.524868
0.557662
0.543645
0.546062
0.537812
0.523923
0.52411
0.570453
0.47584
0.5261
0.534785
0.550444
0.481542
0.521385
0.449018
0.473296
0.51363
0.53243
0.542611
0.504166
0.517358
0.576303
0.507109
0.500537
0.508005
0.476224
0.456585
0.458692
0.551826
0.53496
0.55877
0.576429
0.528063
0.523508
0.556468
0.486176
0.497118
0.537543
0.542564
0.556858
0.558862
0.521024
0.514512
0.584
0.522629
0.479529
0.475626
0.46671
0.546167
0.542828
0.541743
0.569445
0.548788
0.516827
0.515226
0.523981
0.540243
0.523981
0.54749
0.540633
0.545473
0.555621
0.546423
0.539174
0.553046
0.481283
0.486089
0.482142
0.489401
0.536559
0.490467
0.497921
0.531314
0.482033
0.487721
0.536388
0.519911
0.516727
0.50326
0.589747
0.562084
0.511184
0.504477
0.518979
0.478235
0.512758
0.457459
0.462061
0.506066
0.502751
0.494755
0.501503
0.501172
0.576752
0.596535
0.524517
0.53487
0.531572
0.542306
0.587516
0.583462
0.566841
0.57537
0.481441
0.483435
0.550465
0.54033
0.538158
0.531477
0.511102
0.480991
0.599789
0.577208
0.543597
0.566896
0.559799
0.575155
0.51222
0.538332
0.545618
0.517112
0.519299
0.54229
0.54621
0.545958
0.531064
0.532236
0.591613
0.552589
0.514848
0.549981
0.534689
0.519429
0.520273
0.55206
0.551382
0.541002
0.536674
0.538849
0.564883
0.513527
0.541288
0.546347
0.519971
0.49179
0.469847
0.465946
0.463814
0.483153
0.47004
0.687407
0.497847
0.580078
0.545272
0.570132
0.480303
0.502448
0.499057
0.500606
0.504373
0.616899
0.496781
0.494619
0.550704
0.519448
0.529849
0.548932
0.50999
0.508903
0.538727
0.536063
0.549922
0.497282
0.498523
0.528563
0.565977
0.524481
0.527912
0.508807
0.543213
0.546188
0.566608
0.514519
0.522246
0.532725
0.517441
0.495032
0.570237
0.699154
0.577322
0.569831
0.559588
0.479402
0.46747
0.570296
0.469738
0.467155
0.527233
0.545796
0.47657
0.446876
0.487122
0.550936
0.463555
0.46673
0.542709
0.509234
0.498472
0.544786
0.53318
0.58538
0.571928
0.546454
0.550221
0.606624
0.593589
0.561705
0.556055
0.553803
0.477051
0.489169
0.476143
0.5355
0.483335
0.500324
0.463821
0.47867
0.534441
0.584476
0.574147
0.439898
0.462278
0.549192
0.525064
0.583015
0.491734
0.542649
0.569506
0.569875
0.517577
0.546451
0.703976
0.52543
0.532279
0.513973
0.536018
0.564363
0.544983
0.443667
0.454148
0.451045
0.572767
0.562271
0.474614
0.485326
0.548034
0.502008
0.505398
0.65057
0.723053
0.537841
0.549744
0.515814
0.513037
0.586893
0.486214
0.489645
0.534704
0.497983
0.507282
0.498087
0.550957
0.548496
0.530607
0.535847
0.540501
0.582526
0.566333
0.586251
0.529715
0.517039
0.539571
0.571474
0.554528
0.530338
0.576636
0.574384
0.529521
0.459734
0.46936
0.482296
0.472392
0.479105
0.473404
0.590953
0.47462
0.465746
0.456709
0.533514
0.567631
0.52888
0.562667
0.531927
0.55488
0.536253
0.541592
0.526668
0.572837
0.565404
0.458841
0.471345
0.499456
0.536186
0.490846
0.541711
0.546342
0.459458
0.526738
0.52475
0.489709
0.532757
0.533215
0.470748
0.544224
0.551484
0.549107
0.483799
0.480445
0.510152
0.476151
0.465618
0.564574
0.535948
0.483675
0.565912
0.54026
0.496033
0.575452
0.569888
0.477227
0.491744
0.481714
0.55035
0.536921
0.552424
0.456831
0.465772
0.478435
0.455967
0.553308
0.570039
0.485918
0.492201
0.544068
0.565773
0.500066
0.49766
0.519871
0.52249
0.506418
0.455862
0.475245
0.53645
0.536008
0.51405
0.513485
0.528522
0.469922
0.471721
0.58242
0.499763
0.554934
0.577619
0.491785
0.512607
0.536587
0.565367
0.57146
0.450438
0.444457
0.447462
0.564402
0.564901
0.605108
0.523649
0.545963
0.561898
0.550563
0.543699
0.55512
0.545036
0.524105
0.563164
0.599407
0.601913
0.56847
0.450849
0.464539
0.465775
0.542374
0.479687
0.557135
0.600333
0.555552
0.563043
0.554844
0.552204
0.548339
0.54649
0.543186
0.537589
0.531714
0.498473
0.479977
0.553694
0.540648
0.550687
0.567106
0.521649
0.511588
0.520841
0.571944
0.558344
0.475556
0.54326
0.567179
0.5426
0.477614
0.697424
0.590901
0.561348
0.575509
0.504325
0.593122
0.595052
0.544184
0.541818
0.552194
0.601385
0.520615
0.568305
0.53494
0.500425
0.494024
0.553403
0.4999
0.49032
0.564089
0.572043
0.546142
0.463092
0.465237
0.526748
0.536529
0.515672
0.657264
0.643191
0.493397
0.483624
0.502408
0.536487
0.587276
0.492177
0.505491
0.56038
0.508968
0.517717
0.52006
0.477967
0.474852
0.5099
0.526152
0.459738
0.444753
0.560694
0.556618
0.53058
0.505675
0.511913
0.444921
0.455911
0.457983
0.528153
0.522963
0.53799
0.571404
0.548697
0.509017
0.511275
0.523096
0.516594
0.470466
0.56792
0.526763
0.527504
0.477221
0.528061
0.524199
0.516868
0.53974
0.543612
0.482429
0.537788
0.589103
0.522379
0.560641
0.549048
0.552205
0.592957
0.5474
0.543718
0.566515
0.490556
0.583947
0.567652
0.5475
0.525767
0.459412
0.466454
0.556801
0.52644
0.524585
0.516998
0.520178
0.497781
0.540791
0.549248
0.507332
0.508637
0.552541
0.500435
0.550952
0.525392
0.553831
0.486741
0.501117
0.54027
0.537558
0.516229
0.454166
0.460458
0.535969
0.460809
0.487329
0.498462
0.59629
0.454243
0.584404
0.61441
0.485542
0.494081
0.491041
0.522552
0.547436
0.508236
0.508363
0.492379
0.485456
0.492583
0.544015
0.534506
0.452226
0.540961
0.564335
0.485969
0.481148
0.517714
0.543191
0.536719
0.573505
0.570963
0.518672
0.527035
0.5327
0.523988
0.524526
0.51225
0.542285
0.535992
0.504167
0.490891
0.600577
0.581442
0.60879
0.591992
0.48944
0.482615
0.530722
0.567585
0.548458
0.553069
0.513985
0.535864
0.54568
0.599038
0.578344
0.482378
0.5015
0.526291
0.536552
0.524508
0.468128
0.479233
0.464691
0.527683
0.4961
0.553799
0.551642
0.577419
0.601202
0.571888
0.509663
0.516524
0.54376
0.526246
0.568073
0.520088
0.492737
0.554786
0.556391
0.570664
0.516381
0.56359
0.531491
0.532224
0.542731
0.555774
0.475121
0.528111
0.558478
0.504758
0.529817
0.548181
0.508583
0.514736
0.646736
0.564189
0.561376
0.50834
0.521338
0.537561
0.543422
0.533135
0.542382
0.534399
0.536239
0.532279
0.534834
0.537815
0.534777
0.564491
0.558442
0.500406
0.449743
0.45924
0.498766
0.514364
0.513429
0.524423
0.493789
0.529162
0.556173
0.556468
0.554622
0.559198
0.529994
0.442738
0.457326
0.520526
0.505283
0.493703
0.464936
0.511969
0.49111
0.513444
0.515961
0.458576
0.592149
0.539252
0.540607
0.545231
0.523468
0.503827
0.495984
0.541419
0.603213
0.512347
0.572821
0.506888
0.557649
0.443219
0.452091
0.539564
0.559088
0.550395
0.543723
0.464312
0.516363
0.496236
0.58533
0.565844
0.528112
0.487224
0.489362
0.497393
0.496615
0.509139
0.50733
0.567254
0.497436
0.534157
0.546069
0.438915
0.560986
0.548857
0.552001
0.511247
0.503894
0.549546
0.590539
0.523225
0.56451
0.607222
0.583151
0.577689
0.513003
0.539195
0.47442
0.551208
0.493242
0.49705
0.526695
0.529109
0.524388
0.486526
0.597363
0.508284
0.514311
0.464255
0.466403
0.518082
0.479178
0.563638
0.582722
0.551542
0.578951
0.563941
0.582353
0.561788
0.469684
0.459975
0.558908
0.546423
0.490734
0.540749
0.574622
0.548847
0.536067
0.536646
0.532874
0.493475
0.523355
0.4816
0.577131
0.515251
0.488467
0.486989
0.489438
0.499376
0.52399
0.570116
0.497097
0.561066
0.512094
0.609319
0.484527
0.530743
0.534809
0.523101
0.525956
0.550028
0.501344
0.503887
0.569471
0.579267
0.503729
0.494543
0.557629
0.600299
0.591491
0.574456
0.474162
0.562646
0.508321
0.599402
0.545713
0.589031
0.479268
0.549771
0.532708
0.573705
0.567226
0.567176
0.520915
0.56005
0.564899
0.569117
0.569731
0.533294
0.474269
0.530347
0.548639
0.452658
0.543101
0.543609
0.539652
0.521071
0.524235
0.460022
0.509848
0.515801
0.52341
0.482188
0.540907
0.542646
0.556944
0.563043
0.555465
0.520352
0.569658
0.561406
0.48068
0.526593
0.445186
0.479841
0.481676
0.551067
0.576509
0.505948
0.501199
0.549829
0.520508
0.522843
0.523098
0.469307
0.465276
0.501146
0.526387
0.483257
0.475113
0.524808
0.508153
0.578471
0.538344
0.482632
0.533889
0.517923
0.514797
0.467785
0.501031
0.504482
0.598032
0.485298
0.491507
0.553867
0.55119
0.555235
0.543618
0.515835
0.491935
0.527724
0.466509
0.529296
0.54893
0.581955
0.476694
0.511938
0.541894
0.498114
0.526194
0.559394
0.529205
0.518431
0.502636
0.547117
0.553409
0.546226
0.543365
0.554138
0.526367
0.541399
0.548428
0.503927
0.569818
0.53971
0.484472
0.548967
0.519848
0.577078
0.490613
0.569532
0.571552
0.452028
0.450293
0.545047
0.532715
0.559958
0.543156
0.502759
0.461569
0.51884
0.585116
0.553094
0.485407
0.457686
0.531523
0.51573
0.516802
0.571504
0.588486
0.569003
0.57833
0.57183
0.501821
0.524652
0.541645
0.540307
0.587299
0.587322
0.593481
0.667329
0.594666
0.572975
0.53863
0.536918
0.505651
0.50319
0.494575
0.507088
0.484758
0.524085
0.506075
0.527541
0.489248
0.526764
0.538355
0.530032
0.547429
0.572564
0.472233
0.583802
0.478079
0.470708
0.465744
0.506006
0.559368
0.51553
0.53753
0.565243
0.59229
0.579709
0.572744
0.540656
0.463937
0.559733
0.462718
0.465337
0.491973
0.560263
0.523423
0.548372
0.44784
0.599251
0.52771
0.554473
0.462795
0.589635
0.508676
0.54445
0.524535
0.537982
0.520093
0.541268
0.646196
0.546964
0.542754
0.598686
0.529178
0.499266
0.578599
0.531717
0.529601
0.522891
0.563839
0.594282
0.58608
0.444475
0.49506
0.486631
0.558434
0.591008
0.580447
0.57132
0.479111
0.493579
0.488795
0.552159
0.554472
0.591294
0.460005
0.554497
0.553567
0.486137
0.557088
0.57279
0.527545
0.555452
0.547272
0.524527
0.58637
0.582722
0.601819
0.536044
0.583345
0.560806
0.519131
0.48932
0.464344
0.46755
0.529619
0.453904
0.531122
0.537082
0.488032
0.595354
0.485617
0.497515
0.50572
0.546121
0.581943
0.455004
0.444625
0.526945
0.502917
0.4861
0.447331
0.482508
0.595369
0.567372
0.535959
0.577826
0.60149
0.585701
0.577528
0.568631
0.574171
0.596855
0.528472
0.511483
0.470732
0.510509
0.526642
0.563022
0.50106
0.552649
0.467838
0.521655
0.553931
0.551723
0.558586
0.482872
0.530185
0.537539
0.552213
0.485893
0.535563
0.531917
0.562914
0.558503
0.561011
0.538667
0.539951
0.458541
0.605942
0.514185
0.49475
0.491983
0.493297
0.542753
0.589164
0.470884
0.484199
0.549683
0.490628
0.475801
0.463146
0.503272
0.594012
0.569175
0.604077
0.591934
0.511292
0.574584
0.582913
0.577326
0.584
0.482392
0.549747
0.460173
0.574729
0.496481
0.595862
0.543644
0.49863
0.540375
0.541568
0.603919
0.590573
0.571456
0.465434
0.603926
0.494336
0.488105
0.48272
0.557967
0.510588
0.521201
0.460968
0.478123
0.497741
0.549177
0.577292
0.583224
0.506508
0.615865
0.586001
0.536148
0.581442
0.542831
0.566929
0.508621
0.545007
0.480032
0.548338
0.444667
0.503794
0.523156
0.510854
0.481764
0.551326
0.582277
0.52532
0.533615
0.481806
0.496058
0.536755
0.571643
0.574145
0.523101
0.569351
0.524624
0.523227
0.606684
0.560828
0.557579
0.644228
0.591881
0.52546
0.541164
0.524715
0.570587
0.559934
0.58244
0.5711
0.511321
0.529023
0.576265
0.589348
0.522875
0.561149
0.518502
0.446189
0.438927
0.553244
0.503331
0.508944
0.574908
0.597663
0.445481
0.505563
0.525846
0.595276
0.546141
0.538887
0.542502
0.545339
0.594924
0.536788
0.512539
0.567546
0.456866
0.45195
0.593818
0.52548
0.538042
0.536374
0.593505
0.558682
0.604368
0.543275
0.531318
0.595808
0.556315
0.491355
0.456866
0.558047
0.556191
0.547202
0.472852
0.545374
0.536472
0.493106
0.559849
0.522662
0.505744
0.472705
0.523872
0.485283
0.528031
0.585414
0.555688
0.584464
0.580882
0.575677
0.540558
0.505912
0.448007
0.501809
0.482581
0.523738
0.50142
0.481794
0.457843
0.453342
0.575482
0.490489
0.5974
0.460164
0.574208
0.533074
0.570537
0.550446
0.522648
0.522803
0.483708
0.538065
0.532952
0.60301
0.504887
0.504535
0.503461
0.579844
0.592377
0.524165
0.522742
0.520275
0.559288
0.528909
0.532488
0.451118
0.550453
0.473032
0.584689
0.530507
0.614872
0.45457
0.476131
0.553462
0.5893
0.524568
0.5256
0.562327
0.535772
0.591333
0.543397
0.530984
0.539689
0.527427
0.542835
0.524531
0.545641
0.486754
0.524608
0.502796
0.539175
0.554246
0.526804
0.530553
0.519042
0.53743
0.518919
0.529089
0.489587
0.530745
0.504946
0.542564
0.573146
0.58258
0.55226
0.534768
0.503435
0.531875
0.516013
0.540734
0.55499
0.499386
0.505341
0.56225
0.547561
0.504251
0.549023
0.489772
0.589907
0.506826
0.526845
0.511852
0.490498
0.52765
0.562728
0.52544
0.608988
0.531326
0.538015
0.554234
0.558146
0.526055
0.493655
0.566389
0.530905
0.580494
0.515074
0.51192
0.530379
0.52903
0.522355
0.545512
0.479038
0.559354
0.491579
0.501993
0.563555
0.54459
0.485782
0.500777
0.523794
0.49337
0.511165
0.543513
0.500487
0.557055
0.52318
0.549174
0.540767
0.552189
0.53486
0.489326
0.509715
0.48212
0.488491
0.480428
0.511643
0.52039
0.502139
0.4966
0.571855
0.528831
0.545321
0.491443
0.503017
0.507634
0.512337
0.538512
0.528997
0.524012
0.556658
0.542909
0.552595
0.535244
0.509191
0.528442
0.568022
0.665587
0.542898
0.537868
0.563761
0.484871
0.565419
0.515361
0.569853
0.481701
0.529206
0.484117
0.461089
0.564124
0.543644
0.578142
0.512284
0.524843
0.562545
0.555893
0.522596
0.551981
0.569125
0.554659
0.528793
0.524609
0.522395
0.535389
0.526362
0.541031
0.525899
0.504254
0.527141
0.507211
0.511583
0.508801
0.585366
0.591806
0.5338
0.589186
0.516221
0.525766
0.557648
0.536131
0.560578
0.520711
0.494485
0.504336
0.529173
0.499334
0.495041
0.50675
0.529596
0.520288
0.520019
0.51263
0.514724
0.522728
0.517743
0.487118
0.536851
0.547316
0.547363
0.544667
0.539705
0.526115
0.503991
0.556339
0.489608
0.534948
0.530516
0.616774
0.571606
0.530202
0.531864
0.523651
0.507379
0.510423
0.490557
0.498352
0.578492
0.564014
0.529288
0.509563
0.466077
0.519334
0.5662
0.506793
0.561623
0.564557
0.540483
0.512857
0.564274
0.555779
0.486499
0.538328
0.523208
0.484956
0.514509
0.523899
0.506043
0.552864
0.513353
0.509053
0.503991
0.54652
0.53324
0.494186
0.554142
0.49925
0.529781
0.479252
0.564968
0.540405
0.499449
0.556605
0.525378
0.534912
0.511715
0.527413
0.550568
0.573735
0.570833
0.518319
0.520993
0.470912
0.542736
0.530611
0.549037
0.591844
0.515417
0.583664
0.539109
0.493439
0.484059
0.474624
0.518359
0.536461
0.514135
0.545352
0.560827
0.547433
0.520376
0.521926
0.479412
0.488478
0.540364
0.541586
0.5281
0.643569
0.510996
0.560728
0.520191
0.53663
0.551207
0.525668
0.543234
0.54286
0.551039
0.527154
0.466899
0.519013
0.524122
0.528977
0.511668
0.526622
0.52732
0.541184
0.507394
0.493077
0.486824
0.546048
0.504334
0.538368
0.510592
0.530793
0.527129
0.489118
0.545429
0.535601
0.582546
0.538447
0.541569
0.5281
0.531495
0.531713
0.604119
0.536697
0.535736
0.505959
0.522301
0.489577
0.488968
0.550193
0.483569
0.563221
0.493813
0.474442
0.553775
0.554003
0.545964
0.525579
0.52504
0.544255
0.541248
0.561775
0.53036
0.511242
0.484757
0.531057
0.52775
0.546723
0.518269
0.496024
0.544825
0.54183
0.523202
0.621873
0.579095
0.521044
0.537973
0.500866
0.483321
0.513728
0.5216
0.549774
0.592845
0.521745
0.482514
0.557859
0.530769
0.555342
0.54634
0.514184
0.524285
0.49569
0.513452
0.522817
0.540966
0.542556
0.603303
0.579998
0.548679
0.534145
0.461834
0.541136
0.51146
0.510787
0.500097
0.50662
0.541696
0.485295
0.485342
0.483912
0.562249
0.515171
0.508587
0.517308
0.480315
0.501778
0.469046
0.499052
0.580795
0.544341
0.534537
0.502235
0.528523
0.505482
0.548866
0.537957
0.542384
0.526114
0.550331
0.478908
0.571192
0.48662
0.505112
0.515281
0.556131
0.53897
0.544677
0.525297
0.538422
0.490612
0.496906
0.536505
0.490351
0.549107
0.519609
0.514451
0.485483
0.595458
0.481742
0.494886
0.487184
0.512035
0.540635
0.534049
0.592197
0.528819
0.525395
0.498146
0.541312
0.531722
0.546217
0.527152
0.554934
0.484154
0.561381
0.542629
0.523262
0.519497
0.555477
0.559319
0.53094
0.508043
0.580228
0.580497
0.502769
0.563031
0.510745
0.525942
0.525362
0.562044
0.543714
0.530634
0.501331
0.540447
0.54666
0.54075
0.555338
0.477642
0.580507
0.514765
0.481723
0.480895
0.549397
0.478306
0.530803
0.499363
0.609238
0.604105
0.518925
0.560663
0.504389
0.532043
0.567785
0.51715
0.501722
0.543393
0.548876
0.577986
0.547935
0.541799
0.481166
0.612924
0.486884
0.625686
0.524184
0.577567
0.640568
0.523951
0.534203
0.535119
0.533385
0.485607
0.614717
0.54007
0.534206
0.60457
0.562292
0.550796
0.52314
0.496281
0.54575
0.474565
0.528868
0.51224
0.506715
0.584223
0.552625
0.562712
0.532536
0.527194
0.525695
0.567045
0.51584
0.506491
0.53618
0.54754
0.530588
0.553463
0.467339
0.530317
0.525879
0.522659
0.5507
0.572148
0.491709
0.486187
0.545934
0.525903
0.523761
0.546602
0.542605
0.491179
0.532605
0.484245
0.575914
0.54942
0.54048
0.586174
0.491998
0.54207
0.473061
0.534647
0.52545
0.528802
0.552856
0.524371
0.491562
0.525024
0.550614
0.540178
0.481744
0.498558
0.544298
0.500606
0.5337
0.464411
0.532431
0.483379
0.531836
0.537125
0.516469
0.472418
0.531382
0.525383
0.55029
0.547082
0.546579
0.530167
0.444864
0.477017
0.613599
0.545136
0.530472
0.571253
0.510893
0.54974
0.540065
0.469346
0.513643
0.54327
0.518368
0.540826
0.538358
0.510079
0.577898
0.517572
0.529334
0.467604
0.524898
0.524409
0.496728
0.599071
0.51908
0.501232
0.531502
0.518418
0.493376
0.48562
0.558864
0.574257
0.55207
0.54437
0.527775
0.532316
0.527287
0.519334
0.524583
0.547702
0.540215
0.536481
0.501265
0.471335
0.548709
0.554956
0.502529
0.538471
0.492421
0.485079
0.536473
0.486574
0.524888
0.544405
0.557572
0.53785
0.491138
0.558194
0.513042
0.535471
0.498874
0.480585
0.536641
0.530705
0.534897
0.525164
0.545328
0.483565
0.533598
0.496094
0.526321
0.536982
0.562573
0.505241
0.529396
0.496362
0.525653
0.563246
0.546181
0.493006
0.467343
0.539735
0.52868
0.507291
0.53666
0.520037
0.479406
0.53417
0.502188
0.490868
0.612316
0.521075
0.50428
0.543377
0.515719
0.573416
0.480995
0.470806
0.54387
0.576182
0.542707
0.50176
0.513651
0.501687
0.541726
0.498484
0.542589
0.529554
0.527606
0.529875
0.534171
0.507884
0.484328
0.538546
0.507912
0.492778
0.513921
0.491716
0.498644
0.490074
0.57459
0.501884
0.536366
0.49356
0.525992
0.472031
0.545059
0.491886
0.483814
0.554809
0.507844
0.489814
0.581923
0.497294
0.49268
0.511982
0.491122
0.54338
0.513312
0.511514
0.499757
0.531525
0.492342
0.549891
0.589101
0.499525
0.469435
0.489141
0.502611
0.485341
0.52522
0.492791
0.533703
0.513851
0.509626
0.521954
0.527457
0.601738
0.512444
0.486205
0.491041
0.519039
0.5051
0.510907
0.557817
0.534198
0.5164
0.521691
0.551479
0.486619
0.481963
0.495622
0.486512
