0.549928
0.50589
0.476443
0.48818
0.464731
0.599416
0.586586
0.546271
0.539349
0.551068
0.48492
0.473349
0.47531
0.47894
0.513663
0.50819
0.528288
0.520696
0.524791
0.535874
0.535012
0.559561
0.511106
0.553576
0.514798
0.524465
0.528477
0.527288
0.525815
0.534807
0.551061
0.498711
0.57138
0.523107
0.531179
0.526809
0.529848
0.496133
0.491478
0.519659
0.51858
0.513511
0.555123
0.557246
0.55635
0.56472
0.545226
0.537618
0.507393
0.506442
0.485949
0.49165
0.496142
0.471261
0.473009
0.561187
0.462058
0.525453
0.488315
0.51596
0.540168
0.567167
0.546225
0.551778
0.535307
0.544514
0.522016
0.460993
0.535515
0.551323
0.499112
0.53565
0.522399
0.5121
0.49102
0.505955
0.523562
0.514496
0.531173
0.519073
0.513381
0.542439
0.538358
0.554799
0.521503
0.514328
0.513638
0.519364
0.553354
0.542464
0.540988
0.543817
0.521849
0.517367
0.570402
0.559281
0.510305
0.528756
0.533475
0.588829
0.574133
0.491731
0.493372
0.507288
0.474946
0.512012
0.55967
0.573835
0.540542
0.577555
0.562292
0.559854
0.492784
0.581046
0.519399
0.562925
0.544505
0.486627
0.530718
0.529253
0.496845
0.530127
0.524942
0.523794
0.522879
0.558914
0.533064
0.5368
0.501525
0.521661
0.551539
0.539053
0.547538
0.502806
0.502848
0.569577
0.543094
0.554967
0.541596
0.489012
0.507049
0.50334
0.58732
0.595462
0.529757
0.55527
0.554075
0.537648
0.597734
0.494475
0.495311
0.512086
0.467693
0.479105
0.499014
0.452659
0.494678
0.485028
0.522918
0.570896
0.551542
0.567869
0.556631
0.568901
0.583394
0.549014
0.541049
0.546714
0.48165
0.499535
0.50529
0.543716
0.551876
0.533427
0.532812
0.534057
0.521705
0.530063
0.521733
0.591599
0.514199
0.503776
0.502157
0.499932
0.544419
0.543017
0.460002
0.571135
0.515957
0.520592
0.52532
0.509644
0.514086
0.507317
0.596538
0.496996
0.533103
0.535163
0.529862
0.529105
0.534897
0.52848
0.554316
0.555784
0.451583
0.503976
0.505772
0.565686
0.499735
0.55498
0.554551
0.571063
0.550507
0.551792
0.537384
0.519385
0.574101
0.539916
0.546985
0.54075
0.509377
0.501201
0.566285
0.527212
0.499031
0.556919
0.5404
0.537776
0.548248
0.569193
0.477182
0.478318
0.471879
0.477613
0.521298
0.506846
0.531071
0.511816
0.584155
0.56799
0.513204
0.521812
0.533841
0.542592
0.55033
0.53939
0.540495
0.546838
0.547241
0.533075
0.531759
0.535694
0.53403
0.575047
0.489317
0.49177
0.559535
0.546895
0.550772
0.521694
0.549795
0.48165
0.465746
0.469619
0.465413
0.472789
0.536294
0.572032
0.555917
0.577082
0.575533
0.547468
0.484496
0.492822
0.532737
0.559094
0.5539
0.565643
0.572231
0.5095
0.483591
0.486119
0.483423
0.507925
0.504737
0.501927
0.487476
0.575557
0.596654
0.580951
0.444438
0.472361
0.467218
0.552629
0.572331
0.559849
0.516388
0.508994
0.501524
0.552508
0.54058
0.53313
0.529207
0.487775
0.56683
0.584212
0.520993
0.514234
0.48114
0.458818
0.478833
0.593893
0.558723
0.546176
0.512284
0.5355
0.505651
0.54977
0.508175
0.518041
0.520549
0.537743
0.545855
0.482413
0.489356
0.496123
0.538746
0.556855
0.498576
0.49819
0.455704
0.468426
0.572399
0.556894
0.558261
0.578053
0.561199
0.536883
0.561141
0.574546
0.545205
0.527816
0.477846
0.552363
0.550974
0.483825
0.492496
0.497009
0.505821
0.552573
0.560765
0.465353
0.526436
0.526014
0.524669
0.497418
0.556181
0.551091
0.548873
0.488894
0.489742
0.499648
0.476492
0.496785
0.494748
0.5144
0.499543
0.523689
0.52638
0.580879
0.568274
0.496267
0.506983
0.496679
0.558521
0.585678
0.549828
0.530495
0.56361
0.523261
0.521864
0.522854
0.521701
0.512934
0.525152
0.488759
0.506657
0.542975
0.571353
0.565724
0.509825
0.513479
0.575302
0.544439
0.556459
0.531096
0.530251
0.534671
0.529821
0.527359
0.489357
0.488057
0.553566
0.546708
0.558467
0.555937
0.557841
0.533692
0.575997
0.564987
0.562306
0.529332
0.524571
0.524409
0.522201
0.47251
0.476875
0.562684
0.502267
0.520057
0.546511
0.540905
0.54199
0.500039
0.595683
0.584031
0.511865
0.566431
0.487897
0.467291
0.493443
0.478734
0.569277
0.528472
0.541769
0.507285
0.491182
0.566329
0.554351
0.584114
0.575245
0.540174
0.548941
0.550176
0.592217
0.568924
0.547491
0.535556
0.473425
0.493498
0.462651
0.467256
0.53085
0.513533
0.580342
0.522931
0.486969
0.502518
0.505303
0.492616
0.514939
0.516152
0.549785
0.548154
0.550461
0.570772
0.586292
0.563206
0.59212
0.599479
0.550527
0.550544
0.530051
0.502497
0.479817
0.491077
0.47797
0.463947
0.588539
0.59322
0.570016
0.491681
0.540294
0.485543
0.480037
0.477831
0.478646
0.535504
0.525968
0.497924
0.500223
0.563917
0.561619
0.520675
0.594266
0.587284
0.583812
0.548926
0.509722
0.510064
0.500002
0.557623
0.569718
0.559805
0.507825
0.561554
0.488955
0.543023
0.54107
0.551369
0.539434
0.543719
0.513455
0.512054
0.5103
0.503604
0.515808
0.488546
0.489931
0.439922
0.466184
0.451801
0.543151
0.535525
0.547291
0.498812
0.468933
0.560142
0.571932
0.577757
0.580053
0.528772
0.532332
0.61143
0.60269
0.590077
0.508441
0.52274
0.560155
0.571926
0.523588
0.489139
0.578995
0.57145
0.578364
0.562672
0.551401
0.523501
0.554398
0.530596
0.542852
0.538817
0.517938
0.5124
0.539776
0.471835
0.45908
0.556682
0.465655
0.464665
0.54782
0.543445
0.454382
0.467047
0.487076
0.527894
0.523361
0.52892
0.519186
0.480899
0.498896
0.494292
0.538929
0.544449
0.534563
0.439242
0.432502
0.455206
0.536533
0.534455
0.467654
0.525914
0.522219
0.530406
0.501955
0.545219
0.552164
0.537924
0.552665
0.498029
0.461272
0.47079
0.540009
0.5417
0.48328
0.509667
0.545542
0.567049
0.545958
0.565287
0.554971
0.596998
0.558926
0.493407
0.499332
0.514245
0.516465
0.549268
0.512709
0.486669
0.52433
0.518665
0.549536
0.572495
0.557695
0.552416
0.585606
0.54412
0.559437
0.524461
0.520159
0.523566
0.566065
0.581897
0.563544
0.472238
0.557315
0.486558
0.563803
0.529108
0.490359
0.488275
0.521559
0.459941
0.535752
0.537154
0.537209
0.567206
0.52449
0.524817
0.545113
0.54996
0.519878
0.52622
0.596255
0.583886
0.581417
0.586137
0.582344
0.593384
0.529434
0.533376
0.518076
0.522408
0.535329
0.527977
0.496163
0.479971
0.533962
0.506406
0.509007
0.508224
0.584756
0.540211
0.44316
0.456532
0.534595
0.533468
0.528174
0.522585
0.444339
0.464169
0.568323
0.538647
0.537244
0.531839
0.543611
0.533012
0.553199
0.537353
0.51562
0.514349
0.488243
0.504672
0.523197
0.539099
0.557093
0.51907
0.523714
0.557751
0.500187
0.441831
0.447847
0.497669
0.508103
0.486473
0.497395
0.483389
0.493909
0.51935
0.541707
0.543497
0.594763
0.588793
0.570055
0.573394
0.551142
0.495987
0.523908
0.530711
0.46548
0.535895
0.55234
0.530674
0.541546
0.543664
0.556254
0.559726
0.472019
0.527482
0.532678
0.551188
0.555523
0.506214
0.50384
0.511263
0.531634
0.525995
0.487313
0.493854
0.511034
0.514363
0.532487
0.472858
0.472792
0.482303
0.496989
0.513679
0.559267
0.586962
0.559299
0.500979
0.49776
0.487535
0.534626
0.521293
0.505706
0.504857
0.497341
0.492998
0.549065
0.537034
0.547023
0.575509
0.518178
0.523496
0.558825
0.559941
0.504177
0.481086
0.531947
0.549417
0.520152
0.51672
0.537077
0.461104
0.569774
0.542625
0.540639
0.527732
0.502967
0.546762
0.505737
0.452798
0.486646
0.483845
0.5591
0.539041
0.546746
0.545707
0.473848
0.483514
0.49299
0.491282
0.496965
0.497943
0.536996
0.546746
0.459831
0.498922
0.551601
0.470078
0.466508
0.539259
0.447868
0.521811
0.516168
0.496455
0.595082
0.499458
0.502183
0.513918
0.548999
0.527959
0.520064
0.451065
0.460191
0.502572
0.498318
0.505352
0.528678
0.50508
0.502901
0.507327
0.570746
0.567939
0.524688
0.530202
0.538881
0.52065
0.546926
0.542225
0.539379
0.575188
0.564454
0.537822
0.567759
0.578128
0.541395
0.543962
0.472383
0.525624
0.528669
0.509227
0.47416
0.524564
0.542934
0.485688
0.499159
0.420074
0.548685
0.540562
0.511897
0.519434
0.506942
0.543853
0.542472
0.582148
0.587309
0.579454
0.584026
0.561013
0.499859
0.529014
0.557182
0.605596
0.540975
0.523809
0.521138
0.519598
0.551368
0.565713
0.533633
0.504978
0.505789
0.524796
0.549275
0.544319
0.519923
0.5206
0.478918
0.486807
0.468944
0.546715
0.494628
0.48394
0.577772
0.55448
0.563738
0.508007
0.4771
0.503137
0.506695
0.49406
0.530225
0.533255
0.571541
0.563558
0.54394
0.542651
0.475372
0.494798
0.521456
0.521439
0.520841
0.543249
0.458486
0.524261
0.519598
0.498983
0.489813
0.505241
0.54002
0.537953
0.570375
0.552771
0.515515
0.47369
0.470257
0.471963
0.473807
0.466972
0.56762
0.564475
0.56853
0.549449
0.54389
0.52093
0.526997
0.514312
0.505857
0.5776
0.456326
0.451246
0.553314
0.548245
0.613882
0.557264
0.565137
0.565771
0.479033
0.442242
0.47197
0.460166
0.441352
0.473242
0.460324
0.542176
0.537968
0.537722
0.463537
0.482351
0.479758
0.563555
0.556778
0.532418
0.522371
0.502346
0.572408
0.498831
0.571692
0.548047
0.464968
0.469698
0.537811
0.515576
0.57188
0.564403
0.570545
0.564935
0.537881
0.558467
0.541543
0.549047
0.550628
0.482401
0.491581
0.475483
0.541255
0.44758
0.506485
0.501848
0.570964
0.582069
0.48239
0.576931
0.563836
0.493444
0.483672
0.562426
0.502393
0.585054
0.537147
0.47736
0.516991
0.447043
0.455538
0.450952
0.574612
0.495187
0.482981
0.507698
0.50519
0.563035
0.525525
0.549459
0.536777
0.548417
0.51164
0.52515
0.593479
0.49169
0.495286
0.540167
0.541773
0.536746
0.529169
0.538825
0.53342
0.52895
0.596826
0.592917
0.529801
0.481482
0.474949
0.47625
0.539878
0.560871
0.52764
0.477373
0.547289
0.570962
0.501088
0.497766
0.540663
0.523212
0.544314
0.532653
0.492243
0.541549
0.536413
0.532301
0.568803
0.598887
0.602838
0.542469
0.501109
0.550207
0.531709
0.490166
0.527499
0.518516
0.452578
0.472003
0.527775
0.478944
0.481754
0.529978
0.529736
0.47078
0.552327
0.545963
0.59737
0.514147
0.465695
0.540873
0.494479
0.489624
0.579954
0.497847
0.49961
0.501332
0.485713
0.55289
0.462269
0.487778
0.560716
0.56938
0.48838
0.547484
0.558518
0.483896
0.486503
0.495959
0.510356
0.573908
0.561115
0.465105
0.458102
0.549653
0.541038
0.465865
0.485191
0.507418
0.496873
0.531659
0.553602
0.491044
0.509781
0.513164
0.552354
0.466904
0.47336
0.469723
0.500152
0.530434
0.564135
0.572344
0.521558
0.494296
0.490711
0.497866
0.575387
0.570948
0.538688
0.558675
0.583468
0.576464
0.584055
0.596535
0.557751
0.544296
0.528491
0.545894
0.565222
0.56209
0.566912
0.450048
0.458882
0.527876
0.533358
0.547267
0.55577
0.56603
0.570967
0.548557
0.559008
0.546016
0.545594
0.545257
0.535219
0.533263
0.502189
0.546823
0.548968
0.487073
0.535709
0.549906
0.544616
0.506458
0.501837
0.559229
0.490967
0.501437
0.524162
0.575482
0.548243
0.49948
0.494661
0.558459
0.465799
0.563
0.585501
0.551913
0.543984
0.57019
0.501398
0.575627
0.511507
0.536896
0.549158
0.497129
0.562628
0.512266
0.488697
0.511826
0.495161
0.575264
0.56367
0.500385
0.459398
0.530012
0.529838
0.51003
0.565932
0.492635
0.477939
0.540864
0.591052
0.565947
0.531399
0.562289
0.553414
0.550275
0.541196
0.517272
0.477109
0.474425
0.534848
0.535507
0.553743
0.559323
0.47069
0.506549
0.437317
0.556838
0.522642
0.500478
0.506582
0.512473
0.444277
0.460294
0.569351
0.518179
0.555912
0.506433
0.507732
0.504222
0.500975
0.483458
0.488676
0.477321
0.510568
0.559457
0.524426
0.529287
0.570529
0.551012
0.463915
0.52736
0.509177
0.483224
0.54552
0.541208
0.5186
0.577276
0.522076
0.522131
0.57136
0.543586
0.523898
0.523704
0.504719
0.539041
0.520105
0.585913
0.530737
0.526534
0.457753
0.49819
0.542838
0.547222
0.546903
0.555356
0.555759
0.499467
0.551347
0.518608
0.52194
0.502124
0.514879
0.544808
0.524311
0.512665
0.533769
0.542974
0.50965
0.586318
0.593661
0.531139
0.458437
0.46201
0.573095
0.444464
0.451157
0.547206
0.548798
0.516354
0.449342
0.447381
0.46246
0.476256
0.499603
0.504524
0.493543
0.489716
0.487677
0.546813
0.539473
0.576286
0.520144
0.494746
0.547167
0.567939
0.511565
0.510485
0.542094
0.529159
0.571627
0.523521
0.512286
0.509662
0.490319
0.502636
0.484492
0.569348
0.480647
0.526896
0.553655
0.558527
0.521666
0.54595
0.520882
0.536519
0.615362
0.460278
0.446552
0.456164
0.503259
0.526576
0.553766
0.527646
0.466259
0.467665
0.524013
0.566634
0.493145
0.47828
0.472082
0.546678
0.531327
0.53087
0.579497
0.578108
0.514871
0.520133
0.530545
0.510501
0.550254
0.494059
0.478206
0.568221
0.51426
0.551596
0.531636
0.566922
0.52553
0.557209
0.550838
0.558431
0.537813
0.554703
0.519728
0.553915
0.55544
0.55177
0.480184
0.50512
0.534985
0.547811
0.493474
0.5473
0.528204
0.537246
0.533944
0.553388
0.535683
0.580614
0.531237
0.556635
0.58312
0.496769
0.492085
0.4494
0.459389
0.512078
0.511318
0.492656
0.511343
0.553661
0.460811
0.520068
0.522058
0.455034
0.504332
0.500912
0.503236
0.462087
0.465585
0.530315
0.476577
0.496298
0.512793
0.467471
0.581909
0.474396
0.574054
0.555764
0.573879
0.523938
0.49971
0.489485
0.538201
0.575414
0.531245
0.530569
0.568066
0.496043
0.576714
0.55889
0.537567
0.564725
0.561618
0.554709
0.502854
0.486487
0.48635
0.499983
0.507765
0.507959
0.566555
0.532968
0.525516
0.558761
0.530521
0.436789
0.517197
0.502402
0.556969
0.564221
0.561202
0.507379
0.518002
0.552158
0.484543
0.568874
0.539771
0.509949
0.535938
0.508569
0.473556
0.494684
0.469346
0.537966
0.490062
0.496505
0.523963
0.479926
0.577607
0.491946
0.549559
0.54271
0.530966
0.56181
0.588015
0.51876
0.509827
0.541223
0.603
0.549506
0.546455
0.576219
0.515456
0.506823
0.543665
0.457621
0.56094
0.546964
0.490809
0.56878
0.536194
0.491912
0.493466
0.549333
0.550962
0.523665
0.520666
0.502087
0.546468
0.501634
0.530361
0.563026
0.54608
0.594844
0.578547
0.589489
0.487375
0.574309
0.514754
0.525488
0.507829
0.507794
0.514217
0.562664
0.492004
0.551435
0.557982
0.556476
0.458154
0.480007
0.49657
0.510644
0.566722
0.528409
0.503546
0.568963
0.60745
0.59471
0.549521
0.503218
0.575174
0.515753
0.509493
0.453892
0.468108
0.484995
0.608019
0.600626
0.474006
0.600165
0.576105
0.46027
0.508894
0.523158
0.602083
0.537165
0.559546
0.556028
0.552245
0.493832
0.572886
0.56105
0.564142
0.535863
0.543633
0.560739
0.545572
0.57099
0.479388
0.471025
0.526418
0.499387
0.600102
0.459911
0.495287
0.501038
0.528683
0.528056
0.481896
0.540079
0.54496
0.501803
0.558604
0.530784
0.619153
0.550789
0.56878
0.559775
0.477623
0.524819
0.518852
0.448678
0.573296
0.515337
0.488095
0.48823
0.546698
0.555883
0.571765
0.541349
0.508643
0.504939
0.513053
0.521655
0.463341
0.570059
0.589085
0.482091
0.478959
0.565896
0.564142
0.491187
0.498747
0.519429
0.547323
0.481559
0.5315
0.521044
0.506196
0.564365
0.474172
0.52888
0.502319
0.505169
0.473136
0.501735
0.541424
0.596326
0.484762
0.486309
0.583592
0.524175
0.511245
0.541989
0.540571
0.571293
0.594888
0.518311
0.461667
0.527004
0.535402
0.46378
0.583301
0.506437
0.508224
0.516516
0.488749
0.52122
0.517913
0.514504
0.523746
0.541612
0.546958
0.550592
0.526721
0.535626
0.504172
0.534965
0.573692
0.50332
0.571184
0.620525
0.579324
0.548346
0.540061
0.554079
0.508648
0.478048
0.518648
0.522066
0.50249
0.494577
0.500265
0.505434
0.462024
0.576994
0.590529
0.543258
0.486271
0.482212
0.538065
0.474302
0.527324
0.517867
0.46185
0.490384
0.498676
0.561003
0.539063
0.567937
0.569111
0.573665
0.555339
0.593886
0.576821
0.538477
0.532791
0.509576
0.489658
0.530036
0.526974
0.559962
0.539565
0.535427
0.478781
0.522929
0.527782
0.502329
0.522222
0.557067
0.49476
0.542775
0.522187
0.49359
0.496226
0.554268
0.524578
0.458696
0.533603
0.5151
0.56265
0.555925
0.581496
0.499586
0.531189
0.453886
0.452284
0.504068
0.540918
0.520743
0.522355
0.57492
0.52632
0.501371
0.52189
0.544417
0.43996
0.5548
0.550949
0.454931
0.573285
0.552945
0.550647
0.547166
0.513436
0.518678
0.564472
0.614767
0.529086
0.492593
0.592843
0.588264
0.489087
0.474318
0.454108
0.553885
0.533127
0.543511
0.521782
0.574369
0.553555
0.461478
0.472591
0.504303
0.50017
0.467246
0.557623
0.487297
0.544808
0.453343
0.550327
0.490641
0.575391
0.574518
0.576264
0.529896
0.536045
0.509417
0.543943
0.522955
0.582264
0.560946
0.534891
0.532892
0.571777
0.441866
0.502924
0.57016
0.512079
0.519868
0.465903
0.595974
0.53146
0.490118
0.495863
0.505729
0.53841
0.546964
0.445902
0.496189
0.443216
0.462506
0.501166
0.463007
0.486833
0.445239
0.476732
0.476321
0.455354
0.531193
0.603532
0.533759
0.582056
0.544241
0.544958
0.526156
0.560304
0.471472
0.525914
0.531206
0.515545
0.51742
0.467557
0.515481
0.591788
0.520826
0.47177
0.575906
0.465857
0.55773
0.509226
0.573503
0.522491
0.541137
0.482482
0.443876
0.536415
0.522584
0.568952
0.54546
0.532099
0.550185
0.547844
0.56087
0.467061
0.55403
0.474108
0.588264
0.468973
0.512999
0.550733
0.541241
0.56658
0.588153
0.606578
0.469816
0.483217
0.569658
0.55639
0.55494
0.477165
0.462872
0.462707
0.541795
0.543016
0.601254
0.526232
0.583518
0.573219
0.580978
0.601238
0.580767
0.511724
0.571839
0.579203
0.563785
0.480987
0.470476
0.552191
0.543743
0.561006
0.48826
0.599594
0.543889
0.500785
0.541164
0.536796
0.61552
0.601985
0.574044
0.562646
0.568181
0.497661
0.522732
0.515666
0.48004
0.486665
0.603301
0.572056
0.56769
0.508493
0.577241
0.517841
0.468971
0.523402
0.53781
0.570564
0.538399
0.566179
0.506968
0.527642
0.547621
0.55805
0.552763
0.441981
0.515338
0.475581
0.487775
0.484016
0.521395
0.545325
0.496558
0.58724
0.539642
0.481617
0.578226
0.478938
0.579106
0.572062
0.450064
0.523339
0.55116
0.561959
0.561511
0.577944
0.596333
0.522722
0.541149
0.523403
0.557345
0.548687
0.582032
0.589261
0.514934
0.52739
0.579983
0.522225
0.517008
0.445367
0.539782
0.577859
0.453048
0.593634
0.560512
0.53773
0.521238
0.525543
0.598333
0.543951
0.552478
0.526992
0.512424
0.566761
0.457712
0.450317
0.525235
0.537699
0.545372
0.620629
0.556687
0.490091
0.457562
0.5586
0.553702
0.505917
0.524238
0.476651
0.583343
0.591578
0.523196
0.537168
0.50335
0.465082
0.461378
0.454533
0.580197
0.486039
0.596376
0.524101
0.55886
0.586827
0.543419
0.570712
0.515466
0.565735
0.534733
0.567537
0.558901
0.528137
0.574992
0.522079
0.522325
0.49246
0.573814
0.536771
0.458568
0.505931
0.560815
0.581183
0.501673
0.57835
0.546411
0.591971
0.519454
0.612687
0.545062
0.48105
0.555157
0.580211
0.533573
0.597043
0.530033
0.547574
0.582283
0.527667
0.519546
0.477897
0.496461
0.548785
0.57772
0.516661
0.53833
0.541756
0.552615
0.551864
0.562958
0.528416
0.50706
0.543562
0.521998
0.535524
0.52845
0.509141
0.519734
0.528321
0.523189
0.538357
0.496139
0.547708
0.5469
0.550337
0.557938
0.536385
0.524089
0.552733
0.548302
0.510792
0.532859
0.53237
0.537917
0.562262
0.55719
0.498196
0.5469
0.544259
0.499235
0.488887
0.489025
0.50383
0.480934
0.546054
0.523153
0.522696
0.565137
0.537281
0.508283
0.528016
0.540478
0.537935
0.522349
0.496313
0.564835
0.545449
0.503623
0.546784
0.545685
0.461113
0.562741
0.529224
0.531239
0.475863
0.535343
0.525202
0.574409
0.48897
0.489528
0.564607
0.579816
0.574008
0.517966
0.528721
0.490258
0.476911
0.504935
0.570834
0.573184
0.566441
0.527835
0.508062
0.498634
0.510786
0.527386
0.515041
0.514158
0.516448
0.513548
0.563078
0.553366
0.554289
0.521644
0.548836
0.535456
0.546027
0.499442
0.497997
0.510219
0.538116
0.482357
0.542778
0.509848
0.534509
0.556785
0.477734
0.506815
0.521472
0.493308
0.481038
0.500866
0.496155
0.558176
0.488557
0.541083
0.584747
0.522502
0.572436
0.575874
0.563587
0.500192
0.561384
0.549999
0.520122
0.530179
0.526579
0.521843
0.503703
0.58594
0.524968
0.526889
0.521983
0.509709
0.508301
0.529388
0.517955
0.537122
0.543174
0.510937
0.552546
0.548311
0.484059
0.500995
0.587217
0.534438
0.547071
0.529526
0.531878
0.567388
0.518925
0.498795
0.563707
0.501555
0.487438
0.538233
0.535345
0.508771
0.549829
0.520725
0.524583
0.509768
0.514259
0.526206
0.495974
0.521174
0.540047
0.541704
0.548752
0.503618
0.554046
0.571616
0.561619
0.525996
0.502665
0.545432
0.538482
0.49672
0.563939
0.544241
0.530504
0.549757
0.565379
0.490541
0.514724
0.595257
0.570013
0.531055
0.54344
0.498484
0.520116
0.515364
0.493632
0.496645
0.533438
0.535131
0.554449
0.496704
0.517671
0.591744
0.547366
0.520017
0.515922
0.50837
0.556999
0.548473
0.534174
0.504579
0.507462
0.55022
0.553007
0.53193
0.559744
0.487724
0.533101
0.519336
0.55338
0.511995
0.486567
0.505187
0.513685
0.548884
0.512618
0.532038
0.514129
0.557594
0.534939
0.504212
0.549166
0.492614
0.503072
0.532274
0.577565
0.562481
0.549497
0.493939
0.534587
0.578239
0.521229
0.509195
0.524436
0.513894
0.525744
0.569458
0.528179
0.521056
0.489314
0.531307
0.526158
0.504516
0.538739
0.526854
0.553449
0.499823
0.530475
0.542495
0.514078
0.536443
0.496923
0.524984
0.57376
0.512344
0.509256
0.562074
0.559439
0.546287
0.55488
0.507077
0.529789
0.492407
0.485221
0.49989
0.524728
0.549817
0.571615
0.543283
0.528429
0.580021
0.562033
0.509125
0.525967
0.507437
0.487721
0.545433
0.474648
0.566857
0.530335
0.488879
0.502043
0.529807
0.501154
0.549216
0.523458
0.526317
0.524422
0.525403
0.551282
0.541307
0.494352
0.496362
0.530641
0.502157
0.532103
0.476319
0.554281
0.5268
0.528581
0.51399
0.533826
0.503467
0.487837
0.592982
0.469247
0.530059
0.528386
0.523334
0.540954
0.511841
0.549994
0.549315
0.557155
0.564616
0.539481
0.53273
0.528089
0.608469
0.50936
0.534018
0.512736
0.514976
0.496177
0.512996
0.524335
0.489523
0.55942
0.519747
0.533114
0.508063
0.516318
0.50718
0.552827
0.523052
0.531874
0.534885
0.543444
0.603521
0.539226
0.509403
0.561186
0.511188
0.532075
0.460584
0.529339
0.478337
0.50091
0.537882
0.556122
0.504321
0.497989
0.470196
0.504181
0.530823
0.476605
0.530833
0.493629
0.504605
0.547853
0.545881
0.526389
0.530165
0.509145
0.558373
0.551805
0.539509
0.466542
0.538008
0.570243
0.496461
0.495342
0.497069
0.511333
0.549515
0.48222
0.53102
0.512285
0.526699
0.536009
0.504185
0.492444
0.574514
0.508896
0.506113
0.550039
0.500739
0.585732
0.511864
0.492241
0.505342
0.49868
0.536912
0.526972
0.580453
0.507806
0.524272
0.545304
0.545854
0.56436
0.550896
0.525874
0.528153
0.561889
0.492275
0.527468
0.554037
0.554568
0.549557
0.565135
0.55674
0.554785
0.577789
0.528331
0.507608
0.56594
0.524157
0.580357
0.566155
0.531221
0.524376
0.536437
0.546837
0.553314
0.561981
0.531752
0.526489
0.545782
0.539326
0.525246
0.509279
0.490566
0.546141
0.481541
0.518114
0.551149
0.53079
0.527106
0.568804
0.524128
0.506732
0.537345
0.48848
0.512367
0.552553
0.537135
0.520441
0.533522
0.519673
0.5394
0.480545
0.512009
0.577215
0.51708
0.530409
0.536425
0.530711
0.52622
0.48619
0.53943
0.510023
0.522471
0.530512
0.539206
0.53136
0.474789
0.513631
0.561108
0.519573
0.558895
0.531654
0.524158
0.523746
0.493949
0.551412
0.498696
0.576985
0.51366
0.518955
0.584062
0.50734
0.509229
0.517927
0.563338
0.544621
0.492901
0.47276
0.482368
0.544693
0.498189
0.543818
0.500253
0.551153
0.534313
0.519306
0.533341
0.561663
0.571817
0.543066
0.532479
0.48286
0.534639
0.488804
0.520101
0.52485
0.526017
0.533225
0.477033
0.564843
0.574391
0.538918
0.504395
0.481255
0.517955
0.561237
0.576045
0.523116
0.552679
0.461266
0.540972
0.572629
0.526064
0.593714
0.518829
0.590679
0.523713
0.555973
0.555027
0.52663
0.532155
0.56277
0.559983
0.534491
0.525873
0.549124
0.582603
0.52813
0.505221
0.524256
0.545839
0.492938
0.551645
0.514065
0.510511
0.52087
0.53425
0.485615
0.526043
0.560522
0.561728
0.534195
0.491519
0.49382
0.51228
0.518318
0.524265
0.486748
0.472135
0.546963
0.537029
0.534378
0.510634
0.484147
0.497247
0.501306
0.536225
0.567679
0.554837
0.491055
0.490876
0.542422
0.512442
0.552023
0.540497
0.484232
0.536036
0.501368
0.551593
0.535394
0.533784
0.523766
0.497978
0.534709
0.55527
0.528531
0.463128
0.585872
0.541947
0.551697
0.514406
0.519424
0.568403
0.494503
0.48773
0.468814
0.569672
0.498014
0.489834
0.523526
0.554834
0.499157
0.495591
0.504903
0.514041
0.542931
0.530918
0.524817
0.526229
0.485531
0.585313
0.518311
0.556085
0.531714
0.500632
0.568825
0.525929
0.495983
0.607191
0.560984
0.548319
0.521371
0.494034
0.486632
0.537106
0.550271
0.536158
0.581961
0.547596
0.49126
0.525365
0.519142
0.519689
0.477428
0.566532
0.479966
0.475354
0.506503
0.577644
0.495098
0.554276
0.507108
0.522384
0.514497
0.541633
0.523508
0.546893
0.505542
0.487104
0.536047
0.532957
0.563959
0.532931
0.525081
0.508629
0.555779
0.561306
0.535371
0.581976
0.561791
0.583015
0.508696
0.512042
0.537481
0.507675
0.534203
0.522723
0.488749
0.541136
0.561364
0.510815
0.545711
0.455463
0.53782
0.537743
0.565982
0.564778
0.555659
0.524683
0.496402
0.488263
0.561904
0.547037
0.57928
0.548217
0.522758
0.543512
0.559512
0.553997
0.546232
0.573696
0.488242
0.488682
0.499164
0.546852
0.527929
0.521771
0.545527
0.481694
0.568518
0.570925
0.581846
0.495293
0.538937
0.485721
0.51124
0.496796
0.494013
0.495374
0.559818
0.548187
0.570126
0.54006
0.476824
0.603421
0.562503
0.504862
0.548217
0.563656
0.549509
0.566136
0.592189
0.516951
0.568903
0.534882
0.53288
0.527702
0.535991
0.49326
0.486304
0.519384
0.490217
