0.477357
0.496136
0.490915
0.466219
0.478653
0.555328
0.564705
0.447785
0.479679
0.524952
0.536539
0.559492
0.532256
0.531335
0.54137
0.511997
0.519488
0.493487
0.531636
0.529437
0.480729
0.538165
0.489993
0.53364
0.539834
0.509662
0.551611
0.521713
0.521663
0.523527
0.524579
0.506289
0.51095
0.494471
0.50205
0.490262
0.493456
0.503391
0.517305
0.519518
0.513399
0.506384
0.505429
0.538891
0.543081
0.535215
0.538159
0.530829
0.536457
0.534443
0.547907
0.538589
0.580956
0.561342
0.553033
0.564045
0.502058
0.506885
0.51077
0.529696
0.524585
0.54096
0.573245
0.557984
0.542479
0.520901
0.567596
0.473862
0.524669
0.554712
0.53116
0.541421
0.521528
0.516104
0.587802
0.586806
0.576978
0.532916
0.537406
0.563354
0.554835
0.558515
0.555878
0.576308
0.563161
0.577922
0.570681
0.582901
0.560677
0.489516
0.479925
0.520168
0.520706
0.534126
0.540098
0.540597
0.537461
0.549389
0.56062
0.558242
0.556079
0.563636
0.522672
0.516055
0.509123
0.501252
0.500965
0.530403
0.547791
0.545276
0.54251
0.536902
0.539406
0.523495
0.515983
0.450233
0.558166
0.562824
0.54751
0.567853
0.565344
0.551697
0.540783
0.540497
0.555316
0.507475
0.506938
0.563829
0.555653
0.502844
0.502849
0.502914
0.493314
0.498059
0.500297
0.480411
0.537119
0.514625
0.547799
0.611501
0.550948
0.53663
0.517086
0.524597
0.563463
0.536516
0.541189
0.594565
0.544579
0.542157
0.539735
0.441241
0.447054
0.537096
0.493072
0.486484
0.485521
0.47605
0.529008
0.52699
0.53127
0.550715
0.468349
0.586601
0.576046
0.592305
0.592966
0.566964
0.509623
0.517011
0.515953
0.559147
0.539613
0.534962
0.465803
0.500526
0.574249
0.519732
0.515414
0.568265
0.561396
0.568432
0.525406
0.59694
0.574959
0.582457
0.571058
0.585891
0.47582
0.472631
0.511093
0.540702
0.524721
0.532112
0.546757
0.537107
0.548126
0.493107
0.480648
0.484212
0.546439
0.526795
0.536767
0.552827
0.561263
0.55992
0.546459
0.538933
0.53917
0.531035
0.527618
0.52353
0.590093
0.549532
0.547294
0.5408
0.511876
0.514012
0.504174
0.500733
0.491057
0.498615
0.49594
0.48971
0.466046
0.486881
0.579695
0.576813
0.524756
0.525654
0.501058
0.497047
0.513364
0.496933
0.497847
0.582172
0.596059
0.516221
0.548095
0.548623
0.534851
0.534766
0.552639
0.545475
0.556433
0.547037
0.505418
0.504329
0.558115
0.552588
0.528012
0.498154
0.537421
0.552116
0.578336
0.528729
0.547506
0.525035
0.524749
0.525559
0.52468
0.52448
0.512304
0.515207
0.49954
0.494429
0.492033
0.496946
0.50761
0.505178
0.519768
0.593816
0.572496
0.499989
0.526667
0.521179
0.574096
0.56595
0.460879
0.513987
0.518149
0.523569
0.490779
0.529267
0.497505
0.590896
0.583515
0.549113
0.547358
0.554174
0.554594
0.545171
0.542186
0.53482
0.530687
0.535018
0.545124
0.559509
0.571591
0.603918
0.517662
0.570526
0.530318
0.554638
0.584481
0.583418
0.529609
0.485958
0.566691
0.557387
0.539225
0.473979
0.477274
0.548104
0.519384
0.522004
0.536107
0.478868
0.478508
0.477068
0.477618
0.458711
0.519234
0.532401
0.510449
0.498668
0.490511
0.538532
0.548486
0.551202
0.52645
0.491618
0.474897
0.484021
0.499711
0.492384
0.509085
0.50626
0.495162
0.533515
0.53377
0.556644
0.579548
0.543117
0.55765
0.514404
0.521828
0.50049
0.475361
0.570974
0.57722
0.578319
0.526487
0.481609
0.558865
0.559974
0.545861
0.579824
0.525711
0.519936
0.527903
0.512574
0.525786
0.50198
0.555139
0.551302
0.510874
0.519181
0.525213
0.573374
0.563793
0.545763
0.532575
0.495946
0.531421
0.489359
0.489468
0.501506
0.471648
0.47863
0.563217
0.553465
0.548958
0.539187
0.473794
0.502814
0.503287
0.50337
0.505769
0.544021
0.549054
0.475609
0.490262
0.526175
0.527533
0.52653
0.525792
0.519292
0.521928
0.568587
0.580804
0.490119
0.477977
0.494442
0.496089
0.476831
0.499283
0.491034
0.523923
0.525714
0.521736
0.493061
0.493762
0.53244
0.525987
0.523002
0.545756
0.492289
0.492401
0.543789
0.536166
0.537639
0.565622
0.512661
0.501106
0.492902
0.552572
0.553945
0.573478
0.571175
0.523586
0.551566
0.526751
0.53165
0.536508
0.535564
0.528916
0.569525
0.56057
0.517132
0.529985
0.523483
0.457968
0.500514
0.513055
0.547382
0.542532
0.57669
0.488281
0.541945
0.531412
0.537587
0.549205
0.564492
0.469254
0.485074
0.570226
0.557943
0.546387
0.533297
0.486136
0.537318
0.492099
0.489918
0.495132
0.56678
0.558522
0.562339
0.584408
0.520217
0.539872
0.548278
0.555739
0.467677
0.475299
0.536588
0.524398
0.596852
0.520294
0.520148
0.522042
0.511128
0.519829
0.521658
0.490333
0.544983
0.546521
0.546666
0.59217
0.598437
0.492724
0.485963
0.506026
0.516818
0.514415
0.512119
0.55761
0.497557
0.547868
0.541887
0.543734
0.486006
0.49479
0.47324
0.529704
0.505013
0.509168
0.500128
0.596284
0.562037
0.579507
0.457533
0.488485
0.557224
0.550724
0.567501
0.507002
0.503139
0.496422
0.510159
0.492097
0.536805
0.572314
0.575856
0.511729
0.511447
0.50839
0.497648
0.494591
0.588306
0.579496
0.44251
0.455187
0.5854
0.502892
0.499794
0.50574
0.45725
0.503268
0.495363
0.491399
0.544296
0.523423
0.543239
0.543078
0.530933
0.533645
0.567737
0.557168
0.575534
0.581912
0.613847
0.583484
0.496644
0.524498
0.538682
0.538866
0.470228
0.545351
0.548489
0.551106
0.552434
0.5501
0.590202
0.522355
0.517044
0.56404
0.556534
0.565452
0.53974
0.542434
0.519854
0.515611
0.506746
0.513616
0.493852
0.509738
0.48074
0.529524
0.525551
0.557406
0.541408
0.520385
0.538452
0.473316
0.559235
0.556057
0.599054
0.583287
0.537754
0.526594
0.527158
0.527388
0.522896
0.487191
0.543442
0.548452
0.536438
0.584029
0.574458
0.499502
0.538857
0.54525
0.521537
0.536282
0.589105
0.590987
0.597178
0.583811
0.503147
0.492817
0.541653
0.542281
0.517423
0.535907
0.556241
0.556119
0.463034
0.461266
0.554117
0.558101
0.539005
0.546741
0.552318
0.556156
0.556475
0.551762
0.569297
0.525701
0.551811
0.556286
0.48965
0.501176
0.548442
0.560325
0.513565
0.513201
0.570491
0.513959
0.577942
0.582315
0.537512
0.569296
0.545304
0.524537
0.525475
0.521333
0.529102
0.546376
0.531868
0.562847
0.533683
0.459135
0.478994
0.510085
0.503772
0.502955
0.547713
0.565845
0.518223
0.518876
0.519746
0.55204
0.528103
0.493831
0.483357
0.498992
0.503789
0.547549
0.541912
0.545485
0.58661
0.535923
0.531724
0.549745
0.552825
0.552857
0.525084
0.584077
0.573925
0.523583
0.521959
0.527144
0.535123
0.525321
0.529596
0.536295
0.544688
0.519561
0.514711
0.485101
0.473534
0.533676
0.529895
0.537737
0.524785
0.474868
0.543603
0.509147
0.512439
0.549323
0.534776
0.507658
0.506427
0.553955
0.479901
0.530218
0.525623
0.516018
0.523897
0.495657
0.484033
0.574017
0.581325
0.571395
0.507466
0.540752
0.533858
0.542712
0.546124
0.565722
0.483661
0.482147
0.490103
0.454539
0.573105
0.584924
0.558002
0.549605
0.55819
0.517249
0.507014
0.499671
0.490033
0.501597
0.527144
0.504622
0.500696
0.525494
0.595821
0.580162
0.598472
0.575788
0.578751
0.499782
0.520792
0.555503
0.56724
0.496298
0.54574
0.545642
0.544533
0.509644
0.475888
0.481579
0.536991
0.529123
0.550648
0.514886
0.520653
0.512876
0.498598
0.496075
0.495274
0.510406
0.450595
0.468957
0.544207
0.514977
0.482845
0.523692
0.523343
0.569121
0.536905
0.521441
0.557826
0.500589
0.513158
0.490635
0.495566
0.516772
0.516615
0.505914
0.490327
0.567009
0.539157
0.569931
0.514709
0.48391
0.555123
0.553722
0.597676
0.600438
0.543202
0.476073
0.459891
0.469091
0.540738
0.471341
0.478858
0.556388
0.556709
0.550951
0.445603
0.505314
0.515771
0.491436
0.516733
0.459374
0.462227
0.537061
0.534284
0.545102
0.562581
0.526844
0.553369
0.550272
0.548756
0.558344
0.555581
0.50113
0.504523
0.556289
0.5548
0.481396
0.537464
0.542305
0.549322
0.51134
0.510053
0.500653
0.562385
0.561438
0.5464
0.548117
0.542346
0.551414
0.555556
0.516013
0.565031
0.562477
0.561716
0.517823
0.499157
0.573343
0.552676
0.548544
0.531767
0.503818
0.484043
0.507605
0.494747
0.488714
0.527581
0.5228
0.525009
0.570825
0.534582
0.532991
0.509309
0.502234
0.49883
0.501915
0.517526
0.588354
0.576948
0.54443
0.570245
0.520768
0.4732
0.502277
0.571383
0.489505
0.483185
0.52645
0.525299
0.52567
0.52535
0.523446
0.49675
0.551203
0.546962
0.554716
0.556725
0.572654
0.590127
0.542331
0.518448
0.501387
0.476383
0.486642
0.54356
0.520014
0.523296
0.55342
0.476524
0.484338
0.473276
0.581756
0.466299
0.477926
0.516065
0.528177
0.5372
0.531301
0.559061
0.548947
0.573126
0.592406
0.523178
0.477191
0.444231
0.552211
0.45405
0.524392
0.493217
0.490066
0.535022
0.542225
0.573258
0.596117
0.517509
0.492501
0.519488
0.486337
0.461344
0.473103
0.608737
0.504845
0.543735
0.561336
0.57288
0.564312
0.50495
0.523897
0.52059
0.440978
0.451557
0.582383
0.566132
0.562173
0.462268
0.453061
0.459332
0.524173
0.540268
0.536838
0.534908
0.463836
0.488704
0.484562
0.565969
0.473653
0.464234
0.535454
0.568238
0.530658
0.495203
0.497627
0.568372
0.556683
0.466659
0.555424
0.553835
0.507058
0.599012
0.564582
0.546776
0.556918
0.555697
0.549769
0.483987
0.503939
0.529318
0.464843
0.484528
0.540041
0.545768
0.542536
0.477718
0.535431
0.557153
0.543728
0.535145
0.511901
0.584145
0.569428
0.519653
0.507675
0.464684
0.461279
0.482403
0.571616
0.55247
0.482997
0.513176
0.510703
0.529233
0.498744
0.47665
0.505131
0.51816
0.555385
0.482297
0.479136
0.535206
0.545917
0.524064
0.493695
0.578615
0.56754
0.505996
0.500719
0.507832
0.537635
0.502956
0.511937
0.564278
0.577172
0.570128
0.59018
0.536423
0.474411
0.478389
0.561446
0.559024
0.531744
0.471127
0.497552
0.561618
0.503984
0.502443
0.509124
0.540781
0.536227
0.566728
0.564436
0.53305
0.550728
0.537574
0.560905
0.557164
0.53982
0.576301
0.472915
0.461035
0.514222
0.476184
0.589419
0.598715
0.576152
0.590406
0.555591
0.533178
0.488238
0.477995
0.475298
0.499845
0.496276
0.503369
0.484926
0.475776
0.487809
0.500052
0.547248
0.539804
0.540819
0.491049
0.552239
0.483278
0.485121
0.499214
0.555998
0.474116
0.46979
0.567988
0.577029
0.570854
0.495828
0.521777
0.523773
0.51463
0.558467
0.584714
0.556031
0.468181
0.457943
0.480542
0.507561
0.505471
0.506201
0.5271
0.538103
0.548997
0.55885
0.544636
0.539542
0.484613
0.481721
0.489135
0.594763
0.523657
0.522023
0.521052
0.476262
0.473281
0.492746
0.538456
0.491184
0.485501
0.56479
0.572927
0.549087
0.539212
0.537461
0.532952
0.560678
0.488917
0.568541
0.544543
0.491684
0.518746
0.518371
0.519353
0.521574
0.492606
0.572534
0.546153
0.557026
0.549713
0.505886
0.510429
0.519031
0.46812
0.475289
0.451295
0.474887
0.531713
0.569686
0.582573
0.566077
0.548829
0.543553
0.531991
0.463637
0.483355
0.551814
0.549558
0.61557
0.623237
0.594458
0.504153
0.533547
0.572628
0.533766
0.530947
0.5047
0.512066
0.539255
0.557164
0.498021
0.565848
0.50668
0.567867
0.555787
0.548123
0.589727
0.503772
0.51092
0.539527
0.579677
0.483156
0.544812
0.510908
0.469753
0.57616
0.549238
0.463339
0.525746
0.572735
0.557707
0.516225
0.489805
0.493931
0.491458
0.515084
0.555965
0.555587
0.424763
0.525636
0.536663
0.558061
0.575144
0.540259
0.544845
0.535466
0.566163
0.519907
0.525628
0.556395
0.52522
0.538211
0.5526
0.503161
0.559415
0.528747
0.53854
0.449132
0.466238
0.545385
0.534434
0.543081
0.533722
0.506184
0.511691
0.505222
0.502448
0.538878
0.472041
0.509947
0.473869
0.466562
0.569452
0.510352
0.513638
0.480911
0.491317
0.509375
0.499108
0.46099
0.482574
0.459758
0.54093
0.529427
0.458041
0.564309
0.576605
0.557695
0.523343
0.47182
0.50405
0.500234
0.537825
0.516527
0.486178
0.531825
0.541828
0.580259
0.560061
0.51181
0.540011
0.524853
0.562295
0.492873
0.531239
0.550091
0.562646
0.521486
0.517964
0.472777
0.470303
0.460807
0.563852
0.57326
0.593878
0.479486
0.561386
0.533466
0.463608
0.527197
0.487621
0.544843
0.554393
0.54434
0.518729
0.523244
0.514833
0.505558
0.517134
0.502249
0.50732
0.521868
0.520948
0.54348
0.570916
0.577322
0.532409
0.567226
0.530698
0.524315
0.445743
0.450504
0.54708
0.542365
0.537976
0.563188
0.539403
0.49507
0.485048
0.511784
0.539865
0.534058
0.481924
0.509738
0.510365
0.514837
0.577279
0.57947
0.564352
0.57681
0.488654
0.537475
0.598321
0.502032
0.518675
0.517536
0.593993
0.563034
0.577391
0.541236
0.53324
0.523034
0.557553
0.586346
0.524861
0.55101
0.512046
0.491343
0.552131
0.566909
0.528432
0.526024
0.556864
0.524311
0.549405
0.597195
0.514651
0.528813
0.528928
0.49228
0.491688
0.576227
0.50496
0.526202
0.556923
0.485944
0.54357
0.522138
0.520656
0.520221
0.540842
0.484716
0.525808
0.564105
0.532668
0.546764
0.540382
0.506317
0.544416
0.523431
0.522661
0.537573
0.539129
0.484244
0.482619
0.540134
0.558438
0.536261
0.576948
0.559773
0.556208
0.521129
0.536912
0.527289
0.552873
0.571268
0.509174
0.472516
0.513619
0.520155
0.537578
0.534508
0.531574
0.547317
0.53363
0.554137
0.562379
0.554312
0.534058
0.499655
0.564049
0.547409
0.487267
0.498081
0.488289
0.574969
0.539901
0.518449
0.492668
0.498952
0.466024
0.482311
0.448255
0.448412
0.525005
0.513385
0.499965
0.497606
0.508506
0.507238
0.557705
0.491344
0.473708
0.526207
0.530965
0.571384
0.564081
0.569514
0.559088
0.531619
0.488309
0.538023
0.436297
0.555504
0.525373
0.548752
0.534049
0.558426
0.496225
0.553793
0.548637
0.45638
0.544763
0.54285
0.561278
0.561098
0.531419
0.526841
0.52185
0.46769
0.510092
0.485645
0.44908
0.549947
0.546827
0.504504
0.49897
0.560295
0.560712
0.494375
0.564121
0.454052
0.45348
0.460694
0.497902
0.529732
0.604302
0.549315
0.533784
0.525837
0.508598
0.554037
0.507655
0.478119
0.501357
0.483651
0.547574
0.523763
0.550996
0.504392
0.508589
0.520774
0.569392
0.569997
0.569317
0.557196
0.503799
0.499806
0.575936
0.482694
0.497748
0.526172
0.527263
0.540014
0.584667
0.585588
0.551721
0.552959
0.569283
0.557432
0.54235
0.586632
0.585046
0.459922
0.581624
0.537368
0.500883
0.494288
0.500881
0.537299
0.547873
0.553611
0.500675
0.49652
0.504351
0.530642
0.544412
0.553472
0.528456
0.609126
0.471699
0.481686
0.567041
0.566065
0.555633
0.562218
0.521607
0.520641
0.519512
0.528414
0.509021
0.555275
0.567134
0.558256
0.481476
0.448537
0.488702
0.534217
0.609945
0.570378
0.52154
0.502168
0.544418
0.554236
0.454727
0.486172
0.619395
0.542262
0.518777
0.52068
0.505063
0.597794
0.599177
0.511752
0.540376
0.535557
0.464261
0.527916
0.478432
0.526046
0.569119
0.515267
0.534517
0.543106
0.541607
0.556715
0.569155
0.563058
0.549505
0.611413
0.527308
0.527327
0.544446
0.553675
0.5162
0.601212
0.531549
0.494425
0.579332
0.568324
0.51707
0.538874
0.537203
0.536267
0.530992
0.567206
0.555881
0.541465
0.524089
0.558267
0.535498
0.491393
0.486865
0.500627
0.503003
0.59088
0.524866
0.461508
0.543469
0.540481
0.488902
0.492403
0.508899
0.546939
0.478531
0.487814
0.527119
0.538114
0.543634
0.536901
0.548653
0.548994
0.579711
0.465248
0.538442
0.510879
0.49904
0.527886
0.577076
0.561691
0.516219
0.4937
0.470059
0.504666
0.560792
0.533294
0.537939
0.48599
0.519564
0.576161
0.521573
0.521759
0.588176
0.52428
0.513029
0.540531
0.576098
0.549002
0.465319
0.498906
0.496834
0.485222
0.55968
0.520436
0.488473
0.491167
0.558703
0.517833
0.521634
0.445729
0.527743
0.449067
0.493096
0.530598
0.579743
0.508604
0.495224
0.517826
0.542631
0.59529
0.562043
0.513301
0.47522
0.542563
0.587436
0.53003
0.536958
0.531707
0.468703
0.444512
0.450844
0.551913
0.549182
0.601461
0.583312
0.471321
0.514025
0.55122
0.517156
0.502229
0.500773
0.511205
0.498912
0.575849
0.53096
0.487633
0.511371
0.515302
0.516805
0.586781
0.524735
0.523628
0.440914
0.477296
0.536491
0.478325
0.490223
0.516796
0.515871
0.540807
0.452655
0.573065
0.502242
0.531626
0.597612
0.553857
0.507052
0.517885
0.509827
0.518435
0.536915
0.543864
0.53156
0.51659
0.583343
0.501257
0.504078
0.478014
0.530625
0.45956
0.523689
0.569561
0.480934
0.481819
0.481189
0.591926
0.522383
0.466345
0.45297
0.455834
0.52003
0.497881
0.552495
0.536533
0.540993
0.521299
0.558674
0.495745
0.461093
0.526105
0.558905
0.565953
0.554423
0.468598
0.449017
0.498402
0.580246
0.599034
0.537156
0.537794
0.534464
0.558658
0.500614
0.52674
0.515364
0.503396
0.520913
0.523681
0.603094
0.448134
0.473566
0.468749
0.44373
0.548731
0.554148
0.454378
0.533428
0.554828
0.508586
0.594444
0.578254
0.550402
0.576461
0.532986
0.527336
0.527629
0.528199
0.527581
0.527123
0.583804
0.582151
0.438379
0.541883
0.474835
0.527267
0.520627
0.48771
0.544105
0.579139
0.473739
0.51893
0.471604
0.500907
0.467881
0.463719
0.479943
0.474562
0.543418
0.528846
0.552764
0.510098
0.538289
0.550605
0.550417
0.535377
0.57111
0.544966
0.465113
0.529028
0.524042
0.449845
0.577293
0.558277
0.495365
0.52115
0.566817
0.559955
0.523534
0.562042
0.506066
0.550066
0.5287
0.506217
0.48786
0.47209
0.446364
0.49321
0.556785
0.546924
0.526964
0.524441
0.461108
0.507724
0.518137
0.467049
0.478702
0.46553
0.463951
0.511298
0.473918
0.518205
0.519814
0.464308
0.568316
0.462439
0.571338
0.594056
0.537686
0.463749
0.581657
0.491312
0.507893
0.556383
0.446992
0.522366
0.527556
0.46981
0.488763
0.510835
0.492947
0.536182
0.502477
0.549687
0.520127
0.440153
0.531018
0.559662
0.539666
0.559724
0.531549
0.470458
0.548978
0.492377
0.464749
0.554154
0.575745
0.478064
0.558851
0.467041
0.463789
0.527101
0.496187
0.508447
0.508444
0.492451
0.494237
0.526067
0.5204
0.479056
0.54959
0.569651
0.508022
0.555004
0.562475
0.53011
0.554239
0.535696
0.539146
0.534937
0.552984
0.537861
0.547615
0.51932
0.563899
0.530649
0.443754
0.563097
0.505608
0.540098
0.545285
0.542829
0.55912
0.541473
0.560822
0.553623
0.568202
0.469832
0.503944
0.541407
0.508428
0.562436
0.491005
0.49246
0.621864
0.592551
0.543347
0.546508
0.467549
0.477683
0.500027
0.553708
0.472135
0.556432
0.543351
0.569105
0.539054
0.535957
0.524017
0.557573
0.547494
0.544417
0.439491
0.518306
0.548856
0.524233
0.453032
0.466929
0.531815
0.608917
0.511618
0.561417
0.569896
0.486007
0.467633
0.550116
0.540425
0.525323
0.56864
0.518565
0.487362
0.516614
0.589101
0.542532
0.59189
0.534924
0.534838
0.555697
0.57767
0.484275
0.566479
0.536605
0.552001
0.482701
0.538801
0.554951
0.546643
0.528485
0.580865
0.579849
0.520586
0.487425
0.446399
0.521165
0.51718
0.54233
0.579365
0.555991
0.564775
0.560258
0.486103
0.571684
0.532256
0.53462
0.482023
0.514311
0.52195
0.58191
0.50335
0.554249
0.5046
0.521528
0.523229
0.521644
0.589411
0.545567
0.549583
0.477826
0.498384
0.595672
0.521918
0.572183
0.438915
0.543199
0.543716
0.481504
0.544191
0.534847
0.564242
0.562418
0.461166
0.621208
0.562516
0.549741
0.528525
0.584338
0.528959
0.563752
0.569051
0.463835
0.521903
0.444611
0.531782
0.502872
0.571164
0.464104
0.455361
0.542924
0.550766
0.444852
0.507549
0.522664
0.548618
0.542397
0.515463
0.475843
0.51833
0.55422
0.46665
0.583658
0.59503
0.499375
0.499231
0.448941
0.57189
0.543858
0.479948
0.468546
0.498575
0.484387
0.480653
0.534849
0.501827
0.564142
0.46776
0.488803
0.579039
0.518401
0.543388
0.543147
0.546173
0.585016
0.539799
0.535977
0.532593
0.536773
0.510987
0.524427
0.519661
0.542186
0.539148
0.544236
0.519399
0.534904
0.563473
0.528049
0.480577
0.514349
0.536965
0.549002
0.541615
0.526096
0.538787
0.543646
0.555935
0.526798
0.531664
0.450481
0.506976
0.512722
0.49716
0.559754
0.539697
0.503272
0.55546
0.515805
0.478723
0.507764
0.541598
0.555706
0.5681
0.528827
0.505155
0.555852
0.547228
0.489041
0.612841
0.504806
0.566718
0.543694
0.562088
0.526236
0.54298
0.525191
0.540219
0.53665
0.488924
0.538599
0.566004
0.524388
0.554299
0.567498
0.526021
0.579046
0.504057
0.522564
0.546325
0.5189
0.530751
0.533845
0.541129
0.555106
0.550599
0.517304
0.473975
0.509031
0.501494
0.553638
0.525795
0.554231
0.561629
0.532255
0.511638
0.556018
0.477961
0.572899
0.56301
0.567136
0.475743
0.524112
0.516229
0.521502
0.486211
0.463052
0.532433
0.517848
0.504632
0.501042
0.585323
0.507545
0.509901
0.502043
0.507709
0.546034
0.540611
0.521828
0.517291
0.502782
0.544609
0.521761
0.506232
0.499555
0.503334
0.489759
0.545817
0.530689
0.529232
0.517372
0.576239
0.545347
0.529892
0.534751
0.511315
0.506404
0.535397
0.526612
0.504924
0.55414
0.539227
0.536229
0.524292
0.542447
0.534482
0.517472
0.496396
0.506872
0.524694
0.526231
0.529849
0.524254
0.563593
0.569486
0.500419
0.57309
0.491999
0.51174
0.509081
0.494508
0.544974
0.555438
0.542112
0.525937
0.543934
0.527048
0.51324
0.536635
0.564016
0.544712
0.546271
0.525849
0.531225
0.564189
0.555802
0.529243
0.501296
0.519512
0.534461
0.501586
0.511243
0.520313
0.494966
0.528197
0.533629
0.522144
0.513404
0.512491
0.518513
0.51312
0.526652
0.559005
0.478336
0.588988
0.545291
0.533319
0.529252
0.522393
0.499125
0.514516
0.501263
0.521132
0.544406
0.530493
0.529616
0.526681
0.501235
0.559695
0.592987
0.533746
0.518695
0.517979
0.542748
0.524875
0.514796
0.532562
0.550638
0.476618
0.48802
0.551802
0.455112
0.529793
0.530102
0.487323
0.55207
0.534831
0.548287
0.537023
0.562873
0.530801
0.578059
0.523876
0.527977
0.527092
0.546891
0.548112
0.542769
0.511154
0.54064
0.521064
0.52424
0.515119
0.517221
0.512254
0.535156
0.510538
0.488953
0.530272
0.526978
0.495443
0.523714
0.524593
0.509795
0.560223
0.585163
0.540335
0.488411
0.532098
0.533059
0.533528
0.492491
0.552573
0.487501
0.530392
0.50924
0.523981
0.522717
0.512179
0.531351
0.53583
0.511508
0.511056
0.545882
0.572349
0.549907
0.506495
0.50897
0.540861
0.538679
0.506575
0.532488
0.537683
0.512239
0.561131
0.538337
0.550542
0.529988
0.557317
0.547306
0.564389
0.579935
0.581859
0.571512
0.534618
0.533445
0.511302
0.530517
0.524667
0.546032
0.535832
0.528397
0.480268
0.509024
0.523632
0.486828
0.532503
0.512994
0.504937
0.546304
0.529966
0.505433
0.536645
0.552175
0.557052
0.527519
0.509664
0.503466
0.502091
0.508924
0.564463
0.543483
0.492956
0.562609
0.562751
0.512134
0.506676
0.531036
0.552833
0.578039
0.514038
0.526067
0.523782
0.542376
0.504691
0.558088
0.530134
0.521118
0.56408
0.50005
0.466591
0.542711
0.508873
0.552125
0.509951
0.516123
0.542696
0.538071
0.544316
0.557094
0.546277
0.527008
0.507671
0.454699
0.529237
0.503706
0.511544
0.534635
0.581268
0.506226
0.54884
0.521018
0.496671
0.489668
0.492945
0.512535
0.513958
0.509308
0.55127
0.512229
0.528154
0.521931
0.522876
0.550106
0.549119
0.499668
0.548531
0.539988
0.590512
0.536681
0.523162
0.532448
0.493266
0.506143
0.54841
0.524121
0.576822
0.531507
0.527787
0.557791
0.533059
0.547978
0.542615
0.502236
0.500502
0.531753
0.534442
0.543939
0.491196
0.498949
0.474481
0.572972
0.459111
0.528203
0.505732
0.534879
0.557113
0.557944
0.521573
0.501663
0.484476
0.536908
0.54999
0.530863
0.489372
0.528793
0.539686
0.540848
0.512648
0.556207
0.466814
0.550575
0.484285
0.516538
0.528206
0.539217
0.469228
0.600242
0.554249
0.542785
0.552558
0.54612
0.532141
0.518853
0.522924
0.514108
0.549766
0.503217
0.498444
0.525191
0.501659
0.550757
0.520514
0.541668
0.513376
0.571159
0.528587
0.497888
0.540971
0.571046
0.536177
0.557065
0.523972
0.551755
0.540293
0.591209
0.499158
0.509362
0.562206
0.554708
0.575874
0.470353
0.499195
0.522995
0.527845
0.489468
0.475295
0.482642
0.537177
0.543173
0.530168
0.536056
0.522509
0.53161
0.552316
0.511265
0.555492
0.588078
0.566479
0.468982
0.519292
0.509813
0.537867
0.529659
0.556872
0.520984
0.562646
0.564934
0.541039
0.521858
0.496277
0.52565
0.51253
0.537534
0.531891
0.575949
0.523267
0.502502
0.56828
0.49929
0.577105
0.560622
0.576445
0.530675
0.500072
0.534162
0.5419
0.518561
0.524311
0.534167
0.538974
0.549413
0.567902
0.557341
0.551582
0.552627
0.559081
0.533593
0.462065
0.510124
0.480513
0.500973
0.514762
0.548311
0.56891
0.552313
0.53316
0.52598
0.495114
0.458226
0.547111
0.539963
0.482412
0.521715
0.519174
0.504665
0.527676
0.541005
0.495753
0.497732
0.569709
0.526714
0.50528
0.521173
0.546738
0.513574
0.537258
0.542798
0.527704
0.552001
0.515264
0.500496
0.503857
0.482833
0.561844
0.539473
0.465381
0.537993
0.531721
0.520897
0.508888
0.499359
0.515801
0.520245
0.550619
0.521515
0.475553
0.485512
0.525353
0.535395
0.501391
0.503012
0.539075
0.565773
0.444833
0.542669
0.532982
0.534706
0.541098
0.527027
0.518235
0.523533
0.529796
0.487532
0.520009
0.517067
0.533906
0.452725
0.521941
0.478022
0.53064
0.531834
0.538668
0.501932
0.560242
0.538584
0.497405
0.482246
0.573617
0.485052
0.549087
0.496218
0.544423
0.560606
0.533678
0.51843
0.548422
0.527608
0.558205
0.527226
0.498918
0.552934
0.518744
0.571326
0.493962
0.537383
0.53984
0.500898
0.519024
0.553007
0.448538
0.594255
0.522793
0.483265
0.553255
0.593707
0.538999
0.521362
0.507888
0.489774
0.535139
0.529192
0.554565
0.559595
0.594658
0.539038
0.58934
0.518436
0.568151
0.470584
0.517949
0.523973
0.496769
0.531359
0.481457
0.499535
0.532421
0.525796
0.499251
0.500476
0.481778
0.550211
0.502955
0.479543
0.548159
0.591748
0.548485
0.502771
0.51644
0.509189
0.557369
0.522525
0.499338
0.507223
0.475918
0.499765
0.486776
0.57565
0.562712
0.560991
0.488898
0.572738
0.512607
0.486573
0.589303
0.475814
0.480104
0.564014
0.500997
0.523121
0.545127
0.583003
0.489505
0.563443
0.481745
0.56615
0.538457
0.516317
0.555704
0.525674
0.53594
0.541051
0.513268
0.537311
0.521169
0.572111
0.522151
0.495286
0.537316
0.52647
0.534218
0.583496
0.501574
0.47854
0.522622
0.547573
0.525669
0.573564
0.521132
0.525519
0.52191
0.541538
0.574674
0.575807
