0.471062
0.465921
0.503454
0.490997
0.542697
0.545961
0.443916
0.49384
0.475654
0.529797
0.532318
0.534083
0.534442
0.539399
0.520044
0.534659
0.539109
0.512202
0.510521
0.479204
0.479407
0.526164
0.551519
0.52865
0.530793
0.531425
0.474655
0.465951
0.572632
0.493135
0.49059
0.536225
0.561705
0.549565
0.532162
0.523986
0.527014
0.519855
0.515312
0.524267
0.514209
0.503952
0.501666
0.500877
0.489839
0.463564
0.496298
0.488261
0.541627
0.545426
0.547344
0.523207
0.520584
0.514328
0.510631
0.506195
0.56767
0.557922
0.537557
0.541899
0.538349
0.542142
0.547261
0.547061
0.552537
0.544724
0.505295
0.490248
0.510031
0.493914
0.529868
0.540003
0.584176
0.557386
0.537601
0.575135
0.468638
0.480714
0.539237
0.52017
0.532798
0.5207
0.516713
0.500481
0.575843
0.591727
0.587803
0.598588
0.538368
0.5442
0.552499
0.557352
0.549442
0.552468
0.595419
0.554482
0.531829
0.546893
0.586687
0.573219
0.558904
0.550941
0.587337
0.605428
0.560043
0.522657
0.52619
0.538421
0.51725
0.514771
0.538851
0.542032
0.559655
0.512394
0.526703
0.524673
0.522685
0.519002
0.510563
0.504832
0.545126
0.546858
0.547001
0.540055
0.460763
0.473208
0.499414
0.55901
0.512191
0.522378
0.507028
0.549026
0.553324
0.476778
0.455685
0.468624
0.536877
0.532912
0.532133
0.548061
0.554525
0.546664
0.541995
0.545983
0.560743
0.514949
0.503563
0.506908
0.568827
0.573895
0.501946
0.506775
0.57187
0.564674
0.495191
0.500325
0.483271
0.559353
0.552009
0.601433
0.597539
0.553881
0.555049
0.554431
0.534315
0.519712
0.523184
0.529079
0.547211
0.542132
0.502257
0.537978
0.540798
0.576408
0.450833
0.45252
0.515727
0.510388
0.51393
0.48074
0.483816
0.490615
0.468986
0.527536
0.549121
0.534193
0.473505
0.602749
0.59376
0.573409
0.573965
0.497449
0.503272
0.500654
0.519808
0.549006
0.531824
0.476374
0.470398
0.463855
0.496481
0.461829
0.532434
0.549869
0.547142
0.509714
0.619317
0.537777
0.530385
0.537891
0.522607
0.51141
0.544421
0.547725
0.4719
0.469416
0.484384
0.492565
0.552621
0.537968
0.530907
0.555591
0.541199
0.541387
0.535342
0.538211
0.531966
0.522975
0.527623
0.539262
0.545404
0.544393
0.515279
0.519589
0.48495
0.511875
0.50481
0.500638
0.498985
0.497106
0.577795
0.553799
0.555566
0.547232
0.504537
0.528182
0.522926
0.52612
0.555587
0.555731
0.555197
0.588356
0.567438
0.579641
0.51798
0.538664
0.536135
0.532893
0.552465
0.545811
0.534652
0.531683
0.537951
0.555826
0.508374
0.492268
0.554066
0.507189
0.555078
0.472066
0.492171
0.494067
0.520374
0.52537
0.51897
0.529952
0.501268
0.511248
0.570425
0.502828
0.505885
0.506077
0.506835
0.564062
0.540831
0.503463
0.512622
0.59347
0.58543
0.437095
0.463181
0.463515
0.456416
0.507878
0.508562
0.508933
0.511782
0.511512
0.518256
0.509544
0.572791
0.50447
0.498878
0.547441
0.554021
0.580073
0.588881
0.572516
0.59709
0.568897
0.533968
0.565653
0.554428
0.567964
0.562943
0.511389
0.537637
0.525473
0.535782
0.533707
0.576594
0.593925
0.574495
0.557756
0.578995
0.55852
0.556537
0.480954
0.472582
0.458021
0.569427
0.552104
0.496286
0.483997
0.491249
0.565165
0.527332
0.541479
0.520969
0.531614
0.501049
0.50646
0.467457
0.502731
0.507453
0.470757
0.458106
0.526511
0.515755
0.511082
0.536059
0.542011
0.541001
0.534672
0.50257
0.510236
0.495469
0.473399
0.496765
0.573245
0.577106
0.554447
0.537401
0.547357
0.514176
0.510245
0.497192
0.478239
0.570226
0.532306
0.537487
0.556593
0.514736
0.531782
0.45195
0.554205
0.552763
0.525028
0.543631
0.533391
0.541413
0.539677
0.529428
0.517072
0.490611
0.511853
0.490333
0.488001
0.573061
0.506643
0.506657
0.478428
0.479121
0.561655
0.529073
0.536773
0.538146
0.533069
0.491217
0.476935
0.485624
0.50487
0.508617
0.543142
0.557687
0.551311
0.529753
0.498902
0.525693
0.526336
0.525143
0.522592
0.559804
0.572227
0.485339
0.500646
0.471583
0.495102
0.514191
0.452126
0.531415
0.526564
0.534812
0.52838
0.48963
0.494086
0.498383
0.591129
0.599941
0.596617
0.528268
0.530844
0.559799
0.556906
0.552015
0.525783
0.518632
0.528849
0.532495
0.529009
0.527811
0.536955
0.558773
0.547518
0.544748
0.526236
0.531883
0.448269
0.472551
0.510467
0.535727
0.544885
0.544181
0.577124
0.563781
0.551814
0.528179
0.543891
0.540886
0.56384
0.547247
0.479809
0.500735
0.500446
0.585106
0.607883
0.578703
0.516546
0.491026
0.49672
0.535302
0.572097
0.562414
0.561485
0.523357
0.543866
0.541074
0.464167
0.449765
0.484211
0.575722
0.576572
0.573282
0.520626
0.521603
0.516187
0.511708
0.529302
0.538198
0.521168
0.516211
0.43116
0.599145
0.494248
0.52836
0.509826
0.512915
0.510218
0.554334
0.575134
0.577835
0.552238
0.488597
0.484103
0.531041
0.537822
0.492038
0.506261
0.510873
0.447642
0.459577
0.549716
0.547001
0.559265
0.509084
0.504295
0.506655
0.544558
0.540054
0.513888
0.512737
0.511074
0.486531
0.497884
0.58443
0.527485
0.487861
0.4709
0.505331
0.491481
0.490565
0.536959
0.552535
0.551348
0.524734
0.547037
0.492872
0.529389
0.532128
0.564685
0.553148
0.587116
0.562548
0.573871
0.573829
0.562886
0.49614
0.497214
0.522102
0.520991
0.535202
0.554477
0.54494
0.534776
0.531004
0.546157
0.55036
0.545718
0.541321
0.535235
0.550413
0.543687
0.561031
0.520679
0.52265
0.528441
0.517486
0.555062
0.52345
0.556874
0.543914
0.571602
0.500436
0.513052
0.470802
0.527227
0.523871
0.526583
0.522687
0.547157
0.539308
0.53895
0.525032
0.551515
0.483482
0.571361
0.567317
0.542642
0.534785
0.56121
0.545571
0.508827
0.506698
0.514858
0.516548
0.526793
0.525805
0.54541
0.573792
0.545935
0.525929
0.527536
0.593736
0.544362
0.556159
0.520769
0.541482
0.548399
0.534708
0.542938
0.573122
0.556509
0.501475
0.448505
0.56787
0.501811
0.495728
0.551184
0.549951
0.501088
0.516183
0.516098
0.564159
0.546388
0.556544
0.460941
0.470657
0.558386
0.552062
0.556043
0.551312
0.547683
0.552503
0.551506
0.552884
0.484253
0.529871
0.541803
0.544383
0.516863
0.512674
0.511242
0.511466
0.576865
0.51304
0.510849
0.509561
0.510266
0.5316
0.603245
0.577447
0.605322
0.533665
0.529816
0.541369
0.459203
0.525914
0.525429
0.521114
0.519564
0.541914
0.532487
0.53131
0.532416
0.533757
0.506125
0.500848
0.544404
0.568021
0.496618
0.497736
0.467536
0.521799
0.520597
0.524131
0.552113
0.48744
0.529975
0.526542
0.539383
0.523527
0.50352
0.532548
0.500865
0.540709
0.543839
0.492914
0.568479
0.591967
0.533432
0.540541
0.589473
0.523749
0.522735
0.531236
0.540897
0.529292
0.523668
0.524302
0.496541
0.50953
0.484703
0.478194
0.500558
0.558464
0.582142
0.477942
0.469933
0.59495
0.522743
0.537526
0.563844
0.558963
0.482074
0.543111
0.525303
0.56065
0.529965
0.53125
0.528574
0.544102
0.539984
0.569813
0.560688
0.563849
0.572499
0.49582
0.48433
0.509149
0.55295
0.451811
0.587125
0.574935
0.548155
0.56318
0.520386
0.515868
0.489631
0.495326
0.492276
0.5355
0.492919
0.498473
0.528384
0.552875
0.569917
0.583738
0.578726
0.502212
0.527155
0.551073
0.564668
0.560189
0.557865
0.555289
0.528358
0.448644
0.464487
0.534728
0.530926
0.512207
0.490166
0.511764
0.457363
0.446809
0.510144
0.480965
0.505823
0.510213
0.539443
0.539697
0.545019
0.509548
0.51364
0.518598
0.490434
0.493339
0.497054
0.573506
0.567568
0.539091
0.549087
0.551459
0.567371
0.555752
0.513177
0.512231
0.547309
0.53839
0.545956
0.616968
0.542752
0.544767
0.573017
0.534267
0.51011
0.488877
0.538746
0.518216
0.502668
0.451523
0.445811
0.469856
0.559871
0.547179
0.550502
0.545195
0.546094
0.549607
0.553519
0.541755
0.464642
0.559139
0.553506
0.54472
0.542621
0.540533
0.499652
0.491716
0.561632
0.531693
0.536726
0.562867
0.583637
0.517972
0.511516
0.5482
0.551253
0.540268
0.522369
0.502482
0.505673
0.499542
0.557301
0.503969
0.554998
0.55801
0.51727
0.502544
0.484663
0.502192
0.572925
0.536714
0.539436
0.507173
0.515096
0.505294
0.470742
0.588926
0.564281
0.618019
0.503709
0.505898
0.585717
0.571455
0.578522
0.549732
0.524373
0.477772
0.476348
0.49103
0.573151
0.575474
0.490461
0.487435
0.470241
0.524963
0.504664
0.540588
0.5338
0.545914
0.492303
0.559809
0.55757
0.533835
0.554164
0.564712
0.535517
0.474294
0.484503
0.563242
0.55512
0.554902
0.479664
0.479461
0.592744
0.48418
0.466653
0.517193
0.475738
0.534711
0.530045
0.539151
0.53503
0.553986
0.549378
0.538972
0.542679
0.579834
0.595027
0.51374
0.526176
0.513339
0.488925
0.603253
0.534189
0.534115
0.572226
0.501886
0.510644
0.512018
0.4833
0.572995
0.579664
0.570402
0.50385
0.531614
0.554386
0.585933
0.518642
0.505536
0.433493
0.57819
0.57205
0.456476
0.590685
0.593697
0.525326
0.526284
0.536098
0.524453
0.522494
0.538346
0.539058
0.456526
0.575671
0.560203
0.500118
0.531227
0.551956
0.529468
0.536871
0.493965
0.4977
0.548682
0.553219
0.537101
0.564365
0.537564
0.550833
0.490444
0.502361
0.512211
0.537021
0.542327
0.527398
0.472705
0.550372
0.545422
0.55245
0.532709
0.558253
0.544836
0.551432
0.499353
0.547265
0.58956
0.581306
0.571961
0.515375
0.506335
0.469835
0.477018
0.575542
0.576787
0.599507
0.513362
0.601681
0.480306
0.525494
0.55168
0.535598
0.518125
0.494761
0.46648
0.549089
0.457889
0.475921
0.467044
0.506911
0.536374
0.534972
0.533567
0.501762
0.497159
0.534477
0.544728
0.521898
0.505609
0.542428
0.534002
0.492049
0.487184
0.5741
0.573136
0.489772
0.48939
0.593468
0.489144
0.539232
0.53588
0.586588
0.57095
0.504654
0.50202
0.509553
0.509866
0.537935
0.487675
0.487353
0.476019
0.472914
0.477402
0.547119
0.57094
0.532696
0.559118
0.471366
0.522308
0.518157
0.564059
0.498135
0.500357
0.541918
0.533417
0.567462
0.556545
0.454796
0.585604
0.546095
0.525961
0.594105
0.574064
0.531239
0.534846
0.531672
0.55686
0.553544
0.562286
0.53118
0.534287
0.456851
0.488978
0.460691
0.484918
0.484349
0.602868
0.535406
0.504076
0.505002
0.522683
0.519922
0.439786
0.465726
0.565147
0.525517
0.529091
0.534066
0.543366
0.556312
0.552947
0.493191
0.490095
0.463565
0.591705
0.59195
0.496886
0.49588
0.515809
0.52547
0.515306
0.507026
0.581694
0.56653
0.490345
0.524319
0.524058
0.458948
0.483308
0.505688
0.506673
0.547215
0.551146
0.47699
0.562837
0.540343
0.54328
0.478041
0.475835
0.471397
0.562181
0.525613
0.522145
0.534288
0.569588
0.496269
0.488848
0.555124
0.553721
0.564263
0.57353
0.572588
0.548765
0.556006
0.489149
0.557679
0.497892
0.511686
0.505814
0.518126
0.520003
0.586025
0.556118
0.504059
0.547434
0.551646
0.511921
0.51191
0.524736
0.506169
0.47043
0.521862
0.550429
0.530324
0.552227
0.495359
0.459879
0.482267
0.550282
0.57539
0.56371
0.597223
0.500469
0.547479
0.553801
0.572314
0.533872
0.530064
0.499161
0.510099
0.569538
0.554035
0.498997
0.493609
0.569587
0.501591
0.505297
0.598093
0.528274
0.529572
0.605088
0.592818
0.511335
0.509403
0.593831
0.535819
0.538446
0.515504
0.518554
0.535507
0.582981
0.527724
0.467931
0.526957
0.524234
0.588081
0.574748
0.556462
0.489565
0.493794
0.586618
0.507064
0.558338
0.534665
0.55378
0.570463
0.591348
0.533734
0.537418
0.500674
0.516686
0.523847
0.573186
0.526534
0.543256
0.569066
0.549684
0.551562
0.482495
0.462834
0.531991
0.469888
0.49385
0.507129
0.621839
0.540905
0.533246
0.504452
0.510328
0.521135
0.501971
0.540576
0.513983
0.471705
0.471273
0.490282
0.527768
0.514888
0.457868
0.464983
0.444519
0.489526
0.529556
0.522789
0.540748
0.596658
0.608432
0.450123
0.570068
0.561771
0.577851
0.466262
0.485422
0.507474
0.505427
0.498602
0.532846
0.507773
0.48208
0.528872
0.535105
0.491044
0.488923
0.482933
0.581508
0.561459
0.533356
0.537859
0.529754
0.478999
0.559341
0.479491
0.495492
0.499561
0.495386
0.517439
0.555678
0.560341
0.52023
0.517504
0.44894
0.559773
0.576038
0.587201
0.592766
0.607456
0.473321
0.541637
0.526792
0.4907
0.486165
0.497611
0.512087
0.527921
0.545537
0.540483
0.575175
0.557118
0.509548
0.511475
0.517867
0.530198
0.524206
0.515128
0.506212
0.507124
0.528277
0.530357
0.500437
0.545872
0.532079
0.524603
0.476559
0.490375
0.558669
0.574607
0.543414
0.543458
0.568118
0.529238
0.445586
0.451122
0.472087
0.536096
0.529265
0.546706
0.512403
0.536986
0.483467
0.495633
0.482197
0.566962
0.564952
0.573156
0.57356
0.580039
0.435969
0.564884
0.571196
0.47045
0.559966
0.53884
0.577061
0.516524
0.51496
0.594699
0.518742
0.548989
0.441349
0.585752
0.585532
0.544427
0.544019
0.579454
0.541904
0.548859
0.54896
0.56251
0.552865
0.557875
0.499845
0.552486
0.558953
0.471291
0.531967
0.482486
0.527444
0.517802
0.569867
0.526305
0.563395
0.51692
0.539382
0.526724
0.561811
0.562219
0.51289
0.52875
0.528977
0.464891
0.479728
0.588757
0.496834
0.445203
0.471172
0.567177
0.494388
0.497553
0.569877
0.560965
0.562514
0.526627
0.489741
0.499059
0.544197
0.522352
0.521862
0.512739
0.553441
0.524497
0.586661
0.516654
0.54955
0.54191
0.563172
0.545295
0.524572
0.455569
0.521415
0.48291
0.534973
0.535754
0.478657
0.481894
0.492254
0.445704
0.501754
0.53505
0.555913
0.561447
0.578409
0.510629
0.440293
0.454609
0.576886
0.533556
0.479306
0.510594
0.518468
0.571812
0.502947
0.518715
0.515895
0.530471
0.545174
0.519892
0.536414
0.545458
0.543036
0.548175
0.564197
0.532907
0.495189
0.57429
0.566537
0.518659
0.516759
0.504869
0.503603
0.499067
0.583103
0.536364
0.524365
0.512558
0.513974
0.513155
0.454386
0.467465
0.530198
0.524561
0.462216
0.513257
0.509545
0.53664
0.498168
0.50738
0.500472
0.535434
0.477253
0.571224
0.541426
0.57473
0.537402
0.533449
0.502508
0.487237
0.562474
0.55367
0.557089
0.525245
0.554576
0.531877
0.496953
0.551466
0.519971
0.564342
0.553167
0.546646
0.547517
0.546664
0.53135
0.561422
0.557782
0.506815
0.465688
0.506114
0.447737
0.53058
0.495808
0.501817
0.472327
0.504746
0.550665
0.572731
0.56042
0.565799
0.568467
0.521724
0.455765
0.451678
0.459486
0.537199
0.535325
0.499706
0.549726
0.60836
0.568523
0.537248
0.501512
0.531131
0.51624
0.514898
0.510384
0.51572
0.547122
0.52739
0.547438
0.505705
0.5506
0.493338
0.507364
0.518062
0.507227
0.53556
0.561504
0.572177
0.564369
0.503619
0.533428
0.547165
0.576286
0.538341
0.536757
0.507277
0.519649
0.5368
0.592371
0.53718
0.610611
0.560251
0.566834
0.557716
0.542338
0.554429
0.555067
0.575646
0.568999
0.550393
0.450026
0.56667
0.534813
0.535055
0.505385
0.520264
0.582824
0.574119
0.539848
0.539407
0.550275
0.58656
0.537445
0.542223
0.471172
0.477706
0.559067
0.474613
0.521832
0.524955
0.558958
0.573185
0.528565
0.53056
0.535838
0.536762
0.449491
0.525514
0.546316
0.516641
0.548499
0.534096
0.552009
0.455898
0.539829
0.535314
0.485632
0.437484
0.540685
0.500177
0.587533
0.493997
0.522212
0.55003
0.543892
0.494218
0.549981
0.511777
0.520315
0.543555
0.565448
0.561531
0.508435
0.51383
0.545897
0.537381
0.565122
0.473467
0.476562
0.562532
0.571343
0.572983
0.557015
0.560712
0.531097
0.556454
0.520829
0.51215
0.548269
0.510992
0.502238
0.543787
0.554388
0.510051
0.522038
0.569955
0.524767
0.541774
0.537953
0.491161
0.527025
0.526518
0.479798
0.459078
0.495422
0.489383
0.578116
0.550741
0.44827
0.524077
0.591202
0.588972
0.571044
0.461178
0.50795
0.548082
0.53878
0.492605
0.477549
0.542424
0.492466
0.522111
0.538014
0.545931
0.538005
0.541601
0.536577
0.499838
0.513475
0.585098
0.513246
0.518523
0.475471
0.566981
0.537868
0.469559
0.511787
0.516355
0.520861
0.521879
0.589392
0.524437
0.481151
0.542663
0.541626
0.478217
0.505333
0.566534
0.550698
0.549681
0.50329
0.568686
0.449963
0.460865
0.483332
0.559871
0.495976
0.534482
0.511873
0.511854
0.482718
0.488238
0.588191
0.535139
0.547594
0.516928
0.574824
0.443935
0.577048
0.44856
0.489535
0.550873
0.533905
0.573203
0.561252
0.490937
0.544202
0.595934
0.551957
0.518891
0.586891
0.583766
0.5268
0.594991
0.592034
0.559319
0.480887
0.461351
0.508024
0.458769
0.544529
0.552589
0.554634
0.575731
0.519506
0.554029
0.50196
0.48071
0.497765
0.559623
0.546605
0.539383
0.502208
0.51202
0.452153
0.509365
0.508896
0.513207
0.543936
0.574991
0.444955
0.554099
0.473232
0.54692
0.547537
0.476048
0.486795
0.533239
0.510437
0.45816
0.53861
0.449757
0.542144
0.499732
0.571431
0.527922
0.538499
0.610997
0.477007
0.518686
0.502346
0.549192
0.587625
0.459512
0.530379
0.48262
0.528694
0.47198
0.546452
0.529595
0.561039
0.573746
0.46225
0.460219
0.463777
0.554142
0.466703
0.501978
0.572911
0.566928
0.551935
0.555166
0.547302
0.525977
0.553028
0.493568
0.496687
0.512759
0.537586
0.522561
0.521772
0.523936
0.47852
0.49974
0.555414
0.441636
0.54471
0.434749
0.470297
0.50478
0.462898
0.530583
0.528114
0.548955
0.543634
0.588925
0.452162
0.569862
0.530766
0.584899
0.577951
0.56111
0.488206
0.533774
0.552264
0.572083
0.576261
0.547363
0.466351
0.553282
0.516312
0.499519
0.510771
0.520184
0.533794
0.509347
0.527527
0.527903
0.548498
0.537272
0.529886
0.546215
0.48616
0.465336
0.541789
0.514158
0.507534
0.484921
0.489501
0.4652
0.484626
0.519009
0.518724
0.541897
0.590348
0.558813
0.532944
0.516278
0.466132
0.525427
0.536404
0.571593
0.471376
0.528259
0.574774
0.560648
0.501906
0.512545
0.594248
0.58364
0.601073
0.49262
0.463622
0.544052
0.585755
0.507189
0.479848
0.461052
0.488008
0.492975
0.588261
0.484641
0.460158
0.470365
0.519357
0.465321
0.465309
0.4816
0.558818
0.563656
0.520649
0.521701
0.463751
0.556616
0.594305
0.454226
0.557754
0.507978
0.593577
0.499175
0.531322
0.55831
0.558694
0.460781
0.498086
0.493573
0.491507
0.536607
0.566674
0.516125
0.557784
0.521379
0.540054
0.509005
0.540578
0.527671
0.543708
0.497146
0.46667
0.461886
0.551028
0.55278
0.574462
0.56668
0.471085
0.459628
0.555014
0.510046
0.49162
0.523251
0.518919
0.522128
0.473937
0.503327
0.502019
0.534067
0.504659
0.5547
0.530044
0.526704
0.530242
0.518769
0.520949
0.555639
0.546534
0.519822
0.519671
0.448484
0.55483
0.499371
0.566795
0.532666
0.557141
0.615036
0.534926
0.542694
0.505689
0.567519
0.566331
0.470903
0.480587
0.510567
0.551274
0.468018
0.542413
0.538157
0.524403
0.563315
0.59744
0.521474
0.54906
0.545519
0.548424
0.52322
0.572588
0.519218
0.52428
0.525945
0.496777
0.485972
0.54452
0.527587
0.554873
0.505762
0.528026
0.56735
0.458536
0.591808
0.565331
0.514396
0.547096
0.557594
0.524215
0.568876
0.576138
0.526666
0.556667
0.4609
0.491637
0.545691
0.550008
0.489221
0.488457
0.555953
0.547287
0.57888
0.532301
0.529906
0.568387
0.566997
0.444109
0.610875
0.519866
0.515575
0.51651
0.529864
0.524098
0.59142
0.544762
0.569665
0.538653
0.53911
0.511606
0.54055
0.520094
0.580612
0.502819
0.550146
0.522331
0.576464
0.501223
0.459143
0.575575
0.444279
0.522985
0.534293
0.601151
0.538645
0.557695
0.52044
0.530922
0.520586
0.589298
0.500339
0.540267
0.60248
0.526699
0.526857
0.547078
0.477497
0.457482
0.555415
0.535601
0.543481
0.601319
0.533253
0.524956
0.469817
0.569093
0.52619
0.576481
0.543175
0.510528
0.525158
0.449664
0.529732
0.517301
0.540403
0.538276
0.45924
0.555977
0.574116
0.448654
0.545981
0.529753
0.597209
0.553403
0.478267
0.526175
0.552519
0.58851
0.525398
0.461215
0.457818
0.525071
0.468434
0.569546
0.506713
0.552055
0.472877
0.479137
0.579384
0.478956
0.554865
0.492008
0.581438
0.560017
0.471873
0.545242
0.489527
0.500166
0.576282
0.547687
0.539295
0.581859
0.53725
0.490712
0.505479
0.531391
0.532707
0.533036
0.504173
0.536853
0.536511
0.537223
0.465825
0.551254
0.528174
0.558068
0.523181
0.540324
0.516751
0.500769
0.530303
0.543654
0.522651
0.517291
0.485336
0.492869
0.50717
0.519723
0.492803
0.534883
0.525671
0.547746
0.506515
0.467825
0.514685
0.571931
0.537998
0.517599
0.551562
0.502004
0.52875
0.54085
0.494494
0.491103
0.531214
0.549783
0.508475
0.516159
0.5326
0.555336
0.530224
0.500343
0.498075
0.479532
0.468918
0.547463
0.562305
0.563529
0.530127
0.583993
0.532774
0.502631
0.57272
0.557823
0.504839
0.518434
0.478975
0.510669
0.561967
0.537247
0.559876
0.508407
0.576685
0.568784
0.546728
0.543471
0.509825
0.557522
0.547753
0.560878
0.540003
0.498927
0.521343
0.526856
0.520076
0.528601
0.561846
0.531768
0.525216
0.499605
0.525932
0.463894
0.488234
0.559932
0.514105
0.546831
0.55586
0.529043
0.523668
0.510632
0.520842
0.546575
0.521766
0.50889
0.611044
0.612521
0.597563
0.479734
0.506532
0.525148
0.523043
0.532977
0.533282
0.499785
0.51916
0.55645
0.557979
0.531527
0.527212
0.535249
0.550177
0.500678
0.565811
0.508709
0.545224
0.514182
0.501607
0.565916
0.528862
0.55056
0.548058
0.508725
0.511443
0.510211
0.501007
0.567912
0.547528
0.543695
0.549246
0.576198
0.508464
0.498459
0.56282
0.560954
0.565327
0.531904
0.533674
0.556117
0.558483
0.511987
0.53026
0.533036
0.51194
0.583197
0.541865
0.540536
0.54516
0.54428
0.523065
0.552075
0.508944
0.559046
0.523103
0.510791
0.581217
0.579743
0.553499
0.535527
0.497072
0.549205
0.534524
0.52567
0.559035
0.543233
0.559419
0.61641
0.541962
0.49653
0.584547
0.563578
0.508768
0.551828
0.558563
0.545312
0.558751
0.500975
0.539434
0.526473
0.569177
0.541482
0.512663
0.559035
0.513199
0.534286
0.530873
0.539016
0.530234
0.512795
0.507705
0.525164
0.550165
0.510695
0.564497
0.547403
0.531934
0.583142
0.517166
0.528553
0.524236
0.503373
0.527153
0.545222
0.529247
0.539282
0.514156
0.551128
0.562537
0.568647
0.542313
0.520212
0.578762
0.504955
0.565272
0.533129
0.482433
0.5366
0.527527
0.482105
0.541191
0.579062
0.560719
0.526711
0.504398
0.517932
0.528609
0.537535
0.498924
0.503466
0.519353
0.546753
0.562607
0.469835
0.53903
0.52447
0.521699
0.525933
0.508788
0.545406
0.491285
0.548055
0.563843
0.489515
0.508147
0.559489
0.489398
0.522292
0.525067
0.522659
0.558769
0.504714
0.522911
0.516339
0.506979
0.500651
0.536707
0.518171
0.519239
0.495256
0.543158
0.511888
0.558162
0.507173
0.510357
0.474198
0.556954
0.506638
0.601192
0.531147
0.576617
0.52684
0.551679
0.554052
0.52134
0.560296
0.575986
0.54687
0.546755
0.592934
0.540124
0.501809
0.529365
0.525717
0.538561
0.528046
0.577331
0.515747
0.529993
0.532633
0.462812
0.545551
0.506691
0.503353
0.525878
0.553154
0.487934
0.50048
0.503838
0.530165
0.54028
0.559465
0.52764
0.50429
0.499923
0.466926
0.52761
0.560792
0.546064
0.552871
0.544802
0.537942
0.623619
0.493512
0.506989
0.601537
0.549153
0.525889
0.499496
0.527606
0.502592
0.576447
0.532899
0.498277
0.503598
0.529258
0.5528
0.529783
0.562637
0.531999
0.525089
0.539912
0.505885
0.534411
0.5363
0.509716
0.543393
0.545865
0.554871
0.495552
0.498215
0.487289
0.514957
0.509267
0.518639
0.506832
0.502852
0.536188
0.518788
0.512019
0.502087
0.564406
0.538231
0.581416
0.500641
0.512147
0.538673
0.527474
0.512697
0.531301
0.510697
0.518761
0.530962
0.533202
0.538076
0.534993
0.506089
0.547637
0.491158
0.489313
0.555157
0.537731
0.523688
0.548305
0.575039
0.545628
0.536512
0.550641
0.456046
0.459484
0.533764
0.547034
0.523825
0.574731
0.531304
0.573101
0.542189
0.483346
0.526595
0.549897
0.555537
0.4767
0.520436
0.512396
0.547912
0.503455
0.450709
0.495601
0.561434
0.540299
0.542396
0.543823
0.516479
0.528777
0.570549
0.530903
0.555644
0.535144
0.522561
0.568553
0.542077
0.525805
0.54415
0.573364
0.533907
0.524587
0.492514
0.533127
0.508617
0.55715
0.542144
0.525996
0.539125
0.508003
0.482065
0.502067
0.501698
0.515339
0.505893
0.457379
0.538094
0.540817
0.487185
0.523248
0.57433
0.560889
0.484857
0.519421
0.578801
0.567949
0.484669
0.510993
0.516335
0.565026
0.528367
0.491789
0.590242
0.554216
0.494922
0.57002
0.520541
0.542965
0.500107
0.475631
0.583906
0.530798
0.547639
0.524689
0.527832
0.538947
0.53021
0.499244
0.539631
0.516582
0.530645
0.512731
0.501172
0.468403
0.579153
0.524431
0.536686
0.511292
0.551723
0.589729
0.542988
0.547709
0.490168
0.567355
0.576253
0.612362
0.531055
0.506922
0.58959
0.581628
0.548078
0.527563
0.510789
0.516586
0.494002
0.500257
0.556041
0.475294
0.528419
0.52949
0.519666
0.566272
0.497525
0.498446
0.5205
0.597809
0.55993
0.562618
0.576058
0.524377
0.514582
0.525828
0.516529
0.542567
0.58556
0.576127
0.499274
0.545447
0.54541
0.513552
0.504854
0.522091
0.587979
0.528171
0.568562
0.589052
0.505628
0.509797
0.589636
0.536077
0.548989
0.585416
0.505726
0.552346
0.504204
0.550244
0.530034
0.51188
0.526854
0.524292
0.484363
0.550389
0.524019
0.523533
0.52546
0.525921
0.563479
0.503315
0.543689
0.543623
0.516582
0.555004
0.544285
0.520755
0.577966
0.521336
0.528823
0.547834
0.523122
0.550752
0.540859
0.522664
0.534604
0.527802
0.504892
0.480696
0.500481
0.490759
0.495197
0.539214
0.520602
0.495324
0.568569
0.512015
0.521981
0.522573
0.540872
0.504792
0.542871
0.51763
0.508334
0.535692
0.511204
0.504552
0.581171
0.523693
0.528703
0.510392
0.4893
0.51386
0.497646
0.451308
0.496526
0.544865
0.570161
0.584892
0.530359
0.519509
0.506046
0.444302
0.51987
0.484095
0.55982
0.570315
0.49775
0.477342
0.485604
0.546515
0.527903
0.48588
0.484267
0.455505
0.549537
0.529052
0.499652
0.535432
0.545125
0.518349
0.553635
0.524957
0.506574
0.571472
0.555536
0.504397
0.558532
0.488049
0.535129
0.562802
0.530748
0.547849
0.54991
0.587267
0.54379
0.526368
0.522839
0.496749
0.515198
0.527943
0.524471
0.524839
0.525829
0.498134
0.492144
0.522172
0.528088
0.499639
0.5756
0.51233
0.571547
0.557821
0.53286
0.550528
0.492595
0.570643
0.531704
0.527735
0.548377
0.521598
0.539686
0.489123
0.48568
0.548294
0.526841
0.545113
0.564586
0.564886
0.563308
0.519381
0.520606
0.520488
0.480546
0.501343
0.542698
0.50153
0.543027
0.549896
0.545571
0.513753
0.550659
0.594384
0.584126
0.496164
0.541783
0.494025
0.547653
0.527416
0.533397
0.600193
0.505677
0.535307
0.587925
0.546241
0.571365
0.507076
0.487194
0.492271
0.507603
0.464414
0.548762
0.474042
0.502909
