0.466229
0.498581
0.488082
0.52251
0.432988
0.46343
0.483407
0.53259
0.530633
0.514146
0.513496
0.531719
0.529845
0.506513
0.4945
0.485326
0.48142
0.506643
0.525928
0.496872
0.52913
0.530481
0.529803
0.532812
0.531585
0.587866
0.537995
0.540134
0.541386
0.50984
0.523403
0.52564
0.512336
0.504354
0.492841
0.495692
0.493638
0.475062
0.481316
0.478759
0.488916
0.477218
0.460366
0.536161
0.536104
0.523183
0.517521
0.520721
0.682446
0.628868
0.658431
0.541995
0.539291
0.47961
0.493675
0.57281
0.558086
0.550665
0.55048
0.555845
0.581527
0.551592
0.509574
0.511616
0.532216
0.54466
0.529046
0.564316
0.557666
0.571319
0.468975
0.482413
0.539082
0.543263
0.539602
0.519445
0.501424
0.498125
0.567662
0.59026
0.574795
0.589393
0.62403
0.6573
0.560444
0.531002
0.547068
0.55182
0.557751
0.561506
0.506474
0.558553
0.509256
0.538104
0.544274
0.544576
0.566001
0.607484
0.64759
0.526329
0.530216
0.544356
0.528453
0.515972
0.505027
0.5032
0.565195
0.526777
0.533162
0.472232
0.481123
0.500247
0.501568
0.532231
0.52086
0.523151
0.518322
0.516295
0.525914
0.520205
0.507015
0.483373
0.541819
0.532928
0.535823
0.542945
0.548035
0.539821
0.560768
0.515265
0.511073
0.592263
0.57614
0.557024
0.510887
0.518958
0.506178
0.569468
0.5722
0.601134
0.567475
0.497838
0.498133
0.477729
0.556753
0.510769
0.672646
0.53996
0.54673
0.567394
0.549125
0.569582
0.546984
0.548177
0.541891
0.603656
0.539597
0.454742
0.516428
0.511291
0.515463
0.524866
0.480325
0.487188
0.475665
0.528335
0.466417
0.472926
0.543373
0.478286
0.599598
0.634642
0.546225
0.558952
0.572901
0.559196
0.519459
0.538575
0.511842
0.475625
0.536076
0.529155
0.534865
0.526497
0.457383
0.46882
0.484177
0.508691
0.492702
0.604565
0.542837
0.53869
0.538582
0.525643
0.516537
0.521104
0.551992
0.54176
0.484876
0.48979
0.469705
0.476862
0.491814
0.496932
0.555142
0.509531
0.51039
0.533402
0.547517
0.551598
0.544261
0.544537
0.535533
0.538895
0.539183
0.498306
0.495898
0.518771
0.479519
0.486529
0.488512
0.568343
0.46672
0.492447
0.55327
0.553173
0.509652
0.507346
0.52618
0.52725
0.49751
0.536921
0.546303
0.547981
0.581668
0.574573
0.516941
0.513299
0.542951
0.54041
0.532619
0.525926
0.532382
0.55555
0.493081
0.55621
0.539512
0.508169
0.456912
0.557829
0.529361
0.473229
0.495682
0.500733
0.524558
0.524349
0.572145
0.571565
0.535402
0.516625
0.518098
0.572484
0.499307
0.495705
0.506802
0.504464
0.546417
0.518434
0.564817
0.536221
0.465095
0.506012
0.509318
0.512895
0.519051
0.506909
0.490354
0.514425
0.518869
0.549264
0.512737
0.530603
0.485916
0.489193
0.499573
0.496087
0.545535
0.547315
0.576177
0.580483
0.5725
0.54753
0.538586
0.474139
0.541662
0.554082
0.54325
0.551404
0.564012
0.573407
0.604719
0.512813
0.510443
0.512569
0.541852
0.51451
0.529694
0.463145
0.577434
0.568107
0.55592
0.579963
0.556382
0.515568
0.515028
0.544522
0.471979
0.473233
0.46651
0.47696
0.549697
0.490844
0.48153
0.492609
0.528209
0.514936
0.530849
0.521721
0.533599
0.495735
0.500913
0.558291
0.603786
0.592155
0.494997
0.472032
0.503754
0.491227
0.47274
0.520469
0.51265
0.537999
0.542618
0.535971
0.485736
0.473235
0.576539
0.557341
0.560861
0.499052
0.51011
0.480523
0.526615
0.533345
0.571511
0.521478
0.52701
0.493013
0.49562
0.554213
0.55636
0.550691
0.516713
0.52014
0.541727
0.564435
0.539886
0.53833
0.545023
0.544753
0.490011
0.510576
0.486159
0.563363
0.548695
0.523638
0.524757
0.478511
0.472411
0.559121
0.529995
0.536364
0.544917
0.552721
0.458415
0.464382
0.549673
0.543192
0.52758
0.530987
0.491937
0.507765
0.525664
0.526183
0.525276
0.546447
0.576965
0.476461
0.550086
0.522904
0.498597
0.528312
0.529922
0.488384
0.490244
0.599504
0.581328
0.574756
0.513566
0.52728
0.500347
0.599719
0.543708
0.54591
0.496753
0.502919
0.53064
0.530137
0.532862
0.508876
0.529652
0.529375
0.525944
0.527443
0.530431
0.553973
0.547837
0.481618
0.47562
0.59887
0.545412
0.547862
0.516208
0.546785
0.543634
0.574381
0.555098
0.556509
0.567264
0.536446
0.537949
0.528394
0.527208
0.508128
0.551105
0.512146
0.500129
0.526488
0.522684
0.518838
0.493252
0.494346
0.539286
0.534477
0.492908
0.568534
0.550087
0.501116
0.513688
0.540989
0.537458
0.526026
0.474894
0.492807
0.483607
0.592823
0.586005
0.529837
0.523147
0.521875
0.503174
0.495352
0.514191
0.51224
0.53229
0.511627
0.51964
0.520296
0.476479
0.501629
0.491631
0.494615
0.507172
0.504973
0.509108
0.552701
0.546345
0.565669
0.546613
0.483956
0.481329
0.553275
0.486531
0.502768
0.488305
0.523954
0.53787
0.503868
0.500172
0.542864
0.442587
0.550289
0.552356
0.555676
0.563147
0.502056
0.504228
0.50189
0.535041
0.542282
0.528701
0.526456
0.510033
0.511845
0.509622
0.606261
0.569875
0.587913
0.528063
0.527409
0.495312
0.497932
0.493912
0.482743
0.49148
0.485231
0.496892
0.557228
0.524933
0.546171
0.497685
0.569221
0.548002
0.543587
0.54981
0.580541
0.562339
0.501437
0.504307
0.524113
0.544106
0.533379
0.553082
0.543772
0.532721
0.534944
0.541782
0.546077
0.538922
0.559546
0.574038
0.533531
0.531141
0.534181
0.502427
0.504696
0.569275
0.49674
0.495025
0.528988
0.523863
0.530933
0.526777
0.503264
0.521392
0.543294
0.548596
0.502712
0.555626
0.566008
0.553027
0.563317
0.549845
0.548401
0.545026
0.521492
0.5056
0.515003
0.526285
0.526418
0.52596
0.544942
0.57781
0.527172
0.530343
0.517068
0.543337
0.580831
0.536558
0.539729
0.547298
0.591718
0.566857
0.552234
0.537936
0.524937
0.520954
0.548729
0.527919
0.567173
0.50221
0.472308
0.484733
0.518163
0.57829
0.547793
0.513745
0.56828
0.494071
0.563449
0.551542
0.500639
0.527404
0.564876
0.464036
0.57174
0.571702
0.550995
0.559682
0.550642
0.482071
0.494299
0.539093
0.557998
0.566088
0.581381
0.537749
0.50042
0.509946
0.503508
0.510213
0.541527
0.541857
0.548072
0.547544
0.540307
0.526178
0.520358
0.516966
0.550379
0.543049
0.52745
0.532732
0.508752
0.516327
0.569324
0.509812
0.554794
0.556444
0.499172
0.486065
0.5234
0.524158
0.521792
0.521603
0.5185
0.521385
0.52837
0.527128
0.49122
0.505822
0.552683
0.537948
0.506386
0.506719
0.523655
0.496994
0.519836
0.532296
0.550981
0.551105
0.49004
0.579474
0.587971
0.551324
0.554107
0.553131
0.631923
0.586745
0.58114
0.599522
0.533802
0.532768
0.524746
0.523951
0.551624
0.571129
0.537638
0.542007
0.530987
0.495534
0.508406
0.524443
0.471216
0.486689
0.563757
0.560915
0.567367
0.55128
0.478415
0.486359
0.597512
0.510378
0.537843
0.496823
0.559168
0.531262
0.47941
0.486655
0.569717
0.531265
0.531075
0.529825
0.558814
0.532903
0.539374
0.549341
0.571455
0.543271
0.600109
0.571313
0.567887
0.553953
0.480938
0.572709
0.592485
0.570852
0.648267
0.510875
0.495455
0.486598
0.507462
0.4916
0.515665
0.508128
0.513839
0.51869
0.537592
0.530232
0.528787
0.524658
0.524446
0.557888
0.559051
0.580625
0.523166
0.550526
0.495351
0.585882
0.462981
0.475443
0.534331
0.533076
0.523778
0.491989
0.51017
0.457288
0.474478
0.459687
0.548277
0.476746
0.481739
0.511066
0.509768
0.543633
0.539957
0.612788
0.641494
0.543822
0.492745
0.513243
0.493799
0.48439
0.557829
0.560637
0.538917
0.547555
0.539307
0.557077
0.518957
0.514976
0.513567
0.530523
0.522663
0.525709
0.531332
0.544835
0.610267
0.585546
0.596394
0.614772
0.547636
0.544161
0.564567
0.538185
0.535726
0.532544
0.516145
0.544783
0.507529
0.52537
0.511786
0.54496
0.525705
0.526252
0.458332
0.446227
0.469993
0.468072
0.557918
0.542046
0.544771
0.549445
0.578811
0.538943
0.49428
0.455124
0.55399
0.552877
0.538657
0.486961
0.54032
0.47485
0.551434
0.538881
0.488699
0.560055
0.584769
0.565266
0.507479
0.552324
0.471743
0.479955
0.577179
0.510866
0.497974
0.512079
0.517948
0.510963
0.514265
0.482712
0.537274
0.520696
0.561853
0.557375
0.482735
0.457722
0.507269
0.557785
0.566177
0.562354
0.498699
0.476306
0.47144
0.501849
0.553349
0.541245
0.539016
0.53498
0.541239
0.539894
0.523875
0.503201
0.512618
0.470172
0.514761
0.507518
0.510143
0.469919
0.479841
0.56417
0.507636
0.511699
0.567192
0.569908
0.565082
0.557495
0.521408
0.471996
0.524508
0.525463
0.47155
0.511935
0.538863
0.544611
0.550071
0.535234
0.528391
0.498304
0.522507
0.507569
0.507901
0.475693
0.478698
0.521011
0.464779
0.467307
0.492041
0.473961
0.682502
0.456521
0.485749
0.465002
0.467876
0.482757
0.507474
0.635643
0.649282
0.522739
0.529175
0.541414
0.555797
0.548966
0.608872
0.524623
0.539487
0.548927
0.572281
0.54329
0.493441
0.4966
0.507231
0.560186
0.590327
0.457913
0.482185
0.589337
0.574852
0.542318
0.574373
0.502513
0.534547
0.518267
0.520361
0.491971
0.628017
0.621126
0.559189
0.464098
0.582492
0.579819
0.54173
0.579364
0.524979
0.524381
0.535956
0.566929
0.523035
0.495452
0.467259
0.548952
0.547538
0.472035
0.471858
0.469279
0.544244
0.546994
0.501641
0.554787
0.494162
0.486102
0.557586
0.539825
0.537097
0.472224
0.503601
0.508702
0.545228
0.540548
0.522699
0.531448
0.558836
0.548425
0.542821
0.59235
0.539072
0.541505
0.545874
0.575366
0.46725
0.474273
0.573006
0.479624
0.585062
0.575718
0.474337
0.456634
0.537243
0.497229
0.580474
0.512673
0.522611
0.515946
0.498679
0.479531
0.50601
0.451979
0.498845
0.536715
0.535912
0.534194
0.495354
0.54905
0.520895
0.522253
0.523364
0.51677
0.531139
0.513691
0.536427
0.525946
0.536479
0.533469
0.474434
0.498103
0.492094
0.625498
0.617767
0.532171
0.589588
0.575657
0.552507
0.643289
0.502491
0.48654
0.542598
0.572339
0.507885
0.504948
0.509319
0.497278
0.480482
0.511329
0.511187
0.490864
0.48951
0.550378
0.547525
0.482446
0.558198
0.547333
0.463621
0.527952
0.553548
0.523216
0.536864
0.586243
0.538771
0.542132
0.535064
0.578934
0.556258
0.582008
0.543027
0.531472
0.545339
0.532012
0.552194
0.554513
0.531793
0.534544
0.452912
0.464695
0.47946
0.567948
0.596619
0.503917
0.528261
0.505376
0.504945
0.521294
0.446603
0.514868
0.525127
0.531275
0.535863
0.484733
0.490815
0.509456
0.518697
0.507469
0.518725
0.573458
0.492247
0.505014
0.506784
0.537664
0.476388
0.557365
0.538021
0.534755
0.532455
0.530842
0.535451
0.47477
0.47627
0.481194
0.523417
0.556114
0.518754
0.515201
0.543298
0.547092
0.552656
0.538962
0.534395
0.568748
0.534526
0.497729
0.493725
0.550929
0.55914
0.550034
0.558588
0.544831
0.535687
0.520724
0.544865
0.54149
0.563639
0.491204
0.579674
0.511672
0.522001
0.530833
0.51917
0.503595
0.544156
0.554558
0.538654
0.510698
0.504426
0.458825
0.547882
0.556336
0.554954
0.541971
0.598441
0.492394
0.542899
0.588381
0.564136
0.496606
0.552146
0.553015
0.53381
0.530776
0.537138
0.590807
0.498595
0.554521
0.538656
0.492313
0.569836
0.564236
0.541701
0.547182
0.558292
0.527378
0.529421
0.530612
0.534609
0.525968
0.508269
0.514772
0.58402
0.568368
0.589505
0.542235
0.539416
0.475423
0.559617
0.515662
0.522318
0.572775
0.565241
0.464117
0.47969
0.502272
0.529834
0.531048
0.468378
0.528853
0.525215
0.581785
0.497058
0.563789
0.473057
0.568144
0.503682
0.553836
0.546477
0.571423
0.537464
0.525097
0.600301
0.475551
0.566514
0.591869
0.573076
0.552501
0.473097
0.522518
0.497832
0.496677
0.612694
0.568705
0.554311
0.547072
0.535919
0.540913
0.496112
0.492948
0.500026
0.522684
0.499057
0.487218
0.485322
0.466998
0.4745
0.532973
0.495289
0.524911
0.509851
0.451014
0.493935
0.483737
0.565177
0.569648
0.550024
0.527857
0.531791
0.529321
0.489072
0.500585
0.505222
0.519514
0.521726
0.481626
0.554286
0.554183
0.548877
0.531923
0.457553
0.478425
0.587642
0.581109
0.542798
0.535858
0.571443
0.450769
0.560999
0.57755
0.568017
0.583363
0.588434
0.536492
0.603452
0.539139
0.540529
0.477144
0.489218
0.527091
0.563732
0.501774
0.505542
0.51568
0.505748
0.504631
0.525194
0.5295
0.524873
0.524931
0.546901
0.527002
0.562946
0.554383
0.530585
0.512706
0.533074
0.526112
0.536564
0.524872
0.542979
0.445727
0.54523
0.478779
0.524841
0.512281
0.511867
0.483128
0.484282
0.507655
0.513452
0.504875
0.574902
0.568258
0.554757
0.565055
0.540198
0.532099
0.555168
0.466684
0.567491
0.562714
0.56106
0.569366
0.630002
0.516441
0.513019
0.590232
0.519468
0.521613
0.447171
0.571264
0.550813
0.550227
0.555246
0.545805
0.544773
0.52409
0.524271
0.55103
0.559545
0.555172
0.513574
0.494419
0.557824
0.564809
0.470334
0.516215
0.535158
0.493019
0.503986
0.522262
0.521584
0.570228
0.51645
0.511599
0.549607
0.556078
0.465331
0.477897
0.520239
0.492373
0.582891
0.469691
0.556962
0.57099
0.493843
0.495888
0.570882
0.577625
0.559203
0.572518
0.441627
0.482874
0.490899
0.451296
0.550728
0.547164
0.521866
0.55428
0.529244
0.562024
0.576496
0.514404
0.524416
0.555828
0.54912
0.523829
0.454336
0.520907
0.518964
0.460246
0.529895
0.446707
0.547451
0.547291
0.553987
0.578277
0.50723
0.451817
0.455182
0.457298
0.48081
0.451723
0.579822
0.469651
0.512296
0.516284
0.517759
0.579105
0.524577
0.544897
0.533147
0.531947
0.525547
0.552672
0.544206
0.584537
0.534466
0.5024
0.507307
0.516182
0.519752
0.506133
0.537544
0.45654
0.524796
0.472879
0.469994
0.512443
0.515166
0.498057
0.488469
0.541614
0.542558
0.500295
0.498766
0.468721
0.479285
0.565881
0.57404
0.546003
0.556408
0.534065
0.533515
0.563633
0.563621
0.496676
0.486929
0.526655
0.580246
0.508946
0.479325
0.595947
0.573721
0.57053
0.526073
0.530778
0.497422
0.499541
0.587652
0.595631
0.521061
0.542755
0.495319
0.574956
0.553483
0.552817
0.558607
0.561024
0.520628
0.543332
0.542943
0.520454
0.540712
0.552041
0.519426
0.455437
0.496909
0.53181
0.589011
0.561857
0.568981
0.592762
0.557751
0.501297
0.500235
0.499657
0.493471
0.520584
0.539966
0.521822
0.547102
0.471924
0.568963
0.497224
0.505641
0.527824
0.512329
0.503656
0.553439
0.565957
0.532937
0.559435
0.547575
0.537413
0.537201
0.511994
0.526822
0.539811
0.545737
0.589175
0.554721
0.533557
0.548502
0.557231
0.456279
0.472607
0.550479
0.553796
0.52151
0.613786
0.450445
0.563982
0.548221
0.521982
0.520207
0.502756
0.566004
0.571731
0.576143
0.541101
0.536227
0.537683
0.547749
0.549586
0.444479
0.552639
0.585155
0.573677
0.538106
0.547105
0.589945
0.543923
0.548595
0.550569
0.542426
0.535448
0.563081
0.635123
0.472689
0.571836
0.536589
0.442834
0.548252
0.590324
0.596046
0.552854
0.568646
0.531785
0.538944
0.509488
0.588999
0.45678
0.480042
0.468565
0.577165
0.571752
0.54346
0.533441
0.563291
0.454229
0.448641
0.43005
0.534711
0.546881
0.479877
0.556378
0.54915
0.4477
0.535106
0.485542
0.482459
0.520443
0.520392
0.531634
0.520279
0.508833
0.451282
0.503175
0.513556
0.536349
0.559255
0.551827
0.588979
0.47906
0.574466
0.577375
0.578374
0.519187
0.55763
0.50049
0.563372
0.499111
0.522202
0.49975
0.54966
0.45822
0.496902
0.553871
0.530802
0.520207
0.561438
0.546876
0.536376
0.534939
0.520694
0.566261
0.542929
0.473033
0.475151
0.530669
0.527009
0.464001
0.545516
0.481651
0.469672
0.488171
0.495548
0.581697
0.519852
0.464239
0.475846
0.517872
0.570215
0.519928
0.526784
0.464579
0.478285
0.493529
0.490912
0.511982
0.456195
0.56935
0.538079
0.525087
0.530714
0.53605
0.537311
0.569784
0.543245
0.539863
0.512404
0.497933
0.511478
0.527081
0.473019
0.491219
0.574936
0.523816
0.499828
0.57173
0.524684
0.524123
0.481302
0.523487
0.544958
0.502829
0.542534
0.536079
0.476022
0.500662
0.575567
0.55998
0.579262
0.544167
0.553633
0.506135
0.532885
0.570901
0.449056
0.618854
0.555629
0.482791
0.540535
0.514511
0.50582
0.534208
0.494529
0.576392
0.545342
0.549508
0.51553
0.542589
0.583667
0.483545
0.4404
0.497982
0.583671
0.545488
0.48933
0.55124
0.61082
0.556256
0.484055
0.537299
0.580872
0.561629
0.460108
0.561204
0.569893
0.523662
0.488638
0.589189
0.472586
0.481385
0.459919
0.558743
0.477013
0.494843
0.535974
0.556302
0.507885
0.503047
0.513041
0.564564
0.56206
0.580537
0.544718
0.576757
0.518333
0.50596
0.491058
0.493359
0.541157
0.531781
0.55754
0.466985
0.550898
0.555581
0.478861
0.510953
0.470651
0.563145
0.506617
0.500901
0.584408
0.586017
0.533588
0.527505
0.519002
0.534808
0.596463
0.547065
0.52432
0.461476
0.587807
0.483651
0.505325
0.531314
0.471819
0.546624
0.552097
0.567077
0.458128
0.578435
0.531222
0.520225
0.496315
0.458898
0.550516
0.550498
0.569862
0.451049
0.552856
0.513286
0.54879
0.549619
0.590728
0.591438
0.53583
0.497994
0.526128
0.517613
0.524821
0.47866
0.550319
0.477242
0.451883
0.537776
0.528706
0.558722
0.540179
0.582099
0.581629
0.568131
0.576628
0.480606
0.485563
0.569082
0.55902
0.463321
0.511513
0.51307
0.51983
0.535352
0.510153
0.526722
0.52769
0.536761
0.540811
0.516944
0.514815
0.557663
0.586026
0.513476
0.542308
0.516277
0.525416
0.462873
0.555169
0.460899
0.58172
0.533067
0.563497
0.5454
0.516393
0.471677
0.482184
0.587528
0.592633
0.543479
0.573266
0.560106
0.49611
0.496374
0.563275
0.550617
0.49918
0.593094
0.560401
0.544418
0.550533
0.575703
0.505939
0.547441
0.588985
0.561043
0.50439
0.478551
0.484377
0.48733
0.46587
0.532139
0.532641
0.491337
0.507718
0.468485
0.602157
0.574917
0.524362
0.46978
0.465639
0.516271
0.471636
0.554067
0.557322
0.559449
0.567129
0.544323
0.589056
0.50183
0.5504
0.46192
0.450121
0.530002
0.484739
0.53559
0.542272
0.510469
0.551156
0.525026
0.558296
0.559218
0.500464
0.494032
0.50783
0.532282
0.534822
0.531556
0.518965
0.534858
0.530989
0.510031
0.522853
0.555273
0.551921
0.558856
0.574332
0.559402
0.545573
0.528517
0.555509
0.569933
0.58348
0.584615
0.5125
0.567909
0.475172
0.563354
0.502461
0.525539
0.525623
0.520423
0.509551
0.519703
0.500124
0.53298
0.559198
0.552177
0.518996
0.529103
0.532919
0.538463
0.555989
0.497519
0.569654
0.503182
0.535454
0.522716
0.549956
0.555171
0.584563
0.449519
0.446395
0.49211
0.496673
0.565096
0.576239
0.586141
0.535786
0.548565
0.531806
0.538161
0.589873
0.538087
0.564425
0.563956
0.559303
0.516723
0.546417
0.536683
0.499812
0.49833
0.584161
0.493511
0.483213
0.534008
0.471072
0.481382
0.499664
0.460105
0.503164
0.496525
0.469451
0.543002
0.542275
0.542712
0.531853
0.534257
0.511702
0.51904
0.556253
0.522978
0.489999
0.581542
0.518991
0.589152
0.517559
0.462437
0.460199
0.552972
0.492643
0.546515
0.486856
0.550555
0.5459
0.530885
0.565404
0.495386
0.471785
0.454391
0.467711
0.589485
0.506488
0.5161
0.512023
0.562647
0.554852
0.543555
0.518541
0.566315
0.567217
0.593942
0.528605
0.565452
0.461243
0.45938
0.488915
0.556964
0.51512
0.574818
0.550115
0.549706
0.552255
0.563244
0.506038
0.461319
0.607076
0.565886
0.514729
0.527972
0.530375
0.526397
0.588159
0.583913
0.543186
0.537127
0.450028
0.553333
0.552166
0.59078
0.550991
0.583659
0.558524
0.486949
0.508507
0.531797
0.541849
0.462183
0.58066
0.506941
0.526047
0.54591
0.586891
0.525815
0.492825
0.588923
0.52684
0.541092
0.538728
0.557405
0.519413
0.442432
0.533372
0.521614
0.580455
0.596746
0.525002
0.456641
0.55799
0.510943
0.533455
0.551413
0.488324
0.484226
0.538664
0.486622
0.526321
0.524466
0.544464
0.561456
0.532197
0.531839
0.52848
0.575333
0.489361
0.544063
0.535878
0.445677
0.451318
0.533499
0.576071
0.449172
0.554971
0.531766
0.548198
0.540497
0.480336
0.523481
0.481931
0.51998
0.57311
0.465749
0.46506
0.524396
0.471972
0.504468
0.555954
0.475064
0.556388
0.519912
0.512198
0.53841
0.53129
0.49411
0.517738
0.543061
0.468565
0.496075
0.589873
0.502779
0.594304
0.528143
0.472038
0.533635
0.531924
0.541472
0.581448
0.537023
0.593746
0.529952
0.52523
0.517552
0.555673
0.517523
0.521665
0.518657
0.503654
0.491133
0.519111
0.510402
0.553188
0.521424
0.491149
0.501643
0.475877
0.504648
0.53824
0.499831
0.530335
0.496883
0.515432
0.534473
0.577887
0.505336
0.505018
0.535156
0.536166
0.502106
0.474374
0.542897
0.525833
0.655942
0.535414
0.52453
0.506854
0.466473
0.492425
0.499562
0.57702
0.55479
0.534365
0.535744
0.554646
0.56397
0.549002
0.518042
0.552105
0.551877
0.540767
0.518941
0.509731
0.510918
0.523815
0.510783
0.511025
0.532217
0.555567
0.524202
0.502127
0.498301
0.494293
0.490835
0.477358
0.515497
0.503748
0.584682
0.533944
0.538296
0.536901
0.541389
0.557122
0.512502
0.576491
0.547896
0.508302
0.49242
0.653032
0.6287
0.4899
0.520095
0.509931
0.49485
0.551951
0.546258
0.507171
0.586135
0.527768
0.534924
0.531702
0.503494
0.513603
0.532868
0.53391
0.538426
0.630964
0.494778
0.557866
0.560736
0.479312
0.560975
0.52503
0.541685
0.53556
0.535004
0.572691
0.526465
0.521446
0.63451
0.53298
0.538783
0.524841
0.522988
0.530029
0.489576
0.509046
0.536356
0.536205
0.51699
0.541966
0.504052
0.526858
0.543827
0.541133
0.53887
0.506738
0.601228
0.522231
0.550176
0.498681
0.553655
0.512851
0.497259
0.543222
0.516636
0.544784
0.537014
0.514131
0.527688
0.530441
0.556724
0.506292
0.503652
0.534961
0.549356
0.531183
0.532071
0.470682
0.514424
0.537794
0.555478
0.51872
0.509595
0.553921
0.526645
0.50539
0.533377
0.516619
0.53474
0.478998
0.484432
0.497203
0.538655
0.502159
0.574928
0.542436
0.551887
0.522923
0.469734
0.512149
0.552933
0.542449
0.537697
0.508589
0.50073
0.537603
0.534142
0.488152
0.519654
0.629494
0.504131
0.559214
0.525373
0.526338
0.59082
0.56137
0.53355
0.532774
0.553636
0.498485
0.508689
0.567957
0.523363
0.505917
0.504629
0.569697
0.555092
0.520406
0.527896
0.496388
0.560789
0.570279
0.544581
0.514662
0.509672
0.521041
0.55177
0.50552
0.51165
0.487306
0.532182
0.539744
0.49171
0.515368
0.478446
0.565412
0.515228
0.498429
0.535381
0.59455
0.525149
0.514417
0.540389
0.536798
0.612369
0.542868
0.507217
0.534477
0.519817
0.536216
0.475526
0.550126
0.551769
0.506089
0.546127
0.501111
0.539121
0.545485
0.525419
0.544641
0.503891
0.497103
0.512805
0.533382
0.509934
0.523932
0.474124
0.56604
0.531108
0.498387
0.496599
0.562066
0.530532
0.555747
0.533785
0.639997
0.474637
0.52866
0.507225
0.541735
0.497325
0.590872
0.527135
0.527257
0.565779
0.469883
0.506609
0.555076
0.534225
0.507802
0.541334
0.582807
0.542435
0.522755
0.547051
0.531759
0.528098
0.537638
0.546679
0.528426
0.568589
0.519167
0.530968
0.540842
0.570779
0.495223
0.533352
0.508225
0.520987
0.53318
0.638083
0.498779
0.517633
0.539648
0.543149
0.529249
0.51481
0.503377
0.540582
0.549254
0.592304
0.543306
0.532892
0.53734
0.531469
0.516379
0.504813
0.526348
0.542926
0.537062
0.54315
0.530524
0.557687
0.587716
0.548774
0.514757
0.579218
0.566096
0.525251
0.542279
0.530496
0.525359
0.510291
0.525964
0.551714
0.540569
0.539051
0.549114
0.68096
0.547917
0.554413
0.532928
0.525584
0.515055
0.537576
0.54671
0.541411
0.492884
0.532532
0.530464
0.518662
0.520132
0.515914
0.522015
0.504761
0.524875
0.528421
0.517184
0.558398
0.564355
0.554451
0.539849
0.504175
0.546092
0.495022
0.493866
0.503181
0.544996
0.543591
0.535205
0.509077
0.473621
0.54796
0.509048
0.490977
0.520971
0.564941
0.577167
0.542688
0.593069
0.497261
0.499772
0.565459
0.538913
0.500435
0.516479
0.559946
0.551774
0.502595
0.555647
0.571953
0.551044
0.554126
0.519958
0.522267
0.475593
0.510422
0.530063
0.562036
0.501497
0.479379
0.523299
0.533686
0.539232
0.479617
0.525227
0.520885
0.532196
0.571055
0.484443
0.526516
0.494891
0.494493
0.49314
0.50783
0.516714
0.540533
0.54504
0.497893
0.510488
0.654715
0.555439
0.505429
0.47635
0.49427
0.50571
0.537224
0.500344
0.549975
0.534955
0.545561
0.547993
0.55271
0.52519
0.507172
0.520108
0.571999
0.456917
0.509845
0.553394
0.495948
0.544104
0.532046
0.548172
0.555225
0.567644
0.540175
0.502502
0.497481
0.532155
0.541196
0.501579
0.512038
0.534855
0.571288
0.501667
0.534156
0.562771
0.655146
0.528606
0.5141
0.494541
0.506298
0.509021
0.527129
0.477851
0.609058
0.525645
0.611659
0.652284
0.583605
0.554121
0.517136
0.527538
0.481015
0.546242
0.53837
0.525466
0.54641
0.488263
0.567396
0.529243
0.540335
0.476011
0.655116
0.540139
0.597469
0.523419
0.477096
0.51816
0.523096
0.514455
0.508327
0.492363
0.542877
0.52397
0.493138
0.555011
0.486077
0.523725
0.581112
0.55141
0.504602
0.531174
0.5185
0.532956
0.504242
0.517856
0.549518
0.521113
0.523502
0.574847
0.539931
0.460919
0.555022
0.497652
0.465655
0.546361
0.576626
0.615641
0.502378
0.543721
0.557653
0.554472
0.526399
0.588479
0.512084
0.543097
0.538308
0.561045
0.516662
0.490506
0.495203
0.520718
0.531913
0.474704
0.572066
0.539001
0.553792
0.501598
0.533943
0.571752
0.544644
0.562277
0.502628
0.468112
0.529527
0.551343
0.557278
0.532671
0.476752
0.522298
0.5259
0.532223
0.539303
0.510006
0.575674
0.545862
0.523809
0.616563
0.542788
0.634062
0.543521
0.531528
0.569904
0.542227
0.52248
0.523433
0.54688
0.490261
0.619626
0.528937
0.514689
0.479362
0.574592
0.567269
0.513639
0.537314
0.515051
0.556241
0.539441
0.486354
0.535024
0.493311
0.552833
0.585006
0.537517
0.55075
0.557878
0.505377
0.53694
0.565027
0.545043
0.570299
0.563656
0.495744
0.547597
0.504922
0.506915
0.557421
0.620207
0.497202
0.548153
0.520728
0.540137
0.504861
0.538895
0.552542
0.518784
0.534598
0.543942
0.524467
0.523198
0.561445
0.518869
0.533814
0.566158
0.53186
0.554194
0.480449
0.535143
0.452923
0.564986
0.534028
0.544892
0.583881
0.498007
0.583135
0.595507
0.486183
0.535793
0.454101
0.495888
0.566475
0.49243
0.48664
0.547778
0.50564
0.565357
0.566334
0.525663
0.541348
0.570118
0.523038
0.524423
0.574849
0.561118
0.540045
0.555842
0.592643
0.487919
0.554861
0.469368
0.542098
0.544113
0.562582
0.589159
0.592319
0.537627
0.549852
0.564833
0.497325
0.540967
0.516471
0.53027
0.521542
0.532165
0.580935
0.553973
0.480773
