0.60957
0.585884
0.538812
0.450901
0.462898
0.525071
0.532876
0.533233
0.504489
0.517588
0.514456
0.539749
0.55231
0.554089
0.488352
0.480618
0.550181
0.554804
0.501529
0.533663
0.484716
0.529602
0.531943
0.531643
0.53365
0.530034
0.559717
0.576686
0.575569
0.545441
0.517611
0.53855
0.522641
0.526098
0.517618
0.491786
0.48972
0.46164
0.473705
0.4751
0.475645
0.494073
0.487706
0.457748
0.535413
0.534538
0.533955
0.524252
0.519
0.519031
0.556324
0.53937
0.583044
0.587539
0.549543
0.518258
0.545537
0.542957
0.54241
0.480588
0.480412
0.571813
0.562615
0.562881
0.481733
0.490365
0.527656
0.53055
0.541364
0.529542
0.557929
0.564173
0.566226
0.562855
0.561838
0.531669
0.536932
0.540625
0.517845
0.513405
0.546797
0.499666
0.498184
0.567335
0.545815
0.543707
0.557692
0.556475
0.546065
0.541965
0.521989
0.574955
0.505574
0.539368
0.541999
0.539693
0.579905
0.581642
0.522017
0.537928
0.650818
0.527873
0.536553
0.5224
0.539707
0.538179
0.546475
0.541858
0.559632
0.559687
0.524897
0.529724
0.517866
0.509585
0.503011
0.50638
0.507869
0.562926
0.517972
0.536952
0.524759
0.521666
0.53482
0.536483
0.548189
0.545026
0.48235
0.494089
0.525536
0.5117
0.516981
0.508857
0.526435
0.600627
0.558953
0.471631
0.533006
0.525599
0.519566
0.544687
0.542288
0.526315
0.541438
0.503597
0.507843
0.57455
0.554419
0.55094
0.501648
0.508768
0.503185
0.568619
0.585191
0.556896
0.470262
0.488325
0.491326
0.56183
0.556153
0.520134
0.513216
0.559381
0.538655
0.551355
0.524258
0.527926
0.532155
0.532876
0.548072
0.535362
0.494979
0.536798
0.533076
0.535217
0.496154
0.503471
0.5476
0.524426
0.520731
0.526698
0.478497
0.482263
0.479699
0.474157
0.532646
0.515041
0.460811
0.472222
0.553174
0.533501
0.479104
0.517205
0.52914
0.607466
0.548459
0.555066
0.565401
0.452314
0.529756
0.50991
0.524079
0.51378
0.544657
0.513538
0.459352
0.486885
0.535604
0.4771
0.473898
0.496653
0.519007
0.516329
0.488052
0.477919
0.501525
0.486036
0.466694
0.571766
0.542503
0.539104
0.537068
0.464429
0.526474
0.508535
0.522425
0.545851
0.541965
0.543045
0.486328
0.484094
0.47846
0.475023
0.476402
0.499391
0.5125
0.509313
0.508121
0.554654
0.556823
0.562927
0.483788
0.50857
0.525014
0.48642
0.487606
0.539453
0.537423
0.575641
0.468289
0.490328
0.55951
0.551769
0.513769
0.527867
0.506678
0.500571
0.530463
0.525819
0.495167
0.492285
0.483187
0.489068
0.548741
0.561489
0.553444
0.574963
0.55355
0.478602
0.481074
0.511963
0.528588
0.5271
0.535527
0.551427
0.546366
0.47765
0.505058
0.57275
0.451394
0.473356
0.501428
0.497505
0.487283
0.540056
0.570031
0.571983
0.552064
0.512581
0.5233
0.567825
0.556853
0.503326
0.494569
0.506677
0.549419
0.549553
0.531655
0.522274
0.480802
0.460402
0.507476
0.510351
0.511585
0.491904
0.519769
0.508481
0.530412
0.491215
0.491672
0.482693
0.491973
0.552473
0.555564
0.537188
0.577515
0.5564
0.537139
0.533516
0.537626
0.461658
0.495005
0.470509
0.57354
0.592762
0.564402
0.554901
0.578415
0.606996
0.578445
0.504497
0.516985
0.532746
0.533744
0.529588
0.459061
0.576073
0.552433
0.551617
0.560364
0.546223
0.521977
0.517554
0.518075
0.51799
0.543231
0.552111
0.477556
0.467712
0.53835
0.5551
0.485747
0.521656
0.475487
0.520478
0.522565
0.55958
0.558232
0.537562
0.50876
0.581133
0.477637
0.46254
0.542877
0.538455
0.548271
0.490525
0.472012
0.486693
0.525726
0.560799
0.491275
0.521534
0.49132
0.476829
0.498068
0.559083
0.556821
0.46457
0.542476
0.543437
0.513566
0.529026
0.539352
0.542193
0.558377
0.48947
0.511748
0.492313
0.489773
0.557308
0.557662
0.522505
0.497335
0.47374
0.482536
0.559151
0.561643
0.544893
0.533916
0.551028
0.551766
0.547248
0.468698
0.476758
0.545934
0.554851
0.548886
0.539535
0.484002
0.500843
0.526261
0.526608
0.525129
0.549329
0.571799
0.492124
0.488757
0.543126
0.51194
0.512152
0.532136
0.527703
0.531752
0.484458
0.483369
0.4869
0.565447
0.452524
0.457461
0.581509
0.571126
0.510529
0.528377
0.543421
0.493995
0.497851
0.561985
0.561682
0.49903
0.531584
0.531521
0.534971
0.515143
0.531267
0.529689
0.524862
0.545649
0.540913
0.512674
0.507838
0.463853
0.521764
0.584987
0.552986
0.548447
0.551194
0.55314
0.548804
0.548431
0.524364
0.564637
0.5283
0.527529
0.524213
0.524995
0.492637
0.551343
0.551828
0.505141
0.497983
0.552601
0.52338
0.576872
0.491741
0.512407
0.494973
0.539768
0.540768
0.491289
0.502066
0.570084
0.543853
0.539227
0.539258
0.519643
0.462773
0.458262
0.49272
0.550704
0.567219
0.509939
0.529648
0.51963
0.521355
0.493379
0.512762
0.502988
0.535451
0.541419
0.510644
0.512858
0.518054
0.585201
0.589173
0.535597
0.46951
0.482329
0.513886
0.509132
0.492788
0.492881
0.510201
0.550869
0.54511
0.567724
0.477745
0.471714
0.530426
0.484181
0.495915
0.487224
0.526588
0.534392
0.488867
0.490319
0.496705
0.547742
0.544006
0.563059
0.54792
0.552588
0.524432
0.581754
0.557603
0.557526
0.548252
0.507264
0.503397
0.541009
0.52634
0.518143
0.511871
0.508204
0.511291
0.510432
0.50538
0.475727
0.476013
0.565555
0.536676
0.575773
0.52935
0.527128
0.493193
0.491444
0.4826
0.490545
0.498987
0.559509
0.571133
0.577989
0.475497
0.502044
0.535996
0.560836
0.558391
0.565012
0.538566
0.504289
0.504844
0.518214
0.53824
0.54678
0.551734
0.509416
0.523399
0.513176
0.550929
0.526081
0.557204
0.553874
0.543046
0.546723
0.536669
0.573153
0.516159
0.526352
0.577273
0.525582
0.529739
0.569651
0.547213
0.531345
0.690527
0.527363
0.521713
0.528809
0.494959
0.502537
0.526665
0.535292
0.546543
0.55294
0.545933
0.553313
0.551531
0.548191
0.542434
0.543792
0.571317
0.525798
0.511313
0.500806
0.526622
0.569266
0.542963
0.539461
0.526026
0.528532
0.548579
0.542026
0.523263
0.541057
0.580508
0.541418
0.598882
0.581115
0.543762
0.549576
0.54779
0.53179
0.531263
0.547556
0.520227
0.553066
0.519566
0.498726
0.475984
0.48117
0.516936
0.565065
0.55255
0.55175
0.549452
0.516307
0.521234
0.551455
0.56552
0.582709
0.562761
0.55613
0.493709
0.482734
0.550941
0.527499
0.614876
0.565936
0.557324
0.491135
0.502637
0.492581
0.509711
0.557235
0.548868
0.470424
0.546124
0.440898
0.45339
0.545791
0.541383
0.543616
0.489887
0.480852
0.495422
0.492263
0.536577
0.544545
0.573862
0.545379
0.513819
0.508965
0.494731
0.534625
0.560531
0.544967
0.553507
0.517507
0.561214
0.522845
0.535526
0.551775
0.543448
0.531723
0.530908
0.507667
0.495229
0.50271
0.508538
0.505907
0.575278
0.50999
0.595045
0.561361
0.506125
0.462306
0.483971
0.5202
0.523165
0.495965
0.500725
0.528802
0.495372
0.506352
0.562592
0.553117
0.553397
0.510129
0.507099
0.562106
0.565986
0.53552
0.516434
0.518782
0.553025
0.553834
0.491061
0.55539
0.564696
0.570594
0.54522
0.603692
0.555444
0.607856
0.62027
0.52962
0.528425
0.542942
0.524595
0.521414
0.504137
0.582512
0.540039
0.537861
0.542446
0.493183
0.467838
0.477826
0.545717
0.533688
0.550765
0.484926
0.476971
0.476939
0.555028
0.472033
0.552514
0.525307
0.591335
0.526774
0.530202
0.544857
0.525666
0.474013
0.542763
0.548969
0.592273
0.550357
0.561369
0.453415
0.456535
0.463818
0.551944
0.466182
0.558673
0.55944
0.500404
0.552732
0.535984
0.485277
0.494245
0.513164
0.560621
0.483203
0.503799
0.487619
0.516241
0.506557
0.512837
0.516434
0.527515
0.526196
0.531814
0.524058
0.527384
0.525203
0.523229
0.553357
0.576791
0.572858
0.580087
0.546858
0.508482
0.557659
0.474793
0.493236
0.540508
0.516617
0.491179
0.466751
0.489601
0.569802
0.556286
0.5304
0.467573
0.481294
0.529034
0.505143
0.521419
0.57016
0.530137
0.537785
0.515498
0.510282
0.463257
0.473135
0.502206
0.512942
0.492793
0.545803
0.587867
0.587382
0.56278
0.555958
0.514717
0.504359
0.482895
0.479198
0.584363
0.450463
0.574437
0.499089
0.542826
0.515314
0.515804
0.512203
0.528049
0.53325
0.546115
0.54146
0.530796
0.549714
0.547405
0.614862
0.613843
0.52221
0.544144
0.538386
0.552894
0.54469
0.542983
0.558415
0.546292
0.540985
0.542582
0.512729
0.538964
0.501964
0.508279
0.517781
0.501147
0.55041
0.555041
0.560265
0.552443
0.524911
0.524676
0.453409
0.444952
0.460825
0.543207
0.546874
0.539744
0.578989
0.53842
0.489028
0.497212
0.455139
0.559471
0.554459
0.476625
0.588828
0.5747
0.567982
0.550063
0.547336
0.525938
0.524936
0.476267
0.559293
0.501129
0.501227
0.495935
0.521561
0.489755
0.535571
0.565141
0.563259
0.505432
0.551144
0.538484
0.532838
0.47542
0.463461
0.487929
0.480145
0.479077
0.564567
0.554792
0.564756
0.537649
0.475008
0.504642
0.469146
0.481658
0.551971
0.489029
0.568491
0.537467
0.554878
0.57245
0.55598
0.561627
0.569563
0.523877
0.491919
0.523052
0.531323
0.5294
0.47134
0.525539
0.515442
0.528029
0.513686
0.539339
0.533787
0.557792
0.52448
0.46841
0.472023
0.489271
0.491073
0.538448
0.516148
0.5033
0.498222
0.500076
0.520992
0.557666
0.566163
0.548585
0.459504
0.51406
0.462673
0.468301
0.479866
0.487646
0.502122
0.561547
0.526191
0.526311
0.538369
0.543005
0.472865
0.524222
0.478706
0.437229
0.43677
0.489893
0.54831
0.47652
0.482296
0.570886
0.539477
0.537871
0.58653
0.567531
0.48461
0.49841
0.531866
0.566344
0.502301
0.512758
0.519213
0.488784
0.563841
0.53619
0.572113
0.547551
0.462239
0.590566
0.549019
0.542765
0.523992
0.525283
0.52349
0.575568
0.535852
0.55534
0.481343
0.543025
0.545729
0.46343
0.545971
0.5389
0.545271
0.507929
0.55931
0.495765
0.557645
0.536565
0.553599
0.526794
0.534573
0.478516
0.500752
0.497378
0.553409
0.554051
0.554691
0.547737
0.575252
0.498432
0.543515
0.538749
0.517201
0.533075
0.542747
0.546482
0.527705
0.565796
0.497264
0.573872
0.548643
0.454485
0.480489
0.522896
0.532229
0.493535
0.479728
0.486704
0.465991
0.452161
0.447648
0.544485
0.473635
0.509751
0.536436
0.533201
0.494092
0.548011
0.547507
0.519957
0.522652
0.52164
0.525561
0.568899
0.584023
0.534464
0.53171
0.533789
0.543094
0.497266
0.577126
0.586076
0.488017
0.639981
0.581686
0.483844
0.459187
0.438538
0.562575
0.556889
0.545789
0.494988
0.488939
0.560437
0.53843
0.536014
0.563339
0.574414
0.506848
0.496018
0.554367
0.525266
0.468973
0.530471
0.510223
0.518336
0.510562
0.490369
0.488139
0.54158
0.556748
0.510669
0.574838
0.45923
0.522262
0.537232
0.55422
0.518875
0.56642
0.544418
0.539499
0.538002
0.581281
0.58578
0.447039
0.555008
0.576666
0.583173
0.586052
0.539116
0.573719
0.515423
0.503648
0.531503
0.451146
0.462713
0.554774
0.495941
0.495875
0.533872
0.53495
0.540729
0.47527
0.477193
0.446304
0.544656
0.544921
0.590914
0.592297
0.551186
0.545644
0.496916
0.510306
0.501863
0.50628
0.573426
0.572781
0.443192
0.452292
0.513964
0.558433
0.524717
0.486118
0.483563
0.50607
0.513726
0.494539
0.520067
0.545619
0.554277
0.494974
0.505754
0.542147
0.471221
0.487298
0.508972
0.507132
0.462323
0.557571
0.534786
0.541789
0.5303
0.559915
0.538593
0.537479
0.539056
0.481324
0.535053
0.563494
0.526992
0.525712
0.53583
0.510431
0.543672
0.579799
0.554524
0.547916
0.533336
0.537214
0.507492
0.492171
0.557195
0.543166
0.533662
0.556295
0.554062
0.553622
0.490922
0.485206
0.513214
0.49651
0.559617
0.516613
0.470993
0.538196
0.560642
0.504447
0.518693
0.552525
0.593728
0.559808
0.534393
0.526871
0.54348
0.499528
0.541047
0.533417
0.535501
0.541291
0.557955
0.565869
0.537745
0.488797
0.489716
0.507226
0.546302
0.551915
0.550438
0.569042
0.559658
0.573681
0.528356
0.535725
0.529936
0.605511
0.590838
0.523014
0.509158
0.514708
0.521416
0.568529
0.569399
0.575158
0.476568
0.579358
0.548172
0.542487
0.494749
0.547615
0.563744
0.457648
0.481358
0.509673
0.527851
0.529334
0.526152
0.592608
0.575262
0.540031
0.555116
0.497629
0.523834
0.56676
0.474703
0.498746
0.558419
0.542457
0.543161
0.597427
0.558051
0.560809
0.523142
0.582627
0.571917
0.551781
0.517359
0.478413
0.52521
0.610865
0.54641
0.542489
0.539816
0.543971
0.534394
0.485387
0.47686
0.497394
0.518949
0.492516
0.481449
0.575219
0.472524
0.538151
0.494263
0.563809
0.529584
0.509919
0.494427
0.4994
0.497072
0.584686
0.447991
0.455713
0.565677
0.556358
0.554498
0.489123
0.532106
0.494873
0.489784
0.492763
0.52079
0.480088
0.555027
0.543873
0.522002
0.531243
0.457629
0.576084
0.572689
0.550756
0.551755
0.504928
0.554691
0.527497
0.556302
0.564017
0.575052
0.543108
0.553651
0.487774
0.463257
0.512323
0.567198
0.502762
0.459891
0.502517
0.493884
0.525628
0.530276
0.526925
0.553331
0.552622
0.545601
0.558496
0.541632
0.511814
0.546596
0.517584
0.451477
0.548777
0.502531
0.512359
0.511134
0.541769
0.484858
0.50084
0.503191
0.498545
0.54943
0.556499
0.561882
0.532712
0.562728
0.564088
0.457688
0.566253
0.549994
0.560489
0.550401
0.50421
0.553551
0.516875
0.520602
0.525278
0.553639
0.464443
0.575607
0.546829
0.538056
0.553442
0.541733
0.527801
0.557212
0.533425
0.514364
0.5254
0.522797
0.551006
0.540033
0.539234
0.507536
0.465875
0.478915
0.556572
0.555089
0.469094
0.529362
0.531072
0.495941
0.499866
0.510309
0.578978
0.553929
0.556665
0.550207
0.516416
0.545377
0.562405
0.555606
0.551777
0.522235
0.523224
0.535889
0.49086
0.517998
0.464326
0.554598
0.492837
0.493506
0.569848
0.558128
0.529042
0.483949
0.491125
0.448912
0.513142
0.54801
0.515072
0.547961
0.522613
0.543394
0.558047
0.569883
0.568655
0.536628
0.532346
0.544605
0.533897
0.546077
0.455245
0.58184
0.560372
0.562327
0.499062
0.459413
0.514998
0.548408
0.557872
0.549281
0.444528
0.544642
0.538329
0.549536
0.57351
0.579226
0.503369
0.452258
0.454871
0.499478
0.450893
0.469524
0.452795
0.460194
0.486801
0.460503
0.517871
0.508586
0.516934
0.566414
0.532819
0.576673
0.56898
0.543499
0.54826
0.53979
0.536518
0.535051
0.531876
0.591244
0.527215
0.542238
0.498225
0.534333
0.514749
0.558756
0.502164
0.579531
0.564851
0.45695
0.475578
0.47656
0.47436
0.545436
0.546459
0.60596
0.490184
0.489
0.542044
0.487229
0.515599
0.587934
0.586711
0.471592
0.478003
0.58658
0.529687
0.573478
0.479435
0.535369
0.536067
0.562433
0.549746
0.487615
0.493335
0.481699
0.555354
0.543253
0.606382
0.550428
0.580605
0.511065
0.508977
0.484238
0.559111
0.559276
0.537862
0.533913
0.564587
0.526079
0.534642
0.479924
0.543217
0.541778
0.586147
0.602612
0.57426
0.517829
0.52828
0.53379
0.498669
0.50462
0.491109
0.550226
0.532403
0.586532
0.569562
0.507954
0.500542
0.523079
0.521487
0.524474
0.558828
0.547017
0.530146
0.537347
0.566529
0.520136
0.575171
0.542081
0.540872
0.494627
0.536169
0.558146
0.568582
0.559206
0.538242
0.539206
0.53701
0.557114
0.494302
0.545836
0.500406
0.492762
0.54236
0.525989
0.526706
0.572517
0.563944
0.559028
0.499717
0.483719
0.523061
0.514976
0.534786
0.562396
0.553584
0.568715
0.532413
0.542638
0.531516
0.537101
0.551685
0.550816
0.53797
0.535302
0.511439
0.478219
0.535977
0.551916
0.56646
0.537129
0.545745
0.66993
0.549745
0.650509
0.52957
0.553344
0.539075
0.567129
0.541642
0.544561
0.560665
0.449711
0.459268
0.47274
0.484585
0.546804
0.583618
0.570885
0.564169
0.564476
0.520329
0.516194
0.550027
0.517007
0.568048
0.565665
0.441343
0.547749
0.555069
0.557242
0.53032
0.531656
0.52595
0.586631
0.543691
0.542803
0.563756
0.543472
0.475759
0.569978
0.545707
0.441342
0.448992
0.448616
0.455537
0.533615
0.585796
0.576136
0.55976
0.570469
0.536141
0.587547
0.455192
0.478197
0.46902
0.599511
0.56444
0.541543
0.534017
0.484373
0.543369
0.562656
0.549144
0.553305
0.517968
0.454919
0.472683
0.478929
0.550102
0.536351
0.491458
0.519525
0.527021
0.491787
0.531589
0.52285
0.535535
0.521996
0.510677
0.527347
0.552035
0.467338
0.483438
0.487613
0.491714
0.541468
0.503334
0.502801
0.5221
0.568262
0.547417
0.550365
0.560208
0.453404
0.590427
0.527298
0.51882
0.531731
0.534097
0.542592
0.582122
0.53435
0.48432
0.484615
0.527782
0.566939
0.548274
0.469141
0.47373
0.468468
0.474013
0.515929
0.571479
0.561992
0.466795
0.541501
0.483002
0.484815
0.509091
0.458995
0.583329
0.558911
0.542704
0.536458
0.575263
0.509143
0.493961
0.536118
0.527499
0.568818
0.583436
0.582999
0.540834
0.509022
0.472338
0.569346
0.525581
0.526071
0.501707
0.560234
0.478213
0.544847
0.502962
0.608687
0.546432
0.549039
0.513676
0.569322
0.518557
0.531791
0.524809
0.552654
0.464258
0.523938
0.514146
0.489437
0.493156
0.524028
0.570025
0.543335
0.548296
0.56189
0.587906
0.553472
0.586185
0.525253
0.479425
0.499726
0.475214
0.549572
0.553316
0.555836
0.562502
0.563245
0.585445
0.478809
0.457173
0.58639
0.567841
0.561808
0.509353
0.593413
0.460617
0.551036
0.49818
0.470388
0.509491
0.523413
0.536968
0.578099
0.462873
0.500971
0.519357
0.520761
0.558053
0.573395
0.558611
0.561767
0.538256
0.540406
0.574864
0.522267
0.546179
0.50003
0.476765
0.499003
0.467241
0.467795
0.548246
0.557577
0.561287
0.568768
0.581885
0.571229
0.503744
0.587733
0.462651
0.474936
0.492835
0.533597
0.535928
0.539397
0.519282
0.536238
0.602876
0.468761
0.596629
0.553905
0.449642
0.478081
0.532991
0.586276
0.580477
0.550157
0.509413
0.525044
0.528093
0.528289
0.550102
0.570053
0.49103
0.56416
0.471616
0.559293
0.46676
0.548659
0.568202
0.446962
0.557111
0.508081
0.538432
0.575153
0.554218
0.627383
0.498925
0.517919
0.51104
0.478033
0.547889
0.546715
0.566702
0.58448
0.442323
0.555241
0.538908
0.579193
0.575482
0.488742
0.566501
0.487414
0.489372
0.533918
0.556562
0.559006
0.543109
0.550919
0.521271
0.490819
0.518517
0.535537
0.527842
0.545024
0.54211
0.558253
0.459047
0.555444
0.516333
0.470032
0.546101
0.579033
0.452528
0.468112
0.575423
0.442322
0.520544
0.542105
0.575999
0.571072
0.47094
0.564004
0.516327
0.478432
0.466833
0.57618
0.539793
0.568465
0.550646
0.543402
0.543419
0.492642
0.452462
0.547261
0.536275
0.511145
0.517742
0.563805
0.564633
0.554015
0.498819
0.501245
0.482167
0.513727
0.53531
0.496329
0.582534
0.564342
0.470988
0.568592
0.588995
0.593744
0.530836
0.468564
0.511939
0.473054
0.549061
0.571195
0.563314
0.558644
0.543343
0.575119
0.522452
0.5023
0.549974
0.54584
0.528342
0.576726
0.515903
0.532081
0.511383
0.54683
0.528769
0.560391
0.501618
0.493169
0.503505
0.548639
0.563822
0.464842
0.516613
0.54882
0.575037
0.572533
0.53945
0.540689
0.550194
0.556465
0.558614
0.558495
0.563437
0.51347
0.523653
0.524229
0.569992
0.584821
0.587489
0.514178
0.550643
0.483386
0.579324
0.495451
0.513694
0.625748
0.507809
0.495449
0.565106
0.495341
0.558083
0.512748
0.569391
0.479789
0.503423
0.55408
0.546689
0.507022
0.558949
0.567246
0.534942
0.573601
0.579574
0.544198
0.566926
0.547602
0.57782
0.568067
0.587725
0.539349
0.575932
0.536465
0.451523
0.550584
0.516195
0.547433
0.528452
0.523069
0.53581
0.491095
0.490916
0.542981
0.48436
0.540531
0.508271
0.498617
0.469979
0.515852
0.513211
0.541708
0.552742
0.402598
0.495179
0.493141
0.594512
0.529421
0.462445
0.551214
0.542282
0.518403
0.515788
0.549459
0.52398
0.49658
0.532886
0.59928
0.579564
0.558968
0.531891
0.462875
0.556073
0.502312
0.538265
0.488918
0.544615
0.551196
0.502652
0.532835
0.532106
0.571315
0.503738
0.460575
0.447518
0.464501
0.462605
0.47867
0.525769
0.545575
0.56578
0.568558
0.5689
0.517451
0.541185
0.520385
0.50615
0.513609
0.558512
0.522856
0.522104
0.463731
0.461441
0.527799
0.512241
0.532683
0.453117
0.544245
0.563771
0.517109
0.546128
0.549898
0.535212
0.574015
0.505675
0.479011
0.448944
0.56766
0.561515
0.51505
0.54477
0.536316
0.529616
0.526223
0.540006
0.448387
0.583775
0.553397
0.524262
0.588307
0.568098
0.584267
0.579225
0.520195
0.539229
0.586433
0.516547
0.522117
0.497904
0.445715
0.521301
0.448674
0.541556
0.532206
0.5284
0.445215
0.564514
0.556955
0.530767
0.474923
0.52145
0.525195
0.567169
0.520747
0.523966
0.57721
0.561251
0.538068
0.503492
0.446443
0.545308
0.543242
0.484975
0.538149
0.555935
0.454292
0.513171
0.583917
0.585766
0.502839
0.552382
0.557064
0.467335
0.556589
0.529046
0.493064
0.466405
0.469794
0.480403
0.54053
0.480427
0.574985
0.464638
0.554136
0.539905
0.468413
0.507236
0.595157
0.558732
0.464024
0.473649
0.546528
0.532745
0.540029
0.492571
0.57612
0.591199
0.471229
0.481779
0.570158
0.543588
0.527079
0.474985
0.508904
0.506838
0.537536
0.562607
0.525949
0.495419
0.500391
0.570299
0.529373
0.480759
0.538219
0.514975
0.539679
0.521973
0.496974
0.495113
0.563416
0.515959
0.540127
0.572107
0.533743
0.561979
0.50802
0.500708
0.528702
0.528515
0.530213
0.548641
0.495567
0.560043
0.538687
0.54098
0.521885
0.508844
0.617721
0.54912
0.53663
0.47606
0.54215
0.553205
0.508612
0.595532
0.512423
0.520928
0.54302
0.517006
0.502535
0.523508
0.515779
0.551103
0.525313
0.555912
0.494981
0.482938
0.553143
0.517168
0.504759
0.525942
0.545708
0.545195
0.533655
0.5501
0.543552
0.572368
0.513961
0.51255
0.508051
0.507987
0.541233
0.540791
0.481119
0.484788
0.551572
0.586042
0.516144
0.526564
0.566259
0.510032
0.495071
0.532587
0.506626
0.547325
0.57031
0.49628
0.505098
0.538158
0.545057
0.550785
0.546201
0.527825
0.501492
0.509479
0.542479
0.543319
0.495534
0.529583
0.563892
0.513579
0.533056
0.52927
0.529579
0.494465
0.55366
0.525812
0.64343
0.553854
0.557823
0.605766
0.524863
0.502531
0.49992
0.526273
0.522493
0.513271
0.494877
0.520665
0.526099
0.608123
0.552517
0.505023
0.558845
0.508433
0.524154
0.538656
0.549479
0.513984
0.54248
0.535714
0.529179
0.463915
0.553955
0.512355
0.51069
0.554661
0.505613
0.559348
0.540385
0.530301
0.537044
0.526179
0.50331
0.553099
0.540176
0.544621
0.521421
0.549506
0.546297
0.617861
0.517727
0.493475
0.510965
0.511313
0.503688
0.533133
0.546659
0.496263
0.492826
0.523149
0.486448
0.506734
0.526542
0.503222
0.595045
0.545496
0.554332
0.498131
0.483365
0.467057
0.559479
0.563594
0.524218
0.562837
0.529012
0.533885
0.497244
0.537368
0.490395
0.525696
0.517147
0.515534
0.512853
0.534393
0.529641
0.460531
0.548002
0.529946
0.529773
0.519321
0.4976
0.527417
0.550084
0.514467
0.488506
0.522378
0.534373
0.52485
0.537024
0.517033
0.537109
0.519468
0.504324
0.514612
0.549157
0.533689
0.56235
0.507626
0.500647
0.508777
0.537167
0.532152
0.510425
0.487053
0.501848
0.53355
0.511051
0.521283
0.473917
0.533293
0.494879
0.529211
0.541339
0.528944
0.546245
0.529
0.544759
0.499234
0.549373
0.611004
0.561609
0.531118
0.574497
0.552352
0.565298
0.523491
0.532575
0.540617
0.614788
0.541873
0.500576
0.524073
0.52622
0.545625
0.533995
0.561539
0.534264
0.54929
0.556612
0.507116
0.499998
0.549167
0.505613
0.534517
0.49364
0.549404
0.496645
0.503205
0.577041
0.538914
0.537057
0.54057
0.54238
0.506889
0.522571
0.529043
0.538173
0.53173
0.495883
0.523789
0.539974
0.570401
0.544667
0.53121
0.545332
0.533296
0.531193
0.528205
0.532104
0.533899
0.552331
0.520981
0.539349
0.535733
0.505505
0.514487
0.572135
0.544234
0.539284
0.510884
0.519918
0.537261
0.498746
0.552641
0.50901
0.526612
0.538174
0.5886
0.57123
0.509885
0.539043
0.550023
0.535509
0.530531
0.529024
0.515614
0.498634
0.516879
0.564204
0.549462
0.498265
0.529582
0.546464
0.5379
0.53981
0.52537
0.520194
0.527041
0.561217
0.528488
0.482966
0.535312
0.551788
0.561319
0.483294
0.520326
0.49099
0.547758
0.483772
0.522359
0.520541
0.485797
0.545416
0.502042
0.502573
0.485966
0.558328
0.509933
0.544027
0.542687
0.547862
0.56445
0.482323
0.540198
0.561869
0.507371
0.539595
0.509728
0.501945
0.54596
0.565487
0.556008
0.540572
0.544496
0.538523
0.475739
0.523843
0.552974
0.493864
0.486821
0.546502
0.53275
0.479719
0.5593
0.52602
0.520688
0.48581
0.548249
0.514449
0.509882
0.543559
0.525298
0.603191
0.497084
0.549149
0.522067
0.49057
0.499261
0.558574
0.544314
0.526129
0.530652
0.559247
0.538677
0.524425
0.525745
0.52791
0.505409
0.521866
0.546203
0.539469
0.48794
0.508605
0.549994
0.540403
0.582325
0.504021
0.542907
0.509257
0.469306
0.531062
0.524412
0.564649
0.555272
0.524489
0.559722
0.547198
0.541414
0.51261
0.509766
0.534381
0.552807
0.544921
0.542706
0.570365
0.503242
0.553566
0.520294
0.55573
0.493501
0.521146
0.505285
0.453657
0.527981
0.536039
0.535977
0.52306
0.549494
0.503361
0.53774
0.520826
0.482959
0.522107
0.59963
0.506934
0.472242
0.537143
0.548072
0.536634
0.609768
0.524546
0.583506
0.490219
0.527058
0.534449
0.52952
0.527815
0.52336
0.534688
0.507853
0.536462
0.536761
0.553001
0.515387
0.545682
0.505937
0.571243
0.517134
0.572889
0.452149
0.539982
0.538723
0.497552
0.50221
0.549156
0.481948
0.492186
0.518402
0.534447
0.510246
0.530392
0.509544
0.48957
0.558954
0.536365
0.522156
0.553288
0.576559
0.506487
0.543949
0.52836
0.561075
0.516937
0.496159
0.553013
0.470393
0.520465
0.531887
0.548539
0.519758
0.48932
0.517457
0.508036
0.536889
0.492968
0.543683
0.561661
0.473092
0.562111
0.4941
0.559635
0.574193
0.491584
0.552953
0.537732
0.508803
0.548747
0.490871
0.559846
0.466317
0.543422
0.553785
0.501481
0.501671
0.502821
0.544335
0.550802
0.586024
0.538883
0.538504
0.57002
0.56148
0.49895
0.552532
0.530371
0.484721
0.542129
0.54346
0.547888
0.491248
0.506933
0.492688
0.557819
0.507875
0.540814
0.447819
0.530408
0.542508
0.539299
0.532227
0.538356
0.538303
0.497171
0.61444
0.482614
0.521969
0.482009
0.498719
0.517188
0.479683
0.554528
0.481241
0.521265
0.547713
0.539925
0.505766
0.588077
0.478804
0.54136
0.526389
0.54816
0.522412
0.482688
0.544259
0.507273
0.512755
0.539751
0.516183
0.497734
0.538895
0.495103
0.559002
0.540511
0.49429
0.564184
0.571234
0.535057
0.523455
0.462563
0.541291
0.536991
0.502279
0.50474
0.518321
0.529329
0.556545
0.535169
0.532864
0.558484
0.520969
0.524988
0.549824
0.550658
0.501082
0.53091
0.506946
0.490203
0.538048
0.533114
0.550342
0.517949
0.575251
0.490652
0.492851
0.533734
0.524501
0.544038
0.521673
0.503651
0.509319
