0.599162
0.542261
0.526731
0.495131
0.516938
0.517405
0.51668
0.518299
0.54523
0.535339
0.561313
0.563568
0.557982
0.521084
0.525526
0.506037
0.484868
0.472049
0.476131
0.550837
0.554865
0.533542
0.530304
0.531725
0.555907
0.559653
0.579753
0.567786
0.579128
0.490605
0.485338
0.521697
0.530112
0.494858
0.604185
0.586492
0.492272
0.47001
0.528409
0.527103
0.444798
0.457773
0.541377
0.543769
0.546533
0.553098
0.542134
0.598808
0.601891
0.586347
0.517994
0.546023
0.54397
0.522448
0.521397
0.479828
0.480505
0.528233
0.510324
0.534573
0.53831
0.550497
0.529166
0.54025
0.555748
0.527251
0.526968
0.535143
0.539152
0.543942
0.543695
0.543976
0.571744
0.565841
0.600108
0.615763
0.538427
0.528125
0.559237
0.552601
0.562186
0.557774
0.512604
0.514418
0.54139
0.54152
0.5441
0.543894
0.524861
0.524582
0.522806
0.535808
0.572527
0.520585
0.51862
0.527271
0.53229
0.518825
0.514454
0.498345
0.583265
0.471959
0.47284
0.558743
0.550998
0.504932
0.523733
0.519506
0.524017
0.543073
0.532941
0.516696
0.508394
0.510057
0.570972
0.573792
0.547993
0.528122
0.545469
0.527182
0.517125
0.490503
0.519481
0.513702
0.518824
0.527197
0.573817
0.502294
0.491454
0.537455
0.523758
0.510355
0.498725
0.500152
0.641929
0.616051
0.478365
0.483076
0.562256
0.555221
0.521035
0.536158
0.539548
0.542012
0.53552
0.518044
0.484947
0.545198
0.536944
0.53669
0.539557
0.49238
0.498832
0.551662
0.546008
0.442588
0.460558
0.52722
0.523611
0.466499
0.520984
0.52377
0.543596
0.528761
0.519874
0.459628
0.473065
0.529468
0.502056
0.509865
0.484784
0.480675
0.482836
0.558073
0.527222
0.52731
0.613124
0.561895
0.545864
0.544592
0.547009
0.548201
0.508936
0.49633
0.519543
0.524599
0.560749
0.518358
0.512858
0.528275
0.521509
0.539803
0.524352
0.529178
0.528318
0.526067
0.459998
0.439811
0.55354
0.540235
0.54712
0.543795
0.459333
0.520518
0.516231
0.488159
0.479451
0.487425
0.457569
0.593924
0.46815
0.540612
0.544714
0.531633
0.468313
0.528434
0.524677
0.520772
0.541974
0.547146
0.554411
0.466427
0.486335
0.478415
0.457229
0.474765
0.500315
0.559661
0.544685
0.510313
0.510573
0.506028
0.554303
0.544017
0.483852
0.580252
0.572612
0.4845
0.466472
0.526089
0.527219
0.48744
0.485941
0.499971
0.543011
0.535709
0.559006
0.461283
0.463992
0.544525
0.496203
0.499267
0.512884
0.567369
0.505269
0.579832
0.522282
0.515737
0.499318
0.482937
0.489461
0.541698
0.551494
0.547912
0.481388
0.479531
0.476655
0.529613
0.544893
0.534997
0.528636
0.455395
0.582627
0.525742
0.530948
0.5243
0.498286
0.509493
0.450047
0.465771
0.500551
0.530998
0.503987
0.500669
0.480616
0.492484
0.524275
0.523474
0.576932
0.542066
0.545383
0.521221
0.537833
0.558451
0.505956
0.494399
0.506135
0.469229
0.530724
0.462311
0.452007
0.507337
0.512187
0.519004
0.48721
0.518819
0.499461
0.529822
0.495006
0.486939
0.55734
0.540237
0.569608
0.556592
0.477789
0.554969
0.557634
0.551563
0.564174
0.499646
0.493353
0.443065
0.42499
0.556436
0.581821
0.54099
0.536528
0.528092
0.50952
0.573977
0.528912
0.533475
0.458454
0.571002
0.558694
0.543757
0.480051
0.524007
0.525233
0.518835
0.537516
0.547519
0.569698
0.482323
0.526156
0.574674
0.568438
0.474493
0.511953
0.523826
0.532645
0.530144
0.542594
0.54349
0.540206
0.544693
0.509466
0.510265
0.575496
0.562553
0.551095
0.566742
0.57819
0.556625
0.564485
0.467475
0.542418
0.5459
0.543389
0.527494
0.523118
0.503341
0.468405
0.51554
0.458713
0.524948
0.574163
0.568081
0.52916
0.518798
0.541908
0.516938
0.512461
0.535345
0.528811
0.505118
0.520791
0.564787
0.538533
0.493792
0.490053
0.550942
0.565724
0.562715
0.516456
0.5308
0.525465
0.485725
0.483373
0.545581
0.576324
0.468923
0.46293
0.543777
0.54125
0.539189
0.486334
0.500505
0.474809
0.585322
0.48433
0.551033
0.545101
0.504382
0.488169
0.525025
0.528247
0.486759
0.485745
0.486601
0.563312
0.550194
0.544203
0.520381
0.454448
0.451847
0.570742
0.574267
0.546788
0.545152
0.528922
0.515703
0.462156
0.55671
0.557952
0.462573
0.520178
0.527891
0.52581
0.544854
0.53295
0.517725
0.515927
0.509562
0.459555
0.471204
0.499646
0.604034
0.587833
0.614357
0.508672
0.555243
0.572756
0.570743
0.547545
0.541819
0.573
0.556477
0.539348
0.550367
0.537701
0.524163
0.525097
0.529563
0.565942
0.5802
0.515592
0.493031
0.500174
0.516701
0.515622
0.48944
0.59404
0.562462
0.487804
0.512069
0.512716
0.555329
0.494254
0.492871
0.545366
0.541461
0.537181
0.550285
0.584431
0.522073
0.520842
0.444811
0.506609
0.488811
0.575631
0.581953
0.514983
0.518935
0.517408
0.51618
0.477436
0.511336
0.496426
0.529629
0.483131
0.553512
0.537712
0.529461
0.526659
0.534388
0.517066
0.519893
0.594124
0.602121
0.510433
0.571189
0.56623
0.552166
0.533438
0.463622
0.467845
0.522294
0.517003
0.488006
0.490563
0.509059
0.551681
0.558253
0.507221
0.526822
0.532966
0.438943
0.540313
0.486046
0.502082
0.516882
0.533815
0.562405
0.49813
0.502359
0.551532
0.549799
0.580973
0.574795
0.554063
0.560683
0.5485
0.537655
0.537847
0.523649
0.552546
0.561814
0.540313
0.505962
0.503428
0.530206
0.543851
0.556303
0.55642
0.501016
0.526784
0.513561
0.514782
0.459004
0.46063
0.510421
0.469811
0.547025
0.527308
0.483718
0.486159
0.48016
0.496182
0.498327
0.550737
0.554561
0.471407
0.483653
0.536158
0.521956
0.560821
0.56474
0.547584
0.506149
0.523249
0.521725
0.51969
0.548904
0.554775
0.546765
0.506658
0.505956
0.536709
0.569545
0.536783
0.523171
0.545668
0.543521
0.562038
0.530311
0.571579
0.559402
0.529715
0.525686
0.501686
0.526888
0.525475
0.609623
0.51604
0.524682
0.510711
0.530504
0.552533
0.556634
0.544566
0.545035
0.541509
0.563963
0.496314
0.472549
0.490567
0.526294
0.510538
0.504162
0.527233
0.526388
0.569158
0.544398
0.541252
0.524733
0.526896
0.531496
0.53686
0.543557
0.550301
0.460483
0.541064
0.501516
0.494694
0.508454
0.518478
0.585865
0.62387
0.599313
0.546244
0.55704
0.525755
0.530903
0.556757
0.490622
0.476482
0.57187
0.563354
0.475843
0.478566
0.521519
0.545668
0.549136
0.527657
0.525561
0.526389
0.54936
0.5662
0.567532
0.549985
0.548433
0.55821
0.526864
0.58504
0.545989
0.491785
0.528938
0.5107
0.511983
0.556279
0.547727
0.556889
0.557053
0.441466
0.447766
0.592709
0.507987
0.554078
0.547349
0.548732
0.553414
0.569675
0.54898
0.558018
0.554703
0.536808
0.549405
0.545351
0.511903
0.512001
0.441097
0.451712
0.497575
0.491319
0.535491
0.517178
0.532999
0.548455
0.549086
0.553362
0.519975
0.55127
0.49782
0.489078
0.562634
0.530603
0.569998
0.567575
0.513066
0.502551
0.486035
0.501906
0.494703
0.559565
0.52229
0.50988
0.566562
0.606113
0.548494
0.499021
0.481944
0.520159
0.489454
0.505094
0.540612
0.550819
0.527558
0.532257
0.512529
0.50948
0.555016
0.483668
0.500927
0.49026
0.55534
0.548972
0.500933
0.516773
0.553502
0.560389
0.48397
0.547569
0.577548
0.579565
0.544428
0.514349
0.563643
0.502514
0.49898
0.504214
0.529871
0.524358
0.523698
0.522762
0.512341
0.571037
0.563539
0.559368
0.580074
0.569084
0.5568
0.559147
0.5628
0.497274
0.474847
0.463933
0.472384
0.445282
0.548092
0.526595
0.478796
0.488119
0.540593
0.525361
0.487028
0.572321
0.562844
0.563451
0.555435
0.471186
0.473911
0.521287
0.481931
0.531709
0.474093
0.476722
0.498842
0.479989
0.578253
0.528482
0.551481
0.564761
0.565103
0.574485
0.557546
0.449607
0.486737
0.571585
0.567626
0.439939
0.458171
0.550943
0.530685
0.504849
0.512915
0.5534
0.479249
0.45994
0.440065
0.470322
0.516553
0.480629
0.557727
0.516071
0.582984
0.57072
0.560323
0.471821
0.535872
0.536731
0.500637
0.523519
0.526639
0.478783
0.498386
0.485821
0.515276
0.509841
0.513951
0.550059
0.530593
0.53061
0.529948
0.523115
0.573503
0.582037
0.539887
0.581027
0.573141
0.555566
0.553548
0.529411
0.548243
0.529607
0.491109
0.479575
0.571517
0.549258
0.558674
0.553762
0.523372
0.467375
0.484977
0.506097
0.549646
0.507701
0.534118
0.503303
0.495558
0.459362
0.458827
0.526278
0.553235
0.54546
0.5587
0.504911
0.497348
0.522729
0.503804
0.510663
0.504317
0.506338
0.566164
0.544998
0.453982
0.576057
0.559001
0.581452
0.511518
0.516019
0.512329
0.53362
0.544126
0.547949
0.52383
0.526329
0.562087
0.559156
0.531627
0.529268
0.552697
0.553699
0.563564
0.522127
0.524266
0.543855
0.538957
0.599681
0.54321
0.525411
0.553802
0.567722
0.554785
0.574277
0.544222
0.540584
0.510301
0.568927
0.546995
0.52488
0.508178
0.553048
0.497299
0.5132
0.534966
0.535809
0.551423
0.552032
0.465224
0.448231
0.465327
0.549852
0.536303
0.545741
0.539305
0.620508
0.520442
0.505613
0.513831
0.50087
0.492349
0.49274
0.498972
0.461215
0.474155
0.558072
0.558093
0.553325
0.463139
0.495005
0.579985
0.577194
0.515993
0.509809
0.571153
0.568379
0.555147
0.500929
0.560382
0.548603
0.522845
0.471437
0.575532
0.50731
0.501584
0.498346
0.508036
0.561482
0.490806
0.476582
0.535209
0.530006
0.538665
0.457041
0.450642
0.445926
0.483267
0.486844
0.57217
0.572873
0.539933
0.50274
0.519265
0.511991
0.532683
0.506354
0.506044
0.46951
0.561346
0.543384
0.607025
0.48059
0.564283
0.540485
0.545081
0.552843
0.55383
0.529484
0.549784
0.552217
0.527191
0.459426
0.525676
0.493416
0.565194
0.526837
0.520026
0.506096
0.542018
0.575896
0.55595
0.565455
0.589313
0.545275
0.558965
0.480187
0.526154
0.517576
0.522321
0.471376
0.48116
0.486429
0.487482
0.491652
0.568774
0.544073
0.486624
0.496592
0.581473
0.554844
0.554281
0.554388
0.541463
0.484638
0.457596
0.522433
0.462522
0.579145
0.51997
0.521226
0.529453
0.450778
0.509856
0.568111
0.569891
0.554654
0.560996
0.508158
0.472766
0.479714
0.561984
0.543591
0.502572
0.564984
0.541373
0.597994
0.479501
0.521976
0.532078
0.476807
0.565391
0.561858
0.488077
0.489071
0.450081
0.501353
0.488181
0.500845
0.558687
0.564543
0.472057
0.544859
0.541245
0.574525
0.567804
0.494211
0.577668
0.47956
0.48315
0.519913
0.579559
0.497854
0.583827
0.562475
0.489725
0.596334
0.54024
0.47541
0.581246
0.544407
0.523057
0.524178
0.522905
0.562768
0.564427
0.536515
0.536389
0.529724
0.482268
0.518853
0.540388
0.527763
0.508312
0.485637
0.558293
0.49053
0.571341
0.575826
0.527041
0.557865
0.537299
0.486301
0.500195
0.499854
0.537427
0.546187
0.581075
0.559944
0.537576
0.52455
0.574711
0.49578
0.555704
0.539394
0.500555
0.5271
0.468634
0.471043
0.589868
0.441038
0.444298
0.551124
0.472691
0.537508
0.525283
0.537653
0.525466
0.493292
0.506359
0.452188
0.439789
0.512332
0.574853
0.574756
0.567882
0.444441
0.530373
0.47684
0.534997
0.542614
0.468595
0.495519
0.549083
0.52031
0.521128
0.521998
0.528291
0.5149
0.563441
0.577405
0.509116
0.564615
0.578362
0.56963
0.516681
0.548673
0.47412
0.483065
0.545151
0.562301
0.441697
0.44292
0.420488
0.498314
0.507607
0.499104
0.498897
0.56136
0.545676
0.489726
0.578987
0.524065
0.468358
0.508153
0.483788
0.510531
0.538711
0.508475
0.520959
0.514855
0.553984
0.5194
0.558773
0.56682
0.566035
0.394729
0.523517
0.53717
0.521127
0.601079
0.570715
0.570824
0.556147
0.554893
0.586907
0.571826
0.534985
0.558415
0.520243
0.515072
0.556848
0.533932
0.456008
0.544341
0.493385
0.535093
0.530871
0.588055
0.532708
0.537763
0.532959
0.476203
0.570522
0.563053
0.542666
0.541255
0.488104
0.500272
0.454826
0.460174
0.543909
0.539305
0.461424
0.54138
0.576308
0.581271
0.579968
0.549986
0.553229
0.515162
0.584705
0.535704
0.51235
0.52459
0.52515
0.486084
0.526552
0.505413
0.492348
0.510246
0.584526
0.516692
0.49699
0.518474
0.5389
0.586293
0.534069
0.533562
0.478609
0.508591
0.508717
0.448498
0.472397
0.548191
0.53934
0.564776
0.536658
0.463697
0.473791
0.462667
0.530588
0.554648
0.530021
0.519405
0.5243
0.539138
0.532078
0.533424
0.499289
0.529685
0.492724
0.491736
0.555555
0.550907
0.536766
0.554853
0.549147
0.490666
0.487901
0.520646
0.523777
0.516793
0.506508
0.522409
0.517709
0.466234
0.476477
0.548884
0.573068
0.504616
0.518308
0.518627
0.518748
0.551774
0.520369
0.494673
0.533176
0.528287
0.522664
0.55655
0.558449
0.53052
0.578381
0.54308
0.561951
0.533347
0.536218
0.550689
0.543733
0.494312
0.544632
0.538093
0.546786
0.483301
0.50128
0.503526
0.505506
0.547077
0.572692
0.545467
0.544198
0.552685
0.546513
0.565486
0.536608
0.559298
0.567501
0.57044
0.556784
0.492263
0.528632
0.533325
0.540007
0.527715
0.60473
0.587702
0.598212
0.5256
0.593121
0.604215
0.580996
0.470798
0.557898
0.450179
0.50438
0.500617
0.500071
0.53147
0.595928
0.485141
0.55633
0.577302
0.558289
0.541288
0.551726
0.497867
0.576373
0.531437
0.547919
0.559914
0.504312
0.539691
0.545933
0.547992
0.522971
0.567993
0.507894
0.507686
0.543872
0.53337
0.542143
0.560966
0.556127
0.540286
0.537936
0.53494
0.519291
0.485693
0.532432
0.548159
0.570839
0.522381
0.517835
0.471643
0.47134
0.587075
0.539588
0.471663
0.465516
0.469078
0.497915
0.537423
0.50017
0.516386
0.447366
0.479113
0.488399
0.486072
0.49589
0.435515
0.497276
0.494558
0.501577
0.531097
0.563729
0.554001
0.580643
0.462762
0.564685
0.568508
0.496251
0.520101
0.546497
0.581567
0.550361
0.522594
0.563366
0.562571
0.541014
0.553461
0.575838
0.56098
0.577521
0.532094
0.557321
0.589934
0.550194
0.483074
0.493886
0.461804
0.552171
0.580753
0.560127
0.571856
0.594241
0.580984
0.491666
0.492575
0.471404
0.584051
0.497705
0.525002
0.529481
0.528174
0.558387
0.538839
0.509801
0.500554
0.57755
0.551074
0.560508
0.518348
0.464897
0.538267
0.543691
0.516181
0.520308
0.502533
0.524345
0.510862
0.535192
0.539634
0.549169
0.558805
0.560735
0.552498
0.549842
0.555785
0.54837
0.55534
0.449681
0.569233
0.573001
0.546628
0.584947
0.58823
0.571221
0.51777
0.554246
0.557317
0.541336
0.539032
0.557754
0.528797
0.557944
0.528245
0.564771
0.487899
0.541741
0.536251
0.505696
0.526236
0.5458
0.544086
0.541306
0.506245
0.462704
0.470236
0.549162
0.530039
0.495499
0.558958
0.581093
0.544521
0.53893
0.551868
0.496605
0.553404
0.557863
0.543417
0.523558
0.476594
0.510282
0.447184
0.53499
0.562115
0.528363
0.486477
0.555925
0.532117
0.517339
0.433206
0.481166
0.493615
0.450689
0.515314
0.54257
0.540746
0.452108
0.522382
0.560132
0.572206
0.559877
0.55828
0.522389
0.568304
0.559799
0.558776
0.504278
0.534872
0.524314
0.57474
0.564929
0.567853
0.485688
0.514771
0.458786
0.51681
0.517099
0.550041
0.548092
0.462826
0.573876
0.535826
0.545873
0.557285
0.562215
0.580708
0.450647
0.543158
0.453396
0.561906
0.462658
0.477656
0.442888
0.539415
0.499526
0.498957
0.516842
0.569418
0.562873
0.545553
0.555069
0.543676
0.539677
0.533698
0.530464
0.535634
0.587242
0.547064
0.55261
0.5093
0.491401
0.501022
0.614762
0.545978
0.52746
0.505341
0.551759
0.566974
0.509151
0.4467
0.493506
0.535968
0.559887
0.604637
0.503891
0.477123
0.483824
0.508562
0.538854
0.522854
0.587341
0.572975
0.45486
0.468829
0.475215
0.560625
0.538476
0.53161
0.490052
0.498519
0.485597
0.533732
0.533434
0.522007
0.518926
0.590492
0.59498
0.561339
0.525946
0.55726
0.510776
0.513265
0.488716
0.562159
0.534384
0.531312
0.526185
0.53762
0.544852
0.546684
0.551988
0.534869
0.537401
0.496054
0.555338
0.491216
0.547288
0.487336
0.571641
0.573785
0.627624
0.547404
0.524777
0.522768
0.52155
0.493644
0.511796
0.532018
0.493024
0.511101
0.580635
0.488729
0.538294
0.56573
0.561394
0.540292
0.547434
0.525408
0.53787
0.568895
0.485126
0.547796
0.498505
0.531085
0.5177
0.557481
0.526225
0.567276
0.566408
0.55742
0.563058
0.548132
0.493421
0.47767
0.505607
0.539881
0.537205
0.545657
0.490064
0.533988
0.532451
0.531935
0.550489
0.518539
0.539732
0.545874
0.540531
0.562045
0.56212
0.479757
0.520825
0.554484
0.549246
0.54882
0.541325
0.569418
0.447004
0.522242
0.566212
0.613809
0.564313
0.584439
0.513918
0.55452
0.554022
0.528519
0.508501
0.556638
0.551718
0.543162
0.572778
0.559322
0.543843
0.531594
0.520012
0.535058
0.532979
0.553054
0.555741
0.460199
0.544095
0.468705
0.451093
0.489283
0.468477
0.578246
0.562734
0.546916
0.512641
0.464885
0.445681
0.467342
0.538786
0.521308
0.516557
0.529621
0.56158
0.483768
0.572681
0.548675
0.547587
0.554066
0.547882
0.552125
0.505354
0.553762
0.537427
0.517862
0.505956
0.532451
0.516768
0.532625
0.533325
0.528587
0.554452
0.517158
0.57863
0.510695
0.54543
0.528846
0.565232
0.477348
0.589189
0.559442
0.525232
0.494897
0.536877
0.494454
0.534536
0.484991
0.47226
0.485653
0.503845
0.522724
0.524551
0.553328
0.551958
0.448098
0.484962
0.620483
0.519056
0.591928
0.538979
0.534595
0.543595
0.476712
0.578839
0.453437
0.4482
0.467679
0.471869
0.570449
0.581013
0.529987
0.515416
0.520088
0.462601
0.477875
0.536052
0.476519
0.469735
0.529139
0.559238
0.467291
0.467603
0.474715
0.581581
0.458674
0.572948
0.522467
0.560074
0.531785
0.481143
0.531794
0.526113
0.447328
0.586814
0.545835
0.464951
0.509267
0.553105
0.555331
0.538271
0.485648
0.582137
0.489364
0.579924
0.613268
0.503293
0.547415
0.48526
0.51479
0.591932
0.527137
0.517769
0.471905
0.573266
0.494573
0.538813
0.545493
0.546644
0.581947
0.553615
0.545931
0.524733
0.481901
0.494008
0.48666
0.498348
0.554576
0.532897
0.541007
0.498216
0.590886
0.575499
0.561079
0.55168
0.562028
0.513617
0.520495
0.520951
0.554113
0.556493
0.538557
0.5395
0.572229
0.534873
0.465056
0.566446
0.560491
0.496014
0.504491
0.513579
0.558687
0.567441
0.550132
0.54479
0.585253
0.522776
0.534368
0.547872
0.496028
0.46642
0.481507
0.468043
0.535369
0.46595
0.550314
0.535215
0.534811
0.449405
0.552642
0.537078
0.547173
0.56235
0.566397
0.558656
0.489216
0.500675
0.48975
0.49084
0.547717
0.473729
0.557493
0.52564
0.527033
0.520286
0.537503
0.569564
0.565566
0.55139
0.527243
0.483933
0.542994
0.573678
0.530952
0.503078
0.58145
0.562919
0.562696
0.485136
0.535597
0.515294
0.531286
0.560617
0.568708
0.467235
0.493193
0.447663
0.553709
0.464842
0.544748
0.541714
0.542652
0.577527
0.577484
0.54228
0.585171
0.541289
0.506256
0.545384
0.483261
0.468638
0.508144
0.504207
0.522953
0.517539
0.509759
0.573753
0.476306
0.48081
0.546675
0.544174
0.560273
0.542881
0.665444
0.463809
0.522991
0.536244
0.53707
0.575485
0.573135
0.489734
0.565164
0.487935
0.4884
0.536239
0.557425
0.556923
0.547548
0.502872
0.550601
0.555883
0.592139
0.581322
0.517552
0.526334
0.547549
0.582068
0.46675
0.545908
0.543969
0.5117
0.595142
0.563659
0.532506
0.515752
0.545162
0.441084
0.561514
0.478819
0.572822
0.539869
0.558605
0.481526
0.551952
0.491572
0.493283
0.555328
0.559731
0.536347
0.566585
0.526572
0.523406
0.463946
0.572191
0.584593
0.473573
0.591233
0.536079
0.460054
0.54339
0.565804
0.512314
0.585178
0.464435
0.586334
0.573818
0.523198
0.480781
0.511639
0.536259
0.478551
0.599624
0.496966
0.522012
0.572072
0.484198
0.551878
0.548804
0.492868
0.52677
0.530357
0.502376
0.552993
0.510837
0.537056
0.507697
0.512694
0.553688
0.556638
0.544536
0.507369
0.529114
0.518374
0.567955
0.513887
0.52997
0.537605
0.538038
0.55455
0.555834
0.538201
0.545279
0.534609
0.567298
0.503453
0.523172
0.525594
0.547748
0.465927
0.574752
0.514732
0.433614
0.55637
0.483394
0.510777
0.516854
0.534597
0.550774
0.637607
0.461259
0.533961
0.494422
0.534603
0.52629
0.530925
0.494018
0.567055
0.567091
0.477587
0.555273
0.528902
0.545753
0.568734
0.50646
0.493734
0.570682
0.56313
0.541693
0.529693
0.546047
0.486498
0.577205
0.566591
0.568217
0.584127
0.56046
0.500985
0.520721
0.575717
0.448835
0.580853
0.553176
0.526844
0.565742
0.532346
0.518731
0.546467
0.489592
0.542741
0.472821
0.52131
0.575531
0.446332
0.510413
0.568678
0.494494
0.495296
0.494392
0.516942
0.515624
0.542398
0.541254
0.549063
0.533671
0.495044
0.494867
0.591971
0.541629
0.472493
0.550615
0.50751
0.517787
0.55392
0.495024
0.533455
0.580809
0.55986
0.557616
0.475566
0.553675
0.538918
0.540551
0.538408
0.556478
0.550717
0.529962
0.571104
0.452885
0.455737
0.464044
0.481614
0.535536
0.524082
0.553319
0.589832
0.565015
0.563651
0.538828
0.573497
0.572383
0.52001
0.552402
0.519981
0.556236
0.541036
0.462548
0.521011
0.53418
0.44311
0.504383
0.54386
0.523741
0.582143
0.56626
0.522542
0.524452
0.553246
0.556987
0.523077
0.576387
0.562605
0.547233
0.567751
0.544326
0.550777
0.539988
0.468176
0.569378
0.561166
0.473462
0.562718
0.447585
0.499499
0.551988
0.551054
0.5266
0.53477
0.506991
0.521177
0.55451
0.516692
0.524578
0.54393
0.594251
0.459736
0.558049
0.520788
0.522191
0.51637
0.563118
0.488227
0.451082
0.502529
0.554655
0.448004
0.566695
0.547868
0.52139
0.51751
0.550964
0.532425
0.570423
0.479688
0.479625
0.526482
0.479038
0.553187
0.518731
0.496701
0.440951
0.477033
0.543724
0.483651
0.570445
0.457349
0.518645
0.460784
0.548831
0.499682
0.551978
0.563746
0.536934
0.466426
0.549511
0.461029
0.542216
0.540923
0.587446
0.532279
0.531063
0.553849
0.523523
0.548135
0.559544
0.548388
0.523543
0.46545
0.559927
0.531266
0.566116
0.530578
0.462058
0.57218
0.501587
0.497076
0.548006
0.491082
0.584055
0.584327
0.473276
0.54021
0.525993
0.534621
0.525308
0.546021
0.505552
0.551851
0.534708
0.53254
0.51749
0.554734
0.449596
0.539199
0.503754
0.536746
0.519544
0.491217
0.461584
0.518252
0.533154
0.531352
0.497005
0.51193
0.493573
0.464499
0.579852
0.542919
0.527515
0.532696
0.569728
0.533635
0.49838
0.506445
0.50862
0.473386
0.510485
0.49525
0.523434
0.547702
0.566827
0.496379
0.487469
0.48368
0.488261
0.528863
0.598963
0.541732
0.522144
0.561149
0.48161
0.560268
0.57765
0.532029
0.506911
0.526592
0.526004
0.529608
0.52936
0.52256
0.506821
0.51635
0.524144
0.496007
0.583127
0.507881
0.507425
0.577813
0.57014
0.555919
0.545905
0.528601
0.530252
0.536092
0.541463
0.553877
0.559696
0.51774
0.532659
0.510932
0.556761
0.540147
0.528926
0.512564
0.514786
0.489671
0.463911
0.514183
0.535467
0.555892
0.482911
0.542642
0.504494
0.4962
0.50909
0.497901
0.5493
0.546754
0.544327
0.557638
0.532235
0.590358
0.53707
0.536276
0.509012
0.564331
0.478084
0.569124
0.517724
0.521595
0.544721
0.542502
0.550003
0.435513
0.526808
0.538299
0.550462
0.499999
0.536347
0.54711
0.559987
0.54015
0.529267
0.465345
0.494999
0.548538
0.506322
0.623074
0.513429
0.52993
0.563613
0.633716
0.523656
0.551756
0.547388
0.554646
0.551166
0.554489
0.548524
0.54028
0.476551
0.552461
0.502486
0.511353
0.55154
0.502846
0.488379
0.510699
0.538773
0.565171
0.533801
0.538845
0.495414
0.535539
0.532006
0.520741
0.46882
0.543062
0.507474
0.558552
0.541939
0.508802
0.488787
0.51406
0.525756
0.559301
0.565086
0.564695
0.521472
0.548165
0.551891
0.578067
0.549403
0.507079
0.522854
0.542188
0.498097
0.510307
0.546566
0.515094
0.479497
0.537048
0.517062
0.561001
0.530334
0.532065
0.532693
0.503393
0.552805
0.575715
0.534194
0.533578
0.555921
0.555101
0.534447
0.533138
0.505797
0.551087
0.542622
0.545376
0.579654
0.532801
0.469867
0.474904
0.552547
0.627532
0.504706
0.497815
0.532496
0.516188
0.537193
0.572976
0.479603
0.537892
0.525782
0.542184
0.58179
0.552683
0.54184
0.51661
0.529414
0.568759
0.49665
0.490269
0.53767
0.506636
0.550328
0.505713
0.53954
0.529175
0.536083
0.533924
0.506883
0.451252
0.490912
0.509207
0.53582
0.484082
0.551963
0.552549
0.527038
0.483146
0.51959
0.567165
0.538206
0.51541
0.492077
0.509509
0.527285
0.474687
0.485806
0.590918
0.526267
0.527206
0.470885
0.522604
0.519353
0.561663
0.5613
0.467361
0.463351
0.540258
0.546631
0.521629
0.531256
0.554303
0.511584
0.515465
0.534765
0.551599
0.53504
0.545046
0.500555
0.42636
0.495418
0.571198
0.570005
0.523411
0.551704
0.526371
0.527331
0.498089
0.569156
0.525467
0.522199
0.525427
0.493167
0.514535
0.51748
0.528372
0.564648
0.517439
0.509278
0.480935
0.534426
0.522762
0.546443
0.574034
0.54506
0.551938
0.586319
0.539003
0.580837
0.456457
0.524867
0.545204
0.504956
0.56946
0.488751
0.519647
0.561885
0.556705
0.559621
0.530434
0.521794
0.567759
0.504637
0.566626
0.554509
0.56453
0.510067
0.529346
0.540517
0.566238
0.527117
0.554187
0.482613
0.540156
0.529655
0.525636
0.442653
0.533776
0.563385
0.520449
0.460541
0.5397
0.485339
0.533547
0.567192
0.494744
0.520595
0.499289
0.531675
0.576338
0.526956
0.541456
0.567651
0.49926
0.524007
0.498629
0.528979
0.542644
0.487132
0.532307
0.582158
0.551859
0.519575
0.55074
0.52576
0.504896
0.532731
0.519904
0.556616
0.486586
0.514322
0.526175
0.530754
0.556177
0.511885
0.533321
0.607052
0.539924
0.465887
0.55731
0.478864
0.539663
0.515382
0.476126
0.527378
0.546589
0.520791
0.557203
0.545427
0.493714
0.576129
0.571369
0.543711
0.563453
0.498757
0.503401
0.489481
0.526317
0.550749
0.522051
0.540485
0.572448
0.561314
0.549917
0.516133
0.576327
0.571428
0.556105
0.561422
0.611682
0.445597
0.607169
0.513993
0.503452
0.500235
0.489799
0.582483
0.467947
0.537176
0.497125
0.516938
0.554321
0.557749
0.48413
0.50086
0.527126
0.610603
0.511928
0.548207
0.562834
0.519603
0.511263
0.506276
0.50929
0.525726
0.568729
0.47804
0.544053
0.54201
0.540195
0.495953
0.585246
0.514087
0.54856
0.528162
0.548148
0.548409
0.522685
0.53068
0.595574
0.475013
0.498309
0.48926
0.541938
0.517267
0.562591
0.512335
0.548254
0.533069
0.477391
0.522659
0.52811
0.575297
0.572944
0.484347
0.576052
0.528732
0.517209
0.530423
0.475038
0.539772
0.538902
0.523065
0.473634
0.532486
0.568892
0.500164
0.568563
0.532037
0.565408
0.56019
0.484439
0.567708
0.558874
0.550414
0.548386
0.540665
0.524406
0.562848
0.508008
0.526573
0.508117
0.524078
0.482894
0.513866
0.523809
0.55084
0.484949
0.549606
0.531886
0.579026
0.505602
0.55909
0.548479
0.527567
0.557984
0.547454
0.535555
0.564382
0.522941
0.539458
0.523168
0.474449
0.494854
0.560537
0.510063
0.540827
0.533955
0.535524
0.540176
0.518398
0.534241
0.513592
0.512598
0.507313
0.506073
