0.540197
0.53997
0.52747
0.505444
0.518877
0.562319
0.586089
0.542604
0.547808
0.53496
0.534477
0.535804
0.534624
0.590382
0.541201
0.553993
0.558357
0.541787
0.544206
0.476432
0.469352
0.517247
0.514775
0.528609
0.62833
0.536266
0.535962
0.52284
0.526865
0.519708
0.511723
0.573264
0.562659
0.551283
0.570974
0.483865
0.568893
0.514869
0.512957
0.604984
0.586413
0.591428
0.544705
0.504001
0.528154
0.526444
0.48157
0.477927
0.457247
0.635078
0.639514
0.639573
0.513516
0.515864
0.580247
0.549872
0.548937
0.509439
0.521206
0.517051
0.553959
0.520753
0.529363
0.518829
0.530224
0.530536
0.534992
0.537236
0.588515
0.489405
0.489531
0.535993
0.547716
0.544388
0.545434
0.534599
0.556135
0.538636
0.520254
0.545162
0.522309
0.534666
0.53699
0.468817
0.49475
0.527797
0.541486
0.544422
0.584718
0.554661
0.526056
0.541749
0.524497
0.54661
0.553853
0.461686
0.525615
0.533196
0.620818
0.531696
0.551991
0.558491
0.58515
0.514848
0.520175
0.526291
0.537089
0.471355
0.547325
0.521941
0.535168
0.472083
0.525636
0.554099
0.471938
0.54274
0.549143
0.539429
0.527532
0.542438
0.555109
0.556002
0.558644
0.54002
0.532171
0.541831
0.529633
0.524361
0.505145
0.588447
0.544054
0.540233
0.526995
0.522527
0.52284
0.457917
0.482566
0.531207
0.496643
0.639908
0.493273
0.507359
0.484666
0.487657
0.491607
0.496221
0.556991
0.520644
0.469429
0.587394
0.543919
0.554932
0.524618
0.522328
0.523261
0.522036
0.477601
0.539593
0.541736
0.525821
0.540141
0.533983
0.503928
0.508021
0.506057
0.502705
0.488912
0.49848
0.492039
0.503165
0.549215
0.547297
0.538027
0.463705
0.460573
0.461042
0.51085
0.521888
0.526331
0.538294
0.477769
0.586334
0.528441
0.524965
0.522532
0.525072
0.441112
0.462348
0.519585
0.523599
0.459484
0.4584
0.524577
0.548512
0.534572
0.55003
0.523583
0.486738
0.47712
0.492476
0.519721
0.535158
0.540423
0.542037
0.542282
0.557069
0.454935
0.455859
0.523488
0.500373
0.532644
0.543852
0.549144
0.536397
0.525044
0.528038
0.526323
0.524128
0.548882
0.54202
0.542726
0.570123
0.521972
0.446093
0.458242
0.464537
0.463733
0.520494
0.462726
0.543161
0.490784
0.541111
0.460763
0.462321
0.543759
0.526866
0.536228
0.525473
0.541876
0.55474
0.548097
0.560261
0.574459
0.579552
0.487163
0.500084
0.476641
0.463025
0.455455
0.564168
0.543318
0.545097
0.505729
0.57558
0.524444
0.471252
0.543267
0.539027
0.564456
0.464567
0.57139
0.51958
0.551608
0.548634
0.561359
0.55521
0.562516
0.565388
0.557844
0.498406
0.503125
0.486092
0.491224
0.57293
0.509275
0.574804
0.514165
0.491913
0.525422
0.528685
0.482158
0.496337
0.471842
0.572767
0.554283
0.471217
0.558684
0.472011
0.530443
0.550366
0.553992
0.541536
0.443764
0.569692
0.562033
0.579477
0.578279
0.539142
0.488835
0.487176
0.472592
0.492663
0.518938
0.534465
0.572501
0.484626
0.531701
0.558465
0.471765
0.506864
0.482596
0.507306
0.514553
0.553905
0.57885
0.563975
0.523033
0.504624
0.550412
0.499099
0.505023
0.453999
0.515869
0.524661
0.537418
0.55073
0.522654
0.554805
0.484918
0.492607
0.566471
0.54003
0.455773
0.508068
0.510631
0.445841
0.474998
0.543248
0.540001
0.582331
0.582353
0.543522
0.563022
0.496931
0.457804
0.561077
0.490555
0.524486
0.467881
0.479075
0.538935
0.560638
0.499956
0.438207
0.541063
0.564956
0.519633
0.492267
0.520083
0.522302
0.514317
0.592394
0.619439
0.552878
0.546806
0.567087
0.541594
0.54469
0.48347
0.471195
0.572349
0.574141
0.491247
0.487882
0.572196
0.564025
0.51157
0.535364
0.543127
0.548966
0.60577
0.559915
0.520471
0.548996
0.406409
0.548243
0.537965
0.52601
0.527604
0.524391
0.523144
0.554526
0.453924
0.563021
0.441719
0.475126
0.464798
0.475223
0.557251
0.540165
0.525753
0.500946
0.565045
0.531197
0.517824
0.547074
0.538275
0.532606
0.533153
0.485
0.510036
0.493434
0.528412
0.468992
0.530663
0.522417
0.526026
0.446164
0.525557
0.472902
0.554111
0.569947
0.518571
0.517264
0.486617
0.53496
0.556087
0.545202
0.557617
0.549283
0.547836
0.552923
0.553715
0.44874
0.650445
0.511916
0.541876
0.547048
0.575721
0.562698
0.483802
0.550538
0.552833
0.53278
0.54918
0.610166
0.465961
0.493271
0.500467
0.514215
0.557593
0.477028
0.514995
0.510831
0.45535
0.554014
0.571613
0.538047
0.52163
0.523182
0.494081
0.534126
0.535249
0.537293
0.446257
0.511004
0.505116
0.547523
0.516372
0.511995
0.480479
0.49071
0.483209
0.557545
0.544067
0.541764
0.513199
0.564707
0.51136
0.515892
0.512388
0.49441
0.567023
0.515856
0.515305
0.513975
0.513206
0.573911
0.532034
0.561166
0.572931
0.535116
0.532692
0.496544
0.519321
0.516606
0.543548
0.524576
0.465823
0.541021
0.53057
0.539009
0.522001
0.507927
0.541615
0.539669
0.652017
0.576189
0.547741
0.499971
0.493153
0.514668
0.511581
0.51629
0.514084
0.549478
0.581078
0.48773
0.565362
0.589736
0.579649
0.486668
0.499368
0.4993
0.542801
0.5826
0.493215
0.486303
0.550806
0.541892
0.573287
0.410726
0.422958
0.513558
0.504313
0.457997
0.563984
0.519191
0.512221
0.518834
0.542621
0.505654
0.531541
0.509658
0.540965
0.557116
0.473253
0.500183
0.515575
0.527918
0.534766
0.474163
0.481132
0.462815
0.48555
0.504044
0.512413
0.515617
0.521762
0.569833
0.558274
0.53452
0.525448
0.564487
0.501853
0.554494
0.538549
0.549308
0.5573
0.488053
0.531254
0.568604
0.479472
0.476683
0.530034
0.520547
0.537609
0.540357
0.522957
0.495083
0.561048
0.525555
0.526551
0.526893
0.529495
0.530378
0.555185
0.476191
0.541821
0.553056
0.461878
0.549965
0.557533
0.528225
0.527589
0.532497
0.496354
0.503275
0.521642
0.583744
0.548206
0.548278
0.596632
0.549168
0.568957
0.439883
0.532972
0.486896
0.491667
0.57044
0.529904
0.526254
0.521035
0.524238
0.479364
0.55577
0.543109
0.545991
0.563833
0.481564
0.522893
0.466251
0.560618
0.563176
0.43795
0.562854
0.518351
0.573004
0.560403
0.568048
0.52792
0.545783
0.529323
0.538337
0.55458
0.568233
0.580366
0.550135
0.48266
0.486058
0.553009
0.525951
0.548855
0.539661
0.544953
0.547082
0.576404
0.470235
0.521698
0.524663
0.517821
0.460312
0.465071
0.516837
0.503256
0.469031
0.570618
0.4828
0.519987
0.496581
0.465656
0.540852
0.549269
0.467576
0.519749
0.534339
0.483714
0.529705
0.568672
0.552427
0.576442
0.513257
0.524545
0.52322
0.527872
0.521101
0.515306
0.510449
0.545366
0.532549
0.553994
0.54944
0.549787
0.556821
0.563138
0.560023
0.551993
0.481028
0.478336
0.487835
0.456079
0.51678
0.506944
0.555639
0.555712
0.490318
0.487627
0.606817
0.609514
0.526777
0.525821
0.568087
0.53193
0.544191
0.525667
0.52068
0.534239
0.539537
0.449983
0.427288
0.47557
0.523401
0.491101
0.513526
0.528146
0.529129
0.53011
0.528096
0.589689
0.441685
0.468122
0.562943
0.502798
0.493185
0.522981
0.512654
0.513221
0.535997
0.520459
0.523794
0.513467
0.506678
0.512418
0.436684
0.451765
0.544043
0.559145
0.498115
0.547506
0.540233
0.565823
0.558726
0.549918
0.559398
0.554496
0.441109
0.485498
0.45702
0.547972
0.482906
0.496853
0.544669
0.548507
0.532055
0.530122
0.552554
0.55931
0.534028
0.595753
0.573319
0.508101
0.523907
0.545382
0.556462
0.544317
0.512128
0.516829
0.43866
0.496039
0.501835
0.524356
0.496877
0.470476
0.539828
0.528359
0.485659
0.463808
0.518796
0.51865
0.569311
0.582603
0.54906
0.483252
0.556868
0.55935
0.507806
0.528192
0.54237
0.511152
0.563758
0.513573
0.560649
0.575758
0.559003
0.460919
0.53685
0.570691
0.563669
0.51218
0.462596
0.476695
0.554397
0.53916
0.541818
0.43181
0.560792
0.598244
0.475316
0.495505
0.505512
0.470167
0.518442
0.5424
0.55568
0.560267
0.549072
0.492417
0.488911
0.504106
0.535327
0.48023
0.480971
0.484204
0.536318
0.532501
0.484759
0.57703
0.616521
0.512762
0.506473
0.495559
0.51674
0.507359
0.509431
0.555287
0.558733
0.54565
0.49765
0.55231
0.490264
0.474697
0.499141
0.462056
0.56231
0.551291
0.550646
0.48939
0.548089
0.534193
0.528688
0.478059
0.530238
0.464259
0.468079
0.551462
0.490315
0.538868
0.537803
0.55389
0.562581
0.563539
0.585588
0.458169
0.523913
0.519207
0.481642
0.48372
0.535265
0.489171
0.50445
0.506157
0.480583
0.572232
0.447778
0.568339
0.549349
0.48855
0.494546
0.529397
0.633702
0.517753
0.432887
0.436882
0.503985
0.527465
0.463226
0.479558
0.433733
0.52437
0.51961
0.527569
0.503008
0.554768
0.512421
0.55818
0.55451
0.553187
0.498197
0.551672
0.463843
0.472
0.533687
0.470756
0.53619
0.538156
0.507968
0.506063
0.477307
0.547549
0.432049
0.530844
0.530298
0.524785
0.548845
0.525945
0.546548
0.547462
0.542155
0.553874
0.517064
0.569478
0.548142
0.551493
0.550288
0.532505
0.530756
0.483261
0.472948
0.481375
0.487373
0.569583
0.519482
0.559476
0.556507
0.560802
0.544084
0.528955
0.498328
0.513181
0.48767
0.564439
0.553252
0.536532
0.513605
0.566994
0.531974
0.486745
0.500895
0.481572
0.547537
0.527701
0.61141
0.614691
0.496298
0.55536
0.543071
0.560254
0.570098
0.542229
0.548721
0.515422
0.505719
0.542947
0.571107
0.551605
0.549014
0.50424
0.629916
0.544111
0.552807
0.554723
0.515063
0.51836
0.555404
0.575142
0.559127
0.519115
0.510552
0.543475
0.546412
0.54552
0.537617
0.521192
0.564938
0.436859
0.553575
0.545229
0.547507
0.45175
0.44584
0.536838
0.55918
0.54621
0.500697
0.531035
0.5733
0.508599
0.628694
0.52434
0.534593
0.524159
0.567937
0.600803
0.511959
0.51279
0.541187
0.556984
0.582662
0.569298
0.511983
0.56101
0.529175
0.538462
0.553141
0.566623
0.485353
0.543786
0.510271
0.577685
0.516617
0.522046
0.502437
0.504807
0.496159
0.575631
0.564375
0.508441
0.553077
0.451308
0.482389
0.47843
0.48805
0.484972
0.549751
0.576059
0.574952
0.580907
0.555258
0.517281
0.515165
0.555697
0.466103
0.545137
0.553478
0.510303
0.51944
0.53375
0.543942
0.598255
0.526309
0.611786
0.528198
0.490806
0.523379
0.511727
0.630161
0.58545
0.551571
0.516154
0.477188
0.504793
0.561403
0.510627
0.455008
0.4635
0.574416
0.551937
0.486583
0.550685
0.491635
0.495279
0.512601
0.506777
0.519614
0.513486
0.559774
0.503005
0.457897
0.556421
0.57971
0.538502
0.564993
0.560437
0.609456
0.585881
0.490797
0.554676
0.505236
0.524479
0.515677
0.541631
0.536055
0.536473
0.542621
0.503143
0.49661
0.56586
0.532141
0.515878
0.516524
0.518608
0.498707
0.569359
0.507577
0.523842
0.51534
0.55295
0.546047
0.547898
0.544852
0.534572
0.577117
0.519122
0.496554
0.532505
0.525189
0.516545
0.540095
0.510441
0.521766
0.559256
0.545781
0.554936
0.545184
0.504319
0.511231
0.550447
0.550851
0.458196
0.461771
0.53526
0.520895
0.575826
0.519379
0.51132
0.52869
0.510085
0.541627
0.548869
0.549433
0.506189
0.497306
0.462381
0.566105
0.52934
0.541555
0.539131
0.550642
0.479672
0.504383
0.545762
0.480147
0.442887
0.464747
0.462638
0.510439
0.48365
0.478078
0.471195
0.499783
0.556389
0.509546
0.543537
0.516239
0.561008
0.553879
0.470205
0.493403
0.53809
0.569977
0.557863
0.470533
0.473431
0.507561
0.499215
0.501275
0.566534
0.54008
0.533452
0.544271
0.471003
0.466194
0.485205
0.568609
0.55992
0.548626
0.498178
0.480779
0.556549
0.494969
0.544453
0.541025
0.546918
0.476141
0.496676
0.540464
0.512311
0.53559
0.548721
0.498033
0.505256
0.543728
0.537043
0.551686
0.501766
0.545189
0.547942
0.535507
0.529676
0.526071
0.47691
0.528919
0.482755
0.532831
0.521562
0.552737
0.500046
0.52805
0.5259
0.541757
0.468491
0.568355
0.583368
0.586102
0.527285
0.495247
0.565052
0.562551
0.524426
0.557821
0.520787
0.455215
0.462237
0.523615
0.554837
0.579767
0.603003
0.474904
0.47297
0.473938
0.53408
0.542817
0.551984
0.469027
0.581123
0.480654
0.491139
0.465443
0.536663
0.553214
0.510564
0.478851
0.49171
0.500311
0.500512
0.516813
0.515934
0.519599
0.504904
0.559672
0.56198
0.549588
0.511401
0.559563
0.523177
0.484608
0.539478
0.533047
0.471356
0.562199
0.613545
0.539637
0.54001
0.436631
0.462555
0.47475
0.479997
0.562571
0.542782
0.538145
0.539339
0.478895
0.50019
0.503504
0.593229
0.524661
0.465902
0.4921
0.544972
0.528957
0.499606
0.519239
0.525272
0.515144
0.55233
0.550345
0.552539
0.548383
0.470996
0.452331
0.512191
0.523073
0.515005
0.477759
0.525014
0.524352
0.497862
0.584907
0.549063
0.515176
0.565452
0.51121
0.541968
0.561264
0.517519
0.515515
0.603572
0.616259
0.603841
0.568129
0.577358
0.576773
0.489709
0.537315
0.538077
0.53963
0.487475
0.516366
0.45504
0.536293
0.569886
0.559421
0.49926
0.55393
0.552031
0.553371
0.550254
0.469021
0.526988
0.52681
0.646694
0.501118
0.555202
0.543801
0.541679
0.464992
0.476482
0.487914
0.540019
0.54483
0.560711
0.543521
0.538976
0.462727
0.538507
0.550594
0.543401
0.509334
0.54191
0.524396
0.520737
0.523347
0.540666
0.516248
0.492729
0.517791
0.507545
0.502309
0.540853
0.525196
0.547822
0.543665
0.63491
0.563657
0.559854
0.551835
0.475684
0.51166
0.501408
0.541831
0.538281
0.532071
0.528731
0.534189
0.518298
0.48567
0.501815
0.473858
0.55193
0.555476
0.493016
0.481485
0.559183
0.504153
0.503873
0.526863
0.55542
0.560567
0.550924
0.520169
0.566427
0.517763
0.565882
0.516919
0.522581
0.495758
0.485553
0.519207
0.467614
0.498426
0.488566
0.571981
0.574177
0.572367
0.521624
0.525826
0.52608
0.52425
0.550032
0.51466
0.524002
0.564255
0.537873
0.567338
0.564761
0.552606
0.580399
0.528697
0.530451
0.548222
0.539083
0.578151
0.537571
0.5456
0.5567
0.552994
0.498094
0.544944
0.511596
0.589601
0.481413
0.484773
0.555678
0.557903
0.583962
0.560308
0.564169
0.536469
0.531713
0.539872
0.570117
0.53353
0.484783
0.547469
0.534791
0.654975
0.563637
0.562512
0.545201
0.605133
0.563003
0.595141
0.473598
0.474904
0.499935
0.546908
0.552749
0.589684
0.533934
0.557092
0.451097
0.554843
0.574535
0.564285
0.559321
0.515849
0.540398
0.564373
0.50433
0.539772
0.498788
0.574248
0.571473
0.522413
0.519759
0.552877
0.525293
0.581691
0.557374
0.543912
0.551861
0.52285
0.526203
0.52985
0.490938
0.57338
0.541005
0.538878
0.537337
0.464358
0.498434
0.573262
0.53273
0.545263
0.527624
0.540856
0.54179
0.564617
0.585259
0.526502
0.576887
0.559522
0.574335
0.536694
0.456518
0.479225
0.516762
0.508124
0.541443
0.556758
0.542439
0.511502
0.52619
0.519205
0.439436
0.495095
0.48644
0.430416
0.515987
0.518819
0.483589
0.562566
0.56495
0.559991
0.567106
0.608644
0.596947
0.4747
0.542768
0.558619
0.568869
0.450361
0.517143
0.564911
0.52229
0.554054
0.550313
0.576634
0.543736
0.539186
0.452257
0.402602
0.545956
0.539272
0.488384
0.606879
0.505141
0.622079
0.560526
0.599464
0.606291
0.592946
0.483601
0.569435
0.457632
0.484263
0.525255
0.531724
0.54642
0.516724
0.514546
0.636952
0.461002
0.467563
0.478251
0.472915
0.54866
0.451668
0.537192
0.522116
0.532137
0.509959
0.552173
0.535913
0.541896
0.545814
0.531483
0.534822
0.591676
0.551654
0.59399
0.456771
0.493706
0.527963
0.556006
0.564075
0.518914
0.547687
0.549379
0.537489
0.547262
0.554956
0.518198
0.515376
0.551226
0.534122
0.537501
0.493156
0.50078
0.502235
0.576917
0.483628
0.47057
0.46465
0.531487
0.528871
0.557809
0.474901
0.556229
0.562901
0.564812
0.555906
0.553334
0.489398
0.480796
0.497867
0.506622
0.563767
0.552497
0.441493
0.492722
0.496694
0.445939
0.536361
0.549054
0.525942
0.530578
0.539524
0.567469
0.550886
0.521633
0.515951
0.425635
0.517073
0.548759
0.440891
0.559979
0.587915
0.565891
0.565289
0.549892
0.513079
0.585677
0.533589
0.501501
0.510469
0.563771
0.558048
0.54481
0.474775
0.535908
0.573282
0.46582
0.522948
0.514226
0.516741
0.441474
0.550851
0.519402
0.488259
0.546621
0.450312
0.527142
0.44601
0.59719
0.554193
0.568012
0.571526
0.565052
0.602442
0.53038
0.505351
0.529362
0.560211
0.568683
0.551182
0.538275
0.555554
0.545111
0.557479
0.60448
0.573136
0.460676
0.452702
0.47246
0.441938
0.542048
0.541286
0.472033
0.573727
0.593026
0.482858
0.502374
0.541231
0.539471
0.549681
0.528837
0.504489
0.601272
0.4801
0.533213
0.588802
0.509114
0.488119
0.471398
0.543808
0.55539
0.482978
0.540775
0.522078
0.571689
0.531748
0.563562
0.572098
0.527106
0.554867
0.572661
0.4853
0.489415
0.553059
0.517615
0.533852
0.520431
0.525746
0.517854
0.572762
0.588458
0.577595
0.556357
0.559685
0.54359
0.50906
0.512969
0.535147
0.533719
0.521964
0.539032
0.556969
0.54335
0.577819
0.457251
0.541712
0.556926
0.512659
0.593519
0.547341
0.53089
0.540485
0.497751
0.497154
0.5688
0.457241
0.53692
0.489073
0.543417
0.479895
0.593793
0.547103
0.557884
0.562697
0.55373
0.560343
0.593626
0.520335
0.514259
0.608276
0.53563
0.531991
0.54528
0.481401
0.543716
0.458538
0.592038
0.589442
0.546305
0.542618
0.571062
0.567863
0.559917
0.572925
0.538047
0.546019
0.491105
0.487138
0.499241
0.525007
0.527483
0.545672
0.548744
0.49512
0.550775
0.54062
0.537021
0.55174
0.48231
0.524429
0.549498
0.53038
0.544587
0.548545
0.522963
0.53368
0.567925
0.53541
0.524604
0.600872
0.642747
0.565363
0.456792
0.507867
0.520286
0.526151
0.539048
0.540089
0.537091
0.569799
0.556571
0.553324
0.455858
0.568719
0.575282
0.526136
0.470513
0.534386
0.545981
0.520733
0.510316
0.541085
0.523005
0.529881
0.574866
0.575964
0.534751
0.567681
0.448363
0.442056
0.527854
0.553183
0.593062
0.519294
0.569316
0.527016
0.525106
0.450466
0.436434
0.544649
0.614649
0.552145
0.546988
0.627081
0.528123
0.522792
0.544275
0.547836
0.531446
0.514894
0.572193
0.557685
0.472513
0.45716
0.541343
0.448168
0.454167
0.47529
0.470918
0.52943
0.529096
0.477996
0.511431
0.487719
0.499422
0.523753
0.498032
0.483965
0.473283
0.476544
0.550306
0.532267
0.529477
0.546817
0.552948
0.547529
0.507008
0.536021
0.53635
0.525765
0.480855
0.449601
0.524848
0.521899
0.53487
0.499595
0.478779
0.48018
0.56074
0.513012
0.497479
0.544986
0.517608
0.548143
0.538846
0.509911
0.646049
0.462484
0.478486
0.576962
0.528287
0.490097
0.493749
0.45598
0.532977
0.500295
0.479755
0.522366
0.564025
0.501466
0.564408
0.474201
0.502923
0.51711
0.52146
0.480942
0.598159
0.520115
0.565606
0.529644
0.455115
0.558138
0.443404
0.608252
0.571622
0.589676
0.528912
0.513835
0.528401
0.498422
0.457499
0.524247
0.539896
0.485217
0.509053
0.526031
0.543892
0.452136
0.466013
0.478169
0.534287
0.560504
0.550144
0.538214
0.553681
0.558158
0.5811
0.425383
0.52056
0.519224
0.555911
0.566397
0.567892
0.54768
0.547522
0.515356
0.526978
0.532413
0.517426
0.573096
0.444655
0.518405
0.511532
0.516866
0.586098
0.625662
0.58645
0.490427
0.47572
0.485832
0.492741
0.461101
0.489106
0.461034
0.555205
0.507683
0.533575
0.533113
0.541211
0.54031
0.530371
0.497288
0.538365
0.570024
0.563103
0.504102
0.497705
0.527778
0.484214
0.514192
0.496744
0.51802
0.516249
0.460121
0.477708
0.461939
0.576467
0.615217
0.552988
0.566584
0.578771
0.562582
0.478775
0.495499
0.517625
0.519263
0.523233
0.551061
0.549246
0.542645
0.572687
0.559685
0.594717
0.524904
0.502387
0.575375
0.531064
0.561375
0.552114
0.526111
0.522993
0.543995
0.534479
0.52472
0.518396
0.536916
0.561971
0.534994
0.482122
0.537471
0.543263
0.551048
0.544389
0.52026
0.530061
0.511031
0.564784
0.55947
0.528539
0.482618
0.517268
0.60333
0.520576
0.522211
0.525486
0.541318
0.530235
0.537166
0.537082
0.516948
0.531478
0.53714
0.549621
0.548026
0.552069
0.503877
0.543327
0.483207
0.554425
0.555515
0.578713
0.488694
0.485561
0.532691
0.490985
0.512622
0.500608
0.592679
0.517556
0.531754
0.53787
0.532792
0.55747
0.551072
0.533924
0.528835
0.531063
0.541901
0.552245
0.556964
0.503425
0.530306
0.487357
0.579439
0.519571
0.533147
0.485137
0.482642
0.537744
0.511523
0.479682
0.493689
0.540128
0.567665
0.528195
0.496555
0.576832
0.542965
0.516127
0.474735
0.473287
0.561034
0.519522
0.543421
0.543942
0.530447
0.511498
0.564674
0.478964
0.541776
0.541433
0.552256
0.552873
0.475668
0.549544
0.557659
0.539374
0.506342
0.517357
0.533992
0.534838
0.516665
0.510542
0.426733
0.503792
0.556546
0.479311
0.604167
0.518816
0.522475
0.553854
0.472842
0.47978
0.538762
0.512134
0.645824
0.465586
0.575865
0.541785
0.540809
0.494924
0.478662
0.588703
0.530183
0.448577
0.433237
0.557397
0.546423
0.536523
0.609472
0.442382
0.568789
0.609033
0.534457
0.576667
0.503369
0.618199
0.546218
0.566105
0.544347
0.541656
0.511199
0.577987
0.586726
0.545653
0.582886
0.555689
0.560649
0.518619
0.523252
0.524704
0.582995
0.550691
0.629652
0.466146
0.595905
0.517744
0.520239
0.56967
0.55925
0.537072
0.579973
0.459054
0.535982
0.475462
0.480482
0.514163
0.569012
0.468589
0.471035
0.598205
0.53841
0.545159
0.577219
0.532379
0.567416
0.496016
0.566446
0.548441
0.528397
0.544763
0.541425
0.489755
0.529926
0.534057
0.558738
0.581524
0.545304
0.568982
0.58808
0.556229
0.567156
0.567017
0.578866
0.463707
0.512998
0.558955
0.519335
0.569401
0.495219
0.541204
0.489646
0.568054
0.524375
0.554964
0.536587
0.550862
0.538865
0.553738
0.525228
0.562
0.464728
0.501931
0.53722
0.549861
0.540213
0.474988
0.533383
0.512501
0.539352
0.547187
0.561645
0.497084
0.571536
0.530004
0.459747
0.572781
0.540555
0.52761
0.560581
0.562871
0.516138
0.566194
0.494021
0.518718
0.556166
0.487564
0.504623
0.536034
0.564769
0.551337
0.551661
0.532964
0.491748
0.560823
0.531863
0.497238
0.522455
0.444912
0.538354
0.448572
0.494509
0.503518
0.521231
0.571639
0.449937
0.557443
0.454035
0.533942
0.56052
0.530801
0.548926
0.547051
0.533517
0.520636
0.557866
0.525352
0.472119
0.526028
0.4414
0.490754
0.5692
0.550583
0.491969
0.495631
0.518721
0.542149
0.544985
0.506379
0.524608
0.450498
0.475804
0.513745
0.51918
0.492622
0.521649
0.499859
0.545404
0.468902
0.546832
0.473093
0.550828
0.542237
0.477213
0.487744
0.452981
0.461595
0.53524
0.557656
0.550554
0.560517
0.565675
0.572815
0.571727
0.5711
0.521402
0.521804
0.541422
0.540532
0.516834
0.545512
0.522014
0.522111
0.544467
0.524138
0.519444
0.568384
0.520781
0.555169
0.550112
0.588744
0.511757
0.553323
0.507329
0.542667
0.563991
0.558041
0.47059
0.522756
0.545309
0.540447
0.521398
0.537738
0.525978
0.523522
0.530011
0.567344
0.523903
0.527255
0.462483
0.523238
0.5177
0.531084
0.584252
0.454284
0.483321
0.489843
0.541212
0.49784
0.544908
0.540901
0.504217
0.553375
0.468828
0.553521
0.597524
0.561732
0.544677
0.567926
0.479129
0.536169
0.54595
0.511544
0.526275
0.539067
0.501613
0.436756
0.577676
0.476811
0.541759
0.479938
0.555415
0.518256
0.554267
0.444954
0.553811
0.542513
0.457019
0.539523
0.442948
0.526087
0.526441
0.554923
0.553398
0.552913
0.576619
0.442103
0.524063
0.476785
0.468101
0.550605
0.477034
0.461088
0.560138
0.477122
0.500994
0.477556
0.487372
0.557048
0.541375
0.53175
0.50038
0.509739
0.495806
0.562484
0.519859
0.481431
0.484422
0.530891
0.513989
0.531106
0.606451
0.474934
0.558312
0.5242
0.538789
0.532617
0.504125
0.506046
0.51581
0.528472
0.530754
0.560097
0.470824
0.534465
0.533784
0.522419
0.528665
0.533262
0.492352
0.530641
0.474081
0.486185
0.595891
0.472459
0.494402
0.512005
0.627446
0.558105
0.504398
0.500553
0.561254
0.535927
0.478225
0.506187
0.56358
0.479966
0.546269
0.533588
0.521664
0.535975
0.527145
0.539507
0.490971
0.522364
0.580206
0.529714
0.507094
0.495402
0.533656
0.531872
0.514404
0.535102
0.563266
0.514131
0.577772
0.561841
0.567563
0.560472
0.563237
0.47497
0.544073
0.510609
0.562998
0.545937
0.501363
0.54167
0.517133
0.53184
0.446505
0.461674
0.489492
0.564369
0.531951
0.569145
0.518442
0.551509
0.5279
0.570698
0.529959
0.491303
0.544367
0.627028
0.553471
0.567267
0.538603
0.547908
0.534401
0.624133
0.536001
0.478302
0.543466
0.516603
0.509763
0.543603
0.557658
0.591098
0.530389
0.539626
0.555023
0.500817
0.511705
0.450139
0.523419
0.525065
0.520694
0.521665
0.521134
0.548474
0.441899
0.533961
0.517421
0.528491
0.552271
0.56394
0.494099
0.517943
0.531351
0.529181
0.545415
0.474886
0.509942
0.534774
0.571853
0.533881
0.56186
0.475607
0.584794
0.487769
0.489239
0.49312
0.554869
0.47136
0.525772
0.469181
0.522648
0.471305
0.533306
0.519512
0.503458
0.578952
0.498135
0.55688
0.537276
0.53859
0.535748
0.518165
0.497495
0.502596
0.47167
0.469226
0.543889
0.521126
0.512401
0.47792
0.498646
0.505359
0.537946
0.517425
0.574481
0.546954
0.505179
0.531038
0.499066
0.545727
0.560547
0.553684
0.565475
0.584369
0.526554
0.518343
0.513122
0.550887
0.542991
0.498497
0.538481
0.544578
0.536473
0.526327
0.539065
0.611383
0.5314
0.538459
0.503006
0.485267
0.608789
0.494376
0.520812
0.539655
0.531802
0.537175
0.512421
0.592511
0.535091
0.558427
0.474002
0.505841
0.501464
0.529793
0.43936
0.514669
0.517067
0.50923
0.480452
0.55523
0.556532
0.563961
0.532084
0.536981
0.548258
0.549614
0.531706
0.49926
0.52942
0.508549
0.486499
0.476973
0.54244
0.544123
0.472275
0.54116
0.557018
0.444084
0.527308
0.548457
0.487585
0.480772
0.496464
0.518745
0.508059
0.495462
0.528824
0.53209
0.523419
0.513717
0.503459
0.541088
0.51353
0.495949
0.523088
0.491178
0.502228
0.537297
0.531835
0.500291
0.526138
0.556942
0.479234
0.529021
0.547023
0.549429
0.548217
0.554795
0.52842
0.564676
0.549841
0.530771
0.572975
0.588355
0.548053
0.541129
0.493377
0.533837
0.512263
0.492869
0.581129
0.509879
0.595534
0.532374
0.496655
0.524264
0.516068
0.53003
0.475428
0.522704
0.420993
0.551205
0.625828
0.541381
0.553594
0.53578
0.545996
0.522185
0.52538
0.523003
0.556234
0.616125
0.55923
0.549448
0.534794
0.572704
0.520003
0.575805
0.555074
0.518579
0.555212
0.555312
0.559167
0.508719
0.481108
0.535621
0.528949
0.53166
0.560004
0.551938
0.584967
0.485311
0.534577
0.633849
0.533279
0.542283
0.531552
0.521274
0.510993
0.556207
0.48437
0.478026
0.535722
0.547967
0.496208
0.591846
0.490017
0.543027
0.5258
0.549408
0.520312
0.442813
0.56899
0.528404
0.475011
0.47331
0.565605
0.506662
0.469621
0.570505
0.461793
0.519364
0.565875
0.542511
0.525867
0.454901
0.528537
0.530593
0.549539
