0.504821
0.508286
0.500323
0.540451
0.516367
0.520717
0.510875
0.517531
0.491826
0.521645
0.531586
0.531948
0.532591
0.539109
0.462595
0.531935
0.517477
0.510293
0.518426
0.549446
0.542353
0.540352
0.497954
0.519568
0.531036
0.530637
0.556841
0.559617
0.524414
0.530942
0.548758
0.540641
0.561544
0.531537
0.537155
0.539973
0.516611
0.53543
0.54973
0.530892
0.522053
0.491633
0.546517
0.544004
0.531778
0.524339
0.513928
0.529254
0.533491
0.497499
0.485882
0.488331
0.516084
0.515813
0.505788
0.492637
0.525911
0.524608
0.540105
0.552984
0.539525
0.540602
0.50928
0.52115
0.515945
0.525289
0.489034
0.521374
0.51962
0.518667
0.539504
0.53712
0.537068
0.512269
0.552062
0.559469
0.516973
0.546886
0.523398
0.527317
0.501405
0.49239
0.517749
0.524204
0.539723
0.537042
0.547483
0.533065
0.534033
0.533822
0.518412
0.479234
0.507599
0.533693
0.525599
0.550643
0.533344
0.530702
0.53638
0.552343
0.546211
0.504767
0.533799
0.530993
0.523714
0.532437
0.522527
0.544673
0.493682
0.525563
0.472032
0.543765
0.52047
0.50488
0.47422
0.534396
0.461385
0.553627
0.531905
0.46301
0.51314
0.546175
0.539518
0.54939
0.545334
0.520633
0.533866
0.520526
0.547512
0.549924
0.54854
0.548968
0.530422
0.522774
0.555344
0.533597
0.526257
0.548954
0.522613
0.541664
0.517989
0.53136
0.530971
0.535485
0.518099
0.528124
0.507641
0.551323
0.546447
0.558806
0.555741
0.542793
0.548927
0.554611
0.55428
0.486042
0.463065
0.493545
0.463669
0.492477
0.550667
0.484382
0.543249
0.519577
0.527501
0.468535
0.516554
0.523063
0.511204
0.502286
0.559829
0.531201
0.525589
0.511596
0.522332
0.511541
0.523056
0.520501
0.555321
0.562555
0.547268
0.546481
0.52705
0.525128
0.526757
0.539767
0.525427
0.525764
0.533939
0.537526
0.535518
0.524023
0.527051
0.521782
0.523401
0.542193
0.542744
0.489559
0.512128
0.506973
0.5245
0.528948
0.527596
0.494924
0.531785
0.509574
0.520821
0.525216
0.527181
0.524662
0.506541
0.536518
0.504973
0.545936
0.503975
0.512859
0.511473
0.496311
0.543005
0.520243
0.530262
0.531456
0.533358
0.533998
0.518755
0.534653
0.510838
0.546395
0.53644
0.545671
0.537183
0.534717
0.529615
0.539439
0.489214
0.496596
0.561665
0.533922
0.525345
0.531958
0.525465
0.541113
0.554945
0.526411
0.527955
0.50492
0.484886
0.515963
0.522792
0.523447
0.525732
0.499326
0.519963
0.54324
0.539965
0.534436
0.519405
0.545217
0.541529
0.538382
0.547655
0.546405
0.507287
0.539802
0.551544
0.517376
0.527571
0.539832
0.512475
0.533148
0.526037
0.514573
0.525316
0.550728
0.539719
0.503542
0.513531
0.529725
0.540689
0.518291
0.515387
0.51809
0.524665
0.550319
0.498544
0.468972
0.534849
0.523762
0.534542
0.533084
0.529358
0.526761
0.553111
0.54176
0.531648
0.514178
0.499359
0.512999
0.543503
0.519622
0.533021
0.513749
0.51857
0.530329
0.539904
0.547854
0.553395
0.525518
0.509389
0.527402
0.539307
0.533932
0.531121
0.539871
0.536398
0.545916
0.45926
0.532415
0.553107
0.540364
0.543169
0.536567
0.540474
0.545556
0.548311
0.537491
0.52563
0.534353
0.517503
0.498513
0.560596
0.514478
0.521285
0.516093
0.584298
0.509149
0.506556
0.521609
0.552084
0.496595
0.525929
0.495832
0.500986
0.532199
0.524422
0.515807
0.527281
0.53439
0.46185
0.484769
0.544506
0.545329
0.549743
0.544737
0.528452
0.514597
0.496763
0.541515
0.548938
0.540285
0.514472
0.516858
0.535654
0.531208
0.508187
0.491437
0.517422
0.515831
0.535141
0.540714
0.536231
0.537707
0.545679
0.548084
0.481461
0.495795
0.51023
0.544682
0.561898
0.556507
0.554333
0.520855
0.510207
0.530659
0.534989
0.495402
0.489614
0.546914
0.522094
0.540091
0.526207
0.540582
0.537991
0.514824
0.517555
0.492725
0.492426
0.552578
0.535273
0.533595
0.507729
0.542857
0.500523
0.530582
0.507385
0.529408
0.528299
0.495139
0.491979
0.539562
0.536721
0.515584
0.505662
0.488173
0.494451
0.493869
0.465267
0.505033
0.524037
0.532735
0.499688
0.493538
0.502866
0.514605
0.530457
0.513633
0.535249
0.521819
0.514986
0.519242
0.5464
0.516092
0.518215
0.518838
0.533746
0.524862
0.519414
0.523069
0.519819
0.535574
0.529049
0.53231
0.53653
0.533091
0.537582
0.531964
0.517808
0.540952
0.527106
0.546363
0.528098
0.539917
0.534221
0.5423
0.479793
0.482096
0.535155
0.507551
0.524254
0.523317
0.536375
0.536544
0.534885
0.527325
0.535182
0.54566
0.538551
0.538181
0.533938
0.528014
0.544066
0.563397
0.520092
0.531238
0.492839
0.530353
0.551336
0.560552
0.534428
0.491128
0.505257
0.503937
0.545375
0.495651
0.526239
0.561821
0.554266
0.550874
0.549838
0.52966
0.535684
0.537711
0.540766
0.541231
0.543937
0.528695
0.459373
0.542943
0.549365
0.524394
0.520687
0.51785
0.500643
0.505659
0.532362
0.531833
0.51649
0.516127
0.524846
0.51218
0.564872
0.541142
0.541367
0.529162
0.532831
0.521919
0.524381
0.519851
0.508476
0.533616
0.513437
0.534608
0.536587
0.531849
0.520018
0.493738
0.503173
0.51165
0.520724
0.51982
0.519856
0.526626
0.522964
0.52927
0.541262
0.552468
0.551574
0.555056
0.468998
0.52396
0.511517
0.540395
0.536857
0.549525
0.516345
0.53786
0.52484
0.54033
0.532763
0.528651
0.53443
0.550862
0.515497
0.537482
0.499844
0.539848
0.509715
0.555388
0.477204
0.513962
0.512782
0.554856
0.547853
0.544601
0.540556
0.553279
0.546562
0.540687
0.539783
0.54994
0.549296
0.54453
0.550087
0.540904
0.545774
0.54092
0.521713
0.541556
0.550786
0.497292
0.511386
0.573827
0.548401
0.542697
0.541099
0.545672
0.542906
0.541381
0.536822
0.53804
0.504288
0.481116
0.528666
0.503833
0.494449
0.567274
0.534277
0.538124
0.524092
0.493019
0.501409
0.522213
0.50192
0.500928
0.523126
0.53014
0.533901
0.526392
0.523707
0.53292
0.534707
0.529308
0.518596
0.527115
0.516817
0.53589
0.53103
0.542261
0.512919
0.513013
0.492566
0.537926
0.476048
0.512898
0.521239
0.537067
0.485783
0.524085
0.530737
0.53626
0.547947
0.53691
0.527441
0.507601
0.53922
0.538655
0.524812
0.537617
0.534698
0.453437
0.472145
0.478271
0.507673
0.515746
0.512766
0.545311
0.551211
0.528902
0.553464
0.525334
0.513146
0.521877
0.537268
0.506356
0.531185
0.542941
0.520487
0.512619
0.516835
0.524783
0.521383
0.534721
0.528536
0.53249
0.529145
0.53958
0.52751
0.532061
0.528678
0.530911
0.51999
0.549922
0.508971
0.538794
0.494185
0.524723
0.526105
0.523277
0.518794
0.538131
0.53622
0.537255
0.556504
0.543287
0.535943
0.544245
0.500079
0.536487
0.543734
0.526602
0.523352
0.524654
0.528569
0.527038
0.465018
0.490882
0.49681
0.561327
0.517452
0.502079
0.538957
0.532241
0.533601
0.556113
0.558727
0.503178
0.53187
0.505366
0.523922
0.522788
0.527275
0.539357
0.526663
0.542609
0.543846
0.545583
0.50571
0.462437
0.539065
0.533832
0.529778
0.506939
0.513974
0.538426
0.536309
0.52142
0.521175
0.481925
0.530037
0.520719
0.531686
0.540285
0.497061
0.522171
0.520428
0.515492
0.463854
0.495217
0.503556
0.510998
0.54201
0.534744
0.544884
0.520066
0.515078
0.541229
0.520448
0.5355
0.557083
0.502865
0.543482
0.541266
0.534114
0.529819
0.532731
0.535092
0.526337
0.559056
0.498735
0.496723
0.523408
0.559206
0.504198
0.512583
0.537469
0.51101
0.511379
0.534979
0.543813
0.549434
0.523016
0.535413
0.542937
0.526563
0.535304
0.539197
0.558635
0.498097
0.532902
0.547131
0.545002
0.52172
0.510348
0.51236
0.526259
0.533019
0.524475
0.524288
0.543845
0.529609
0.533297
0.549016
0.498206
0.451647
0.486617
0.548351
0.461439
0.538589
0.520317
0.522385
0.462764
0.524494
0.440989
0.525377
0.526444
0.557245
0.542491
0.434189
0.504598
0.459182
0.458011
0.449042
0.475671
0.432256
0.534096
0.527371
0.542322
0.531425
0.541961
0.531353
0.524162
0.524724
0.531663
0.491462
0.549467
0.541167
0.510401
0.50815
0.54186
0.518365
0.531509
0.53633
0.535615
0.541415
0.513693
0.546364
0.524883
0.554426
0.49826
0.534
0.531388
0.544172
0.507395
0.529828
0.528663
0.528374
0.517114
0.501518
0.530978
0.52817
0.513462
0.543172
0.546043
0.531509
0.538138
0.528738
0.526564
0.560399
0.539762
0.509429
0.539185
0.535037
0.528662
0.534192
0.543708
0.552953
0.496742
0.52997
0.537164
0.533452
0.525403
0.525228
0.524094
0.517802
0.495389
0.554622
0.474541
0.53555
0.530863
0.535661
0.537207
0.495748
0.537275
0.533028
0.480893
0.500711
0.490195
0.526274
0.526827
0.528338
0.486127
0.553105
0.541801
0.531556
0.538552
0.551821
0.512484
0.526321
0.5212
0.563373
0.544002
0.500504
0.548216
0.501179
0.523452
0.520715
0.51866
0.551316
0.546451
0.542713
0.534054
0.562923
0.520158
0.522923
0.527391
0.538735
0.570409
0.558957
0.555323
0.530367
0.540522
0.552224
0.535155
0.469419
0.544576
0.516529
0.505731
0.515493
0.517669
0.512521
0.545425
0.527399
0.521811
0.54007
0.536224
0.530445
0.532268
0.536784
0.538461
0.540648
0.532898
0.538427
0.540295
0.510226
0.524907
0.489622
0.490454
0.531554
0.530496
0.535617
0.499728
0.496699
0.543746
0.539569
0.551227
0.545341
0.514211
0.545485
0.495078
0.496818
0.51361
0.541661
0.533251
0.473118
0.549128
0.534831
0.52754
0.529688
0.525762
0.524126
0.503368
0.50956
0.520157
0.511092
0.539744
0.54319
0.541439
0.549928
0.549827
0.522944
0.522803
0.520404
0.519455
0.50376
0.54699
0.526016
0.553681
0.55598
0.552331
0.523041
0.541394
0.565761
0.502161
0.506537
0.501951
0.525828
0.530045
0.543746
0.536742
0.548711
0.553412
0.551092
0.548602
0.514627
0.538536
0.530706
0.527828
0.494038
0.513183
0.537907
0.536838
0.538638
0.538035
0.546088
0.540491
0.532836
0.521788
0.5372
0.540103
0.526757
0.507855
0.556984
0.542664
0.538141
0.546826
0.553284
0.473864
0.482666
0.545655
0.544534
0.545731
0.527848
0.464356
0.54432
0.529561
0.521494
0.527359
0.524287
0.532351
0.495359
0.509278
0.541768
0.540518
0.537556
0.498814
0.543809
0.545583
0.54739
0.505289
0.517117
0.512994
0.519733
0.525997
0.548739
0.539926
0.517069
0.516261
0.544869
0.55527
0.533933
0.558746
0.544802
0.534155
0.568511
0.528409
0.530017
0.53556
0.511482
0.544318
0.550103
0.563682
0.546427
0.55195
0.51915
0.53982
0.523031
0.527208
0.520497
0.522927
0.52907
0.519823
0.522085
0.518352
0.520892
0.521991
0.492883
0.514544
0.546035
0.522637
0.519318
0.533837
0.522628
0.530073
0.546767
0.543073
0.513204
0.538179
0.478853
0.470856
0.512311
0.508478
0.517291
0.53185
0.549591
0.532262
0.477668
0.531555
0.547528
0.52852
0.528479
0.535943
0.536084
0.539683
0.456886
0.538163
0.525932
0.541453
0.562041
0.526845
0.532241
0.526735
0.54536
0.453698
0.487958
0.502334
0.536731
0.545927
0.543231
0.491872
0.49382
0.470905
0.544169
0.548391
0.501696
0.538771
0.529311
0.539305
0.539653
0.54245
0.541693
0.545047
0.542935
0.527406
0.529062
0.543851
0.546902
0.532314
0.536221
0.527646
0.561778
0.546303
0.552475
0.549562
0.532597
0.54815
0.505152
0.525072
0.541487
0.535684
0.554221
0.546689
0.530437
0.540548
0.519056
0.540575
0.517445
0.545782
0.532651
0.52976
0.53506
0.494517
0.502365
0.538736
0.536666
0.523661
0.549904
0.548384
0.535874
0.52131
0.527795
0.560287
0.517909
0.525357
0.524479
0.533217
0.525303
0.543394
0.541451
0.526949
0.548589
0.517754
0.532621
0.543106
0.53491
0.540181
0.552193
0.542768
0.530085
0.532885
0.548088
0.542541
0.507134
0.498113
0.519899
0.53102
0.524355
0.5136
0.53619
0.500203
0.520875
0.518367
0.511334
0.480855
0.489393
0.540659
0.463363
0.491362
0.537376
0.482657
0.560791
0.516487
0.504966
0.530129
0.514956
0.49136
0.495946
0.529032
0.528211
0.53679
0.52733
0.530527
0.536015
0.528815
0.536641
0.546102
0.526924
0.506606
0.543706
0.549315
0.543456
0.482863
0.531922
0.519738
0.53199
0.527246
0.523529
0.491129
0.516812
0.474065
0.541952
0.52459
0.530204
0.544214
0.507513
0.542241
0.515498
0.533096
0.543809
0.541674
0.559558
0.526666
0.538407
0.541539
0.511049
0.525457
0.504376
0.527845
0.515271
0.542684
0.549743
0.534658
0.515215
0.503948
0.48452
0.556017
0.540073
0.497718
0.535836
0.500394
0.528165
0.547806
0.537051
0.506919
0.511797
0.540545
0.521328
0.537883
0.516173
0.502918
0.539664
0.502536
0.533938
0.530703
0.544684
0.508353
0.503317
0.50176
0.534336
0.53451
0.523643
0.52238
0.54032
0.512154
0.536833
0.542917
0.499507
0.539303
0.496156
0.526984
0.530845
0.533138
0.541309
0.503287
0.530903
0.541507
0.526184
0.543604
0.545444
0.544592
0.523194
0.523328
0.546248
0.535171
0.515511
0.513966
0.543401
0.534857
0.515848
0.530218
0.529832
0.534017
0.50256
0.542229
0.516707
0.501006
0.509968
0.532029
0.551234
0.518254
0.520153
0.518231
0.528786
0.527823
0.531188
0.528591
0.53506
0.490372
0.511123
0.538538
0.519919
0.502993
0.529992
0.531628
0.499648
0.51226
0.517167
0.578335
0.561759
0.526932
0.522019
0.524307
0.527074
0.52837
0.516623
0.513114
0.525025
0.527275
0.530716
0.531341
0.531514
0.530308
0.530669
0.491052
0.549607
0.543155
0.537632
0.524221
0.518085
0.467384
0.482382
0.507028
0.500287
0.525633
0.545192
0.535179
0.494166
0.53881
0.470832
0.51691
0.520743
0.520099
0.546508
0.522397
0.532868
0.558153
0.501485
0.560052
0.542872
0.539686
0.55278
0.526618
0.549037
0.513508
0.549733
0.539962
0.51908
0.538595
0.531618
0.534768
0.536049
0.534816
0.534186
0.526541
0.535241
0.536531
0.532467
0.498973
0.537732
0.538919
0.534528
0.532395
0.516617
0.533889
0.522327
0.538815
0.536862
0.539607
0.516699
0.538597
0.518816
0.544814
0.555208
0.559055
0.544749
0.504295
0.51555
0.549039
0.453714
0.45424
0.463343
0.549525
0.458901
0.458351
0.463451
0.48057
0.499701
0.518866
0.571095
0.493329
0.528288
0.570781
0.523819
0.521061
0.523517
0.523278
0.518502
0.512074
0.535686
0.520269
0.545829
0.519636
0.531007
0.531228
0.540339
0.541586
0.551894
0.552695
0.546307
0.526684
0.538329
0.517581
0.498831
0.539915
0.552197
0.558906
0.541453
0.531757
0.529427
0.537341
0.545795
0.551767
0.555948
0.479586
0.495548
0.539589
0.542734
0.533775
0.534771
0.545251
0.550117
0.482864
0.527124
0.531338
0.506661
0.496152
0.533536
0.523399
0.527347
0.540323
0.536594
0.500223
0.547229
0.528743
0.549097
0.552953
0.552198
0.516315
0.55292
0.54811
0.520225
0.548744
0.49367
0.528713
0.528857
0.555483
0.548318
0.548876
0.49649
0.455579
0.548845
0.546785
0.550416
0.54823
0.525948
0.51785
0.533716
0.537296
0.54128
0.550713
0.523684
0.525484
0.545016
0.521868
0.528789
0.551605
0.526149
0.536476
0.535903
0.532127
0.533611
0.54544
0.525214
0.548568
0.534597
0.530949
0.536986
0.53804
0.512775
0.552559
0.544918
0.52957
0.542913
0.534266
0.551417
0.536886
0.534816
0.537663
0.540332
0.551265
0.546935
0.544124
0.54179
0.550517
0.518674
0.533973
0.532168
0.537128
0.522062
0.519593
0.505165
0.531334
0.532074
0.470562
0.507809
0.540311
0.53731
0.515345
0.541848
0.515251
0.522587
0.531737
0.502133
0.536687
0.539377
0.541324
0.51853
0.522701
0.519099
0.511694
0.531856
0.519735
0.523434
0.525861
0.53132
0.521165
0.522999
0.528976
0.527053
0.525327
0.525524
0.522338
0.546093
0.479807
0.533287
0.526399
0.529404
0.547022
0.551518
0.533129
0.534638
0.547703
0.515427
0.540926
0.517994
0.535085
0.514217
0.572028
0.534597
0.523874
0.557743
0.517295
0.456679
0.533945
0.528983
0.532396
0.531053
0.526703
0.537854
0.520888
0.522882
0.529694
0.528721
0.544419
0.532617
0.462107
0.497264
0.518329
0.537412
0.498675
0.53485
0.503211
0.535298
0.513102
0.55528
0.54076
0.52595
0.521013
0.537023
0.534759
0.543279
0.546168
0.544082
0.545177
0.539844
0.527267
0.522702
0.534961
0.554412
0.551637
0.545526
0.553822
0.540736
0.517596
0.518065
0.50519
0.544305
0.506054
0.538432
0.547236
0.533244
0.52497
0.49582
0.53062
0.533971
0.521655
0.531175
0.531262
0.502101
0.528888
0.540088
0.531708
0.54457
0.544649
0.533546
0.531375
0.530775
0.510964
0.525901
0.533715
0.50739
0.519237
0.512453
0.566201
0.553615
0.531469
0.524722
0.532899
0.56289
0.537246
0.547444
0.475575
0.491975
0.55034
0.551116
0.51456
0.526736
0.465023
0.515569
0.528351
0.533786
0.517366
0.521818
0.533788
0.529715
0.533657
0.521336
0.516173
0.535183
0.542943
0.528218
0.525957
0.529389
0.538182
0.54793
0.484284
0.503184
0.552217
0.545161
0.543281
0.497302
0.550017
0.542471
0.549639
0.466436
0.509084
0.554927
0.520912
0.551448
0.548299
0.535775
0.541458
0.524993
0.523918
0.539338
0.537381
0.471669
0.508214
0.51291
0.526887
0.519387
0.529276
0.529183
0.531091
0.514762
0.500204
0.515962
0.539174
0.512779
0.538938
0.526172
0.505366
0.502234
0.516876
0.528336
0.549612
0.527544
0.534763
0.513737
0.541195
0.53115
0.537838
0.527585
0.536647
0.511407
0.498216
0.555321
0.534017
0.548245
0.501038
0.529627
0.473199
0.459641
0.546171
0.525868
0.517794
0.550681
0.448781
0.534361
0.494076
0.489272
0.489102
0.503051
0.501356
0.501203
0.513979
0.540377
0.524415
0.553605
0.551088
0.513276
0.531622
0.537901
0.553777
0.531233
0.528678
0.475143
0.527635
0.553075
0.534065
0.534693
0.547691
0.535167
0.535497
0.536382
0.53628
0.531279
0.541784
0.542787
0.454268
0.471665
0.51842
0.523162
0.508119
0.501502
0.517846
0.52915
0.506111
0.527983
0.545488
0.505328
0.520558
0.527073
0.525102
0.508283
0.511883
0.534627
0.528003
0.526474
0.508623
0.519229
0.553282
0.548431
0.508242
0.547413
0.516534
0.518126
0.540879
0.546489
0.520727
0.504404
0.53372
0.50759
0.503021
0.5326
0.532383
0.544115
0.517929
0.534515
0.537705
0.538198
0.534597
0.539306
0.508547
0.486746
0.521627
0.548038
0.530364
0.517646
0.504381
0.53172
0.526293
0.504443
0.505997
0.529532
0.538773
0.466634
0.520893
0.529541
0.528008
0.531193
0.542912
0.530749
0.58007
0.52213
0.491758
0.535267
0.541839
0.538801
0.534734
0.527905
0.516401
0.524861
0.54288
0.569895
0.55073
0.500335
0.541722
0.54392
0.552449
0.549003
0.526964
0.526801
0.532927
0.512595
0.503563
0.523087
0.545314
0.542338
0.540758
0.529937
0.533467
0.53427
0.554655
0.526012
0.558886
0.542406
0.542817
0.53607
0.519103
0.53794
0.541229
0.533174
0.5025
0.535898
0.526226
0.541643
0.545015
0.537711
0.515152
0.496947
0.519362
0.521369
0.52415
0.54305
0.519071
0.543407
0.559282
0.55678
0.536146
0.544905
0.539884
0.528145
0.522906
0.538047
0.518846
0.535434
0.535475
0.544075
0.540837
0.53775
0.529152
0.540062
0.534422
0.513486
0.531242
0.530638
0.497059
0.516539
0.543107
0.48802
0.542151
0.522862
0.529636
0.521567
0.527902
0.52716
0.527777
0.525101
0.551168
0.560979
0.550191
0.552554
0.538341
0.534979
0.540617
0.539509
0.538925
0.531536
0.520113
0.535127
0.503131
0.52129
0.522966
0.509233
0.536831
0.528578
0.517564
0.500257
0.547419
0.514334
0.478925
0.535599
0.532523
0.489539
0.518964
0.491843
0.499683
0.538897
0.503738
0.518506
0.54002
0.540662
0.535236
0.490108
0.527435
0.534819
0.477368
0.567529
0.524986
0.510502
0.506229
0.541633
0.554346
0.526014
0.543767
0.481932
0.525487
0.483821
0.473843
0.517863
0.51588
0.513315
0.518383
0.52908
0.541294
0.543567
0.530981
0.542213
0.50019
0.538307
0.538907
0.562672
0.552807
0.51827
0.47401
0.527512
0.541887
0.501728
0.498417
0.521821
0.536022
0.529627
0.518692
0.490423
0.536522
0.533701
0.532516
0.553358
0.527168
0.531038
0.54843
0.522345
0.540414
0.523534
0.541004
0.534383
0.536851
0.549457
0.52335
0.547528
0.503295
0.522809
0.532506
0.530235
0.502975
0.54252
0.47609
0.547143
0.498684
0.541382
0.551917
0.538228
0.49415
0.51513
0.527142
0.52902
0.537632
0.543075
0.54894
0.473323
0.459895
0.550749
0.54609
0.456827
0.559169
0.508699
0.54845
0.553046
0.546568
0.545195
0.522607
0.559245
0.511295
0.552977
0.539643
0.528833
0.532964
0.536064
0.540251
0.52243
0.520584
0.542918
0.53767
0.539363
0.519175
0.518767
0.520547
0.538305
0.506843
0.506068
0.49003
0.503077
0.469912
0.528004
0.495763
0.482363
0.516781
0.506124
0.523773
0.543502
0.529137
0.484525
0.542463
0.544163
0.50783
0.475227
0.544682
0.527978
0.543455
0.520338
0.522717
0.540326
0.54206
0.542118
0.536291
0.542401
0.544324
0.556259
0.547049
0.553427
0.550201
0.479277
0.488594
0.485639
0.526174
0.529396
0.531527
0.5199
0.52409
0.531635
0.528277
0.527967
0.539828
0.534662
0.524199
0.508837
0.515314
0.51158
0.531853
0.53931
0.503382
0.549125
0.535599
0.508461
0.562112
0.528733
0.552312
0.555907
0.518347
0.533358
0.52573
0.533858
0.502014
0.515905
0.521145
0.545922
0.53823
0.505352
0.527689
0.526161
0.527479
0.529936
0.53019
0.528349
0.525182
0.525901
0.535279
0.523762
0.522165
0.523901
0.523961
0.507868
0.542755
0.508476
0.486433
0.504887
0.529305
0.485558
0.461196
0.504356
0.496077
0.529639
0.532131
0.517885
0.512468
0.517176
0.53159
0.529425
0.554447
0.550479
0.520186
0.544443
0.539212
0.5326
0.52067
0.52928
0.540207
0.520722
0.505061
0.547796
0.542241
0.543057
0.551871
0.526132
0.545883
0.563949
0.504764
0.48649
0.539784
0.557758
0.550248
0.462268
0.517048
0.504792
0.508396
0.533758
0.470121
0.494413
0.50881
0.530047
0.536842
0.520578
0.536983
0.499519
0.549015
0.490766
0.554244
0.532501
0.535291
0.514507
0.518908
0.513736
0.501644
0.498594
0.509625
0.526194
0.516495
0.561136
0.544125
0.516348
0.454008
0.478591
0.566853
0.501727
0.549655
0.532633
0.549959
0.540358
0.522994
0.518636
0.516199
0.551724
0.552247
0.529783
0.477635
0.54454
0.560326
0.536263
0.508442
0.504148
0.54369
0.544645
0.52618
0.546766
0.494031
0.522174
0.522341
0.544204
0.540265
0.551441
0.513669
0.510336
0.529114
0.522249
0.508205
0.5294
0.500807
0.523013
0.537282
0.5432
0.538246
0.537592
0.516106
0.553053
0.573172
0.553162
0.565282
0.557872
0.509599
0.512349
0.483914
0.538007
0.528497
0.512235
0.502947
0.517242
0.476141
0.56869
0.53642
0.549648
0.543921
0.555565
0.546249
0.529145
0.544737
0.548468
0.522703
0.5328
0.530127
0.543571
0.532559
0.532702
0.529294
0.526106
0.552439
0.529453
0.537599
0.532031
0.530734
0.534447
0.536759
0.528391
0.578678
0.51675
0.540733
0.529339
0.528983
0.530813
0.500042
0.536533
0.52298
0.504239
0.497966
0.546838
0.511419
0.540186
0.537756
0.523564
0.531152
0.508513
0.471161
0.527802
0.530189
0.510063
0.552635
0.543562
0.539484
0.553155
0.55236
0.556496
0.555765
0.467935
0.521495
0.498748
0.537283
0.518254
0.526894
0.530144
0.521529
0.53465
0.556987
0.53406
0.552484
0.541781
0.511111
0.552155
0.543255
0.537898
0.518565
0.531382
0.539125
0.506517
0.524463
0.533326
0.528392
0.534872
0.535993
0.515604
0.546794
0.530819
0.53253
0.519079
0.540186
0.516998
0.535167
0.53487
0.539405
0.535894
0.530155
0.535406
0.539185
0.509804
0.536425
0.527511
0.52668
0.533297
0.536326
0.509959
0.539369
0.486177
0.517136
0.532509
0.526515
0.549173
0.535221
0.537613
0.525129
0.544561
0.520352
0.53582
0.529522
0.529863
0.527007
0.520332
0.537317
0.527676
0.53421
0.543878
0.539759
0.524718
0.529361
0.529526
0.565343
0.490974
0.512757
0.523256
0.566267
0.530308
0.547088
0.53246
0.527522
0.544908
0.540094
0.553895
0.519488
0.53808
0.477212
0.511035
0.520048
0.45681
0.513435
0.520495
0.47372
0.549702
0.521171
0.525766
0.549854
0.540356
0.532157
0.531509
0.555169
0.530436
0.535821
0.539849
0.531209
0.530413
0.533154
0.522969
0.519612
0.542579
0.537375
0.539815
0.521912
0.540094
0.547215
0.537159
0.553705
0.471067
0.495582
0.494394
0.463144
0.534621
0.46664
0.537035
0.528529
0.514462
0.452573
0.531128
0.538178
0.524203
0.525232
0.528341
0.5111
0.536177
0.53191
0.516954
0.505566
0.516316
0.546361
0.503012
0.529914
0.501765
0.541448
0.550073
0.52492
0.547212
0.541135
0.557994
0.532079
0.513652
0.525995
0.536954
0.520343
0.518747
0.472605
0.521043
0.522332
0.544939
0.465454
0.458841
0.547569
0.580247
0.602702
0.522383
0.538781
0.527154
0.541499
0.515204
0.530717
0.546409
0.546266
0.542169
0.505735
0.499776
0.503131
0.549199
0.548744
0.45921
0.52412
0.518159
0.532398
0.53563
0.524911
0.529803
0.527089
0.51208
0.513814
0.542822
0.53257
0.552753
0.471281
0.517121
0.514707
0.553291
0.554983
0.547997
0.468919
0.528665
0.530849
0.540533
0.535041
0.518773
0.532851
0.52853
0.530524
0.471329
0.467177
0.504296
0.482336
0.495414
0.475033
0.517549
0.496221
0.493592
0.482508
0.486062
0.544871
0.517253
0.527473
0.541614
0.551682
0.454727
0.539858
0.55097
0.55982
0.544683
0.53236
0.546254
0.511051
0.559501
0.516888
0.543306
0.533066
0.529917
0.503499
0.506107
0.53837
0.500434
0.477382
0.532738
0.512245
0.54222
0.518805
0.540989
0.539769
0.540759
0.551688
0.521079
0.563837
0.489628
0.537675
0.537811
0.535538
0.545068
0.54598
0.548635
0.56134
0.555807
0.564209
0.519789
0.507474
0.525953
0.541286
0.532614
0.517866
0.509994
0.554515
0.535567
0.524607
0.520189
0.498961
0.519938
0.520202
0.53318
0.485048
0.543341
0.544794
0.520485
0.555295
0.536528
0.524538
0.474964
0.552621
0.509737
0.533718
0.535657
0.504831
0.540363
0.538997
0.513424
0.541063
0.524513
0.527434
0.525901
0.535657
0.505239
0.543556
0.514803
0.525752
0.541158
0.507143
0.546012
0.503905
0.504169
0.533219
0.490434
0.530252
0.542813
0.509159
0.530012
0.546005
0.533053
0.536223
0.539917
0.538367
0.546856
0.529315
0.52332
0.53286
0.5315
0.530714
0.51878
0.537105
0.53244
0.514912
0.523204
0.538309
0.540871
0.514453
0.543099
0.520717
0.543987
0.521965
0.524341
0.528891
0.533073
0.530031
0.549833
0.542694
0.543164
0.537839
0.522693
0.529493
0.54521
0.501803
0.537662
0.538368
0.531514
0.517488
0.529139
0.499227
0.512857
0.540959
0.542759
0.53375
0.54262
0.552098
0.531598
0.536053
0.515436
0.539946
0.53222
0.54491
0.526277
0.501212
0.545508
0.511852
0.540824
0.534365
0.54188
0.527273
0.533083
0.543909
0.5352
0.52389
0.494822
0.54026
0.520033
0.529829
0.551959
0.534425
0.543874
0.534223
0.51835
0.534185
0.535115
0.516933
0.532927
0.498689
0.534156
0.54596
0.546026
0.527681
0.531007
0.540991
0.480354
0.531365
0.52568
0.501753
0.515866
0.532767
0.514449
0.530752
0.532724
0.549036
0.545485
0.530071
0.519634
0.527463
0.527876
0.554726
0.538054
0.533241
0.523723
0.517007
0.537408
0.501901
0.498662
0.521954
0.536918
0.505405
0.510168
0.54061
0.539292
0.486665
0.538832
0.498383
0.545795
0.546986
0.553727
0.493464
0.523137
0.512731
0.538076
0.54459
0.53269
0.528311
0.477906
0.555449
0.53757
0.512348
0.528163
0.531937
0.505062
0.53864
0.505179
0.565875
0.523819
0.52596
0.537201
0.526823
0.503691
0.525573
0.53037
0.524677
0.519404
0.532755
0.529082
0.541518
0.518943
0.54507
0.517337
0.565647
0.51978
0.53062
0.52585
0.530438
0.506926
0.551618
0.538422
0.539573
0.53511
0.507453
0.512559
0.529085
0.489264
0.557869
0.535189
0.542222
0.548683
0.531624
0.536475
0.499946
0.537356
0.525516
0.504418
0.543025
0.527392
0.543215
0.541941
0.522456
0.515244
0.540816
0.544433
0.534879
0.52291
0.538478
0.531425
0.541347
0.528386
0.508893
0.539502
0.49046
0.532309
0.53566
0.529054
0.543086
0.496904
0.525762
0.553237
0.525154
0.535142
0.533137
0.499719
0.543826
0.518222
0.503961
0.527132
0.505782
0.537101
0.497276
0.539754
0.538959
0.510618
0.532501
0.502328
0.531513
0.528944
0.520594
0.526237
0.524641
0.532685
0.515965
0.534225
0.487776
0.540045
0.507071
