0.539778
0.512871
0.496526
0.541644
0.505794
0.529135
0.518558
0.506645
0.534425
0.531583
0.488616
0.531232
0.540817
0.449152
0.4854
0.533923
0.533927
0.53515
0.507069
0.516795
0.543169
0.540471
0.501464
0.519623
0.551627
0.562586
0.528582
0.531648
0.534668
0.547499
0.556158
0.533833
0.537971
0.539074
0.515359
0.537743
0.544652
0.536523
0.522636
0.538913
0.498978
0.49277
0.497256
0.5462
0.539291
0.545993
0.528046
0.517064
0.504604
0.528646
0.491019
0.493424
0.505084
0.561135
0.493481
0.524806
0.512373
0.522503
0.550454
0.541321
0.511643
0.52742
0.531867
0.520243
0.518739
0.511044
0.531428
0.509556
0.519593
0.513992
0.527474
0.502105
0.498748
0.513617
0.52641
0.538421
0.537517
0.540351
0.53807
0.533044
0.536393
0.529784
0.529885
0.534293
0.492184
0.512857
0.536995
0.540636
0.532025
0.532753
0.543212
0.545223
0.521389
0.535515
0.535595
0.538745
0.529458
0.525308
0.530084
0.547308
0.545083
0.497319
0.525747
0.474663
0.471991
0.53989
0.481394
0.458633
0.534167
0.541403
0.476238
0.486954
0.490172
0.537778
0.519312
0.475748
0.522122
0.537854
0.547968
0.550241
0.547817
0.548311
0.531899
0.522835
0.529326
0.548918
0.561195
0.537955
0.523508
0.546584
0.524907
0.526122
0.540209
0.522651
0.527968
0.53558
0.499815
0.515043
0.54011
0.507613
0.555774
0.548517
0.535228
0.549824
0.548246
0.502196
0.511948
0.55321
0.472204
0.472466
0.546178
0.546517
0.546552
0.543479
0.491414
0.542589
0.543362
0.518695
0.519769
0.546759
0.47971
0.504891
0.510161
0.546071
0.507765
0.512053
0.497027
0.548111
0.557558
0.530309
0.519992
0.525976
0.506133
0.51506
0.524085
0.521542
0.554715
0.535197
0.546317
0.526166
0.525397
0.525858
0.499352
0.525844
0.526703
0.526327
0.529014
0.5344
0.527278
0.522995
0.543859
0.542569
0.509709
0.514319
0.510417
0.529706
0.529996
0.527087
0.497083
0.533721
0.521121
0.525549
0.533085
0.524106
0.524944
0.523698
0.549203
0.506838
0.540397
0.53362
0.509752
0.48239
0.50194
0.536552
0.493988
0.490189
0.535551
0.538709
0.540839
0.516164
0.521841
0.527194
0.532344
0.532512
0.529487
0.513724
0.534486
0.523464
0.535883
0.536951
0.527241
0.533903
0.530995
0.507406
0.560689
0.542709
0.538092
0.488504
0.540008
0.525651
0.533404
0.524924
0.512806
0.543135
0.536379
0.497803
0.519554
0.523508
0.539806
0.49723
0.520083
0.545237
0.52544
0.521879
0.534745
0.538419
0.543788
0.540331
0.513894
0.511475
0.539633
0.528257
0.546076
0.518766
0.532116
0.512295
0.513152
0.522906
0.515042
0.54729
0.508853
0.538088
0.519024
0.507186
0.538481
0.527034
0.553266
0.511853
0.476385
0.495505
0.533005
0.523874
0.531345
0.525385
0.549101
0.555499
0.556124
0.542753
0.54466
0.531816
0.51733
0.545793
0.520068
0.530954
0.510553
0.517752
0.529662
0.53284
0.546417
0.554612
0.5163
0.512877
0.519894
0.545128
0.539369
0.534668
0.534139
0.532252
0.533086
0.45744
0.527724
0.542022
0.538656
0.541463
0.535885
0.546473
0.540232
0.532136
0.546958
0.539056
0.534087
0.510175
0.519918
0.517624
0.496573
0.554736
0.51199
0.515426
0.511426
0.518943
0.518446
0.520726
0.525431
0.525366
0.503431
0.504621
0.516321
0.527184
0.501712
0.464358
0.492063
0.542847
0.539214
0.548723
0.541814
0.535737
0.545283
0.531218
0.494201
0.489677
0.517055
0.517324
0.536076
0.525859
0.537826
0.533168
0.545485
0.47033
0.551703
0.556104
0.552066
0.509938
0.537252
0.52311
0.529863
0.535594
0.538585
0.525275
0.526755
0.541907
0.543697
0.527891
0.536362
0.475397
0.512459
0.515147
0.528784
0.525481
0.525912
0.48884
0.54529
0.506074
0.537315
0.499435
0.509995
0.545407
0.495544
0.498035
0.535574
0.517405
0.526875
0.496714
0.532406
0.519237
0.509113
0.498197
0.464844
0.518264
0.509985
0.523177
0.530035
0.491941
0.513006
0.501702
0.507127
0.50409
0.530032
0.516663
0.529809
0.516852
0.52556
0.529838
0.52333
0.519935
0.536772
0.549028
0.540734
0.526178
0.529519
0.534072
0.532933
0.531104
0.517659
0.525509
0.536839
0.527901
0.530966
0.532546
0.526422
0.474799
0.539495
0.519659
0.50002
0.524145
0.525194
0.518616
0.52357
0.536633
0.537739
0.502784
0.518454
0.534475
0.528297
0.559453
0.543876
0.534717
0.53882
0.539177
0.545555
0.531824
0.529398
0.554383
0.529974
0.560869
0.521966
0.532696
0.531591
0.536671
0.536594
0.511315
0.49365
0.498749
0.500973
0.562161
0.546197
0.496277
0.541745
0.536145
0.52005
0.536687
0.528531
0.534589
0.540407
0.541767
0.535202
0.458918
0.54368
0.524677
0.520899
0.517663
0.504148
0.533707
0.535464
0.532015
0.518612
0.566652
0.554636
0.531587
0.521634
0.524134
0.509534
0.520224
0.533085
0.513746
0.533006
0.532056
0.530835
0.52034
0.488917
0.52396
0.501014
0.511235
0.515167
0.516114
0.528862
0.519376
0.518487
0.524516
0.525209
0.527317
0.527841
0.538469
0.55128
0.537649
0.552626
0.466779
0.510545
0.49106
0.541457
0.535524
0.507718
0.534947
0.540579
0.526278
0.537089
0.536444
0.529171
0.596503
0.539577
0.537926
0.598645
0.538935
0.501731
0.537852
0.503302
0.537576
0.482512
0.548314
0.539004
0.536322
0.549407
0.522243
0.53595
0.54143
0.541755
0.537182
0.541628
0.531724
0.537808
0.527086
0.535087
0.533727
0.50388
0.509234
0.535522
0.538776
0.545798
0.541182
0.545122
0.526688
0.546029
0.54435
0.542031
0.547373
0.538819
0.506238
0.479251
0.535016
0.499965
0.499854
0.536981
0.56598
0.513399
0.518412
0.526054
0.504907
0.496101
0.523481
0.503197
0.48701
0.526354
0.538854
0.53348
0.527504
0.545965
0.532817
0.527226
0.533128
0.52864
0.544866
0.558852
0.552343
0.539187
0.536839
0.525574
0.480259
0.51282
0.510409
0.53745
0.544244
0.542189
0.531456
0.534602
0.529857
0.540287
0.535343
0.54484
0.542614
0.543312
0.478989
0.477673
0.500576
0.467117
0.515273
0.543113
0.546694
0.541601
0.531781
0.542766
0.52731
0.537082
0.50431
0.528906
0.533838
0.519941
0.516866
0.523661
0.534108
0.527855
0.527709
0.530947
0.534983
0.540445
0.543495
0.507315
0.540649
0.488979
0.506862
0.492783
0.525477
0.520306
0.523185
0.523366
0.518472
0.535848
0.532768
0.538891
0.535859
0.553109
0.526937
0.53594
0.539066
0.54728
0.492465
0.546406
0.548909
0.534117
0.52447
0.535946
0.526761
0.526235
0.522948
0.52805
0.511681
0.526089
0.480057
0.499929
0.543652
0.506149
0.537802
0.537961
0.531972
0.560761
0.528635
0.503828
0.517371
0.508138
0.523279
0.536428
0.530766
0.542676
0.546219
0.551334
0.504309
0.464867
0.535023
0.529195
0.509043
0.536739
0.538806
0.524987
0.47719
0.521698
0.51582
0.506521
0.530339
0.517806
0.521663
0.516702
0.525673
0.486001
0.496014
0.522171
0.540071
0.529135
0.504655
0.537081
0.539217
0.491438
0.516539
0.491053
0.512849
0.556545
0.529234
0.542428
0.535823
0.515769
0.508308
0.532554
0.540398
0.531646
0.528667
0.52677
0.532294
0.518554
0.553048
0.52093
0.498404
0.500086
0.523548
0.551198
0.508867
0.517416
0.539045
0.537573
0.529292
0.512371
0.511386
0.54218
0.527962
0.519635
0.500035
0.553466
0.533038
0.5267
0.544773
0.533757
0.536843
0.528329
0.523263
0.516305
0.519306
0.524322
0.530042
0.526823
0.526955
0.528051
0.498009
0.461668
0.484083
0.545212
0.491392
0.517728
0.472745
0.526877
0.475745
0.526441
0.523852
0.537311
0.52899
0.476481
0.507418
0.468244
0.484336
0.463069
0.487608
0.466266
0.530919
0.462258
0.488252
0.547729
0.537571
0.522779
0.525854
0.532647
0.490348
0.541723
0.552165
0.50208
0.509939
0.538236
0.529958
0.540964
0.543508
0.536489
0.536555
0.512772
0.552708
0.532216
0.545487
0.499929
0.527814
0.541467
0.514352
0.5301
0.504742
0.515819
0.550382
0.5313
0.529442
0.511933
0.540437
0.544402
0.535829
0.502277
0.509537
0.53969
0.529855
0.561329
0.510547
0.535349
0.533287
0.52682
0.5187
0.545214
0.529345
0.541233
0.524698
0.553785
0.499826
0.529112
0.539494
0.540369
0.497461
0.524562
0.523525
0.505883
0.479298
0.540144
0.488823
0.485433
0.535327
0.538443
0.531495
0.497981
0.507053
0.518422
0.526855
0.526683
0.471104
0.537413
0.543558
0.545944
0.534452
0.533535
0.56373
0.547006
0.524966
0.540028
0.531995
0.516216
0.517809
0.531289
0.543611
0.54753
0.536186
0.517008
0.535733
0.544822
0.532397
0.536292
0.529733
0.514199
0.539868
0.534299
0.53804
0.44787
0.511046
0.541109
0.511709
0.516601
0.522627
0.512144
0.532365
0.539837
0.537886
0.530287
0.526605
0.490707
0.538959
0.542629
0.557286
0.502451
0.537921
0.54026
0.493218
0.541481
0.526001
0.523754
0.476773
0.487335
0.5546
0.53165
0.536781
0.542691
0.536371
0.536106
0.54227
0.553427
0.515183
0.490825
0.49904
0.502801
0.511298
0.545341
0.541413
0.530676
0.473903
0.545411
0.533095
0.540842
0.528055
0.529175
0.52636
0.525031
0.493688
0.49767
0.523899
0.511935
0.519717
0.502961
0.538527
0.541243
0.539589
0.542813
0.560127
0.539781
0.53418
0.536043
0.536413
0.483523
0.539516
0.513466
0.525543
0.521551
0.518492
0.518261
0.502073
0.508349
0.544199
0.526993
0.532401
0.522673
0.5264
0.539396
0.508422
0.540006
0.537675
0.544126
0.548284
0.550534
0.550479
0.516298
0.52856
0.531972
0.495929
0.511682
0.539375
0.538823
0.539995
0.525256
0.531404
0.53542
0.540338
0.53043
0.538624
0.537255
0.525954
0.539041
0.511625
0.540872
0.542441
0.541004
0.543799
0.547121
0.473434
0.482889
0.544839
0.470149
0.497631
0.514265
0.529302
0.521832
0.521045
0.525719
0.523796
0.532667
0.531158
0.507108
0.519206
0.543323
0.537864
0.534317
0.570728
0.508837
0.49076
0.535203
0.554513
0.510974
0.511112
0.51961
0.529976
0.526309
0.554467
0.515386
0.560758
0.537624
0.551987
0.53166
0.489098
0.53211
0.548074
0.536228
0.528091
0.529113
0.530121
0.548659
0.521965
0.54815
0.549949
0.541613
0.555933
0.534565
0.544489
0.519092
0.527952
0.513322
0.520741
0.555307
0.511541
0.532269
0.510127
0.522879
0.519853
0.522516
0.520913
0.520658
0.515339
0.520246
0.515578
0.533915
0.551206
0.519063
0.523683
0.531242
0.524014
0.528723
0.544628
0.545895
0.504861
0.538388
0.523562
0.547622
0.543956
0.484487
0.485287
0.502152
0.510153
0.523714
0.531039
0.548509
0.525743
0.543472
0.531778
0.535584
0.52946
0.531704
0.542768
0.531724
0.546239
0.533374
0.525671
0.529079
0.528739
0.52592
0.525545
0.530814
0.527191
0.543904
0.553317
0.543979
0.498959
0.492497
0.503132
0.494952
0.527936
0.537347
0.537914
0.496322
0.505201
0.545871
0.494216
0.530377
0.537835
0.53042
0.539861
0.539453
0.541997
0.540582
0.518318
0.556157
0.526653
0.530811
0.53033
0.537929
0.521668
0.542511
0.537743
0.532119
0.536547
0.540816
0.506895
0.505658
0.536526
0.5299
0.527049
0.535088
0.531711
0.479603
0.532477
0.53474
0.518899
0.542113
0.538565
0.519483
0.516123
0.533838
0.532629
0.532748
0.499019
0.510308
0.538827
0.534729
0.53452
0.517993
0.53797
0.499597
0.547408
0.544749
0.538018
0.534223
0.516476
0.530047
0.542075
0.518998
0.524026
0.537529
0.532883
0.525222
0.541801
0.523564
0.531436
0.515032
0.520774
0.530119
0.544094
0.552726
0.533895
0.520385
0.541334
0.537091
0.534056
0.531928
0.53873
0.543672
0.54098
0.548167
0.50319
0.534904
0.494681
0.535158
0.531373
0.536719
0.512
0.532132
0.527696
0.509897
0.520648
0.493457
0.540263
0.464601
0.548742
0.486091
0.527683
0.554205
0.549818
0.541237
0.505326
0.498041
0.50671
0.576666
0.531972
0.519289
0.498921
0.503734
0.528937
0.529904
0.53699
0.531011
0.511513
0.537687
0.528186
0.530326
0.543862
0.534187
0.526988
0.502643
0.543289
0.548613
0.545625
0.53134
0.526221
0.523067
0.490415
0.524013
0.502306
0.491358
0.546042
0.515208
0.540621
0.485525
0.546325
0.543728
0.51973
0.530838
0.535554
0.533583
0.54849
0.525324
0.554546
0.534712
0.541731
0.537207
0.538964
0.523747
0.530369
0.518719
0.520629
0.497795
0.52761
0.543082
0.529373
0.53717
0.524628
0.526602
0.517727
0.512027
0.489328
0.551094
0.501618
0.521696
0.529392
0.534539
0.545679
0.494574
0.526044
0.531047
0.507644
0.509851
0.523862
0.55474
0.532752
0.517473
0.525224
0.534145
0.508034
0.532949
0.505966
0.526139
0.500333
0.531718
0.493637
0.527233
0.529092
0.52409
0.540377
0.512644
0.532921
0.541262
0.538415
0.541826
0.541362
0.496441
0.53511
0.502161
0.527285
0.53233
0.535273
0.540881
0.525839
0.50127
0.542342
0.512617
0.533016
0.543234
0.526363
0.543809
0.540157
0.522503
0.520608
0.539817
0.533381
0.535429
0.539961
0.541831
0.54036
0.504357
0.538023
0.533864
0.501409
0.542137
0.515685
0.52391
0.496103
0.507771
0.512352
0.487888
0.542437
0.539323
0.519233
0.542682
0.530056
0.510951
0.495027
0.518359
0.526358
0.527844
0.503945
0.537016
0.539168
0.550194
0.523305
0.50251
0.502248
0.534498
0.569862
0.557849
0.523665
0.520363
0.525293
0.523844
0.527394
0.528186
0.524171
0.542192
0.52669
0.531675
0.530998
0.531855
0.534998
0.534858
0.522942
0.508849
0.542818
0.536405
0.524366
0.569954
0.51724
0.466937
0.481208
0.502243
0.526368
0.532668
0.547242
0.536821
0.468488
0.520824
0.517638
0.54091
0.522674
0.53269
0.543964
0.517843
0.508779
0.550554
0.505263
0.554241
0.543324
0.543038
0.523086
0.526565
0.550398
0.518325
0.535961
0.5341
0.516526
0.536121
0.533557
0.54384
0.536729
0.533785
0.544198
0.53398
0.540766
0.54112
0.531313
0.537605
0.546336
0.539457
0.539622
0.530944
0.535817
0.517888
0.536377
0.538784
0.53307
0.522793
0.537525
0.539961
0.502337
0.517519
0.539933
0.518904
0.518669
0.561553
0.518969
0.493047
0.510959
0.470347
0.467047
0.542716
0.544611
0.471445
0.545959
0.463282
0.4874
0.469446
0.468995
0.477077
0.491854
0.542213
0.518288
0.521093
0.506791
0.528675
0.506334
0.506851
0.524568
0.531154
0.527774
0.516237
0.519295
0.525658
0.525905
0.544864
0.518245
0.531353
0.538921
0.535165
0.542801
0.545291
0.519844
0.508805
0.533395
0.545777
0.532168
0.538364
0.530831
0.541055
0.536492
0.540887
0.547643
0.539842
0.541406
0.476238
0.542271
0.529656
0.543241
0.531595
0.537702
0.53984
0.533158
0.511649
0.506053
0.522838
0.524382
0.526819
0.538957
0.52706
0.506795
0.550314
0.523755
0.551786
0.540525
0.526051
0.546222
0.492223
0.545837
0.518952
0.529472
0.544675
0.548803
0.544583
0.494231
0.45796
0.540207
0.540035
0.543488
0.541236
0.527751
0.525281
0.520595
0.536557
0.53439
0.54007
0.520055
0.527902
0.542654
0.53706
0.534263
0.533747
0.528918
0.53078
0.545428
0.533519
0.544446
0.543728
0.50886
0.500911
0.529607
0.553991
0.531324
0.533594
0.535699
0.532421
0.533214
0.523352
0.507005
0.547132
0.537815
0.552564
0.514659
0.522499
0.536482
0.534688
0.49969
0.499372
0.52998
0.530151
0.524875
0.522931
0.507948
0.537852
0.539166
0.516631
0.52292
0.541309
0.516719
0.495421
0.527038
0.510777
0.501236
0.538341
0.538096
0.533401
0.518519
0.522557
0.516641
0.501703
0.5165
0.533681
0.526193
0.526257
0.540633
0.503209
0.523659
0.521822
0.525646
0.53089
0.504915
0.530099
0.527419
0.536551
0.544371
0.54117
0.479907
0.552851
0.529446
0.525823
0.538494
0.539601
0.532539
0.530632
0.534405
0.518691
0.530835
0.537994
0.571404
0.53388
0.533034
0.464731
0.522153
0.515824
0.469614
0.537097
0.529234
0.505911
0.521518
0.525044
0.545219
0.550399
0.534063
0.523349
0.528792
0.52904
0.527676
0.530585
0.531516
0.515571
0.537436
0.492653
0.504807
0.527789
0.539092
0.494485
0.50655
0.537382
0.513905
0.527861
0.522827
0.528285
0.547479
0.54589
0.549354
0.528506
0.522657
0.533476
0.495471
0.55762
0.558839
0.544994
0.548863
0.537625
0.520296
0.522169
0.546859
0.528083
0.537546
0.525066
0.496749
0.528119
0.534473
0.531813
0.533408
0.530268
0.508524
0.526479
0.530921
0.536718
0.530521
0.546244
0.545115
0.536161
0.530014
0.514728
0.525556
0.539914
0.532603
0.51802
0.551539
0.546826
0.550198
0.555555
0.528486
0.521522
0.532421
0.532417
0.533085
0.532812
0.555359
0.552105
0.540695
0.478136
0.504935
0.544212
0.541588
0.526222
0.550013
0.548427
0.514334
0.526922
0.530195
0.521338
0.535326
0.527783
0.530038
0.527604
0.520785
0.537137
0.536061
0.52927
0.51545
0.538093
0.544341
0.540551
0.543991
0.527287
0.482021
0.545475
0.542986
0.541693
0.544267
0.543549
0.548085
0.472116
0.538372
0.542404
0.519921
0.543074
0.527656
0.535729
0.539291
0.525721
0.526511
0.537185
0.532585
0.502292
0.513484
0.539196
0.527111
0.535214
0.526043
0.528706
0.474788
0.528691
0.521977
0.510789
0.538644
0.524018
0.530778
0.511667
0.517807
0.560743
0.554345
0.534421
0.514397
0.531669
0.527641
0.513653
0.498169
0.555266
0.533839
0.542412
0.500598
0.518508
0.47443
0.460058
0.524374
0.541626
0.545793
0.52574
0.517191
0.54398
0.465849
0.533212
0.535504
0.539651
0.53967
0.493443
0.505317
0.521267
0.505694
0.512725
0.527129
0.504214
0.554483
0.521595
0.526782
0.532363
0.536218
0.531427
0.526533
0.48934
0.534049
0.532062
0.547688
0.529924
0.547794
0.533502
0.549917
0.452452
0.523862
0.521196
0.510406
0.500523
0.503423
0.510696
0.540516
0.514123
0.536332
0.518931
0.528183
0.521683
0.529635
0.507331
0.522248
0.51823
0.529221
0.507414
0.507009
0.53388
0.517114
0.526162
0.520722
0.54664
0.524896
0.51263
0.53952
0.498597
0.547199
0.513593
0.517794
0.540064
0.543424
0.521321
0.484174
0.488861
0.529121
0.532964
0.533484
0.531756
0.546798
0.532826
0.559083
0.531615
0.535764
0.537923
0.522222
0.521537
0.546883
0.521533
0.528493
0.50848
0.534646
0.524706
0.529422
0.542242
0.532762
0.539349
0.532553
0.529984
0.539833
0.461547
0.521131
0.528309
0.533571
0.530868
0.526757
0.534189
0.536467
0.546972
0.542687
0.485623
0.535804
0.566894
0.526122
0.540859
0.537847
0.494121
0.528895
0.531376
0.539015
0.53875
0.518023
0.529057
0.539947
0.541099
0.542724
0.529488
0.49277
0.541032
0.540323
0.529211
0.508918
0.527182
0.526972
0.543142
0.54276
0.536717
0.527924
0.537172
0.540232
0.524084
0.564488
0.53637
0.532515
0.539667
0.518142
0.520158
0.538389
0.534329
0.525809
0.534097
0.526331
0.523242
0.543119
0.538911
0.509668
0.513394
0.544077
0.529246
0.520511
0.546345
0.547306
0.537004
0.531366
0.534804
0.542715
0.52804
0.559066
0.528361
0.553197
0.540046
0.517287
0.536583
0.536014
0.533922
0.539146
0.536231
0.5395
0.541993
0.536127
0.538737
0.51613
0.53108
0.530193
0.493492
0.512279
0.481148
0.532908
0.523607
0.523292
0.528488
0.526877
0.526939
0.521936
0.541671
0.522203
0.561329
0.533751
0.544093
0.519902
0.52044
0.521828
0.512977
0.536754
0.527183
0.547609
0.536297
0.520241
0.48812
0.537214
0.52531
0.530547
0.501443
0.542806
0.518304
0.514386
0.538473
0.540954
0.480776
0.534332
0.526315
0.526049
0.49381
0.498563
0.560409
0.525432
0.523637
0.509923
0.506568
0.53433
0.529628
0.546457
0.527288
0.54436
0.481574
0.479811
0.517144
0.486007
0.512743
0.522708
0.53972
0.540758
0.532102
0.536393
0.4986
0.529504
0.561689
0.544003
0.519831
0.525421
0.533121
0.498834
0.523279
0.534745
0.52877
0.493586
0.522397
0.519395
0.497104
0.535247
0.531553
0.548021
0.531568
0.529152
0.536676
0.533572
0.532417
0.536824
0.530288
0.539916
0.523567
0.539313
0.523901
0.526352
0.530357
0.497543
0.527945
0.483308
0.484992
0.534037
0.520133
0.549215
0.534243
0.48535
0.517157
0.542371
0.536173
0.539228
0.546584
0.465967
0.471878
0.543139
0.550102
0.54471
0.474579
0.511881
0.549763
0.553905
0.556482
0.542977
0.547078
0.544848
0.561955
0.54391
0.520335
0.549043
0.54219
0.523685
0.538127
0.494238
0.525974
0.526894
0.522096
0.516478
0.564242
0.530115
0.540662
0.522958
0.52023
0.545217
0.500497
0.512652
0.529758
0.516012
0.521175
0.545471
0.540396
0.505567
0.543604
0.527636
0.50948
0.505338
0.49627
0.469575
0.526514
0.486564
0.539811
0.518739
0.499869
0.524565
0.501347
0.457657
0.542985
0.529832
0.495669
0.542354
0.533141
0.547446
0.504454
0.498017
0.545666
0.546584
0.534887
0.526335
0.526595
0.543163
0.522904
0.541828
0.542011
0.536856
0.544623
0.478611
0.505259
0.518734
0.539838
0.52808
0.541864
0.542453
0.543847
0.531125
0.478219
0.52647
0.529057
0.532699
0.523453
0.536515
0.526626
0.545137
0.535292
0.524688
0.49952
0.511909
0.532761
0.524938
0.500731
0.558018
0.536473
0.507473
0.560096
0.5498
0.528408
0.557672
0.515466
0.52719
0.534406
0.539715
0.51381
0.524284
0.546727
0.545445
0.500089
0.510783
0.52886
0.527714
0.529625
0.53012
0.523122
0.53654
0.526097
0.522843
0.510358
0.520854
0.527087
0.503598
0.49375
0.550983
0.501592
0.474167
0.531348
0.499058
0.526759
0.507069
0.490324
0.480573
0.460672
0.535152
0.533073
0.517474
0.520238
0.514482
0.497572
0.530625
0.531325
0.528691
0.547121
0.549742
0.535707
0.543778
0.539529
0.533629
0.469385
0.535438
0.530426
0.524267
0.504917
0.53163
0.54328
0.546185
0.556344
0.523077
0.545044
0.560255
0.508054
0.503436
0.478754
0.536814
0.554757
0.522056
0.460819
0.551871
0.508684
0.534451
0.481862
0.530326
0.535307
0.506753
0.559077
0.553662
0.54565
0.547291
0.541225
0.519144
0.515997
0.507511
0.498253
0.523227
0.502823
0.525436
0.526502
0.51262
0.509306
0.510465
0.545473
0.516094
0.507155
0.560179
0.544465
0.546111
0.526115
0.518328
0.535808
0.529553
0.523226
0.511417
0.508682
0.502792
0.521337
0.556567
0.531935
0.507035
0.540419
0.547298
0.503336
0.522231
0.537891
0.508578
0.525607
0.535869
0.529342
0.506287
0.522733
0.531312
0.529605
0.547152
0.538332
0.520067
0.537971
0.535644
0.539983
0.541192
0.556801
0.54067
0.547995
0.547954
0.555878
0.510322
0.514235
0.557899
0.54007
0.527243
0.568287
0.513079
0.509988
0.526206
0.509662
0.568401
0.565005
0.519793
0.512558
0.539104
0.540813
0.54413
0.530717
0.528763
0.535741
0.547058
0.549643
0.522992
0.533369
0.536949
0.5742
0.538441
0.53565
0.52984
0.52737
0.526781
0.531463
0.532372
0.532886
0.526971
0.535261
0.539425
0.572202
0.556922
0.533592
0.523561
0.53025
0.528562
0.529359
0.529594
0.500167
0.550471
0.542127
0.529723
0.505578
0.510598
0.504603
0.540148
0.543389
0.505269
0.534975
0.527003
0.509641
0.500855
0.516242
0.542475
0.544627
0.528429
0.555902
0.542172
0.543652
0.546656
0.539849
0.545943
0.476145
0.510002
0.523985
0.523908
0.538984
0.529246
0.549985
0.518811
0.55296
0.557207
0.559835
0.520055
0.531822
0.545238
0.517622
0.536963
0.539397
0.548902
0.536743
0.538185
0.519005
0.538814
0.542502
0.531672
0.513467
0.497008
0.53612
0.540912
0.534578
0.511086
0.53384
0.531751
0.525474
0.532745
0.536451
0.520257
0.527192
0.53146
0.534615
0.53871
0.53668
0.506547
0.526636
0.521151
0.536602
0.533727
0.518984
0.542299
0.495591
0.51936
0.507854
0.526254
0.547055
0.498662
0.534681
0.531059
0.545385
0.52549
0.540046
0.540363
0.52091
0.536241
0.520042
0.5242
0.546006
0.526261
0.527924
0.526718
0.562823
0.532302
0.512608
0.514068
0.540079
0.526492
0.524225
0.563955
0.53728
0.554972
0.542671
0.548443
0.525574
0.538438
0.491716
0.516192
0.516762
0.546634
0.537067
0.513898
0.548063
0.522774
0.539866
0.523114
0.525537
0.544066
0.54179
0.53788
0.534153
0.527784
0.535056
0.53911
0.528751
0.526871
0.52612
0.530752
0.543817
0.544032
0.538616
0.526157
0.541587
0.531425
0.536263
0.541913
0.55704
0.48516
0.492505
0.447651
0.481943
0.528042
0.545375
0.512761
0.459931
0.52928
0.537943
0.533603
0.529779
0.532805
0.516854
0.514335
0.536928
0.513012
0.500482
0.530341
0.519291
0.506493
0.491536
0.538467
0.549196
0.544812
0.550186
0.531525
0.513431
0.523833
0.491011
0.530772
0.518598
0.519062
0.551685
0.524265
0.463238
0.469124
0.457253
0.523247
0.505951
0.564378
0.520586
0.532315
0.540759
0.52675
0.543108
0.51315
0.545754
0.540569
0.549305
0.47135
0.525482
0.509073
0.498054
0.502405
0.542117
0.541857
0.470782
0.535291
0.531461
0.533197
0.535329
0.53083
0.511455
0.552385
0.52844
0.520301
0.520469
0.516584
0.533601
0.533633
0.554217
0.475405
0.519836
0.515363
0.549016
0.53787
0.577867
0.595817
0.485128
0.520902
0.526537
0.536454
0.52718
0.517748
0.532049
0.518319
0.534541
0.521085
0.465829
0.493578
0.473134
0.480998
0.476686
0.496086
0.485188
0.48925
0.5183
0.544329
0.565945
0.546131
0.531442
0.543429
0.546392
0.466339
0.544833
0.527791
0.487003
0.544355
0.539576
0.533832
0.536342
0.528297
0.514291
0.544322
0.528522
0.510408
0.530634
0.534112
0.510698
0.512523
0.498803
0.542355
0.474755
0.527842
0.513528
0.544868
0.548074
0.548793
0.548121
0.540756
0.542667
0.523963
0.566827
0.534027
0.542694
0.539733
0.536675
0.541045
0.551242
0.55201
0.493701
0.504997
0.530903
0.530346
0.538972
0.515272
0.513825
0.535619
0.499129
0.546082
0.552869
0.524924
0.530422
0.513429
0.527472
0.513876
0.519867
0.506623
0.558515
0.520448
0.542319
0.552318
0.522151
0.532972
0.522623
0.517795
0.526165
0.546161
0.53595
0.51462
0.545117
0.503907
0.5439
0.551561
0.527082
0.509952
0.536934
0.541161
0.522901
0.535636
0.540032
0.50498
0.542671
0.532732
0.523607
0.538403
0.504505
0.518102
0.531387
0.541082
0.519908
0.531479
0.48035
0.530837
0.535651
0.527797
0.527624
0.521473
0.539235
0.530594
0.540445
0.544414
0.52814
0.494226
0.539961
0.524945
0.532204
0.531421
0.521879
0.500414
0.55207
0.535367
0.505894
0.519895
0.543939
0.534094
0.546
0.550666
0.511844
0.551979
0.537762
0.523606
0.531965
0.53093
0.529452
0.503992
0.519337
0.525503
0.4956
0.544823
0.535938
0.52144
0.525498
0.538953
0.498951
0.522942
0.526966
0.530958
0.538909
0.531294
0.536632
0.501731
0.541812
0.548464
0.546089
0.526459
0.520482
0.530546
0.540338
0.540518
0.538629
0.477761
0.527338
0.504326
0.53903
0.499356
0.539741
0.547228
0.514444
0.538833
0.536948
0.521167
0.514913
0.506681
0.503279
0.531902
0.541956
0.536254
0.506795
0.507988
0.545531
0.480726
0.533123
0.545094
0.517446
0.545907
0.541106
0.544519
0.518056
0.528082
0.498777
0.536727
0.519443
0.490039
0.518506
0.535919
0.535099
0.54245
0.53664
0.51497
0.545381
0.501333
0.556436
0.507339
0.512236
0.546545
0.54245
0.547885
0.525605
0.54714
0.507714
0.530677
0.52762
0.527719
0.550898
0.546705
0.541184
0.53228
0.526989
0.541961
0.53872
0.541664
0.54428
0.56621
0.534459
0.53246
0.543282
0.531819
0.495115
0.52813
0.537486
0.527223
0.551181
0.511296
0.541346
0.518323
0.516392
0.555903
0.491071
0.530338
0.537683
0.488361
0.537197
0.485456
0.520672
0.539567
0.535106
0.529787
0.533448
0.541359
0.56286
0.53093
0.516618
0.525814
0.550158
0.529783
0.538039
0.540785
0.531856
0.527101
0.53295
0.542039
0.546672
0.534472
0.516491
0.52927
0.519366
0.537353
0.547953
0.526154
0.528902
0.544348
0.515851
0.503803
0.538926
0.526338
0.532189
0.49806
0.530212
0.548324
0.556644
0.531149
0.492967
0.514855
0.525714
0.518212
0.549401
0.519441
0.542794
0.526
0.49146
0.545806
0.527376
0.525472
0.506965
0.54217
0.544891
0.52694
0.544416
0.510812
0.532984
0.532423
0.527611
0.517409
0.528634
0.537691
0.514676
0.51715
0.518514
0.560046
0.532303
0.522579
0.514332
0.52326
0.523423
0.525532
0.540364
0.524598
0.537531
