0.502888
0.529756
0.518615
0.520672
0.500411
0.533281
0.517984
0.521334
0.529329
0.532026
0.534242
0.534054
0.443582
0.530874
0.530895
0.508052
0.484714
0.496416
0.549047
0.54252
0.540996
0.499086
0.519363
0.560457
0.532859
0.536894
0.539598
0.555019
0.530516
0.528363
0.536905
0.537651
0.514755
0.534027
0.542858
0.534476
0.493617
0.547499
0.54448
0.54246
0.551324
0.528937
0.506397
0.501098
0.528305
0.523496
0.490404
0.495319
0.48202
0.512393
0.51677
0.502508
0.487881
0.542317
0.511575
0.500688
0.524985
0.545624
0.54527
0.539272
0.509956
0.495576
0.527246
0.527863
0.513494
0.530978
0.520981
0.488093
0.520306
0.519878
0.511135
0.532277
0.530376
0.511242
0.523594
0.536266
0.527925
0.500446
0.502704
0.514103
0.526155
0.536848
0.538392
0.535245
0.531671
0.535522
0.530487
0.533214
0.491638
0.538114
0.538474
0.534572
0.523546
0.561665
0.530372
0.540053
0.54414
0.540123
0.529097
0.523841
0.530561
0.540402
0.543545
0.502438
0.52672
0.472988
0.49022
0.566407
0.478409
0.456364
0.554093
0.541028
0.473615
0.514222
0.538159
0.547611
0.518608
0.53169
0.522064
0.536763
0.549375
0.549335
0.547474
0.532139
0.53221
0.524614
0.522619
0.528847
0.531532
0.525087
0.547113
0.521945
0.525126
0.524676
0.532013
0.53332
0.513071
0.497655
0.561694
0.536888
0.554889
0.549715
0.548623
0.491377
0.544047
0.548595
0.468708
0.490952
0.468715
0.545412
0.485053
0.543597
0.544312
0.541942
0.487158
0.540326
0.553438
0.540476
0.539602
0.540752
0.521311
0.526433
0.516839
0.546075
0.466456
0.435077
0.473511
0.500999
0.506876
0.549002
0.51015
0.495846
0.510505
0.551409
0.555093
0.531282
0.520823
0.52453
0.503643
0.522131
0.52189
0.547875
0.549474
0.536686
0.526223
0.526289
0.493453
0.507241
0.53921
0.536881
0.527288
0.52074
0.526403
0.489748
0.527475
0.524631
0.519452
0.522875
0.547151
0.54119
0.507141
0.513249
0.508912
0.533837
0.530534
0.492805
0.521214
0.508187
0.536015
0.521057
0.525184
0.528608
0.532702
0.524168
0.550629
0.540759
0.540688
0.500632
0.478703
0.513149
0.526597
0.533902
0.488195
0.487854
0.53504
0.521195
0.527074
0.533803
0.534587
0.520666
0.514154
0.5348
0.522585
0.53514
0.545269
0.537053
0.53106
0.531713
0.53893
0.502837
0.494076
0.561648
0.536583
0.541892
0.541212
0.543237
0.496146
0.484504
0.534823
0.524865
0.535493
0.511995
0.541925
0.535481
0.517219
0.525177
0.494459
0.512587
0.54213
0.541992
0.535826
0.523318
0.5354
0.533463
0.545438
0.51219
0.536128
0.539957
0.528944
0.545662
0.517974
0.533187
0.511062
0.515801
0.52318
0.516842
0.547504
0.505134
0.516614
0.504072
0.533107
0.536839
0.531548
0.536758
0.507587
0.533121
0.5245
0.541094
0.520266
0.524447
0.523262
0.537075
0.528513
0.550443
0.566644
0.560199
0.541936
0.513844
0.515653
0.531382
0.513316
0.519371
0.534193
0.553584
0.524287
0.511429
0.519785
0.545646
0.539075
0.53491
0.53615
0.535246
0.533703
0.544037
0.454292
0.530705
0.540911
0.542083
0.537761
0.535723
0.544228
0.54751
0.531751
0.513252
0.517398
0.498363
0.554592
0.517565
0.515923
0.548557
0.51645
0.511853
0.519038
0.518549
0.541297
0.494869
0.523106
0.525444
0.505417
0.530086
0.517424
0.525654
0.481706
0.461171
0.488904
0.542137
0.547051
0.548733
0.509845
0.545352
0.543816
0.541451
0.53381
0.544872
0.537295
0.535514
0.532692
0.508133
0.50223
0.518164
0.539377
0.524376
0.534205
0.531065
0.550666
0.479714
0.511808
0.545071
0.5723
0.533548
0.54496
0.508634
0.527976
0.522057
0.536637
0.537506
0.53473
0.542612
0.529891
0.539426
0.51185
0.529181
0.524999
0.489723
0.547408
0.52796
0.507094
0.503996
0.541303
0.527907
0.53481
0.502122
0.517072
0.517851
0.506715
0.530213
0.494787
0.538292
0.538394
0.513458
0.502188
0.49706
0.487004
0.463917
0.511489
0.493628
0.522528
0.490593
0.506658
0.501088
0.511812
0.512446
0.514916
0.529612
0.523665
0.51581
0.520498
0.531593
0.516176
0.529735
0.519953
0.518412
0.53454
0.545835
0.538675
0.523652
0.522528
0.533215
0.533623
0.54014
0.531209
0.519218
0.526489
0.522608
0.53386
0.548183
0.55683
0.528085
0.528735
0.528662
0.526364
0.494182
0.469457
0.541584
0.512032
0.506935
0.525575
0.519795
0.525705
0.537296
0.537264
0.533347
0.555673
0.534358
0.535106
0.543768
0.528497
0.557967
0.528172
0.558435
0.563449
0.520171
0.530907
0.531
0.536846
0.51222
0.488073
0.502458
0.499365
0.539222
0.562907
0.549286
0.504168
0.549245
0.568259
0.547661
0.519796
0.528011
0.534201
0.54941
0.539786
0.454993
0.543843
0.519769
0.520678
0.502053
0.496773
0.543347
0.535928
0.531556
0.515521
0.518626
0.506964
0.56627
0.548081
0.561136
0.529929
0.523418
0.510563
0.516233
0.531751
0.533542
0.515671
0.532822
0.532054
0.530981
0.527807
0.520515
0.505182
0.519945
0.498601
0.512159
0.517179
0.519648
0.527946
0.518025
0.523329
0.527684
0.537815
0.538252
0.553825
0.465764
0.517164
0.487027
0.50957
0.540092
0.534562
0.509257
0.544699
0.546088
0.529692
0.534189
0.538671
0.531797
0.532374
0.532518
0.595665
0.534691
0.542147
0.538191
0.503754
0.533281
0.53655
0.544455
0.541349
0.481347
0.539622
0.545509
0.539455
0.541643
0.528707
0.541279
0.54181
0.536135
0.541544
0.539674
0.542211
0.541986
0.532859
0.545302
0.534868
0.545229
0.542626
0.537858
0.539245
0.524804
0.536048
0.536069
0.500702
0.511382
0.54963
0.541768
0.536307
0.541429
0.540723
0.528718
0.547389
0.532172
0.542146
0.545847
0.547952
0.479763
0.556754
0.541938
0.527762
0.53879
0.558822
0.516992
0.554935
0.526707
0.500579
0.488237
0.484614
0.525058
0.512472
0.489489
0.529889
0.521401
0.539948
0.529396
0.532957
0.528831
0.534151
0.542424
0.517397
0.535332
0.528791
0.542501
0.509189
0.483925
0.558668
0.547534
0.536988
0.524387
0.477251
0.521116
0.507893
0.489652
0.520271
0.537726
0.530727
0.531941
0.534877
0.543291
0.528533
0.526811
0.535022
0.507008
0.538028
0.532326
0.538141
0.529382
0.544798
0.54142
0.544133
0.476711
0.484045
0.475599
0.503701
0.462137
0.542809
0.546565
0.546899
0.53473
0.543912
0.521826
0.537444
0.510961
0.530595
0.51924
0.516672
0.525445
0.53041
0.533284
0.531522
0.528993
0.543688
0.543387
0.507845
0.541598
0.493728
0.513465
0.501609
0.524992
0.527357
0.593384
0.52284
0.518301
0.543357
0.536033
0.531864
0.536326
0.547419
0.557952
0.530705
0.539775
0.535438
0.545962
0.546658
0.536697
0.512354
0.511842
0.542265
0.521603
0.526563
0.522593
0.524583
0.507726
0.526154
0.488183
0.546396
0.516012
0.504715
0.537677
0.522298
0.543565
0.532617
0.532102
0.555714
0.52863
0.512063
0.500006
0.511872
0.526
0.529096
0.507332
0.463975
0.536421
0.534891
0.530791
0.505821
0.512285
0.509217
0.53989
0.522645
0.4782
0.53157
0.540593
0.534076
0.521176
0.51795
0.527215
0.489853
0.495545
0.505838
0.539366
0.530097
0.508024
0.489885
0.54638
0.532784
0.540472
0.521421
0.521364
0.558786
0.538033
0.50399
0.505062
0.541056
0.514855
0.531653
0.535926
0.529852
0.528398
0.525183
0.542452
0.533411
0.517537
0.495611
0.523488
0.549454
0.510126
0.518171
0.535242
0.489319
0.542349
0.526517
0.517668
0.534119
0.53984
0.551425
0.539523
0.547266
0.536252
0.533209
0.537449
0.549982
0.523342
0.521603
0.512632
0.525595
0.530566
0.527002
0.526744
0.545613
0.528349
0.532456
0.531959
0.495326
0.457377
0.494355
0.535226
0.524334
0.522072
0.469189
0.526205
0.47029
0.526947
0.527631
0.471358
0.493215
0.464422
0.485987
0.537816
0.458978
0.479497
0.464297
0.532765
0.454693
0.482859
0.529358
0.523498
0.533206
0.490279
0.541101
0.54088
0.520161
0.534811
0.542572
0.539275
0.523718
0.535816
0.537367
0.511967
0.543681
0.543899
0.548619
0.506916
0.522431
0.531686
0.514363
0.529755
0.529092
0.504838
0.53194
0.532292
0.508369
0.541001
0.546033
0.496027
0.508524
0.539196
0.538173
0.530566
0.561919
0.496043
0.509139
0.533152
0.527172
0.517274
0.527594
0.5216
0.573146
0.479706
0.529141
0.534646
0.535721
0.524579
0.522696
0.49903
0.48996
0.537316
0.536527
0.502831
0.529693
0.520091
0.499716
0.525745
0.54272
0.528819
0.510475
0.54954
0.464784
0.536376
0.544758
0.546754
0.537209
0.533436
0.531604
0.525728
0.534338
0.554551
0.547768
0.517527
0.51814
0.522763
0.545669
0.53709
0.53708
0.534559
0.556634
0.515687
0.532275
0.53279
0.542441
0.536058
0.542375
0.552074
0.512689
0.538575
0.537502
0.535112
0.491645
0.457692
0.51178
0.504555
0.516654
0.528875
0.521959
0.518999
0.508066
0.53426
0.531363
0.525149
0.536616
0.529597
0.488965
0.535574
0.541141
0.54764
0.53439
0.540081
0.539177
0.540189
0.508285
0.537905
0.48881
0.489708
0.531526
0.524307
0.53707
0.535346
0.539081
0.549072
0.547565
0.519329
0.540201
0.498364
0.499071
0.541983
0.544168
0.542084
0.543508
0.53951
0.528797
0.525928
0.524419
0.524312
0.500402
0.518204
0.523785
0.514401
0.51966
0.520805
0.540144
0.538431
0.537768
0.551908
0.535403
0.542171
0.553308
0.537626
0.543751
0.543001
0.513243
0.524666
0.512838
0.500618
0.526355
0.535149
0.533541
0.537587
0.533834
0.537471
0.537283
0.551302
0.512616
0.502255
0.527165
0.532424
0.549333
0.504916
0.535529
0.529912
0.511598
0.494921
0.541043
0.537079
0.540298
0.528331
0.534718
0.534599
0.537738
0.505624
0.524208
0.52827
0.540117
0.533479
0.498091
0.503668
0.515835
0.541655
0.544266
0.547781
0.549527
0.476787
0.479763
0.542474
0.545516
0.489903
0.461769
0.467452
0.520646
0.528738
0.520793
0.520393
0.524598
0.529627
0.531809
0.505347
0.541617
0.539509
0.531338
0.555512
0.511769
0.538407
0.498682
0.535474
0.53456
0.545751
0.509196
0.527206
0.521922
0.517582
0.528526
0.526368
0.549249
0.546808
0.541224
0.501316
0.518911
0.551492
0.534864
0.548126
0.532032
0.480863
0.548609
0.530348
0.537446
0.526538
0.545193
0.540888
0.514733
0.547939
0.54746
0.545208
0.54307
0.553203
0.54097
0.545802
0.51598
0.530741
0.520692
0.513696
0.543929
0.519808
0.5208
0.530463
0.518704
0.516295
0.487822
0.519437
0.535442
0.544127
0.523365
0.527044
0.523349
0.510066
0.523988
0.545438
0.524222
0.547033
0.506865
0.546544
0.525792
0.524431
0.539721
0.54259
0.49767
0.504697
0.510586
0.511834
0.516797
0.523244
0.522594
0.493136
0.525968
0.474214
0.545521
0.532275
0.530977
0.542955
0.530895
0.543274
0.563657
0.521645
0.527082
0.539072
0.525873
0.542388
0.564119
0.530664
0.523528
0.53199
0.529267
0.543635
0.55545
0.548545
0.471654
0.489654
0.519095
0.490642
0.529804
0.527267
0.482314
0.533112
0.501989
0.53839
0.493675
0.529356
0.535609
0.541156
0.542943
0.537662
0.53482
0.532117
0.546953
0.543706
0.526768
0.528664
0.549274
0.535873
0.537056
0.521803
0.54258
0.544349
0.547002
0.53662
0.541601
0.537809
0.539171
0.538527
0.505057
0.493359
0.536649
0.529873
0.532782
0.538947
0.542971
0.472749
0.535286
0.536762
0.519176
0.515269
0.534797
0.500316
0.537726
0.535767
0.538848
0.549284
0.520498
0.540601
0.506302
0.542114
0.538449
0.527262
0.545134
0.519676
0.519851
0.525043
0.532787
0.525203
0.542604
0.538668
0.539879
0.524398
0.524879
0.528729
0.54532
0.537119
0.546179
0.554066
0.507175
0.533997
0.532015
0.543004
0.539651
0.547973
0.509019
0.532044
0.522831
0.538063
0.513246
0.533959
0.527856
0.52056
0.520184
0.533491
0.489321
0.539934
0.552998
0.462767
0.490007
0.5324
0.57145
0.551093
0.529843
0.478642
0.505959
0.589836
0.529608
0.517249
0.488803
0.528305
0.53234
0.529899
0.513278
0.523734
0.527681
0.531248
0.517345
0.544014
0.533226
0.525112
0.501908
0.531579
0.539796
0.546714
0.525449
0.529879
0.52099
0.52498
0.498043
0.545241
0.51884
0.54654
0.544052
0.520996
0.52998
0.549197
0.526141
0.527912
0.526918
0.535644
0.562143
0.525659
0.53366
0.54058
0.541534
0.53599
0.538605
0.502469
0.527669
0.542964
0.530105
0.531956
0.53325
0.525299
0.489664
0.53456
0.551862
0.548313
0.534787
0.566872
0.552746
0.546718
0.521183
0.535651
0.542764
0.497831
0.528021
0.543787
0.530772
0.536458
0.507478
0.537595
0.534414
0.517738
0.524571
0.533019
0.53935
0.507264
0.537334
0.53378
0.544573
0.533549
0.542842
0.533757
0.492067
0.500232
0.524223
0.537073
0.506963
0.532835
0.538139
0.52251
0.540884
0.494152
0.519342
0.538908
0.526546
0.530667
0.507818
0.543644
0.531873
0.519232
0.542224
0.547631
0.525473
0.546613
0.539595
0.522372
0.542275
0.54872
0.533057
0.542411
0.541909
0.493177
0.508099
0.50552
0.53293
0.538138
0.517172
0.530385
0.494258
0.506835
0.503138
0.505217
0.538641
0.519636
0.541033
0.530654
0.511291
0.519449
0.518382
0.528037
0.536385
0.540846
0.534506
0.52362
0.532836
0.497333
0.533646
0.514593
0.564543
0.551713
0.526466
0.525059
0.523164
0.526536
0.531581
0.50978
0.522242
0.540629
0.528052
0.530699
0.530167
0.533071
0.536494
0.533994
0.523282
0.510828
0.543835
0.535407
0.56403
0.465684
0.476034
0.515593
0.499683
0.494587
0.525528
0.509334
0.532964
0.536041
0.49401
0.552262
0.538502
0.468563
0.520412
0.516578
0.539257
0.554636
0.487957
0.554959
0.543892
0.547044
0.562076
0.525647
0.527588
0.521169
0.53039
0.541871
0.539174
0.510252
0.533569
0.539803
0.536305
0.536637
0.545555
0.540947
0.534061
0.521495
0.537907
0.532699
0.533408
0.537966
0.54276
0.529853
0.535184
0.551765
0.531441
0.51391
0.53056
0.536796
0.531609
0.523083
0.538149
0.53831
0.536161
0.540075
0.518419
0.539012
0.482371
0.505691
0.548262
0.511636
0.545255
0.548705
0.467732
0.464575
0.54323
0.469423
0.545932
0.46085
0.482488
0.473634
0.486286
0.474925
0.465331
0.491445
0.501667
0.518204
0.529438
0.505354
0.525581
0.534366
0.525535
0.517544
0.517401
0.545583
0.519833
0.561431
0.53352
0.543481
0.545621
0.515815
0.613265
0.538188
0.534327
0.503183
0.534551
0.545505
0.533603
0.53791
0.537449
0.537684
0.54057
0.532244
0.515875
0.54103
0.545884
0.471349
0.491028
0.535405
0.529993
0.54375
0.543658
0.536272
0.534447
0.473282
0.530093
0.534193
0.523865
0.527197
0.511332
0.539262
0.527021
0.525957
0.510176
0.553418
0.512496
0.551605
0.541434
0.526188
0.509838
0.515046
0.517982
0.545202
0.527886
0.52972
0.543328
0.541395
0.492314
0.453727
0.539443
0.539227
0.543402
0.528079
0.527967
0.525624
0.537602
0.541117
0.540373
0.526303
0.52162
0.530473
0.544154
0.526843
0.535153
0.532318
0.527505
0.529814
0.527384
0.558992
0.527433
0.53971
0.508123
0.559595
0.544584
0.5461
0.498306
0.530716
0.553908
0.545767
0.532038
0.549454
0.525498
0.532394
0.535773
0.52453
0.543682
0.507526
0.539497
0.54403
0.541994
0.51011
0.521843
0.535752
0.523097
0.503026
0.530087
0.530054
0.540932
0.540824
0.516206
0.527364
0.540175
0.522714
0.493374
0.528101
0.513752
0.502758
0.541867
0.536587
0.528879
0.518579
0.516687
0.50807
0.516258
0.525472
0.538899
0.513574
0.542431
0.50349
0.52546
0.534572
0.522234
0.525325
0.505814
0.527033
0.540424
0.526732
0.531387
0.530683
0.527712
0.5377
0.532154
0.553383
0.511782
0.544555
0.530185
0.574429
0.533899
0.464305
0.549285
0.530826
0.517966
0.473591
0.463718
0.539303
0.51926
0.531468
0.495178
0.499569
0.526436
0.566024
0.535339
0.528383
0.522204
0.529761
0.5433
0.499307
0.521203
0.537307
0.539307
0.498009
0.538627
0.53538
0.515048
0.527059
0.522117
0.533056
0.540848
0.543326
0.509566
0.523188
0.533275
0.55377
0.553298
0.546137
0.548521
0.517415
0.52281
0.545422
0.544459
0.531661
0.542474
0.537468
0.527104
0.533827
0.524117
0.525461
0.528477
0.533941
0.530166
0.530022
0.531721
0.525238
0.533097
0.5402
0.536156
0.53248
0.53815
0.541527
0.539244
0.5346
0.534667
0.514188
0.536717
0.533296
0.518029
0.543626
0.558162
0.536385
0.534414
0.525584
0.520285
0.544353
0.535943
0.532578
0.529764
0.527148
0.550289
0.548927
0.540865
0.473699
0.494661
0.51442
0.474292
0.531344
0.53505
0.516788
0.523201
0.535565
0.533466
0.530478
0.528728
0.529955
0.51945
0.52609
0.539244
0.527232
0.52988
0.539958
0.502537
0.531878
0.5326
0.541753
0.524965
0.479702
0.495167
0.545619
0.54257
0.542411
0.542014
0.49629
0.543703
0.544638
0.544998
0.54208
0.545373
0.469708
0.544827
0.541687
0.545232
0.527463
0.537939
0.541594
0.525734
0.535986
0.539789
0.531979
0.527499
0.530793
0.523127
0.512045
0.539378
0.524033
0.537854
0.529128
0.511743
0.544991
0.504044
0.527173
0.547264
0.54503
0.526791
0.515441
0.533714
0.514977
0.537391
0.531465
0.529848
0.529509
0.513936
0.492721
0.552264
0.542954
0.515231
0.473139
0.457169
0.524414
0.546335
0.54602
0.525624
0.528811
0.51748
0.540977
0.462182
0.528033
0.541602
0.528433
0.541848
0.491054
0.522793
0.504869
0.512977
0.527821
0.506815
0.508995
0.53968
0.547713
0.520358
0.523511
0.530282
0.537296
0.527387
0.523027
0.526575
0.48686
0.533304
0.549061
0.52882
0.529448
0.531648
0.53866
0.530467
0.518713
0.529419
0.531911
0.444275
0.511122
0.524847
0.518573
0.510113
0.50666
0.517515
0.51923
0.518948
0.52751
0.523001
0.520038
0.506816
0.523401
0.529001
0.541511
0.549934
0.508163
0.504561
0.526474
0.525348
0.541254
0.518769
0.550481
0.524785
0.561522
0.505307
0.501504
0.51237
0.534091
0.520834
0.496552
0.488152
0.499222
0.534272
0.531619
0.548619
0.533835
0.517198
0.533888
0.531962
0.535896
0.536776
0.531922
0.538615
0.521638
0.498269
0.519512
0.547055
0.509159
0.52815
0.525975
0.506541
0.501373
0.529998
0.534658
0.549371
0.528989
0.541396
0.456941
0.504661
0.519116
0.522231
0.529308
0.524067
0.532624
0.525542
0.55092
0.542275
0.500752
0.484207
0.532298
0.566409
0.492524
0.542765
0.531523
0.539906
0.526255
0.543343
0.575246
0.542614
0.525521
0.497061
0.543679
0.548214
0.527773
0.524924
0.534732
0.523164
0.54218
0.535648
0.53712
0.537587
0.515123
0.558856
0.545464
0.54433
0.530564
0.532112
0.492564
0.52502
0.523119
0.543865
0.550249
0.527072
0.515906
0.488651
0.517783
0.52041
0.518457
0.536291
0.524102
0.524181
0.519443
0.544804
0.531172
0.520141
0.536297
0.550753
0.540957
0.555153
0.567881
0.533187
0.537544
0.557777
0.557139
0.527343
0.524595
0.555586
0.53909
0.518716
0.534605
0.534285
0.519931
0.536292
0.545633
0.536838
0.52262
0.537354
0.537276
0.529128
0.540929
0.523971
0.496985
0.484197
0.521893
0.526368
0.527664
0.52151
0.53985
0.521348
0.547108
0.561352
0.539855
0.532108
0.53609
0.529357
0.506976
0.52194
0.511741
0.527259
0.498944
0.511675
0.53629
0.506793
0.518907
0.482057
0.492867
0.5214
0.525241
0.497674
0.513419
0.51792
0.543087
0.527802
0.521575
0.475535
0.532169
0.536272
0.531166
0.480821
0.526357
0.526233
0.469676
0.491159
0.558302
0.52459
0.521635
0.505054
0.538499
0.545935
0.545763
0.526172
0.543469
0.478803
0.477933
0.540504
0.519943
0.517174
0.484877
0.538794
0.540334
0.540785
0.530111
0.530862
0.534087
0.542935
0.502474
0.531722
0.533855
0.560843
0.507635
0.53188
0.514768
0.534636
0.529208
0.497796
0.483683
0.535311
0.543266
0.531808
0.528524
0.526944
0.574446
0.517316
0.542327
0.531678
0.543619
0.509237
0.530538
0.523105
0.531268
0.527828
0.525331
0.542633
0.480287
0.535643
0.487953
0.532088
0.52121
0.523135
0.553346
0.515297
0.495593
0.518565
0.534977
0.539462
0.545712
0.478397
0.476221
0.467215
0.54266
0.521346
0.540068
0.516835
0.55405
0.556021
0.550019
0.543593
0.534372
0.54753
0.548628
0.540038
0.552938
0.544841
0.562194
0.544207
0.551066
0.55408
0.544468
0.524408
0.548689
0.552357
0.527127
0.534188
0.528914
0.52094
0.540642
0.53432
0.504969
0.509106
0.518206
0.542974
0.537049
0.523077
0.540595
0.539155
0.525187
0.544409
0.503807
0.487569
0.469034
0.527825
0.484604
0.519194
0.542963
0.496026
0.522625
0.529997
0.498277
0.457195
0.529153
0.543287
0.538506
0.500849
0.545398
0.525987
0.543961
0.516646
0.546288
0.541584
0.547337
0.532223
0.539218
0.546827
0.477295
0.517201
0.540571
0.541939
0.544827
0.526997
0.542305
0.542542
0.543134
0.534598
0.530664
0.535583
0.523727
0.530552
0.528681
0.529391
0.539531
0.542404
0.539528
0.535495
0.534697
0.497874
0.513572
0.544907
0.531022
0.523057
0.504636
0.529393
0.560275
0.543835
0.529279
0.557672
0.54704
0.514561
0.529102
0.531922
0.47759
0.497305
0.528291
0.515323
0.522043
0.542422
0.542091
0.538835
0.506188
0.509377
0.529985
0.526559
0.529227
0.532956
0.533775
0.53227
0.525299
0.536477
0.523194
0.52233
0.520401
0.524567
0.523798
0.507346
0.480496
0.492617
0.496576
0.472081
0.530437
0.502636
0.520272
0.491496
0.504194
0.498001
0.479858
0.504387
0.460365
0.494509
0.529864
0.528308
0.53999
0.521548
0.529142
0.533528
0.530861
0.529759
0.546501
0.547141
0.530957
0.541194
0.535539
0.521777
0.466112
0.53465
0.53616
0.537742
0.519503
0.501786
0.537077
0.547946
0.550604
0.524103
0.55937
0.554685
0.508257
0.475972
0.539805
0.551961
0.53635
0.536764
0.460463
0.518776
0.504989
0.481472
0.486132
0.530281
0.535245
0.531822
0.505176
0.477413
0.552619
0.523594
0.555163
0.526662
0.547248
0.555078
0.537391
0.529596
0.532388
0.520106
0.516672
0.508821
0.501374
0.51845
0.493964
0.525707
0.526776
0.510112
0.548274
0.518891
0.530341
0.515795
0.558449
0.509702
0.531919
0.528443
0.53887
0.531347
0.532155
0.529337
0.530656
0.525269
0.515431
0.509954
0.51048
0.526061
0.508103
0.543512
0.547237
0.544006
0.549189
0.522897
0.533122
0.508149
0.521769
0.534364
0.531758
0.529721
0.504327
0.530216
0.53197
0.521997
0.547302
0.51943
0.556432
0.540534
0.548794
0.550044
0.556404
0.509912
0.513861
0.491667
0.560504
0.513137
0.507447
0.508711
0.523655
0.512202
0.527406
0.567735
0.535544
0.558659
0.538343
0.516865
0.511851
0.543534
0.543504
0.53231
0.538414
0.548999
0.522577
0.530356
0.544571
0.564487
0.536134
0.53482
0.538829
0.527953
0.572491
0.526613
0.525769
0.534006
0.529215
0.531761
0.527008
0.537397
0.571782
0.556519
0.552302
0.518357
0.528675
0.496652
0.527224
0.531219
0.530046
0.528951
0.500588
0.542095
0.52655
0.511695
0.504386
0.525083
0.536952
0.526779
0.509892
0.588048
0.514838
0.531449
0.519386
0.500864
0.541872
0.544201
0.527212
0.544595
0.546538
0.538322
0.540934
0.546756
0.472832
0.536023
0.555958
0.47518
0.561151
0.53798
0.510238
0.548639
0.535694
0.516817
0.547955
0.490574
0.517443
0.534566
0.536913
0.49743
0.523911
0.534284
0.525432
0.537322
0.540203
0.552535
0.535025
0.538324
0.51257
0.529636
0.534468
0.525242
0.525399
0.544056
0.52225
0.526772
0.537696
0.528485
0.533928
0.505827
0.527906
0.521693
0.535456
0.53383
0.517455
0.519151
0.51768
0.513684
0.49329
0.54722
0.481204
0.525454
0.534572
0.523829
0.523485
0.539339
0.526964
0.539048
0.52029
0.526495
0.53687
0.528111
0.520809
0.519245
0.523963
0.548159
0.525037
0.526359
0.541616
0.533
0.533991
0.51212
0.513256
0.536965
0.467194
0.53897
0.526809
0.557566
0.531449
0.543895
0.541449
0.543828
0.553126
0.539833
0.486626
0.512812
0.513769
0.53691
0.515713
0.545073
0.52354
0.525545
0.547581
0.541918
0.545225
0.541891
0.537067
0.539928
0.539502
0.529148
0.539048
0.528068
0.529844
0.528341
0.52254
0.532973
0.524564
0.54126
0.535157
0.546269
0.530247
0.535873
0.541322
0.544598
0.482049
0.497512
0.531956
0.476104
0.523201
0.443999
0.553604
0.449891
0.530575
0.520827
0.530545
0.528833
0.533499
0.507012
0.520349
0.513346
0.508203
0.532368
0.564783
0.513563
0.545868
0.497978
0.529887
0.490514
0.506166
0.496435
0.539384
0.548046
0.545127
0.550233
0.505585
0.53082
0.544591
0.536238
0.513145
0.523976
0.521406
0.535733
0.532109
0.522372
0.518883
0.524135
0.520859
0.54247
0.52923
0.466419
0.473261
0.453984
0.513196
0.521322
0.508023
0.563092
0.519747
0.537701
0.534604
0.540865
0.513596
0.546611
0.536362
0.538428
0.541418
0.500189
0.463925
0.508889
0.500827
0.508434
0.544517
0.542316
0.54207
0.469929
0.541157
0.526064
0.533564
0.518592
0.53415
0.511555
0.545379
0.527868
0.507232
0.533777
0.513621
0.543142
0.534367
0.533081
0.569281
0.548295
0.473638
0.51843
0.515563
0.544316
0.597864
0.487854
0.59128
0.540263
0.546329
0.483084
0.522872
0.520323
0.530814
0.526945
0.537127
0.535753
0.533686
0.51862
0.5205
0.528802
0.490857
0.463683
0.471269
0.476932
0.475233
0.495023
0.54439
0.483749
0.487568
0.543938
0.511296
0.543569
0.545232
0.475385
0.545174
0.529887
0.481878
0.544329
0.546366
0.539108
0.530714
0.542042
0.514142
0.544324
0.51404
0.528816
0.509351
0.560833
0.530577
0.533838
0.511475
0.497298
0.539164
0.535832
0.471061
0.536025
0.511303
0.549512
0.543141
0.51464
0.548691
0.548165
0.54167
0.523945
0.521345
0.572878
0.477057
0.540132
0.534784
0.538146
0.541183
0.545585
0.555018
0.549099
0.554143
0.492351
0.532959
0.536742
0.516022
0.543373
0.547041
0.54629
0.525237
0.49292
0.522799
0.54291
0.543311
0.541797
0.532477
0.529001
0.534934
0.527635
0.507368
0.517191
0.549635
0.532249
0.544217
0.551872
0.545573
0.519493
0.46881
0.533045
0.535543
0.513697
0.522441
0.545943
0.538975
0.535047
0.51874
0.544228
0.521669
0.55045
0.519633
0.543567
0.538133
0.531393
0.526487
0.537331
0.528288
0.538822
0.540289
0.526534
0.532163
0.530985
0.53408
0.517517
0.507951
0.535475
0.509117
0.500374
0.499945
0.528375
0.539261
0.518185
0.555072
0.497395
0.523353
0.539967
0.531705
0.542653
0.535686
0.541324
0.542738
0.533151
0.541412
0.511314
0.573071
0.529569
0.51008
0.535268
0.533791
0.509877
0.549885
0.524748
0.558652
0.545882
0.534621
0.542477
0.525357
0.526842
0.537425
0.546176
0.51729
0.53099
0.536881
0.519719
0.541395
0.53349
0.523824
0.541785
0.542418
0.543251
0.542258
0.516975
0.517934
0.532123
0.54378
0.538041
0.514264
0.531248
0.518212
0.543108
0.478227
0.530298
0.528588
0.537373
0.537146
0.542897
0.542364
0.542044
0.52049
0.527475
0.518116
0.523487
0.541519
0.526568
0.519494
0.502694
0.5339
0.545211
0.51513
0.495123
0.542693
0.522125
0.542475
0.530249
0.540695
0.539628
0.534787
0.532392
0.551591
0.534293
0.533922
0.5495
0.526448
0.531685
0.516618
0.535228
0.531974
0.550916
0.530807
0.538879
0.530772
0.516741
0.5333
0.5372
0.535236
0.542064
0.522067
0.509687
0.507885
0.542347
0.541699
0.541276
0.526327
0.541317
0.540014
0.475181
0.544622
0.543209
0.52532
0.518314
0.531251
0.53328
0.534682
0.533202
0.530203
0.548159
0.531693
0.546534
0.534655
0.536046
0.531053
0.531689
0.542835
0.49451
0.511674
0.528989
0.522884
0.497075
0.540937
0.533261
0.539636
0.501463
0.539379
0.505124
0.51719
0.544439
0.517683
0.533544
0.488444
0.495521
0.536192
0.532868
0.537078
0.501229
0.526278
0.529919
0.501934
0.53927
0.503756
0.533647
0.50887
0.521295
0.532646
0.494921
0.542832
0.52938
0.526236
0.542306
0.527888
0.518427
0.50594
0.527808
0.520624
0.5227
0.521369
0.522589
0.513114
0.554235
0.54178
0.537117
0.520073
0.526143
0.557834
0.497336
0.511003
0.53856
0.544725
0.529655
0.520722
0.537918
0.524922
0.54608
0.534225
0.542804
0.514231
0.541179
0.529814
0.540384
0.551715
0.536175
0.559038
0.526665
0.532631
0.507542
0.539151
0.53035
0.52795
0.548772
0.522843
0.549864
0.512264
0.520007
0.530105
0.540646
0.496534
0.493504
0.541519
