0.532906
0.53153
0.523975
0.522783
0.518315
0.51788
0.520218
0.557072
0.512654
0.527114
0.521111
0.519715
0.519301
0.519284
0.518925
0.519619
0.523308
0.523297
0.536205
0.528501
0.520256
0.520742
0.521424
0.521552
0.52317
0.520943
0.516791
0.52006
0.522279
0.539699
0.534965
0.542263
0.524833
0.518984
0.519638
0.521167
0.562061
0.586729
0.516089
0.517666
0.518128
0.519906
0.520682
0.520261
0.516315
0.552038
0.541838
0.542834
0.527896
0.534173
0.546724
0.521874
0.538856
0.528622
0.537049
0.536086
0.528565
0.519721
0.521343
0.508881
0.515332
0.523304
0.524866
0.518311
0.517735
0.515966
0.509999
0.514265
0.518777
0.518744
0.541839
0.527605
0.529685
0.553204
0.543388
0.535654
0.52506
0.533511
0.535235
0.507569
0.512334
0.512384
0.528924
0.545639
0.572181
0.544178
0.517021
0.542843
0.538294
0.536969
0.518599
0.521594
0.523918
0.521798
0.532715
0.517328
0.518526
0.540338
0.538504
0.530686
0.530376
0.531827
0.525427
0.526788
0.521532
0.540224
0.535591
0.548486
0.56539
0.540619
0.523577
0.522139
0.521529
0.527649
0.522344
0.521616
0.522658
0.524857
0.523898
0.523066
0.546661
0.540908
0.520575
0.531252
0.52594
0.520818
0.518063
0.515133
0.508284
0.531311
0.532441
0.53484
0.521681
0.523369
0.518022
0.537982
0.544743
0.520048
0.533255
0.536332
0.521055
0.521275
0.521591
0.521193
0.545334
0.557379
0.520055
0.519231
0.518129
0.521562
0.522746
0.517541
0.517956
0.523126
0.531414
0.538207
0.520506
0.520162
0.520874
0.52161
0.522059
0.535429
0.524205
0.522407
0.520099
0.532586
0.518735
0.518057
0.523129
0.558401
0.56189
0.548972
0.5196
0.51332
0.521558
0.522693
0.534295
0.52285
0.522476
0.518871
0.519605
0.519132
0.52134
0.521947
0.538722
0.530561
0.518033
0.522882
0.522482
0.535718
0.525892
0.54415
0.527546
0.528042
0.519999
0.518159
0.521376
0.520656
0.522049
0.513134
0.529229
0.523267
0.521112
0.524484
0.51515
0.514738
0.524147
0.52006
0.525176
0.519073
0.522706
0.53564
0.519779
0.521383
0.522186
0.545047
0.549261
0.518146
0.517779
0.508602
0.535719
0.530985
0.520171
0.529465
0.547293
0.549412
0.527012
0.520748
0.540643
0.531799
0.537358
0.538558
0.512703
0.515136
0.524182
0.522951
0.520565
0.542783
0.534602
0.524355
0.516043
0.528003
0.53089
0.520027
0.522246
0.554143
0.506594
0.522703
0.52585
0.542774
0.519688
0.519803
0.518906
0.526228
0.531154
0.520663
0.523129
0.51912
0.517169
0.522159
0.517956
0.53029
0.547947
0.538345
0.531834
0.520271
0.525943
0.519638
0.518203
0.51775
0.520848
0.522693
0.546584
0.514725
0.515175
0.519352
0.520429
0.522549
0.524445
0.519243
0.531067
0.523431
0.508241
0.512755
0.555113
0.540009
0.533145
0.515776
0.520787
0.514769
0.520659
0.514177
0.540355
0.528854
0.520715
0.520691
0.508971
0.517115
0.51629
0.51559
0.537828
0.519765
0.536845
0.513139
0.519403
0.523658
0.517674
0.520694
0.518164
0.529585
0.526904
0.525694
0.524021
0.521118
0.548611
0.537936
0.526623
0.523654
0.521422
0.531116
0.528572
0.522212
0.524741
0.521885
0.523233
0.534332
0.532994
0.516372
0.514069
0.518146
0.518226
0.525549
0.518358
0.519908
0.521094
0.552468
0.53461
0.532193
0.53548
0.556231
0.556512
0.55182
0.524094
0.52511
0.520141
0.532048
0.520926
0.522421
0.522689
0.522861
0.539745
0.537325
0.549475
0.52056
0.545116
0.546768
0.536129
0.536359
0.533211
0.532379
0.535312
0.544985
0.543464
0.520103
0.520287
0.537113
0.537811
0.52237
0.517538
0.514595
0.525161
0.53273
0.535204
0.542039
0.52301
0.512394
0.510828
0.516389
0.524712
0.51698
0.525759
0.517415
0.516837
0.520377
0.520968
0.521024
0.526656
0.521906
0.522658
0.52246
0.543321
0.554661
0.551633
0.536667
0.522515
0.519779
0.521171
0.533083
0.521716
0.522051
0.531313
0.527629
0.512724
0.51955
0.517672
0.522222
0.542951
0.539253
0.517459
0.521897
0.521182
0.513301
0.521223
0.522139
0.519988
0.511749
0.521147
0.521347
0.513337
0.512569
0.521588
0.520869
0.52084
0.543372
0.531896
0.522199
0.529796
0.523323
0.520652
0.523163
0.513958
0.511629
0.538405
0.50812
0.511067
0.522667
0.533584
0.521729
0.51013
0.525372
0.521414
0.525036
0.519855
0.515601
0.507221
0.511104
0.515745
0.515354
0.526421
0.519187
0.536873
0.520091
0.531275
0.526522
0.518052
0.525015
0.510033
0.517896
0.516605
0.513857
0.516345
0.525915
0.521413
0.522017
0.523015
0.52108
0.521645
0.520386
0.539141
0.53867
0.542041
0.532293
0.521004
0.545367
0.540095
0.545674
0.519803
0.542093
0.539183
0.519451
0.522236
0.52615
0.5237
0.53446
0.540769
0.519171
0.518571
0.508848
0.514915
0.519814
0.520537
0.520283
0.520382
0.521596
0.54736
0.542731
0.521468
0.516199
0.522628
0.537614
0.520966
0.519199
0.518715
0.522378
0.52398
0.523479
0.521357
0.519993
0.541561
0.526759
0.520221
0.521014
0.524321
0.510765
0.53139
0.531751
0.560249
0.514187
0.509851
0.514496
0.529467
0.529271
0.539998
0.551044
0.529523
0.538008
0.550762
0.551194
0.51707
0.518493
0.51667
0.527551
0.535735
0.533011
0.520494
0.511928
0.572365
0.538402
0.521604
0.522198
0.522499
0.534355
0.531898
0.544777
0.544202
0.527903
0.549388
0.534188
0.54737
0.518577
0.516621
0.518749
0.525953
0.54226
0.515614
0.514211
0.532722
0.522235
0.521701
0.522074
0.559949
0.515418
0.523655
0.520197
0.540057
0.538167
0.528651
0.52736
0.542109
0.542286
0.531775
0.543274
0.521002
0.523036
0.521667
0.53168
0.519768
0.547073
0.522808
0.519973
0.520988
0.525841
0.528593
0.510202
0.512229
0.509462
0.517614
0.536694
0.527449
0.523275
0.522049
0.526151
0.516593
0.517865
0.516217
0.515581
0.528299
0.523784
0.52432
0.521389
0.52074
0.522249
0.521547
0.521229
0.52234
0.51723
0.51865
0.522728
0.52056
0.521284
0.521799
0.541894
0.533115
0.5242
0.525408
0.518166
0.516701
0.517487
0.522977
0.516313
0.514945
0.522716
0.521915
0.519249
0.519131
0.520311
0.507711
0.509227
0.520435
0.523419
0.528435
0.522171
0.511373
0.538281
0.532895
0.536399
0.53027
0.530334
0.521321
0.583955
0.528053
0.521445
0.531976
0.544698
0.517959
0.521808
0.522131
0.509424
0.513243
0.509767
0.512999
0.515996
0.523668
0.517805
0.516139
0.518212
0.537248
0.518759
0.518239
0.517669
0.518449
0.529275
0.531661
0.537326
0.550917
0.56977
0.520031
0.534777
0.51703
0.523658
0.524954
0.555363
0.540826
0.530326
0.513806
0.520108
0.516562
0.521483
0.521744
0.520536
0.523589
0.508093
0.517456
0.522062
0.513182
0.522268
0.521259
0.520012
0.538161
0.53604
0.541867
0.533656
0.539669
0.525723
0.522604
0.558692
0.521543
0.521989
0.534926
0.540027
0.544824
0.536422
0.522586
0.53497
0.540662
0.524083
0.51035
0.522646
0.521704
0.521716
0.5333
0.534208
0.521295
0.523924
0.543101
0.538448
0.522957
0.523453
0.534649
0.522432
0.517333
0.542564
0.535303
0.532736
0.534707
0.528803
0.521845
0.524495
0.522171
0.532805
0.528907
0.525207
0.528632
0.534097
0.5314
0.515329
0.520616
0.521182
0.517085
0.520536
0.533214
0.522658
0.521324
0.529566
0.521209
0.539681
0.544167
0.534923
0.522378
0.542316
0.520881
0.520682
0.519046
0.522452
0.521441
0.523183
0.521574
0.50694
0.520533
0.518922
0.519407
0.52495
0.521224
0.518865
0.536397
0.512346
0.517354
0.509342
0.518817
0.516332
0.523928
0.524346
0.541973
0.532733
0.510957
0.521692
0.522829
0.53293
0.521005
0.527651
0.544653
0.544605
0.533034
0.537644
0.555528
0.537067
0.543461
0.545542
0.513537
0.528556
0.527117
0.530643
0.515001
0.556491
0.564921
0.523132
0.516686
0.521807
0.522113
0.520612
0.542901
0.53238
0.531184
0.518957
0.526353
0.523178
0.521053
0.520664
0.522723
0.521325
0.523993
0.521979
0.521811
0.522381
0.513199
0.513474
0.521249
0.53679
0.535233
0.529302
0.534543
0.523833
0.511154
0.521378
0.546795
0.52947
0.520449
0.521225
0.522313
0.523361
0.521309
0.52243
0.520562
0.522789
0.523094
0.513007
0.514668
0.518879
0.522282
0.510006
0.516891
0.548243
0.539411
0.532438
0.521128
0.520418
0.521979
0.522353
0.522177
0.523268
0.530502
0.536782
0.520119
0.521168
0.521163
0.525595
0.533822
0.554564
0.521774
0.539924
0.536888
0.535714
0.520428
0.520623
0.507642
0.53899
0.523357
0.521099
0.517489
0.512424
0.523557
0.523023
0.517781
0.537285
0.521576
0.517088
0.515226
0.546087
0.520864
0.559196
0.535995
0.541687
0.525631
0.522461
0.543673
0.540018
0.553251
0.517286
0.524185
0.515142
0.521216
0.523002
0.522534
0.524446
0.521692
0.521491
0.530689
0.517416
0.527304
0.519288
0.518084
0.519816
0.526451
0.532239
0.505249
0.556658
0.525899
0.522476
0.52037
0.525604
0.520988
0.523021
0.523189
0.516021
0.520895
0.548733
0.514561
0.50883
0.513831
0.515398
0.515723
0.521955
0.523324
0.521233
0.522187
0.521746
0.546701
0.521138
0.522019
0.523895
0.521872
0.522271
0.53304
0.514719
0.519201
0.533344
0.523146
0.520983
0.520974
0.529948
0.520999
0.520781
0.509911
0.513592
0.539815
0.532908
0.535764
0.519604
0.522515
0.527253
0.519634
0.513803
0.509837
0.524504
0.520979
0.549749
0.521702
0.520592
0.521819
0.520397
0.55317
0.527709
0.532295
0.51702
0.526836
0.520743
0.51327
0.525731
0.517345
0.517865
0.535739
0.531206
0.53344
0.522447
0.519406
0.519761
0.521843
0.574501
0.520725
0.522359
0.51918
0.530949
0.521067
0.51944
0.52002
0.537524
0.523904
0.546055
0.520649
0.520416
0.54817
0.539936
0.518629
0.513014
0.522302
0.532508
0.512227
0.536004
0.519724
0.542773
0.524581
0.538285
0.53413
0.519043
0.524151
0.542224
0.516741
0.567614
0.53874
0.519788
0.522437
0.535819
0.55282
0.556413
0.522798
0.522388
0.508822
0.51142
0.514149
0.518259
0.549004
0.533048
0.520207
0.518372
0.536042
0.512882
0.522302
0.520938
0.525754
0.518615
0.511411
0.520634
0.516754
0.522693
0.517228
0.529854
0.522107
0.539607
0.533984
0.517904
0.508501
0.523085
0.524276
0.52167
0.509319
0.557482
0.521061
0.511281
0.512024
0.524678
0.522792
0.513991
0.518017
0.52361
0.516287
0.513962
0.530191
0.515531
0.514407
0.540994
0.517974
0.533302
0.538623
0.508513
0.522772
0.514384
0.527467
0.555545
0.541958
0.533886
0.547154
0.521023
0.523373
0.525065
0.507477
0.511819
0.520614
0.540886
0.516268
0.535045
0.569841
0.523657
0.527358
0.537765
0.53357
0.534867
0.517126
0.520833
0.527967
0.536836
0.520058
0.513606
0.540762
0.529162
0.519754
0.522295
0.522206
0.553222
0.521389
0.512388
0.514787
0.517079
0.520503
0.520832
0.520993
0.514473
0.539238
0.520528
0.54523
0.554824
0.541929
0.520646
0.53882
0.522407
0.539863
0.542748
0.560641
0.520181
0.518273
0.522413
0.529519
0.529526
0.527802
0.521437
0.550929
0.516725
0.519248
0.523454
0.544224
0.514618
0.523022
0.54287
0.523205
0.520824
0.526015
0.510475
0.519893
0.520526
0.543962
0.515932
0.558035
0.522175
0.536191
0.519349
0.518831
0.55549
0.524664
0.557312
0.539469
0.530197
0.546293
0.520015
0.525545
0.535637
0.519039
0.508021
0.520434
0.521759
0.524882
0.54626
0.524761
0.523074
0.520791
0.515653
0.511113
0.519657
0.514964
0.511267
0.538742
0.534332
0.522225
0.511776
0.530887
0.51953
0.524326
0.521657
0.515091
0.51308
0.52596
0.52304
0.523344
0.539835
0.543764
0.519139
0.526214
0.531539
0.527617
0.525925
0.526995
0.51257
0.506251
0.518197
0.516981
0.535267
0.519932
0.516513
0.520178
0.522483
0.520182
0.503757
0.550391
0.520276
0.547291
0.520068
0.535839
0.520377
0.521225
0.521566
0.530563
0.549449
0.528235
0.520429
0.541275
0.517522
0.52001
0.527513
0.553523
0.52223
0.530212
0.514507
0.518859
0.538873
0.529027
0.51304
0.513765
0.520611
0.545194
0.521973
0.512074
0.507128
0.510605
0.553172
0.521343
0.509362
0.521875
0.531577
0.521719
0.517367
0.52543
0.516296
0.520529
0.508382
0.52226
0.521139
0.516632
0.528069
0.520919
0.521752
0.520793
0.516989
0.51696
0.515552
0.524692
0.518589
0.520559
0.5189
0.51505
0.514387
0.522259
0.549374
0.516826
0.517067
0.504936
0.514093
0.545983
0.519383
0.51804
0.520406
0.520679
0.521432
0.520401
0.520994
0.552625
0.55165
0.521257
0.529248
0.521174
0.536207
0.51705
0.526592
0.51618
0.518275
0.520472
0.523135
0.516241
0.523464
0.534777
0.522139
0.52119
0.518293
0.520931
0.521209
0.501356
0.521657
0.518525
0.533328
0.519408
0.513156
0.528724
0.532866
0.516507
0.517324
0.517842
0.530043
0.51819
0.518279
0.514577
0.530549
0.516212
0.518359
0.520079
0.521223
0.518363
0.539042
0.518561
0.525182
0.540883
0.520508
0.520759
0.522502
0.531392
0.517301
0.519125
0.522079
0.521438
0.520578
0.527371
0.522296
0.518119
0.532538
0.527568
0.521008
0.513565
0.513991
0.530396
0.515291
0.520665
0.516226
0.518886
0.521077
0.519889
0.519739
0.505709
0.500413
0.515696
0.514397
0.519709
0.519616
0.520973
0.540195
0.522625
0.547871
0.53476
0.52354
0.524921
0.523079
0.531762
0.519673
0.504561
0.520669
0.519061
0.546319
0.525305
0.513397
0.519629
0.520298
0.512235
0.526144
0.53124
0.525289
0.519941
0.53636
0.531158
0.521973
0.551851
0.573568
0.523759
0.518931
0.543536
0.521545
0.519873
0.531309
0.521762
0.511805
0.515845
0.539957
0.524229
0.546046
0.520006
0.531036
0.538112
0.52264
0.533681
0.538465
0.52021
0.520893
0.537069
0.54071
0.546044
0.518095
0.51931
0.551912
0.529378
0.518252
0.514259
0.518663
0.544241
0.527113
0.520554
0.515469
0.558545
0.519897
0.517544
0.528692
0.516812
0.523297
0.516353
0.544603
0.518876
0.534789
0.541002
0.520102
0.520611
0.525771
0.5307
0.532416
0.550094
0.534211
0.548253
0.520736
0.521492
0.536457
0.52114
0.541465
0.520223
0.535438
0.521724
0.520195
0.552558
0.534862
0.521118
0.538095
0.497654
0.515464
0.541373
0.523178
0.524911
0.532036
0.525524
0.519225
0.522953
0.534088
0.556187
0.506495
0.522078
0.522591
0.522615
0.522035
0.538696
0.548171
0.520991
0.514395
0.522345
0.543609
0.509379
0.521095
0.516601
0.517441
0.539834
0.530243
0.522061
0.526556
0.502824
0.551787
0.521556
0.547275
0.521276
0.532702
0.511987
0.526301
0.528514
0.523652
0.548172
0.522138
0.524117
0.524272
0.539742
0.519865
0.538075
0.508919
0.522418
0.524043
0.537574
0.537273
0.519317
0.537853
0.520649
0.53676
0.536164
0.52928
0.518224
0.530653
0.539274
0.535069
0.520876
0.537346
0.530279
0.534385
0.522315
0.518382
0.52052
0.517189
0.550476
0.523632
0.5139
0.526137
0.539494
0.516145
0.532943
0.546918
0.51694
0.520257
0.535174
