0.520144
0.518113
0.519058
0.513639
0.525555
0.523705
0.507294
0.516793
0.522332
0.517946
0.517236
0.512469
0.521108
0.528884
0.54189
0.525969
0.524742
0.521776
0.522084
0.518907
0.519954
0.519658
0.52074
0.5203
0.519301
0.508531
0.541424
0.52238
0.531311
0.538106
0.524584
0.508184
0.519652
0.513342
0.520293
0.519344
0.520434
0.524364
0.526453
0.519359
0.520143
0.547387
0.564465
0.511837
0.520668
0.520869
0.567903
0.549118
0.543199
0.533778
0.518172
0.522192
0.553673
0.553775
0.519084
0.517987
0.520575
0.522833
0.52603
0.522998
0.562566
0.517381
0.534154
0.518973
0.51498
0.516009
0.522501
0.522785
0.523055
0.520537
0.529514
0.511204
0.510101
0.534852
0.539617
0.515655
0.506511
0.508276
0.50906
0.526841
0.532205
0.521452
0.524076
0.521763
0.520876
0.56445
0.553432
0.553184
0.547095
0.538037
0.516775
0.521402
0.521738
0.521513
0.555382
0.552644
0.521775
0.5219
0.522927
0.520558
0.519683
0.519965
0.556819
0.546249
0.518132
0.524594
0.522223
0.504487
0.508308
0.507336
0.521159
0.530665
0.520518
0.51982
0.515309
0.51918
0.520648
0.520016
0.520527
0.537974
0.52268
0.518966
0.520851
0.521793
0.522602
0.539771
0.548278
0.5458
0.522964
0.535777
0.529985
0.543127
0.533975
0.521126
0.517834
0.510844
0.540873
0.521273
0.522597
0.520782
0.519477
0.551331
0.514556
0.522547
0.525152
0.521401
0.521172
0.520648
0.520757
0.521486
0.522126
0.513231
0.51571
0.548109
0.544785
0.547933
0.542373
0.510983
0.514473
0.521366
0.522667
0.523124
0.521237
0.512878
0.507829
0.51988
0.519698
0.541009
0.531272
0.52399
0.535571
0.532067
0.529432
0.525037
0.537497
0.530625
0.522228
0.521634
0.520543
0.519676
0.529751
0.56137
0.520778
0.521348
0.538012
0.537469
0.5127
0.527072
0.5209
0.508589
0.512533
0.523848
0.532229
0.531977
0.509453
0.508389
0.519203
0.520621
0.519101
0.516388
0.516134
0.522102
0.522225
0.515025
0.521017
0.519723
0.540743
0.514336
0.522246
0.517751
0.515248
0.517978
0.555956
0.54695
0.560297
0.530331
0.542084
0.546285
0.555359
0.553905
0.526797
0.562487
0.561629
0.55193
0.52451
0.525486
0.527347
0.517996
0.5124
0.50865
0.513275
0.525716
0.54647
0.530543
0.537587
0.53342
0.532371
0.557752
0.541039
0.563973
0.52196
0.520642
0.520307
0.517587
0.536738
0.537849
0.545832
0.53461
0.522082
0.546359
0.535608
0.531646
0.543084
0.533876
0.525347
0.527835
0.543789
0.530692
0.524962
0.534807
0.521116
0.51846
0.522094
0.539566
0.506849
0.511625
0.505367
0.507164
0.523601
0.535815
0.522708
0.520982
0.51905
0.522516
0.521044
0.524202
0.531489
0.530398
0.513974
0.526986
0.522425
0.557511
0.552038
0.530496
0.522783
0.527938
0.52905
0.524464
0.523039
0.541218
0.544726
0.536538
0.529332
0.525544
0.544752
0.527498
0.54412
0.545533
0.521328
0.521922
0.521883
0.517249
0.518937
0.571259
0.561762
0.55344
0.508134
0.513496
0.511753
0.529362
0.525604
0.516567
0.516843
0.53545
0.52941
0.522252
0.520484
0.517165
0.530566
0.523144
0.520854
0.511976
0.521199
0.54064
0.521965
0.550315
0.526893
0.549893
0.522263
0.521523
0.507979
0.509599
0.507474
0.509681
0.503925
0.52096
0.526779
0.538578
0.521437
0.522553
0.522163
0.529983
0.52124
0.505515
0.509063
0.511197
0.520789
0.543152
0.519453
0.523976
0.520751
0.537006
0.525429
0.534194
0.535253
0.522926
0.522682
0.520577
0.544418
0.534525
0.537272
0.519826
0.521977
0.539258
0.553925
0.553879
0.573749
0.553277
0.580298
0.519667
0.520996
0.53822
0.515702
0.515906
0.520894
0.508212
0.536952
0.526145
0.5279
0.52008
0.507037
0.521616
0.523787
0.525427
0.521775
0.522434
0.52745
0.523028
0.527399
0.529303
0.523734
0.517938
0.51884
0.521082
0.521023
0.521573
0.524573
0.521416
0.523502
0.523397
0.525222
0.521557
0.524199
0.536465
0.543316
0.529636
0.536596
0.543504
0.533693
0.52355
0.521352
0.522252
0.540907
0.524111
0.51817
0.518731
0.522027
0.532977
0.526374
0.52098
0.523551
0.522991
0.523216
0.569914
0.521478
0.520568
0.549813
0.524027
0.522639
0.52331
0.524041
0.523213
0.510249
0.507933
0.521021
0.522046
0.520718
0.520832
0.529121
0.526438
0.526452
0.513991
0.502407
0.515549
0.511597
0.509355
0.524198
0.519315
0.532171
0.547638
0.547285
0.519787
0.520676
0.515917
0.527948
0.518275
0.513146
0.512716
0.538131
0.529878
0.525804
0.519527
0.549017
0.522344
0.5226
0.536139
0.53192
0.520411
0.53991
0.512174
0.519691
0.52055
0.517581
0.524249
0.523661
0.516391
0.529497
0.539924
0.535832
0.517931
0.52334
0.520671
0.548676
0.565065
0.590136
0.520854
0.523566
0.548709
0.556472
0.54244
0.534856
0.553803
0.514569
0.521983
0.52231
0.519043
0.519409
0.523809
0.50663
0.511326
0.515077
0.521234
0.520661
0.521423
0.522032
0.513904
0.504557
0.540756
0.512421
0.522758
0.519757
0.51981
0.522751
0.525024
0.524636
0.516523
0.536701
0.524141
0.53195
0.526556
0.534379
0.509677
0.512257
0.51729
0.518406
0.527539
0.512057
0.516681
0.518741
0.513008
0.533213
0.540353
0.521501
0.525616
0.53588
0.526664
0.520163
0.518762
0.527455
0.536213
0.522496
0.522205
0.522206
0.547695
0.546907
0.526556
0.506353
0.512654
0.519244
0.522613
0.518988
0.518748
0.537882
0.533414
0.533421
0.521512
0.520924
0.53568
0.522277
0.522865
0.522479
0.522469
0.514376
0.539087
0.518122
0.537771
0.529775
0.520354
0.514998
0.550743
0.51491
0.522986
0.533272
0.532716
0.531372
0.519587
0.522623
0.534962
0.526616
0.515709
0.52222
0.524188
0.520084
0.522584
0.522604
0.520317
0.523425
0.526065
0.531181
0.540967
0.50953
0.515003
0.524112
0.52066
0.51983
0.517064
0.524616
0.521704
0.522134
0.519819
0.520206
0.523095
0.537722
0.536354
0.522063
0.525793
0.562374
0.523147
0.522394
0.523616
0.518222
0.517945
0.518422
0.509945
0.510598
0.524918
0.520544
0.517723
0.522087
0.52154
0.510508
0.518283
0.52357
0.520135
0.5176
0.517008
0.512808
0.516413
0.529562
0.538657
0.530915
0.524096
0.515075
0.531301
0.52929
0.521801
0.561338
0.517663
0.520192
0.512805
0.523248
0.524119
0.539611
0.520048
0.519933
0.512175
0.518857
0.519226
0.518937
0.519167
0.519593
0.53981
0.510407
0.521451
0.524333
0.52129
0.516633
0.552726
0.531637
0.523378
0.523764
0.515537
0.522158
0.522145
0.506007
0.551659
0.521071
0.535323
0.570747
0.547615
0.5205
0.535114
0.520735
0.526924
0.550174
0.521351
0.508644
0.507073
0.534367
0.520741
0.51901
0.537656
0.547145
0.545485
0.560882
0.53931
0.521757
0.521541
0.522225
0.522505
0.506688
0.521972
0.517364
0.522998
0.509156
0.511789
0.562008
0.572281
0.548455
0.522176
0.523933
0.523786
0.521927
0.51959
0.520004
0.501572
0.520296
0.538036
0.52114
0.52585
0.534363
0.527374
0.541745
0.520272
0.540891
0.522276
0.520835
0.522442
0.522251
0.551901
0.520725
0.522364
0.523065
0.522208
0.519585
0.519356
0.52952
0.521069
0.526919
0.524514
0.514776
0.520888
0.519159
0.524894
0.518592
0.519236
0.539953
0.542411
0.523056
0.542101
0.52904
0.523197
0.53386
0.532105
0.534719
0.54183
0.523327
0.526898
0.516048
0.548019
0.543549
0.548643
0.520409
0.518881
0.51709
0.522925
0.522044
0.520876
0.520715
0.520269
0.522581
0.519852
0.521142
0.52125
0.526554
0.518685
0.520844
0.521894
0.514683
0.522172
0.521394
0.528401
0.527137
0.527072
0.526062
0.524579
0.525958
0.527117
0.523059
0.549938
0.525365
0.551571
0.519116
0.520812
0.52153
0.52758
0.540801
0.519846
0.520315
0.538277
0.521111
0.532371
0.522651
0.522556
0.521254
0.520249
0.523923
0.524198
0.521235
0.521929
0.520292
0.519405
0.521502
0.51978
0.504744
0.502725
0.521436
0.521401
0.542915
0.519921
0.523023
0.523941
0.523641
0.533546
0.564563
0.53181
0.520841
0.520912
0.51898
0.519796
0.522071
0.510568
0.523841
0.541955
0.521942
0.521236
0.522102
0.524659
0.523903
0.554769
0.508411
0.54324
0.517736
0.52275
0.52213
0.536193
0.519967
0.536195
0.543783
0.549389
0.525515
0.524344
0.519075
0.522273
0.532508
0.532669
0.519971
0.508988
0.518594
0.537043
0.515929
0.517253
0.521102
0.520786
0.520918
0.521196
0.549259
0.542523
0.517918
0.520322
0.521403
0.533889
0.543729
0.522111
0.526648
0.520127
0.529777
0.527724
0.521024
0.520683
0.544126
0.56825
0.519862
0.518697
0.507191
0.523762
0.550181
0.54559
0.532713
0.510137
0.522944
0.523657
0.531083
0.553956
0.519706
0.532849
0.519256
0.513797
0.525803
0.51905
0.548904
0.549552
0.535459
0.540978
0.529565
0.523946
0.520917
0.514205
0.522404
0.519144
0.518123
0.515167
0.523228
0.511554
0.520276
0.51935
0.522267
0.563331
0.526589
0.523714
0.522114
0.522009
0.522061
0.523567
0.540287
0.519276
0.526544
0.533518
0.53323
0.527495
0.524822
0.532869
0.509777
0.519969
0.520104
0.523385
0.514249
0.521423
0.533007
0.519331
0.54225
0.561707
0.527139
0.511164
0.519341
0.520389
0.548018
0.538235
0.534481
0.513351
0.517491
0.545001
0.515824
0.525188
0.529647
0.553929
0.516107
0.539196
0.516121
0.524271
0.523617
0.521429
0.524855
0.510696
0.521918
0.518513
0.520384
0.525428
0.524591
0.520569
0.520179
0.520104
0.522356
0.521321
0.515919
0.517894
0.521214
0.520735
0.524314
0.566889
0.540289
0.541835
0.563278
0.527011
0.507837
0.539431
0.516508
0.524877
0.513643
0.520636
0.520744
0.52223
0.541104
0.524139
0.518476
0.510995
0.520905
0.521222
0.526098
0.510908
0.523136
0.513275
0.511652
0.536233
0.523244
0.522376
0.520234
0.515704
0.524786
0.525875
0.539914
0.520502
0.541147
0.539963
0.52359
0.519411
0.51168
0.523124
0.531938
0.516492
0.515247
0.521493
0.527172
0.530164
0.52472
0.530906
0.532778
0.535547
0.532056
0.519582
0.525638
0.507757
0.513605
0.517434
0.516788
0.538761
0.528279
0.55788
0.551454
0.531184
0.518688
0.561477
0.55423
0.545486
0.522482
0.518321
0.50903
0.536062
0.524128
0.553064
0.522603
0.524177
0.515769
0.520454
0.523082
0.525037
0.514026
0.518262
0.509295
0.520502
0.50551
0.522426
0.523117
0.521909
0.519013
0.507763
0.528993
0.509286
0.522102
0.518841
0.511681
0.52042
0.519529
0.541049
0.51067
0.516102
0.52439
0.523202
0.524852
0.524335
0.527045
0.530145
0.523779
0.548451
0.522548
0.522954
0.523732
0.567246
0.520679
0.542219
0.512632
0.514761
0.519151
0.517818
0.527338
0.509121
0.526138
0.509398
0.520837
0.52231
0.522532
0.544584
0.522355
0.521928
0.543156
0.522366
0.549808
0.514539
0.515435
0.51862
0.53035
0.523605
0.526165
0.517569
0.513423
0.51271
0.524624
0.521365
0.535612
0.507467
0.53515
0.545679
0.543471
0.521208
0.525146
0.519404
0.511895
0.524125
0.515554
0.53417
0.516167
0.540256
0.535303
0.524767
0.552435
0.523172
0.519664
0.507912
0.523245
0.522827
0.565805
0.522328
0.528269
0.519418
0.519968
0.516464
0.533433
0.520526
0.517374
0.50735
0.520584
0.518755
0.511954
0.513297
0.551603
0.527449
0.538742
0.528153
0.545426
0.540247
0.539646
0.519399
0.538389
0.546524
0.518921
0.512611
0.534508
0.520515
0.554274
0.514457
0.537628
0.518101
0.521771
0.505909
0.524038
0.521767
0.547228
0.541427
0.549518
0.534517
0.520869
0.524344
0.534586
0.534185
0.516064
0.520927
0.517062
0.516415
0.53458
0.514652
0.515711
0.523204
0.51548
0.545177
0.509052
0.507229
0.541102
0.530026
0.564954
0.520919
0.52104
0.518532
0.521369
0.521704
0.50411
0.537962
0.530872
0.516819
0.566266
0.515793
0.514674
0.520215
0.525328
0.525639
0.522362
0.522438
0.561332
0.518717
0.517489
0.532856
0.525846
0.519207
0.520936
0.517406
0.514138
0.520939
0.513345
0.516866
0.511087
0.516447
0.527801
0.532456
0.51613
0.521719
0.538242
0.519415
0.531182
0.548639
0.509666
0.537941
0.517717
0.53112
0.514371
0.516311
0.526426
0.507597
0.520571
0.530647
0.5167
0.516595
0.520025
0.520793
0.522378
0.505346
0.516093
0.514355
0.534212
0.522919
0.533001
0.532986
0.524093
0.52292
0.518299
0.52006
0.520835
0.520585
0.514521
0.522693
0.518598
0.530812
0.526553
0.524968
0.520271
0.518953
0.517888
0.523152
0.522272
0.520386
0.521379
0.521568
0.520677
0.520815
0.518826
0.508149
0.518514
0.521817
0.519965
0.556692
0.532819
0.520111
0.517297
0.517489
0.546263
0.5446
0.519362
0.521641
0.519032
0.54118
0.508996
0.513597
0.515686
0.513509
0.520422
0.521258
0.52439
0.5199
0.519024
0.523934
0.52056
0.520679
0.510054
0.52678
0.512769
0.517849
0.520084
0.521893
0.510175
0.511627
0.518439
0.520225
0.512468
0.518478
0.52277
0.522086
0.518149
0.522152
0.522107
0.518632
0.51484
0.519736
0.520537
0.499475
0.549631
0.544391
0.525274
0.527458
0.514432
0.525322
0.514197
0.508758
0.520301
0.520192
0.518444
0.520723
0.52154
0.531462
0.520315
0.522522
0.522583
0.519051
0.522429
0.527519
0.52212
0.521146
0.52069
0.520579
0.520817
0.541978
0.517497
0.527431
0.521671
0.554277
0.519989
0.512519
0.521052
0.521403
0.538081
0.539593
0.521303
0.522672
0.505252
0.520704
0.526969
0.523119
0.521235
0.537496
0.559222
0.544538
0.574433
0.540301
0.519475
0.535845
0.526057
0.532853
0.533971
0.554185
0.526915
0.51719
0.527777
0.536927
0.521119
0.530705
0.520236
0.522015
0.520619
0.529886
0.520276
0.535187
0.517523
0.521397
0.539842
0.522313
0.516209
0.518538
0.522106
0.518972
0.52067
0.521292
0.541345
0.510856
0.544188
0.520271
0.518595
0.522236
0.5299
0.526343
0.522977
0.534412
0.537593
0.521238
0.522606
0.52076
0.513653
0.523903
0.51944
0.522378
0.521202
0.534528
0.532593
0.518627
0.519522
0.513077
0.525779
0.534739
0.511755
0.521593
0.553272
0.522271
0.512979
0.520623
0.512282
0.550685
0.532482
0.521769
0.533915
0.531303
0.538339
0.523184
0.567187
0.528341
0.551751
0.540327
0.519038
0.520607
0.521405
0.526605
0.53318
0.554569
0.522323
0.521605
0.52953
0.49483
0.519742
0.523312
0.51985
0.517823
0.522049
0.52036
0.517242
0.520312
0.524542
0.519948
0.525682
0.527305
0.512978
0.536046
0.543619
0.525848
0.539351
0.535039
0.521482
0.541903
0.542796
0.546157
0.51193
0.524069
0.518843
0.520806
0.52172
0.542407
0.5177
0.509694
0.520585
0.519971
0.520528
0.519248
0.550317
0.519156
0.521275
0.520296
0.521869
0.518571
0.526612
0.538898
0.530367
0.52047
0.55529
0.522765
0.532018
0.535639
0.521548
0.54117
0.534162
0.533228
0.533407
0.537413
0.523386
0.520086
0.516954
0.518305
0.507763
0.519489
0.515799
0.542937
0.521877
0.538777
0.511766
0.50889
0.539822
0.519025
0.537513
0.528483
0.539824
0.548626
0.527768
0.520507
0.535532
0.519478
0.52056
0.521442
0.522314
0.518624
0.546681
0.519602
0.539583
0.522713
0.550107
0.521042
0.537367
0.520212
0.522824
0.52298
0.532879
0.525017
0.526157
