0.520983
0.521886
0.519626
0.522207
0.521566
0.507806
0.510673
0.517541
0.517634
0.521886
0.525317
0.516976
0.519354
0.522027
0.575408
0.522706
0.525219
0.517974
0.563378
0.56637
0.523238
0.523142
0.524923
0.52351
0.524197
0.521467
0.52113
0.52172
0.52163
0.521376
0.521649
0.524718
0.523373
0.521885
0.514334
0.523864
0.548231
0.559296
0.52213
0.512003
0.516943
0.521672
0.521695
0.518367
0.519889
0.527877
0.520356
0.519818
0.541999
0.542806
0.535958
0.521261
0.519444
0.541277
0.515293
0.537107
0.533915
0.537478
0.521418
0.554945
0.559262
0.548504
0.530578
0.517043
0.517069
0.516966
0.509353
0.519778
0.519318
0.520567
0.520466
0.523687
0.513201
0.511271
0.517009
0.517669
0.52107
0.522956
0.532223
0.52873
0.521624
0.521554
0.519111
0.518931
0.515237
0.515656
0.51922
0.530998
0.531128
0.517972
0.520478
0.511138
0.548455
0.540101
0.523903
0.519403
0.510015
0.509632
0.509771
0.513121
0.518017
0.519013
0.516798
0.519097
0.523928
0.520476
0.522324
0.559584
0.520043
0.521905
0.552312
0.521797
0.522803
0.520179
0.530711
0.522927
0.521799
0.602873
0.56214
0.531374
0.519982
0.519679
0.521097
0.521045
0.521054
0.520342
0.545212
0.55231
0.513181
0.522894
0.524388
0.523156
0.532579
0.520359
0.528784
0.529544
0.516758
0.517389
0.521582
0.523295
0.51798
0.520309
0.520629
0.519945
0.545225
0.521058
0.522632
0.522133
0.521482
0.521381
0.521822
0.520922
0.522588
0.520431
0.520693
0.525061
0.533139
0.555844
0.520529
0.521126
0.505865
0.511173
0.522451
0.52192
0.522687
0.521223
0.52805
0.523055
0.518794
0.520407
0.523506
0.523069
0.521275
0.521788
0.539638
0.533211
0.528152
0.528445
0.535771
0.529269
0.567961
0.517599
0.528626
0.527792
0.522941
0.522098
0.518891
0.516938
0.517049
0.526863
0.532874
0.524975
0.516804
0.521142
0.524811
0.524633
0.519162
0.51944
0.523741
0.521315
0.520172
0.522572
0.521139
0.521205
0.526478
0.523864
0.518922
0.521832
0.520761
0.519795
0.519991
0.522429
0.522581
0.544134
0.539019
0.540353
0.517884
0.516954
0.517725
0.509107
0.520419
0.520543
0.518272
0.52122
0.520025
0.521047
0.519768
0.523398
0.521185
0.515828
0.519367
0.519407
0.518777
0.523922
0.525093
0.524759
0.525252
0.521264
0.522159
0.519613
0.520822
0.520363
0.522195
0.528955
0.522656
0.531829
0.519836
0.523699
0.522231
0.521376
0.555365
0.534773
0.52677
0.53404
0.533629
0.543553
0.531231
0.541315
0.542843
0.544848
0.548563
0.520089
0.519728
0.521858
0.527176
0.53701
0.52407
0.519113
0.520138
0.525139
0.550938
0.523096
0.538526
0.519327
0.517991
0.528569
0.541745
0.512825
0.51537
0.559115
0.531392
0.520395
0.519876
0.519286
0.517866
0.525731
0.550426
0.553444
0.512622
0.517324
0.523005
0.524081
0.520984
0.518532
0.526042
0.519567
0.538861
0.54898
0.52316
0.525423
0.526379
0.52624
0.524694
0.524913
0.517264
0.516328
0.527562
0.529615
0.524065
0.5161
0.537443
0.531699
0.541074
0.549226
0.537483
0.527835
0.527004
0.540392
0.532788
0.54582
0.540177
0.525894
0.535459
0.540341
0.530753
0.53352
0.534009
0.543949
0.5434
0.52238
0.518172
0.522641
0.522109
0.521069
0.522935
0.52125
0.541184
0.519225
0.516356
0.513992
0.51462
0.520243
0.531428
0.51096
0.522569
0.549141
0.522777
0.521203
0.512379
0.516508
0.515901
0.52285
0.520585
0.518482
0.523342
0.526694
0.519462
0.50849
0.5224
0.521252
0.512468
0.581613
0.512326
0.511757
0.508559
0.522244
0.52277
0.54415
0.529356
0.519836
0.519139
0.521295
0.520702
0.520836
0.521738
0.51827
0.521965
0.520437
0.522504
0.522116
0.520663
0.520014
0.522039
0.566061
0.520978
0.521955
0.520508
0.529792
0.527724
0.514922
0.537969
0.534354
0.523348
0.51909
0.507422
0.514285
0.52073
0.536429
0.52995
0.528843
0.52284
0.525329
0.514561
0.519469
0.535732
0.520086
0.539253
0.519341
0.500746
0.534004
0.511742
0.508925
0.556918
0.542629
0.523891
0.528217
0.523246
0.509712
0.523726
0.552321
0.530987
0.52316
0.524313
0.520029
0.522096
0.526648
0.521271
0.520643
0.52865
0.518354
0.518614
0.521811
0.521443
0.524985
0.527244
0.518574
0.544199
0.53906
0.519713
0.519298
0.551552
0.529972
0.520351
0.524301
0.52011
0.537169
0.542116
0.518735
0.518737
0.523836
0.523833
0.523173
0.522168
0.522738
0.524251
0.528414
0.516398
0.509088
0.523328
0.523204
0.522994
0.539422
0.520706
0.513054
0.515795
0.523231
0.522093
0.523554
0.5333
0.516171
0.521261
0.521995
0.546117
0.520116
0.524644
0.526953
0.511869
0.51461
0.518655
0.546066
0.527935
0.527562
0.529652
0.548065
0.53795
0.524598
0.544977
0.532229
0.525021
0.522761
0.521308
0.521167
0.558932
0.521482
0.520571
0.562191
0.521499
0.52166
0.526677
0.520499
0.516899
0.51919
0.517048
0.540366
0.538471
0.522714
0.509337
0.513683
0.551858
0.541874
0.520168
0.531437
0.526648
0.52229
0.52974
0.531927
0.519903
0.523127
0.534102
0.520466
0.523739
0.527367
0.522509
0.519636
0.52215
0.514053
0.518842
0.517969
0.521125
0.522032
0.520086
0.52035
0.521089
0.520944
0.518846
0.520189
0.573433
0.520071
0.51802
0.514783
0.536128
0.533671
0.523403
0.524604
0.521378
0.514377
0.516604
0.535728
0.518218
0.52706
0.519308
0.531962
0.522084
0.522825
0.551271
0.546243
0.532123
0.521266
0.519242
0.519997
0.519603
0.557342
0.52213
0.514291
0.518379
0.522231
0.53922
0.534829
0.550975
0.518719
0.522899
0.553797
0.552423
0.517766
0.519415
0.519421
0.532315
0.535739
0.533956
0.519564
0.51349
0.540578
0.533782
0.532684
0.529753
0.520325
0.521404
0.512475
0.520177
0.514299
0.521486
0.51629
0.523712
0.520103
0.522845
0.522447
0.524888
0.523657
0.519701
0.559946
0.526959
0.529258
0.522966
0.520026
0.52033
0.519923
0.536898
0.541536
0.524643
0.525789
0.511024
0.513687
0.524635
0.521921
0.526781
0.522313
0.520734
0.519564
0.519122
0.518735
0.51242
0.519827
0.521478
0.53825
0.518032
0.519279
0.523475
0.52491
0.521605
0.524473
0.51968
0.519228
0.523924
0.521072
0.523369
0.522414
0.531257
0.517938
0.518722
0.529593
0.51925
0.53688
0.537295
0.528611
0.524733
0.527638
0.519256
0.520432
0.521057
0.530787
0.533961
0.544284
0.520973
0.522475
0.560627
0.521989
0.519461
0.51602
0.544414
0.527019
0.520443
0.519682
0.519915
0.520292
0.518871
0.523253
0.522183
0.51336
0.519779
0.518871
0.51908
0.519745
0.541549
0.524798
0.526012
0.513914
0.517774
0.522429
0.519716
0.529371
0.531071
0.521069
0.541758
0.522388
0.527323
0.510781
0.515302
0.549146
0.542672
0.513613
0.514967
0.525212
0.522231
0.509877
0.515298
0.513182
0.523251
0.522767
0.509478
0.539334
0.517261
0.520978
0.552106
0.526579
0.520568
0.527762
0.528694
0.553512
0.516419
0.515441
0.522884
0.5239
0.525161
0.52262
0.524583
0.523638
0.518587
0.519037
0.522985
0.525157
0.5213
0.521649
0.5097
0.512664
0.530686
0.512767
0.520629
0.520184
0.514476
0.515558
0.553954
0.527468
0.519749
0.511866
0.520446
0.515174
0.520977
0.533537
0.559241
0.53098
0.548367
0.519605
0.521532
0.521799
0.520137
0.516987
0.518279
0.51712
0.507005
0.517221
0.518695
0.532421
0.540923
0.520945
0.52075
0.520614
0.521909
0.519779
0.531679
0.528804
0.563049
0.549355
0.522165
0.520396
0.519817
0.521943
0.553096
0.522578
0.519794
0.519347
0.523018
0.547437
0.520259
0.532766
0.521063
0.521848
0.516716
0.519833
0.519675
0.57052
0.569727
0.521541
0.521679
0.523965
0.522759
0.524674
0.52165
0.520744
0.521399
0.52862
0.518458
0.522418
0.556187
0.538987
0.52276
0.539667
0.511427
0.515455
0.514075
0.530588
0.531679
0.522668
0.52293
0.526647
0.519062
0.527463
0.521812
0.537108
0.520865
0.51899
0.55701
0.538643
0.529286
0.52071
0.541281
0.519056
0.519313
0.53709
0.546932
0.520388
0.519819
0.53465
0.523622
0.55612
0.528803
0.523949
0.52278
0.521337
0.521071
0.526604
0.522366
0.519708
0.549384
0.51049
0.512058
0.544989
0.519892
0.548302
0.520119
0.537487
0.521565
0.549452
0.521064
0.522894
0.521728
0.520121
0.543668
0.520372
0.552319
0.516599
0.529319
0.520314
0.54569
0.531291
0.519849
0.507269
0.51087
0.508775
0.536181
0.54202
0.512567
0.510203
0.516598
0.531933
0.519771
0.514865
0.503887
0.558248
0.53321
0.519199
0.55305
0.509125
0.528111
0.546155
0.520948
0.521266
0.511831
0.545161
0.519826
0.50944
0.532231
0.529794
0.520528
0.521905
0.577901
0.508446
0.515477
0.517624
0.524871
0.55459
0.518368
0.520178
0.517672
0.517813
0.553556
0.52175
0.519128
0.514955
0.50883
0.530393
0.529166
0.511938
0.527161
0.532946
0.547498
0.54652
0.515697
0.52562
0.523666
0.53796
0.535271
0.509485
0.51922
0.517184
0.518627
0.503163
0.537285
0.560265
0.520988
0.517941
0.527674
0.518237
0.519996
0.519688
0.522425
0.522576
0.521571
0.522874
0.521193
0.51935
0.526502
0.541218
0.54945
0.520297
0.52384
0.526919
0.518939
0.52087
0.525948
0.50489
0.515708
0.523879
0.544651
0.521153
0.532136
0.523313
0.499042
0.556014
0.522048
0.508833
0.519382
0.555001
0.547657
0.521141
0.522902
0.516965
0.521663
0.521071
0.528828
0.51867
0.538332
0.506634
0.554783
0.544283
0.519521
0.518756
0.527264
0.550333
0.512176
0.537722
0.520139
0.521607
0.51978
0.51851
0.52371
0.56076
0.561928
0.528873
0.526709
0.519873
0.523614
0.511018
0.534327
0.51461
0.511732
0.527482
0.535172
0.522489
0.505601
0.514562
0.519819
0.522801
0.530125
0.515002
0.528166
0.521362
0.523418
0.523699
0.521018
0.525803
0.509618
0.534496
0.5149
0.52284
0.528025
0.52444
0.537842
0.548096
0.533708
0.526665
0.524111
0.52356
0.510811
0.521922
0.519775
0.515917
0.536237
0.53837
0.529944
0.520859
0.506355
0.521265
0.522769
0.557331
0.523685
0.513203
0.525532
0.538504
0.532062
0.519549
0.517242
0.519384
0.531762
0.526937
0.515031
0.519114
0.518082
0.520437
0.532548
0.52166
0.52227
0.551121
0.548249
0.51458
0.523408
0.520682
0.515287
0.523829
0.514383
0.506766
0.527754
0.567048
0.551506
0.522127
0.524747
0.513997
0.520908
0.521793
0.520814
0.544784
0.522728
0.511107
0.553864
0.523714
0.524505
0.537982
0.52114
0.519371
0.521426
0.520935
0.521714
0.51051
0.517457
0.538629
0.538025
0.516475
0.521466
0.521031
0.513363
0.518631
0.516037
0.536413
0.520153
0.519482
0.519931
0.510172
0.510318
0.523322
0.535357
0.529315
0.531322
0.540666
0.531194
0.510273
0.550685
0.540772
0.513098
0.551
0.555593
0.535806
0.547455
0.516984
0.514518
0.514784
0.554387
0.554007
0.514047
0.55593
0.520255
0.556522
0.515215
0.512642
0.556141
0.51224
0.532549
0.522973
0.519246
0.513941
0.54772
0.522466
0.523099
0.503791
0.511407
0.514511
0.51802
0.532126
0.508184
0.508238
0.509838
0.537705
0.537106
0.52602
0.515612
0.538222
0.519138
0.519836
0.52276
0.513851
0.520938
0.518274
0.52756
0.543537
0.515172
0.536923
0.510686
0.531068
0.533946
0.520901
0.523234
0.521014
0.506819
0.540373
0.521857
0.519247
0.556408
0.528105
0.528622
0.517471
0.520076
0.517227
0.522767
0.507609
0.537397
0.536457
0.513437
0.507849
0.528244
0.510327
0.50713
0.522237
0.544948
0.564995
0.513771
0.54039
0.54557
0.55525
0.538831
0.509602
0.508717
0.523046
0.51743
0.518777
0.550862
0.517966
0.532171
0.509351
0.522865
0.520829
0.519964
0.522908
0.522554
0.53897
0.539971
0.55632
0.52524
0.537225
0.518696
0.521857
0.515755
0.520995
0.518364
0.534182
0.515716
0.517056
0.520713
0.521546
0.515271
0.506796
0.518771
0.521109
0.521622
0.524242
0.526876
0.517794
0.524631
0.519861
0.520046
0.517442
0.51855
0.533814
0.517832
0.524667
0.52882
0.513399
0.516593
0.515174
0.54275
0.533349
0.555556
0.521193
0.527525
0.515124
0.52083
0.528109
0.518576
0.524005
0.524127
0.554137
0.519771
0.523204
0.523161
0.529392
0.520078
0.525328
0.530023
0.523847
0.53748
0.54061
0.515846
0.522975
0.522396
0.52148
0.53274
0.532747
0.501454
0.526243
0.523046
0.529219
0.517552
0.521144
0.518034
0.521657
0.512754
0.521834
0.531578
0.538044
0.511038
0.556498
0.506107
0.51229
0.486985
0.523344
0.512348
0.521798
0.539976
0.519578
0.53527
0.527411
0.526184
0.518323
0.520514
0.521204
0.521223
0.529904
0.51746
0.520732
0.511772
0.503911
0.519647
0.521558
0.520581
0.529115
0.518909
0.531111
0.531643
0.534817
0.515015
0.517706
0.52096
0.528392
0.531816
0.521894
0.519404
0.520459
0.525185
0.511725
0.537882
0.543032
0.523073
0.522445
0.518953
0.517453
0.547672
0.518968
0.52302
0.518155
0.521017
0.518749
0.519742
0.522854
0.520093
0.518734
0.518468
0.515963
0.5175
0.513835
0.52131
0.521806
0.521775
0.517629
0.524564
0.521676
0.521762
0.516032
0.511683
0.517175
0.527871
0.527404
0.50012
0.515557
0.52196
0.537378
0.502418
0.517112
0.520966
0.520973
0.51916
0.519928
0.521327
0.520168
0.521291
0.515923
0.52009
0.536264
0.535836
0.538149
0.513664
0.538349
0.530336
0.526486
0.519381
0.527487
0.521934
0.51931
0.510106
0.520006
0.51931
0.521767
0.527207
0.521142
0.519731
0.526645
0.522621
0.527505
0.518297
0.516329
0.521287
0.52194
0.518157
0.512821
0.548895
0.524417
0.538648
0.522095
0.517095
0.524971
0.530531
0.523804
0.523942
0.522914
0.526762
0.534107
0.521512
0.531127
0.539533
0.521328
0.532682
0.522619
0.520893
0.497015
0.5184
0.51796
0.535594
0.541638
0.558146
0.521386
0.521062
0.525688
0.537356
0.521493
0.539097
0.521511
0.521592
0.520953
0.532827
0.54724
0.531456
0.523172
0.519883
0.513441
0.528852
0.546475
0.520609
0.520149
0.516419
0.530847
0.539957
0.52733
0.538942
0.532657
0.544821
0.513291
0.52207
0.523186
0.536932
0.520479
0.521362
0.548533
0.522976
0.552818
0.520305
0.525256
0.520084
0.521136
0.518074
0.522989
0.51927
0.52252
0.521038
0.533425
0.520386
0.515254
0.532539
0.520134
0.53102
0.523966
0.522251
0.517188
0.606429
0.533687
0.543069
0.523259
0.520986
0.516589
0.527063
0.56702
0.525477
0.521862
0.520835
0.518357
0.53047
0.518701
0.542586
0.537735
0.517856
0.519748
0.524851
0.550664
0.52414
0.536613
0.520421
0.545095
0.522167
0.530346
0.543171
0.532363
0.519887
0.519647
0.51952
0.516617
0.520095
0.526335
0.52349
0.523149
0.529123
0.535928
0.520728
0.518758
0.547671
0.542364
0.525054
0.538684
0.52237
0.53825
0.543053
0.527038
0.528423
0.521269
0.519437
0.517763
0.527306
0.516804
0.551014
0.519384
0.521736
0.514496
0.518706
0.522386
0.551885
0.536116
0.526083
0.519913
0.517016
0.521472
0.54718
0.520603
0.537543
0.523585
0.520047
0.540546
0.530258
0.54063
0.51983
0.520863
0.527037
0.521037
0.5198
0.519441
0.519321
0.520445
0.546633
0.562419
0.520549
0.52176
0.52216
0.529824
0.522406
0.527915
0.524627
0.520237
0.517967
0.527452
0.52153
0.522236
0.541403
0.519227
0.558409
0.545594
0.539393
0.522571
0.526262
0.53463
0.518537
0.539866
0.515502
0.530526
