0.526407
0.535577
0.520169
0.519731
0.549045
0.543226
0.533681
0.543878
0.516456
0.521776
0.506586
0.510911
0.513258
0.517468
0.515866
0.546912
0.54519
0.530573
0.522864
0.526968
0.521716
0.540145
0.554465
0.521833
0.521147
0.520724
0.525589
0.516641
0.512222
0.512805
0.51281
0.518609
0.511816
0.513411
0.520193
0.521873
0.520964
0.537872
0.518443
0.538523
0.54117
0.531046
0.522813
0.52312
0.522489
0.52288
0.521068
0.523847
0.522475
0.512745
0.509844
0.512578
0.521482
0.530506
0.525049
0.526423
0.516534
0.519624
0.516222
0.530019
0.533261
0.518212
0.518729
0.532576
0.523814
0.550261
0.532923
0.531512
0.518928
0.519287
0.518147
0.522827
0.521532
0.519592
0.519209
0.522213
0.532693
0.518818
0.519142
0.523505
0.522196
0.520508
0.51915
0.521574
0.524704
0.52539
0.523761
0.527754
0.532651
0.529975
0.523751
0.55076
0.560185
0.561759
0.520466
0.517745
0.516359
0.525008
0.526326
0.522598
0.520621
0.521804
0.520804
0.535733
0.557403
0.536082
0.521299
0.521871
0.521293
0.520301
0.521507
0.537091
0.533076
0.520071
0.521558
0.522653
0.520619
0.51841
0.519305
0.519758
0.520288
0.518929
0.518654
0.520634
0.521021
0.52056
0.520814
0.559255
0.51496
0.521432
0.533526
0.514581
0.511005
0.559542
0.551501
0.522383
0.521731
0.519428
0.519608
0.519309
0.521791
0.522416
0.521398
0.530575
0.521241
0.521903
0.521383
0.534498
0.528155
0.51997
0.520716
0.520648
0.520808
0.522803
0.529285
0.525595
0.526419
0.52319
0.527211
0.521772
0.520855
0.525624
0.509011
0.529804
0.521338
0.52254
0.551878
0.518778
0.528035
0.522984
0.527403
0.527219
0.531839
0.51936
0.51827
0.519185
0.517039
0.52603
0.551257
0.553799
0.548246
0.539602
0.53853
0.529052
0.528192
0.519382
0.543137
0.520769
0.520341
0.512829
0.529664
0.55914
0.544931
0.530733
0.541244
0.557219
0.553297
0.557726
0.520335
0.520373
0.553529
0.554016
0.519238
0.511556
0.517511
0.560337
0.51046
0.515986
0.514831
0.559833
0.520654
0.518013
0.530129
0.543343
0.531681
0.539272
0.511868
0.558587
0.520376
0.513368
0.51199
0.511781
0.514451
0.513897
0.561351
0.517561
0.518195
0.50798
0.510741
0.548928
0.544679
0.521542
0.522924
0.520517
0.523394
0.518962
0.524686
0.523132
0.523002
0.522061
0.533201
0.522624
0.522195
0.519557
0.51942
0.522804
0.523867
0.522917
0.524127
0.531661
0.524333
0.516659
0.507586
0.509926
0.523699
0.529845
0.50845
0.508662
0.521319
0.516272
0.519954
0.519775
0.520502
0.533425
0.537464
0.519861
0.521838
0.552833
0.551293
0.503693
0.518251
0.521059
0.533436
0.548246
0.544344
0.531184
0.517195
0.522095
0.520249
0.519453
0.520109
0.525465
0.529267
0.526945
0.526429
0.535153
0.526094
0.524308
0.523769
0.529691
0.549742
0.533725
0.519819
0.519267
0.543944
0.518374
0.519663
0.535178
0.521998
0.524241
0.520633
0.536536
0.522412
0.522201
0.52029
0.521726
0.514755
0.520405
0.519628
0.546217
0.533735
0.523689
0.530487
0.520291
0.519841
0.5242
0.522982
0.522398
0.525536
0.525172
0.527271
0.510407
0.529258
0.526435
0.529453
0.531835
0.538884
0.515419
0.523773
0.538366
0.517249
0.53739
0.543683
0.518152
0.515771
0.522281
0.523351
0.517605
0.51278
0.516893
0.539121
0.517449
0.522985
0.525255
0.523155
0.520521
0.523959
0.514768
0.514523
0.522615
0.520288
0.52131
0.542646
0.523704
0.528393
0.51636
0.515511
0.536347
0.51431
0.525826
0.530589
0.521741
0.520488
0.521708
0.52385
0.543545
0.545525
0.513484
0.526478
0.519764
0.519491
0.533756
0.532653
0.521886
0.580947
0.563284
0.514251
0.512745
0.51397
0.538169
0.528818
0.521042
0.521977
0.55059
0.541052
0.521697
0.52328
0.535186
0.526368
0.518646
0.508009
0.533686
0.506945
0.511499
0.509646
0.514203
0.548378
0.520922
0.521415
0.523773
0.554186
0.540938
0.544034
0.566951
0.55519
0.528901
0.533206
0.513525
0.524027
0.523023
0.52166
0.522675
0.533948
0.539211
0.510971
0.510101
0.51226
0.511995
0.51152
0.524087
0.532489
0.506792
0.53152
0.528651
0.517042
0.55043
0.522422
0.513977
0.521688
0.5213
0.520383
0.523323
0.523231
0.523094
0.505969
0.523934
0.53038
0.518871
0.523869
0.517124
0.525968
0.522075
0.518338
0.5126
0.515646
0.511812
0.519707
0.522082
0.521387
0.50987
0.55669
0.521454
0.515378
0.544599
0.558094
0.545054
0.52136
0.521035
0.522023
0.506725
0.510052
0.520742
0.52038
0.520621
0.524808
0.522399
0.517635
0.522228
0.519409
0.541805
0.55512
0.523022
0.531293
0.526827
0.541438
0.53578
0.509471
0.510787
0.506552
0.508055
0.510131
0.54533
0.509961
0.518581
0.520173
0.514791
0.5191
0.517514
0.51847
0.517041
0.517073
0.524091
0.529449
0.532883
0.521744
0.525586
0.548359
0.540305
0.519539
0.516201
0.519882
0.507517
0.53925
0.521928
0.520445
0.535023
0.534212
0.548521
0.559772
0.52586
0.517655
0.517769
0.518602
0.544692
0.528671
0.522653
0.568856
0.510744
0.520062
0.520265
0.52321
0.516598
0.52344
0.544955
0.535479
0.514309
0.516906
0.513983
0.522878
0.518671
0.51921
0.548615
0.551148
0.519359
0.523653
0.524205
0.524916
0.521815
0.524521
0.526366
0.524984
0.520489
0.516988
0.51626
0.522384
0.523332
0.522959
0.561456
0.520421
0.507614
0.544468
0.520057
0.52101
0.519646
0.517943
0.507334
0.510337
0.522005
0.521804
0.521091
0.518717
0.521711
0.522289
0.544789
0.516471
0.515843
0.516623
0.520264
0.519315
0.519788
0.520314
0.510145
0.534027
0.56206
0.556001
0.558975
0.539565
0.522683
0.519931
0.545468
0.508059
0.510413
0.518361
0.512184
0.522417
0.51277
0.518927
0.524543
0.517887
0.517044
0.517519
0.522924
0.525289
0.529973
0.52026
0.520787
0.521123
0.525815
0.520886
0.515229
0.514987
0.54677
0.521627
0.538142
0.516993
0.527503
0.538251
0.528929
0.527955
0.537735
0.52036
0.531578
0.521774
0.520869
0.538122
0.52412
0.519732
0.526782
0.521388
0.521381
0.523547
0.514588
0.530918
0.519602
0.523018
0.531551
0.523275
0.511022
0.52382
0.522471
0.529853
0.516396
0.52181
0.51933
0.521041
0.527231
0.541564
0.539141
0.540373
0.523097
0.52323
0.512651
0.509285
0.527794
0.522593
0.515158
0.515506
0.523836
0.553059
0.516585
0.556299
0.524325
0.564769
0.559144
0.513156
0.522389
0.520822
0.515002
0.523085
0.532256
0.514974
0.522024
0.520046
0.543912
0.537902
0.53486
0.513431
0.510089
0.513102
0.517151
0.516158
0.518588
0.517889
0.518435
0.533767
0.533556
0.52141
0.521056
0.530213
0.52668
0.524045
0.526891
0.513659
0.526181
0.548634
0.561037
0.512725
0.51943
0.531491
0.520648
0.522018
0.522843
0.523546
0.559763
0.539564
0.541212
0.53282
0.564208
0.549911
0.508358
0.526956
0.521618
0.521037
0.524508
0.53255
0.557424
0.556617
0.531275
0.533011
0.520099
0.520195
0.54501
0.515796
0.517749
0.521004
0.519898
0.520731
0.537728
0.520723
0.509492
0.515657
0.511186
0.52661
0.526228
0.529766
0.528286
0.511483
0.514703
0.519997
0.519229
0.516436
0.530623
0.53136
0.51587
0.513835
0.515431
0.543469
0.541481
0.530413
0.519598
0.519944
0.520049
0.520708
0.521342
0.547739
0.556154
0.522466
0.548383
0.524497
0.516545
0.52272
0.552286
0.534453
0.51596
0.546792
0.550283
0.518117
0.52623
0.524468
0.532566
0.522854
0.52134
0.549763
0.520829
0.526625
0.569026
0.570282
0.513401
0.528602
0.525321
0.526283
0.512553
0.528024
0.520194
0.521271
0.520648
0.52074
0.539465
0.520733
0.520967
0.521515
0.519506
0.516594
0.530458
0.519939
0.523749
0.510834
0.537573
0.531337
0.516407
0.520598
0.520202
0.523817
0.513659
0.557956
0.552704
0.521631
0.523094
0.578629
0.522246
0.521366
0.517062
0.517403
0.522229
0.523325
0.548231
0.548383
0.519296
0.522113
0.531847
0.55577
0.538333
0.560011
0.546927
0.51981
0.522386
0.521993
0.520486
0.520192
0.522129
0.519526
0.542273
0.53977
0.531581
0.517346
0.51999
0.521984
0.521669
0.522781
0.520076
0.50782
0.560172
0.543098
0.51461
0.519608
0.521998
0.524942
0.530967
0.531984
0.52167
0.514806
0.519751
0.519972
0.532243
0.547168
0.548243
0.513969
0.532319
0.540413
0.520252
0.512644
0.513229
0.523234
0.550581
0.527637
0.529141
0.549245
0.511141
0.519218
0.520709
0.531257
0.528879
0.562289
0.571367
0.511103
0.513608
0.523066
0.511872
0.515782
0.525763
0.525833
0.527052
0.508645
0.518665
0.518846
0.525234
0.54028
0.527048
0.526102
0.524876
0.539154
0.535071
0.544447
0.546461
0.522844
0.516572
0.528843
0.529866
0.554987
0.527416
0.505137
0.518543
0.520448
0.51924
0.519888
0.547472
0.522113
0.527761
0.522637
0.523245
0.514909
0.519247
0.535568
0.52899
0.526107
0.52912
0.535232
0.520857
0.52007
0.519954
0.518181
0.528037
0.52711
0.526888
0.529468
0.524132
0.535843
0.522464
0.519542
0.517829
0.566352
0.542151
0.545678
0.521398
0.519869
0.524563
0.522664
0.546179
0.530964
0.530975
0.513999
0.520659
0.512774
0.515531
0.518436
0.52224
0.522003
0.535612
0.520592
0.521173
0.545678
0.538847
0.521525
0.52017
0.522862
0.519919
0.519054
0.519484
0.529728
0.516041
0.514389
0.535364
0.51208
0.553222
0.519242
0.525849
0.519427
0.532672
0.521111
0.558202
0.510923
0.519173
0.541344
0.520292
0.520509
0.510298
0.513824
0.51268
0.516647
0.505237
0.51957
0.517868
0.537185
0.532598
0.520517
0.51629
0.578965
0.541113
0.51639
0.558232
0.518986
0.520466
0.521436
0.514711
0.521748
0.521761
0.520806
0.539665
0.550192
0.520768
0.544602
0.520477
0.529258
0.522007
0.520872
0.520787
0.52056
0.521764
0.533414
0.519107
0.540016
0.523696
0.519154
0.500837
0.519722
0.532603
0.505794
0.505306
0.520171
0.535894
0.523057
0.526939
0.531055
0.523541
0.574874
0.529482
0.521017
0.519452
0.540939
0.528368
0.51927
0.520991
0.519713
0.541905
0.518043
0.532056
0.554634
0.511203
0.504345
0.521657
0.523832
0.521638
0.531969
0.513161
0.521733
0.521243
0.5283
0.51976
0.526209
0.520979
0.523719
0.508034
0.535622
0.518872
0.513514
0.533344
0.530719
0.520996
0.525122
0.556531
0.522193
0.522969
0.520896
0.520599
0.504784
0.546752
0.518655
0.520768
0.536801
0.531337
0.542251
0.51096
0.520728
0.516271
0.51151
0.520157
0.533407
0.52708
0.533957
0.557684
0.516453
0.514569
0.52064
0.520567
0.516802
0.520304
0.535825
0.532592
0.508931
0.516153
0.520508
0.532403
0.543737
0.522512
0.523005
0.520246
0.515074
0.511857
0.519685
0.522117
0.521024
0.519924
0.520789
0.52495
0.517467
0.520156
0.521843
0.519091
0.519071
0.521829
0.530863
0.503609
0.533785
0.533158
0.518995
0.520769
0.514902
0.52062
0.526108
0.522882
0.514558
0.522116
0.518988
0.526566
0.52125
0.515886
0.522249
0.518802
0.516732
0.524557
0.555628
0.522595
0.552542
0.515465
0.535512
0.533332
0.522534
0.530667
0.514173
0.520983
0.519429
0.529487
0.523182
0.54062
0.521659
0.521123
0.512513
0.520668
0.520509
0.534035
0.522773
0.522454
0.523796
0.53453
0.526272
0.504661
0.545331
0.55561
0.518871
0.530224
0.55778
0.521503
0.53589
0.521111
0.520848
0.539989
0.525136
0.525174
0.525015
0.530972
0.517098
0.512114
0.521277
0.506289
0.558575
0.534282
0.513525
0.517056
0.515571
0.52245
0.535175
0.522995
0.520751
0.521128
0.511718
0.522708
0.535181
0.521328
0.521889
0.519415
0.521139
0.52104
0.541584
0.520856
0.523324
0.533014
0.508801
0.519299
0.519159
0.52025
0.505009
0.512924
0.520846
0.532473
0.509501
0.541487
0.520139
0.536074
0.53119
0.520057
0.520272
0.517283
0.522193
0.516989
0.515502
0.558532
0.54644
0.531878
0.523871
0.517779
0.52004
0.523937
0.516572
0.520037
0.520669
0.520798
0.517456
0.524843
0.51216
0.519025
0.515847
0.510597
0.523209
0.520669
0.523774
0.522817
0.530179
0.536035
0.535657
0.535669
0.517978
0.521976
0.521633
0.519573
0.520189
0.511567
0.521795
0.5189
0.508347
0.526471
0.517657
0.5181
0.52085
0.51952
0.506903
0.522236
0.523
0.524083
0.520917
0.521945
0.518899
0.53993
0.536456
0.503693
0.519605
0.54092
0.542475
0.513432
0.526297
0.517615
0.508998
0.547813
0.531453
0.524878
0.526247
0.522319
0.524181
0.520569
0.518571
0.518484
0.541423
0.527612
0.516792
0.516449
0.518181
0.553315
0.542467
0.525166
0.563287
0.510235
0.504816
0.549533
0.515609
0.520612
0.519611
0.519029
0.550252
0.51065
0.521538
0.510631
0.516887
0.534393
0.510798
0.518897
0.520808
0.549813
0.542793
0.519496
0.512228
0.569302
0.555935
0.52133
0.520067
0.51894
0.519613
0.518096
0.516803
0.520712
0.522963
0.524403
0.515941
0.521435
0.5197
0.51415
0.518879
0.52673
0.529168
0.544694
0.517468
0.517054
0.552352
0.520577
0.523282
0.527832
0.518946
0.556096
0.516422
0.514348
0.505132
0.526991
0.522621
0.511142
0.521721
0.520972
0.517454
0.541227
0.522829
0.539286
0.521042
0.520967
0.55372
0.548914
0.558796
0.519837
0.537587
0.546023
0.520203
0.522523
0.525096
0.529667
0.52432
0.53515
0.521451
0.535958
0.549834
0.551929
0.515138
0.517644
0.515276
0.514136
0.517567
0.538686
0.518719
0.520374
0.521857
0.512991
0.517502
0.522362
0.55567
0.516412
0.52197
0.514121
0.516958
0.523675
0.525777
0.557969
0.517939
0.513936
0.512249
0.567845
0.541633
0.525019
0.516107
0.546566
0.516911
0.515523
0.538495
0.519992
0.519806
0.520011
0.518925
0.549268
0.519585
0.523262
0.543891
0.540567
0.555206
0.519782
0.54167
0.517212
0.520411
0.52338
0.519921
0.511719
0.52014
0.518771
0.534254
0.516208
0.517654
0.548884
0.524679
0.54552
0.52072
0.523003
0.524374
0.524063
0.514604
0.511916
0.52637
0.510695
0.527181
0.522915
0.526562
0.522004
0.520915
0.528701
0.521698
0.520107
0.562832
0.513397
0.52539
0.537132
0.502475
0.519024
0.517532
0.513021
0.518266
0.519732
0.527805
0.528644
0.520141
0.522752
0.522071
0.518478
0.517013
0.519492
0.522002
0.534169
0.516792
0.520256
0.547812
0.520743
0.539561
0.514617
0.560919
0.534533
0.512096
0.5257
0.565231
0.520411
0.522362
0.519052
0.526037
0.520748
0.565302
0.512732
0.524624
0.564309
0.521816
0.518202
0.519899
0.518788
0.52101
0.5217
0.517875
0.521934
0.530163
0.517956
0.514871
0.5175
0.506193
0.517338
0.521943
0.5584
0.518297
0.517681
0.51562
0.523456
0.521976
0.51976
0.526329
0.520833
0.520213
0.521621
0.519971
0.520885
0.519984
0.51866
0.521917
0.518709
0.520282
0.52204
0.52069
0.522285
0.555683
0.522776
0.554548
0.516486
0.513129
0.517747
0.518842
0.520475
0.530106
0.518625
0.527798
0.528523
0.524486
0.515169
0.515095
0.512133
0.521288
0.521608
0.544628
0.510028
0.51868
0.529327
0.51833
0.522896
0.521951
0.527059
0.523162
0.513705
0.513951
0.521576
0.518879
0.517974
0.529767
0.519236
0.540801
0.522182
0.549542
0.518282
0.520728
0.562994
0.520114
0.522248
0.542617
0.529361
0.519819
0.526924
0.520932
0.518142
0.513303
0.517172
0.547867
0.559693
0.552332
0.51644
0.538362
0.565771
0.508181
0.507147
0.513369
0.514533
0.518366
0.520198
0.519993
0.518692
