0.650951
0.582172
0.520325
0.520971
0.520559
0.517696
0.532006
0.548266
0.559066
0.54666
0.559093
0.567649
0.51947
0.517518
0.516945
0.520604
0.508563
0.510455
0.517047
0.51754
0.55214
0.526055
0.526633
0.530269
0.571171
0.520864
0.570201
0.561723
0.663442
0.51886
0.519398
0.519418
0.508736
0.518998
0.529606
0.509267
0.51211
0.535102
0.549454
0.528553
0.510554
0.519278
0.524247
0.528377
0.527626
0.520702
0.521182
0.521302
0.520469
0.521664
0.522218
0.520756
0.519898
0.519382
0.521529
0.520837
0.520273
0.521104
0.519106
0.517769
0.518782
0.518841
0.519374
0.522634
0.517833
0.534532
0.51874
0.569629
0.570982
0.547886
0.521598
0.520987
0.521927
0.52534
0.528929
0.515459
0.516952
0.514325
0.521681
0.549961
0.538081
0.519583
0.587735
0.573656
0.56345
0.522426
0.51909
0.533128
0.5436
0.562175
0.611667
0.581544
0.519359
0.519729
0.520541
0.519485
0.517149
0.540992
0.537747
0.533887
0.529127
0.548395
0.549896
0.520965
0.518773
0.522304
0.536953
0.530091
0.528996
0.515889
0.514991
0.519892
0.518809
0.520671
0.520479
0.521049
0.513873
0.508672
0.514757
0.527699
0.532201
0.540175
0.520611
0.514155
0.513989
0.578776
0.558586
0.575931
0.51634
0.511807
0.50946
0.519491
0.520144
0.522543
0.523014
0.541245
0.535628
0.531075
0.530555
0.526984
0.52683
0.524499
0.534042
0.523357
0.523769
0.568761
0.522823
0.52206
0.526263
0.523047
0.518075
0.536218
0.529443
0.532965
0.517801
0.518675
0.520654
0.555595
0.544112
0.520988
0.519878
0.519222
0.550215
0.545662
0.54706
0.546922
0.519368
0.519971
0.520351
0.558589
0.552681
0.55801
0.519409
0.525038
0.531341
0.531321
0.504287
0.507695
0.525405
0.514866
0.532893
0.545338
0.535506
0.534603
0.540214
0.538519
0.546671
0.539653
0.519547
0.519545
0.518989
0.533354
0.520793
0.519928
0.5203
0.554014
0.517757
0.518009
0.517539
0.516393
0.515332
0.515203
0.550759
0.557132
0.557765
0.526547
0.526503
0.518908
0.530806
0.544248
0.535345
0.534748
0.544976
0.533249
0.50429
0.506209
0.518393
0.532893
0.535781
0.523505
0.522468
0.521043
0.521406
0.534266
0.533588
0.515639
0.515218
0.521294
0.521839
0.519341
0.519373
0.519418
0.515406
0.513896
0.518188
0.517428
0.518338
0.571887
0.581951
0.523195
0.538619
0.517206
0.51777
0.558293
0.530719
0.536335
0.523924
0.53565
0.538042
0.535716
0.518891
0.519408
0.509976
0.525576
0.546057
0.511031
0.509148
0.510005
0.534456
0.522011
0.548218
0.56024
0.568812
0.520408
0.520375
0.525568
0.520891
0.523518
0.506003
0.51113
0.53439
0.586471
0.58099
0.521898
0.525197
0.516447
0.544393
0.564101
0.581507
0.553054
0.535129
0.518389
0.518815
0.58005
0.609633
0.5939
0.525354
0.525426
0.542835
0.524561
0.527889
0.516676
0.51438
0.524995
0.520995
0.522682
0.518774
0.521551
0.5169
0.546674
0.530753
0.528181
0.517514
0.54385
0.519344
0.520015
0.531719
0.545807
0.520335
0.505683
0.51492
0.527363
0.522906
0.523002
0.515049
0.521136
0.521975
0.518906
0.518746
0.521624
0.529406
0.526313
0.520437
0.520627
0.520455
0.52115
0.523674
0.508768
0.511331
0.515432
0.515216
0.519061
0.650767
0.515073
0.536944
0.532736
0.522535
0.527204
0.541344
0.542802
0.566688
0.524014
0.520027
0.52068
0.54772
0.548501
0.528203
0.52168
0.515438
0.51566
0.513913
0.5218
0.628665
0.516617
0.518766
0.518907
0.520352
0.519705
0.523787
0.55175
0.52279
0.535447
0.540152
0.550899
0.522511
0.521354
0.530214
0.522101
0.520662
0.522291
0.519264
0.520277
0.532807
0.5119
0.531003
0.5453
0.512712
0.512682
0.513977
0.521703
0.525606
0.521465
0.542831
0.535474
0.522432
0.521732
0.523013
0.513099
0.509336
0.535751
0.517904
0.520098
0.523499
0.528848
0.522275
0.515178
0.51145
0.516676
0.558736
0.538858
0.523302
0.521727
0.522633
0.562283
0.544768
0.551493
0.531967
0.56252
0.625829
0.520973
0.521191
0.52201
0.518514
0.520378
0.516734
0.505968
0.509566
0.522169
0.522117
0.52113
0.537431
0.532866
0.509344
0.515038
0.57187
0.546116
0.539271
0.542072
0.522352
0.522078
0.522156
0.532056
0.516045
0.514439
0.51675
0.520695
0.521639
0.51984
0.532382
0.527066
0.519306
0.519896
0.521127
0.520666
0.52062
0.512127
0.51423
0.525584
0.52083
0.521504
0.526521
0.525783
0.516204
0.517344
0.521166
0.520388
0.521681
0.534478
0.517547
0.516344
0.532619
0.522107
0.52031
0.527697
0.517572
0.518566
0.519074
0.521542
0.521597
0.522011
0.563495
0.535543
0.523372
0.525457
0.518766
0.525251
0.525208
0.519975
0.528488
0.525044
0.523269
0.533525
0.520846
0.522182
0.521825
0.522169
0.521434
0.523538
0.534077
0.531205
0.533983
0.514247
0.514222
0.515201
0.507583
0.51307
0.515515
0.624583
0.520261
0.516914
0.517592
0.519526
0.518685
0.518481
0.519449
0.520994
0.527121
0.51424
0.521582
0.52055
0.533957
0.531679
0.529252
0.523194
0.511888
0.52384
0.519498
0.519352
0.515178
0.514677
0.520535
0.520492
0.520559
0.522348
0.521751
0.5211
0.524515
0.521126
0.557692
0.564018
0.521642
0.520848
0.520734
0.52192
0.520776
0.549104
0.518494
0.51796
0.518734
0.523497
0.508202
0.516667
0.513989
0.531436
0.548032
0.670121
0.51814
0.53057
0.520308
0.520956
0.526254
0.519247
0.523022
0.522475
0.535838
0.537282
0.533582
0.540114
0.557427
0.544067
0.518869
0.519037
0.545393
0.5483
0.535428
0.521456
0.521904
0.521136
0.517844
0.518303
0.522591
0.522061
0.525029
0.530868
0.614254
0.542108
0.525121
0.584768
0.544755
0.533772
0.532039
0.527738
0.507477
0.509623
0.523058
0.517906
0.520305
0.512616
0.52179
0.518935
0.524428
0.522155
0.522784
0.519871
0.518704
0.516841
0.522703
0.525535
0.512226
0.55428
0.555288
0.519565
0.520009
0.520279
0.509338
0.515191
0.509915
0.511287
0.522195
0.512295
0.557117
0.52405
0.521847
0.520558
0.521198
0.523076
0.56967
0.576924
0.559101
0.538825
0.512173
0.513049
0.515218
0.518429
0.524932
0.529845
0.537232
0.519414
0.537252
0.528672
0.531626
0.521338
0.520608
0.51186
0.513392
0.601454
0.532373
0.514349
0.518289
0.517708
0.516571
0.531347
0.519738
0.524891
0.543043
0.520447
0.530006
0.520812
0.520399
0.519373
0.515055
0.509377
0.544222
0.524836
0.520724
0.511648
0.514235
0.518026
0.517848
0.525286
0.526688
0.510434
0.516375
0.524181
0.524362
0.522576
0.508969
0.523975
0.529267
0.522943
0.527549
0.518329
0.513961
0.515754
0.52759
0.542308
0.531686
0.520604
0.521499
0.519768
0.520154
0.522725
0.529272
0.538036
0.522169
0.517969
0.563492
0.520061
0.525445
0.521388
0.521495
0.51172
0.521638
0.527489
0.561372
0.519356
0.519934
0.517948
0.524502
0.545118
0.508467
0.508677
0.518519
0.520907
0.573407
0.574809
0.533653
0.516913
0.555556
0.582583
0.562623
0.535403
0.515606
0.521185
0.521363
0.536292
0.543389
0.511398
0.523894
0.521673
0.522748
0.521855
0.553377
0.518123
0.526822
0.526849
0.524559
0.521727
0.525134
0.522891
0.534451
0.555159
0.51753
0.516866
0.515581
0.515289
0.519701
0.548012
0.51054
0.520648
0.504315
0.523896
0.518758
0.511576
0.512737
0.534971
0.520397
0.527689
0.537121
0.514368
0.520434
0.524462
0.520178
0.519622
0.520894
0.522536
0.514103
0.54495
0.515484
0.512259
0.522453
0.586932
0.518701
0.532125
0.522203
0.540418
0.529091
0.529894
0.526923
0.50954
0.510951
0.523883
0.559463
0.564448
0.520346
0.52113
0.523962
0.530805
0.525515
0.528179
0.518653
0.622218
0.519403
0.524309
0.521355
0.519997
0.519822
0.549415
0.530828
0.510756
0.549628
0.513227
0.533148
0.52073
0.584677
0.556224
0.548751
0.519517
0.518357
0.547829
0.518767
0.518845
0.522644
0.522064
0.520736
0.517009
0.52038
0.514996
0.520718
0.520017
0.52114
0.515841
0.564653
0.536185
0.521914
0.537301
0.553721
0.516942
0.528396
0.519565
0.517156
0.522657
0.522425
0.522337
0.519702
0.546188
0.523096
0.519966
0.537938
0.549694
0.523516
0.525021
0.526841
0.520947
0.579719
0.53458
0.522449
0.525745
0.517302
0.536294
0.520722
0.520598
0.518424
0.514886
0.519867
0.522034
0.521908
0.534535
0.549043
0.536343
0.551672
0.554821
0.518259
0.521151
0.521171
0.512522
0.524375
0.522081
0.515995
0.520948
0.525278
0.518547
0.519463
0.522662
0.513547
0.554555
0.524904
0.518666
0.61815
0.507379
0.522807
0.520626
0.548759
0.532154
0.518053
0.518842
0.574356
0.518776
0.522958
0.519821
0.513157
0.519798
0.518859
0.514979
0.530531
0.520155
0.529136
0.521279
0.518572
0.53285
0.539915
0.510526
0.52263
0.522741
0.519861
0.519994
0.517945
0.508024
0.508302
0.518595
0.538524
0.524212
0.549054
0.522389
0.522278
0.508752
0.539409
0.52871
0.533187
0.521098
0.536523
0.507736
0.512217
0.553461
0.554254
0.512135
0.52413
0.525723
0.521738
0.530403
0.522499
0.509355
0.51988
0.521321
0.521312
0.520581
0.509101
0.514323
0.516265
0.521025
0.520967
0.520957
0.527385
0.552809
0.54048
0.569832
0.559299
0.536036
0.541637
0.519607
0.518491
0.542917
0.520301
0.521792
0.503242
0.517422
0.510586
0.516929
0.516513
0.514673
0.512298
0.519156
0.524842
0.511181
0.51299
0.526576
0.514149
0.512519
0.520439
0.530463
0.530755
0.507013
0.506057
0.509601
0.527385
0.522031
0.521119
0.521054
0.523701
0.532211
0.522149
0.523147
0.515684
0.536451
0.520352
0.515433
0.533152
0.559438
0.521
0.520831
0.511836
0.546332
0.51829
0.518213
0.52052
0.514186
0.522198
0.512452
0.514451
0.520614
0.52041
0.510514
0.519096
0.520871
0.530088
0.521743
0.52079
0.514094
0.537169
0.535935
0.52074
0.524296
0.511568
0.513088
0.520067
0.521384
0.521531
0.521704
0.520102
0.513724
0.52017
0.520826
0.517447
0.512188
0.548532
0.538918
0.521071
0.504741
0.506946
0.537543
0.520518
0.521652
0.52523
0.545295
0.541199
0.521558
0.523149
0.51465
0.540353
0.521173
0.52045
0.534086
0.535538
0.511869
0.52511
0.521429
0.520839
0.521372
0.521878
0.507638
0.530957
0.518973
0.520864
0.521168
0.547723
0.537405
0.54807
0.52208
0.523022
0.521188
0.518115
0.537262
0.523297
0.517219
0.546367
0.509122
0.518874
0.520608
0.532938
0.519005
0.505763
0.537825
0.513849
0.513981
0.526955
0.511733
0.543966
0.502685
0.520548
0.536507
0.572126
0.534704
0.522454
0.524132
0.546596
0.521899
0.521425
0.528408
0.543213
0.534658
0.505514
0.527145
0.519433
0.507282
0.525599
0.530124
0.504527
0.533959
0.520273
0.511622
0.514988
0.52104
0.516942
0.52038
0.538697
0.536261
0.532232
0.5295
0.538344
0.542336
0.513805
0.517303
0.512435
0.521152
0.552579
0.5307
0.520514
0.521243
0.517211
0.522585
0.546699
0.565488
0.530899
0.521343
0.523134
0.521148
0.521234
0.520943
0.516253
0.535045
0.512766
0.52105
0.532105
0.522874
0.524222
0.521882
0.521422
0.519439
0.519853
0.521415
0.521036
0.523456
0.50789
0.520908
0.524898
0.506312
0.518355
0.522195
0.5225
0.528697
0.52065
0.533956
0.547784
0.512551
0.535422
0.522068
0.530633
0.508206
0.520374
0.530331
0.543185
0.525904
0.521313
0.508801
0.525562
0.515248
0.515312
0.512345
0.521269
0.51137
0.537277
0.532513
0.57028
0.513265
0.511609
0.522902
0.520859
0.517943
0.521092
0.520363
0.514326
0.520651
0.565886
0.521549
0.512426
0.579107
0.532727
0.510015
0.5103
0.510348
0.520784
0.515057
0.518468
0.519678
0.519831
0.519049
0.575712
0.519155
0.520226
0.541244
0.520492
0.520072
0.546989
0.519918
0.518126
0.519686
0.508847
0.503257
0.514683
0.537551
0.537063
0.523471
0.525245
0.520415
0.513717
0.5207
0.514462
0.553051
0.511679
0.505824
0.522743
0.580343
0.534631
0.528751
0.522419
0.51634
0.541414
0.520267
0.5201
0.520466
0.548433
0.52002
0.520339
0.521691
0.522015
0.520121
0.52026
0.515559
0.517332
0.518602
0.520627
0.518861
0.518818
0.529914
0.507535
0.522846
0.53708
0.52629
0.522231
0.519481
0.521437
0.520909
0.518926
0.518308
0.520977
0.520425
0.522308
0.508839
0.518876
0.519568
0.520079
0.514873
0.5161
0.507843
0.51705
0.520827
0.514435
0.524448
0.514468
0.522633
0.521733
0.527855
0.550629
0.53181
0.521827
0.522741
0.519365
0.519254
0.536593
0.547266
0.525184
0.538161
0.551901
0.51262
0.518676
0.516838
0.516768
0.516779
0.519552
0.51973
0.524641
0.531113
0.51966
0.516427
0.520917
0.517127
0.528308
0.519317
0.51898
0.51215
0.517232
0.517513
0.521355
0.519781
0.518888
0.602444
0.51785
0.524066
0.513661
0.551077
0.537325
0.541917
0.517978
0.518567
0.51789
0.536142
0.525285
0.536542
0.498005
0.511637
0.516984
0.519497
0.522034
0.518951
0.521344
0.518482
0.515157
0.514357
0.542667
0.519316
0.519381
0.496644
0.518266
0.518192
0.516042
0.518559
0.53285
0.54278
0.540774
0.518866
0.518812
0.516837
0.521045
0.51899
0.52123
0.491785
0.477125
0.514619
0.518628
0.527665
0.520009
0.517647
0.51843
0.545493
0.518373
0.524226
0.52139
0.509375
0.516791
0.519524
0.517823
0.520287
0.520237
0.528153
0.560776
0.521464
0.521719
0.517962
0.522741
0.518749
0.516566
0.512332
0.526397
0.518491
0.519611
0.514473
0.521383
0.518831
0.516948
0.513577
0.508312
0.505013
0.520783
0.519772
0.53034
0.534473
0.527923
0.51715
0.523228
0.507491
0.541408
0.52317
0.511986
0.507738
0.519129
0.557833
0.515185
0.515852
0.514769
0.511323
0.5209
0.521439
0.520029
0.519941
0.51971
0.519453
0.507322
0.519441
0.514459
0.518494
0.52112
0.519397
0.520395
0.520221
0.520078
0.515978
0.519301
0.518871
0.520375
0.520372
0.525814
0.516816
0.516232
0.515249
0.524215
0.53862
0.519318
0.519283
0.516519
0.51945
0.533551
0.518008
0.521407
0.542747
0.517787
0.527526
0.546463
0.515598
0.518711
0.532151
0.515001
0.5177
0.568134
0.521493
0.521102
0.515244
0.522452
0.511168
0.520923
0.526085
0.522161
0.516713
0.521672
0.547782
0.520684
0.522889
0.521984
0.520328
0.522153
0.515583
0.520799
0.529873
0.509181
0.539419
0.520145
0.506195
0.519766
0.516207
0.517221
0.517765
0.516818
0.5204
0.519777
0.535923
0.519184
0.602044
0.520312
0.525032
0.523844
0.522122
0.521637
0.560159
0.522177
0.520243
0.527717
0.520424
0.635071
0.515835
0.531221
0.523588
0.52677
0.521479
0.522976
0.523052
0.520989
0.520911
0.530313
0.527449
0.520173
0.518974
0.51961
0.518053
0.520603
0.520866
0.516612
0.529287
0.539958
0.529111
0.54508
0.518508
0.511137
0.546087
0.521158
0.518812
0.520817
0.532072
0.521294
0.514669
0.517881
0.519005
0.520393
0.513583
0.521943
0.532297
0.520078
0.520923
0.521562
0.540625
0.522843
0.520836
0.628032
0.521928
0.519772
0.538133
0.517929
0.518962
0.572431
0.544602
0.520537
0.564151
0.523838
0.519156
0.520981
0.517155
0.518813
0.51922
0.515758
0.517072
0.537601
0.520282
0.524086
0.539816
0.552389
0.523098
0.523728
0.517602
0.521908
0.517845
0.522029
0.51914
0.520404
0.518365
0.542915
0.525282
0.565511
0.545827
0.518809
0.522548
0.510152
0.527756
0.538601
0.51486
0.521109
0.522955
0.518716
0.518431
0.520192
0.520321
0.517565
0.51239
0.520453
0.531075
0.518098
0.531353
0.519499
0.521918
0.513333
0.514925
0.507091
0.519338
0.517694
0.526538
0.526911
0.506132
0.522604
0.550692
0.524017
0.522061
0.506519
0.51914
0.521013
0.52016
