0.572505
0.570655
0.58043
0.538592
0.566003
0.551114
0.522124
0.521594
0.521733
0.521123
0.564211
0.557563
0.563234
0.544038
0.546192
0.520091
0.51777
0.5194
0.520793
0.518263
0.515147
0.515425
0.520359
0.518443
0.517925
0.517746
0.550998
0.546154
0.519884
0.521028
0.520589
0.520837
0.541675
0.519943
0.555728
0.557851
0.519862
0.519297
0.539681
0.537026
0.51017
0.515382
0.512195
0.512014
0.513024
0.519285
0.530893
0.526037
0.538536
0.527244
0.503784
0.508963
0.52733
0.520285
0.513088
0.52073
0.520648
0.520199
0.52043
0.519043
0.519338
0.521413
0.548648
0.518622
0.520735
0.520475
0.520694
0.520975
0.517788
0.552727
0.558932
0.587721
0.520598
0.52463
0.52163
0.521597
0.521495
0.522047
0.518307
0.522925
0.522341
0.51929
0.519756
0.547955
0.522272
0.529256
0.524558
0.585582
0.522272
0.519994
0.525077
0.554861
0.521063
0.52336
0.519471
0.519134
0.520952
0.520833
0.542681
0.549972
0.547439
0.598354
0.533938
0.52095
0.52055
0.520129
0.520585
0.521705
0.530256
0.52475
0.523583
0.521594
0.521101
0.520779
0.514852
0.512068
0.510122
0.51159
0.512654
0.519001
0.516593
0.52083
0.51955
0.519594
0.516222
0.516104
0.521487
0.521037
0.531845
0.529499
0.520182
0.521471
0.519169
0.522141
0.52292
0.522184
0.534516
0.536443
0.530242
0.537355
0.519656
0.519986
0.522739
0.522033
0.526584
0.52724
0.528157
0.534233
0.522464
0.519035
0.520544
0.549947
0.549558
0.51948
0.520636
0.521142
0.520385
0.520716
0.521646
0.541171
0.533327
0.520241
0.520501
0.519728
0.522693
0.524101
0.522103
0.521596
0.573581
0.54737
0.521331
0.520713
0.520727
0.552015
0.545684
0.551891
0.509458
0.546033
0.52556
0.532165
0.541836
0.545916
0.549966
0.556623
0.551631
0.592922
0.519526
0.519855
0.519539
0.518433
0.551001
0.521039
0.52227
0.518951
0.622977
0.575399
0.522871
0.532526
0.523751
0.545952
0.533102
0.520804
0.522825
0.521396
0.54993
0.558505
0.52679
0.532189
0.533919
0.528577
0.521515
0.521597
0.520957
0.539849
0.51435
0.521085
0.519973
0.519716
0.515018
0.514991
0.518455
0.534491
0.5273
0.518956
0.51827
0.521903
0.521609
0.527463
0.54215
0.51786
0.518477
0.511559
0.53576
0.546617
0.539768
0.517125
0.518267
0.518497
0.512864
0.525817
0.523932
0.524811
0.515066
0.513305
0.507349
0.564871
0.523391
0.520832
0.524563
0.510476
0.515032
0.517195
0.522066
0.521768
0.52166
0.513023
0.512017
0.555751
0.561948
0.560911
0.567305
0.523839
0.529504
0.507021
0.509982
0.510444
0.554337
0.532834
0.520064
0.520591
0.520385
0.51947
0.520878
0.538395
0.521376
0.580989
0.520639
0.521104
0.522685
0.520589
0.519365
0.519538
0.522205
0.53285
0.519947
0.519545
0.519819
0.517638
0.52095
0.521443
0.523234
0.521363
0.520942
0.522916
0.53567
0.524812
0.520648
0.521951
0.52091
0.518345
0.51895
0.51944
0.520388
0.526611
0.526113
0.538981
0.541103
0.519512
0.541272
0.523114
0.508203
0.521057
0.520727
0.543075
0.554185
0.552162
0.520951
0.52585
0.516876
0.515422
0.520223
0.530487
0.508444
0.521055
0.520229
0.549317
0.541205
0.522261
0.562326
0.555175
0.558088
0.539443
0.523034
0.522464
0.520877
0.519808
0.526878
0.510824
0.521674
0.52068
0.510739
0.510493
0.51127
0.524064
0.523396
0.539883
0.516754
0.51648
0.543165
0.545092
0.516669
0.521384
0.520998
0.520637
0.54242
0.545585
0.510072
0.508652
0.539958
0.53629
0.536565
0.542824
0.522228
0.52229
0.524247
0.523858
0.51243
0.513743
0.512195
0.518901
0.522254
0.537126
0.525444
0.515906
0.512269
0.518213
0.528618
0.528338
0.520499
0.581217
0.521026
0.52345
0.531698
0.52832
0.515974
0.515045
0.519425
0.548022
0.507657
0.507804
0.511361
0.514458
0.519549
0.521627
0.521885
0.553638
0.527575
0.510534
0.520588
0.520802
0.519601
0.521302
0.521199
0.52142
0.52095
0.566837
0.564122
0.531243
0.545127
0.536041
0.53878
0.52239
0.521675
0.522379
0.518274
0.54575
0.508194
0.514041
0.518083
0.518503
0.518378
0.529913
0.523891
0.5244
0.52655
0.521125
0.521183
0.521306
0.524597
0.52142
0.521006
0.520712
0.522926
0.51991
0.521648
0.522467
0.547197
0.511716
0.511504
0.520641
0.541227
0.536793
0.523143
0.52165
0.521318
0.541461
0.532361
0.524023
0.535118
0.547005
0.53396
0.562054
0.560544
0.518769
0.518001
0.510579
0.509223
0.558648
0.581176
0.520515
0.552033
0.519815
0.51966
0.524789
0.521658
0.520242
0.520152
0.520929
0.52217
0.521143
0.520788
0.522859
0.519413
0.519815
0.514943
0.521137
0.534069
0.53703
0.520671
0.511062
0.521294
0.522128
0.520412
0.520338
0.516046
0.527069
0.529432
0.519932
0.518954
0.517928
0.560529
0.562259
0.513403
0.521702
0.523201
0.51119
0.559286
0.55365
0.548621
0.541589
0.511482
0.550849
0.538681
0.546634
0.544201
0.52066
0.520469
0.518767
0.532723
0.533139
0.522861
0.51971
0.519222
0.520653
0.519389
0.521449
0.54105
0.520031
0.564197
0.553827
0.520245
0.550037
0.544874
0.522687
0.522752
0.519375
0.51999
0.519157
0.564006
0.565625
0.557119
0.517421
0.516496
0.507251
0.521585
0.532546
0.527553
0.517322
0.520466
0.521145
0.517626
0.510136
0.523598
0.522824
0.529669
0.5257
0.51984
0.5119
0.51147
0.522116
0.516152
0.526801
0.520036
0.519559
0.507982
0.522402
0.559561
0.521281
0.510593
0.53437
0.522862
0.517926
0.517095
0.51711
0.521019
0.521316
0.509768
0.512274
0.513512
0.521408
0.525477
0.524626
0.518544
0.515363
0.51404
0.517544
0.524324
0.53229
0.526303
0.519294
0.521263
0.522555
0.518407
0.544875
0.522381
0.518771
0.53262
0.540188
0.538216
0.520673
0.510585
0.511434
0.567278
0.585787
0.542901
0.516635
0.520176
0.521512
0.518392
0.516359
0.522213
0.52109
0.530218
0.516295
0.52705
0.527259
0.523662
0.519348
0.519759
0.523579
0.52376
0.529169
0.549272
0.520129
0.51756
0.55634
0.545695
0.529879
0.525887
0.529008
0.517963
0.518741
0.522365
0.521288
0.520394
0.521146
0.518537
0.518252
0.510509
0.515205
0.54091
0.538161
0.546462
0.553507
0.520762
0.529116
0.521085
0.517086
0.515651
0.518432
0.524668
0.528391
0.534103
0.527913
0.522104
0.520815
0.520441
0.522426
0.523618
0.513545
0.519071
0.520886
0.520715
0.530715
0.520992
0.509466
0.548553
0.519386
0.519992
0.550188
0.558187
0.512842
0.514194
0.5182
0.521969
0.524599
0.54279
0.563884
0.578541
0.519937
0.518296
0.521842
0.507241
0.51878
0.564228
0.521403
0.518046
0.524578
0.514552
0.566044
0.52951
0.518923
0.522514
0.587327
0.534734
0.542646
0.558465
0.526401
0.524997
0.521511
0.538749
0.545095
0.539619
0.517738
0.531363
0.52121
0.549306
0.53889
0.548523
0.520934
0.508918
0.522957
0.520517
0.550681
0.523107
0.530787
0.509128
0.521275
0.521341
0.519726
0.525175
0.519303
0.51999
0.51166
0.520162
0.518222
0.520998
0.521368
0.506913
0.510433
0.5092
0.520878
0.519212
0.547187
0.521227
0.52222
0.522869
0.519347
0.506183
0.541801
0.521661
0.511256
0.517286
0.569614
0.523861
0.519248
0.553912
0.55522
0.516226
0.520989
0.520743
0.525253
0.533219
0.508963
0.509603
0.538588
0.521035
0.52058
0.520613
0.526079
0.519979
0.547931
0.521157
0.521462
0.563161
0.537138
0.534983
0.534975
0.531437
0.5311
0.522206
0.524916
0.551894
0.51002
0.526133
0.554974
0.535285
0.545903
0.520139
0.515338
0.535919
0.530683
0.512567
0.52083
0.521092
0.518724
0.524002
0.521556
0.524644
0.518326
0.520405
0.528393
0.522741
0.519235
0.517009
0.520232
0.563336
0.609161
0.520603
0.514066
0.521928
0.523968
0.520134
0.540637
0.51097
0.510389
0.527432
0.529386
0.54478
0.542214
0.509132
0.512095
0.521199
0.516938
0.52196
0.54924
0.534465
0.512526
0.507702
0.515025
0.509911
0.510995
0.515474
0.540116
0.520521
0.521106
0.52186
0.522943
0.587458
0.549724
0.529035
0.52732
0.523945
0.519942
0.523157
0.510993
0.520491
0.509933
0.516354
0.533815
0.519708
0.520302
0.57438
0.560941
0.532914
0.52536
0.520239
0.522251
0.51789
0.553158
0.575105
0.507694
0.575325
0.51965
0.520789
0.517093
0.521729
0.522084
0.512544
0.517754
0.518363
0.536201
0.521397
0.522527
0.51804
0.520402
0.528189
0.523564
0.529552
0.543167
0.535622
0.5208
0.52022
0.518898
0.520818
0.510721
0.53932
0.515253
0.518891
0.527904
0.52001
0.513368
0.520246
0.52079
0.515258
0.538034
0.530466
0.525214
0.522186
0.519717
0.517596
0.534933
0.511307
0.515104
0.548028
0.514248
0.522577
0.569373
0.575556
0.57419
0.538223
0.52398
0.524262
0.550956
0.50994
0.520056
0.521159
0.517108
0.565203
0.530692
0.525876
0.542262
0.511836
0.513017
0.523145
0.521017
0.518966
0.515044
0.519752
0.520411
0.516309
0.515099
0.520008
0.541081
0.529812
0.530568
0.513816
0.566372
0.51269
0.531188
0.519268
0.541304
0.540203
0.521484
0.52184
0.511325
0.524298
0.521641
0.534392
0.520512
0.530342
0.538196
0.514563
0.508729
0.521446
0.521524
0.515768
0.533272
0.531514
0.527668
0.523152
0.526929
0.531138
0.526463
0.521886
0.537784
0.545916
0.52061
0.522166
0.521829
0.533407
0.521655
0.505867
0.509527
0.509668
0.515057
0.512835
0.551764
0.554796
0.562474
0.514027
0.510874
0.520397
0.509984
0.541529
0.533704
0.533969
0.518222
0.519118
0.516037
0.522479
0.523071
0.518699
0.516077
0.525353
0.521239
0.517097
0.519003
0.515183
0.517456
0.51929
0.52059
0.520832
0.517053
0.522876
0.523435
0.519017
0.515228
0.51721
0.521583
0.512057
0.518701
0.516751
0.552734
0.513204
0.524192
0.535911
0.540421
0.527114
0.535103
0.538798
0.520151
0.513818
0.519746
0.519753
0.552778
0.522017
0.559408
0.52085
0.519458
0.51711
0.524109
0.551567
0.507682
0.552998
0.518525
0.512164
0.510599
0.54128
0.51255
0.53333
0.519873
0.519822
0.508915
0.535291
0.515289
0.534406
0.519625
0.522072
0.523147
0.519174
0.546632
0.506421
0.521423
0.520432
0.544203
0.513468
0.52022
0.519104
0.510599
0.512281
0.547048
0.523685
0.523969
0.507194
0.532353
0.523399
0.53711
0.52216
0.520871
0.503469
0.531118
0.526718
0.550279
0.528026
0.526198
0.523038
0.519065
0.538117
0.519088
0.514415
0.508944
0.520301
0.522798
0.510864
0.509663
0.505753
0.522779
0.522905
0.531252
0.508937
0.50593
0.518636
0.518923
0.521748
0.521665
0.528667
0.521557
0.534217
0.516645
0.517583
0.530798
0.520477
0.523486
0.523
0.51954
0.512055
0.518197
0.520309
0.521838
0.51886
0.535214
0.510592
0.521851
0.508512
0.522245
0.522079
0.51317
0.520842
0.521399
0.520736
0.541801
0.514392
0.506647
0.520434
0.52008
0.521166
0.515961
0.51573
0.526322
0.504338
0.549297
0.508754
0.522398
0.522
0.532569
0.535131
0.521616
0.52107
0.524445
0.522056
0.52223
0.520923
0.516197
0.525901
0.524099
0.509163
0.51709
0.534815
0.52034
0.512091
0.547156
0.520576
0.522046
0.507007
0.544606
0.51174
0.533193
0.52127
0.523667
0.504899
0.580332
0.508722
0.525854
0.523826
0.52508
0.517781
0.508086
0.521398
0.519506
0.520498
0.515367
0.518574
0.506568
0.514558
0.511905
0.521509
0.539952
0.520998
0.519017
0.596594
0.506662
0.508414
0.510986
0.527051
0.522498
0.510271
0.516661
0.521584
0.524002
0.518864
0.531674
0.532826
0.521957
0.503647
0.514688
0.525397
0.520843
0.507781
0.515728
0.520163
0.513201
0.520886
0.558276
0.535884
0.517586
0.518838
0.537818
0.51264
0.530093
0.521187
0.520788
0.518655
0.516236
0.516731
0.540001
0.509726
0.523734
0.520955
0.508119
0.524308
0.523051
0.520991
0.520734
0.518318
0.517274
0.515307
0.519673
0.519885
0.523218
0.519308
0.518839
0.518757
0.521354
0.520772
0.520871
0.518683
0.519132
0.531373
0.536721
0.539783
0.567298
0.568757
0.542573
0.523771
0.517793
0.518937
0.509442
0.51533
0.524472
0.549781
0.520208
0.520852
0.532379
0.519839
0.518436
0.520396
0.520895
0.520927
0.535705
0.522801
0.512782
0.521506
0.580402
0.535025
0.524115
0.520303
0.512329
0.506027
0.541036
0.51774
0.523891
0.520607
0.519592
0.519358
0.517117
0.518885
0.519974
0.518302
0.520377
0.521792
0.521541
0.519636
0.523595
0.516303
0.504597
0.505137
0.511702
0.521585
0.515695
0.520475
0.52096
0.516337
0.523948
0.521735
0.512717
0.559291
0.519061
0.512746
0.512729
0.518758
0.515102
0.517371
0.515485
0.519579
0.514928
0.551505
0.542086
0.521287
0.521582
0.532158
0.51951
0.521024
0.51971
0.544635
0.524004
0.517275
0.511414
0.509768
0.519662
0.520146
0.52059
0.54475
0.514584
0.520326
0.516415
0.514443
0.546594
0.565201
0.55031
0.533095
0.542869
0.537753
0.514303
0.514868
0.509537
0.506265
0.554837
0.520809
0.516951
0.513069
0.519399
0.518715
0.517733
0.550843
0.522136
0.547763
0.517821
0.524515
0.525184
0.532035
0.511121
0.520821
0.514938
0.518883
0.519094
0.51021
0.523871
0.530106
0.561425
0.50978
0.522449
0.528554
0.54603
0.519107
0.520228
0.527401
0.512719
0.518781
0.519945
0.526822
0.519971
0.53331
0.518492
0.515368
0.505738
0.506352
0.516791
0.525022
0.519368
0.546979
0.519493
0.568673
0.518423
0.519308
0.519317
0.524752
0.522943
0.520665
0.520835
0.516576
0.536973
0.51926
0.524256
0.520899
0.519896
0.521741
0.520581
0.561757
0.517462
0.516804
0.522198
0.528801
0.529678
0.513657
0.517998
0.531152
0.51832
0.51289
0.530099
0.522481
0.552914
0.523337
0.555129
0.522133
0.521238
0.519484
0.519931
0.523551
0.512278
0.560632
0.520589
0.517809
0.512911
0.518127
0.519547
0.520063
0.518097
0.518706
0.520138
0.52662
0.519793
0.533666
0.519947
0.519985
0.523989
0.514541
0.511048
0.52118
0.525433
0.522859
0.516254
0.519503
0.520565
0.520041
0.521136
0.522234
0.538115
0.519285
0.5323
0.560923
0.513264
0.522261
0.548863
0.533704
0.578371
0.520213
0.52139
0.544597
0.527216
0.522165
0.550574
0.519894
0.519514
0.519837
0.520415
0.537658
0.509324
0.520728
0.521702
0.539587
0.547188
0.542868
0.526035
0.523147
0.52316
0.52579
0.519686
0.523242
0.518386
0.520276
0.512615
0.519552
0.520711
0.52243
0.520625
0.513238
0.515707
0.527524
0.537712
0.538049
0.519735
0.512119
0.532776
0.519412
0.515244
0.512058
0.513809
0.520601
0.537053
0.516707
0.519837
0.515926
0.552056
0.521569
0.520725
0.521719
0.525259
0.539739
0.509483
0.522523
0.529191
0.516934
0.548263
0.562463
0.557744
0.523468
0.516248
0.518055
0.56335
0.55099
0.51757
0.524277
0.526766
0.514794
0.50682
0.524155
0.519798
0.51686
0.516017
0.523818
0.547727
0.520233
0.514307
0.518919
0.509691
0.532755
0.519852
0.546284
0.517022
0.513403
0.510504
0.517559
0.517956
0.52347
0.52089
0.556993
0.521005
0.535846
0.519978
0.55037
0.520872
0.519206
0.519973
0.53081
0.521064
0.520153
0.533501
0.51205
0.521578
0.518697
0.52299
0.512133
0.52138
0.519842
0.557967
0.52145
0.529432
0.52183
0.519723
0.566052
0.533793
0.517378
0.529516
0.512705
0.519154
0.517432
0.538584
0.519054
0.514385
0.52059
0.517012
0.520561
0.516128
0.532495
0.521142
0.512965
0.521302
0.519303
0.519269
0.522607
0.521294
0.553357
0.521214
0.514445
0.552603
0.527015
0.520322
0.525437
0.519383
0.54128
0.54806
0.517227
0.551483
0.5405
0.519973
0.540868
0.564118
0.510057
0.509847
0.506354
0.516352
0.550254
0.548746
0.523492
0.510176
0.55003
0.520408
0.521915
0.522543
0.520109
0.520479
0.520289
0.519663
0.523886
0.521053
0.532212
0.53097
0.545319
0.532306
0.519938
0.524415
0.525915
0.522326
0.525534
0.517485
0.546107
0.519442
0.527964
