0.533393
0.539497
0.54187
0.519974
0.52231
0.520828
0.501141
0.519677
0.521272
0.522267
0.554634
0.557674
0.523013
0.524701
0.522847
0.518914
0.518964
0.517965
0.520688
0.516747
0.517597
0.519268
0.519524
0.520597
0.5198
0.519386
0.519574
0.519601
0.532166
0.520497
0.519783
0.519976
0.517931
0.573109
0.548177
0.519805
0.519681
0.520098
0.524638
0.520244
0.512932
0.523629
0.519093
0.542039
0.533662
0.548156
0.520317
0.524791
0.523186
0.527618
0.51634
0.502332
0.504623
0.52091
0.520217
0.530492
0.533119
0.529795
0.518642
0.520029
0.519245
0.520471
0.518158
0.538265
0.523138
0.520484
0.52222
0.522197
0.521144
0.521074
0.528001
0.520358
0.519913
0.536105
0.522412
0.522107
0.536284
0.516423
0.516317
0.53415
0.538278
0.543711
0.521858
0.520072
0.533262
0.527805
0.574951
0.521969
0.521846
0.511922
0.513629
0.531465
0.550091
0.546527
0.58433
0.568879
0.585124
0.523548
0.517991
0.518809
0.519913
0.517565
0.52009
0.550244
0.548902
0.523719
0.522825
0.512149
0.51458
0.513514
0.522431
0.522748
0.521381
0.520951
0.521821
0.532927
0.522434
0.526342
0.531268
0.51688
0.554299
0.5445
0.517157
0.521407
0.520166
0.523339
0.521891
0.531788
0.528063
0.529924
0.5185
0.519229
0.518569
0.522355
0.515499
0.515554
0.51662
0.522384
0.522963
0.522776
0.524567
0.533714
0.525395
0.521948
0.52853
0.523702
0.520276
0.519988
0.529778
0.527065
0.52713
0.521582
0.51603
0.526229
0.523044
0.519524
0.519564
0.5193
0.517602
0.522627
0.521738
0.51808
0.516753
0.545706
0.546483
0.520899
0.529341
0.520048
0.534432
0.522334
0.526797
0.5245
0.518215
0.522592
0.517891
0.516523
0.517113
0.516256
0.515646
0.508259
0.560972
0.548729
0.521041
0.522261
0.543237
0.52165
0.520212
0.520497
0.523524
0.525335
0.525849
0.509679
0.521751
0.522253
0.5122
0.538591
0.52
0.519133
0.517951
0.534712
0.51722
0.520145
0.518986
0.524757
0.519519
0.519708
0.516677
0.522319
0.521675
0.518965
0.586287
0.581359
0.5359
0.542516
0.533208
0.567245
0.519378
0.519823
0.518807
0.520028
0.519197
0.520415
0.520438
0.524207
0.517913
0.512165
0.517097
0.517374
0.515324
0.521146
0.528119
0.559199
0.557651
0.582664
0.558149
0.512376
0.512834
0.548643
0.555532
0.570799
0.571561
0.566071
0.534444
0.515672
0.530093
0.576674
0.560031
0.522346
0.520856
0.520876
0.521435
0.522946
0.515831
0.52039
0.533166
0.536125
0.520156
0.51867
0.520836
0.565864
0.599902
0.518853
0.520147
0.518538
0.507183
0.520174
0.521187
0.531648
0.519581
0.51865
0.518742
0.523556
0.519301
0.518804
0.519715
0.523509
0.523549
0.523927
0.514095
0.512103
0.521044
0.532578
0.520893
0.520764
0.519661
0.575896
0.543743
0.547402
0.520984
0.526728
0.518768
0.516909
0.504451
0.51737
0.509529
0.513182
0.522183
0.578273
0.570753
0.520453
0.518681
0.519843
0.518048
0.537565
0.539648
0.544592
0.538897
0.544705
0.538919
0.531861
0.516351
0.518367
0.521293
0.520305
0.52097
0.537123
0.523378
0.521069
0.56019
0.507903
0.516752
0.52087
0.532594
0.519962
0.539349
0.545135
0.517303
0.519345
0.514099
0.519374
0.524188
0.519681
0.520828
0.520788
0.544066
0.541086
0.544264
0.560856
0.597086
0.581663
0.559083
0.542296
0.52377
0.523147
0.525084
0.574781
0.522253
0.52143
0.518739
0.519255
0.52217
0.52837
0.523141
0.511887
0.514383
0.543951
0.5379
0.535343
0.528312
0.548664
0.536021
0.538624
0.51571
0.521483
0.522938
0.520398
0.518321
0.518425
0.522102
0.520593
0.519789
0.511719
0.52082
0.520894
0.517803
0.521487
0.543084
0.545482
0.519147
0.518913
0.519674
0.521743
0.520993
0.521877
0.520788
0.527565
0.525078
0.53357
0.520204
0.513011
0.519317
0.521856
0.522006
0.539778
0.516031
0.511608
0.520031
0.519499
0.518957
0.573108
0.516534
0.511749
0.508429
0.510092
0.510215
0.517429
0.518459
0.521728
0.522646
0.522196
0.517166
0.532044
0.529648
0.518825
0.518903
0.505989
0.519475
0.519475
0.519782
0.525809
0.525938
0.519202
0.520374
0.512987
0.529024
0.526612
0.523233
0.519927
0.520983
0.57784
0.549173
0.517898
0.522446
0.513524
0.519735
0.519252
0.510123
0.515304
0.516285
0.520638
0.521266
0.544341
0.538588
0.52183
0.515349
0.51392
0.537798
0.527179
0.511501
0.528285
0.542242
0.533957
0.532667
0.545014
0.532017
0.515315
0.498839
0.583225
0.514762
0.520242
0.516473
0.522715
0.522502
0.525042
0.520543
0.522309
0.520488
0.519951
0.519934
0.521583
0.515602
0.518731
0.518115
0.519171
0.521561
0.554185
0.517125
0.521696
0.521768
0.534083
0.533108
0.533102
0.516502
0.520503
0.539783
0.617075
0.579106
0.523322
0.521081
0.518002
0.523558
0.518923
0.580353
0.518491
0.519625
0.550412
0.568147
0.523583
0.517436
0.526289
0.520735
0.520548
0.519396
0.523637
0.543678
0.539043
0.52191
0.532532
0.527674
0.546857
0.531812
0.51878
0.518876
0.519796
0.556021
0.518463
0.516667
0.524668
0.531822
0.550807
0.522842
0.519155
0.518601
0.513792
0.522762
0.548406
0.540073
0.579054
0.573183
0.535759
0.514772
0.549964
0.519285
0.514948
0.516636
0.519656
0.518387
0.521712
0.518835
0.517195
0.517644
0.52154
0.522256
0.520253
0.520839
0.510694
0.528816
0.518829
0.543438
0.540735
0.520122
0.519992
0.519206
0.518553
0.523994
0.529684
0.531579
0.520864
0.523584
0.54548
0.522972
0.604825
0.51562
0.524998
0.521281
0.526847
0.526719
0.526691
0.542547
0.517597
0.52473
0.526963
0.53167
0.527042
0.512676
0.519467
0.526216
0.522876
0.519845
0.518905
0.51802
0.524209
0.538851
0.533587
0.513903
0.513348
0.578434
0.580106
0.521461
0.524353
0.521592
0.520237
0.519409
0.517838
0.554446
0.518289
0.523787
0.526348
0.529438
0.51843
0.51927
0.521357
0.527636
0.523941
0.52079
0.520945
0.520062
0.570447
0.512377
0.509758
0.523538
0.538542
0.536875
0.517407
0.517786
0.550373
0.534936
0.521865
0.522718
0.521454
0.519891
0.52383
0.516417
0.531969
0.515202
0.511497
0.514195
0.516305
0.512405
0.516445
0.571963
0.546168
0.520167
0.542812
0.521821
0.522061
0.511405
0.51735
0.520464
0.541973
0.557128
0.516021
0.53301
0.52672
0.520137
0.519387
0.519181
0.520805
0.512225
0.569991
0.519881
0.520789
0.521565
0.521708
0.514362
0.5316
0.534728
0.555556
0.515458
0.523789
0.519152
0.508422
0.507327
0.52069
0.529379
0.521801
0.504558
0.522986
0.519626
0.522526
0.553445
0.518698
0.517845
0.532248
0.523557
0.517647
0.509393
0.516524
0.517419
0.523848
0.533935
0.521183
0.521006
0.524024
0.513191
0.518178
0.515264
0.554986
0.550069
0.531327
0.54399
0.530285
0.53358
0.543109
0.521928
0.522543
0.518421
0.526459
0.511778
0.513511
0.523464
0.516908
0.519424
0.511914
0.523521
0.522283
0.519541
0.519863
0.532074
0.52121
0.521056
0.538462
0.521783
0.523239
0.503645
0.508191
0.525571
0.5129
0.514444
0.513443
0.508372
0.523057
0.522168
0.568167
0.520311
0.548432
0.546606
0.532024
0.557841
0.53349
0.520449
0.521214
0.519563
0.52024
0.506965
0.508619
0.517286
0.513387
0.515129
0.512713
0.581676
0.520452
0.520342
0.522186
0.520664
0.546908
0.513757
0.518099
0.54861
0.539322
0.518875
0.520757
0.519989
0.520884
0.52215
0.527353
0.516597
0.524158
0.520486
0.53103
0.515327
0.524779
0.56211
0.526783
0.522741
0.5326
0.521686
0.524026
0.521504
0.517964
0.513679
0.516062
0.535856
0.533925
0.527268
0.519803
0.520038
0.519622
0.517416
0.517366
0.523488
0.521836
0.543707
0.522822
0.511649
0.522636
0.526136
0.528867
0.516014
0.538621
0.550549
0.515102
0.510004
0.514687
0.557047
0.512151
0.529321
0.527344
0.548071
0.518366
0.524519
0.521551
0.507223
0.525233
0.519376
0.527962
0.532623
0.519175
0.518151
0.523795
0.514644
0.509016
0.583635
0.521286
0.519251
0.519229
0.531088
0.519517
0.52087
0.565505
0.519958
0.520402
0.520731
0.520096
0.51502
0.51704
0.517167
0.51577
0.530064
0.519852
0.523237
0.555857
0.510901
0.534848
0.520295
0.52009
0.581137
0.520185
0.520309
0.519371
0.536883
0.54562
0.560246
0.537626
0.549247
0.523403
0.520387
0.543003
0.543238
0.511195
0.535048
0.534952
0.522553
0.526055
0.520634
0.520105
0.530934
0.519512
0.518047
0.520308
0.55203
0.511136
0.542376
0.50698
0.50707
0.515312
0.51914
0.535749
0.533415
0.50868
0.517044
0.541883
0.5203
0.519107
0.519894
0.519503
0.51647
0.51139
0.52805
0.52475
0.516682
0.528829
0.51341
0.519853
0.518894
0.520088
0.514146
0.519986
0.540545
0.540425
0.520733
0.520596
0.517586
0.581116
0.572221
0.518978
0.509479
0.509624
0.512972
0.546032
0.520793
0.520393
0.518508
0.521169
0.519238
0.525201
0.525873
0.519109
0.521651
0.536236
0.519019
0.551985
0.524199
0.519012
0.520219
0.507608
0.520007
0.520557
0.522039
0.521938
0.518731
0.545592
0.550209
0.516367
0.512649
0.576618
0.517327
0.520299
0.523814
0.520647
0.540044
0.534764
0.521043
0.520217
0.551302
0.561933
0.514213
0.515566
0.530242
0.516846
0.520636
0.520783
0.509178
0.53458
0.505365
0.51126
0.513898
0.519017
0.521085
0.520676
0.533301
0.52664
0.520659
0.509096
0.529563
0.522999
0.545911
0.552419
0.510227
0.52189
0.518072
0.51315
0.503964
0.519832
0.518251
0.557954
0.580117
0.572854
0.520866
0.51882
0.531506
0.519571
0.517666
0.516668
0.518051
0.531547
0.521479
0.523438
0.524108
0.52
0.518238
0.532236
0.519977
0.540245
0.522518
0.525793
0.505334
0.516608
0.520608
0.522775
0.532743
0.538272
0.521365
0.512215
0.516528
0.508534
0.519531
0.519193
0.522927
0.516143
0.520562
0.535432
0.525779
0.516997
0.522077
0.51776
0.535974
0.582893
0.515597
0.522278
0.51518
0.532237
0.52629
0.510895
0.521613
0.520169
0.519564
0.539235
0.519805
0.520132
0.523204
0.519529
0.51681
0.520979
0.520228
0.522198
0.520597
0.523787
0.522768
0.555706
0.507147
0.539137
0.531726
0.563432
0.523105
0.514446
0.545465
0.524407
0.521125
0.530605
0.525793
0.508799
0.527647
0.57566
0.521682
0.528572
0.514201
0.515035
0.511933
0.521872
0.519072
0.550764
0.513551
0.512509
0.521879
0.520753
0.50578
0.531121
0.521487
0.558306
0.517125
0.527852
0.51362
0.512768
0.531014
0.528065
0.512681
0.52571
0.52514
0.512433
0.520785
0.552884
0.520312
0.539701
0.520349
0.5199
0.514107
0.543699
0.531866
0.523138
0.520817
0.557229
0.56041
0.520524
0.532658
0.521474
0.514724
0.527948
0.521829
0.523811
0.518982
0.523172
0.521643
0.519149
0.51186
0.543652
0.521596
0.511732
0.558306
0.564906
0.516169
0.529028
0.523751
0.519518
0.51868
0.518169
0.533804
0.50857
0.533771
0.519553
0.518388
0.552907
0.555329
0.55041
0.515661
0.517053
0.515112
0.533423
0.523588
0.507766
0.510449
0.509085
0.553736
0.554872
0.546398
0.547928
0.521254
0.506342
0.547786
0.51955
0.512825
0.56621
0.520432
0.520444
0.511666
0.525047
0.532181
0.520368
0.513453
0.542597
0.53737
0.581671
0.523259
0.512224
0.522623
0.513566
0.505227
0.522183
0.574182
0.507515
0.506201
0.518037
0.506473
0.533886
0.513427
0.550748
0.508982
0.513485
0.511757
0.507394
0.507688
0.515018
0.519899
0.516815
0.538693
0.511509
0.527868
0.530291
0.512586
0.521015
0.523193
0.559118
0.521536
0.539792
0.512003
0.5212
0.539863
0.520694
0.501633
0.554561
0.532942
0.50866
0.520676
0.514333
0.521167
0.508521
0.569903
0.515745
0.518588
0.542006
0.529423
0.507864
0.537418
0.514835
0.522514
0.523675
0.514416
0.517037
0.502869
0.51816
0.519811
0.519498
0.543396
0.519155
0.521456
0.52281
0.519013
0.528328
0.532037
0.529292
0.52715
0.530642
0.503319
0.543724
0.521257
0.520332
0.510532
0.539504
0.521675
0.520088
0.524223
0.534801
0.521548
0.521282
0.520734
0.55267
0.520154
0.533297
0.532145
0.509066
0.52073
0.52163
0.519375
0.518866
0.511076
0.522408
0.537492
0.513622
0.521105
0.530668
0.517977
0.519969
0.507733
0.521002
0.529279
0.536222
0.516382
0.516717
0.520241
0.526118
0.526627
0.52035
0.519958
0.519249
0.546143
0.527029
0.54683
0.540894
0.501428
0.523064
0.518747
0.515116
0.516949
0.502482
0.504699
0.52266
0.55018
0.522736
0.51803
0.521234
0.516353
0.540342
0.522235
0.520306
0.523968
0.520548
0.520169
0.520777
0.519573
0.51068
0.524316
0.515999
0.50742
0.541401
0.506937
0.556692
0.52168
0.51125
0.519138
0.5033
0.474295
0.518055
0.516907
0.547109
0.519845
0.527396
0.510881
0.513893
0.514354
0.518779
0.517361
0.516273
0.521223
0.521445
0.533845
0.524295
0.503549
0.502776
0.527444
0.51806
0.519706
0.521724
0.516266
0.518321
0.521754
0.519156
0.518974
0.518011
0.518641
0.519782
0.519559
0.530194
0.51889
0.519301
0.526928
0.515291
0.522074
0.519835
0.517838
0.518606
0.546611
0.523787
0.519014
0.52014
0.520371
0.519562
0.519336
0.523708
0.527176
0.52092
0.551187
0.522712
0.553852
0.519763
0.510555
0.519606
0.520132
0.52959
0.565586
0.565802
0.519157
0.517732
0.537855
0.520486
0.518318
0.520231
0.521352
0.516863
0.522901
0.529617
0.493743
0.553582
0.520817
0.555922
0.522931
0.498591
0.519415
0.542053
0.515966
0.503525
0.51628
0.522394
0.527236
0.512925
0.529907
0.519419
0.518771
0.551197
0.520295
0.527114
0.522785
0.503752
0.520274
0.518963
0.519714
0.520244
0.524976
0.5174
0.499972
0.514336
0.571444
0.50546
0.539132
0.516878
0.527597
0.5223
0.519841
0.537648
0.521598
0.511258
0.524562
0.535205
0.516204
0.524025
0.509115
0.521027
0.53618
0.526693
0.519894
0.514979
0.533305
0.515806
0.519737
0.519681
0.521255
0.516393
0.545219
0.521799
0.522053
0.522399
0.521004
0.519524
0.536672
0.521599
0.530981
0.513491
0.532339
0.527415
0.512986
0.517216
0.522721
0.520862
0.499096
0.520801
0.522004
0.519509
0.519739
0.514583
0.540474
0.523693
0.52183
0.520348
0.518397
0.517475
0.519182
0.521833
0.570859
0.520746
0.533824
0.517505
0.521671
0.555165
0.515139
0.521276
0.540477
0.544187
0.520304
0.550853
0.519631
0.517684
0.515497
0.520774
0.517418
0.506233
0.532383
0.511069
0.519044
0.521163
0.538862
0.524739
0.520178
0.532778
0.517552
0.549682
0.517756
0.522984
0.518196
0.519028
0.547385
0.518367
0.519809
0.545106
0.520013
0.519543
0.518802
0.533622
0.522666
0.518618
0.520378
0.521966
0.525681
0.519015
0.519788
0.503829
0.517569
0.535615
0.517647
0.518226
0.520912
0.520026
0.525129
0.51995
0.519942
0.504477
0.525256
0.52005
0.50723
0.530019
0.551327
0.526913
0.516657
0.520512
0.536379
0.519562
0.544681
0.527409
0.519048
0.546975
0.519829
0.517167
0.509434
0.514879
0.519796
0.519682
0.522211
0.522869
0.56343
0.519789
0.505623
0.517253
0.522714
0.519181
0.561448
0.517996
0.533937
0.521001
0.518138
0.525386
0.518759
0.519155
0.529415
0.551189
0.517844
0.502765
0.532302
0.516755
0.550599
0.520601
0.507841
0.516702
0.549085
0.517724
0.542789
0.534017
0.518943
0.514404
0.515859
0.520427
0.513237
0.530475
0.526506
0.522574
0.561962
0.521007
0.521649
0.519227
0.545419
0.518722
0.517702
0.54555
0.529435
0.542819
0.533018
0.517844
0.513827
0.519778
0.528608
0.573595
0.528525
0.535341
0.520873
0.516034
0.521384
0.521075
0.510756
0.517136
0.535235
0.523819
0.521704
0.518694
0.609812
0.501598
0.533141
0.532662
0.525216
0.503561
0.519507
0.522509
0.520732
0.513334
