0.524877
0.525627
0.530853
0.52749
0.519177
0.509787
0.52977
0.531159
0.529317
0.527038
0.524731
0.514594
0.515119
0.525478
0.529241
0.529181
0.520792
0.526021
0.530028
0.512468
0.522878
0.523017
0.521282
0.516522
0.514541
0.519643
0.529135
0.518952
0.524908
0.528755
0.530335
0.526098
0.521208
0.500609
0.526638
0.525527
0.522251
0.515385
0.521672
0.521902
0.523787
0.522667
0.521947
0.526751
0.525847
0.530481
0.52858
0.523999
0.526738
0.523696
0.526637
0.528036
0.518813
0.520195
0.517924
0.517087
0.512605
0.517213
0.517753
0.5226
0.52608
0.517168
0.530058
0.510645
0.521648
0.520555
0.529518
0.531098
0.535575
0.523798
0.531036
0.514359
0.527689
0.515857
0.524244
0.527227
0.527348
0.525611
0.527996
0.529457
0.506838
0.527665
0.518509
0.529577
0.508894
0.516567
0.528784
0.524978
0.526802
0.524394
0.528956
0.53291
0.530691
0.526723
0.525912
0.527569
0.528003
0.528416
0.515486
0.525934
0.530932
0.531705
0.526899
0.525531
0.523881
0.526494
0.520162
0.526417
0.525929
0.524192
0.524291
0.527529
0.528888
0.529418
0.524169
0.522644
0.521206
0.521116
0.520074
0.516759
0.526609
0.517272
0.52299
0.530053
0.505452
0.527039
0.522943
0.52125
0.520302
0.517068
0.528168
0.530811
0.528779
0.525592
0.520932
0.515914
0.52169
0.519707
0.511832
0.510886
0.515582
0.514078
0.52085
0.527378
0.516053
0.526961
0.529863
0.528064
0.526503
0.527294
0.528288
0.522932
0.513667
0.511988
0.515886
0.528363
0.523983
0.520837
0.527462
0.525167
0.523585
0.525042
0.518339
0.529252
0.529701
0.525546
0.525004
0.521513
0.523766
0.526835
0.527531
0.532966
0.531497
0.528708
0.526974
0.529198
0.516311
0.526392
0.522372
0.531001
0.52381
0.526367
0.52273
0.53077
0.530502
0.529145
0.528108
0.522891
0.52038
0.526449
0.525519
0.526585
0.527461
0.524995
0.52498
0.527579
0.52018
0.528983
0.524742
0.513292
0.512492
0.51962
0.528898
0.517221
0.51704
0.517537
0.524821
0.528022
0.529189
0.526765
0.526555
0.528122
0.526747
0.519952
0.528861
0.519206
0.511751
0.52331
0.525609
0.527226
0.531667
0.528178
0.521054
0.526139
0.528969
0.511709
0.532115
0.525466
0.521523
0.527037
0.52371
0.525663
0.516546
0.517305
0.51016
0.526186
0.525954
0.52401
0.514512
0.516794
0.521038
0.527181
0.525937
0.526449
0.52867
0.520159
0.518679
0.524477
0.51132
0.526566
0.524734
0.526458
0.527116
0.528006
0.524291
0.529584
0.525772
0.525784
0.517941
0.528314
0.526323
0.522731
0.526938
0.529171
0.511618
0.525949
0.505786
0.525742
0.526286
0.525595
0.528879
0.527471
0.526179
0.525511
0.514673
0.518742
0.508117
0.529693
0.518942
0.520383
0.516411
0.524893
0.520702
0.510902
0.525344
0.523188
0.52331
0.526367
0.526825
0.510438
0.529262
0.524119
0.521931
0.528185
0.529165
0.524775
0.524853
0.52701
0.525931
0.519216
0.523957
0.525135
0.527339
0.524967
0.523254
0.527661
0.53067
0.526319
0.526419
0.524789
0.520089
0.524194
0.529193
0.527109
0.507796
0.526902
0.529289
0.517217
0.527325
0.503761
0.520276
0.524917
0.523832
0.516063
0.527056
0.524768
0.528003
0.528767
0.515903
0.51052
0.524048
0.528378
0.523314
0.512107
0.512887
0.531385
0.51807
0.526026
0.527508
0.525904
0.522559
0.533627
0.526005
0.528112
0.518039
0.522354
0.52641
0.521549
0.525023
0.532797
0.524894
0.522357
0.521331
0.525955
0.537364
0.516481
0.526142
0.524384
0.524276
0.527872
0.52977
0.525518
0.526013
0.523185
0.525299
0.531026
0.524041
0.51325
0.511595
0.511601
0.526021
0.519261
0.527387
0.531314
0.515266
0.529147
0.529082
0.529138
0.525308
0.522616
0.527837
0.520979
0.526808
0.52105
0.527796
0.502267
0.526315
0.525974
0.5301
0.526068
0.524829
0.525762
0.524608
0.520533
0.528109
0.525818
0.523432
0.525701
0.52367
0.522211
0.533203
0.529061
0.527547
0.528512
0.527734
0.526223
0.517704
0.524866
0.524637
0.525144
0.50886
0.525923
0.528361
0.523827
0.524893
0.52865
0.529494
0.525626
0.526306
0.530233
0.531515
0.530608
0.529033
0.528649
0.530807
0.527764
0.516014
0.513796
0.52254
0.536434
0.517319
0.526906
0.517582
0.512354
0.517533
0.51769
0.527297
0.5309
0.525785
0.529445
0.518215
0.519579
0.526072
0.508629
0.521162
0.517084
0.526439
0.525922
0.526305
0.520201
0.510205
0.525985
0.524864
0.516627
0.53115
0.521098
0.525757
0.526827
0.531517
0.51138
0.520985
0.510929
0.52298
0.518141
0.511892
0.518758
0.515279
0.528978
0.5294
0.516215
0.529189
0.516771
0.527541
0.511075
0.530316
0.521764
0.524584
0.517784
0.520925
0.517671
0.523003
0.514947
0.517627
0.513412
0.519051
0.522255
0.513806
0.524483
0.524718
0.511305
0.521058
0.522935
0.52356
0.51585
0.521107
0.533511
0.522502
0.51638
0.524605
0.524502
0.515823
0.513297
0.525021
0.518239
0.5113
0.513017
0.52494
0.509944
0.527245
0.527542
0.530097
0.527956
0.528407
0.528898
0.527094
0.534757
0.528429
0.515542
0.521732
0.51952
0.526281
0.531864
0.526823
0.517636
0.528182
0.524858
0.52438
0.518796
0.517828
0.522333
