0.539528
0.54516
0.550058
0.519246
0.530911
0.499839
0.510145
0.521205
0.521474
0.522
0.53234
0.561954
0.518205
0.517352
0.518154
0.517675
0.518853
0.51985
0.519199
0.519797
0.519343
0.52041
0.520467
0.531819
0.536041
0.519599
0.518951
0.511922
0.511075
0.570769
0.592424
0.561036
0.518568
0.518918
0.524415
0.521373
0.51201
0.51379
0.520637
0.520285
0.532348
0.546062
0.552047
0.524136
0.521925
0.524032
0.5323
0.514042
0.506312
0.52117
0.551044
0.519855
0.529613
0.520756
0.520008
0.520997
0.520894
0.519645
0.544136
0.516558
0.546345
0.547164
0.54044
0.522767
0.519654
0.519861
0.521619
0.53181
0.528191
0.538365
0.53627
0.520236
0.52058
0.514826
0.51451
0.53601
0.533861
0.523517
0.522818
0.527768
0.523003
0.524
0.51427
0.524741
0.540122
0.530472
0.543336
0.521309
0.521839
0.511122
0.512132
0.51956
0.56586
0.553071
0.560379
0.544437
0.555972
0.539575
0.534881
0.563086
0.565149
0.553631
0.521153
0.520519
0.518954
0.534452
0.533181
0.522454
0.541024
0.523709
0.521652
0.522786
0.526576
0.537189
0.524254
0.529991
0.519454
0.526032
0.523118
0.524017
0.521508
0.519424
0.516163
0.516396
0.519997
0.521288
0.525194
0.517776
0.517001
0.511467
0.523046
0.523255
0.522536
0.515402
0.515696
0.525523
0.521219
0.521222
0.532525
0.521451
0.521672
0.520095
0.545543
0.516735
0.52397
0.520663
0.52055
0.520885
0.518319
0.52349
0.520857
0.520716
0.523429
0.531476
0.528271
0.518385
0.517294
0.517957
0.55355
0.555333
0.544626
0.524972
0.525254
0.532377
0.526827
0.531429
0.543768
0.536499
0.532067
0.527798
0.5194
0.518281
0.527635
0.516938
0.517559
0.516808
0.516317
0.51564
0.514901
0.50709
0.509507
0.561115
0.506926
0.522201
0.522971
0.515138
0.522578
0.549282
0.526317
0.52258
0.521761
0.52026
0.519395
0.522016
0.520843
0.510772
0.541985
0.531904
0.521082
0.535639
0.534028
0.51977
0.519413
0.522986
0.532063
0.525139
0.521604
0.533169
0.518519
0.516432
0.515774
0.521934
0.52271
0.521837
0.518638
0.518785
0.549641
0.519423
0.51764
0.551892
0.530914
0.524534
0.522324
0.524353
0.521165
0.518174
0.517077
0.51802
0.520541
0.520227
0.51596
0.509146
0.517632
0.517901
0.515497
0.519629
0.519449
0.524398
0.529688
0.530716
0.555777
0.556187
0.549383
0.510042
0.517714
0.574334
0.572854
0.558921
0.523176
0.532647
0.558016
0.523764
0.518898
0.519715
0.512925
0.513324
0.515655
0.539903
0.536806
0.55285
0.532259
0.523215
0.529325
0.525004
0.533386
0.522177
0.510393
0.519853
0.519616
0.528841
0.530479
0.520283
0.519211
0.514636
0.511614
0.519478
0.524001
0.5191
0.51882
0.507808
0.511619
0.522211
0.525323
0.521806
0.524845
0.531985
0.518561
0.518914
0.518715
0.52515
0.520176
0.523504
0.520111
0.513147
0.521083
0.521032
0.521138
0.519487
0.519318
0.53555
0.533629
0.538233
0.510718
0.51017
0.511316
0.530381
0.514402
0.585568
0.567693
0.520619
0.519477
0.528235
0.543066
0.565875
0.548317
0.515887
0.549329
0.53537
0.542224
0.538967
0.522363
0.517115
0.522653
0.519388
0.521186
0.522617
0.522103
0.507613
0.520995
0.564965
0.52045
0.519381
0.51958
0.519927
0.546389
0.543085
0.520318
0.519545
0.520555
0.520602
0.51984
0.523775
0.521729
0.542102
0.53284
0.546936
0.561663
0.553213
0.555383
0.566866
0.570011
0.550594
0.519718
0.522612
0.521397
0.520259
0.505368
0.521962
0.511638
0.510713
0.521518
0.521193
0.520557
0.521866
0.522323
0.546142
0.550721
0.548585
0.51638
0.522094
0.505373
0.508569
0.520926
0.511923
0.519955
0.519075
0.523876
0.520229
0.520277
0.515551
0.513308
0.51486
0.509192
0.512079
0.517769
0.521651
0.528756
0.537636
0.558521
0.521123
0.533034
0.526525
0.519318
0.518983
0.521256
0.545894
0.525326
0.5488
0.533041
0.514602
0.516468
0.512132
0.523639
0.532466
0.536552
0.519316
0.521925
0.520563
0.522465
0.521432
0.52129
0.523423
0.52752
0.535576
0.519971
0.543316
0.508975
0.511905
0.506885
0.50692
0.515265
0.517621
0.510348
0.517636
0.520396
0.520441
0.527576
0.53895
0.516969
0.55143
0.520144
0.520079
0.519594
0.519852
0.520801
0.511182
0.522003
0.52164
0.570848
0.554991
0.523903
0.525935
0.515861
0.519889
0.510462
0.512527
0.511552
0.519812
0.519991
0.519904
0.539459
0.535571
0.520656
0.514189
0.516515
0.517087
0.527831
0.531046
0.543148
0.536846
0.539534
0.520083
0.518621
0.528456
0.512744
0.521737
0.521636
0.518926
0.522791
0.532725
0.512842
0.538721
0.520008
0.512086
0.512217
0.515825
0.515475
0.517066
0.519877
0.519338
0.521407
0.517802
0.520715
0.522075
0.523351
0.523238
0.522969
0.518501
0.520569
0.536978
0.519657
0.521643
0.558828
0.547467
0.53511
0.536569
0.521424
0.523549
0.530746
0.530613
0.519812
0.582503
0.530797
0.517028
0.515438
0.519525
0.521941
0.520292
0.515288
0.571561
0.535459
0.521717
0.54211
0.557327
0.519241
0.521504
0.520882
0.520073
0.559958
0.53942
0.529122
0.52514
0.520624
0.521962
0.549817
0.522283
0.521123
0.523268
0.518953
0.52264
0.520301
0.535958
0.586678
0.533002
0.524227
0.588501
0.573703
0.522926
0.521654
0.527583
0.530272
0.521785
0.536445
0.511813
0.565078
0.521394
0.520503
0.507757
0.5118
0.510934
0.512298
0.518748
0.518013
0.519279
0.519241
0.519558
0.518386
0.519283
0.522063
0.522869
0.511592
0.530433
0.533461
0.537112
0.542788
0.520168
0.52108
0.516931
0.522769
0.521345
0.518478
0.518856
0.516818
0.51779
0.504514
0.521063
0.521524
0.522751
0.522346
0.522044
0.557693
0.518928
0.537316
0.532915
0.518201
0.52271
0.520554
0.527724
0.527113
0.531036
0.528318
0.522073
0.51835
0.512998
0.518604
0.529551
0.526307
0.516714
0.519739
0.520343
0.518674
0.521902
0.530757
0.535491
0.53812
0.520035
0.51976
0.526656
0.549634
0.512572
0.516035
0.521231
0.517249
0.518528
0.561853
0.535708
0.518353
0.543646
0.513649
0.514748
0.516584
0.514197
0.51733
0.518896
0.518893
0.518722
0.588052
0.571135
0.501449
0.523115
0.512749
0.529391
0.522363
0.521252
0.522173
0.527456
0.518782
0.522324
0.522282
0.537235
0.506917
0.526796
0.515749
0.510225
0.510557
0.520458
0.522843
0.523909
0.511676
0.515552
0.515393
0.541799
0.522841
0.520298
0.521706
0.524134
0.516255
0.519445
0.559566
0.516606
0.522608
0.519693
0.511223
0.520094
0.521519
0.521667
0.521834
0.520294
0.519255
0.517249
0.545064
0.560029
0.522413
0.523524
0.526911
0.520964
0.527423
0.526565
0.516924
0.556174
0.55722
0.507877
0.509369
0.52048
0.537909
0.513632
0.505483
0.507923
0.505908
0.508508
0.522397
0.522445
0.538771
0.520162
0.518321
0.528025
0.523787
0.51251
0.522501
0.518766
0.521595
0.516898
0.531256
0.519823
0.509219
0.521675
0.520625
0.521979
0.532053
0.513848
0.523148
0.517811
0.522232
0.547447
0.540379
0.561103
0.547098
0.523185
0.521415
0.516475
0.532074
0.538197
0.522726
0.521112
0.511595
0.510466
0.523615
0.520504
0.528659
0.517763
0.53544
0.516401
0.519065
0.521522
0.526678
0.506263
0.52216
0.503765
0.508698
0.517388
0.514932
0.517721
0.554708
0.552087
0.520872
0.520009
0.523257
0.547956
0.535263
0.521516
0.520102
0.520613
0.515061
0.51254
0.523272
0.534435
0.521314
0.520534
0.519597
0.52136
0.520114
0.521839
0.553496
0.511138
0.518572
0.55227
0.519377
0.521391
0.520395
0.521736
0.521056
0.52258
0.520553
0.523593
0.525066
0.5256
0.55404
0.534282
0.520373
0.516368
0.519076
0.51874
0.518489
0.558446
0.535525
0.526644
0.518032
0.519574
0.532212
0.537563
0.533364
0.52207
0.520705
0.51613
0.523785
0.523155
0.508874
0.514579
0.518313
0.516436
0.540102
0.542304
0.551257
0.520601
0.520368
0.520225
0.526857
0.51906
0.522174
0.537657
0.522343
0.52179
0.548945
0.512904
0.522149
0.533141
0.52234
0.504834
0.508267
0.541186
0.516553
0.520892
0.514728
0.521985
0.515544
0.509978
0.530892
0.55588
0.553229
0.521749
0.533882
0.518447
0.5273
0.533872
0.503054
0.561699
0.570746
0.515955
0.522488
0.523459
0.52398
0.52355
0.518473
0.523351
0.533208
0.515067
0.51192
0.518475
0.534808
0.556824
0.53489
0.532783
0.523262
0.521722
0.520923
0.52107
0.56792
0.51993
0.519706
0.522397
0.515278
0.516202
0.539995
0.516733
0.507492
0.518082
0.512671
0.515273
0.527312
0.520425
0.557302
0.531721
0.525745
0.520562
0.521124
0.537953
0.520609
0.541308
0.515873
0.521434
0.573029
0.546679
0.554085
0.523541
0.52068
0.541113
0.522214
0.512123
0.514029
0.537737
0.526612
0.515783
0.519545
0.528275
0.523562
0.534113
0.520951
0.521426
0.519956
0.554249
0.524145
0.515813
0.543961
0.507252
0.527015
0.540069
0.517089
0.560769
0.519936
0.510631
0.517388
0.513246
0.534572
0.530225
0.54626
0.523078
0.529259
0.520704
0.519374
0.519095
0.522163
0.520329
0.520677
0.517669
0.518223
0.542537
0.513025
0.519486
0.520125
0.52228
0.519271
0.519255
0.509401
0.519366
0.516172
0.513661
0.532119
0.521553
0.519083
0.517832
0.521423
0.515945
0.518852
0.527345
0.524337
0.520547
0.5203
0.50849
0.544677
0.523193
0.545508
0.516865
0.511508
0.520932
0.524645
0.527764
0.51989
0.520144
0.541394
0.548774
0.546014
0.517912
0.51201
0.544116
0.540158
0.528865
0.522338
0.512067
0.513137
0.575692
0.515192
0.535192
0.509653
0.51443
0.525736
0.519922
0.519744
0.521842
0.521103
0.503449
0.526511
0.535076
0.515277
0.518979
0.525925
0.559523
0.519427
0.56856
0.521059
0.522281
0.533459
0.516146
0.539352
0.519192
0.518096
0.518203
0.533412
0.550394
0.534791
0.521583
0.517271
0.532414
0.520363
0.568623
0.532653
0.525559
0.516866
0.540369
0.539391
0.540535
0.545405
0.51905
0.513366
0.524838
0.56488
0.518131
0.521022
0.524359
0.533759
0.528116
0.52546
0.518287
0.533941
0.541002
0.572786
0.542787
0.539214
0.517155
0.515607
0.51284
0.522521
0.531805
0.544117
0.520591
0.510349
0.513222
0.53196
0.542842
0.530823
0.522412
0.529672
0.519023
0.5323
0.520553
0.532461
0.511266
0.566941
0.552652
0.52025
0.542169
0.535055
0.531295
0.542237
0.520716
0.524875
0.514423
0.509013
0.521891
0.521968
0.527426
0.52406
0.542007
0.511089
0.520943
0.516509
0.510714
0.513087
0.517558
0.556185
0.549627
0.511558
0.512711
0.560027
0.512182
0.522625
0.521456
0.505233
0.522676
0.519418
0.518022
0.551107
0.52067
0.519675
0.527764
0.51519
0.521051
0.51469
0.523978
0.522107
0.509606
0.528061
0.519641
0.522751
0.561701
0.522503
0.532141
0.530648
0.520966
0.524119
0.522907
0.520397
0.518581
0.519186
0.521786
0.520254
0.539619
0.513817
0.520543
0.524775
0.520563
0.538192
0.525276
0.5263
0.58941
0.519428
0.515754
0.544836
0.531429
0.519865
0.533686
0.519394
0.52328
0.572825
0.520557
0.538875
0.522933
0.51599
0.528724
0.510319
0.508182
0.5248
0.509359
0.540512
0.536855
0.536061
0.505739
0.522447
0.520234
0.510824
0.560451
0.519054
0.55074
0.553765
0.55251
0.541998
0.532734
0.522858
0.517218
0.519966
0.501571
0.511268
0.545067
0.520255
0.51795
0.51536
0.528534
0.509907
0.517663
0.522029
0.558263
0.50867
0.510213
0.51734
0.552271
0.550562
0.555933
0.54985
0.521163
0.550653
0.520125
0.541433
0.522958
0.521051
0.533525
0.520546
0.520616
0.522906
0.518959
0.527859
0.532784
0.533153
0.514314
0.508622
0.52208
0.520034
0.543915
0.521414
0.514906
0.514103
0.512974
0.501423
0.519456
0.518516
0.52752
0.514583
0.542722
0.522664
0.51574
0.53868
0.509026
0.517019
0.520558
0.516356
0.521175
0.524033
0.522213
0.541437
0.526675
0.512857
0.535155
0.533446
0.52079
0.500339
0.508318
0.521522
0.521712
0.515671
0.542802
0.509351
0.527986
0.551422
0.511924
0.522424
0.510527
0.53568
0.529526
0.51787
0.52155
0.535335
0.503592
0.518446
0.516979
0.520009
0.52106
0.539999
0.522563
0.51202
0.520463
0.518918
0.535443
0.527754
0.559263
0.520534
0.519184
0.534111
0.53019
0.560274
0.519337
0.520136
0.525586
0.518754
0.517842
0.522902
0.52023
0.537212
0.511198
0.554275
0.521002
0.520816
0.518292
0.520572
0.508567
0.515187
0.511829
0.531412
0.517919
0.517209
0.516589
0.518868
0.533442
0.51741
0.519187
0.526461
0.533655
0.524748
0.512097
0.521244
0.548684
0.534734
0.515942
0.519171
0.516338
0.555924
0.55802
0.5074
0.520222
0.507828
0.534104
0.51979
0.526053
0.516849
0.512278
0.514937
0.518932
0.515479
0.517847
0.515674
0.515622
0.520027
0.523166
0.51573
0.546619
0.520705
0.521858
0.520801
0.520888
0.520338
0.53608
0.52172
0.505173
0.50873
0.511867
0.51186
0.513878
0.5163
0.511048
0.567843
0.574486
0.516414
0.522762
0.535794
0.535377
0.525776
0.52047
0.506107
0.511466
0.519255
0.519074
0.536855
0.542308
0.519329
0.508097
0.512193
0.512366
0.528202
0.514153
0.532954
0.5378
0.519789
0.521368
0.505909
0.516727
0.51838
0.520647
0.518324
0.514602
0.520014
0.515472
0.523852
0.514482
0.521931
0.522691
0.566057
0.53573
0.520649
0.539271
0.522822
0.525591
0.522538
0.520311
0.512079
0.510036
0.554768
0.520455
0.528588
0.508272
0.552248
0.51835
0.520402
0.520747
0.541727
0.522109
0.51998
0.519211
0.519985
0.512227
0.518471
0.567373
0.518609
0.538681
0.538952
0.516407
0.56544
0.516696
0.517399
0.520988
0.520169
0.52511
0.520608
0.514849
0.523121
0.522277
0.514795
0.510398
0.524009
0.507053
0.536296
0.535785
0.524325
0.526388
0.52943
0.528788
0.523204
0.520547
0.519508
0.520339
0.514204
0.518463
0.508103
0.512255
0.533169
0.531927
0.523506
0.516625
0.553938
0.529576
0.532504
0.533125
0.519658
0.520178
0.521457
0.529241
0.516755
0.520861
0.516801
0.508516
0.50325
0.504588
0.516599
0.517099
0.519781
0.520251
0.530411
0.506712
0.536055
0.519839
0.515217
0.508999
0.512964
0.511676
0.521176
0.519082
0.5252
0.546218
0.519751
0.527281
0.526363
0.51724
0.516622
0.521357
0.539511
0.523613
0.517547
0.527459
0.521803
0.524243
0.544469
0.516853
0.535062
0.5154
0.520742
0.520955
0.50969
0.516455
0.519388
0.522888
0.523293
0.518957
0.529872
0.509394
0.522048
0.538509
0.522031
0.513116
0.516787
0.54501
0.549975
0.518254
0.520309
0.52597
0.530011
0.526461
0.545892
0.519954
0.519328
0.522327
0.535399
0.51816
0.517867
0.51718
0.542816
0.515606
0.521311
0.508999
0.509303
0.520798
0.515384
0.520151
0.536764
0.510119
0.508467
0.523115
0.529449
0.506274
0.521431
0.526841
0.523723
0.517715
0.518501
0.522687
0.520764
0.519154
0.51917
0.527928
0.521222
0.524341
0.521843
0.520155
0.535659
0.519589
0.521958
0.517637
0.526772
0.515999
0.520855
0.520035
0.50585
0.527762
0.526928
0.518599
0.521554
0.521781
0.518536
0.511136
0.523036
0.527415
0.511518
0.537686
0.519711
0.519032
0.517635
0.547622
0.530672
0.536797
0.536818
0.528036
0.508584
0.543751
0.526979
0.526835
0.523655
0.521593
0.550011
0.521156
0.527432
0.549601
0.515337
0.524647
0.516808
0.521876
0.520814
0.521284
0.520977
0.516155
0.520155
0.517912
0.517886
0.512886
0.521328
0.524006
0.519767
0.531481
0.531076
0.539641
0.517645
0.520652
0.520527
0.513167
0.518968
0.514681
0.531416
0.545798
0.516826
0.527124
0.518972
0.518199
0.521166
0.52178
0.519411
0.529793
0.510367
0.518488
0.515859
0.522685
0.517201
0.540334
0.521972
0.518578
0.521774
0.518995
0.520462
0.518638
0.52039
0.520633
0.518166
0.521432
0.517897
0.520999
0.510151
0.520473
0.530752
0.51985
0.530828
0.525577
0.51871
0.509381
