0.518245
0.520939
0.52166
0.516232
0.516904
0.528627
0.512496
0.516989
0.54722
0.54083
0.523686
0.520058
0.541701
0.556194
0.540859
0.517959
0.519609
0.521376
0.520004
0.520326
0.504861
0.509923
0.534333
0.538952
0.532452
0.531102
0.528986
0.507963
0.507995
0.529492
0.516213
0.512528
0.514641
0.522855
0.517774
0.517513
0.515828
0.522919
0.508939
0.508824
0.505521
0.510538
0.509011
0.52197
0.521332
0.53174
0.543758
0.537855
0.527558
0.522128
0.521601
0.514469
0.511023
0.515858
0.523878
0.521387
0.521713
0.519739
0.519525
0.521308
0.513438
0.521274
0.522179
0.52259
0.516079
0.514549
0.53078
0.522017
0.521687
0.515372
0.516126
0.561689
0.548208
0.538712
0.539871
0.522434
0.517515
0.518289
0.518504
0.51072
0.514054
0.531876
0.536257
0.517394
0.518706
0.518993
0.518801
0.518708
0.53142
0.53155
0.531941
0.540513
0.519436
0.519568
0.518535
0.523492
0.52364
0.521481
0.521965
0.518809
0.52005
0.520896
0.520186
0.520569
0.519939
0.521238
0.544859
0.522719
0.52107
0.520527
0.521004
0.542033
0.541867
0.545139
0.536588
0.521451
0.522545
0.520939
0.516764
0.607909
0.614516
0.550796
0.515267
0.519638
0.520202
0.519575
0.522433
0.521617
0.511215
0.512006
0.515237
0.521732
0.516745
0.531689
0.523013
0.572238
0.516704
0.517711
0.535346
0.51875
0.557271
0.52108
0.521796
0.527395
0.515861
0.523134
0.5265
0.514525
0.510376
0.516153
0.522099
0.521549
0.52992
0.513481
0.517895
0.533376
0.531706
0.535185
0.527137
0.525114
0.516798
0.523085
0.546399
0.55746
0.522404
0.524731
0.521423
0.514298
0.516036
0.511473
0.524287
0.525888
0.52057
0.522403
0.524321
0.522458
0.521942
0.529033
0.520614
0.520341
0.517104
0.518065
0.515836
0.519914
0.518361
0.519678
0.520001
0.515446
0.516546
0.516177
0.517608
0.532006
0.515955
0.517046
0.518405
0.596412
0.566584
0.525407
0.521731
0.510651
0.512303
0.509092
0.522469
0.519591
0.519794
0.521687
0.521875
0.521578
0.548748
0.538488
0.53154
0.515589
0.517185
0.519264
0.517558
0.517795
0.517044
0.518039
0.517579
0.519302
0.529437
0.519363
0.515564
0.523542
0.522474
0.520977
0.516996
0.516508
0.516879
0.516946
0.515974
0.517474
0.53473
0.526781
0.518407
0.522149
0.521382
0.518117
0.535253
0.517594
0.521671
0.522237
0.547401
0.522714
0.520227
0.521886
0.554157
0.538984
0.520517
0.511847
0.51065
0.539476
0.521295
0.523785
0.522378
0.531957
0.537517
0.523237
0.523103
0.542086
0.539772
0.518588
0.518213
0.516923
0.521709
0.522505
0.521384
0.522392
0.519768
0.522307
0.52095
0.52021
0.519767
0.520581
0.520187
0.52027
0.520638
0.52254
0.509434
0.511993
0.568989
0.51853
0.512892
0.506029
0.523568
0.51546
0.548998
0.556097
0.547325
0.519345
0.519807
0.519591
0.518952
0.51892
0.558046
0.519859
0.525431
0.515962
0.520991
0.519031
0.522349
0.523696
0.534677
0.536682
0.532073
0.518961
0.517052
0.521568
0.524278
0.523334
0.516709
0.523842
0.52619
0.549289
0.563626
0.522541
0.524485
0.533698
0.519763
0.52
0.519982
0.549189
0.515939
0.511642
0.517299
0.520362
0.515011
0.509841
0.514806
0.52919
0.519512
0.57572
0.58186
0.52473
0.530445
0.51181
0.510906
0.526854
0.534984
0.511532
0.515351
0.521579
0.533108
0.53353
0.519781
0.519007
0.520446
0.520493
0.520795
0.527707
0.528464
0.522397
0.52179
0.521903
0.534661
0.55921
0.553679
0.5734
0.559739
0.574929
0.522447
0.520892
0.509061
0.520232
0.549001
0.545109
0.519995
0.542376
0.523539
0.519084
0.53321
0.529801
0.52235
0.538747
0.514734
0.517489
0.57103
0.523265
0.523282
0.55825
0.517254
0.519758
0.523269
0.515903
0.528739
0.511112
0.504003
0.516625
0.519662
0.517132
0.524584
0.522307
0.518631
0.51684
0.507441
0.516347
0.514196
0.517865
0.522886
0.544838
0.518159
0.517236
0.520936
0.507638
0.532705
0.562479
0.542607
0.521176
0.521601
0.515825
0.520311
0.514579
0.52037
0.517389
0.507802
0.514754
0.504643
0.514486
0.563915
0.588878
0.520782
0.51658
0.518755
0.519098
0.51796
0.520919
0.519887
0.52339
0.523298
0.530887
0.520168
0.526258
0.529677
0.511856
0.508726
0.518676
0.512388
0.519446
0.535875
0.547243
0.540181
0.518754
0.578807
0.5841
0.56234
0.563226
0.538434
0.524339
0.524485
0.523318
0.515908
0.520112
0.519116
0.51895
0.592633
0.522638
0.52961
0.51978
0.529615
0.521207
0.523772
0.524029
0.517769
0.517958
0.520083
0.520619
0.519986
0.520599
0.522937
0.536794
0.522274
0.526605
0.533645
0.585624
0.596577
0.533681
0.525176
0.520691
0.517429
0.535134
0.558769
0.545852
0.550279
0.538612
0.537199
0.556014
0.569685
0.521422
0.587982
0.518926
0.504777
0.515722
0.519425
0.519592
0.523821
0.554297
0.552623
0.516985
0.530606
0.52036
0.511611
0.52133
0.527473
0.513264
0.523223
0.521092
0.52005
0.520792
0.521061
0.559692
0.519951
0.536763
0.521071
0.537278
0.549634
0.515258
0.532837
0.535318
0.519264
0.522203
0.537741
0.525414
0.524493
0.531092
0.527118
0.520239
0.525488
0.52751
0.521574
0.521294
0.5174
0.52169
0.524683
0.524864
0.562634
0.537276
0.528138
0.540104
0.520853
0.518529
0.510026
0.554175
0.522143
0.538639
0.531371
0.531895
0.508869
0.510719
0.521213
0.520337
0.520899
0.516376
0.516032
0.520882
0.520757
0.519398
0.524462
0.527558
0.568991
0.552779
0.509449
0.522516
0.524991
0.52784
0.519253
0.523124
0.52261
0.524235
0.520512
0.51881
0.547021
0.546971
0.554417
0.520146
0.516979
0.521869
0.522606
0.548399
0.542194
0.521737
0.515439
0.518886
0.51274
0.519168
0.520487
0.523038
0.521921
0.522221
0.515514
0.513094
0.518947
0.520084
0.520248
0.520842
0.520354
0.52151
0.516665
0.525823
0.541657
0.518498
0.520269
0.521821
0.52223
0.52315
0.514284
0.521278
0.521428
0.521341
0.520987
0.57788
0.560093
0.551448
0.518729
0.536491
0.520425
0.51836
0.518452
0.518222
0.517015
0.511304
0.51181
0.517797
0.52101
0.521881
0.522585
0.521269
0.519979
0.508683
0.520082
0.518857
0.522132
0.522407
0.513604
0.518753
0.52031
0.52006
0.558706
0.521512
0.523273
0.526906
0.515538
0.523297
0.518756
0.52353
0.518574
0.516567
0.517194
0.514139
0.552775
0.53208
0.527361
0.525731
0.519268
0.522926
0.509833
0.542921
0.551133
0.518569
0.599654
0.51471
0.513386
0.515804
0.522392
0.534441
0.531916
0.519186
0.526161
0.584624
0.571929
0.515118
0.530325
0.519938
0.51957
0.522593
0.518659
0.516457
0.522072
0.521526
0.522808
0.525873
0.536605
0.517526
0.553492
0.550889
0.517199
0.516762
0.533466
0.530667
0.517518
0.518278
0.51673
0.571072
0.564511
0.508118
0.510023
0.510588
0.518351
0.516921
0.5203
0.520041
0.523186
0.522731
0.514595
0.521424
0.521469
0.527911
0.520661
0.525811
0.564222
0.520502
0.520138
0.521331
0.544073
0.530235
0.520817
0.551297
0.520956
0.55966
0.538478
0.519624
0.521917
0.553239
0.520799
0.513258
0.497541
0.509987
0.519595
0.524206
0.520882
0.528756
0.526502
0.516546
0.516932
0.51383
0.517942
0.518357
0.519444
0.521322
0.524992
0.520089
0.521872
0.562232
0.554935
0.519598
0.521797
0.520482
0.520697
0.520484
0.536673
0.597006
0.577736
0.521795
0.522136
0.524647
0.511876
0.522111
0.518736
0.525641
0.520483
0.509168
0.512904
0.511803
0.51619
0.522358
0.522095
0.5227
0.523641
0.57172
0.584403
0.526935
0.519348
0.52315
0.521754
0.511195
0.511928
0.518564
0.510554
0.516064
0.522683
0.523919
0.511535
0.518027
0.516877
0.5201
0.521402
0.520322
0.5053
0.513561
0.515927
0.515585
0.511724
0.517697
0.517424
0.562267
0.587672
0.576045
0.518136
0.52334
0.514722
0.531695
0.521723
0.522849
0.575961
0.56034
0.512431
0.520701
0.517052
0.511233
0.52224
0.51275
0.520004
0.555213
0.544055
0.520796
0.520764
0.515442
0.514251
0.574882
0.520084
0.519709
0.541
0.52245
0.533195
0.521936
0.566446
0.522964
0.572145
0.591704
0.508555
0.50837
0.522817
0.52849
0.521472
0.517813
0.518367
0.519955
0.543529
0.550849
0.520176
0.520738
0.520374
0.517969
0.517025
0.515286
0.51181
0.529165
0.519069
0.52169
0.525231
0.541028
0.536917
0.555342
0.523004
0.523635
0.526456
0.569456
0.521162
0.51803
0.517042
0.527369
0.520234
0.521992
0.517633
0.529677
0.517426
0.552569
0.522213
0.516959
0.523674
0.528949
0.529636
0.516654
0.516224
0.518329
0.548633
0.520946
0.522219
0.515195
0.522581
0.506893
0.509286
0.514753
0.529679
0.529302
0.522484
0.521109
0.58217
0.593805
0.550096
0.549837
0.521762
0.514854
0.515295
0.522747
0.51768
0.522219
0.537695
0.529487
0.511102
0.532055
0.538714
0.536083
0.519753
0.520008
0.518696
0.515736
0.507765
0.514621
0.520768
0.516609
0.522299
0.519489
0.547314
0.517881
0.519182
0.503516
0.505368
0.539561
0.521317
0.526768
0.539106
0.51723
0.52408
0.557947
0.521439
0.515482
0.51838
0.521216
0.516326
0.516775
0.511642
0.511733
0.522592
0.522887
0.526024
0.510903
0.519561
0.505252
0.52087
0.585657
0.570813
0.558865
0.527222
0.536726
0.536111
0.518604
0.52717
0.518744
0.519321
0.519026
0.545816
0.519765
0.521433
0.508334
0.533237
0.517693
0.526525
0.531663
0.511969
0.507954
0.521876
0.535801
0.529551
0.544052
0.522059
0.521229
0.520658
0.520763
0.518083
0.519906
0.523642
0.520007
0.514466
0.526204
0.505339
0.520372
0.520662
0.519365
0.517426
0.520065
0.546969
0.531407
0.562854
0.512372
0.528762
0.52171
0.521139
0.522327
0.52034
0.520494
0.523168
0.517585
0.521692
0.531601
0.531212
0.533054
0.512331
0.512024
0.585956
0.572018
0.568647
0.54707
0.519347
0.539585
0.563002
0.518267
0.518354
0.517383
0.518528
0.516055
0.520251
0.532369
0.541115
0.530747
0.516333
0.52897
0.511469
0.562695
0.516795
0.520909
0.510846
0.516942
0.527921
0.555777
0.520197
0.51977
0.51876
0.532426
0.518717
0.516472
0.518605
0.520751
0.517531
0.515504
0.520873
0.520978
0.521836
0.517327
0.512129
0.511382
0.518327
0.517487
0.513535
0.526834
0.535914
0.532975
0.519036
0.519134
0.551059
0.52277
0.567963
0.547047
0.527207
0.525385
0.522127
0.510513
0.526694
0.522652
0.520913
0.520171
0.525053
0.516165
0.518047
0.528603
0.521615
0.521271
0.515949
0.515043
0.552171
0.516819
0.51671
0.532227
0.52975
0.52278
0.522362
0.521533
0.517416
0.513274
0.511891
0.519494
0.518996
0.555057
0.513762
0.539728
0.529692
0.528321
0.523683
0.524242
0.555458
0.512366
0.515728
0.554061
0.521263
0.526323
0.528603
0.526671
0.519613
0.518899
0.520043
0.528263
0.546121
0.521745
0.521891
0.521033
0.538682
0.518045
0.530284
0.526971
0.514774
0.520601
0.516948
0.520427
0.515986
0.52421
0.518391
0.519986
0.553021
0.513722
0.536404
0.520579
0.534864
0.51976
0.517021
0.544537
0.539441
0.522736
0.528909
0.521885
0.524621
0.531002
0.515671
0.522542
0.519954
0.52357
0.522381
0.517892
0.521693
0.52231
0.521451
0.542643
0.547398
0.517972
0.522011
0.567012
0.516481
0.521165
0.531601
0.522305
0.550713
0.569539
0.514705
0.517782
0.521699
0.509544
0.567745
0.575807
0.571488
0.519726
0.506214
0.507358
0.505797
0.507536
0.522328
0.510428
0.52886
0.52677
0.522834
0.54158
0.53738
0.520512
0.526112
0.512053
0.510175
0.56295
0.52235
0.525801
0.568961
0.525534
0.52061
0.523034
0.519886
0.513468
0.566001
0.521056
0.532753
0.521887
0.521881
0.507353
0.509033
0.522415
0.521311
0.537706
0.52386
0.507622
0.538941
0.532494
0.512391
0.512841
0.516572
0.586361
0.531862
0.512836
0.510186
0.515956
0.521579
0.519871
0.533822
0.522511
0.521971
0.504192
0.506637
0.578517
0.544245
0.519595
0.517952
0.552696
0.564683
0.520701
0.543931
0.540541
0.510263
0.522076
0.521196
0.518169
0.515652
0.517589
0.537957
0.539961
0.550929
0.517985
0.519047
0.520793
0.522499
0.507114
0.50587
0.511662
0.523071
0.531103
0.512609
0.526332
0.522016
0.525899
0.579439
0.511668
0.515429
0.514403
0.514753
0.518329
0.5348
0.523732
0.507122
0.519901
0.541335
0.524909
0.511117
0.518855
0.581174
0.548713
0.520169
0.516881
0.516838
0.51789
0.514228
0.519237
0.529723
0.524997
0.5196
0.520839
0.512547
0.555344
0.51038
0.517327
0.518543
0.51786
0.528557
0.522998
0.545695
0.520984
0.540556
0.517322
0.557607
0.517092
0.517862
0.51708
0.515827
0.515174
0.509951
0.522319
0.517095
0.555645
0.520954
0.52289
0.518789
0.519772
0.514884
0.519606
0.51504
0.515118
0.519604
0.539215
0.546598
0.555717
0.507889
0.521252
0.51709
0.511053
0.506556
0.517679
0.513527
0.520006
0.520149
0.518008
0.512907
0.512702
0.546245
0.519565
0.510654
0.522379
0.526356
0.517491
0.521039
0.520727
0.52569
0.522062
0.512924
0.517909
0.517907
0.526
0.519278
0.516367
0.522117
0.532337
0.51898
0.547926
0.517458
0.519651
0.520413
0.52387
0.525098
0.516396
0.509542
0.517254
0.522257
0.516475
0.51705
0.518983
0.517578
0.519076
0.520176
0.530201
0.517091
0.51754
0.519356
0.512525
0.520507
0.520671
0.540498
0.51538
0.515717
0.515358
0.516783
0.539853
0.524
0.523408
0.51314
0.51886
0.520265
0.520529
0.517734
0.519536
0.516341
0.514637
0.516075
0.528199
0.520544
0.515867
0.515462
0.514925
0.524273
0.516835
0.517932
0.521242
0.556215
0.510384
0.518943
0.520538
0.52
0.517022
0.522686
0.521729
0.514656
0.520926
0.520533
0.589179
0.519725
0.515667
0.52081
0.520754
0.522527
0.517073
0.515385
0.520585
0.498217
0.505513
0.539231
0.520548
0.517431
0.517154
0.51104
0.546059
0.516099
0.521037
0.518826
0.512814
0.513978
0.520451
0.519532
0.520464
0.524895
0.569427
0.520386
0.554983
0.523833
0.529245
0.520822
0.521261
0.520376
0.51169
0.5085
0.516043
0.506589
0.506573
0.558774
0.516582
0.520182
0.534593
0.517535
0.516557
0.514771
0.505233
0.517796
0.521073
0.516524
0.522782
0.520272
0.516796
0.509154
0.520344
0.51729
0.519841
0.521517
0.527545
0.520537
0.517489
0.51943
0.522386
0.523076
0.516649
0.521179
0.536235
0.516243
0.540391
0.515289
0.515344
0.520165
0.511749
0.555794
0.528383
0.520222
0.519068
0.552891
0.520001
0.520494
0.521755
0.53463
0.520875
0.533069
0.565563
0.564089
0.524762
0.520297
0.523462
0.58046
0.527883
0.527493
0.522887
0.546161
0.523489
0.552396
0.521594
0.551719
0.552265
0.52546
0.519084
0.540306
0.52195
0.52505
0.520194
0.515136
0.523938
0.521728
0.512634
0.516913
0.519977
0.524745
0.548934
0.515072
0.514466
0.51869
0.51937
0.52138
0.539879
0.513267
0.517786
0.515776
0.521654
0.562304
0.519554
0.528889
0.521506
0.520959
0.548132
0.524584
0.55352
0.517676
0.546394
0.536217
0.524821
0.520756
0.529722
0.533835
0.57414
0.514874
0.526965
0.518493
0.529319
0.522475
0.52114
0.5264
0.5221
0.52128
0.523234
0.512119
0.514877
0.554201
0.525678
0.517869
0.551693
0.511612
0.516776
0.517523
0.507946
0.511626
0.519138
0.513021
0.559057
0.52151
0.521858
0.510008
0.523033
0.51497
0.517721
0.544336
0.520688
0.515396
0.520393
0.521502
0.526167
0.498363
0.512941
0.51525
0.522314
0.524719
0.592738
0.524318
0.519518
0.515074
0.523336
0.51711
0.516021
0.519643
0.519369
0.513473
0.539428
0.556113
0.521766
0.52151
0.523895
0.512373
0.513295
0.571224
0.521964
0.518699
0.51987
0.514006
0.522746
0.523734
0.538319
0.514629
0.526186
0.519967
0.519588
0.521604
0.544462
0.528978
0.522506
0.556257
0.564642
0.519465
0.517365
0.520764
0.524567
0.520227
0.547843
0.519447
0.519039
0.524013
0.546285
0.519285
0.521689
0.521507
0.517217
0.51805
0.550633
0.520012
0.508805
0.567017
0.508185
0.518733
0.518532
0.509478
0.532485
0.514901
0.51254
0.524486
0.549617
0.523037
0.538646
0.527774
0.520821
0.519273
0.516812
0.515719
0.51
0.517118
0.519887
0.519316
0.522855
0.515782
0.518911
0.515482
0.521498
0.519528
