0.521371
0.519974
0.552483
0.548082
0.518944
0.516764
0.517181
0.524983
0.536519
0.527807
0.534922
0.522006
0.564863
0.564756
0.550293
0.523221
0.558634
0.539207
0.560337
0.568876
0.52228
0.522853
0.520346
0.518746
0.518445
0.503146
0.534244
0.539221
0.530342
0.534402
0.534538
0.544631
0.573667
0.556598
0.573313
0.552802
0.550778
0.518343
0.515199
0.516834
0.516806
0.511873
0.514716
0.524654
0.523961
0.517961
0.51853
0.522269
0.530594
0.538353
0.507361
0.509867
0.549018
0.509626
0.523884
0.529848
0.541459
0.53778
0.524187
0.522873
0.514377
0.51818
0.521089
0.521959
0.521932
0.520246
0.518906
0.52287
0.514936
0.515206
0.516927
0.514727
0.516877
0.531318
0.532014
0.514819
0.515153
0.541251
0.55505
0.545395
0.557416
0.553369
0.530667
0.524776
0.52869
0.518009
0.517723
0.507994
0.509224
0.515422
0.515915
0.521869
0.524654
0.530751
0.53939
0.518012
0.517625
0.51866
0.520075
0.520126
0.523529
0.523639
0.519344
0.523561
0.522628
0.52099
0.521264
0.524017
0.523268
0.519981
0.519861
0.519941
0.520335
0.521967
0.526805
0.521227
0.52077
0.547212
0.550316
0.521719
0.52193
0.521637
0.520775
0.51362
0.55457
0.578592
0.522781
0.510105
0.521904
0.548829
0.560162
0.514314
0.52027
0.520784
0.518679
0.523562
0.521976
0.512008
0.531015
0.556387
0.52027
0.520079
0.520907
0.520899
0.525465
0.524811
0.521667
0.542755
0.535302
0.521371
0.532461
0.531836
0.538189
0.552335
0.520614
0.524363
0.529714
0.545624
0.525982
0.514548
0.557694
0.517538
0.548734
0.533118
0.544124
0.529115
0.537535
0.515582
0.517392
0.52014
0.525779
0.527192
0.521922
0.51526
0.514821
0.511004
0.519629
0.519444
0.521083
0.555885
0.527691
0.523649
0.565685
0.579381
0.524207
0.513534
0.517772
0.526254
0.515014
0.520038
0.52138
0.539573
0.523826
0.526787
0.522253
0.520454
0.524799
0.523394
0.521421
0.522835
0.522717
0.526187
0.520561
0.517709
0.51751
0.522077
0.513364
0.518778
0.518655
0.520435
0.520911
0.521231
0.519491
0.519953
0.518936
0.520355
0.58419
0.593958
0.538484
0.538509
0.518457
0.511207
0.513397
0.508556
0.512513
0.521478
0.520947
0.518979
0.527816
0.522278
0.517008
0.520594
0.519339
0.518996
0.518587
0.517707
0.517195
0.522029
0.5206
0.519419
0.531136
0.523816
0.511757
0.512295
0.526008
0.526594
0.521832
0.523688
0.521276
0.517418
0.517789
0.517736
0.537816
0.532477
0.554844
0.523025
0.52109
0.522011
0.542322
0.531414
0.516649
0.516989
0.519044
0.553723
0.550443
0.52824
0.518406
0.520818
0.520251
0.521622
0.51095
0.513939
0.547297
0.568919
0.524773
0.517115
0.522213
0.528601
0.524808
0.534658
0.52247
0.517635
0.517943
0.521247
0.522441
0.521583
0.520429
0.520197
0.521955
0.522025
0.520779
0.526804
0.526053
0.50894
0.509589
0.537524
0.530525
0.518144
0.525771
0.521818
0.510362
0.507938
0.508683
0.522956
0.519595
0.520215
0.519657
0.508893
0.509855
0.518688
0.526995
0.520921
0.518836
0.516997
0.515659
0.519952
0.543109
0.522112
0.521648
0.515539
0.519209
0.533302
0.56697
0.570783
0.518014
0.519892
0.520163
0.520467
0.518988
0.51977
0.520894
0.56404
0.512849
0.517774
0.511483
0.511352
0.509108
0.517677
0.521926
0.519809
0.619058
0.513418
0.513403
0.514098
0.522535
0.524319
0.525254
0.530576
0.52785
0.572727
0.518312
0.519849
0.52143
0.523725
0.53642
0.531357
0.530492
0.541729
0.518448
0.518694
0.519237
0.521058
0.599589
0.600526
0.559771
0.574986
0.575631
0.567968
0.517879
0.527749
0.522796
0.591471
0.583171
0.572887
0.560182
0.523345
0.522053
0.509541
0.512159
0.520889
0.520786
0.556442
0.520159
0.531752
0.555243
0.516735
0.522281
0.515719
0.537543
0.538364
0.514623
0.517104
0.517433
0.580999
0.571376
0.522833
0.576145
0.541588
0.541882
0.519939
0.520778
0.519532
0.520921
0.526158
0.560873
0.515156
0.524689
0.505854
0.51372
0.503422
0.516247
0.520719
0.524191
0.518656
0.507479
0.519102
0.514781
0.519412
0.514133
0.5234
0.519456
0.522682
0.521126
0.550985
0.520173
0.520181
0.519592
0.519012
0.540909
0.54441
0.508673
0.519031
0.520148
0.51947
0.543199
0.505555
0.522964
0.518486
0.519662
0.504785
0.512132
0.575666
0.509856
0.512336
0.507479
0.507593
0.516739
0.511017
0.515775
0.575107
0.510917
0.522515
0.516392
0.514717
0.521716
0.520101
0.515073
0.510746
0.513918
0.520602
0.533824
0.51733
0.520851
0.519295
0.517954
0.520597
0.520629
0.513824
0.506938
0.506557
0.519152
0.549136
0.518387
0.574741
0.574295
0.549084
0.524334
0.516103
0.516226
0.517054
0.522422
0.521681
0.521612
0.555703
0.524417
0.519635
0.521867
0.527857
0.526147
0.517971
0.520212
0.519866
0.520451
0.52139
0.520524
0.527931
0.527586
0.518945
0.519268
0.567374
0.572728
0.532072
0.505141
0.509376
0.52908
0.531906
0.522309
0.521442
0.520747
0.536017
0.53745
0.539073
0.539222
0.571407
0.515886
0.552952
0.539416
0.518728
0.520606
0.521672
0.521964
0.521057
0.504352
0.516892
0.518209
0.516243
0.51769
0.517947
0.521566
0.525919
0.525828
0.509903
0.518858
0.521087
0.537589
0.539235
0.520797
0.520726
0.505295
0.567463
0.554026
0.517972
0.524503
0.519806
0.542971
0.518422
0.519087
0.510814
0.517402
0.521596
0.518781
0.546361
0.519424
0.519558
0.522563
0.512352
0.5159
0.541508
0.561361
0.569848
0.53503
0.524907
0.515649
0.523784
0.52323
0.526714
0.526434
0.519174
0.520566
0.513024
0.538193
0.53771
0.520751
0.514603
0.521194
0.520655
0.52236
0.530037
0.524068
0.529935
0.53269
0.518628
0.509989
0.552448
0.559982
0.521145
0.521061
0.529625
0.508623
0.520245
0.559153
0.556571
0.520129
0.517544
0.518812
0.525031
0.51712
0.521255
0.520866
0.520445
0.519528
0.530721
0.52717
0.565971
0.568545
0.567274
0.510309
0.530437
0.525481
0.519193
0.518416
0.517871
0.522812
0.518886
0.519327
0.521723
0.553997
0.518748
0.521636
0.528118
0.525618
0.542036
0.51655
0.518817
0.519556
0.519731
0.522133
0.524848
0.513907
0.519364
0.520062
0.519884
0.541255
0.520742
0.580251
0.519006
0.516958
0.516958
0.516605
0.518113
0.522589
0.540036
0.537155
0.540102
0.52156
0.522014
0.518965
0.521939
0.531352
0.52135
0.520799
0.519154
0.522275
0.520703
0.572734
0.541491
0.509341
0.516316
0.519197
0.51614
0.516484
0.518206
0.519195
0.521563
0.526397
0.517878
0.518209
0.512028
0.511171
0.511711
0.521425
0.545487
0.536791
0.534914
0.524368
0.521148
0.520407
0.511485
0.518148
0.518789
0.520213
0.519797
0.521106
0.521616
0.530182
0.51701
0.523035
0.561126
0.521953
0.516874
0.530001
0.527278
0.576513
0.582219
0.532509
0.529123
0.517458
0.511183
0.510397
0.510862
0.509641
0.534911
0.522611
0.508756
0.51137
0.510353
0.544406
0.519008
0.518465
0.52027
0.514356
0.523108
0.520457
0.53059
0.558571
0.568307
0.583959
0.515864
0.526617
0.525576
0.521178
0.518782
0.522019
0.525154
0.516382
0.522931
0.516258
0.521329
0.601213
0.5355
0.511296
0.541697
0.521684
0.511915
0.510683
0.517094
0.515249
0.516743
0.517018
0.520866
0.518337
0.518936
0.51893
0.57917
0.572633
0.521777
0.511059
0.561313
0.51891
0.519505
0.520323
0.522958
0.522316
0.521049
0.517372
0.528094
0.527902
0.515508
0.519519
0.52197
0.520285
0.515106
0.522439
0.522312
0.566368
0.519146
0.518569
0.518749
0.524196
0.52296
0.544299
0.520378
0.528429
0.532138
0.53488
0.51863
0.522734
0.522463
0.523395
0.519623
0.590926
0.521505
0.51105
0.518175
0.518505
0.529055
0.506447
0.519264
0.511283
0.51266
0.515844
0.516981
0.541215
0.51051
0.520732
0.516646
0.51889
0.524393
0.520095
0.522243
0.565499
0.559057
0.533101
0.532862
0.518725
0.519164
0.543654
0.619133
0.511439
0.517655
0.592479
0.519339
0.521745
0.522165
0.518478
0.5177
0.520574
0.52037
0.507489
0.507986
0.522459
0.521553
0.629527
0.532754
0.528909
0.528574
0.562975
0.515128
0.52489
0.522107
0.53135
0.510602
0.511736
0.511952
0.515867
0.523481
0.528804
0.520475
0.520852
0.521599
0.516923
0.514572
0.522048
0.517884
0.516907
0.51984
0.517978
0.521097
0.517028
0.587649
0.561319
0.572285
0.535288
0.529906
0.52051
0.524253
0.529221
0.525253
0.550526
0.516877
0.517835
0.510724
0.522861
0.513737
0.511686
0.52042
0.520696
0.552073
0.528142
0.529214
0.579508
0.583251
0.534694
0.520679
0.544312
0.506601
0.508314
0.560536
0.512246
0.527994
0.526569
0.53696
0.536444
0.517083
0.520059
0.521159
0.509957
0.534768
0.541936
0.606396
0.520101
0.50667
0.508916
0.528904
0.524889
0.516863
0.590872
0.517311
0.546219
0.546466
0.534089
0.517625
0.518529
0.521862
0.521546
0.516538
0.522612
0.532674
0.510675
0.505061
0.519934
0.549885
0.518966
0.521456
0.509654
0.523795
0.526521
0.530822
0.519295
0.521125
0.519666
0.545777
0.536873
0.519736
0.62753
0.523249
0.52117
0.522518
0.510272
0.513508
0.539818
0.508022
0.520463
0.524024
0.549022
0.521984
0.530161
0.539498
0.518901
0.51517
0.518372
0.604983
0.523369
0.541525
0.541427
0.514096
0.507258
0.520609
0.52179
0.521272
0.559038
0.547672
0.520537
0.520694
0.511759
0.511468
0.515847
0.522625
0.522805
0.512957
0.516535
0.509126
0.520907
0.542443
0.518179
0.526993
0.524284
0.572697
0.547822
0.522393
0.524556
0.537336
0.520805
0.528747
0.524485
0.515614
0.518096
0.517765
0.516463
0.52049
0.534338
0.633367
0.520447
0.510772
0.519671
0.519649
0.525337
0.540416
0.516857
0.517274
0.519611
0.522485
0.518181
0.51771
0.570407
0.580728
0.556617
0.53229
0.521447
0.533811
0.532641
0.520296
0.518482
0.540136
0.520172
0.518786
0.510639
0.517965
0.518601
0.53913
0.512601
0.515021
0.522892
0.550405
0.521071
0.52153
0.5191
0.526325
0.519743
0.518203
0.520645
0.522566
0.58058
0.535381
0.534237
0.517573
0.507759
0.520887
0.563278
0.51919
0.518274
0.521863
0.518545
0.573277
0.519811
0.507966
0.510474
0.534659
0.532185
0.522042
0.529484
0.519695
0.52191
0.519241
0.559544
0.536009
0.516214
0.56368
0.516468
0.540798
0.521953
0.518737
0.520528
0.553136
0.553061
0.551157
0.522664
0.516611
0.523289
0.526876
0.524607
0.506395
0.541695
0.509399
0.522219
0.509435
0.506806
0.508864
0.520491
0.510064
0.506927
0.523058
0.521908
0.516723
0.51351
0.523042
0.517791
0.54696
0.555016
0.563598
0.551142
0.518841
0.54591
0.523207
0.51804
0.514684
0.517022
0.519922
0.520757
0.522044
0.530907
0.518386
0.518395
0.536088
0.510652
0.524619
0.533122
0.522267
0.521173
0.584345
0.552412
0.523312
0.520471
0.520117
0.56476
0.533757
0.52603
0.521532
0.517448
0.520941
0.532359
0.522157
0.518242
0.52067
0.516676
0.507813
0.521773
0.520386
0.525534
0.519144
0.522012
0.518262
0.621701
0.528699
0.526075
0.52198
0.521248
0.531634
0.520493
0.530023
0.520033
0.534457
0.518821
0.521774
0.515245
0.594575
0.518919
0.528646
0.601477
0.51903
0.518578
0.527866
0.543152
0.521936
0.507434
0.520901
0.520902
0.522601
0.519503
0.518316
0.546581
0.523633
0.512234
0.520367
0.520323
0.522572
0.51732
0.513672
0.522527
0.520726
0.516096
0.5494
0.527458
0.583561
0.518092
0.539616
0.536979
0.520219
0.543208
0.523692
0.533502
0.522523
0.55446
0.520118
0.570568
0.519143
0.516766
0.518908
0.534934
0.543675
0.570706
0.540541
0.529158
0.518368
0.523438
0.515345
0.510713
0.518549
0.522393
0.533211
0.51859
0.522117
0.52244
0.563042
0.529737
0.522443
0.546005
0.521248
0.510997
0.521449
0.522456
0.522565
0.521966
0.527055
0.527974
0.552283
0.522619
0.566545
0.522599
0.514772
0.521809
0.528503
0.539749
0.507013
0.50771
0.532512
0.521555
0.552999
0.510583
0.520856
0.528629
0.533704
0.511619
0.531426
0.510011
0.527938
0.525683
0.536152
0.569426
0.521859
0.510064
0.52112
0.509461
0.510587
0.513667
0.521292
0.522148
0.558582
0.516595
0.524318
0.541632
0.507522
0.522129
0.540017
0.516581
0.525455
0.52004
0.532219
0.510686
0.59069
0.509164
0.523098
0.572091
0.514837
0.585499
0.515527
0.517754
0.518554
0.531209
0.571623
0.51474
0.548855
0.518102
0.521001
0.518408
0.530636
0.52074
0.516114
0.505495
0.518277
0.520261
0.520826
0.511663
0.508815
0.525631
0.522888
0.511576
0.519814
0.520438
0.52042
0.515735
0.515391
0.534736
0.518091
0.529244
0.508563
0.513515
0.519254
0.540319
0.512471
0.526133
0.520365
0.517088
0.518182
0.514159
0.518007
0.518669
0.52073
0.503619
0.519465
0.542402
0.518064
0.517661
0.502492
0.539741
0.515802
0.51211
0.516165
0.534953
0.517963
0.551618
0.533864
0.537705
0.507803
0.521361
0.524375
0.519608
0.515947
0.540577
0.513436
0.533152
0.503587
0.517161
0.552036
0.517869
0.519103
0.518673
0.519514
0.519095
0.51571
0.517016
0.516197
0.516251
0.521024
0.50452
0.534587
0.529134
0.510935
0.517982
0.52536
0.519671
0.512767
0.519013
0.521634
0.520534
0.518223
0.517625
0.515002
0.514993
0.519966
0.517198
0.51241
0.514275
0.517505
0.510297
0.520416
0.523428
0.518575
0.517833
0.522213
0.561257
0.517653
0.521128
0.517511
0.514595
0.521989
0.520264
0.518529
0.522824
0.516526
0.521583
0.514504
0.519791
0.53336
0.529748
0.517214
0.531896
0.511106
0.535674
0.517453
0.530966
0.525968
0.51834
0.51764
0.512185
0.517122
0.519176
0.522678
0.520091
0.521213
0.520577
0.520952
0.517294
0.518315
0.519477
0.519295
0.536614
0.517306
0.520001
0.521559
0.540788
0.51439
0.516018
0.514358
0.521828
0.509151
0.511285
0.517488
0.519716
0.518917
0.51923
0.520836
0.520285
0.517495
0.512317
0.510219
0.520574
0.51639
0.522597
0.521182
0.523694
0.521599
0.52188
0.509783
0.525468
0.518853
0.519598
0.536684
0.525117
0.516625
0.522187
0.51467
0.519439
0.5214
0.519276
0.513042
0.516237
0.533594
0.521704
0.520857
0.505146
0.515379
0.510637
0.510652
0.522961
0.529576
0.51458
0.518063
0.551621
0.52036
0.515287
0.520974
0.51991
0.559315
0.510139
0.531418
0.52869
0.520027
0.54673
0.519363
0.518402
0.512565
0.603039
0.519869
0.525044
0.523793
0.517078
0.519669
0.531198
0.520029
0.515725
0.520639
0.534754
0.521132
0.516775
0.535088
0.517781
0.519116
0.521266
0.53332
0.521048
0.518726
0.531413
0.518569
0.524992
0.511251
0.518476
0.519062
0.516267
0.509072
0.513952
0.537844
0.518921
0.520441
0.516283
0.527874
0.519704
0.519847
0.519899
0.519022
0.51598
0.547273
0.52172
0.519867
0.536018
0.518838
0.520117
0.518119
0.522899
0.517599
0.522847
0.51706
0.520321
0.513041
0.509108
0.520176
0.521327
0.519022
0.517625
0.520362
0.515503
0.520469
0.520473
0.505781
0.521448
0.520678
0.54715
0.520766
0.55081
0.522273
0.558476
0.520092
0.509939
0.516987
0.554779
0.541398
0.518846
0.522382
0.518125
0.522886
0.520266
0.512453
0.520158
0.520681
0.520935
0.519125
0.51379
0.523023
0.514829
0.566684
0.517314
0.518677
0.513239
0.528412
0.539108
0.527833
0.520437
0.512198
0.521462
0.512417
0.514854
0.547624
0.518976
0.536729
0.521518
0.523547
0.520406
0.5225
0.539462
0.515665
0.523071
0.519092
0.515697
0.580877
0.596063
0.520908
0.508069
0.526782
0.528897
0.509948
0.574667
0.520633
0.547698
0.520394
0.505298
0.519936
0.523926
0.519219
0.535872
0.521805
0.519568
0.535446
0.519062
0.521498
0.521027
0.517787
0.522117
0.510343
0.521072
0.550915
0.522304
0.521322
0.519348
0.521051
0.520936
0.520925
0.520474
0.536906
0.559703
0.516886
0.518999
0.519407
0.550555
0.515384
0.545526
0.537362
0.520033
0.531256
0.56327
0.532656
0.521202
0.516835
0.560392
0.506971
0.525766
0.51622
0.521327
0.539988
0.572671
0.531625
0.518389
0.525787
0.52139
0.540909
0.516181
0.513995
0.511169
0.533019
0.520811
0.531056
0.569555
0.516584
0.526616
0.519723
0.512445
0.560452
0.515241
0.518514
0.540919
0.521444
0.520205
0.520538
0.518878
0.517308
0.519833
0.519014
0.51335
0.508372
0.51384
0.513988
0.508664
0.5225
0.5187
0.509582
0.519131
0.511043
0.52081
0.524057
0.522112
0.520004
0.521801
