0.52158
0.52043
0.549069
0.551481
0.521527
0.518229
0.517885
0.533467
0.522385
0.528129
0.514938
0.517694
0.574669
0.552907
0.565494
0.56033
0.578294
0.563868
0.519734
0.522399
0.528346
0.508716
0.51024
0.521908
0.528179
0.518003
0.519181
0.502988
0.504166
0.545451
0.550148
0.546176
0.530079
0.529152
0.511915
0.519736
0.544218
0.54359
0.539206
0.520774
0.533725
0.515569
0.514543
0.518796
0.518541
0.516313
0.519263
0.519984
0.516962
0.52363
0.521656
0.52314
0.522095
0.521396
0.519495
0.523324
0.546125
0.517547
0.504923
0.509459
0.54741
0.54491
0.51922
0.518224
0.522108
0.523361
0.519147
0.518514
0.522855
0.51946
0.525089
0.510746
0.515026
0.517388
0.51637
0.53184
0.532109
0.514422
0.54683
0.550879
0.547243
0.548738
0.529761
0.518909
0.521354
0.551126
0.543309
0.51479
0.525279
0.523966
0.523335
0.520533
0.520112
0.519945
0.522307
0.518771
0.518839
0.518915
0.51832
0.508857
0.521604
0.520561
0.522287
0.522122
0.52009
0.520217
0.509556
0.508147
0.508444
0.521557
0.526388
0.550493
0.556228
0.547914
0.515006
0.512666
0.520992
0.520401
0.52128
0.521318
0.514113
0.566093
0.550778
0.521422
0.521772
0.523547
0.523316
0.522282
0.52156
0.521011
0.519424
0.522806
0.522473
0.522117
0.542055
0.546816
0.52954
0.525517
0.521345
0.509249
0.517722
0.51924
0.532412
0.526719
0.524766
0.526978
0.544455
0.537367
0.521502
0.520528
0.52206
0.520637
0.536552
0.532439
0.529351
0.522747
0.520918
0.526642
0.527872
0.530963
0.527096
0.530979
0.525397
0.517857
0.530661
0.521224
0.524386
0.515782
0.531226
0.515743
0.516695
0.516512
0.51931
0.520172
0.527988
0.521185
0.529796
0.526229
0.52685
0.508975
0.520011
0.521007
0.55405
0.556843
0.523073
0.52797
0.521643
0.526058
0.525056
0.524819
0.510266
0.508068
0.521774
0.522465
0.514308
0.509311
0.515798
0.515101
0.532097
0.521129
0.52167
0.517692
0.525783
0.519718
0.51914
0.517465
0.521866
0.511616
0.518713
0.519134
0.518232
0.522236
0.516437
0.518219
0.518403
0.520548
0.520251
0.519587
0.515237
0.514859
0.530511
0.517748
0.518999
0.514034
0.508559
0.511886
0.561407
0.553735
0.521644
0.522062
0.522704
0.508516
0.510009
0.510042
0.523541
0.507716
0.51085
0.519188
0.523326
0.521664
0.521826
0.515388
0.517362
0.520525
0.518365
0.519013
0.5171
0.517104
0.519923
0.518355
0.513092
0.516127
0.522623
0.521488
0.51432
0.531267
0.525685
0.511097
0.512798
0.514542
0.526767
0.518767
0.52222
0.51542
0.526726
0.518755
0.54257
0.55381
0.511323
0.508915
0.522522
0.522553
0.522497
0.535643
0.528229
0.554869
0.550084
0.543358
0.519253
0.518574
0.520571
0.519732
0.5215
0.511245
0.517057
0.514006
0.541578
0.537448
0.53372
0.517614
0.52141
0.521237
0.523197
0.521398
0.522437
0.52897
0.522141
0.523474
0.522245
0.521668
0.540667
0.547128
0.541329
0.543617
0.509516
0.507544
0.515748
0.51867
0.518735
0.524629
0.524998
0.505309
0.50786
0.52186
0.50679
0.529888
0.52087
0.508487
0.520377
0.519742
0.52918
0.516051
0.531234
0.532663
0.543437
0.520951
0.518639
0.516077
0.518003
0.517198
0.540955
0.520011
0.520095
0.57666
0.521037
0.526055
0.529059
0.528774
0.519871
0.520067
0.521056
0.51974
0.520356
0.517863
0.519064
0.518237
0.547368
0.518449
0.518564
0.524136
0.5175
0.522913
0.515873
0.518899
0.522476
0.517315
0.525032
0.512618
0.518919
0.51791
0.52196
0.519565
0.529116
0.52588
0.522479
0.523723
0.522688
0.522518
0.542708
0.533396
0.517947
0.549883
0.540558
0.554604
0.551911
0.532638
0.51891
0.519314
0.522973
0.535559
0.507597
0.564838
0.520643
0.521071
0.546654
0.520286
0.532285
0.537401
0.517287
0.53056
0.527259
0.518227
0.522667
0.542257
0.545555
0.521231
0.521988
0.51901
0.519605
0.587002
0.585066
0.562675
0.517572
0.555626
0.520863
0.517778
0.519237
0.519649
0.516807
0.521362
0.519868
0.527549
0.524709
0.55461
0.550928
0.535046
0.522586
0.525852
0.525439
0.510666
0.511594
0.517995
0.502182
0.518236
0.519638
0.519906
0.520145
0.518753
0.520873
0.522427
0.522658
0.553819
0.521167
0.519163
0.518433
0.54681
0.545239
0.522234
0.523065
0.521537
0.568189
0.521092
0.520426
0.520057
0.521406
0.519459
0.514189
0.520436
0.520712
0.504367
0.518244
0.5438
0.528176
0.525087
0.509302
0.511484
0.506824
0.508985
0.521268
0.517707
0.522944
0.51998
0.523693
0.578107
0.51019
0.520692
0.521459
0.513781
0.514042
0.523089
0.52151
0.517424
0.516504
0.514892
0.541522
0.517887
0.514729
0.517628
0.541377
0.520068
0.50849
0.513492
0.520097
0.519424
0.519171
0.51956
0.543718
0.548904
0.518138
0.590061
0.586551
0.552668
0.512298
0.52369
0.521615
0.522813
0.52236
0.521973
0.558735
0.568935
0.510139
0.566803
0.548536
0.527967
0.532958
0.526471
0.521287
0.520547
0.520521
0.520064
0.519545
0.517088
0.529352
0.565058
0.565511
0.50485
0.530434
0.52297
0.517631
0.528316
0.545773
0.559679
0.522342
0.552603
0.535728
0.533689
0.518103
0.51716
0.519839
0.517612
0.523534
0.522613
0.517919
0.53051
0.536851
0.527038
0.522581
0.515507
0.51585
0.51983
0.547376
0.547297
0.518582
0.510643
0.513546
0.524559
0.523412
0.521267
0.522515
0.520434
0.515466
0.517389
0.539465
0.521568
0.520315
0.520153
0.51539
0.525113
0.51981
0.517046
0.531785
0.520629
0.520856
0.518308
0.520846
0.521475
0.520868
0.518376
0.521635
0.521211
0.530802
0.526264
0.538108
0.530819
0.552503
0.520691
0.542123
0.519501
0.518837
0.516782
0.557534
0.556411
0.564446
0.513091
0.519403
0.520071
0.523213
0.533753
0.541479
0.520602
0.52093
0.519105
0.506891
0.521587
0.515578
0.520692
0.522023
0.521298
0.521409
0.522259
0.521934
0.516619
0.515079
0.531707
0.530915
0.584395
0.583093
0.578613
0.509613
0.510846
0.537194
0.523971
0.523149
0.518056
0.518552
0.519293
0.52101
0.5676
0.519837
0.517044
0.528531
0.544189
0.520857
0.519467
0.517645
0.520835
0.519698
0.519577
0.517604
0.519889
0.52009
0.535564
0.523323
0.52159
0.523153
0.558622
0.517246
0.52132
0.518515
0.517149
0.518248
0.520643
0.521272
0.541586
0.536992
0.53838
0.525033
0.522171
0.521726
0.523306
0.523098
0.522525
0.514068
0.517342
0.523645
0.523608
0.523329
0.521144
0.535302
0.54807
0.512254
0.523036
0.518455
0.515798
0.51808
0.518731
0.518086
0.51401
0.512085
0.518403
0.543555
0.549907
0.543834
0.5518
0.519992
0.520808
0.532472
0.525243
0.520129
0.520404
0.52354
0.554723
0.537664
0.557352
0.556217
0.530961
0.525859
0.507544
0.511179
0.510388
0.532638
0.534884
0.522159
0.509705
0.512303
0.519711
0.539021
0.54545
0.515222
0.517985
0.518515
0.518903
0.562439
0.551545
0.553533
0.525711
0.518627
0.521448
0.52027
0.517736
0.519964
0.520737
0.522201
0.548115
0.521104
0.522605
0.519512
0.512816
0.513718
0.520235
0.521871
0.542414
0.521034
0.562389
0.571462
0.538282
0.514868
0.510973
0.560691
0.519676
0.518633
0.521468
0.520733
0.518329
0.520999
0.531423
0.524363
0.520293
0.518595
0.524465
0.519674
0.522838
0.530689
0.514732
0.516052
0.527664
0.522182
0.563804
0.562378
0.506498
0.51711
0.52679
0.518472
0.519088
0.514692
0.526434
0.513293
0.511905
0.506354
0.509648
0.521027
0.518542
0.547509
0.542957
0.518557
0.517763
0.544034
0.522405
0.524429
0.521145
0.525256
0.517525
0.551389
0.513861
0.526932
0.519628
0.518548
0.532862
0.519448
0.52131
0.509857
0.530122
0.512791
0.516532
0.517991
0.522221
0.52098
0.523268
0.549032
0.508966
0.517925
0.52148
0.517104
0.515187
0.52139
0.520371
0.512755
0.526346
0.518069
0.519513
0.519055
0.518972
0.521926
0.542606
0.522225
0.564568
0.517357
0.521225
0.531101
0.518602
0.527197
0.520525
0.519654
0.506819
0.507898
0.521695
0.519639
0.522336
0.523783
0.522528
0.511677
0.521039
0.519607
0.533225
0.534347
0.52957
0.513093
0.515505
0.519511
0.518783
0.520183
0.52117
0.521575
0.51686
0.519944
0.5152
0.519295
0.519068
0.519169
0.518245
0.518673
0.513805
0.531552
0.578483
0.559113
0.539067
0.528136
0.512712
0.516926
0.548182
0.51092
0.554072
0.528642
0.519064
0.525545
0.520132
0.523492
0.521164
0.520453
0.521423
0.520245
0.552058
0.552641
0.525876
0.52149
0.540339
0.546863
0.556676
0.512125
0.531561
0.528374
0.533847
0.518618
0.521879
0.522163
0.54144
0.513721
0.549829
0.551391
0.52131
0.541759
0.523173
0.506582
0.522784
0.518006
0.540485
0.536706
0.511448
0.532418
0.526702
0.544513
0.517641
0.517915
0.518289
0.517856
0.521384
0.518193
0.517164
0.51759
0.522227
0.525111
0.551389
0.510912
0.509984
0.509204
0.513853
0.506032
0.523157
0.512425
0.52205
0.519384
0.51908
0.531623
0.508631
0.528972
0.530152
0.531859
0.525109
0.524931
0.515324
0.521467
0.522594
0.521768
0.57268
0.518399
0.521604
0.521936
0.557354
0.52097
0.536569
0.520631
0.521972
0.516114
0.517874
0.53819
0.510278
0.513022
0.520944
0.522953
0.534644
0.527014
0.523617
0.520465
0.520991
0.523761
0.526252
0.533837
0.518237
0.522267
0.550317
0.528634
0.519495
0.523501
0.51572
0.571831
0.521438
0.521208
0.512727
0.517288
0.508158
0.511985
0.52076
0.521851
0.544171
0.528393
0.509296
0.510775
0.510074
0.518801
0.53108
0.515002
0.524836
0.52228
0.52221
0.550224
0.519368
0.536023
0.517269
0.516942
0.528877
0.520101
0.525387
0.516827
0.524961
0.517983
0.537548
0.517222
0.522796
0.520907
0.518747
0.522902
0.522763
0.519999
0.524019
0.523266
0.52273
0.506565
0.514167
0.511854
0.579184
0.553594
0.523662
0.535078
0.529676
0.541326
0.521981
0.518624
0.568269
0.513094
0.522534
0.522191
0.577788
0.517333
0.523179
0.514355
0.517833
0.51339
0.547356
0.521049
0.514528
0.516206
0.509985
0.537581
0.503003
0.517712
0.537101
0.522427
0.518603
0.543258
0.525349
0.566276
0.576183
0.534717
0.566463
0.563576
0.531809
0.521254
0.510089
0.545255
0.53426
0.55186
0.522423
0.515344
0.542427
0.519111
0.519052
0.517994
0.527428
0.522205
0.520877
0.505893
0.518516
0.521523
0.50871
0.527737
0.520145
0.512763
0.508858
0.506843
0.512587
0.516071
0.518172
0.522932
0.521883
0.521886
0.50806
0.519098
0.556178
0.522198
0.543995
0.518756
0.504391
0.516297
0.518696
0.521681
0.521939
0.516947
0.52381
0.512629
0.51927
0.517601
0.522067
0.525196
0.531624
0.522054
0.521995
0.543618
0.523188
0.591789
0.564482
0.576806
0.525635
0.519337
0.517766
0.523227
0.507985
0.515566
0.524502
0.532211
0.519266
0.519737
0.522238
0.519498
0.505272
0.524039
0.516194
0.509684
0.50892
0.518822
0.521769
0.517156
0.516375
0.519926
0.52287
0.525434
0.522413
0.522263
0.521901
0.510585
0.557125
0.524031
0.529775
0.515224
0.51881
0.532008
0.515593
0.516189
0.563631
0.581534
0.519106
0.522428
0.517493
0.54698
0.529624
0.522263
0.520724
0.520695
0.520236
0.53762
0.545957
0.533556
0.523228
0.520761
0.526356
0.513709
0.521165
0.521203
0.522554
0.514703
0.552697
0.519553
0.516963
0.53548
0.520504
0.522127
0.523764
0.523348
0.522455
0.57348
0.514028
0.519529
0.51082
0.524057
0.522766
0.563442
0.52176
0.522572
0.521029
0.52
0.505727
0.50954
0.522109
0.546465
0.546413
0.573499
0.513807
0.516631
0.521925
0.567009
0.510889
0.522179
0.516765
0.586818
0.552787
0.522245
0.523181
0.522018
0.522601
0.513756
0.515024
0.514381
0.528342
0.537018
0.522461
0.5064
0.523424
0.521914
0.520896
0.523596
0.522328
0.536586
0.511326
0.539775
0.529042
0.520605
0.547867
0.528064
0.520104
0.511661
0.511181
0.53546
0.531798
0.522711
0.5443
0.510881
0.516926
0.522921
0.522984
0.55163
0.516678
0.597068
0.515206
0.507912
0.540555
0.511666
0.518713
0.60236
0.572167
0.522401
0.507352
0.540889
0.516083
0.522095
0.527313
0.530539
0.522354
0.511172
0.57933
0.515466
0.527893
0.527977
0.585167
0.514396
0.508853
0.514312
0.518325
0.523285
0.520615
0.518919
0.526175
0.532686
0.578077
0.515117
0.524091
0.53143
0.519195
0.522582
0.50935
0.519168
0.518775
0.563875
0.55873
0.523529
0.523634
0.519921
0.5428
0.51384
0.518958
0.523951
0.51889
0.545414
0.519008
0.515281
0.505252
0.524768
0.530846
0.526896
0.510516
0.515777
0.522292
0.516804
0.517634
0.519143
0.520445
0.516845
0.508522
0.508687
0.509694
0.531068
0.542233
0.539396
0.543887
0.555602
0.557702
0.520721
0.543006
0.51636
0.518574
0.516482
0.521869
0.52384
0.518932
0.512721
0.54632
0.519658
0.544942
0.520516
0.521482
0.513424
0.521262
0.514059
0.511517
0.520891
0.513593
0.509119
0.511612
0.516245
0.518703
0.516146
0.519466
0.519876
0.519475
0.518743
0.518958
0.519093
0.518404
0.518725
0.518954
0.535614
0.519781
0.518477
0.519753
0.534462
0.530073
0.511545
0.510591
0.518364
0.520058
0.547828
0.535287
0.540439
0.519166
0.516133
0.519674
0.517425
0.559152
0.518995
0.518403
0.511092
0.519146
0.519284
0.519161
0.515843
0.518881
0.518251
0.515727
0.505328
0.520234
0.529313
0.524778
0.530557
0.528683
0.514584
0.519657
0.520049
0.521515
0.519759
0.517509
0.519623
0.510383
0.520052
0.517341
0.517423
0.520618
0.520984
0.517287
0.5204
0.526608
0.530763
0.521001
0.533598
0.513101
0.515472
0.516414
0.521267
0.520983
0.523346
0.517003
0.535311
0.514331
0.505048
0.51857
0.513229
0.514322
0.521332
0.539217
0.528221
0.523108
0.514279
0.53732
0.531183
0.521485
0.513309
0.527792
0.517993
0.515511
0.516963
0.518862
0.519785
0.531709
0.505647
0.51909
0.518244
0.517873
0.51862
0.513865
0.519582
0.514075
0.558687
0.520718
0.521736
0.518182
0.521974
0.521329
0.519165
0.534091
0.512323
0.520057
0.521338
0.522513
0.516794
0.516527
0.522071
0.560694
0.520412
0.519872
0.520589
0.514908
0.517025
0.517846
0.521104
0.520625
0.536429
0.537653
0.516946
0.517291
0.509452
0.517272
0.522393
0.52711
0.534999
0.520731
0.522183
0.513909
0.517838
0.515122
0.52174
0.542445
0.521869
0.524451
0.531023
0.513466
0.543545
0.530058
0.534747
0.512739
0.519382
0.522377
0.519412
0.518677
0.519286
0.525324
0.51424
0.518371
0.51295
0.522653
0.536437
0.519906
0.5197
0.546271
0.519945
0.528292
0.511118
0.522436
0.52053
0.518633
0.521209
0.519782
0.519017
0.511353
0.52025
0.518376
0.513026
0.515011
0.5104
0.54835
0.505245
0.536673
0.521467
0.520416
0.518295
0.525106
0.520533
0.520216
0.513497
0.507314
0.518651
0.516513
0.509925
0.510183
0.516359
0.519375
0.520441
0.516535
0.520529
0.522385
0.521857
0.518543
0.564343
0.520407
0.531131
0.529087
0.516306
0.514938
0.510422
0.515071
0.520632
0.522406
0.533928
0.515057
0.518915
0.537403
0.507629
0.516724
0.51973
0.520287
0.525394
0.518436
0.520947
0.518573
0.520128
0.510382
0.541965
0.514627
0.513479
0.51675
0.521199
0.51441
0.522728
0.540886
0.52119
0.517516
0.517807
0.554456
0.521093
0.522138
0.514731
0.517795
0.563847
0.529727
0.546539
0.519232
0.517209
0.523246
0.54501
0.523636
0.519283
0.518323
0.522668
0.515893
0.518894
0.515234
0.522381
0.514411
0.517643
0.523303
0.517682
0.561906
0.519344
0.549895
0.521394
0.523631
0.518561
0.518869
0.518981
0.525717
0.521343
0.522341
0.522821
0.546939
0.514574
0.523985
0.515317
0.511017
0.520562
0.517934
0.518628
0.522042
0.520615
0.536508
0.51955
0.511128
0.521912
0.5205
0.516338
0.518513
0.519785
0.561934
0.518111
0.521058
0.534421
0.521669
0.521728
0.518304
0.522437
0.565322
0.522832
0.520401
0.521816
0.522658
0.517031
0.567326
0.512703
0.515597
0.553754
0.518135
0.539123
0.519071
0.513434
0.520691
0.520929
0.513419
0.523202
0.514079
0.516775
0.540426
0.55489
0.519818
0.518413
0.518754
0.518312
0.523044
0.546492
0.538148
0.521044
0.516982
0.526828
0.561466
0.511054
0.516204
0.520802
0.518583
0.556325
0.524494
0.522059
0.518952
0.513564
0.529429
0.519082
0.519022
0.518689
0.51431
0.512936
0.508709
0.522788
0.521334
0.520691
0.516401
0.51704
0.518086
0.545582
0.512996
0.519496
0.558771
0.512504
0.506829
0.520295
0.516675
0.511889
0.526611
0.520352
