0.521941
0.52184
0.549537
0.561154
0.519703
0.517791
0.535363
0.529109
0.531057
0.57491
0.559531
0.534634
0.578525
0.518984
0.519509
0.509727
0.511353
0.527067
0.522954
0.521897
0.52182
0.542993
0.554661
0.547472
0.516005
0.545305
0.54626
0.546435
0.541958
0.533664
0.536993
0.535821
0.516865
0.516642
0.515127
0.523324
0.523107
0.518387
0.520133
0.515942
0.519061
0.522599
0.51586
0.519871
0.522041
0.524423
0.528246
0.541115
0.519391
0.518178
0.507291
0.549794
0.519379
0.519278
0.518037
0.519272
0.522966
0.504943
0.576027
0.581244
0.56075
0.559097
0.515288
0.514609
0.51366
0.512495
0.516112
0.51699
0.517035
0.538872
0.542303
0.517514
0.518216
0.563112
0.546838
0.560301
0.56264
0.518274
0.514194
0.522567
0.515376
0.517865
0.519905
0.518824
0.517341
0.519628
0.522468
0.523133
0.521895
0.520533
0.525818
0.518918
0.519406
0.509844
0.510963
0.51022
0.543396
0.52756
0.526509
0.556504
0.515851
0.516608
0.521562
0.515416
0.52032
0.521118
0.521607
0.512338
0.522871
0.522507
0.54573
0.583578
0.562801
0.519986
0.520442
0.546976
0.540676
0.52705
0.527887
0.512995
0.512987
0.510011
0.520186
0.51928
0.521498
0.521083
0.540462
0.540308
0.52157
0.515948
0.516542
0.521063
0.523277
0.548525
0.543752
0.524005
0.523138
0.517448
0.534999
0.54056
0.517219
0.517669
0.522222
0.53591
0.528502
0.527451
0.528808
0.528401
0.530923
0.523409
0.529972
0.532593
0.518998
0.518044
0.523084
0.520506
0.530263
0.522722
0.531112
0.513405
0.517075
0.520894
0.521243
0.558148
0.550258
0.565141
0.53214
0.531998
0.526243
0.523094
0.5199
0.515212
0.52315
0.517656
0.5235
0.521662
0.521864
0.521896
0.521764
0.524803
0.521705
0.518707
0.51477
0.51545
0.519223
0.523136
0.519646
0.516393
0.510926
0.513471
0.518521
0.521375
0.519884
0.520016
0.516937
0.515347
0.516183
0.523017
0.521734
0.516314
0.515821
0.52036
0.517948
0.517972
0.518286
0.524846
0.522831
0.556789
0.560499
0.521986
0.513332
0.520175
0.506094
0.519379
0.507767
0.510732
0.524505
0.522557
0.523908
0.524221
0.521888
0.519309
0.518459
0.515784
0.517412
0.516025
0.51805
0.516603
0.516705
0.518468
0.514729
0.515905
0.521041
0.531779
0.512382
0.510235
0.514555
0.523727
0.521545
0.521626
0.521666
0.52126
0.520847
0.518161
0.517904
0.517832
0.51755
0.54621
0.515125
0.519011
0.522398
0.522172
0.520535
0.556784
0.522162
0.521159
0.5175
0.518451
0.547114
0.55747
0.517936
0.52179
0.546047
0.547806
0.525777
0.520063
0.513684
0.52309
0.524984
0.530638
0.522147
0.52067
0.521611
0.521856
0.536781
0.552141
0.553148
0.510265
0.527441
0.529467
0.509825
0.521043
0.519836
0.521244
0.522025
0.521566
0.517283
0.522866
0.557896
0.508849
0.509909
0.538764
0.546476
0.520154
0.517094
0.521307
0.521371
0.554593
0.563786
0.520823
0.522509
0.572771
0.541568
0.519555
0.528848
0.523898
0.519517
0.519221
0.519853
0.519364
0.521353
0.521459
0.520138
0.518571
0.519444
0.552257
0.518011
0.51856
0.521982
0.516181
0.522122
0.522519
0.521604
0.52193
0.510208
0.517006
0.528439
0.522658
0.528711
0.516651
0.515108
0.513474
0.518857
0.518503
0.522259
0.523342
0.526325
0.534158
0.534465
0.534241
0.534418
0.547014
0.519389
0.532959
0.527329
0.518011
0.541868
0.544412
0.542576
0.573855
0.565657
0.550538
0.53793
0.534439
0.547155
0.518805
0.521668
0.550006
0.563773
0.571556
0.54673
0.520721
0.513561
0.512053
0.531792
0.545169
0.522742
0.519158
0.530276
0.547556
0.541955
0.530939
0.540023
0.51632
0.522483
0.518968
0.525064
0.552221
0.573962
0.516448
0.565778
0.521852
0.521191
0.505574
0.518923
0.522125
0.520091
0.519034
0.528753
0.527726
0.526881
0.555379
0.556728
0.520366
0.51821
0.514292
0.520272
0.519952
0.519276
0.520311
0.579359
0.52201
0.562783
0.519857
0.520156
0.547595
0.522384
0.521718
0.521633
0.520428
0.520133
0.520352
0.518752
0.52317
0.521204
0.521845
0.503773
0.506614
0.506651
0.521095
0.537312
0.515688
0.515677
0.511369
0.523144
0.510587
0.52021
0.522716
0.519296
0.513435
0.521977
0.52211
0.518021
0.518729
0.519377
0.517942
0.515903
0.517827
0.517241
0.517525
0.525109
0.539684
0.541558
0.520065
0.519178
0.521158
0.509019
0.511194
0.518282
0.535676
0.52632
0.525456
0.523894
0.522486
0.52198
0.519873
0.576066
0.559067
0.521107
0.567794
0.522129
0.55953
0.537436
0.537599
0.538415
0.520771
0.521116
0.521291
0.520688
0.528238
0.519951
0.517087
0.570417
0.563285
0.507888
0.522154
0.521919
0.507736
0.513212
0.519485
0.519449
0.519836
0.539757
0.519347
0.54032
0.521459
0.545391
0.559671
0.522484
0.528886
0.54778
0.563931
0.522043
0.523994
0.548897
0.526496
0.52041
0.519442
0.520582
0.527255
0.51157
0.518708
0.51821
0.518154
0.517855
0.516206
0.521462
0.517533
0.516516
0.512318
0.520421
0.523821
0.516012
0.522702
0.521357
0.521268
0.521587
0.52077
0.517
0.543433
0.521696
0.52165
0.521125
0.515384
0.520511
0.54692
0.520461
0.516508
0.522087
0.539689
0.517491
0.516966
0.520897
0.521123
0.537332
0.52328
0.518019
0.517554
0.538904
0.522623
0.522824
0.52191
0.51857
0.521907
0.563851
0.510069
0.510976
0.561949
0.558966
0.520882
0.522527
0.52301
0.522188
0.539165
0.519575
0.518088
0.517403
0.518388
0.525164
0.518689
0.517703
0.530565
0.520927
0.514346
0.517555
0.509349
0.510096
0.532262
0.522337
0.517228
0.584619
0.553641
0.522563
0.525055
0.525067
0.523846
0.53697
0.518202
0.518276
0.518614
0.520504
0.519178
0.5169
0.521239
0.565711
0.518879
0.515832
0.513003
0.519433
0.518884
0.518739
0.520727
0.522056
0.517587
0.566962
0.517601
0.520316
0.520862
0.520169
0.523656
0.520426
0.537336
0.518367
0.516647
0.515782
0.522321
0.53834
0.554342
0.523083
0.521997
0.525595
0.522606
0.517623
0.518077
0.517865
0.515785
0.520794
0.521881
0.517837
0.521298
0.520434
0.514877
0.515026
0.551875
0.516068
0.553546
0.554282
0.53737
0.527005
0.52318
0.525243
0.519792
0.519122
0.520622
0.521503
0.523946
0.518311
0.519211
0.548034
0.523598
0.518336
0.518012
0.522306
0.522178
0.522162
0.562526
0.560992
0.57241
0.517134
0.522075
0.507328
0.507885
0.509903
0.542763
0.520282
0.541945
0.520321
0.51602
0.518231
0.510586
0.505881
0.517173
0.508093
0.520427
0.519037
0.51074
0.522274
0.520717
0.537019
0.509101
0.517835
0.516047
0.512143
0.522711
0.524027
0.517261
0.522399
0.521261
0.56134
0.508201
0.507084
0.509293
0.535712
0.527894
0.562967
0.524922
0.521675
0.508908
0.505866
0.508589
0.519347
0.520833
0.521707
0.521487
0.531085
0.528289
0.519578
0.512476
0.520843
0.520679
0.529741
0.521426
0.524757
0.515269
0.517946
0.514999
0.52209
0.569152
0.524264
0.531412
0.521803
0.518196
0.517824
0.522642
0.521313
0.522067
0.51447
0.508097
0.521243
0.509138
0.519922
0.554753
0.552146
0.55366
0.517581
0.543292
0.545614
0.567958
0.533522
0.527817
0.53055
0.528358
0.567025
0.532979
0.521419
0.521135
0.51642
0.521439
0.528221
0.513154
0.523157
0.518169
0.520997
0.531069
0.51843
0.521224
0.52226
0.548066
0.55829
0.509103
0.5118
0.518034
0.520066
0.524822
0.518065
0.520087
0.520643
0.515133
0.512816
0.512588
0.522397
0.525784
0.519212
0.576227
0.519389
0.519929
0.518813
0.519404
0.521965
0.520952
0.525766
0.517822
0.540789
0.522343
0.520473
0.521153
0.558631
0.565904
0.518293
0.517819
0.518004
0.524666
0.52071
0.520867
0.522173
0.509915
0.533097
0.540621
0.522503
0.522013
0.528497
0.530191
0.527593
0.513125
0.51481
0.521144
0.566613
0.519963
0.51708
0.537607
0.577868
0.518177
0.520233
0.521419
0.522643
0.522528
0.526425
0.531604
0.518115
0.520195
0.598039
0.516779
0.517028
0.514493
0.576393
0.530607
0.531942
0.532969
0.54184
0.526161
0.521808
0.53258
0.551225
0.532396
0.513825
0.522754
0.522209
0.520695
0.519794
0.519221
0.511122
0.512692
0.53515
0.526935
0.509771
0.520298
0.519822
0.519082
0.522327
0.522712
0.512493
0.523566
0.522614
0.556843
0.542262
0.521952
0.541372
0.54612
0.558711
0.512925
0.528406
0.516982
0.522713
0.522195
0.533508
0.548638
0.556385
0.530322
0.503754
0.504254
0.507459
0.520954
0.519202
0.53795
0.543347
0.515535
0.51822
0.514643
0.541134
0.520398
0.517052
0.518176
0.521719
0.522537
0.517313
0.5484
0.51915
0.521807
0.517339
0.516864
0.523118
0.527595
0.518757
0.513376
0.508448
0.514933
0.511764
0.517302
0.518609
0.512019
0.518651
0.51818
0.509557
0.512055
0.561789
0.531749
0.527557
0.509395
0.515535
0.519989
0.520754
0.519442
0.521979
0.522239
0.537033
0.521212
0.524477
0.513299
0.520346
0.518605
0.512894
0.524178
0.525564
0.52333
0.510177
0.521034
0.520591
0.528642
0.536098
0.522097
0.562863
0.516747
0.511232
0.515099
0.522953
0.522809
0.558241
0.510111
0.511001
0.510843
0.519142
0.513037
0.5234
0.515519
0.522159
0.520699
0.555428
0.516569
0.571737
0.539274
0.514977
0.520694
0.516751
0.528213
0.511105
0.517033
0.518972
0.515404
0.515603
0.549767
0.523552
0.523194
0.523163
0.52455
0.51937
0.548347
0.505868
0.531362
0.511234
0.513895
0.511115
0.512373
0.535493
0.518947
0.536946
0.521414
0.514628
0.57413
0.52289
0.521513
0.524281
0.5373
0.520328
0.522653
0.525923
0.524384
0.529405
0.516798
0.51492
0.521342
0.53859
0.515806
0.515504
0.515905
0.510553
0.523842
0.521555
0.547179
0.508353
0.527865
0.534128
0.515462
0.536632
0.57441
0.517288
0.51809
0.518269
0.520231
0.569558
0.521804
0.581256
0.577973
0.568634
0.510203
0.521922
0.509831
0.540486
0.534033
0.517652
0.536626
0.523477
0.522251
0.533879
0.587536
0.520113
0.611389
0.506571
0.505224
0.510917
0.510104
0.523826
0.511787
0.513501
0.50897
0.507044
0.508871
0.516186
0.523335
0.519657
0.520115
0.522257
0.520677
0.510452
0.533883
0.528803
0.559849
0.522116
0.518962
0.510793
0.518482
0.520271
0.523157
0.521005
0.556845
0.521131
0.530929
0.515253
0.523027
0.517639
0.50936
0.522298
0.5226
0.554882
0.520275
0.522773
0.577305
0.52041
0.520378
0.517447
0.517691
0.520327
0.518713
0.510959
0.515883
0.520772
0.512976
0.521142
0.515971
0.510108
0.519889
0.510831
0.516508
0.518839
0.514392
0.521528
0.524854
0.523045
0.562746
0.5306
0.525253
0.539842
0.521742
0.516488
0.523354
0.505226
0.520988
0.518631
0.530075
0.527302
0.515402
0.516192
0.521032
0.529814
0.51845
0.516383
0.520994
0.522192
0.520445
0.521335
0.522103
0.539902
0.520297
0.523043
0.51405
0.51914
0.511098
0.509913
0.517302
0.514651
0.532412
0.549369
0.521556
0.525055
0.52234
0.539532
0.521053
0.514671
0.556191
0.519201
0.529466
0.555865
0.579446
0.546722
0.523955
0.531881
0.522949
0.521924
0.522556
0.528058
0.523048
0.517714
0.506993
0.509947
0.517298
0.55691
0.505792
0.516249
0.534995
0.575318
0.51682
0.51226
0.532268
0.517522
0.516275
0.522799
0.522498
0.522332
0.518593
0.517111
0.572809
0.532468
0.516219
0.521671
0.540955
0.518872
0.520703
0.523581
0.522711
0.537493
0.522655
0.514425
0.538394
0.528083
0.530477
0.537465
0.506059
0.509236
0.523943
0.542888
0.52693
0.526538
0.510847
0.5361
0.528933
0.545772
0.511594
0.543874
0.521906
0.522791
0.508298
0.519862
0.594883
0.522801
0.508346
0.533134
0.549624
0.518316
0.520734
0.542544
0.541212
0.504247
0.522466
0.532268
0.516273
0.532951
0.508978
0.527933
0.520414
0.528953
0.511834
0.591014
0.519529
0.526927
0.510049
0.529901
0.537691
0.509939
0.515072
0.523317
0.518483
0.518746
0.538676
0.503147
0.601489
0.519358
0.578817
0.523242
0.538611
0.512862
0.518974
0.510426
0.518721
0.518454
0.519744
0.571253
0.545243
0.516969
0.524737
0.521093
0.517898
0.524205
0.55108
0.510772
0.51254
0.522706
0.512925
0.51574
0.517787
0.539619
0.523227
0.513638
0.514998
0.519135
0.514868
0.511412
0.517462
0.519227
0.519924
0.517822
0.521283
0.515224
0.519908
0.550324
0.568495
0.518607
0.548454
0.526208
0.519086
0.518635
0.528714
0.508986
0.521711
0.513536
0.528189
0.519699
0.519058
0.517028
0.520421
0.519474
0.518762
0.520304
0.521046
0.519696
0.519817
0.520273
0.508397
0.515977
0.515189
0.510863
0.520889
0.51854
0.521531
0.51609
0.521838
0.517215
0.520432
0.521258
0.511964
0.519842
0.5191
0.519341
0.519133
0.520623
0.526789
0.518949
0.515632
0.542897
0.514056
0.516452
0.518813
0.520212
0.52045
0.521053
0.519924
0.518612
0.518426
0.519981
0.53574
0.536731
0.518872
0.519846
0.519916
0.51988
0.516643
0.518223
0.506684
0.532073
0.50188
0.518454
0.513699
0.523105
0.517789
0.546386
0.541748
0.521447
0.540359
0.529892
0.507464
0.539412
0.521134
0.528166
0.51765
0.563617
0.522949
0.511421
0.515875
0.520962
0.506022
0.510467
0.525497
0.533513
0.526579
0.499292
0.497877
0.507249
0.528298
0.552268
0.520619
0.516765
0.519772
0.532507
0.517491
0.517437
0.523252
0.549375
0.520307
0.519591
0.511451
0.519095
0.517049
0.520542
0.516377
0.532414
0.520106
0.517991
0.520612
0.536787
0.531367
0.53202
0.523652
0.520862
0.522347
0.540197
0.518018
0.520846
0.512494
0.519947
0.519989
0.519015
0.520274
0.507848
0.520867
0.521953
0.516538
0.51659
0.515845
0.529846
0.524963
0.543101
0.513495
0.510473
0.567373
0.511545
0.551074
0.530405
0.518689
0.557687
0.515688
0.513897
0.516109
0.515399
0.519645
0.521214
0.521345
0.538419
0.515605
0.516122
0.528479
0.523133
0.511909
0.521058
0.519569
0.518181
0.521143
0.522966
0.514599
0.511935
0.521814
0.51154
0.525349
0.519689
0.528155
0.516082
0.525446
0.523418
0.507599
0.525744
0.540175
0.520795
0.511886
0.545847
0.520824
0.556095
0.52084
0.547775
0.557077
0.515163
0.519929
0.56189
0.514201
0.522788
0.521541
0.565402
0.517228
0.509472
0.524088
0.521765
0.518025
0.51467
0.522997
0.522443
0.551349
0.518872
0.530574
0.518308
0.514458
0.517935
0.518844
0.5218
0.517604
0.502946
0.517844
0.520566
0.544704
0.51715
0.551463
0.522084
0.519116
0.523031
0.515923
0.540724
0.515685
0.517984
0.548686
0.538528
0.515258
0.528395
0.563421
0.521983
0.513618
0.552041
0.515653
0.527195
0.53182
0.540712
0.521793
0.521244
0.51921
0.520768
0.507807
0.521252
0.565599
0.531655
0.520109
0.529417
0.511829
0.547159
0.521811
0.517219
0.517025
0.546516
0.518847
0.529601
0.535565
0.51753
0.517964
0.520818
0.520416
0.516544
0.520667
0.517887
0.521816
0.507191
0.560929
0.530482
0.519097
0.521849
0.52526
0.517644
0.518524
0.511016
0.525575
0.519904
0.521114
0.519386
0.518557
0.562709
0.512175
0.520962
0.53419
0.49095
0.524856
0.529862
0.510351
0.521262
0.551269
0.525723
0.557482
0.515806
0.521476
0.522251
0.52104
0.53574
0.517196
0.567685
0.51671
0.517953
0.521136
0.520369
0.520314
0.522075
0.519181
0.547857
0.52085
0.5557
0.519189
0.519166
0.509451
0.518084
0.540507
0.516222
0.513958
0.519841
0.521929
0.517039
0.522996
0.542113
0.533466
0.521565
0.551193
0.535537
0.520136
0.548645
0.521528
0.521203
0.513871
0.516573
0.520737
0.517996
0.520809
0.520572
0.519373
0.516141
0.513437
0.518429
0.505066
0.519266
0.520251
0.518226
0.510497
0.529062
0.506081
0.528578
0.515336
0.518224
0.515351
0.517927
0.570897
0.532491
0.532603
0.518083
0.531768
0.520447
0.519428
0.539695
0.532681
0.51949
0.5199
0.523228
0.517855
0.523511
0.512511
0.519178
0.519819
0.518337
0.520496
0.595209
0.514885
0.512332
0.531769
0.514076
0.55274
0.520439
0.520214
0.516242
0.508624
0.504747
0.522926
0.510438
0.520609
0.517566
0.516752
0.526574
0.518865
0.521341
0.519163
0.517961
0.517712
0.518942
0.519615
0.521292
0.51896
0.519443
0.516846
0.521325
0.546958
0.522698
0.510362
0.518263
0.510827
0.522584
0.550645
0.522635
0.520674
0.513068
0.51891
0.512969
0.519087
0.518682
0.522316
0.52398
0.548393
0.513903
0.538479
0.519105
0.516791
0.521102
0.516605
0.51729
0.549292
0.520374
