0.521054
0.521096
0.589014
0.560694
0.521718
0.521295
0.509811
0.51047
0.53306
0.528211
0.530504
0.520369
0.519204
0.518616
0.52109
0.552403
0.55497
0.5115
0.525606
0.538696
0.547142
0.545706
0.51588
0.514847
0.513676
0.520057
0.520939
0.520265
0.517271
0.517762
0.52314
0.520323
0.517082
0.519658
0.531674
0.523976
0.521367
0.535231
0.538705
0.527257
0.525225
0.50604
0.507946
0.518267
0.518747
0.520544
0.520826
0.520419
0.543366
0.547644
0.521544
0.507586
0.514039
0.579573
0.588409
0.579292
0.529445
0.539228
0.542673
0.526954
0.52634
0.522555
0.519462
0.514452
0.51363
0.516
0.52004
0.520974
0.513562
0.517591
0.518154
0.522133
0.522547
0.519822
0.518345
0.516316
0.513257
0.522635
0.523979
0.524928
0.546189
0.542519
0.527818
0.519829
0.520687
0.517562
0.514538
0.560581
0.578297
0.521402
0.521381
0.521157
0.51039
0.512339
0.521703
0.539999
0.537963
0.522324
0.522107
0.521713
0.546844
0.553495
0.549317
0.549143
0.51005
0.516314
0.515131
0.540205
0.538497
0.542623
0.540231
0.521892
0.52127
0.526519
0.52154
0.534739
0.545857
0.522381
0.521667
0.517452
0.519444
0.520858
0.522862
0.513497
0.53139
0.543954
0.518334
0.518289
0.524328
0.520037
0.530727
0.534744
0.525956
0.526457
0.526206
0.526892
0.540123
0.535254
0.529309
0.539735
0.541129
0.518198
0.519177
0.528225
0.516524
0.521841
0.521908
0.55877
0.5564
0.529066
0.547646
0.527639
0.53901
0.524104
0.522083
0.522588
0.514765
0.516339
0.517754
0.514629
0.52347
0.511144
0.536643
0.516484
0.516642
0.519233
0.514464
0.515257
0.521359
0.525034
0.54944
0.539752
0.522088
0.517586
0.521789
0.518091
0.510777
0.509922
0.518911
0.526469
0.519964
0.52489
0.52288
0.519253
0.519297
0.515334
0.514978
0.525694
0.52306
0.517579
0.517143
0.522453
0.517215
0.515473
0.558622
0.556236
0.521246
0.509849
0.509365
0.508324
0.519068
0.513093
0.515787
0.522095
0.521906
0.518873
0.526638
0.523001
0.520218
0.519461
0.517243
0.518231
0.517425
0.517652
0.52754
0.518746
0.516919
0.517388
0.519144
0.514345
0.525436
0.521309
0.521604
0.517965
0.517799
0.517182
0.506665
0.517513
0.515972
0.522739
0.521844
0.51749
0.517332
0.522459
0.52291
0.521573
0.522639
0.519514
0.519802
0.55509
0.513125
0.512748
0.522697
0.533203
0.531885
0.536485
0.529719
0.520475
0.532362
0.540619
0.514328
0.532332
0.529856
0.522793
0.55101
0.545056
0.557365
0.509661
0.52106
0.515682
0.515715
0.522694
0.521444
0.52212
0.520835
0.517899
0.518136
0.531069
0.523987
0.54301
0.543942
0.510103
0.561856
0.516328
0.519684
0.518919
0.52178
0.552796
0.56079
0.562613
0.521541
0.52063
0.587133
0.543694
0.521295
0.532937
0.527789
0.520111
0.518486
0.521434
0.521942
0.519219
0.518711
0.518698
0.517658
0.518011
0.530212
0.52338
0.521582
0.521099
0.521276
0.52016
0.509327
0.509993
0.518241
0.518475
0.516743
0.519573
0.523916
0.525371
0.518781
0.530603
0.532148
0.535318
0.538109
0.538046
0.547808
0.51922
0.520238
0.529925
0.514514
0.539789
0.543362
0.533356
0.532718
0.568077
0.587363
0.571186
0.577449
0.560859
0.520525
0.520186
0.525067
0.543034
0.525112
0.519463
0.571553
0.568518
0.54074
0.541095
0.545998
0.515446
0.521719
0.511215
0.515701
0.518197
0.554712
0.534049
0.54414
0.521436
0.556498
0.544847
0.533241
0.539811
0.518733
0.521638
0.520892
0.517755
0.522202
0.52304
0.528368
0.522816
0.521466
0.529676
0.581509
0.565628
0.517909
0.588672
0.519827
0.520535
0.520131
0.511288
0.519543
0.522276
0.528325
0.510507
0.511712
0.512642
0.589499
0.540259
0.519228
0.517745
0.517936
0.514516
0.534398
0.520478
0.52049
0.5208
0.535145
0.521364
0.519988
0.584502
0.523898
0.520599
0.52076
0.524041
0.558717
0.541935
0.520544
0.530821
0.553162
0.521503
0.522789
0.521675
0.521149
0.520175
0.519827
0.51976
0.518554
0.521311
0.521392
0.520907
0.522277
0.512413
0.511928
0.522428
0.524511
0.516297
0.53233
0.536462
0.515112
0.517813
0.516255
0.514573
0.567745
0.509829
0.520435
0.519027
0.518508
0.508919
0.511609
0.522149
0.52161
0.519614
0.51935
0.523842
0.518599
0.522157
0.518144
0.517228
0.520337
0.517678
0.517633
0.519786
0.517368
0.523268
0.526356
0.520255
0.519278
0.519683
0.518948
0.510965
0.513897
0.514116
0.527521
0.529852
0.522409
0.521827
0.520355
0.517192
0.51924
0.519246
0.561513
0.509746
0.516743
0.531333
0.520776
0.576746
0.510375
0.513259
0.520951
0.521597
0.521667
0.533801
0.521217
0.511876
0.520463
0.514095
0.519166
0.51888
0.522264
0.520625
0.54477
0.519473
0.519187
0.525102
0.520206
0.518898
0.522216
0.562789
0.521061
0.521024
0.539118
0.535797
0.530903
0.533343
0.52541
0.530054
0.527801
0.510233
0.529659
0.520329
0.521591
0.526896
0.510961
0.524796
0.524306
0.516632
0.516843
0.516607
0.516881
0.520024
0.617382
0.523431
0.519949
0.519637
0.519917
0.517547
0.519785
0.51639
0.519114
0.538543
0.522429
0.521341
0.520476
0.52095
0.520765
0.521028
0.521261
0.520389
0.521444
0.520451
0.547232
0.552077
0.518296
0.526924
0.518372
0.518618
0.521103
0.52159
0.517883
0.517572
0.552531
0.55645
0.520806
0.520988
0.520823
0.522427
0.523565
0.522441
0.519959
0.538607
0.583247
0.511855
0.531246
0.537847
0.534705
0.52083
0.523264
0.549852
0.545147
0.516598
0.51778
0.516491
0.538647
0.535275
0.522906
0.521619
0.516377
0.518029
0.514413
0.530358
0.524392
0.518314
0.518846
0.52701
0.527661
0.535374
0.519274
0.517465
0.518467
0.522994
0.522428
0.522087
0.518852
0.517747
0.520625
0.520968
0.543386
0.523102
0.520525
0.515902
0.519086
0.518588
0.517173
0.559963
0.517268
0.586371
0.518593
0.517904
0.522376
0.521312
0.537133
0.548093
0.521316
0.518716
0.517557
0.517612
0.521426
0.527186
0.523525
0.586125
0.508054
0.523156
0.522458
0.521452
0.519611
0.520651
0.520116
0.513619
0.568923
0.519226
0.519586
0.522076
0.522486
0.511451
0.516351
0.507642
0.508148
0.518033
0.524474
0.542155
0.531063
0.521204
0.517328
0.514695
0.513167
0.521517
0.565143
0.522054
0.582516
0.586931
0.52098
0.508313
0.510963
0.556299
0.545978
0.518997
0.517184
0.518574
0.51986
0.523126
0.51567
0.51562
0.507559
0.551548
0.578995
0.51421
0.517081
0.518107
0.507359
0.517868
0.520913
0.521397
0.513515
0.524581
0.522962
0.519214
0.518664
0.515462
0.514954
0.520582
0.518928
0.516711
0.517104
0.549418
0.55195
0.508632
0.505369
0.517498
0.5162
0.513688
0.517788
0.516666
0.51845
0.517693
0.52981
0.516468
0.520393
0.520685
0.522756
0.527278
0.520896
0.520948
0.506827
0.539908
0.510014
0.50842
0.523494
0.574299
0.552418
0.54262
0.531291
0.517038
0.510495
0.510866
0.512827
0.52445
0.52126
0.521681
0.535898
0.531094
0.529174
0.522421
0.524944
0.531676
0.525845
0.521066
0.520889
0.52951
0.531964
0.519963
0.514224
0.521237
0.523236
0.52074
0.525368
0.522353
0.505658
0.519957
0.519486
0.520007
0.522106
0.510027
0.521587
0.513782
0.507627
0.510304
0.508843
0.524865
0.520614
0.559774
0.560491
0.574162
0.594923
0.536822
0.529232
0.523642
0.540777
0.556359
0.527642
0.519803
0.531836
0.543244
0.511198
0.518175
0.520557
0.571907
0.534763
0.521461
0.536567
0.514365
0.514548
0.522069
0.553922
0.511793
0.52096
0.52288
0.517671
0.540505
0.564962
0.530072
0.522881
0.512966
0.520795
0.522238
0.54967
0.511874
0.524132
0.518842
0.519789
0.509407
0.512273
0.510392
0.525153
0.523029
0.526199
0.521731
0.599979
0.519504
0.519959
0.520465
0.522981
0.523247
0.543437
0.541451
0.515857
0.51886
0.521369
0.524635
0.522448
0.520418
0.518487
0.521724
0.564799
0.574282
0.518433
0.537762
0.516117
0.521851
0.510626
0.552079
0.534114
0.540917
0.516746
0.520649
0.513778
0.526989
0.52778
0.523004
0.517832
0.519383
0.521182
0.520991
0.56319
0.530736
0.536943
0.519278
0.522444
0.551241
0.520885
0.510729
0.521677
0.522138
0.529922
0.521868
0.522342
0.517517
0.517642
0.52207
0.585064
0.518702
0.577187
0.527474
0.527891
0.535294
0.526197
0.532639
0.52218
0.520202
0.5172
0.525811
0.52084
0.550595
0.529993
0.52188
0.523025
0.522289
0.521084
0.519672
0.511582
0.513496
0.53913
0.531491
0.510263
0.518169
0.51982
0.531759
0.521974
0.52099
0.516528
0.548563
0.552282
0.521068
0.518204
0.50883
0.522698
0.522263
0.534798
0.542381
0.543579
0.52272
0.565991
0.533516
0.526182
0.523873
0.526929
0.51763
0.516674
0.556075
0.551297
0.518277
0.542145
0.540721
0.54006
0.517451
0.516496
0.518542
0.524012
0.518272
0.520255
0.516485
0.524428
0.526451
0.519114
0.562517
0.522757
0.525666
0.528475
0.515442
0.509013
0.509365
0.505464
0.510142
0.519782
0.549024
0.568995
0.518359
0.512499
0.522331
0.52028
0.520514
0.516517
0.519461
0.508511
0.508478
0.546991
0.508718
0.522167
0.519919
0.52065
0.515264
0.520233
0.522929
0.522598
0.556186
0.522198
0.51286
0.519964
0.514019
0.527025
0.531706
0.567353
0.526117
0.523907
0.531746
0.516095
0.508731
0.522702
0.520878
0.528658
0.533616
0.557428
0.547501
0.526826
0.51901
0.544133
0.573365
0.514459
0.528094
0.523512
0.52194
0.510882
0.523936
0.520064
0.539327
0.526485
0.509521
0.50994
0.510271
0.50951
0.510288
0.524129
0.528811
0.525971
0.522558
0.520341
0.521571
0.561294
0.517699
0.544872
0.535931
0.519389
0.520139
0.531982
0.518111
0.507473
0.519399
0.50818
0.515094
0.514365
0.543304
0.532084
0.52097
0.529314
0.515619
0.514923
0.515951
0.528442
0.515685
0.515134
0.534711
0.517431
0.63007
0.518434
0.518462
0.522898
0.522552
0.52272
0.527475
0.537058
0.538994
0.514633
0.514978
0.521905
0.529037
0.522841
0.527137
0.517721
0.555359
0.51611
0.517382
0.516807
0.513094
0.522695
0.532508
0.526537
0.51912
0.521269
0.53701
0.556357
0.521451
0.533955
0.51953
0.527781
0.527724
0.516406
0.520772
0.51984
0.537692
0.519896
0.521624
0.532386
0.517457
0.537645
0.535696
0.518584
0.528713
0.523546
0.529591
0.512222
0.533126
0.504266
0.571258
0.519495
0.522288
0.517485
0.509081
0.510406
0.511982
0.518746
0.520387
0.520948
0.531889
0.52298
0.563421
0.562209
0.52061
0.528521
0.52178
0.520574
0.519503
0.516397
0.517335
0.577147
0.589347
0.52204
0.521682
0.522419
0.523539
0.520363
0.512644
0.523971
0.522886
0.522011
0.523486
0.571422
0.520711
0.51461
0.523464
0.518324
0.52339
0.520672
0.522216
0.520675
0.521189
0.520887
0.525917
0.531477
0.504326
0.509871
0.517452
0.522183
0.521075
0.520742
0.529549
0.529741
0.521045
0.514845
0.509327
0.519163
0.517593
0.516185
0.515314
0.523502
0.527367
0.535614
0.568339
0.550832
0.52753
0.511489
0.530957
0.505543
0.574142
0.521368
0.515924
0.570283
0.59223
0.519534
0.528634
0.521958
0.525658
0.529386
0.515926
0.518792
0.520083
0.600583
0.5217
0.516086
0.515564
0.52542
0.51769
0.523071
0.51724
0.521787
0.522053
0.520882
0.521238
0.521626
0.548702
0.520528
0.520217
0.52195
0.523658
0.523677
0.513609
0.523048
0.523645
0.517359
0.517898
0.515513
0.518093
0.529073
0.507317
0.594082
0.5228
0.529555
0.55094
0.52031
0.590099
0.522164
0.527821
0.515931
0.568634
0.522739
0.522145
0.524957
0.519691
0.521959
0.507595
0.521211
0.518896
0.540056
0.510155
0.506299
0.518238
0.52008
0.586787
0.512047
0.57671
0.549726
0.545519
0.531957
0.518598
0.515239
0.533817
0.542386
0.517472
0.518081
0.52296
0.518506
0.527107
0.533522
0.520796
0.575802
0.537821
0.536377
0.514418
0.509416
0.545522
0.508857
0.517175
0.522228
0.522999
0.53895
0.521599
0.524221
0.522807
0.52312
0.553673
0.508946
0.533462
0.522209
0.540594
0.520174
0.532729
0.508204
0.531664
0.516403
0.50691
0.543323
0.511387
0.521112
0.520204
0.52183
0.527628
0.540567
0.527142
0.542497
0.523242
0.510227
0.523625
0.544099
0.520032
0.523596
0.519283
0.573729
0.508276
0.52005
0.519732
0.524672
0.513987
0.525433
0.508954
0.506641
0.513939
0.545192
0.520007
0.519793
0.520154
0.521233
0.56235
0.520594
0.547357
0.520514
0.522814
0.52149
0.520153
0.511963
0.517417
0.526365
0.530652
0.514036
0.537957
0.515071
0.512058
0.515374
0.538257
0.519461
0.512813
0.519775
0.510468
0.543675
0.549935
0.529999
0.521592
0.542051
0.510654
0.511454
0.518936
0.528886
0.52983
0.511033
0.514462
0.516748
0.520968
0.52228
0.521848
0.516445
0.510355
0.508049
0.522428
0.521706
0.518187
0.520858
0.521682
0.520315
0.536028
0.521434
0.521934
0.516626
0.513883
0.521346
0.518372
0.51769
0.550682
0.532868
0.534991
0.516986
0.515285
0.514529
0.528825
0.520278
0.519468
0.522427
0.518075
0.54855
0.515673
0.516649
0.51652
0.520394
0.519461
0.515663
0.514479
0.512953
0.519082
0.523559
0.518614
0.521556
0.518179
0.517811
0.522263
0.513965
0.520848
0.510524
0.554761
0.530144
0.53231
0.52119
0.516142
0.549069
0.511258
0.512545
0.516179
0.521075
0.517964
0.515812
0.520402
0.522217
0.513161
0.508576
0.510303
0.510849
0.527826
0.517637
0.516802
0.514091
0.512651
0.517642
0.546803
0.51674
0.512279
0.549291
0.521681
0.5116
0.518143
0.518967
0.526226
0.520681
0.520487
0.521523
0.521385
0.546195
0.544626
0.533859
0.535713
0.532787
0.518819
0.516924
0.520535
0.521555
0.511491
0.517832
0.518125
0.522554
0.518768
0.511978
0.513507
0.52025
0.518453
0.521254
0.520913
0.516894
0.521654
0.521124
0.522384
0.541325
0.516474
0.511608
0.510823
0.512309
0.516062
0.517151
0.522942
0.513293
0.523614
0.51197
0.524935
0.512137
0.522005
0.516488
0.520497
0.511376
0.522553
0.521118
0.520113
0.52108
0.541171
0.512629
0.508786
0.515872
0.517908
0.523171
0.517491
0.516994
0.51774
0.512001
0.511615
0.51886
0.517367
0.513413
0.519035
0.518448
0.518049
0.523329
0.536191
0.522348
0.537933
0.544082
0.577896
0.521297
0.520205
0.53487
0.532419
0.544819
0.541591
0.518197
0.542895
0.523548
0.519315
0.517164
0.522637
0.514386
0.52049
0.518132
0.533674
0.517034
0.520181
0.509793
0.514276
0.510181
0.521031
0.519107
0.521568
0.52948
0.518947
0.549042
0.551029
0.564859
0.517796
0.516841
0.520401
0.51928
0.525072
0.525865
0.535986
0.519102
0.553066
0.520052
0.519079
0.557038
0.520007
0.520958
0.519741
0.521406
0.519662
0.530682
0.521773
0.520795
0.520513
0.518292
0.521274
0.534104
0.531463
0.521298
0.52755
0.522688
0.520979
0.521425
0.519768
0.525406
0.51789
0.547402
0.51754
0.537667
0.519549
0.529978
0.516373
0.515402
0.562932
0.522328
0.510276
0.521777
0.517769
0.519799
0.521199
0.519132
0.527228
0.51877
0.520337
0.519091
0.52493
0.526097
0.523642
0.518783
0.550554
0.517156
0.52106
0.520785
0.519887
0.517343
0.551249
0.516917
0.518951
0.512341
0.578306
0.516559
0.536579
0.517432
0.54557
0.515176
0.516215
0.521191
0.523446
0.517142
0.516673
0.529772
0.514542
0.521993
0.538389
0.523906
0.548711
0.540832
0.520413
0.513954
0.518634
0.537744
0.52844
0.517329
0.537996
0.522013
0.521404
0.531659
0.520222
0.523729
0.529706
0.545901
0.514995
0.518433
0.517961
0.519915
0.529082
0.541973
0.51892
0.514441
0.518691
0.521538
0.519475
0.514329
0.520091
0.542974
0.522442
0.524913
0.520917
0.517967
0.517742
0.52404
0.546299
0.543631
0.557166
0.518739
0.514023
0.534236
0.528319
0.521116
0.520911
0.588198
0.521112
0.515453
0.520984
0.519265
0.604013
0.523235
0.534932
0.519355
0.521812
0.53673
0.518584
0.506374
0.536872
0.517513
0.512753
0.522946
0.521576
0.521036
0.523536
0.521112
0.518855
0.518597
0.520642
0.516993
0.522389
0.526036
0.520586
0.517152
0.547189
0.510938
0.516993
0.515653
0.573743
0.582985
0.521366
0.521061
0.522144
0.518953
0.508536
0.522562
0.518826
0.548636
0.522156
0.546433
0.522252
0.518642
0.505339
0.509892
0.521436
0.521282
0.52215
0.520704
0.522545
0.519752
0.517347
0.518975
0.510695
0.516241
0.510694
0.520415
0.52187
0.52147
0.5185
0.514345
0.516927
0.521592
0.522647
0.52153
0.525444
0.509898
0.522756
0.546152
0.519089
