0.521682
0.521599
0.59827
0.520158
0.514065
0.538011
0.530754
0.520504
0.512169
0.520932
0.520549
0.522293
0.526591
0.544245
0.551662
0.550325
0.517474
0.519355
0.520671
0.522466
0.525027
0.519525
0.521621
0.519949
0.53483
0.54171
0.518223
0.518109
0.520442
0.519557
0.52029
0.525582
0.523082
0.521242
0.520687
0.522956
0.519859
0.508629
0.51048
0.531566
0.530546
0.54313
0.538503
0.540559
0.536186
0.516652
0.518832
0.519043
0.521468
0.520543
0.520843
0.513229
0.512498
0.515438
0.521701
0.520148
0.519926
0.517778
0.511683
0.511547
0.521855
0.525044
0.520024
0.537747
0.523643
0.517978
0.515931
0.51812
0.515077
0.520459
0.520179
0.520369
0.522261
0.516507
0.50978
0.513318
0.522714
0.522641
0.5221
0.521257
0.540678
0.546888
0.518135
0.517287
0.519461
0.52567
0.533704
0.558911
0.555252
0.557839
0.518639
0.51829
0.53513
0.525254
0.524204
0.522233
0.543693
0.55213
0.535086
0.543608
0.520297
0.522676
0.55305
0.537812
0.513586
0.526789
0.517435
0.517676
0.517326
0.516996
0.515071
0.51716
0.528144
0.546269
0.528694
0.528842
0.529477
0.539767
0.532361
0.531819
0.545654
0.516428
0.521106
0.517924
0.516548
0.5561
0.55671
0.531262
0.54296
0.539336
0.523724
0.523468
0.512673
0.52375
0.516653
0.51984
0.525726
0.514938
0.511453
0.509739
0.510134
0.520578
0.521305
0.516433
0.510248
0.517752
0.518005
0.533767
0.542995
0.540691
0.523027
0.520756
0.511411
0.518394
0.519848
0.512105
0.514609
0.521098
0.520944
0.522894
0.517027
0.520421
0.524459
0.517487
0.52284
0.516964
0.517196
0.510485
0.512129
0.522288
0.518766
0.518162
0.515715
0.520393
0.521344
0.526365
0.529332
0.516187
0.517672
0.514816
0.520038
0.519939
0.516724
0.519359
0.521108
0.521094
0.512846
0.524303
0.519374
0.52276
0.517859
0.516929
0.516895
0.525755
0.522869
0.522731
0.523069
0.516873
0.517292
0.522214
0.519668
0.520087
0.522908
0.542118
0.536687
0.536915
0.532874
0.519862
0.535677
0.528447
0.527994
0.542252
0.524281
0.517504
0.563258
0.558112
0.559467
0.52336
0.53357
0.516683
0.517381
0.518201
0.531953
0.525517
0.526452
0.573164
0.57372
0.518172
0.514513
0.520604
0.520157
0.513466
0.51326
0.537271
0.517283
0.520071
0.52038
0.551446
0.552891
0.542817
0.572395
0.519548
0.506636
0.507663
0.518443
0.521877
0.519174
0.518521
0.518574
0.51868
0.520873
0.521014
0.520566
0.511129
0.514727
0.524676
0.520081
0.519288
0.527283
0.518852
0.52113
0.511898
0.511206
0.52164
0.52181
0.519691
0.552084
0.538977
0.536185
0.541213
0.566912
0.562261
0.571895
0.559004
0.52373
0.517921
0.518223
0.518925
0.529423
0.543638
0.529163
0.511705
0.507222
0.510384
0.521971
0.553984
0.53471
0.514332
0.517794
0.512701
0.515197
0.5126
0.53923
0.520665
0.520723
0.518671
0.564672
0.549916
0.534679
0.519118
0.516582
0.514187
0.515973
0.521849
0.522383
0.519793
0.520749
0.524363
0.517976
0.580902
0.571849
0.545674
0.522859
0.521907
0.520454
0.509657
0.510738
0.512481
0.518073
0.547553
0.516599
0.518796
0.518311
0.518716
0.549328
0.538019
0.519553
0.520216
0.521117
0.527138
0.520068
0.519755
0.511572
0.513325
0.522633
0.521281
0.546226
0.555817
0.559265
0.522446
0.522144
0.520606
0.525402
0.548866
0.52154
0.521471
0.523082
0.52092
0.519745
0.519855
0.521036
0.520535
0.521037
0.50706
0.50788
0.507407
0.52151
0.524551
0.535811
0.513947
0.546654
0.51254
0.520418
0.51816
0.519918
0.523007
0.511612
0.509303
0.511254
0.521977
0.540526
0.520174
0.519709
0.519256
0.517945
0.515442
0.517859
0.550921
0.51494
0.51641
0.527212
0.521442
0.520332
0.519517
0.516926
0.527437
0.532634
0.527254
0.520492
0.523527
0.522683
0.510379
0.521082
0.520006
0.516205
0.521118
0.520039
0.518122
0.520271
0.512689
0.522718
0.521035
0.527582
0.520392
0.519921
0.541146
0.534976
0.508814
0.512909
0.512154
0.531923
0.522452
0.582003
0.511632
0.516347
0.539236
0.533702
0.521173
0.521831
0.549726
0.52964
0.518218
0.519507
0.522691
0.5328
0.519179
0.514906
0.520808
0.520287
0.521282
0.562267
0.554524
0.522225
0.521488
0.52032
0.520588
0.521022
0.519386
0.521977
0.530547
0.536796
0.526953
0.537874
0.537286
0.52759
0.539557
0.50795
0.510681
0.509263
0.520961
0.521515
0.520836
0.521462
0.528401
0.52506
0.511348
0.517541
0.518184
0.518181
0.517996
0.518436
0.517363
0.519377
0.586082
0.577963
0.521181
0.51745
0.518486
0.524838
0.520061
0.520822
0.521491
0.514912
0.514546
0.513991
0.51479
0.518073
0.515725
0.520489
0.521246
0.51977
0.520226
0.520961
0.520495
0.52207
0.528012
0.522169
0.518922
0.521747
0.541059
0.517017
0.521537
0.517632
0.517828
0.517426
0.528682
0.517141
0.518241
0.52122
0.517158
0.566103
0.520525
0.523512
0.523044
0.519611
0.522307
0.519407
0.51636
0.515877
0.528794
0.522834
0.537932
0.533191
0.520367
0.53486
0.556469
0.52121
0.515327
0.515345
0.5162
0.515593
0.518647
0.522259
0.532837
0.535407
0.53093
0.520398
0.517369
0.518138
0.516806
0.532078
0.525865
0.517274
0.518396
0.519887
0.526677
0.527813
0.523475
0.538498
0.52135
0.519858
0.51909
0.520253
0.520321
0.520317
0.544493
0.525903
0.523566
0.519898
0.51969
0.51991
0.519816
0.522099
0.539001
0.59212
0.517556
0.514647
0.550824
0.522046
0.518406
0.517767
0.520099
0.525867
0.574045
0.525819
0.570102
0.565955
0.508851
0.547982
0.50924
0.518525
0.521774
0.51978
0.517343
0.519166
0.520905
0.522146
0.520312
0.517457
0.51578
0.518973
0.522548
0.520529
0.531143
0.52023
0.514039
0.519982
0.508428
0.511203
0.520585
0.515498
0.521191
0.522419
0.52271
0.53662
0.514325
0.516258
0.514989
0.522426
0.61318
0.521248
0.518961
0.557188
0.522783
0.517366
0.5188
0.518974
0.517676
0.521248
0.515078
0.516098
0.50689
0.575091
0.519494
0.521619
0.516316
0.516737
0.517392
0.519334
0.518508
0.522358
0.521663
0.522158
0.515103
0.522242
0.521414
0.521207
0.518411
0.518738
0.515772
0.51625
0.514674
0.530851
0.518681
0.518638
0.517909
0.519044
0.580694
0.521226
0.535605
0.537022
0.535179
0.513661
0.513277
0.506326
0.508226
0.509754
0.511548
0.514546
0.517567
0.509431
0.528423
0.525653
0.52152
0.521125
0.518404
0.52104
0.520342
0.517936
0.508625
0.510109
0.507087
0.508083
0.519912
0.567153
0.547583
0.540144
0.53133
0.526195
0.519657
0.51935
0.525737
0.528449
0.528677
0.515165
0.507191
0.520228
0.522192
0.518182
0.510059
0.533862
0.528904
0.530339
0.519267
0.524823
0.529718
0.520377
0.519702
0.525187
0.538247
0.504937
0.50397
0.51663
0.515051
0.519419
0.511643
0.519708
0.523731
0.521748
0.508951
0.507507
0.518294
0.509294
0.5103
0.510521
0.52443
0.551968
0.549471
0.559022
0.545743
0.543705
0.531757
0.540515
0.518941
0.541752
0.524893
0.532608
0.521325
0.539941
0.54888
0.515162
0.5601
0.533653
0.517319
0.517213
0.518241
0.534881
0.55471
0.512223
0.579486
0.589237
0.540389
0.541691
0.51266
0.513179
0.513136
0.524608
0.55512
0.524998
0.511293
0.52018
0.519559
0.541764
0.582271
0.520887
0.515309
0.536086
0.565678
0.530878
0.518442
0.511665
0.523826
0.520587
0.524105
0.526693
0.519037
0.511873
0.514529
0.525369
0.521582
0.523002
0.516641
0.516329
0.519884
0.550234
0.518163
0.516654
0.522258
0.520804
0.517474
0.55236
0.520149
0.510166
0.511451
0.548935
0.516424
0.517234
0.526599
0.523806
0.535757
0.523669
0.520574
0.517889
0.516887
0.518358
0.526747
0.51933
0.506765
0.507928
0.521167
0.52364
0.523075
0.521405
0.509845
0.589948
0.515035
0.518518
0.586534
0.533147
0.536037
0.535025
0.535076
0.516993
0.517891
0.520488
0.522276
0.521308
0.521823
0.515008
0.514686
0.522068
0.520143
0.516808
0.520459
0.52088
0.521227
0.5343
0.53314
0.512471
0.522363
0.518079
0.520482
0.517253
0.521968
0.554954
0.561856
0.523564
0.519296
0.520505
0.510048
0.521775
0.521189
0.531142
0.521163
0.513943
0.51755
0.508361
0.512172
0.52745
0.516295
0.515751
0.514478
0.516567
0.516247
0.526727
0.563674
0.518093
0.512272
0.536363
0.530622
0.517559
0.53636
0.517644
0.522967
0.520462
0.519388
0.543359
0.517238
0.51648
0.523049
0.511077
0.51807
0.540455
0.536568
0.523381
0.52489
0.559671
0.519606
0.51964
0.522201
0.528195
0.525267
0.524247
0.520972
0.518273
0.519595
0.513384
0.521989
0.523211
0.550454
0.518355
0.521515
0.519838
0.51919
0.519822
0.58796
0.575689
0.522931
0.566819
0.544634
0.521149
0.521462
0.51766
0.521097
0.520828
0.526905
0.522058
0.511334
0.509576
0.509445
0.52581
0.534834
0.520499
0.522553
0.56076
0.513644
0.517443
0.516934
0.514635
0.531451
0.525677
0.55833
0.560936
0.521567
0.530614
0.524485
0.517674
0.528041
0.524324
0.518492
0.509777
0.520505
0.511302
0.520675
0.523861
0.522799
0.521803
0.522253
0.518224
0.526344
0.55023
0.544005
0.513971
0.529369
0.531746
0.522834
0.513089
0.521254
0.522157
0.517031
0.516528
0.52109
0.511475
0.524261
0.527476
0.52017
0.523105
0.522541
0.517633
0.520571
0.524998
0.596673
0.523189
0.518576
0.505272
0.508896
0.520498
0.520997
0.571944
0.532097
0.525704
0.521547
0.522776
0.524229
0.512975
0.529697
0.514505
0.514339
0.519989
0.549848
0.520241
0.522969
0.523211
0.522726
0.529278
0.536535
0.532227
0.515424
0.515107
0.532531
0.52356
0.510001
0.532978
0.524698
0.524237
0.51451
0.515557
0.518124
0.520939
0.522882
0.524098
0.531175
0.521984
0.53093
0.576294
0.522201
0.522379
0.522272
0.543104
0.521479
0.517717
0.518252
0.519425
0.546147
0.520209
0.532455
0.536479
0.516621
0.520482
0.514167
0.521738
0.518106
0.524106
0.520989
0.519252
0.511913
0.522001
0.506485
0.569275
0.517621
0.513368
0.522189
0.511425
0.540903
0.516809
0.522495
0.525605
0.542493
0.520435
0.520629
0.520721
0.530038
0.512163
0.52067
0.554256
0.562063
0.523216
0.520169
0.519214
0.518954
0.516462
0.514323
0.577461
0.56409
0.528186
0.522818
0.521578
0.516215
0.524567
0.504736
0.520267
0.531364
0.522868
0.543062
0.521134
0.524001
0.522384
0.52855
0.512183
0.51562
0.520222
0.520556
0.523716
0.522949
0.520402
0.521748
0.524626
0.522141
0.518206
0.525824
0.525181
0.510563
0.520132
0.524048
0.523219
0.507678
0.520032
0.511683
0.517912
0.517865
0.518151
0.529969
0.526394
0.5263
0.529295
0.534703
0.522791
0.555376
0.533522
0.510653
0.532421
0.530244
0.514555
0.517066
0.523322
0.522371
0.516862
0.513837
0.518411
0.52831
0.516049
0.518603
0.52031
0.520661
0.588042
0.559911
0.513425
0.515234
0.516504
0.519164
0.521107
0.52833
0.52347
0.517687
0.521295
0.509126
0.521003
0.522698
0.522517
0.521855
0.523455
0.513658
0.543083
0.522823
0.520354
0.521695
0.522111
0.593119
0.516125
0.515724
0.524168
0.526841
0.509193
0.508401
0.522847
0.528428
0.518741
0.511596
0.556601
0.52343
0.537462
0.516113
0.522706
0.518013
0.521934
0.568814
0.522231
0.522238
0.565329
0.520679
0.51041
0.518255
0.516658
0.551133
0.508721
0.518636
0.529062
0.528922
0.578953
0.52192
0.532424
0.530004
0.520679
0.518464
0.512274
0.532526
0.51792
0.521297
0.518968
0.521381
0.508024
0.517719
0.521371
0.52773
0.517295
0.541337
0.523081
0.522961
0.521559
0.533795
0.524883
0.510998
0.508543
0.521932
0.578998
0.53402
0.512608
0.523168
0.513958
0.533015
0.553263
0.520182
0.544536
0.52082
0.517719
0.52504
0.525743
0.549475
0.523108
0.51067
0.527259
0.526013
0.523117
0.546808
0.521618
0.590243
0.504822
0.518236
0.509503
0.515007
0.599007
0.521231
0.526081
0.506932
0.538538
0.511135
0.52146
0.52063
0.520343
0.51016
0.514609
0.529794
0.52159
0.507396
0.521288
0.527365
0.528191
0.521046
0.546207
0.505161
0.57349
0.51959
0.519718
0.509376
0.509115
0.515127
0.518604
0.589159
0.540815
0.518142
0.522954
0.52988
0.528146
0.516982
0.520964
0.519794
0.513428
0.51313
0.515349
0.515788
0.528895
0.530822
0.529434
0.514462
0.516853
0.533795
0.519105
0.513475
0.51595
0.519992
0.509761
0.511098
0.519388
0.518484
0.520098
0.519337
0.511099
0.517478
0.552577
0.512075
0.520005
0.530202
0.527847
0.515206
0.512453
0.515408
0.514278
0.545475
0.520411
0.551787
0.55922
0.520585
0.522042
0.52164
0.517714
0.513251
0.520977
0.514494
0.515793
0.520731
0.519898
0.537698
0.519294
0.517368
0.5184
0.522149
0.539721
0.522635
0.517151
0.520657
0.51592
0.521601
0.521476
0.520468
0.520188
0.517382
0.510419
0.521294
0.554005
0.516031
0.519925
0.521086
0.521205
0.519756
0.520495
0.519606
0.515479
0.518469
0.528222
0.521384
0.509284
0.510559
0.515629
0.519842
0.516024
0.527205
0.518721
0.520058
0.529555
0.520407
0.521953
0.520608
0.521622
0.525705
0.510007
0.505971
0.515527
0.512622
0.522711
0.514656
0.516991
0.532546
0.518313
0.515956
0.52003
0.519144
0.517344
0.517104
0.547839
0.515002
0.519284
0.519972
0.519992
0.519641
0.508049
0.542902
0.548187
0.563126
0.552055
0.517323
0.543039
0.522195
0.519924
0.513795
0.512191
0.534848
0.518683
0.530267
0.521389
0.520109
0.550004
0.539918
0.538028
0.532334
0.519668
0.516276
0.52348
0.522877
0.536591
0.521562
0.516833
0.518759
0.514519
0.546135
0.518008
0.520243
0.54254
0.51897
0.51443
0.519863
0.517971
0.522348
0.544494
0.52648
0.517918
0.519646
0.546033
0.536196
0.516017
0.517311
0.518692
0.518025
0.521484
0.523108
0.520842
0.512455
0.521737
0.520354
0.515973
0.524319
0.508133
0.506801
0.516703
0.509311
0.524591
0.52184
0.514856
0.518386
0.514548
0.514201
0.514448
0.51377
0.520987
0.519916
0.506983
0.519698
0.514076
0.517416
0.536534
0.514947
0.515791
0.521388
0.519983
0.515585
0.542406
0.523138
0.520415
0.517819
0.55108
0.518834
0.542845
0.54306
0.551537
0.561383
0.522267
0.51877
0.52218
0.529066
0.524487
0.519264
0.525699
0.51111
0.518354
0.50805
0.52021
0.518105
0.538838
0.520763
0.520303
0.542041
0.517924
0.515978
0.528908
0.522387
0.516312
0.53756
0.544512
0.544698
0.519127
0.564961
0.559415
0.519431
0.518067
0.520166
0.528459
0.521714
0.544271
0.521995
0.521483
0.513897
0.51765
0.520783
0.517563
0.521639
0.513618
0.520812
0.528645
0.520779
0.519096
0.539547
0.54786
0.599599
0.521858
0.518123
0.532978
0.519608
0.521119
0.522462
0.520343
0.522162
0.512504
0.555636
0.515471
0.51946
0.517384
0.521651
0.520177
0.521329
0.527538
0.547849
0.518125
0.52633
0.528086
0.525797
0.517476
0.518376
0.508598
0.530877
0.520158
0.511341
0.58515
0.52326
0.513683
0.518156
0.548333
0.516341
0.519846
0.520205
0.5143
0.555266
0.520587
0.509181
0.521499
0.510225
0.519722
0.529195
0.515427
0.510272
0.531353
0.518123
0.551445
0.513561
0.519076
0.515879
0.514945
0.533776
0.522895
0.517904
0.517788
0.522646
0.520753
0.518967
0.514028
0.536314
0.518911
0.53767
0.529788
0.520667
0.520058
0.537156
0.522581
0.523259
0.51809
0.509776
0.522781
0.563844
0.520555
0.520805
0.518579
0.521976
0.519125
0.545505
0.518036
0.516967
0.517827
0.542732
0.51437
0.523925
0.519169
0.519744
0.543561
0.52263
0.513418
0.518425
0.521176
0.514321
0.518403
0.511537
0.519052
0.513549
0.512119
0.521878
0.522003
0.520644
0.533383
0.524414
0.520733
0.520623
0.514405
0.513698
0.51467
0.515663
0.519234
0.521444
0.53601
0.537988
0.517708
0.521699
0.54112
0.522187
0.521159
0.511258
0.516854
0.519863
0.519703
0.520651
0.513691
0.530905
0.518243
0.515252
0.522997
0.56513
0.531038
0.532986
0.51886
0.547985
0.520316
0.522523
0.517677
0.516701
0.51551
0.521755
0.507296
0.521777
0.544112
0.514641
0.518173
0.5455
0.521929
0.553052
0.515596
0.513196
0.520408
0.51037
0.519762
0.520625
0.519758
0.518379
0.512639
0.514934
0.521355
0.524693
0.561461
0.563957
0.523196
0.517655
0.548136
0.510897
0.559309
0.52159
0.522326
0.514308
0.516658
0.514908
0.527892
0.551496
0.520056
0.521057
0.520417
0.514467
0.522084
0.521388
0.51532
0.527177
0.559794
