0.51573
0.515315
0.515168
0.519839
0.521478
0.523269
0.521085
0.520845
0.575317
0.577449
0.517139
0.520004
0.520596
0.521006
0.518546
0.519731
0.54509
0.533373
0.521256
0.519581
0.519351
0.519877
0.517127
0.517384
0.5083
0.509429
0.522609
0.519553
0.520069
0.520008
0.522134
0.521533
0.519738
0.519994
0.551339
0.53821
0.546585
0.549865
0.539189
0.515879
0.51398
0.520588
0.519542
0.519917
0.520083
0.519382
0.519769
0.516979
0.519213
0.521962
0.521251
0.532042
0.521818
0.527572
0.523397
0.524299
0.523449
0.521997
0.511217
0.521165
0.51901
0.521631
0.545359
0.521617
0.520545
0.525835
0.521494
0.522399
0.519995
0.523448
0.530466
0.520293
0.52081
0.517891
0.517361
0.513859
0.517837
0.522061
0.522056
0.511314
0.511238
0.551311
0.56736
0.555221
0.52033
0.521416
0.523277
0.523616
0.522949
0.519388
0.547331
0.545628
0.54933
0.528092
0.52508
0.547536
0.513594
0.511998
0.569189
0.514251
0.517055
0.512595
0.509913
0.512177
0.51342
0.519934
0.519936
0.524837
0.533376
0.539706
0.534001
0.539981
0.515582
0.511149
0.572408
0.56169
0.532903
0.603466
0.570038
0.517434
0.521065
0.517363
0.516369
0.514061
0.515657
0.505178
0.508991
0.523219
0.521625
0.51937
0.522256
0.56662
0.556743
0.509443
0.512184
0.512389
0.514606
0.521045
0.519478
0.527025
0.522084
0.519605
0.51962
0.510938
0.509558
0.51974
0.516043
0.521073
0.521049
0.516556
0.519811
0.520599
0.507505
0.519261
0.520444
0.520252
0.517415
0.518386
0.540297
0.530793
0.519486
0.519992
0.516432
0.5141
0.517574
0.59399
0.605917
0.517836
0.521061
0.521552
0.521616
0.522547
0.524091
0.523323
0.521492
0.519705
0.516509
0.518004
0.517072
0.517487
0.519486
0.521935
0.520439
0.520797
0.520957
0.521775
0.520786
0.520216
0.528999
0.527718
0.514022
0.516036
0.519071
0.517714
0.518116
0.521508
0.517742
0.524176
0.52028
0.521123
0.518333
0.520801
0.520044
0.519619
0.5208
0.52244
0.520353
0.520461
0.521568
0.520843
0.519619
0.520092
0.52331
0.516841
0.513348
0.520909
0.521342
0.520755
0.520858
0.52165
0.542571
0.522387
0.52218
0.517305
0.515087
0.555441
0.549337
0.521906
0.523026
0.52103
0.50965
0.573421
0.579226
0.518658
0.517962
0.517695
0.518618
0.521987
0.569708
0.568931
0.526972
0.532427
0.525859
0.522439
0.516573
0.517447
0.525943
0.534638
0.520695
0.520609
0.52037
0.5462
0.509506
0.510724
0.510651
0.509374
0.5233
0.552033
0.538658
0.518771
0.51981
0.546481
0.555116
0.551827
0.537799
0.517937
0.51903
0.515627
0.514704
0.531589
0.526854
0.537776
0.514944
0.520039
0.521017
0.522212
0.529765
0.523981
0.526266
0.511653
0.513326
0.522591
0.522654
0.520843
0.571306
0.556668
0.520758
0.520734
0.526834
0.545071
0.542613
0.551655
0.516317
0.522155
0.518819
0.554307
0.510878
0.505093
0.521407
0.560952
0.54515
0.523459
0.520515
0.516327
0.515783
0.520842
0.530611
0.522623
0.520409
0.518614
0.520097
0.521967
0.522211
0.521827
0.517774
0.517356
0.514069
0.516596
0.515043
0.519548
0.517213
0.519159
0.522241
0.522381
0.554733
0.560917
0.576018
0.522126
0.514066
0.509437
0.511787
0.526786
0.568985
0.552962
0.517291
0.517471
0.515653
0.520765
0.519708
0.519804
0.522627
0.521602
0.511167
0.510769
0.511737
0.51114
0.541775
0.533995
0.528799
0.520169
0.520064
0.516865
0.517043
0.512989
0.521998
0.520978
0.566647
0.572022
0.559577
0.522775
0.52546
0.529341
0.520159
0.52052
0.519931
0.520501
0.519444
0.519842
0.518979
0.520547
0.521675
0.521594
0.523118
0.544886
0.572845
0.576043
0.517434
0.514778
0.522665
0.522764
0.522702
0.516583
0.519275
0.527679
0.532029
0.521797
0.518633
0.519355
0.517979
0.520815
0.520802
0.520613
0.510938
0.522726
0.52198
0.521734
0.548493
0.516414
0.524943
0.507736
0.510223
0.51947
0.518021
0.520044
0.51987
0.520467
0.518118
0.523111
0.536435
0.528053
0.524495
0.55033
0.538082
0.518114
0.519602
0.523451
0.522678
0.515567
0.51414
0.518196
0.518224
0.516124
0.517243
0.513343
0.518333
0.518522
0.517788
0.513375
0.586982
0.521551
0.521833
0.520912
0.52266
0.516538
0.516349
0.519438
0.517679
0.511592
0.509878
0.514138
0.510486
0.519673
0.51185
0.522301
0.52156
0.51783
0.518066
0.518109
0.518935
0.518426
0.521605
0.512559
0.51551
0.521015
0.517789
0.518674
0.51917
0.517881
0.520183
0.521864
0.517081
0.516298
0.520345
0.520726
0.520758
0.521458
0.521261
0.52191
0.521633
0.544075
0.545586
0.555312
0.520238
0.520733
0.519178
0.525525
0.58681
0.580558
0.517783
0.517475
0.519525
0.527289
0.519768
0.517641
0.51926
0.521363
0.532663
0.519974
0.527389
0.530989
0.532917
0.527286
0.520263
0.564826
0.520687
0.521131
0.52012
0.521458
0.513149
0.51512
0.53152
0.528149
0.517812
0.515136
0.532152
0.515706
0.532084
0.522513
0.535197
0.528765
0.523649
0.521784
0.536472
0.516676
0.51673
0.55598
0.550249
0.520115
0.519861
0.517918
0.518473
0.521241
0.520089
0.536501
0.519408
0.508987
0.521721
0.522352
0.506285
0.519242
0.517488
0.52155
0.520403
0.613703
0.580467
0.51224
0.541612
0.55489
0.522813
0.522202
0.52259
0.521228
0.518093
0.526723
0.601331
0.580082
0.513765
0.546836
0.521526
0.522724
0.52064
0.520174
0.520237
0.510821
0.519749
0.520083
0.521879
0.518708
0.518445
0.521172
0.522506
0.519039
0.51875
0.522298
0.532471
0.531968
0.509345
0.507928
0.521118
0.522057
0.516963
0.577772
0.510993
0.510566
0.522353
0.538341
0.539188
0.515856
0.521001
0.518546
0.505488
0.509303
0.520592
0.517676
0.517945
0.521465
0.526078
0.521351
0.524979
0.541392
0.538756
0.525462
0.516605
0.517093
0.52228
0.522164
0.518129
0.51766
0.520655
0.521843
0.515083
0.515075
0.509687
0.51123
0.519091
0.5156
0.518482
0.519244
0.544763
0.518888
0.51372
0.525578
0.522748
0.528174
0.51961
0.518545
0.518483
0.518037
0.545179
0.514615
0.512879
0.522942
0.545465
0.551599
0.522259
0.547344
0.511261
0.514173
0.516234
0.516483
0.517757
0.518715
0.519264
0.514524
0.522188
0.522743
0.521936
0.517775
0.509904
0.509936
0.509936
0.522347
0.570217
0.548624
0.516652
0.51893
0.523354
0.52265
0.510419
0.508339
0.508834
0.523309
0.520334
0.518479
0.51027
0.511087
0.521763
0.52745
0.58193
0.578927
0.510098
0.520934
0.529396
0.532232
0.529089
0.517051
0.509245
0.511289
0.522168
0.52284
0.523084
0.527987
0.522572
0.518262
0.511262
0.520506
0.521008
0.512878
0.516625
0.518667
0.516971
0.520795
0.523371
0.511838
0.515665
0.560548
0.559968
0.558708
0.53882
0.525565
0.530703
0.534517
0.515888
0.515608
0.515286
0.531427
0.513553
0.517064
0.566955
0.534916
0.545791
0.522966
0.5226
0.521516
0.520557
0.518972
0.52904
0.520137
0.52027
0.516538
0.522023
0.520762
0.582095
0.518849
0.554817
0.530266
0.519113
0.537671
0.520262
0.516715
0.519056
0.516331
0.546947
0.517176
0.518203
0.520502
0.517261
0.519674
0.509585
0.517016
0.517176
0.571425
0.587471
0.52209
0.512042
0.517558
0.591559
0.545389
0.576643
0.567134
0.522077
0.523546
0.528053
0.521969
0.524236
0.517084
0.52112
0.521461
0.512965
0.516112
0.51596
0.520886
0.524794
0.515118
0.511816
0.524185
0.544728
0.517221
0.520556
0.520681
0.529755
0.523613
0.56713
0.516253
0.551325
0.526516
0.510753
0.519447
0.564996
0.521178
0.521036
0.544421
0.560943
0.521746
0.515555
0.536871
0.542805
0.514458
0.51864
0.516578
0.509558
0.521444
0.521523
0.520327
0.508465
0.518996
0.516259
0.517646
0.521259
0.520372
0.531732
0.52505
0.550012
0.513067
0.516821
0.522885
0.521926
0.523288
0.522135
0.518587
0.533356
0.529964
0.529992
0.517485
0.516535
0.518653
0.527862
0.517703
0.516065
0.515393
0.518053
0.517654
0.522693
0.512284
0.514402
0.516932
0.563951
0.508852
0.510085
0.572116
0.518098
0.606303
0.59197
0.552227
0.517729
0.52242
0.524365
0.524095
0.516941
0.523681
0.523391
0.513672
0.516716
0.536069
0.523336
0.520764
0.612578
0.538355
0.535496
0.53539
0.533156
0.509648
0.523507
0.512922
0.520313
0.528447
0.521955
0.525629
0.522502
0.519863
0.51716
0.519553
0.519807
0.539161
0.52334
0.522358
0.570619
0.5172
0.52128
0.518391
0.521675
0.512819
0.51001
0.518014
0.520697
0.513697
0.592529
0.519584
0.518794
0.518971
0.521072
0.518203
0.52505
0.521417
0.522275
0.55328
0.518256
0.512829
0.511685
0.506072
0.520943
0.547523
0.523285
0.522094
0.529726
0.517896
0.561547
0.550931
0.520205
0.541092
0.521371
0.514381
0.51734
0.523802
0.522324
0.520822
0.524719
0.527382
0.519739
0.511946
0.525178
0.520652
0.512263
0.516134
0.516288
0.518011
0.522858
0.531586
0.524275
0.519056
0.509799
0.521642
0.541862
0.516016
0.520037
0.517676
0.512317
0.526958
0.505759
0.508049
0.50674
0.542101
0.517808
0.51858
0.523505
0.515633
0.516806
0.526811
0.518203
0.548
0.551291
0.539144
0.523213
0.53909
0.506734
0.525675
0.525962
0.519151
0.51481
0.517231
0.514288
0.536539
0.544367
0.519452
0.523879
0.527754
0.589297
0.522484
0.521022
0.509677
0.514158
0.520374
0.517428
0.512105
0.518828
0.535217
0.546954
0.5615
0.564496
0.541898
0.52416
0.525895
0.509871
0.577131
0.522263
0.520019
0.516574
0.511447
0.551565
0.51534
0.518009
0.544543
0.518335
0.515997
0.53011
0.533699
0.551038
0.549744
0.539588
0.538017
0.525658
0.533382
0.545601
0.534751
0.521169
0.514392
0.518307
0.515122
0.519023
0.524451
0.524267
0.559356
0.520018
0.518488
0.50971
0.512564
0.517114
0.510152
0.529561
0.532384
0.508616
0.511302
0.521599
0.524042
0.521071
0.517082
0.52245
0.516824
0.55203
0.5217
0.513595
0.505756
0.517428
0.524282
0.523529
0.520756
0.520508
0.521461
0.521293
0.517192
0.51075
0.566667
0.521085
0.562396
0.511649
0.519967
0.521617
0.528448
0.524604
0.516983
0.505273
0.522896
0.551557
0.519839
0.518218
0.518853
0.569402
0.520756
0.519681
0.551529
0.520496
0.5214
0.52159
0.512202
0.516552
0.552089
0.522979
0.522886
0.53695
0.516677
0.524228
0.511697
0.521581
0.537681
0.552327
0.553364
0.518258
0.528125
0.508917
0.527799
0.51706
0.517143
0.517296
0.520015
0.520521
0.520569
0.511813
0.526209
0.530921
0.562948
0.507154
0.511695
0.520321
0.531784
0.534766
0.548856
0.535107
0.593456
0.52065
0.512712
0.522849
0.524126
0.536507
0.533458
0.514597
0.517207
0.539351
0.548198
0.515759
0.52033
0.53054
0.520469
0.516239
0.519277
0.512617
0.539757
0.529211
0.521148
0.528235
0.519424
0.521991
0.520658
0.519036
0.523988
0.573044
0.524929
0.556297
0.523267
0.517967
0.553456
0.519131
0.531751
0.517294
0.515133
0.541681
0.583177
0.528717
0.521711
0.521756
0.520016
0.520117
0.517577
0.576602
0.512857
0.569562
0.543699
0.523732
0.522831
0.531412
0.529722
0.518283
0.508657
0.521776
0.517837
0.527399
0.512123
0.528797
0.516397
0.523704
0.525432
0.519245
0.512658
0.520597
0.521345
0.524145
0.52387
0.526676
0.51703
0.510102
0.565113
0.543513
0.511261
0.520887
0.515439
0.519147
0.555804
0.524312
0.526062
0.523422
0.531538
0.532935
0.554234
0.529165
0.517095
0.517859
0.516695
0.51764
0.515116
0.523459
0.52341
0.520427
0.51024
0.516532
0.541846
0.539895
0.521682
0.520937
0.519643
0.538601
0.60735
0.522854
0.557038
0.506856
0.522478
0.52289
0.528038
0.529467
0.509798
0.521731
0.522097
0.528877
0.51374
0.546434
0.51079
0.519013
0.519342
0.521647
0.517524
0.521065
0.530371
0.520573
0.529031
0.520459
0.51337
0.520379
0.538922
0.524791
0.520319
0.517531
0.519681
0.575914
0.568102
0.519512
0.534037
0.522987
0.517288
0.509104
0.510824
0.511401
0.520489
0.519185
0.515913
0.568842
0.515522
0.514888
0.51795
0.522304
0.519732
0.518522
0.517833
0.520919
0.52248
0.519743
0.519983
0.5142
0.517403
0.539935
0.522512
0.553823
0.519862
0.518331
0.556259
0.521683
0.520426
0.573028
0.520686
0.521019
0.513276
0.517402
0.520733
0.518234
0.520321
0.517262
0.523425
0.513011
0.543784
0.516404
0.535149
0.518452
0.522037
0.560265
0.51629
0.514739
0.518282
0.516935
0.51963
0.510855
0.580852
0.5171
0.52694
0.516014
0.520283
0.52661
0.511323
0.550142
0.533073
0.523188
0.518021
0.5136
0.512128
0.517011
0.517803
0.517916
0.541798
0.537986
0.515612
0.516224
0.514878
0.521651
0.558063
0.541499
0.527229
0.520526
0.559376
0.518366
0.518656
0.518444
0.521681
0.521414
0.515953
0.558634
0.521289
0.520961
0.547889
0.556929
0.592648
0.521117
0.515926
0.52021
0.520665
0.520066
0.520395
0.529774
0.517663
0.521597
0.516835
0.520824
0.52089
0.522163
0.516026
0.514307
0.528067
0.516051
0.513469
0.518233
0.519107
0.521679
0.535085
0.560978
0.517163
0.519507
0.519485
0.519617
0.520489
0.520263
0.521477
0.519201
0.513438
0.590225
0.520369
0.518631
0.557045
0.550439
0.525707
0.520837
0.515734
0.526085
0.51967
0.520277
0.519645
0.5168
0.529662
0.544053
0.520442
0.54383
0.514782
0.536236
0.52517
0.519612
0.518693
0.519436
0.517464
0.553195
0.517509
0.518154
0.518482
0.520781
0.552471
0.516203
0.512725
0.518383
0.511417
0.513388
0.521534
0.522725
0.521344
0.516757
0.529187
0.527556
0.529142
0.518222
0.519146
0.522409
0.526476
0.54718
0.521184
0.51695
0.560706
0.516468
0.518252
0.561526
0.522699
0.523173
0.518476
0.520489
0.520056
0.522121
0.556316
0.513328
0.520782
0.559799
0.510701
0.523946
0.560876
0.521261
0.519398
0.517981
0.517756
0.518054
0.517899
0.519948
0.520398
0.513317
0.522611
0.557975
0.576168
0.518181
0.511968
0.513166
0.537744
0.53339
0.535707
0.516867
0.5675
0.520593
0.518706
0.519225
0.533724
0.536062
0.530304
0.516193
0.555981
0.536629
0.542594
0.521068
0.515847
0.519144
0.517209
0.510935
0.51363
0.517935
0.518571
0.542124
0.518909
0.51948
0.512518
0.569235
0.521591
0.514665
0.512753
0.521402
0.553473
0.541066
0.512765
0.540111
0.517603
0.526635
0.53957
0.515301
0.521045
0.551425
0.519912
0.515666
0.524244
0.54856
0.515568
0.519375
0.515533
0.513463
0.519449
0.563795
0.537746
0.541819
0.55836
0.550835
0.5109
0.516835
0.523389
0.545866
0.511034
0.533871
0.531973
0.520342
0.515142
0.552231
0.518634
0.521849
0.526156
0.515565
0.521416
0.522326
0.519897
0.52926
0.517672
0.526726
0.519402
0.520749
0.521159
0.522945
0.523865
0.514799
0.51713
0.521219
0.520287
0.517412
0.510898
0.577745
0.521114
0.542592
0.520175
0.518839
0.519122
0.519324
0.520216
0.521832
0.521699
0.518975
0.527635
0.52316
0.535182
0.520042
0.512461
0.5116
0.513412
0.564931
0.526098
0.53456
0.510765
0.521418
0.537587
0.510556
0.537342
0.5198
0.5199
0.526897
0.516683
0.518661
0.519098
0.53354
0.522342
0.516563
0.514496
0.51153
0.516975
0.519935
0.51592
0.512229
0.518903
0.548049
0.518822
0.518898
0.532
0.555355
0.519888
0.519533
0.520245
0.519765
0.510991
0.511783
0.522595
0.519967
0.537977
0.519651
0.519831
0.514004
0.522342
0.521115
0.519234
0.520613
0.58671
0.53411
0.521459
0.517067
0.519883
0.520127
0.51108
0.540942
0.546053
0.517522
0.528796
0.520736
0.521161
0.521408
0.516814
0.51842
0.517151
0.538983
0.521206
0.52742
0.518271
0.55944
0.516352
0.520245
0.528648
0.521367
0.520959
0.517602
0.51025
0.519051
0.520493
0.533268
0.527733
0.519282
0.521687
0.509465
0.514823
0.519396
0.520252
0.534895
0.513826
0.528929
0.523248
0.52016
0.520845
0.520475
0.529307
0.513109
0.52139
0.517861
0.515857
0.524399
0.520223
0.511959
0.526332
0.522145
0.53775
0.537278
0.519181
0.5144
0.521539
0.522105
0.518955
0.52165
0.518742
0.522941
0.514711
0.517592
0.5154
0.51849
0.523369
0.566384
0.530309
0.509873
0.528859
0.511612
0.538394
0.517733
0.520331
0.518598
0.518577
0.552551
0.531358
0.522589
0.522602
0.510711
0.517446
0.521612
0.523562
0.510792
0.541133
0.566284
0.511446
0.521787
0.518931
0.51698
0.515545
0.52173
0.522097
0.519149
0.523039
0.520406
0.613108
0.519694
0.574214
0.513846
0.523188
0.544455
0.534199
0.510086
0.521758
0.518978
0.518902
0.518004
0.522488
0.518739
0.516499
0.561506
0.50541
0.521154
0.518866
0.519878
0.521784
