0.516714
0.514938
0.515573
0.562394
0.52134
0.567116
0.51348
0.51892
0.517546
0.521492
0.521225
0.516894
0.519902
0.520321
0.523721
0.52168
0.524176
0.536136
0.521669
0.520265
0.522086
0.521304
0.518756
0.512087
0.511296
0.512319
0.518723
0.519695
0.518138
0.539341
0.558674
0.54839
0.51957
0.552714
0.547832
0.550348
0.537826
0.517139
0.510209
0.515163
0.521215
0.522458
0.519458
0.516359
0.521524
0.516174
0.521907
0.522445
0.530644
0.532382
0.538651
0.520542
0.520028
0.521604
0.52059
0.52416
0.522895
0.515537
0.522079
0.520088
0.601101
0.520536
0.520544
0.522131
0.520136
0.519829
0.523435
0.522742
0.523377
0.515812
0.519189
0.518531
0.519369
0.5204
0.517904
0.51689
0.519027
0.510013
0.525782
0.522545
0.526279
0.524899
0.52325
0.519448
0.519103
0.5198
0.519677
0.511614
0.511631
0.511519
0.53196
0.552276
0.549042
0.520858
0.519755
0.512629
0.523582
0.523014
0.519469
0.51872
0.540603
0.51961
0.549378
0.535099
0.520767
0.522152
0.51274
0.511804
0.519215
0.522322
0.522889
0.517096
0.511492
0.511433
0.517555
0.517343
0.519769
0.52
0.520906
0.538509
0.544019
0.514731
0.509537
0.533668
0.537661
0.528818
0.535916
0.525715
0.52553
0.512835
0.509361
0.517379
0.522163
0.51302
0.511976
0.510284
0.531702
0.529727
0.505553
0.509985
0.522345
0.525759
0.522268
0.523204
0.522307
0.509584
0.511038
0.515449
0.51872
0.520275
0.530038
0.51753
0.519017
0.520416
0.515102
0.519247
0.51339
0.520318
0.519493
0.5178
0.51883
0.522668
0.522341
0.524311
0.523861
0.533494
0.507657
0.51009
0.519645
0.520153
0.519364
0.519597
0.586673
0.574635
0.535633
0.530097
0.519036
0.519924
0.515996
0.514861
0.518222
0.601889
0.592928
0.581926
0.520492
0.523531
0.520446
0.520145
0.520307
0.521714
0.58173
0.578131
0.566255
0.556358
0.54913
0.521292
0.522042
0.514818
0.515886
0.581267
0.602206
0.519725
0.544232
0.536182
0.522302
0.519892
0.522407
0.518556
0.521279
0.520764
0.525909
0.519742
0.538395
0.527735
0.535403
0.51747
0.522129
0.517368
0.517384
0.518074
0.517984
0.517443
0.516074
0.524309
0.523519
0.52274
0.523438
0.523895
0.524417
0.523687
0.521725
0.517386
0.52124
0.521425
0.521275
0.520981
0.521199
0.55342
0.54559
0.515746
0.517218
0.519575
0.519435
0.520762
0.519815
0.514712
0.521532
0.520816
0.521224
0.512988
0.512068
0.510782
0.520684
0.521438
0.51026
0.51106
0.518673
0.518453
0.522037
0.524186
0.522968
0.537516
0.515109
0.569568
0.518153
0.524432
0.530337
0.532623
0.512977
0.510114
0.506518
0.523344
0.523604
0.517599
0.51859
0.520007
0.519836
0.520275
0.510619
0.512976
0.508983
0.51014
0.513542
0.510841
0.516679
0.520503
0.523295
0.522806
0.521617
0.520794
0.519269
0.519619
0.529501
0.537444
0.545543
0.549382
0.54055
0.551877
0.506845
0.515999
0.515728
0.512984
0.520679
0.556444
0.537866
0.53571
0.522048
0.52042
0.568259
0.596977
0.591261
0.516179
0.522175
0.521524
0.525248
0.522489
0.524671
0.5288
0.519136
0.512765
0.57851
0.544797
0.562427
0.569787
0.516128
0.521746
0.515781
0.516846
0.514241
0.561383
0.513165
0.509905
0.511719
0.513525
0.512983
0.519374
0.510254
0.509237
0.511411
0.560129
0.556509
0.524555
0.516767
0.528253
0.530175
0.526542
0.52241
0.52374
0.526249
0.530561
0.522866
0.516882
0.51687
0.5155
0.518383
0.517748
0.517268
0.518885
0.516256
0.516084
0.517288
0.523792
0.518384
0.518384
0.521274
0.519915
0.519575
0.52394
0.524422
0.522789
0.565316
0.554196
0.51711
0.517133
0.576483
0.520459
0.521645
0.516616
0.526869
0.588173
0.585518
0.553517
0.593876
0.517192
0.516708
0.516028
0.520541
0.511107
0.510524
0.511643
0.540875
0.53222
0.529498
0.514179
0.52689
0.523256
0.526362
0.525848
0.509487
0.510454
0.51972
0.51985
0.531686
0.518776
0.522874
0.519723
0.55302
0.549391
0.516896
0.557021
0.554075
0.517233
0.519446
0.522276
0.522548
0.519322
0.52124
0.519275
0.518966
0.519952
0.519152
0.522538
0.520919
0.535614
0.521622
0.551147
0.508592
0.509625
0.518345
0.519572
0.51969
0.519111
0.520427
0.519914
0.518445
0.522806
0.538777
0.531963
0.527484
0.522839
0.525853
0.552761
0.554078
0.540575
0.518947
0.521274
0.519759
0.511706
0.51056
0.515319
0.521466
0.51879
0.518315
0.517459
0.517199
0.515861
0.514436
0.52074
0.523407
0.517241
0.519155
0.517356
0.51622
0.603795
0.570388
0.52125
0.521339
0.519515
0.522202
0.549662
0.541793
0.515749
0.517551
0.518319
0.517468
0.529994
0.5124
0.51465
0.519508
0.514557
0.511595
0.515091
0.509654
0.512414
0.504899
0.520527
0.536534
0.521452
0.522137
0.517731
0.517323
0.518533
0.5196
0.537697
0.527673
0.546428
0.554804
0.522503
0.521437
0.517874
0.518815
0.518319
0.517593
0.52731
0.518383
0.518412
0.522102
0.525541
0.52561
0.522568
0.520586
0.520446
0.522979
0.519243
0.518794
0.52058
0.522453
0.54482
0.538716
0.52058
0.518665
0.531644
0.582447
0.519223
0.518616
0.521806
0.522293
0.519854
0.522313
0.523338
0.520459
0.524221
0.570496
0.521798
0.518014
0.521356
0.522021
0.518151
0.514119
0.532552
0.51558
0.512567
0.52117
0.515178
0.520931
0.537038
0.533307
0.533673
0.5272
0.527635
0.517418
0.519868
0.518097
0.518049
0.548726
0.519183
0.507405
0.521782
0.520188
0.520902
0.521752
0.521458
0.518768
0.52168
0.51822
0.5222
0.523648
0.523149
0.592051
0.522075
0.513519
0.561571
0.523239
0.52272
0.516579
0.582307
0.573809
0.582382
0.514595
0.511926
0.521549
0.521362
0.520265
0.52509
0.520723
0.537978
0.517948
0.521263
0.518554
0.519504
0.518043
0.519012
0.518843
0.520751
0.523746
0.523205
0.521625
0.517395
0.517214
0.534154
0.529387
0.522994
0.527311
0.521529
0.518162
0.510829
0.520417
0.518875
0.57904
0.513685
0.511134
0.52179
0.543167
0.54373
0.520015
0.520392
0.519838
0.521702
0.52125
0.52019
0.508203
0.519745
0.518089
0.517966
0.516416
0.521727
0.522186
0.523168
0.51994
0.52419
0.538678
0.527931
0.505178
0.531401
0.518332
0.522511
0.525964
0.510665
0.518369
0.51814
0.521031
0.519618
0.527451
0.576317
0.521742
0.513549
0.513953
0.516356
0.573534
0.519903
0.521038
0.520696
0.518463
0.515629
0.518909
0.540429
0.517086
0.510901
0.52664
0.517965
0.518736
0.517859
0.550307
0.512202
0.517249
0.511621
0.523721
0.540266
0.513849
0.537218
0.516655
0.520979
0.518517
0.514202
0.514501
0.517926
0.518357
0.517308
0.523551
0.520519
0.520093
0.557719
0.519385
0.522523
0.52142
0.522672
0.511597
0.513968
0.507925
0.508585
0.578017
0.514005
0.515497
0.512241
0.522818
0.515988
0.526735
0.52898
0.595571
0.599381
0.540495
0.511057
0.519815
0.523137
0.521991
0.518776
0.51959
0.519724
0.533385
0.529811
0.514826
0.515659
0.513342
0.532517
0.52935
0.522441
0.520481
0.518869
0.50977
0.511942
0.522339
0.52101
0.528452
0.520946
0.524264
0.543324
0.512136
0.52071
0.518632
0.52264
0.521406
0.520492
0.521263
0.512419
0.53905
0.567398
0.516299
0.516547
0.521866
0.523507
0.516472
0.513361
0.563532
0.57144
0.540134
0.527659
0.552238
0.523467
0.516647
0.514708
0.541118
0.522409
0.516954
0.520937
0.520549
0.521609
0.519849
0.523359
0.519408
0.518157
0.522107
0.521613
0.543548
0.515403
0.521405
0.523196
0.520239
0.578207
0.544795
0.520172
0.518452
0.528991
0.56877
0.545977
0.520191
0.519099
0.52162
0.520036
0.519405
0.508797
0.51055
0.516718
0.562018
0.515259
0.516539
0.605772
0.5755
0.563227
0.521367
0.517957
0.518346
0.521582
0.52274
0.526853
0.523528
0.522527
0.520264
0.522661
0.522033
0.522337
0.520813
0.513546
0.518379
0.516956
0.510412
0.514571
0.519766
0.525963
0.522637
0.514212
0.517337
0.543168
0.548073
0.529301
0.519125
0.57487
0.518732
0.512704
0.513732
0.55236
0.530202
0.529508
0.513976
0.519667
0.521119
0.520132
0.521671
0.520593
0.521843
0.520358
0.513422
0.518991
0.524282
0.518179
0.515536
0.527641
0.517851
0.510272
0.527851
0.521597
0.530922
0.519895
0.521619
0.518674
0.516937
0.514604
0.52055
0.511246
0.526316
0.513879
0.516753
0.536931
0.516217
0.523598
0.522102
0.516221
0.519277
0.518816
0.545858
0.52406
0.5161
0.522387
0.542214
0.514559
0.518581
0.517797
0.515217
0.532593
0.522596
0.524162
0.514057
0.522058
0.521608
0.518281
0.518165
0.523248
0.512992
0.513295
0.517502
0.548688
0.510228
0.576813
0.512386
0.513389
0.531206
0.5158
0.522397
0.519434
0.523465
0.518207
0.519377
0.580551
0.526272
0.521838
0.522228
0.509831
0.510892
0.540155
0.523331
0.537277
0.519398
0.559677
0.523393
0.510417
0.520483
0.52151
0.518574
0.52103
0.52059
0.517522
0.516687
0.497509
0.519382
0.524001
0.519721
0.520814
0.535237
0.515894
0.527041
0.516759
0.524726
0.516827
0.516532
0.519037
0.514891
0.515239
0.523549
0.511208
0.540807
0.522678
0.522216
0.519127
0.511718
0.523451
0.521744
0.564738
0.511903
0.511951
0.5121
0.508583
0.510163
0.5241
0.523688
0.601414
0.524484
0.546958
0.567222
0.519525
0.532195
0.519392
0.522024
0.521708
0.518728
0.539774
0.542929
0.523367
0.517037
0.532619
0.52606
0.527411
0.524158
0.50436
0.523913
0.521949
0.526815
0.529786
0.521748
0.513462
0.512507
0.51823
0.550784
0.519151
0.517089
0.519351
0.521577
0.520775
0.512422
0.530337
0.552432
0.523818
0.520029
0.516096
0.522798
0.520062
0.53822
0.527635
0.507894
0.568755
0.525065
0.51358
0.53737
0.521565
0.522744
0.51909
0.522831
0.519621
0.51473
0.589248
0.523583
0.522278
0.512676
0.511108
0.511203
0.52297
0.528191
0.52477
0.509811
0.513552
0.531762
0.522914
0.523542
0.509717
0.511656
0.520684
0.579102
0.578265
0.526761
0.568704
0.52868
0.522491
0.562502
0.569172
0.518108
0.522719
0.556823
0.55676
0.509856
0.575774
0.509914
0.509741
0.510148
0.523154
0.554755
0.517936
0.515497
0.508384
0.566847
0.520836
0.51726
0.517647
0.530307
0.511081
0.515355
0.512615
0.519118
0.51968
0.519749
0.535348
0.520644
0.522714
0.555033
0.556286
0.557412
0.574109
0.538042
0.525524
0.533577
0.5265
0.522554
0.519099
0.530891
0.512313
0.522987
0.518468
0.520103
0.529941
0.554566
0.519451
0.527111
0.510107
0.521914
0.511129
0.52524
0.517682
0.51654
0.520454
0.511885
0.529298
0.530228
0.51236
0.516429
0.517553
0.53301
0.533489
0.562097
0.52009
0.519313
0.51172
0.512468
0.522647
0.512112
0.523053
0.532994
0.521745
0.522042
0.519259
0.517861
0.511741
0.508772
0.520733
0.518283
0.51719
0.516653
0.532184
0.518942
0.516858
0.520327
0.518335
0.576606
0.52114
0.519504
0.522141
0.525875
0.517335
0.519859
0.5272
0.513117
0.506045
0.509539
0.51042
0.523597
0.519681
0.575813
0.541272
0.541802
0.535132
0.521351
0.529793
0.525414
0.521634
0.549815
0.566593
0.537538
0.51858
0.520066
0.50912
0.539355
0.528074
0.518851
0.509646
0.548303
0.509755
0.507012
0.537873
0.522012
0.50884
0.529722
0.519895
0.520688
0.520627
0.520687
0.530566
0.522761
0.532583
0.570429
0.560202
0.518995
0.511516
0.521526
0.523717
0.527549
0.537788
0.509415
0.517959
0.520429
0.521494
0.520103
0.515944
0.535763
0.528019
0.525108
0.517805
0.522116
0.55452
0.566214
0.595319
0.520649
0.523682
0.520685
0.51312
0.526792
0.522725
0.51186
0.515902
0.558574
0.529365
0.569337
0.527597
0.529536
0.528401
0.517113
0.572042
0.5497
0.512023
0.518744
0.568647
0.532604
0.51558
0.52623
0.543973
0.544347
0.516291
0.617333
0.510703
0.569739
0.514372
0.523711
0.522449
0.530882
0.518008
0.527247
0.599954
0.505761
0.521772
0.523496
0.513302
0.524892
0.524212
0.533039
0.522032
0.523195
0.523846
0.514475
0.517697
0.545433
0.508003
0.521724
0.521646
0.529399
0.521089
0.515539
0.561383
0.532722
0.520698
0.519758
0.552874
0.522017
0.511294
0.5224
0.51545
0.514578
0.541164
0.522828
0.525757
0.521698
0.555576
0.522349
0.530105
0.517295
0.515982
0.517988
0.521357
0.532032
0.529385
0.523976
0.528621
0.528513
0.578557
0.534244
0.522353
0.530014
0.524176
0.522324
0.577521
0.534212
0.528271
0.512086
0.518355
0.52388
0.518075
0.522711
0.530059
0.530383
0.519008
0.518719
0.528902
0.52113
0.517554
0.528786
0.540178
0.53224
0.523846
0.522572
0.521848
0.516303
0.571088
0.515242
0.522303
0.538986
0.520373
0.528281
0.511665
0.521135
0.5111
0.517649
0.520403
0.520668
0.521944
0.519176
0.520031
0.521329
0.519713
0.515769
0.548096
0.52014
0.530077
0.522788
0.521412
0.514411
0.512947
0.511586
0.523266
0.546229
0.520061
0.52328
0.516746
0.51668
0.520563
0.518553
0.522246
0.516903
0.516341
0.521297
0.520718
0.517016
0.521421
0.514862
0.518398
0.519499
0.535925
0.567126
0.519111
0.513876
0.520648
0.519839
0.518654
0.51252
0.518669
0.519488
0.512164
0.523352
0.515227
0.559156
0.520364
0.507218
0.521213
0.540892
0.52707
0.533415
0.503149
0.503748
0.505424
0.525396
0.514064
0.518053
0.517604
0.516618
0.513123
0.515246
0.514562
0.524829
0.511089
0.519935
0.519834
0.515533
0.512937
0.523615
0.513587
0.520493
0.522052
0.582677
0.517577
0.517348
0.556752
0.510351
0.51579
0.519193
0.522774
0.52049
0.519383
0.519438
0.528409
0.520943
0.517996
0.513422
0.508604
0.547118
0.508871
0.519544
0.519848
0.517767
0.519433
0.519022
0.57001
0.512278
0.525477
0.519901
0.516528
0.522017
0.519097
0.518753
0.513684
0.512088
0.517626
0.519795
0.537894
0.513747
0.514956
0.523508
0.535547
0.522637
0.5294
0.522581
0.517316
0.519236
0.519826
0.571922
0.562272
0.517905
0.564038
0.56793
0.516071
0.515831
0.519225
0.51454
0.514587
0.531711
0.52064
0.534244
0.520701
0.520985
0.522098
0.519089
0.571439
0.513801
0.543242
0.517884
0.570474
0.532465
0.525463
0.527271
0.511737
0.514321
0.505977
0.55226
0.55154
0.518128
0.522661
0.519844
0.538653
0.527097
0.589747
0.521032
0.518947
0.519272
0.531983
0.521644
0.520641
0.514302
0.520538
0.514339
0.516476
0.55945
0.510383
0.523494
0.523582
0.569981
0.540521
0.509697
0.518994
0.517843
0.490128
0.513492
0.518118
0.510834
0.511339
0.544743
0.516011
0.520018
0.517124
0.518573
0.515945
0.54668
0.521179
0.508826
0.516594
0.518906
0.523178
0.570857
0.519824
0.536916
0.52293
0.519591
0.570224
0.511221
0.51711
0.530099
0.537494
0.541768
0.520448
0.520402
0.579858
0.520585
0.52257
0.520679
0.522803
0.554475
0.517359
0.510567
0.517332
0.520071
0.520184
0.519952
0.508467
0.523436
0.51707
0.518723
0.511676
0.523217
0.520451
0.521483
0.526302
0.510784
0.517879
0.523146
0.515583
0.558888
0.518306
0.521528
0.516738
0.51759
0.521114
0.52655
0.520695
0.518997
0.519952
0.508421
0.554986
0.531103
0.524739
0.52269
0.566818
0.522428
0.521933
0.492694
0.519836
0.52173
0.526426
0.550869
0.530598
0.513549
0.527497
0.515569
0.520434
0.518655
0.51186
0.514502
0.518428
0.519081
0.522352
0.511948
0.553316
0.520509
0.527862
0.51127
0.51977
0.523413
0.511811
0.522363
0.542845
0.510265
0.512411
0.520408
0.522207
0.522196
0.517963
0.517928
0.520122
0.52419
0.510887
0.520175
0.516334
0.515741
0.518081
0.518545
0.514748
0.51892
0.54151
0.516777
0.523105
0.525954
0.521468
0.521586
0.497089
0.520598
0.513243
0.579581
0.52361
0.520158
0.519913
0.521307
0.51981
0.515719
0.519421
0.520573
0.5232
0.519488
0.518848
0.541979
0.519189
0.566142
0.516073
0.522001
0.564301
0.522205
0.52084
0.520095
0.519702
0.522052
0.526899
0.520182
0.513907
0.517816
0.554152
0.519236
0.521129
0.538015
0.521734
0.520949
0.519401
0.538311
0.520736
0.517099
0.521994
0.516034
0.523622
0.519579
0.584471
0.53794
0.523566
0.519528
0.519463
0.519605
0.562272
0.593761
0.586241
0.517926
0.520679
0.52012
0.520162
0.524825
0.519083
0.519648
0.51812
0.512116
0.523215
0.518954
0.513915
0.555813
0.524012
0.524564
0.52215
0.51674
0.519251
0.521253
0.517134
0.551097
0.534499
0.521925
0.543199
0.52229
0.520385
0.519599
0.520587
0.569203
0.519882
0.521386
0.51617
0.525764
0.536888
0.55417
0.52445
0.520012
0.512869
0.515981
0.523957
0.517848
0.511593
0.520152
0.556123
0.521324
0.516238
0.548109
0.520809
0.51297
0.510638
0.517212
0.516636
0.520892
0.56679
0.580932
0.508362
0.52678
0.574549
0.523645
0.538426
