0.534513
0.528392
0.516209
0.517842
0.516925
0.53111
0.520765
0.559919
0.515433
0.518314
0.516425
0.520757
0.523015
0.521287
0.520102
0.518896
0.517226
0.521306
0.521994
0.521418
0.523327
0.522797
0.516667
0.520961
0.520492
0.519152
0.521322
0.520384
0.519116
0.51889
0.509827
0.510877
0.51081
0.548645
0.521152
0.512466
0.520885
0.525379
0.519692
0.52159
0.518717
0.516732
0.517679
0.516328
0.522165
0.522176
0.529334
0.541607
0.549839
0.538401
0.516369
0.510778
0.511445
0.546009
0.513573
0.510998
0.519442
0.522321
0.520723
0.549702
0.521966
0.522167
0.51532
0.515202
0.51625
0.516185
0.51575
0.508479
0.510843
0.523133
0.526324
0.523023
0.5657
0.519658
0.51959
0.520619
0.519617
0.514346
0.512917
0.533957
0.519229
0.524387
0.524707
0.519088
0.555465
0.53115
0.526539
0.537525
0.532282
0.512445
0.511756
0.517277
0.522155
0.522334
0.521385
0.520189
0.519407
0.524609
0.517091
0.517367
0.517607
0.51375
0.512948
0.516936
0.51745
0.519238
0.527684
0.519152
0.520636
0.520614
0.520464
0.521263
0.519405
0.521516
0.514243
0.519376
0.516196
0.534612
0.537909
0.520419
0.525666
0.529982
0.533265
0.53011
0.529492
0.610765
0.512122
0.511189
0.512843
0.534297
0.518585
0.521646
0.526759
0.531723
0.533144
0.510088
0.511284
0.515385
0.518512
0.518799
0.516545
0.511111
0.520719
0.520667
0.520554
0.519885
0.515322
0.520528
0.518229
0.520646
0.521699
0.523591
0.527561
0.525043
0.534534
0.507687
0.531192
0.532599
0.543726
0.580713
0.516883
0.516449
0.517045
0.584504
0.517181
0.521135
0.522736
0.52202
0.521196
0.521221
0.540443
0.526325
0.522318
0.516782
0.516298
0.518078
0.535795
0.520088
0.54013
0.530733
0.521578
0.521671
0.533334
0.520838
0.520117
0.520342
0.520003
0.521145
0.519807
0.520664
0.522057
0.526413
0.526419
0.531178
0.529459
0.519511
0.521501
0.517567
0.517654
0.51511
0.522874
0.523287
0.519341
0.521812
0.521191
0.518675
0.521831
0.522368
0.522088
0.522115
0.521132
0.554586
0.516309
0.517477
0.516009
0.5361
0.528547
0.520355
0.521419
0.521963
0.521272
0.513193
0.597595
0.621789
0.578345
0.519554
0.518833
0.523115
0.521425
0.52236
0.513817
0.512674
0.522167
0.510952
0.511747
0.52044
0.519947
0.51883
0.520968
0.520337
0.515659
0.522628
0.520725
0.521074
0.510307
0.510269
0.514261
0.5173
0.510292
0.505848
0.517528
0.520286
0.520506
0.520864
0.521239
0.512604
0.51274
0.51184
0.510526
0.521982
0.520329
0.517888
0.517733
0.523317
0.520967
0.522209
0.522836
0.523592
0.517868
0.517232
0.517144
0.519633
0.522771
0.520625
0.520759
0.529115
0.524031
0.553162
0.555384
0.543703
0.555352
0.564181
0.521197
0.574892
0.507787
0.507672
0.520455
0.518953
0.514065
0.517707
0.519415
0.535976
0.519435
0.52157
0.574081
0.523533
0.520533
0.5241
0.521598
0.514955
0.514498
0.517473
0.518872
0.519654
0.516212
0.514324
0.51958
0.521968
0.521528
0.52061
0.520431
0.516003
0.531212
0.515219
0.514517
0.506233
0.524163
0.523605
0.50942
0.513379
0.512136
0.52162
0.516766
0.522888
0.520807
0.522608
0.565666
0.574198
0.568239
0.52905
0.531524
0.527497
0.522685
0.528513
0.524985
0.523775
0.523477
0.517055
0.517529
0.520029
0.519076
0.516665
0.517215
0.515396
0.520312
0.518886
0.519097
0.520292
0.519062
0.518319
0.519425
0.522683
0.522703
0.521482
0.520747
0.521019
0.517219
0.516825
0.518849
0.517822
0.569033
0.569775
0.516687
0.516986
0.519681
0.520137
0.519316
0.51799
0.523118
0.512881
0.512654
0.523476
0.542491
0.535796
0.514051
0.513968
0.519056
0.511451
0.517999
0.520978
0.516523
0.531752
0.525288
0.519706
0.521537
0.521008
0.521484
0.521646
0.518912
0.569162
0.526131
0.564016
0.522542
0.522659
0.520795
0.520081
0.524743
0.523124
0.519205
0.519277
0.518822
0.519184
0.521991
0.52245
0.52206
0.524376
0.522826
0.544343
0.509631
0.516207
0.517302
0.51792
0.518827
0.517069
0.52163
0.522297
0.522763
0.519397
0.52326
0.523653
0.520202
0.519777
0.532874
0.526831
0.515593
0.516941
0.529748
0.51746
0.519804
0.532648
0.572334
0.558351
0.5452
0.518864
0.521497
0.521652
0.51601
0.51485
0.517058
0.523501
0.517287
0.517961
0.516572
0.51616
0.523149
0.523448
0.517863
0.513267
0.515953
0.518539
0.517361
0.519405
0.602552
0.596417
0.521715
0.520266
0.521448
0.561312
0.550469
0.517875
0.518135
0.519916
0.521566
0.541126
0.534591
0.520161
0.512316
0.520218
0.511869
0.50998
0.510484
0.509151
0.519742
0.523657
0.520894
0.536998
0.530254
0.544749
0.517974
0.509075
0.516648
0.522118
0.520209
0.521249
0.516979
0.51609
0.516134
0.516486
0.516093
0.520767
0.520292
0.519438
0.521729
0.514916
0.512949
0.517917
0.514409
0.523595
0.522903
0.520567
0.519329
0.531212
0.537458
0.51543
0.519882
0.520339
0.518881
0.519405
0.51928
0.520303
0.522483
0.520467
0.520816
0.540879
0.528021
0.521754
0.51918
0.516596
0.517118
0.514206
0.519513
0.523757
0.534308
0.528195
0.529796
0.519006
0.521852
0.521308
0.523228
0.517752
0.517931
0.51675
0.516233
0.542078
0.557551
0.519172
0.519251
0.508001
0.52159
0.520398
0.520212
0.523584
0.521922
0.519355
0.52302
0.583965
0.523364
0.520247
0.544466
0.521931
0.528326
0.521533
0.593306
0.518678
0.515809
0.523338
0.545012
0.542201
0.524065
0.520681
0.518661
0.515258
0.518476
0.527876
0.51872
0.520654
0.519288
0.518402
0.517372
0.523172
0.522222
0.542733
0.517242
0.530132
0.538907
0.534535
0.527607
0.523189
0.529029
0.520279
0.525802
0.517563
0.50702
0.506005
0.51305
0.520441
0.520032
0.508489
0.513365
0.557239
0.583989
0.517814
0.52158
0.521663
0.519679
0.522975
0.50719
0.526412
0.541952
0.516674
0.52379
0.522262
0.524176
0.520725
0.514029
0.512554
0.517591
0.518447
0.519754
0.520752
0.52118
0.520544
0.537687
0.515562
0.539755
0.5583
0.559854
0.52122
0.521632
0.519944
0.518337
0.520452
0.521054
0.538957
0.539808
0.528653
0.516528
0.516433
0.51742
0.513718
0.514558
0.512935
0.520432
0.534647
0.555521
0.515889
0.521455
0.521578
0.533155
0.517466
0.514243
0.515244
0.520729
0.518363
0.518839
0.517209
0.523735
0.57083
0.570276
0.574503
0.523642
0.522686
0.513329
0.521313
0.521272
0.559596
0.554105
0.52085
0.519692
0.523278
0.523647
0.560539
0.514371
0.510381
0.524038
0.523263
0.549426
0.532563
0.548806
0.519789
0.523159
0.522155
0.52013
0.519954
0.537285
0.628846
0.51743
0.515239
0.515565
0.519316
0.519841
0.519195
0.521045
0.513511
0.539112
0.52159
0.517713
0.525338
0.520572
0.52338
0.544168
0.519761
0.518033
0.518273
0.517109
0.522424
0.521564
0.521033
0.521273
0.515464
0.539046
0.538272
0.510103
0.51687
0.518424
0.512567
0.56452
0.576324
0.570075
0.533496
0.555541
0.515792
0.514808
0.523146
0.60017
0.525159
0.527848
0.520233
0.522674
0.538361
0.516938
0.516688
0.521383
0.521408
0.518981
0.519171
0.519218
0.517361
0.517118
0.519081
0.520074
0.51999
0.515901
0.521643
0.520742
0.524036
0.519402
0.519628
0.543398
0.510286
0.523224
0.520071
0.519009
0.52856
0.529416
0.535324
0.520215
0.517882
0.517487
0.517435
0.519875
0.522477
0.517108
0.518672
0.521133
0.521225
0.516476
0.516814
0.559061
0.528035
0.517113
0.518099
0.519069
0.522659
0.520085
0.521161
0.524499
0.522607
0.518903
0.549728
0.520162
0.521132
0.519799
0.520743
0.51823
0.532475
0.546082
0.536908
0.520364
0.517997
0.514867
0.516759
0.533295
0.562179
0.525173
0.529497
0.516282
0.545673
0.548819
0.524099
0.518623
0.578495
0.537559
0.513166
0.514918
0.524208
0.529145
0.522373
0.524073
0.520418
0.526922
0.519693
0.519998
0.521123
0.519363
0.522277
0.526801
0.524834
0.522683
0.51544
0.527961
0.522649
0.524883
0.528129
0.527827
0.520296
0.521124
0.538856
0.553143
0.516329
0.52069
0.529945
0.550657
0.514507
0.522534
0.521051
0.516653
0.572542
0.566804
0.539513
0.546112
0.550118
0.520143
0.516295
0.515959
0.521029
0.517913
0.566022
0.535442
0.529064
0.526001
0.523676
0.522246
0.526483
0.52283
0.51811
0.517635
0.566136
0.520299
0.519825
0.510246
0.511066
0.515379
0.599982
0.543113
0.521932
0.517297
0.541672
0.523126
0.51903
0.526423
0.519021
0.524032
0.52662
0.523348
0.514044
0.510965
0.546745
0.545064
0.523536
0.520629
0.613575
0.53879
0.590391
0.58774
0.593216
0.539118
0.562404
0.511481
0.509657
0.520934
0.517718
0.516394
0.518132
0.539068
0.519158
0.540368
0.522509
0.519546
0.519976
0.540791
0.516144
0.521818
0.517114
0.516514
0.520908
0.523587
0.509648
0.517122
0.51652
0.517118
0.625355
0.524403
0.529008
0.509782
0.520903
0.518296
0.514127
0.517659
0.523506
0.520809
0.521804
0.519207
0.516073
0.508473
0.508576
0.529273
0.524299
0.557519
0.542847
0.558392
0.552509
0.521305
0.51986
0.519613
0.520385
0.519898
0.519805
0.579364
0.518193
0.519143
0.52462
0.522732
0.555628
0.555771
0.517424
0.541065
0.5356
0.520384
0.543312
0.536246
0.521356
0.516498
0.521548
0.541103
0.513902
0.514262
0.517513
0.51914
0.512502
0.55152
0.518757
0.524686
0.518862
0.52059
0.511906
0.547908
0.524159
0.518014
0.511695
0.547577
0.530247
0.530627
0.548946
0.54822
0.522921
0.517318
0.51687
0.519666
0.519751
0.523789
0.535866
0.554005
0.54683
0.523458
0.519475
0.514561
0.521981
0.523016
0.520408
0.519729
0.517525
0.526972
0.525274
0.523052
0.517578
0.511755
0.529428
0.524847
0.510367
0.510513
0.5347
0.521353
0.521138
0.526845
0.510024
0.510956
0.58722
0.520667
0.577976
0.525914
0.52424
0.580398
0.519728
0.524172
0.525984
0.516805
0.51728
0.511929
0.538421
0.520715
0.517523
0.528485
0.508872
0.520836
0.518345
0.521512
0.517045
0.516788
0.519077
0.512712
0.509198
0.508156
0.584343
0.575115
0.519359
0.540394
0.599282
0.521444
0.520523
0.523697
0.523727
0.563982
0.551317
0.559619
0.544599
0.522276
0.524367
0.533505
0.522264
0.516863
0.521632
0.529659
0.522963
0.51393
0.516606
0.520492
0.52314
0.520931
0.524602
0.554763
0.516995
0.51784
0.523407
0.527336
0.520695
0.531239
0.527321
0.544865
0.520736
0.526781
0.517872
0.51735
0.516501
0.521869
0.519438
0.52248
0.522556
0.531556
0.513012
0.526723
0.519326
0.513826
0.515612
0.509191
0.520537
0.512558
0.515255
0.521204
0.521666
0.520003
0.510003
0.542167
0.509282
0.517099
0.554881
0.524289
0.535484
0.519533
0.519628
0.514871
0.517876
0.52024
0.518132
0.518715
0.519
0.569702
0.521636
0.52212
0.520711
0.524938
0.523749
0.513119
0.50741
0.50608
0.512822
0.524064
0.519057
0.571683
0.525248
0.533587
0.51409
0.528486
0.522866
0.520666
0.522993
0.579932
0.51838
0.519855
0.567053
0.519022
0.569098
0.541134
0.518497
0.514684
0.520034
0.542387
0.528515
0.547803
0.539725
0.517868
0.518808
0.582314
0.509834
0.507276
0.540527
0.520168
0.5092
0.520608
0.526635
0.545158
0.521598
0.531083
0.519175
0.52093
0.520267
0.520568
0.519728
0.525632
0.510734
0.519209
0.512129
0.512806
0.518927
0.513302
0.510215
0.516903
0.520958
0.516594
0.567808
0.517735
0.515533
0.521232
0.520512
0.507863
0.510693
0.530849
0.522973
0.512178
0.537524
0.552308
0.528541
0.575213
0.52887
0.513092
0.553904
0.534095
0.51687
0.52538
0.51562
0.517077
0.579123
0.531431
0.512536
0.522625
0.542872
0.542107
0.583837
0.512638
0.52027
0.523896
0.51423
0.587196
0.528045
0.512014
0.521147
0.520424
0.506708
0.513946
0.52193
0.521297
0.517102
0.517395
0.526546
0.529277
0.557077
0.510255
0.511672
0.521947
0.554413
0.519625
0.519469
0.53314
0.526636
0.519934
0.514595
0.516786
0.533565
0.519246
0.510304
0.511561
0.515698
0.526952
0.520795
0.522544
0.520383
0.571455
0.523616
0.522813
0.522701
0.518808
0.543176
0.520174
0.517923
0.530581
0.515837
0.529795
0.51223
0.524886
0.511579
0.510948
0.521286
0.524076
0.56808
0.543553
0.523223
0.519918
0.527829
0.528684
0.532051
0.524388
0.582087
0.533912
0.616274
0.518778
0.580134
0.515237
0.517058
0.523021
0.521583
0.52125
0.523792
0.52156
0.54883
0.522453
0.521363
0.519069
0.509491
0.520281
0.520168
0.59194
0.527192
0.518617
0.523679
0.567944
0.54998
0.521629
0.517485
0.518626
0.518955
0.52118
0.510604
0.512522
0.509172
0.518103
0.520624
0.515103
0.513922
0.515544
0.541308
0.531277
0.52539
0.520861
0.517894
0.521524
0.522209
0.521729
0.521564
0.522324
0.522137
0.541524
0.551568
0.520306
0.537074
0.520171
0.523351
0.52023
0.521349
0.521332
0.517703
0.522063
0.521378
0.522182
0.515539
0.517201
0.520983
0.522161
0.521099
0.510945
0.517127
0.515995
0.516711
0.571257
0.541423
0.520403
0.521399
0.521641
0.520074
0.51575
0.51814
0.52193
0.517077
0.521226
0.514974
0.515283
0.513549
0.538721
0.51351
0.521314
0.516036
0.518235
0.517531
0.523229
0.512279
0.520024
0.524112
0.511687
0.516789
0.517852
0.511088
0.509238
0.552976
0.548316
0.515162
0.51464
0.520703
0.517253
0.517771
0.514652
0.516469
0.515131
0.517416
0.513954
0.522089
0.521103
0.520606
0.570164
0.515983
0.51843
0.520065
0.514087
0.519114
0.516476
0.518113
0.515849
0.512657
0.514956
0.575195
0.512232
0.523627
0.5213
0.513458
0.511768
0.512779
0.52325
0.518544
0.553761
0.516321
0.520266
0.518724
0.51547
0.510076
0.536888
0.55057
0.513265
0.516747
0.53589
0.520045
0.521785
0.516864
0.519632
0.521025
0.516824
0.520778
0.514746
0.51936
0.519867
0.516059
0.525684
0.52155
0.517007
0.513755
0.529168
0.513239
0.519541
0.514527
0.611435
0.532919
0.519833
0.522088
0.521256
0.519747
0.52013
0.521115
0.52142
0.517006
0.51333
0.516742
0.519893
0.51715
0.524972
0.52166
0.52822
0.574314
0.528651
0.519949
0.522171
0.521414
0.51703
0.521143
0.551275
0.550378
0.539874
0.514054
0.51561
0.519228
0.517894
0.519143
0.514432
0.522154
0.533501
0.575095
0.521188
0.543406
0.54463
0.549853
0.532863
0.517394
0.546901
0.520816
0.528511
0.523057
0.560523
0.513327
0.512351
0.521366
0.521987
0.517959
0.510722
0.513117
0.509704
0.522277
0.512939
0.519675
0.617752
0.513309
0.522466
0.519452
0.518225
0.516894
0.518738
0.521677
0.520759
0.512656
0.522414
0.510605
0.534373
0.561619
0.527677
0.538145
0.554746
0.516054
0.518394
0.514547
0.513356
0.517108
0.516686
0.51186
0.521117
0.52094
0.513133
0.511766
0.516531
0.55213
0.520227
0.517311
0.520007
0.51536
0.520692
0.519917
0.528471
0.522296
0.526393
0.513562
0.51255
0.517609
0.522769
0.513498
0.515773
0.516962
0.515338
0.531667
0.520737
0.520247
0.520384
0.569157
0.555785
0.514092
0.527106
0.515488
0.544042
0.521774
0.510666
0.520862
0.515858
0.5199
0.519771
0.512249
0.512205
0.519903
0.535734
0.520193
0.515785
0.514846
0.520291
0.522427
0.528848
0.518676
0.519556
0.517137
0.524667
0.522642
0.520105
0.516009
0.519027
0.553676
0.518407
0.519323
0.550188
0.52361
0.518902
0.514187
0.540824
0.568212
0.517661
0.521703
0.517248
0.51404
0.526565
0.521539
0.52086
0.515456
0.515456
0.551673
0.563164
0.515641
0.519659
0.516623
0.55996
0.511964
0.574534
0.553109
0.521288
0.572634
0.51905
0.520447
0.527898
0.552808
0.521296
0.536261
0.519806
0.514156
0.539734
0.51846
0.519219
0.518581
0.52155
0.513113
0.517301
0.515822
0.521357
0.513195
0.558981
0.516981
0.516538
0.571534
0.517817
0.515648
0.542129
0.522428
0.520032
0.511886
0.512185
0.528158
0.521749
0.562278
0.521861
0.507821
0.522198
0.518247
0.517448
0.515275
0.518161
0.521056
0.514169
0.531748
0.517027
0.555917
0.520216
0.513911
0.548034
0.512229
0.521273
0.51683
0.534184
0.520365
0.518057
0.550801
0.524834
0.510111
0.514343
0.520195
0.519771
0.572472
0.52097
0.521863
0.520805
0.52189
0.565937
0.519493
0.581637
0.519873
0.518859
0.537321
0.588814
0.523528
0.51783
0.520301
0.518617
0.516163
0.51367
0.523305
0.517429
0.514515
0.570962
0.521967
0.512281
0.518183
0.51408
0.517358
0.516185
0.522405
0.508333
0.516133
0.518296
0.516225
0.540064
0.568022
0.51058
0.515328
0.511567
0.522004
0.509214
0.547934
0.528029
0.520871
0.549622
0.510867
0.538032
0.522268
0.520141
0.552028
0.521544
0.512387
0.525437
0.517564
0.513612
0.519891
0.514958
0.511894
0.510992
0.519764
0.51486
0.514102
0.534705
0.560966
0.550839
0.514588
0.550951
0.520235
