0.530597
0.532819
0.517321
0.515636
0.550725
0.525826
0.530466
0.520506
0.522017
0.521366
0.517766
0.516533
0.520737
0.520156
0.515332
0.511614
0.523642
0.517061
0.517432
0.516553
0.517128
0.520002
0.519382
0.519593
0.520422
0.520994
0.522264
0.506823
0.507933
0.510767
0.509061
0.521033
0.555538
0.548019
0.511719
0.509965
0.511507
0.519403
0.52391
0.518799
0.517314
0.51778
0.518315
0.520165
0.517479
0.511519
0.516546
0.518532
0.521893
0.519961
0.543679
0.529542
0.513882
0.518902
0.51759
0.530794
0.51162
0.54482
0.539982
0.537684
0.529265
0.536888
0.512689
0.510704
0.522008
0.522773
0.513306
0.512186
0.516037
0.519592
0.522158
0.537948
0.539894
0.522785
0.518309
0.520164
0.515676
0.522746
0.508388
0.510688
0.524181
0.527329
0.569515
0.518856
0.519069
0.518165
0.51867
0.514812
0.52661
0.522185
0.534688
0.529822
0.521183
0.519152
0.516117
0.526323
0.526656
0.524623
0.514152
0.51639
0.522824
0.518914
0.518896
0.522542
0.521941
0.519189
0.524553
0.516694
0.513074
0.515758
0.513417
0.516832
0.520986
0.52348
0.524247
0.517442
0.517616
0.519833
0.519876
0.524428
0.520594
0.521056
0.523214
0.522658
0.542593
0.527829
0.514633
0.513714
0.512435
0.519382
0.543261
0.563914
0.528782
0.567012
0.572249
0.513391
0.512296
0.541076
0.54525
0.532171
0.521385
0.532595
0.51932
0.521483
0.527017
0.522988
0.533072
0.524969
0.512396
0.515762
0.520838
0.517895
0.517407
0.518955
0.515668
0.515705
0.513603
0.521134
0.519527
0.521975
0.521841
0.51924
0.523668
0.523322
0.528291
0.530542
0.540557
0.531092
0.532564
0.520379
0.518853
0.515662
0.522804
0.522365
0.518458
0.554954
0.54499
0.547912
0.542501
0.531863
0.522023
0.51612
0.517131
0.566283
0.51873
0.519638
0.541605
0.533583
0.516557
0.517634
0.521355
0.525518
0.521348
0.519016
0.519229
0.520203
0.529489
0.515172
0.523566
0.523183
0.524039
0.530211
0.518414
0.520986
0.516597
0.511827
0.51837
0.520003
0.517103
0.589618
0.519841
0.51946
0.519333
0.518454
0.519674
0.512417
0.520836
0.521681
0.522559
0.53057
0.52951
0.55145
0.515493
0.515628
0.53829
0.535633
0.52039
0.520824
0.521649
0.521907
0.515056
0.553294
0.559659
0.521795
0.522578
0.521158
0.51533
0.516613
0.513256
0.514303
0.526659
0.51736
0.531307
0.520667
0.520604
0.511513
0.511606
0.512241
0.514605
0.514855
0.517449
0.508504
0.508409
0.516953
0.519778
0.521223
0.516569
0.518393
0.519119
0.519767
0.517596
0.529357
0.526831
0.521535
0.52375
0.522185
0.523649
0.522793
0.527734
0.535008
0.529865
0.520718
0.520573
0.517308
0.522231
0.525104
0.523027
0.560214
0.542327
0.519785
0.533891
0.539147
0.527549
0.532121
0.545503
0.53238
0.581484
0.562131
0.559462
0.521037
0.551397
0.542421
0.514558
0.516352
0.516497
0.521091
0.521107
0.520934
0.515575
0.517231
0.508974
0.541176
0.520206
0.518262
0.522181
0.595108
0.523878
0.512748
0.515973
0.51979
0.522636
0.515532
0.513576
0.52146
0.520221
0.520834
0.522205
0.5166
0.518853
0.521139
0.519182
0.520516
0.517059
0.518637
0.515595
0.516836
0.516077
0.526908
0.509741
0.521036
0.521576
0.522063
0.516755
0.51795
0.520665
0.522153
0.527383
0.529352
0.522791
0.523524
0.518918
0.51595
0.515902
0.515335
0.516307
0.536614
0.520904
0.553597
0.511266
0.519006
0.518635
0.521866
0.519701
0.516081
0.520507
0.517823
0.517868
0.599178
0.577285
0.520003
0.522094
0.519348
0.518266
0.517483
0.521253
0.514925
0.513348
0.518269
0.533609
0.535322
0.536323
0.513373
0.51004
0.519258
0.520113
0.521728
0.516447
0.520673
0.514448
0.51194
0.519576
0.520542
0.517178
0.518868
0.537023
0.51921
0.519842
0.52022
0.519797
0.509944
0.511767
0.518164
0.515166
0.520605
0.584818
0.52261
0.523026
0.544808
0.532719
0.540082
0.511587
0.519956
0.515328
0.518817
0.522503
0.518707
0.518624
0.525055
0.522161
0.521532
0.520102
0.522403
0.521909
0.533147
0.533805
0.540781
0.516864
0.515869
0.517175
0.519112
0.518185
0.522739
0.522429
0.522626
0.516449
0.519671
0.527314
0.516504
0.528396
0.525038
0.518012
0.520932
0.518847
0.545035
0.541999
0.540926
0.524129
0.578696
0.521493
0.52455
0.520822
0.521725
0.522606
0.527446
0.517074
0.516053
0.516325
0.517654
0.518384
0.522785
0.522989
0.522663
0.518261
0.520173
0.516396
0.517028
0.521225
0.520634
0.519078
0.523113
0.52229
0.520853
0.556055
0.555322
0.551702
0.521422
0.520798
0.519036
0.519657
0.519167
0.521235
0.517194
0.512097
0.510983
0.510956
0.511516
0.517317
0.52094
0.520675
0.536539
0.528517
0.548511
0.535631
0.51764
0.515132
0.522298
0.520357
0.5208
0.517121
0.515948
0.516552
0.517487
0.515733
0.521837
0.521295
0.519631
0.520813
0.519715
0.514481
0.51403
0.516107
0.515184
0.523317
0.522154
0.518694
0.520109
0.540139
0.541029
0.518232
0.531104
0.521219
0.521514
0.519897
0.52075
0.518817
0.518879
0.51546
0.513709
0.540126
0.520946
0.522349
0.519651
0.521873
0.515969
0.515976
0.517138
0.512462
0.529219
0.519975
0.546786
0.546832
0.522085
0.523282
0.519777
0.517648
0.519204
0.544207
0.516281
0.540726
0.519883
0.519122
0.509152
0.520151
0.521183
0.520743
0.521492
0.521668
0.527573
0.546723
0.521479
0.523257
0.51608
0.513908
0.517105
0.519501
0.520554
0.519382
0.525226
0.524694
0.518021
0.517715
0.519576
0.516224
0.519567
0.51989
0.520796
0.585382
0.518894
0.51871
0.517831
0.508989
0.552466
0.533096
0.564749
0.527074
0.527051
0.523233
0.51017
0.514436
0.509172
0.507383
0.519563
0.523749
0.515215
0.518008
0.522043
0.522084
0.521381
0.523787
0.522219
0.547861
0.562327
0.52077
0.523756
0.52179
0.520627
0.521711
0.520742
0.520897
0.518991
0.506965
0.54542
0.535556
0.517101
0.523385
0.522353
0.526153
0.518798
0.514225
0.514958
0.513573
0.519407
0.521839
0.520853
0.518582
0.518231
0.518857
0.54378
0.517419
0.556572
0.514431
0.516098
0.575826
0.564904
0.520845
0.519786
0.516513
0.518991
0.519917
0.52132
0.541174
0.517219
0.514007
0.524704
0.52129
0.55201
0.551666
0.517455
0.520728
0.521001
0.508084
0.517515
0.515537
0.51854
0.518143
0.565173
0.564803
0.559956
0.52428
0.523129
0.511048
0.511521
0.512206
0.514029
0.520237
0.521075
0.533047
0.513872
0.515661
0.520781
0.52358
0.544636
0.520142
0.517664
0.518917
0.518452
0.519524
0.581666
0.51936
0.520001
0.518933
0.522133
0.522491
0.513301
0.524785
0.542803
0.519351
0.518991
0.519208
0.52374
0.522414
0.522478
0.520213
0.516052
0.516047
0.511006
0.515674
0.57042
0.562
0.524886
0.521123
0.582315
0.535733
0.533533
0.52429
0.522817
0.509782
0.510964
0.519326
0.519017
0.551368
0.517104
0.540373
0.518533
0.540819
0.515009
0.510093
0.516039
0.523364
0.520519
0.530666
0.546739
0.537521
0.519486
0.516983
0.520646
0.51713
0.519418
0.522229
0.519877
0.519674
0.516942
0.519298
0.568863
0.57342
0.528223
0.600797
0.569624
0.518121
0.518177
0.518317
0.515823
0.516454
0.519619
0.519538
0.54399
0.540101
0.521971
0.521361
0.518425
0.549545
0.542494
0.52035
0.521728
0.538092
0.536173
0.529167
0.53414
0.547333
0.556825
0.550342
0.522557
0.517633
0.514412
0.524039
0.535932
0.513492
0.514163
0.532415
0.524454
0.536013
0.518319
0.518714
0.525148
0.520697
0.520206
0.548737
0.507406
0.522676
0.596842
0.521698
0.534907
0.535827
0.532524
0.526977
0.52066
0.516436
0.516317
0.510385
0.529809
0.520233
0.543178
0.545017
0.524491
0.558796
0.524965
0.51946
0.519386
0.519506
0.517889
0.555408
0.536298
0.521921
0.542754
0.537363
0.524271
0.521989
0.517775
0.51664
0.518578
0.52186
0.521657
0.525217
0.515758
0.52711
0.541579
0.530404
0.516786
0.566098
0.519632
0.534377
0.527448
0.514133
0.515946
0.528974
0.540315
0.554131
0.518623
0.523497
0.607784
0.523362
0.515112
0.511981
0.545777
0.520474
0.52345
0.54289
0.58098
0.570183
0.515926
0.553611
0.570465
0.513627
0.519727
0.518958
0.539748
0.546174
0.522758
0.518925
0.523385
0.533536
0.516893
0.523857
0.519714
0.519208
0.517679
0.516604
0.520649
0.525635
0.518667
0.517215
0.559771
0.561866
0.522262
0.52675
0.511086
0.519792
0.509316
0.516308
0.518455
0.515934
0.527544
0.520685
0.518861
0.514471
0.532029
0.556908
0.549564
0.549337
0.522348
0.531967
0.520131
0.512684
0.525177
0.527198
0.516783
0.577637
0.518857
0.521757
0.522693
0.544271
0.542986
0.521492
0.516276
0.522604
0.521053
0.538662
0.520759
0.518696
0.516543
0.522241
0.51119
0.512529
0.516001
0.520734
0.522802
0.518898
0.514332
0.517541
0.533011
0.521463
0.533643
0.519966
0.520543
0.513824
0.511186
0.554902
0.529313
0.509424
0.511513
0.512108
0.544
0.51246
0.530555
0.526952
0.565231
0.566498
0.52069
0.518427
0.522635
0.515759
0.517695
0.523124
0.51066
0.518399
0.527112
0.519516
0.512189
0.565747
0.544924
0.52348
0.514047
0.521431
0.53493
0.518762
0.516023
0.515853
0.52215
0.520076
0.509011
0.528309
0.519902
0.519476
0.511199
0.512263
0.521195
0.52997
0.525828
0.511777
0.5172
0.512269
0.545766
0.520636
0.520951
0.525706
0.522768
0.519077
0.546771
0.515944
0.515362
0.515434
0.579733
0.517712
0.514404
0.513872
0.524803
0.519419
0.517054
0.536895
0.536211
0.517272
0.517525
0.516363
0.517293
0.523557
0.512618
0.508348
0.531332
0.516482
0.522822
0.509588
0.518471
0.51686
0.535453
0.52222
0.519434
0.523398
0.518328
0.561192
0.551837
0.523884
0.52285
0.519267
0.528536
0.524513
0.515846
0.523299
0.554387
0.524619
0.510424
0.525441
0.51893
0.523374
0.526964
0.526802
0.519428
0.530042
0.541693
0.547287
0.518712
0.518285
0.520947
0.536942
0.527095
0.518641
0.524289
0.517587
0.549761
0.519288
0.511693
0.521186
0.518548
0.559243
0.524432
0.51004
0.512262
0.513594
0.521391
0.509406
0.520462
0.52064
0.511101
0.52279
0.597949
0.520973
0.52229
0.553332
0.514462
0.518486
0.537737
0.543238
0.517838
0.553766
0.52116
0.524396
0.519287
0.515268
0.515016
0.520806
0.520112
0.518211
0.518736
0.517362
0.521426
0.519214
0.520448
0.515008
0.507589
0.516777
0.521652
0.512936
0.50771
0.509824
0.516357
0.523923
0.522108
0.527892
0.542178
0.541736
0.512313
0.51714
0.520988
0.564875
0.51792
0.518748
0.557983
0.524546
0.521521
0.519458
0.556965
0.550887
0.516277
0.518644
0.523884
0.516826
0.555394
0.509051
0.524086
0.5169
0.519273
0.516514
0.517423
0.52305
0.507595
0.527897
0.522997
0.523956
0.530613
0.529065
0.520307
0.619278
0.520791
0.521538
0.505696
0.520991
0.519187
0.599964
0.514363
0.511163
0.518796
0.510542
0.511964
0.521502
0.521385
0.518558
0.576845
0.577124
0.51825
0.513011
0.521328
0.512282
0.513449
0.51614
0.538874
0.52242
0.522491
0.585614
0.530083
0.527701
0.513077
0.513757
0.557159
0.518713
0.519072
0.5385
0.509065
0.5178
0.514209
0.521212
0.521676
0.517173
0.530695
0.569493
0.532443
0.519675
0.519595
0.515234
0.560864
0.544255
0.521346
0.516628
0.512496
0.600743
0.579594
0.523854
0.59386
0.52144
0.518947
0.518967
0.520675
0.585728
0.527594
0.522691
0.518024
0.52136
0.521505
0.519035
0.507192
0.52305
0.511237
0.551382
0.516232
0.520706
0.526862
0.51913
0.516878
0.511652
0.570126
0.527683
0.516575
0.531949
0.527277
0.582714
0.513453
0.516362
0.511513
0.523691
0.520848
0.521948
0.509826
0.518638
0.521831
0.531269
0.519772
0.515
0.549162
0.521997
0.540082
0.521145
0.561099
0.523324
0.510082
0.532162
0.511733
0.562961
0.511738
0.515046
0.530978
0.535011
0.516902
0.511793
0.521382
0.522616
0.526837
0.520156
0.560457
0.518938
0.559122
0.520952
0.519709
0.518262
0.531736
0.529606
0.509831
0.521313
0.523369
0.528582
0.521305
0.519557
0.51291
0.518801
0.508413
0.511834
0.523728
0.523423
0.524438
0.51801
0.522226
0.55649
0.539643
0.524286
0.522311
0.51613
0.521062
0.568483
0.519572
0.538835
0.520603
0.514851
0.510732
0.515761
0.513934
0.516685
0.521407
0.518809
0.518057
0.515741
0.520542
0.527426
0.549297
0.535032
0.543373
0.519465
0.515963
0.520191
0.566077
0.516418
0.537725
0.533314
0.52892
0.516193
0.518637
0.530226
0.52194
0.516509
0.514761
0.511869
0.531631
0.51444
0.52413
0.51666
0.516299
0.531547
0.511524
0.514467
0.522831
0.502614
0.516225
0.539602
0.558119
0.51833
0.520876
0.522395
0.514281
0.52007
0.518108
0.547014
0.517873
0.517859
0.505763
0.519877
0.521553
0.51584
0.518226
0.514221
0.53901
0.521084
0.520668
0.512814
0.517056
0.534935
0.52273
0.541469
0.517404
0.512975
0.520102
0.555727
0.538328
0.516868
0.551983
0.55305
0.51414
0.515541
0.520376
0.520451
0.516371
0.512525
0.51472
0.517043
0.518026
0.55729
0.51505
0.546464
0.547534
0.514417
0.521105
0.539028
0.529267
0.519551
0.528068
0.530662
0.535607
0.520494
0.513803
0.514292
0.525588
0.514527
0.513559
0.517026
0.515742
0.515958
0.516648
0.520625
0.532689
0.514136
0.549551
0.51932
0.520376
0.538639
0.518903
0.518837
0.520063
0.521162
0.519066
0.54502
0.515732
0.522622
0.544952
0.535386
0.524367
0.516076
0.515519
0.51953
0.511132
0.519004
0.512153
0.518759
0.520264
0.519845
0.517951
0.506153
0.520593
0.521149
0.523599
0.529846
0.520794
0.514324
0.515541
0.513036
0.512401
0.517031
0.562093
0.52086
0.553608
0.521745
0.5194
0.547807
0.563262
0.551852
0.517944
0.516432
0.516825
0.511944
0.521163
0.529966
0.512651
0.520715
0.522426
0.510606
0.551081
0.521839
0.518855
0.508749
0.542803
0.551155
0.51878
0.516273
0.518397
0.549448
0.544248
0.507921
0.517216
0.516518
0.551842
0.509526
0.523839
0.520413
0.523497
0.503642
0.555409
0.521851
0.517681
0.517169
0.556947
0.511065
0.511348
0.520837
0.519765
0.516749
0.56585
0.513913
0.512779
0.521317
0.544611
0.521715
0.521084
0.512643
0.5129
0.513423
0.510352
0.516987
0.516309
0.515742
0.520628
0.520325
0.516004
0.514929
0.536118
0.51883
0.521163
0.514224
0.521653
0.516993
0.53376
0.558863
0.511482
0.537507
0.527049
0.525857
0.510506
0.546528
0.565247
0.556992
0.512371
0.526024
0.517723
0.519285
0.51986
0.514252
0.540362
0.522326
0.51778
0.532724
0.518939
0.518849
0.520596
0.517296
0.579072
0.582494
0.520675
0.524018
0.515727
0.563237
0.545331
0.518885
0.5264
0.517073
0.510742
0.515768
0.53253
0.516739
0.516186
0.551347
0.551391
0.523058
0.517962
0.512277
0.514145
0.534014
0.523836
0.518729
0.517777
0.516345
0.517713
0.531261
0.53821
0.514882
0.518626
0.511011
0.517177
0.521427
0.51559
0.518565
0.51702
0.514044
0.518462
0.521838
0.520054
0.525012
0.524119
0.520932
0.531134
0.533396
0.517559
0.528622
0.514316
0.517197
0.525171
0.520561
0.522278
0.519259
0.521182
0.519067
0.530761
0.536167
0.520125
0.519335
0.521466
0.515023
0.532691
0.517775
0.518888
0.517852
0.521417
0.519876
0.518993
0.512647
0.515584
0.514817
0.521801
0.514753
0.519229
0.516703
0.519353
0.521215
0.510566
0.518617
0.518641
0.522905
0.517718
0.517499
0.532589
0.518351
0.518298
0.518146
0.517717
0.524715
0.512725
0.560781
0.521766
0.521206
0.517522
0.517446
0.517101
0.516949
0.511418
0.521487
0.52487
0.51712
0.512375
0.519223
0.517983
0.519467
0.522197
0.55715
0.516782
0.51549
0.516733
0.521215
0.538217
0.520729
0.515072
0.517218
0.530006
0.511645
0.521004
0.52742
0.51281
0.518223
0.522547
0.521305
0.527349
0.52232
0.51946
0.519127
0.515624
0.520928
0.566666
0.516467
0.508504
0.512102
0.519547
0.518409
0.52763
0.521435
0.51189
0.517226
0.522989
0.52038
0.520128
0.526817
0.521733
0.521262
0.513243
0.513689
0.518595
0.516
0.520527
0.519775
0.519352
0.516103
0.536623
0.517522
0.508059
0.519171
0.518649
0.518996
0.522766
0.522459
0.517857
0.512656
0.521535
0.528104
0.521211
0.513966
0.562652
0.516138
0.535568
0.529804
0.519071
0.516699
0.523729
0.552522
0.516473
0.559915
0.565289
0.522883
0.532711
0.516847
0.554709
0.559556
0.51625
0.531488
0.523185
0.511677
0.527452
0.538793
0.516159
0.536048
0.534067
0.518533
0.509635
0.560845
0.58011
0.519855
0.545312
0.516601
0.519393
0.566011
0.532694
0.521343
0.568325
0.519437
0.520291
0.549871
0.523202
0.517374
0.531284
0.522433
0.521748
0.515374
0.521505
0.522946
0.520923
0.516597
0.515647
0.520172
0.523691
0.523003
0.529801
0.516406
0.513422
0.521682
0.531998
