0.532355
0.529545
0.529535
0.526175
0.513567
0.51458
0.517532
0.519624
0.519009
0.518733
0.513871
0.512401
0.514083
0.521299
0.514839
0.514836
0.518379
0.558265
0.577116
0.566438
0.521643
0.521108
0.520797
0.522705
0.521472
0.545706
0.56943
0.579307
0.574914
0.519759
0.530053
0.529215
0.514898
0.539535
0.541458
0.536804
0.510776
0.516672
0.515365
0.516063
0.519057
0.518054
0.512343
0.5121
0.541811
0.555411
0.522365
0.510937
0.511671
0.514391
0.513716
0.514603
0.513994
0.523417
0.519823
0.518757
0.538352
0.523746
0.520257
0.529643
0.527041
0.520049
0.520463
0.521
0.520964
0.518582
0.523276
0.539341
0.547423
0.523741
0.522429
0.532392
0.530945
0.530816
0.557736
0.557605
0.548007
0.534452
0.537723
0.569975
0.550333
0.559247
0.527477
0.51725
0.516566
0.517133
0.521972
0.522951
0.522565
0.547787
0.523176
0.522611
0.527248
0.517644
0.518009
0.520324
0.523633
0.523161
0.517984
0.518374
0.516746
0.523598
0.518817
0.528309
0.561498
0.560634
0.516383
0.515678
0.533253
0.53165
0.523054
0.523607
0.52295
0.52176
0.556714
0.573257
0.521759
0.524764
0.522915
0.523622
0.524626
0.518396
0.522583
0.519265
0.51962
0.511689
0.511759
0.515321
0.51669
0.551956
0.522063
0.520512
0.520462
0.52417
0.522669
0.518146
0.519034
0.51813
0.538321
0.523387
0.520521
0.52427
0.518304
0.526027
0.525318
0.533471
0.518202
0.517549
0.513704
0.517018
0.513504
0.512365
0.572541
0.51825
0.522155
0.517128
0.51554
0.516541
0.515423
0.514706
0.516356
0.523603
0.529482
0.519066
0.517629
0.515477
0.512598
0.514715
0.539202
0.540314
0.529511
0.534126
0.51735
0.516394
0.517715
0.518425
0.527996
0.521733
0.513971
0.515821
0.529456
0.514566
0.512742
0.530438
0.524345
0.526436
0.51691
0.518514
0.55761
0.559508
0.527734
0.524527
0.517782
0.541327
0.519843
0.519435
0.512743
0.515285
0.514349
0.52279
0.521214
0.523238
0.516733
0.517566
0.517695
0.518202
0.518802
0.524085
0.522462
0.524181
0.516255
0.51607
0.505464
0.516395
0.514597
0.514161
0.560047
0.521081
0.515299
0.514225
0.52439
0.527845
0.529778
0.522499
0.518173
0.518345
0.515712
0.580971
0.577453
0.59061
0.513814
0.520279
0.5203
0.518547
0.516483
0.51821
0.519442
0.542593
0.51842
0.523868
0.520537
0.516036
0.519247
0.518314
0.517385
0.550328
0.522704
0.519124
0.514652
0.515894
0.518858
0.518348
0.55396
0.520874
0.518468
0.556191
0.51537
0.517403
0.518534
0.521584
0.526386
0.516755
0.515812
0.515471
0.525794
0.523879
0.521652
0.524087
0.521125
0.519598
0.522071
0.521172
0.518783
0.520627
0.520031
0.520712
0.519081
0.520136
0.524027
0.520745
0.523161
0.522283
0.517987
0.51731
0.517016
0.52327
0.521653
0.521526
0.516863
0.516686
0.516337
0.514963
0.515493
0.570574
0.579304
0.521208
0.509682
0.512312
0.511673
0.521682
0.517998
0.515609
0.524447
0.520813
0.521108
0.517426
0.518801
0.518221
0.519085
0.519126
0.516519
0.519501
0.518737
0.518821
0.519699
0.522081
0.522882
0.515737
0.522472
0.519348
0.520613
0.518957
0.518575
0.514511
0.515147
0.519418
0.528676
0.525019
0.52271
0.552985
0.522483
0.544468
0.52134
0.521878
0.522859
0.520311
0.520459
0.51183
0.513976
0.520942
0.516484
0.517282
0.517916
0.520006
0.522598
0.51468
0.514319
0.514364
0.546817
0.517182
0.513117
0.5128
0.513855
0.529636
0.513701
0.514152
0.520643
0.521683
0.521467
0.515827
0.53038
0.542101
0.543741
0.517604
0.516791
0.517112
0.518016
0.518241
0.529365
0.529803
0.513487
0.514351
0.514644
0.527773
0.523788
0.522283
0.522106
0.523025
0.568554
0.555849
0.515913
0.514995
0.514458
0.58503
0.562385
0.522312
0.520195
0.515006
0.515246
0.520619
0.515012
0.514149
0.519796
0.52156
0.520542
0.519874
0.558657
0.512929
0.522367
0.517851
0.521345
0.524651
0.52111
0.519958
0.521229
0.515563
0.51748
0.576604
0.595041
0.528574
0.523578
0.522473
0.519535
0.513293
0.50791
0.509289
0.509123
0.520275
0.518678
0.515032
0.515061
0.543538
0.543597
0.514242
0.525521
0.515143
0.521878
0.528936
0.531034
0.521237
0.520603
0.515696
0.521949
0.519876
0.520588
0.521063
0.523042
0.558074
0.551827
0.525656
0.518814
0.515221
0.515958
0.516091
0.515085
0.521825
0.522579
0.515419
0.517565
0.522671
0.540333
0.523427
0.537013
0.516357
0.517359
0.520315
0.520542
0.515485
0.516527
0.524275
0.523262
0.523988
0.521934
0.521791
0.539287
0.541897
0.519335
0.535959
0.543507
0.542239
0.513998
0.51387
0.523152
0.515328
0.516225
0.520952
0.530628
0.523166
0.588123
0.521917
0.526471
0.534572
0.522513
0.522566
0.518063
0.521529
0.514396
0.563357
0.520179
0.523372
0.565466
0.517219
0.517027
0.518976
0.516205
0.576022
0.566549
0.516034
0.517507
0.530832
0.535969
0.520603
0.570681
0.509828
0.520816
0.520916
0.520901
0.520627
0.515067
0.540266
0.531188
0.516088
0.52097
0.522728
0.515347
0.516441
0.514975
0.51844
0.519633
0.517919
0.549509
0.552725
0.519623
0.528827
0.522227
0.509914
0.509271
0.51167
0.53161
0.523179
0.585682
0.574506
0.510909
0.519065
0.518532
0.519165
0.520319
0.518246
0.516349
0.519926
0.516706
0.522079
0.521767
0.52134
0.55431
0.525567
0.522069
0.523645
0.521429
0.519437
0.516972
0.556949
0.55555
0.52198
0.572373
0.543352
0.560735
0.553448
0.593869
0.517734
0.517291
0.511953
0.512271
0.521023
0.515797
0.560364
0.518795
0.554702
0.520807
0.519928
0.519284
0.520768
0.547516
0.521868
0.519543
0.516902
0.514318
0.506574
0.512528
0.513485
0.513785
0.516869
0.517996
0.517146
0.514142
0.513345
0.527014
0.531805
0.529246
0.519229
0.519739
0.525785
0.522322
0.522123
0.528025
0.516984
0.517178
0.518793
0.553913
0.527145
0.520344
0.51828
0.519949
0.536109
0.513939
0.524426
0.507597
0.51485
0.567308
0.525523
0.538914
0.535044
0.516639
0.518213
0.512423
0.512103
0.558735
0.521981
0.518954
0.526913
0.527873
0.52335
0.520321
0.512397
0.513685
0.521244
0.533804
0.520844
0.514916
0.514551
0.520429
0.52339
0.522302
0.532497
0.51998
0.565853
0.56456
0.521217
0.512881
0.523923
0.522806
0.521781
0.520781
0.520364
0.519045
0.509292
0.561851
0.537175
0.56282
0.573281
0.520441
0.520626
0.520596
0.513855
0.516123
0.516506
0.51798
0.511729
0.523908
0.526236
0.518847
0.520733
0.523144
0.520168
0.517264
0.516669
0.519828
0.516487
0.555461
0.522869
0.523065
0.523763
0.514586
0.513137
0.519887
0.515276
0.533697
0.548888
0.55476
0.551919
0.526539
0.514281
0.518577
0.517233
0.517784
0.521415
0.524472
0.527418
0.522483
0.52129
0.521192
0.519446
0.55363
0.522532
0.556006
0.563795
0.57067
0.5433
0.52443
0.517983
0.513897
0.51339
0.512202
0.516758
0.519611
0.523372
0.521954
0.518129
0.545705
0.511074
0.516816
0.517185
0.518
0.519002
0.558798
0.519956
0.518936
0.511311
0.515003
0.519286
0.52019
0.524072
0.5154
0.515951
0.516052
0.518357
0.523598
0.52611
0.523402
0.522725
0.515317
0.523321
0.520251
0.540791
0.514418
0.514037
0.515126
0.513677
0.51885
0.540632
0.520658
0.519529
0.518882
0.548254
0.558649
0.514944
0.522767
0.519164
0.520892
0.520294
0.519115
0.516196
0.52426
0.514167
0.519836
0.561043
0.513161
0.524271
0.53061
0.514117
0.521456
0.515938
0.516822
0.516619
0.522978
0.522597
0.517355
0.516072
0.516441
0.519246
0.512646
0.547515
0.526009
0.516003
0.51564
0.514968
0.524713
0.523339
0.51381
0.572944
0.578508
0.51606
0.516078
0.51253
0.512488
0.512014
0.520506
0.521779
0.512401
0.512173
0.51182
0.520222
0.517038
0.515185
0.517109
0.518092
0.580262
0.52287
0.522945
0.553055
0.519019
0.520371
0.520312
0.521532
0.512938
0.561093
0.56288
0.520346
0.517617
0.524408
0.522431
0.524932
0.520846
0.520669
0.534343
0.514187
0.520984
0.521433
0.518687
0.516982
0.532971
0.5232
0.549266
0.518842
0.517481
0.547747
0.56439
0.520643
0.520519
0.519927
0.550374
0.520272
0.520933
0.521089
0.522233
0.522781
0.541841
0.512435
0.557564
0.522262
0.518803
0.558503
0.55483
0.524521
0.520432
0.522649
0.524728
0.528404
0.512075
0.509234
0.528044
0.524828
0.529841
0.511756
0.511517
0.517794
0.521765
0.544254
0.553409
0.50725
0.511405
0.513039
0.512774
0.546323
0.53611
0.51544
0.562054
0.522128
0.519365
0.523724
0.52459
0.522971
0.520105
0.541638
0.530413
0.516785
0.527599
0.541102
0.554566
0.520081
0.515904
0.520552
0.52989
0.560196
0.584416
0.520066
0.523687
0.511908
0.520697
0.522755
0.521024
0.517791
0.518127
0.526928
0.522982
0.522523
0.521386
0.515996
0.568188
0.576705
0.521384
0.515616
0.52163
0.54211
0.520523
0.537278
0.516593
0.513778
0.530446
0.521348
0.52039
0.517814
0.518292
0.522202
0.522379
0.551115
0.518815
0.520747
0.533481
0.514243
0.539556
0.516267
0.513617
0.558807
0.512454
0.513272
0.525232
0.517639
0.520218
0.529236
0.525004
0.51666
0.517448
0.52184
0.518094
0.516869
0.521694
0.543947
0.558785
0.51478
0.540106
0.517356
0.521153
0.520394
0.535031
0.519504
0.513328
0.511239
0.520021
0.523608
0.52386
0.522396
0.511457
0.517986
0.518574
0.516971
0.520438
0.516216
0.51256
0.514557
0.519174
0.519735
0.524714
0.516985
0.582476
0.527233
0.519464
0.518416
0.517912
0.511979
0.519565
0.518464
0.513401
0.517246
0.511587
0.521627
0.521175
0.519711
0.551276
0.542176
0.549864
0.536776
0.552988
0.519775
0.538184
0.51472
0.520528
0.519978
0.507726
0.524267
0.535778
0.514387
0.517233
0.514326
0.533308
0.566939
0.56816
0.522512
0.520319
0.515553
0.521969
0.517911
0.518944
0.512973
0.515527
0.517637
0.510694
0.604584
0.52311
0.537112
0.524277
0.548782
0.514382
0.514407
0.518637
0.519782
0.538335
0.530739
0.531623
0.517003
0.531128
0.535116
0.521218
0.521373
0.520777
0.518919
0.519927
0.520999
0.520534
0.522822
0.521427
0.51676
0.516973
0.519768
0.514971
0.513614
0.529686
0.51753
0.527123
0.547125
0.533084
0.512405
0.517935
0.522149
0.520932
0.513138
0.556358
0.551408
0.511391
0.518995
0.517901
0.524642
0.52033
0.553262
0.520885
0.52053
0.530935
0.519551
0.516842
0.528017
0.521209
0.524602
0.544256
0.521509
0.57168
0.512784
0.526121
0.517921
0.517734
0.523705
0.512127
0.527927
0.516071
0.523683
0.521111
0.511502
0.528865
0.522288
0.519109
0.522564
0.562225
0.534152
0.51512
0.520279
0.523275
0.519055
0.51627
0.517107
0.52433
0.523993
0.523804
0.539521
0.542727
0.516386
0.512272
0.514305
0.519827
0.520926
0.517564
0.521546
0.5207
0.523749
0.521641
0.520027
0.520395
0.514732
0.520433
0.518652
0.519709
0.529148
0.526079
0.519622
0.521105
0.52011
0.521529
0.515435
0.518819
0.517405
0.51803
0.515499
0.525053
0.517316
0.560921
0.519147
0.517
0.520117
0.515079
0.513552
0.521457
0.521636
0.5237
0.536492
0.515084
0.524778
0.525938
0.521246
0.516641
0.515007
0.517452
0.523268
0.513929
0.52101
0.527502
0.541727
0.51656
0.515238
0.512962
0.511801
0.518196
0.51811
0.523866
0.521924
0.571375
0.571295
0.515346
0.517159
0.528191
0.526307
0.522692
0.541363
0.508235
0.515914
0.52001
0.517979
0.523619
0.551349
0.571911
0.53463
0.515831
0.512316
0.580185
0.508255
0.517419
0.565401
0.521708
0.515969
0.51913
0.527209
0.519991
0.534638
0.545248
0.518758
0.53826
0.516756
0.51611
0.519527
0.517068
0.524991
0.520068
0.514988
0.554668
0.517295
0.529003
0.569463
0.512248
0.519959
0.517924
0.512822
0.522968
0.602251
0.522084
0.531001
0.512624
0.55665
0.564574
0.522667
0.524506
0.517844
0.515453
0.515962
0.539124
0.524264
0.508368
0.511796
0.511478
0.549974
0.538624
0.535944
0.516546
0.515384
0.515702
0.574702
0.520425
0.56194
0.527908
0.530512
0.510454
0.513862
0.562082
0.523517
0.523518
0.516229
0.514061
0.529607
0.549931
0.559762
0.521055
0.516179
0.51352
0.511672
0.530136
0.518258
0.520277
0.563961
0.507558
0.521728
0.540981
0.520803
0.513719
0.516792
0.567601
0.515672
0.520133
0.519694
0.522664
0.514447
0.521024
0.520506
0.52266
0.533503
0.517884
0.506182
0.520272
0.544442
0.522509
0.512049
0.555426
0.515801
0.520429
0.526902
0.523357
0.514399
0.569939
0.564628
0.521616
0.522063
0.514224
0.546836
0.518336
0.520141
0.518283
0.519473
0.525813
0.536151
0.516432
0.521631
0.522325
0.530246
0.524469
0.522882
0.519066
0.517724
0.520695
0.519654
0.515584
0.520427
0.518178
0.515536
0.52419
0.523136
0.519068
0.517029
0.51455
0.514103
0.519758
0.515734
0.522682
0.5167
0.526749
0.515851
0.518858
0.51907
0.521199
0.522134
0.51725
0.515541
0.574962
0.517656
0.521576
0.511173
0.517966
0.51677
0.517879
0.521621
0.527352
0.515998
0.517893
0.516302
0.520267
0.553666
0.514936
0.515939
0.544845
0.519809
0.517938
0.52075
0.515035
0.511279
0.56719
0.546889
0.51391
0.520046
0.519039
0.514664
0.520778
0.521005
0.545232
0.559229
0.520843
0.514596
0.50822
0.51103
0.513346
0.509227
0.519715
0.516796
0.550342
0.51903
0.519862
0.551551
0.514575
0.522513
0.515215
0.516426
0.517126
0.516018
0.516517
0.515689
0.514167
0.517191
0.517591
0.5187
0.513892
0.519576
0.519697
0.511141
0.515325
0.519265
0.558066
0.560266
0.553625
0.522712
0.515513
0.517854
0.518583
0.523084
0.522771
0.5147
0.520485
0.519474
0.514124
0.513889
0.527866
0.514143
0.51792
0.519007
0.520647
0.511889
0.533679
0.516174
0.522
0.539079
0.51694
0.514956
0.52256
0.525865
0.514641
0.516143
0.578411
0.5338
0.512168
0.519782
0.51071
0.520681
0.519386
0.552088
0.559267
0.552109
0.513571
0.516956
0.519337
0.517099
0.518114
0.515879
0.516833
0.516436
0.538083
0.523065
0.515043
0.565901
0.514689
0.512979
0.515627
0.522477
0.545122
0.520359
0.520972
0.518033
0.515824
0.519055
0.516156
0.518201
0.518131
0.518821
0.517287
0.517745
0.521042
0.517414
0.516057
0.518184
0.528238
0.517739
0.520215
0.51836
0.515676
0.522647
0.515986
0.515812
0.51614
0.518211
0.517679
0.522454
0.517067
0.551654
0.533784
0.548351
0.527073
0.51511
0.574275
0.509888
0.517469
0.511372
0.519557
0.539237
0.513734
0.510374
0.517745
0.515249
0.51721
0.520025
0.515189
0.519184
0.518261
0.516568
0.516952
0.519369
0.550539
0.548326
0.514009
0.512462
0.515558
0.522167
0.519219
0.517872
0.51874
0.518873
0.51949
0.521042
0.514534
0.519398
0.522071
0.514552
0.557102
0.558885
0.513904
0.520842
0.516812
0.513805
0.521915
0.511678
0.542658
0.514119
0.529365
0.512383
0.517651
0.518713
0.51264
0.52057
0.518675
0.520662
0.523577
0.520286
0.540288
0.518373
0.521574
0.522278
0.517885
0.521659
0.520839
0.521874
0.553945
0.531386
0.516474
0.519528
0.514302
0.528488
0.515356
0.507837
0.508061
0.516817
0.57026
0.538749
0.518802
0.522406
0.515346
0.520562
0.51962
0.522888
0.515817
0.51904
0.513206
0.53691
0.515092
0.522818
0.519255
0.585876
0.516222
0.523221
0.5563
0.519785
0.576686
0.520616
0.520399
0.563549
0.515274
0.518704
0.517727
0.521549
0.521299
0.560375
0.520919
0.52069
0.515305
0.518894
0.549894
0.517039
0.528264
0.532746
0.515718
0.517175
0.516556
0.5549
0.513352
0.531683
0.509161
0.529613
0.513767
0.515618
0.522038
0.518527
0.520846
0.523721
0.52012
0.518072
0.519278
0.519641
0.519004
0.521357
0.512558
0.517874
0.521298
0.519876
0.51625
0.539346
0.511854
0.522091
0.515026
0.549827
0.545555
0.553727
0.520747
0.521082
0.522138
0.520845
0.51508
0.518298
0.560371
0.519756
0.522266
0.522127
0.56069
0.519712
0.514315
0.514151
0.517801
0.517663
0.511457
0.519652
0.539507
0.561375
0.550595
0.516644
0.534276
0.522008
0.519339
0.544144
0.52141
0.520424
0.519981
0.520603
0.527943
0.519974
0.520872
0.521443
0.519501
0.516986
0.516711
0.522259
0.520411
0.522741
0.519244
0.512742
0.51248
0.519134
0.513484
0.516688
0.519501
0.516229
0.520081
0.522514
0.555975
0.51903
0.556842
0.51946
0.515864
0.553553
0.519875
0.551146
0.517046
0.515723
0.517923
0.531593
0.516517
0.552546
0.524624
0.514741
0.518551
0.519845
0.512945
0.552232
0.519917
0.51905
0.517143
0.540959
0.567354
0.522082
0.516878
0.519943
0.524633
0.521138
0.564853
0.523548
0.513941
0.512855
0.518682
0.514452
0.51523
0.521503
0.526687
0.514649
0.517961
0.515131
0.519095
0.521702
0.520443
0.521473
0.52128
0.5203
0.550075
0.520117
0.515173
0.518325
0.518094
0.520124
0.51575
0.552493
0.519976
0.513936
0.518219
0.518828
0.519107
0.516044
0.520763
0.515613
0.555623
0.516177
0.520168
0.520694
0.509998
0.51849
0.516695
0.518984
0.524708
0.516798
0.521182
0.520248
0.51643
0.519914
0.516779
0.516692
0.539943
0.516597
0.517487
0.515206
