0.530977
0.515697
0.516114
0.516807
0.521575
0.536267
0.535227
0.531921
0.513252
0.513708
0.514732
0.513609
0.519778
0.520331
0.521058
0.514711
0.531887
0.515849
0.581086
0.577547
0.587913
0.518031
0.521891
0.520546
0.523796
0.523272
0.521026
0.522351
0.545209
0.542395
0.518429
0.522631
0.534671
0.541111
0.516778
0.54352
0.524507
0.512476
0.520738
0.518749
0.518043
0.518341
0.518179
0.528785
0.518568
0.518557
0.582533
0.564844
0.518257
0.513513
0.513292
0.515937
0.514802
0.517138
0.522515
0.521442
0.519164
0.519679
0.52191
0.516791
0.521757
0.517911
0.522566
0.519205
0.520198
0.52015
0.520406
0.521343
0.528364
0.537898
0.541438
0.56305
0.545311
0.523131
0.57144
0.54921
0.545026
0.54444
0.561191
0.538021
0.545523
0.559068
0.558939
0.548786
0.526339
0.520391
0.533661
0.522614
0.523466
0.547176
0.546064
0.514744
0.515164
0.517919
0.522987
0.516513
0.519369
0.520337
0.522852
0.521116
0.52477
0.523898
0.524887
0.518187
0.521445
0.519863
0.540214
0.529136
0.522363
0.526398
0.51717
0.517979
0.518708
0.515568
0.517788
0.526485
0.524452
0.554294
0.567685
0.569391
0.514799
0.516485
0.518548
0.549879
0.543412
0.540155
0.522371
0.568343
0.518659
0.52326
0.522578
0.522472
0.517688
0.519298
0.52152
0.52082
0.520556
0.561362
0.515579
0.514189
0.513733
0.518212
0.548517
0.564489
0.520775
0.520212
0.520482
0.52253
0.51834
0.518985
0.550199
0.523665
0.522546
0.521161
0.550054
0.520698
0.515657
0.514777
0.51298
0.513497
0.519589
0.520013
0.519248
0.518106
0.518054
0.582713
0.5144
0.514457
0.517641
0.514551
0.51941
0.522932
0.517964
0.516568
0.520037
0.517187
0.515074
0.538936
0.531058
0.536686
0.523443
0.511849
0.533999
0.535904
0.519106
0.516346
0.515121
0.513676
0.528077
0.507035
0.510532
0.546061
0.549806
0.521817
0.518859
0.517168
0.526595
0.554063
0.550586
0.532491
0.530496
0.521346
0.543005
0.542785
0.52299
0.520077
0.521176
0.518819
0.521037
0.518599
0.517031
0.517866
0.521582
0.523315
0.521947
0.517852
0.517974
0.515386
0.522856
0.523724
0.516375
0.51588
0.51568
0.517005
0.520778
0.515646
0.582509
0.573501
0.577905
0.586412
0.523297
0.524178
0.52219
0.519171
0.518795
0.51537
0.5166
0.515586
0.516187
0.525326
0.516904
0.51774
0.515817
0.520291
0.521034
0.52006
0.520823
0.517611
0.517348
0.518502
0.521457
0.52268
0.562672
0.575055
0.521283
0.518158
0.517814
0.518167
0.519089
0.559935
0.521817
0.51907
0.518849
0.513339
0.517845
0.520394
0.520639
0.515323
0.516727
0.517036
0.5201
0.523305
0.522207
0.513784
0.514801
0.514614
0.51916
0.520735
0.518559
0.518079
0.522161
0.521747
0.521335
0.520079
0.519814
0.524061
0.512063
0.526139
0.520618
0.527693
0.512627
0.513539
0.525082
0.52107
0.520881
0.516767
0.514479
0.515882
0.52143
0.509928
0.520193
0.521575
0.512905
0.513339
0.51355
0.515872
0.5159
0.52386
0.523236
0.518301
0.518548
0.518057
0.52523
0.518304
0.518426
0.518554
0.521447
0.522639
0.520184
0.520694
0.514887
0.515474
0.515602
0.516853
0.521567
0.51833
0.518977
0.523921
0.515729
0.52641
0.530272
0.525073
0.561799
0.52131
0.517897
0.52099
0.513139
0.514877
0.513744
0.514961
0.515644
0.515604
0.520079
0.555713
0.548547
0.549956
0.516785
0.517754
0.513631
0.546665
0.522593
0.512341
0.51727
0.519481
0.52094
0.51552
0.516605
0.516032
0.516653
0.516495
0.520788
0.51985
0.516993
0.519869
0.515312
0.516535
0.518735
0.518021
0.519359
0.527387
0.513532
0.516108
0.516485
0.516614
0.515373
0.515413
0.51362
0.521989
0.527601
0.523899
0.52215
0.523354
0.569663
0.555089
0.573184
0.522227
0.523331
0.515301
0.516763
0.520612
0.576093
0.564211
0.522024
0.530011
0.507902
0.518994
0.520134
0.518283
0.51898
0.521888
0.516004
0.516344
0.519213
0.591036
0.520345
0.513617
0.514311
0.525358
0.608978
0.587941
0.513383
0.519083
0.520456
0.515938
0.513192
0.507683
0.509982
0.52309
0.558873
0.53079
0.519717
0.518546
0.515175
0.515806
0.541785
0.543599
0.521883
0.539602
0.54516
0.535333
0.516394
0.522137
0.520744
0.520655
0.517424
0.521398
0.523575
0.52199
0.522174
0.516307
0.517771
0.520871
0.520865
0.519568
0.508419
0.510091
0.516605
0.515879
0.513796
0.514269
0.524644
0.520414
0.521044
0.559957
0.55848
0.558478
0.521981
0.552541
0.519857
0.516383
0.513907
0.513525
0.519592
0.525128
0.525047
0.521117
0.522792
0.514853
0.515471
0.520774
0.520346
0.516302
0.554968
0.532593
0.516229
0.522069
0.515158
0.521867
0.57974
0.523044
0.521653
0.524916
0.525457
0.527719
0.533228
0.525513
0.521149
0.522289
0.521491
0.520109
0.532669
0.51546
0.517986
0.550968
0.544347
0.514608
0.516105
0.515977
0.520646
0.576784
0.517644
0.528446
0.531792
0.586348
0.517767
0.517891
0.521184
0.512876
0.512964
0.511982
0.557966
0.516346
0.523708
0.52278
0.523171
0.511183
0.513223
0.542935
0.542907
0.515819
0.516518
0.542215
0.520522
0.517788
0.52031
0.517956
0.560156
0.551217
0.521417
0.523001
0.513492
0.513984
0.541485
0.532317
0.51378
0.587939
0.520398
0.516443
0.517383
0.519039
0.546274
0.585517
0.517784
0.52438
0.519785
0.515916
0.522419
0.560858
0.521968
0.523237
0.578864
0.523501
0.521334
0.521573
0.570391
0.527513
0.54718
0.513706
0.516994
0.517518
0.578174
0.579776
0.581057
0.553235
0.55022
0.517451
0.518524
0.513927
0.514034
0.515592
0.520607
0.519818
0.564131
0.516192
0.517357
0.517505
0.519177
0.521285
0.520576
0.522034
0.552809
0.552072
0.519845
0.51233
0.514119
0.513462
0.518498
0.517359
0.532315
0.531766
0.532691
0.527047
0.520471
0.522548
0.521067
0.524747
0.51334
0.524018
0.522576
0.52116
0.516294
0.515145
0.519978
0.535871
0.52956
0.521173
0.518177
0.540662
0.519265
0.524055
0.508358
0.515584
0.516778
0.51588
0.557208
0.525118
0.522432
0.521066
0.512482
0.513923
0.558725
0.544995
0.562969
0.519894
0.524962
0.51416
0.519617
0.524108
0.526761
0.520544
0.521481
0.521031
0.518915
0.522718
0.521596
0.533278
0.564901
0.548869
0.520432
0.519632
0.520265
0.522808
0.516734
0.516441
0.516863
0.520975
0.519263
0.52382
0.522465
0.51993
0.538301
0.540653
0.520436
0.508549
0.509901
0.531882
0.535985
0.533169
0.561381
0.518866
0.555697
0.563496
0.528973
0.516903
0.512767
0.523842
0.526301
0.520734
0.51807
0.516189
0.519575
0.51658
0.550369
0.519745
0.52008
0.519615
0.512541
0.512352
0.518356
0.515888
0.515416
0.530775
0.521712
0.54518
0.550628
0.525606
0.520682
0.515202
0.518429
0.51796
0.536363
0.522918
0.512577
0.512654
0.525547
0.509614
0.510998
0.50827
0.559988
0.514386
0.522148
0.522316
0.526974
0.520683
0.522165
0.519891
0.542712
0.544588
0.55069
0.527122
0.511301
0.511719
0.520167
0.524321
0.521889
0.521376
0.56801
0.578503
0.559247
0.511946
0.519282
0.516284
0.515909
0.560386
0.559474
0.519815
0.516349
0.521122
0.517035
0.5197
0.519817
0.524266
0.522883
0.512998
0.516563
0.517363
0.518919
0.523616
0.516067
0.513359
0.522862
0.553394
0.516843
0.519232
0.51702
0.513538
0.514777
0.513905
0.518267
0.512478
0.512383
0.517671
0.555156
0.523399
0.589992
0.590775
0.515104
0.521949
0.518455
0.519491
0.507703
0.511869
0.51892
0.516561
0.531991
0.521228
0.523071
0.514578
0.511129
0.511498
0.518617
0.516228
0.565233
0.558769
0.511908
0.583739
0.512791
0.517112
0.519423
0.519847
0.521585
0.517694
0.518702
0.521975
0.523443
0.576999
0.516852
0.516262
0.515693
0.518924
0.515718
0.513045
0.523393
0.516881
0.517728
0.516356
0.52151
0.525263
0.523991
0.521555
0.516896
0.524888
0.511408
0.511682
0.512336
0.543671
0.518966
0.520972
0.513647
0.512669
0.514522
0.522454
0.516555
0.516078
0.519143
0.518796
0.517048
0.518244
0.57994
0.520252
0.540805
0.558807
0.520739
0.517112
0.514568
0.52236
0.512814
0.512743
0.544839
0.546672
0.552012
0.588596
0.525079
0.520907
0.520003
0.519295
0.519954
0.519976
0.51973
0.535565
0.517544
0.515013
0.514322
0.529646
0.521373
0.520607
0.518705
0.517628
0.516957
0.534665
0.519094
0.513129
0.556638
0.521453
0.564456
0.549538
0.552002
0.519579
0.521283
0.521888
0.520789
0.534075
0.515363
0.521953
0.521985
0.518536
0.52299
0.521165
0.519669
0.521967
0.518865
0.515554
0.528288
0.513521
0.512286
0.529822
0.524279
0.514303
0.513718
0.518602
0.525055
0.53269
0.512684
0.514359
0.521845
0.547631
0.588553
0.515128
0.513908
0.548174
0.540842
0.522134
0.51828
0.513331
0.521517
0.518671
0.521994
0.543506
0.516275
0.519124
0.56808
0.540151
0.521086
0.514882
0.515197
0.520962
0.521009
0.524577
0.520437
0.518562
0.521413
0.52298
0.518385
0.519543
0.523602
0.612665
0.524676
0.514952
0.518483
0.519268
0.516225
0.519977
0.521558
0.528272
0.516595
0.512958
0.511844
0.531884
0.523442
0.518972
0.520971
0.5358
0.514929
0.527528
0.522962
0.520447
0.521634
0.570308
0.516202
0.521635
0.516602
0.52035
0.579798
0.553038
0.515912
0.515773
0.519317
0.52005
0.523136
0.512846
0.523009
0.515255
0.517931
0.51759
0.523504
0.535456
0.508169
0.509919
0.515465
0.526414
0.516595
0.57658
0.570831
0.515438
0.519589
0.561243
0.516591
0.517094
0.516884
0.514956
0.541077
0.517283
0.519504
0.514247
0.519427
0.513758
0.520961
0.521022
0.54786
0.540038
0.510816
0.523171
0.521804
0.523801
0.520616
0.520457
0.521589
0.530519
0.525174
0.516764
0.51989
0.517388
0.515389
0.51521
0.519753
0.523499
0.558157
0.531565
0.522366
0.578375
0.522563
0.518022
0.515827
0.52098
0.521683
0.516352
0.521528
0.510463
0.530366
0.509584
0.522064
0.523174
0.537691
0.556487
0.566252
0.520887
0.525836
0.514044
0.516037
0.5247
0.545326
0.510567
0.532639
0.535922
0.520006
0.512286
0.519241
0.522222
0.525797
0.595142
0.59842
0.519805
0.517029
0.525461
0.51832
0.548453
0.54738
0.548583
0.555573
0.532658
0.523739
0.522302
0.522504
0.551655
0.566398
0.563624
0.58621
0.512832
0.52221
0.520449
0.515998
0.523817
0.520625
0.519688
0.545954
0.519105
0.520585
0.519138
0.524936
0.524262
0.525234
0.517773
0.513969
0.516805
0.516267
0.523405
0.519583
0.516695
0.530429
0.535517
0.52259
0.516254
0.508772
0.563126
0.517912
0.516581
0.541166
0.520792
0.517571
0.519042
0.524246
0.541116
0.52101
0.51553
0.51825
0.522462
0.518366
0.522725
0.518928
0.561705
0.521795
0.522828
0.519853
0.521935
0.519
0.520862
0.52786
0.52269
0.518926
0.520228
0.516659
0.518934
0.519007
0.536386
0.527431
0.517255
0.529008
0.528458
0.589019
0.58804
0.516196
0.516527
0.518942
0.57007
0.517441
0.546796
0.527461
0.531965
0.519205
0.535257
0.530935
0.513437
0.524409
0.520055
0.524524
0.523753
0.523353
0.518294
0.525544
0.551003
0.51534
0.518137
0.510205
0.523229
0.521455
0.515822
0.572233
0.572406
0.51331
0.514115
0.515483
0.523831
0.522771
0.525253
0.521655
0.513835
0.51817
0.518875
0.532427
0.519991
0.514517
0.510971
0.576803
0.517134
0.544364
0.586958
0.521307
0.516278
0.521379
0.518093
0.524166
0.518144
0.540541
0.585462
0.515539
0.512236
0.519959
0.518916
0.520452
0.517271
0.514316
0.513302
0.52129
0.519653
0.526537
0.522315
0.51467
0.544675
0.514506
0.518246
0.532581
0.52638
0.519224
0.523043
0.588311
0.525607
0.523684
0.524833
0.516114
0.52436
0.523971
0.515871
0.531726
0.513131
0.561848
0.57008
0.522528
0.52147
0.522846
0.524928
0.525577
0.51707
0.53036
0.516138
0.523935
0.512196
0.521071
0.514049
0.515243
0.522463
0.56417
0.569614
0.555104
0.521859
0.524295
0.52014
0.534348
0.520934
0.515983
0.524147
0.524517
0.514363
0.514791
0.520856
0.537237
0.5213
0.533179
0.523613
0.521675
0.519906
0.519418
0.521218
0.592366
0.522393
0.517704
0.507991
0.520386
0.543064
0.561519
0.551983
0.529765
0.521061
0.516778
0.517299
0.521275
0.567982
0.524017
0.517428
0.521404
0.548412
0.521102
0.520121
0.516605
0.558636
0.511974
0.515848
0.520321
0.52735
0.520745
0.575302
0.521342
0.518395
0.561868
0.518788
0.520836
0.548907
0.538748
0.51629
0.53573
0.566519
0.538191
0.51627
0.515769
0.511941
0.528602
0.528096
0.516674
0.522251
0.52256
0.521538
0.517835
0.51784
0.518538
0.519691
0.511592
0.519559
0.518296
0.520299
0.521892
0.53956
0.516634
0.5154
0.533163
0.515348
0.520046
0.515017
0.515558
0.515969
0.524035
0.52321
0.518456
0.51776
0.553971
0.556795
0.550633
0.517265
0.515901
0.517727
0.516732
0.522761
0.518573
0.520839
0.516115
0.517612
0.52256
0.530979
0.514659
0.520156
0.516125
0.517799
0.518923
0.534371
0.525846
0.516536
0.516285
0.51715
0.519015
0.521638
0.512159
0.546674
0.518558
0.514538
0.516448
0.509416
0.57155
0.556393
0.521139
0.522885
0.514788
0.515912
0.519562
0.519304
0.550256
0.568783
0.554928
0.519349
0.520184
0.510858
0.513871
0.52202
0.521474
0.511012
0.511047
0.520687
0.51097
0.520036
0.554706
0.518351
0.513591
0.519426
0.515571
0.518577
0.516396
0.515939
0.518379
0.536879
0.513014
0.516487
0.586291
0.522307
0.514553
0.517691
0.554754
0.520228
0.519973
0.520429
0.531541
0.515749
0.515643
0.56187
0.524567
0.519676
0.511559
0.517981
0.520047
0.520468
0.51661
0.521871
0.517556
0.520215
0.516567
0.521398
0.513811
0.516455
0.517034
0.521713
0.520107
0.51767
0.520846
0.520476
0.51726
0.544142
0.521412
0.516873
0.518568
0.518926
0.535761
0.528459
0.512308
0.520237
0.520651
0.574611
0.52112
0.515916
0.571315
0.526108
0.518732
0.51626
0.516908
0.53911
0.526193
0.523347
0.556365
0.514054
0.523748
0.521911
0.543874
0.517268
0.52049
0.520149
0.520572
0.520546
0.5208
0.515957
0.516631
0.533311
0.520783
0.515616
0.520905
0.51897
0.515182
0.520293
0.522328
0.516576
0.516088
0.51907
0.517367
0.521458
0.52034
0.51715
0.518115
0.521054
0.5156
0.517788
0.511106
0.513409
0.51105
0.513922
0.524018
0.532527
0.514287
0.516852
0.516361
0.521277
0.520799
0.564352
0.511766
0.511463
0.517833
0.524623
0.520589
0.516171
0.511757
0.513643
0.519596
0.519407
0.517305
0.521719
0.516488
0.516074
0.515794
0.515621
0.517737
0.55804
0.519743
0.521888
0.512098
0.514781
0.521442
0.519619
0.518651
0.517781
0.518563
0.519661
0.517822
0.523493
0.51575
0.51586
0.519234
0.518491
0.513373
0.518535
0.510531
0.514683
0.516401
0.524663
0.51021
0.517177
0.517494
0.51325
0.520276
0.532325
0.527499
0.51697
0.519106
0.515951
0.513561
0.529977
0.512439
0.515696
0.517597
0.518653
0.51784
0.522871
0.519222
0.514223
0.551041
0.521927
0.522448
0.514163
0.515667
0.517009
0.516712
0.516163
0.537184
0.513461
0.519725
0.533178
0.523129
0.521981
0.538479
0.518419
0.519236
0.523056
0.518804
0.540404
0.526603
0.564241
0.521466
0.52337
0.520643
0.519726
0.516793
0.528335
0.518311
0.549996
0.515687
0.520218
0.521793
0.516464
0.518921
0.566816
0.516915
0.514283
0.516916
0.519067
0.520293
0.545225
0.520149
0.517218
0.512312
0.516242
0.604784
0.515737
0.517847
0.518717
0.581399
0.51929
0.51581
0.517311
0.545228
0.553975
0.518112
0.521686
0.519726
0.517679
0.514183
0.522331
0.517215
0.517312
0.518632
0.522877
0.511049
0.520524
0.520839
0.524411
0.556358
0.517054
0.520874
0.519274
0.512947
0.516262
0.515738
0.519551
0.52671
0.51735
0.515711
0.530061
0.512359
0.516858
0.522902
0.535492
0.547464
0.515217
0.542181
0.516822
0.515762
0.520167
0.549035
0.521297
0.516201
0.522234
0.515237
0.516078
0.521518
0.518553
0.523371
0.519061
0.522223
0.520368
0.521402
0.524736
0.521518
0.535424
0.519658
0.517425
0.514497
0.519807
0.515341
0.519231
0.520368
0.519977
0.527131
0.51984
0.516889
0.520373
0.542311
0.518128
0.523935
0.521921
0.515719
0.516756
0.515651
0.519026
0.523302
0.515658
0.533102
0.53209
0.516435
0.541652
0.516217
0.522378
0.518821
0.520291
0.519475
0.518884
0.520656
0.562521
0.579747
0.541676
0.522225
0.51677
0.559852
0.517901
0.518988
0.517026
0.520629
0.52417
0.519067
0.512923
0.523098
0.521514
0.556035
0.520841
0.524024
0.515784
0.5201
0.521074
0.518104
0.518842
0.518636
0.519755
0.52358
0.516521
0.513664
0.52248
0.517387
0.524229
0.51892
0.520553
0.521213
0.510116
0.519786
0.51793
0.516594
0.515775
0.521762
0.539516
0.522441
0.520944
0.517858
0.515723
0.520236
0.520183
0.515157
0.516157
0.519575
0.524373
0.547154
0.521164
0.533118
0.52259
0.514257
0.518479
0.530131
0.521183
0.532306
0.519056
0.519389
0.519855
0.518783
0.518966
0.517083
0.51806
0.514484
0.517895
0.529311
0.521315
0.516695
0.520404
0.526562
0.511793
0.518627
0.512556
0.537476
0.517767
0.519299
0.521081
0.537597
