0.512242
0.513449
0.513354
0.523381
0.520294
0.514741
0.518702
0.514773
0.512828
0.514877
0.511533
0.549921
0.540028
0.524134
0.540938
0.54181
0.537582
0.542911
0.524821
0.530984
0.518667
0.516533
0.524887
0.523552
0.525458
0.517628
0.513008
0.526679
0.529139
0.537178
0.521349
0.521669
0.522148
0.521166
0.516541
0.523827
0.518924
0.520054
0.524052
0.518439
0.521654
0.521911
0.517041
0.522107
0.515147
0.540351
0.546547
0.540853
0.552236
0.551324
0.519301
0.515197
0.513561
0.515609
0.521747
0.520099
0.516307
0.516377
0.529413
0.52948
0.526761
0.517347
0.512004
0.514408
0.511694
0.525878
0.523315
0.524742
0.534691
0.530789
0.51366
0.515043
0.520496
0.52137
0.518301
0.522708
0.517361
0.519028
0.518301
0.523442
0.517695
0.518694
0.523978
0.522971
0.524769
0.514294
0.513054
0.512991
0.552806
0.549729
0.567258
0.552498
0.523851
0.527118
0.522236
0.533563
0.539451
0.540102
0.520293
0.514571
0.517728
0.513092
0.51916
0.517327
0.521515
0.542658
0.535767
0.52964
0.53464
0.531794
0.534519
0.526543
0.528525
0.595971
0.52341
0.522515
0.515878
0.515016
0.519035
0.515278
0.510167
0.565661
0.565804
0.521101
0.516959
0.582642
0.515266
0.518538
0.514959
0.521652
0.579567
0.521021
0.520216
0.51977
0.521071
0.520745
0.518554
0.531088
0.547339
0.540823
0.514789
0.518462
0.518065
0.526988
0.524051
0.518267
0.519269
0.517832
0.518237
0.545513
0.522649
0.521412
0.548388
0.549407
0.595671
0.594751
0.562896
0.516581
0.515059
0.516386
0.515542
0.521446
0.521223
0.524199
0.518451
0.520863
0.520734
0.52091
0.529715
0.551269
0.522717
0.522742
0.52073
0.524828
0.51346
0.515845
0.598581
0.520094
0.518519
0.523827
0.517324
0.52119
0.518304
0.517526
0.516855
0.558125
0.56634
0.575861
0.526713
0.541304
0.515376
0.53143
0.513085
0.522718
0.522882
0.522625
0.515446
0.515257
0.515071
0.532642
0.529578
0.51771
0.524027
0.52333
0.524033
0.553048
0.559671
0.554887
0.523487
0.522655
0.509232
0.519444
0.517488
0.518507
0.516495
0.519886
0.516301
0.518844
0.520791
0.534158
0.524642
0.522922
0.521019
0.522076
0.518872
0.519101
0.519339
0.570738
0.530886
0.526947
0.524393
0.517222
0.516459
0.516644
0.51533
0.535905
0.535623
0.516363
0.517166
0.515404
0.515004
0.514476
0.580172
0.574506
0.516114
0.51818
0.515599
0.51444
0.51741
0.518031
0.517954
0.524196
0.52226
0.516556
0.517857
0.517221
0.52073
0.52079
0.521057
0.520303
0.521882
0.523406
0.518024
0.517771
0.516577
0.520155
0.521357
0.565534
0.52214
0.51533
0.519683
0.517867
0.519032
0.517972
0.520586
0.517768
0.523565
0.518958
0.519944
0.51736
0.517058
0.520949
0.522408
0.513986
0.514724
0.52479
0.52273
0.52167
0.52301
0.517249
0.518825
0.516908
0.516793
0.520337
0.515395
0.520199
0.520017
0.518646
0.518602
0.555393
0.523886
0.520805
0.528598
0.516284
0.516827
0.524093
0.521919
0.52288
0.521048
0.51546
0.516402
0.562236
0.554515
0.521054
0.519484
0.521859
0.534385
0.513529
0.511943
0.51272
0.514737
0.514483
0.519091
0.508442
0.531532
0.520213
0.520415
0.516705
0.517398
0.516622
0.513843
0.518255
0.56994
0.562641
0.513398
0.512223
0.512934
0.518569
0.516369
0.548302
0.544709
0.518955
0.518827
0.518006
0.515566
0.516022
0.519558
0.550751
0.522563
0.523634
0.523714
0.523384
0.522939
0.520872
0.520133
0.520499
0.516691
0.517475
0.520729
0.517369
0.519745
0.524053
0.517324
0.518784
0.519304
0.518593
0.520978
0.55001
0.545784
0.521167
0.521537
0.514093
0.556192
0.521371
0.522613
0.548034
0.550233
0.514646
0.516886
0.54137
0.530114
0.515361
0.515784
0.516841
0.527582
0.520896
0.52059
0.51948
0.517548
0.516717
0.518332
0.518079
0.525706
0.528865
0.522967
0.515314
0.51603
0.515396
0.51719
0.518789
0.53697
0.536753
0.519334
0.513055
0.522454
0.52005
0.515047
0.52771
0.522995
0.522676
0.541094
0.534589
0.53691
0.5437
0.521258
0.522828
0.517601
0.522208
0.514642
0.514461
0.516179
0.519987
0.518933
0.520327
0.520398
0.521274
0.519991
0.534514
0.523357
0.52446
0.523468
0.51825
0.518273
0.519271
0.519216
0.519072
0.567624
0.586367
0.606478
0.519082
0.514101
0.514305
0.518102
0.520172
0.521149
0.521801
0.520464
0.564105
0.557353
0.519531
0.521043
0.51441
0.512001
0.511454
0.513035
0.523735
0.516503
0.559652
0.551489
0.523934
0.514484
0.518461
0.521046
0.523309
0.519212
0.515578
0.51831
0.520907
0.519388
0.518765
0.515113
0.514314
0.514641
0.517328
0.543836
0.539098
0.516634
0.516175
0.523989
0.516196
0.521433
0.515558
0.516626
0.57122
0.508779
0.510996
0.515863
0.51616
0.512645
0.511588
0.525015
0.51847
0.51865
0.519021
0.518722
0.552523
0.521317
0.523066
0.524369
0.517831
0.51546
0.52268
0.522164
0.527711
0.519479
0.51938
0.513418
0.514201
0.521099
0.521537
0.517648
0.52658
0.527885
0.519865
0.521989
0.526557
0.51942
0.521307
0.520295
0.520275
0.608681
0.617384
0.519128
0.520686
0.521558
0.521393
0.595537
0.524316
0.53691
0.517142
0.520071
0.521965
0.535499
0.529656
0.513902
0.513806
0.517081
0.514387
0.518725
0.518965
0.510113
0.519633
0.510627
0.515517
0.514809
0.515273
0.591444
0.516678
0.52382
0.520867
0.534794
0.540871
0.520774
0.513002
0.513755
0.512289
0.513658
0.514307
0.514153
0.513208
0.537365
0.540903
0.51617
0.521609
0.532674
0.51555
0.516688
0.530139
0.523488
0.519885
0.518975
0.516437
0.52321
0.522532
0.524927
0.516206
0.517027
0.539904
0.534384
0.512678
0.52296
0.519218
0.598445
0.609665
0.523668
0.524332
0.520708
0.524458
0.518551
0.552874
0.513785
0.519141
0.519383
0.520331
0.520895
0.544301
0.574177
0.518063
0.519075
0.518981
0.517623
0.536676
0.519117
0.523512
0.522573
0.562677
0.521345
0.521355
0.520994
0.520919
0.52062
0.521513
0.531642
0.516392
0.515909
0.516514
0.571479
0.52014
0.518023
0.512888
0.511176
0.511439
0.518342
0.518151
0.516085
0.513977
0.507291
0.510637
0.521994
0.521782
0.521908
0.514299
0.566721
0.557371
0.533288
0.523547
0.521953
0.517829
0.517435
0.51864
0.518542
0.519347
0.53379
0.533481
0.53285
0.514074
0.513435
0.524181
0.522743
0.526338
0.52431
0.517333
0.520188
0.524795
0.517908
0.520218
0.553112
0.523366
0.521648
0.527059
0.527888
0.514803
0.520035
0.519617
0.524056
0.527939
0.513201
0.591594
0.566425
0.579507
0.520739
0.52093
0.566234
0.52075
0.520314
0.521876
0.55914
0.525274
0.532183
0.536148
0.520512
0.588129
0.525287
0.525213
0.516292
0.517749
0.51952
0.520596
0.518697
0.518776
0.518252
0.52017
0.545675
0.54471
0.514644
0.525812
0.516669
0.52067
0.520815
0.517868
0.520055
0.521883
0.523293
0.521389
0.52268
0.534558
0.520928
0.521726
0.521856
0.517114
0.519314
0.547529
0.547324
0.509536
0.508991
0.51101
0.526774
0.530571
0.520426
0.520852
0.513889
0.51667
0.518628
0.515224
0.520825
0.519779
0.517081
0.525725
0.523065
0.523366
0.512668
0.555439
0.513066
0.549307
0.512518
0.560094
0.511573
0.518467
0.518195
0.514053
0.521342
0.521344
0.510107
0.509864
0.518097
0.547186
0.51481
0.50975
0.516495
0.518741
0.515045
0.515316
0.518238
0.520739
0.514796
0.511072
0.556721
0.56108
0.519851
0.52022
0.516085
0.521981
0.518288
0.516534
0.519174
0.516197
0.515894
0.521441
0.51973
0.558421
0.54668
0.523067
0.53201
0.519955
0.518636
0.530078
0.519498
0.514598
0.514718
0.513626
0.517776
0.523406
0.523625
0.557563
0.518224
0.515844
0.516414
0.520504
0.524093
0.515491
0.518007
0.51871
0.51369
0.517859
0.579547
0.519438
0.517694
0.509432
0.519257
0.518962
0.514967
0.544373
0.552713
0.515729
0.540319
0.514902
0.51391
0.516899
0.518383
0.517597
0.522055
0.522325
0.515042
0.523873
0.521383
0.514889
0.517492
0.516467
0.520944
0.51027
0.509934
0.52183
0.525494
0.517261
0.52975
0.5115
0.513875
0.591331
0.512007
0.515257
0.520308
0.521293
0.522918
0.520136
0.519809
0.521961
0.52107
0.534263
0.515756
0.518154
0.517425
0.546103
0.546981
0.546236
0.51988
0.52228
0.517062
0.51763
0.523953
0.520898
0.522647
0.522627
0.522852
0.516541
0.516887
0.514202
0.538887
0.51171
0.512331
0.545529
0.521822
0.516123
0.518197
0.517141
0.518452
0.515876
0.515338
0.520328
0.516842
0.564143
0.554549
0.566141
0.556087
0.557836
0.51955
0.520389
0.513951
0.516378
0.516225
0.516508
0.523008
0.523221
0.512903
0.519364
0.568655
0.548448
0.562485
0.564854
0.565887
0.552808
0.523634
0.517039
0.520326
0.521168
0.519003
0.522667
0.516795
0.514951
0.515833
0.514319
0.516864
0.520802
0.536254
0.538093
0.520387
0.521793
0.565695
0.550132
0.541938
0.514234
0.537748
0.519313
0.51927
0.516079
0.520095
0.523093
0.515347
0.512777
0.512685
0.563804
0.522949
0.52075
0.520651
0.513318
0.519429
0.514176
0.52094
0.515401
0.51712
0.515875
0.521867
0.516532
0.530026
0.521693
0.517665
0.517657
0.525171
0.525048
0.522264
0.519625
0.513266
0.548732
0.544704
0.521176
0.514813
0.519724
0.521487
0.514706
0.523911
0.527391
0.517291
0.516143
0.515455
0.513673
0.519686
0.518759
0.558005
0.5602
0.518705
0.520151
0.519179
0.52334
0.513472
0.523241
0.512881
0.513436
0.514947
0.574122
0.519239
0.522794
0.522821
0.524702
0.525374
0.517018
0.517068
0.515729
0.520621
0.520746
0.52376
0.52135
0.528812
0.528471
0.593253
0.512932
0.514032
0.518342
0.523857
0.524792
0.5113
0.518053
0.516618
0.519429
0.510059
0.523321
0.522532
0.516816
0.523846
0.563036
0.531574
0.517971
0.518133
0.552112
0.568975
0.5226
0.524578
0.520497
0.520024
0.519635
0.551352
0.514363
0.517524
0.519802
0.513986
0.524772
0.521666
0.545659
0.54808
0.519021
0.517536
0.517139
0.518915
0.518871
0.506461
0.511177
0.521277
0.513909
0.51342
0.539934
0.53009
0.520401
0.51499
0.518046
0.542561
0.512115
0.524773
0.514662
0.522889
0.520701
0.553775
0.518849
0.522432
0.520356
0.520973
0.511554
0.516685
0.520514
0.521093
0.518812
0.515048
0.513741
0.514701
0.520904
0.523725
0.520744
0.524636
0.523493
0.524221
0.519716
0.522171
0.520192
0.566648
0.617898
0.517131
0.522087
0.520483
0.542132
0.532398
0.511196
0.523484
0.559259
0.538663
0.544832
0.516082
0.51648
0.522262
0.540374
0.519496
0.515652
0.518371
0.516378
0.517652
0.525037
0.516279
0.525261
0.523671
0.51575
0.533833
0.546855
0.533911
0.519832
0.52742
0.511488
0.51205
0.518226
0.523508
0.52422
0.518169
0.520021
0.542159
0.516685
0.516208
0.515963
0.516743
0.513208
0.525377
0.567359
0.555836
0.514143
0.569231
0.519246
0.523816
0.579
0.521808
0.522044
0.516683
0.520929
0.520971
0.519237
0.52063
0.539863
0.516125
0.51391
0.515498
0.51415
0.516572
0.514604
0.518984
0.515943
0.520284
0.522023
0.532702
0.517695
0.54202
0.518217
0.5484
0.525198
0.521027
0.554321
0.52481
0.558128
0.516952
0.515003
0.518489
0.520745
0.51722
0.518549
0.522306
0.518696
0.514081
0.553111
0.515505
0.522878
0.51622
0.516779
0.515713
0.519981
0.56492
0.52161
0.521589
0.515916
0.517663
0.513788
0.53501
0.529896
0.524473
0.524198
0.520746
0.519623
0.519206
0.537375
0.517199
0.521161
0.520705
0.517067
0.52296
0.52039
0.521358
0.522575
0.521366
0.522223
0.517008
0.515209
0.549793
0.519108
0.565555
0.517103
0.52026
0.519939
0.599122
0.520147
0.517528
0.518457
0.52211
0.514027
0.51821
0.517571
0.518271
0.528878
0.518535
0.520648
0.53224
0.515748
0.524415
0.518207
0.523273
0.524361
0.51773
0.521982
0.519538
0.515792
0.544925
0.518576
0.519828
0.519699
0.514203
0.516239
0.52209
0.512974
0.517707
0.519225
0.533274
0.517973
0.517187
0.514487
0.516234
0.526097
0.557453
0.548126
0.540992
0.509354
0.521571
0.515935
0.524194
0.522697
0.512431
0.521587
0.529817
0.516705
0.514766
0.519976
0.512568
0.516322
0.522534
0.524365
0.512178
0.514706
0.524994
0.568894
0.548655
0.516377
0.516234
0.515613
0.548625
0.514132
0.510482
0.571958
0.516745
0.525368
0.52059
0.513844
0.514376
0.519327
0.521286
0.522899
0.542318
0.516408
0.517146
0.513138
0.513103
0.520021
0.574071
0.51443
0.511559
0.521535
0.531148
0.556787
0.515672
0.522103
0.523763
0.520823
0.521357
0.522697
0.564491
0.524447
0.552358
0.536149
0.510854
0.516996
0.521343
0.518616
0.526245
0.588065
0.548599
0.523801
0.524318
0.518164
0.518697
0.515649
0.51584
0.50742
0.508208
0.524634
0.513554
0.540806
0.516701
0.51946
0.552009
0.550383
0.518767
0.526173
0.521176
0.5142
0.514332
0.546003
0.55561
0.521334
0.522605
0.522051
0.522573
0.520089
0.52368
0.519669
0.520834
0.529542
0.517254
0.516956
0.521099
0.518551
0.555707
0.542287
0.516628
0.518519
0.517092
0.516522
0.580613
0.579966
0.518086
0.515069
0.517705
0.518853
0.525628
0.537116
0.552144
0.549637
0.543341
0.519403
0.519645
0.519167
0.513454
0.514483
0.515844
0.525985
0.519257
0.544624
0.523185
0.519723
0.514375
0.547006
0.516639
0.534294
0.514663
0.518742
0.51757
0.526016
0.513834
0.531765
0.515692
0.5162
0.518616
0.551184
0.514004
0.514585
0.522735
0.519606
0.534569
0.513179
0.512718
0.51315
0.512956
0.529474
0.509083
0.52102
0.519716
0.518481
0.52015
0.518831
0.520651
0.513819
0.518036
0.549858
0.520109
0.512691
0.511864
0.512704
0.518257
0.51928
0.520815
0.520549
0.521552
0.540402
0.519478
0.516768
0.520515
0.516373
0.516049
0.518868
0.516281
0.543159
0.513914
0.514053
0.513795
0.516977
0.518439
0.515685
0.519238
0.519697
0.519053
0.514253
0.514461
0.513224
0.535282
0.535989
0.514935
0.518308
0.578451
0.531277
0.51232
0.561271
0.515561
0.516343
0.512543
0.536639
0.540105
0.544953
0.527848
0.519866
0.518964
0.523371
0.531976
0.512385
0.518986
0.532336
0.518475
0.525667
0.548922
0.521118
0.527147
0.518676
0.540669
0.524359
0.562709
0.570403
0.516759
0.517064
0.5116
0.511371
0.516662
0.559783
0.522622
0.517401
0.517118
0.514205
0.516513
0.515765
0.516184
0.532159
0.516981
0.517452
0.514286
0.520776
0.516344
0.514474
0.58872
0.511594
0.521172
0.518378
0.513908
0.517329
0.511865
0.518312
0.517805
0.520782
0.525106
0.514782
0.520154
0.51278
0.5177
0.521521
0.529302
0.51966
0.513162
0.513402
0.519413
0.515288
0.522623
0.517042
0.520934
0.576517
0.559593
0.518765
0.520834
0.519295
0.528482
0.561241
0.521727
0.521054
0.536283
0.517087
0.520086
0.515667
0.5169
0.51813
0.533895
0.531667
0.539241
0.51197
0.512497
0.518921
0.519074
0.517741
0.518376
0.541897
0.510456
0.517167
0.517832
0.51614
0.517703
0.518056
0.527375
0.515459
0.521641
0.520794
0.517314
0.520377
0.512529
0.520232
0.522865
0.51727
0.533691
0.520658
0.545888
0.518056
0.520091
0.514746
0.525567
0.518025
0.51751
0.53188
0.522667
0.519963
0.518389
0.51873
0.520628
0.553686
0.522007
0.541335
0.516083
0.516377
0.516989
0.529815
0.518396
0.517066
0.518223
0.511985
0.552841
0.516195
0.545147
0.519088
0.515169
0.53005
0.536684
0.518376
0.522732
0.514352
0.516223
0.521544
0.522095
0.522642
0.551845
0.516339
0.515727
0.516147
0.526687
0.598691
0.516518
0.51497
0.516981
0.51463
0.520461
0.517286
0.526346
0.518697
0.558369
0.520288
0.540127
0.521455
0.520123
0.517922
0.550769
0.55396
0.529628
0.511781
0.545834
0.521231
0.518345
0.55473
0.518505
0.545771
0.515264
0.515096
0.520065
0.519726
0.515449
0.522255
0.519689
0.518824
0.51962
0.519369
0.520666
0.545516
0.535584
0.524745
0.515366
0.521102
0.549976
0.51681
0.568261
0.523287
0.521692
0.518914
0.538105
0.514697
0.515271
0.520582
0.552122
0.539177
0.521922
0.538717
0.522935
0.513686
0.527785
0.541689
0.539976
0.571583
0.550589
0.517533
0.548954
0.51675
0.535114
0.517053
0.516196
0.515615
0.517494
0.522949
0.509948
0.528005
0.520482
0.516292
0.516754
0.525462
0.516436
0.513231
0.541232
0.553377
0.517714
0.517382
0.516042
0.570977
0.517102
0.51012
0.568599
0.524366
0.527169
0.512776
0.556181
0.518902
0.514845
0.516446
0.52121
0.51522
0.516617
0.522479
0.518263
0.520801
0.521692
0.520708
0.517845
0.515734
0.51653
0.521125
0.523106
0.51966
0.51505
0.522166
0.517215
0.519347
0.524233
0.522194
0.521321
0.514968
0.520243
0.517314
0.518395
0.522179
0.586969
0.519974
0.52112
0.518153
0.514653
0.554559
0.518791
0.521814
0.518311
0.510037
0.520721
0.517693
0.523301
0.52343
0.519906
0.522188
0.515172
0.513356
0.51697
0.521239
0.543182
0.518214
0.517308
0.517118
0.520947
0.530988
0.518169
0.521208
0.514833
0.530759
0.547416
0.514161
0.522359
0.518919
0.52159
0.523059
0.518745
0.514388
0.514983
0.518629
0.515316
