0.515036
0.514391
0.516102
0.522357
0.52344
0.516332
0.516185
0.51878
0.525804
0.523529
0.520139
0.520425
0.522954
0.510631
0.51228
0.516764
0.54754
0.534648
0.526678
0.544265
0.539926
0.525187
0.5249
0.514879
0.531867
0.527725
0.520286
0.522708
0.510964
0.514408
0.517837
0.524406
0.523542
0.524209
0.533767
0.515618
0.528867
0.531743
0.537871
0.517232
0.522869
0.521008
0.519867
0.520524
0.521045
0.519901
0.520675
0.519604
0.51683
0.516399
0.518833
0.51702
0.52264
0.515391
0.513017
0.54313
0.546145
0.542422
0.553751
0.556199
0.517684
0.523386
0.523698
0.573232
0.55786
0.563825
0.557457
0.515744
0.516554
0.520204
0.52029
0.51623
0.516375
0.517468
0.54441
0.550277
0.53797
0.515076
0.513801
0.513736
0.520783
0.520583
0.521997
0.531822
0.546054
0.540902
0.519923
0.522785
0.516559
0.516627
0.520187
0.518584
0.519387
0.523286
0.517858
0.519148
0.517852
0.518506
0.517822
0.518391
0.517362
0.519078
0.524758
0.523881
0.519202
0.524322
0.520701
0.515767
0.514362
0.554244
0.524304
0.522037
0.523119
0.543048
0.548608
0.518205
0.5149
0.516332
0.51959
0.51653
0.517635
0.522496
0.523938
0.513159
0.515323
0.541193
0.540148
0.538296
0.536454
0.534425
0.512041
0.536388
0.530106
0.522562
0.522817
0.523479
0.522516
0.513741
0.516229
0.513067
0.512482
0.566163
0.588068
0.51759
0.590608
0.624741
0.519366
0.517953
0.522335
0.520279
0.520926
0.521644
0.519896
0.518836
0.523845
0.522439
0.522354
0.512926
0.518491
0.517868
0.527521
0.520114
0.519712
0.519099
0.518416
0.518377
0.511295
0.516816
0.51957
0.564702
0.553118
0.559039
0.522902
0.520244
0.549192
0.57629
0.568261
0.574708
0.570483
0.520756
0.519495
0.51765
0.522026
0.52358
0.52322
0.525999
0.53203
0.519013
0.518167
0.550388
0.517209
0.518627
0.519027
0.520224
0.519953
0.519144
0.517213
0.520244
0.520178
0.519188
0.518135
0.564613
0.529809
0.538078
0.537912
0.548987
0.516606
0.520348
0.523113
0.521999
0.515358
0.515359
0.51537
0.516281
0.53368
0.531684
0.519795
0.516957
0.51843
0.523469
0.5235
0.522012
0.520129
0.553576
0.558076
0.551104
0.520336
0.517648
0.519269
0.528035
0.516377
0.519155
0.522147
0.517437
0.51792
0.516709
0.531006
0.520221
0.523116
0.53882
0.524884
0.520328
0.520551
0.519476
0.519256
0.517194
0.520038
0.57874
0.534711
0.535993
0.522173
0.513575
0.514911
0.518105
0.520653
0.524084
0.520142
0.521681
0.513578
0.519521
0.518332
0.519816
0.519871
0.51984
0.522579
0.520992
0.515175
0.514435
0.517682
0.520628
0.519346
0.518483
0.517311
0.516244
0.519642
0.520729
0.559449
0.520372
0.519754
0.519192
0.520134
0.520459
0.521071
0.522754
0.516015
0.515568
0.515801
0.517283
0.522898
0.521419
0.524178
0.519597
0.519576
0.520989
0.520137
0.521467
0.521155
0.520443
0.520891
0.520973
0.520364
0.520756
0.517661
0.508399
0.511605
0.519239
0.515337
0.516522
0.520886
0.519949
0.520638
0.519505
0.523094
0.547468
0.51935
0.52449
0.521202
0.515777
0.514556
0.516283
0.536366
0.534588
0.520997
0.522257
0.513333
0.554092
0.557286
0.518992
0.520727
0.520335
0.521804
0.522576
0.532961
0.586432
0.515237
0.518025
0.514331
0.520715
0.516986
0.532634
0.515985
0.518194
0.518221
0.513218
0.562819
0.554253
0.560522
0.51639
0.558858
0.51804
0.517231
0.515018
0.513557
0.555776
0.546257
0.520161
0.521874
0.550534
0.520748
0.523544
0.52002
0.52368
0.523217
0.522606
0.516287
0.515884
0.519973
0.519203
0.524435
0.519579
0.523176
0.519073
0.520165
0.520661
0.520199
0.520724
0.519382
0.519087
0.521178
0.517549
0.519887
0.516154
0.519893
0.520106
0.520261
0.519733
0.515131
0.513245
0.516808
0.518431
0.553443
0.515577
0.517496
0.517701
0.524247
0.514338
0.581722
0.575549
0.520188
0.520785
0.520783
0.52073
0.525102
0.519223
0.519877
0.522591
0.527652
0.532879
0.521934
0.520474
0.520205
0.516694
0.516055
0.515918
0.518173
0.517033
0.516424
0.514264
0.527308
0.52193
0.51185
0.518144
0.520767
0.517983
0.51886
0.517376
0.517152
0.517532
0.510952
0.522049
0.525297
0.524872
0.522713
0.539675
0.526526
0.521942
0.523423
0.5188
0.517446
0.517231
0.519152
0.529515
0.521279
0.52097
0.521637
0.519888
0.520815
0.520064
0.53176
0.523771
0.52436
0.519182
0.52016
0.520285
0.518132
0.518319
0.518632
0.518682
0.517095
0.51754
0.516832
0.579484
0.538076
0.519843
0.524695
0.516676
0.518631
0.52128
0.519054
0.557157
0.519158
0.518917
0.518951
0.511196
0.513371
0.521758
0.55764
0.556436
0.524355
0.515938
0.518114
0.517443
0.534239
0.53295
0.521087
0.520827
0.51899
0.518522
0.516324
0.514776
0.516388
0.517599
0.522353
0.517394
0.518942
0.564103
0.515846
0.525297
0.524104
0.519584
0.518256
0.520474
0.522239
0.522937
0.524485
0.525427
0.524942
0.524793
0.522069
0.519111
0.523803
0.522018
0.526328
0.552776
0.550931
0.524002
0.521338
0.52006
0.518444
0.516189
0.516065
0.518312
0.519415
0.513583
0.512767
0.519658
0.51913
0.529743
0.532305
0.52232
0.522491
0.521028
0.518877
0.521969
0.522672
0.521494
0.579812
0.537624
0.521788
0.557644
0.514702
0.516844
0.544299
0.520016
0.521204
0.51906
0.51927
0.51855
0.520189
0.515811
0.584235
0.522609
0.518074
0.526972
0.520582
0.564943
0.54888
0.54605
0.519892
0.521484
0.519452
0.514874
0.557199
0.542589
0.562031
0.548468
0.523276
0.535054
0.538434
0.530553
0.533279
0.570614
0.601015
0.520178
0.524755
0.518739
0.521326
0.520237
0.521019
0.516308
0.537235
0.527664
0.513523
0.521059
0.585706
0.603413
0.565967
0.557429
0.523627
0.523374
0.52182
0.519165
0.520792
0.520411
0.519125
0.516498
0.514238
0.519933
0.519452
0.519443
0.544453
0.541964
0.519058
0.524452
0.524985
0.522887
0.519101
0.518932
0.523137
0.548388
0.562171
0.514111
0.605571
0.57598
0.573766
0.52068
0.520266
0.517852
0.518571
0.511719
0.512558
0.523098
0.520604
0.565107
0.515495
0.518528
0.523662
0.518967
0.519686
0.516889
0.519816
0.509753
0.51684
0.520691
0.522111
0.515826
0.514592
0.557966
0.558242
0.539149
0.522407
0.553528
0.557744
0.519579
0.517242
0.5254
0.522761
0.518096
0.515252
0.518997
0.522797
0.519726
0.522353
0.52203
0.519075
0.528346
0.513517
0.514768
0.530028
0.512878
0.514299
0.51276
0.524071
0.523494
0.508569
0.525303
0.525117
0.52529
0.524763
0.52125
0.51841
0.527902
0.531584
0.521036
0.52035
0.523426
0.52605
0.521895
0.51395
0.516297
0.603664
0.554654
0.549067
0.520249
0.516205
0.519698
0.519746
0.632719
0.549025
0.532316
0.535143
0.53803
0.532927
0.519036
0.520282
0.521185
0.519381
0.51772
0.52053
0.518659
0.514843
0.556081
0.520215
0.521189
0.52988
0.52259
0.518781
0.514827
0.522588
0.522371
0.522311
0.534337
0.51992
0.519965
0.515949
0.52156
0.516491
0.515838
0.514183
0.522628
0.516036
0.517013
0.517045
0.544517
0.562237
0.512007
0.513093
0.517525
0.539427
0.519285
0.520359
0.525416
0.515056
0.515907
0.520631
0.601013
0.514975
0.516705
0.524679
0.522576
0.517452
0.522959
0.518238
0.512929
0.512237
0.512767
0.513835
0.514984
0.538354
0.569271
0.519126
0.522023
0.520548
0.521425
0.520962
0.606585
0.512084
0.521019
0.515981
0.512344
0.51543
0.517602
0.521933
0.516221
0.515196
0.516385
0.517837
0.51361
0.513149
0.52074
0.52199
0.520271
0.513435
0.512953
0.522344
0.522002
0.563306
0.548274
0.524548
0.52786
0.513511
0.519709
0.517928
0.519398
0.514591
0.515357
0.515547
0.524066
0.524315
0.559945
0.517127
0.51696
0.515954
0.521075
0.520653
0.520431
0.526957
0.512148
0.529542
0.517966
0.517822
0.550282
0.517344
0.510838
0.518619
0.517482
0.517011
0.519453
0.539879
0.529128
0.512779
0.515316
0.516299
0.511353
0.518907
0.517158
0.523884
0.520998
0.522216
0.516313
0.543813
0.52183
0.513062
0.512251
0.518493
0.512026
0.510725
0.51301
0.516704
0.515946
0.516896
0.585172
0.565779
0.512802
0.519336
0.522029
0.519913
0.521762
0.521075
0.519165
0.51921
0.540611
0.540982
0.545984
0.518214
0.519945
0.517553
0.53148
0.519533
0.512499
0.523647
0.516129
0.512645
0.548566
0.516318
0.514361
0.510018
0.514717
0.542332
0.546833
0.567487
0.582795
0.520612
0.520922
0.520119
0.512926
0.51427
0.513723
0.562793
0.552376
0.552856
0.551406
0.5145
0.516403
0.518554
0.522232
0.522404
0.520594
0.514118
0.515421
0.521228
0.523076
0.521265
0.559441
0.536285
0.517035
0.527617
0.515797
0.524843
0.522059
0.520608
0.511766
0.521858
0.518546
0.519592
0.518385
0.516536
0.516894
0.517054
0.521937
0.558346
0.517897
0.51691
0.529717
0.517745
0.533786
0.525174
0.517419
0.520048
0.522851
0.560722
0.521204
0.560173
0.537686
0.556398
0.55719
0.521773
0.518542
0.515437
0.529703
0.515479
0.515143
0.513608
0.557594
0.553031
0.519472
0.519477
0.518807
0.516154
0.519075
0.514978
0.51583
0.511303
0.517944
0.524436
0.531647
0.520684
0.524615
0.523194
0.517751
0.517758
0.519238
0.516415
0.51725
0.520416
0.523467
0.525665
0.526193
0.605227
0.511988
0.533452
0.513864
0.5233
0.518108
0.510942
0.522731
0.524119
0.559544
0.559254
0.531955
0.539978
0.524597
0.517193
0.521438
0.554108
0.518599
0.5193
0.533559
0.523504
0.52447
0.520648
0.518247
0.51891
0.522565
0.517045
0.53984
0.525283
0.515366
0.516641
0.520644
0.547094
0.549417
0.521745
0.521131
0.518406
0.516507
0.512842
0.508861
0.518658
0.513055
0.51973
0.52244
0.517931
0.51806
0.523631
0.54703
0.516331
0.520021
0.512525
0.525247
0.524482
0.523484
0.533638
0.520012
0.519787
0.524408
0.52231
0.526137
0.521249
0.525191
0.512734
0.517157
0.518905
0.520109
0.521107
0.522954
0.521246
0.55695
0.51886
0.523718
0.517827
0.518525
0.560744
0.512283
0.517151
0.512275
0.514589
0.512948
0.5226
0.548304
0.513542
0.517785
0.520234
0.568172
0.547752
0.54629
0.516797
0.521314
0.51924
0.521689
0.520334
0.523356
0.515429
0.518501
0.514798
0.51678
0.585362
0.529108
0.514053
0.514331
0.513403
0.520882
0.52989
0.5259
0.516726
0.529233
0.511973
0.522097
0.521751
0.519829
0.508743
0.511944
0.521354
0.520631
0.520947
0.519183
0.518583
0.517088
0.516475
0.523999
0.572366
0.567782
0.550151
0.521358
0.555641
0.513954
0.518087
0.520487
0.521875
0.524053
0.525307
0.519545
0.520648
0.525105
0.520163
0.520595
0.515906
0.513226
0.516439
0.524832
0.516254
0.513166
0.514451
0.534555
0.543407
0.551438
0.516795
0.559237
0.539584
0.519918
0.519273
0.524407
0.522601
0.556933
0.52287
0.518202
0.521191
0.522886
0.522044
0.522536
0.521192
0.520436
0.51259
0.519887
0.514081
0.523661
0.522616
0.516665
0.517769
0.518991
0.513199
0.513508
0.515025
0.51931
0.555755
0.554032
0.512904
0.519658
0.523771
0.514633
0.511067
0.516056
0.523618
0.518176
0.512751
0.516167
0.520021
0.518197
0.509536
0.562695
0.520274
0.518093
0.518128
0.568662
0.516655
0.525467
0.521451
0.520639
0.552228
0.538954
0.523218
0.522044
0.522744
0.533063
0.516528
0.56457
0.566072
0.551417
0.570585
0.521417
0.518501
0.510274
0.512062
0.519328
0.519114
0.564161
0.516629
0.517354
0.516189
0.552134
0.515689
0.518206
0.521542
0.514023
0.528657
0.515694
0.527392
0.531616
0.529953
0.525638
0.518175
0.515889
0.544919
0.519961
0.545859
0.520345
0.517896
0.520887
0.518256
0.516543
0.514015
0.525964
0.515835
0.535535
0.514289
0.513496
0.518254
0.520381
0.516156
0.514167
0.525213
0.521939
0.542459
0.507934
0.508255
0.527097
0.546844
0.545916
0.519033
0.517383
0.569269
0.511322
0.511591
0.524463
0.559139
0.519691
0.518836
0.513246
0.51991
0.537083
0.516666
0.516749
0.522003
0.52343
0.510341
0.511056
0.51352
0.525011
0.524566
0.526346
0.55533
0.512106
0.526416
0.521116
0.572604
0.520004
0.515206
0.522314
0.521077
0.561168
0.516038
0.535347
0.51426
0.544534
0.520438
0.519477
0.524831
0.570988
0.569751
0.520452
0.512764
0.513975
0.532658
0.546002
0.515228
0.509715
0.513523
0.512676
0.511377
0.519708
0.516671
0.514431
0.518998
0.520622
0.518328
0.523614
0.524911
0.513751
0.51524
0.513941
0.521013
0.524425
0.5162
0.538771
0.525245
0.543027
0.542538
0.577956
0.567217
0.517206
0.522591
0.513724
0.520758
0.512594
0.516626
0.509845
0.523722
0.521451
0.523361
0.515697
0.53657
0.537807
0.529998
0.517094
0.519413
0.525336
0.544024
0.51418
0.521908
0.518728
0.521472
0.52091
0.549572
0.554293
0.534893
0.522516
0.52548
0.530395
0.511849
0.514816
0.520922
0.514861
0.513534
0.515568
0.557145
0.564715
0.520724
0.521973
0.525349
0.529569
0.519711
0.516895
0.52102
0.551948
0.521833
0.516816
0.544507
0.520749
0.514665
0.514383
0.551481
0.520647
0.518802
0.509579
0.519457
0.587976
0.521822
0.517999
0.524006
0.550169
0.564772
0.516721
0.519372
0.51927
0.522283
0.518534
0.520371
0.542076
0.52091
0.519238
0.521687
0.539631
0.574938
0.514895
0.544488
0.538887
0.512582
0.534458
0.532385
0.520113
0.521613
0.521061
0.523821
0.525106
0.571958
0.518913
0.532239
0.516081
0.518065
0.514252
0.520468
0.553396
0.520573
0.521346
0.520448
0.515092
0.515092
0.540397
0.514294
0.521741
0.514639
0.513159
0.546789
0.521134
0.51816
0.519544
0.519952
0.519967
0.519222
0.520025
0.535538
0.518583
0.567234
0.569085
0.521177
0.518938
0.515436
0.518052
0.518942
0.512602
0.526176
0.52097
0.519607
0.519655
0.52238
0.520642
0.528415
0.533127
0.534897
0.52044
0.515972
0.521539
0.518875
0.519351
0.516134
0.517729
0.532452
0.567575
0.553803
0.519715
0.514875
0.507496
0.517315
0.518432
0.510675
0.572864
0.518709
0.516127
0.515819
0.515825
0.51597
0.520812
0.518725
0.514764
0.5177
0.533745
0.514714
0.516596
0.515123
0.519379
0.519802
0.520967
0.518083
0.518365
0.520483
0.520966
0.517865
0.5313
0.513257
0.514256
0.520024
0.513363
0.513616
0.518506
0.519113
0.517081
0.541186
0.527367
0.517545
0.510357
0.523153
0.518258
0.518596
0.519014
0.51391
0.513521
0.513535
0.514228
0.520338
0.524645
0.544434
0.539105
0.549588
0.516225
0.522998
0.524761
0.516399
0.562493
0.518326
0.520658
0.512668
0.520294
0.52071
0.521474
0.520367
0.526383
0.51287
0.516738
0.514821
0.51572
0.514586
0.515565
0.519826
0.521185
0.515591
0.525083
0.519517
0.5466
0.521568
0.518069
0.517739
0.516904
0.521286
0.523157
0.519238
0.520006
0.515256
0.512781
0.527746
0.528271
0.516752
0.512452
0.515164
0.519364
0.548407
0.516888
0.527509
0.516092
0.527386
0.521462
0.514764
0.520905
0.569299
0.51079
0.511084
0.51141
0.510053
0.515606
0.515507
0.530026
0.526969
0.520358
0.52059
0.603006
0.558165
0.541801
0.528456
0.528102
0.524996
0.521137
0.522676
0.517896
0.520664
0.530633
0.516866
0.545856
0.514856
0.559283
0.547242
0.513939
0.511838
0.517042
0.514511
0.552911
0.546539
0.509648
0.514174
0.515995
0.51716
0.517733
0.531167
0.514867
0.510867
0.511225
0.526179
0.514181
0.515031
0.519849
0.513478
0.527771
0.520312
0.514604
0.514353
0.512296
0.518866
0.524903
0.51933
0.528176
0.544861
0.518022
0.524845
0.546444
0.519654
0.540853
0.515267
0.516363
0.515674
0.518605
0.5109
0.53415
0.519764
0.520321
0.516607
0.51545
0.513963
0.517808
0.515216
0.524097
0.520867
0.520249
0.515384
0.509814
0.514717
0.516883
0.522326
0.520131
0.523319
0.522074
0.517959
0.520983
0.519871
0.524725
0.518666
0.518414
0.536597
0.56069
0.516735
0.539764
0.520621
0.541623
0.517762
0.513737
0.512806
0.510834
0.523196
0.517392
0.524201
0.513675
0.526819
0.515311
0.516939
0.541424
0.524393
0.543545
0.517565
0.51912
0.51828
0.516726
0.557621
0.516164
0.517842
0.539278
0.518611
0.532514
0.515582
0.516404
0.533176
0.558958
0.517582
0.521485
0.519661
0.538222
0.518054
0.51857
0.515781
0.518484
0.541743
0.518743
0.531883
0.517784
0.518615
0.521475
0.519011
0.515876
0.52025
0.523191
0.514234
0.51802
0.512355
0.513471
0.516653
0.519895
0.517416
0.525557
0.521554
0.52195
0.515589
0.548192
0.515671
0.522014
0.578381
0.51888
0.571377
0.513292
0.553033
0.530592
0.520918
0.513773
0.519339
0.518449
0.512736
0.511273
0.578743
0.518649
0.535763
0.546494
0.53322
0.525421
0.520666
0.51941
0.526646
0.519792
0.521068
0.520741
0.514551
0.517175
0.517219
0.524033
0.515633
0.516304
0.524359
0.519155
0.514258
0.574035
0.520863
0.521507
0.510954
0.513215
0.533745
0.520469
0.520971
0.521391
0.519812
0.521938
0.521195
0.561023
0.523175
0.521039
0.52311
0.515702
0.520956
0.519757
0.521725
0.515836
0.513033
0.521272
0.526048
0.519743
0.519035
0.515399
0.517028
0.557489
0.518709
0.5195
0.517918
0.519943
0.521616
0.51704
0.514178
0.535609
0.521934
0.520727
0.518788
0.552634
0.519965
0.533462
0.513392
0.514332
0.5228
0.530709
0.520743
0.514708
0.521607
0.518488
0.51571
0.520154
0.520587
0.518879
0.513979
0.529204
0.517029
0.523503
0.519277
0.517069
0.521439
0.519162
0.520554
0.523431
0.518677
0.520309
0.517103
0.520677
0.52539
