0.564115
0.516918
0.51431
0.522948
0.517839
0.525397
0.525081
0.514494
0.517095
0.515721
0.512723
0.556651
0.564138
0.566151
0.569698
0.550183
0.518426
0.518631
0.518674
0.516585
0.536318
0.531209
0.516635
0.515722
0.517691
0.516689
0.51573
0.523953
0.553447
0.555985
0.519291
0.518053
0.520324
0.514906
0.517661
0.56358
0.517919
0.517121
0.516174
0.522338
0.521868
0.521734
0.515907
0.515576
0.516765
0.521723
0.523121
0.514138
0.559222
0.521652
0.520579
0.51766
0.516064
0.513768
0.512203
0.56726
0.553493
0.56156
0.514367
0.515764
0.518273
0.515886
0.513186
0.515239
0.518938
0.521043
0.568855
0.525231
0.526799
0.518172
0.518464
0.552473
0.545981
0.519737
0.523382
0.523634
0.518055
0.514985
0.517017
0.517431
0.517397
0.527403
0.517631
0.520032
0.5183
0.598107
0.516203
0.518845
0.516699
0.516308
0.517455
0.560702
0.54721
0.519849
0.516631
0.513965
0.513496
0.541063
0.538148
0.554225
0.5721
0.518474
0.512294
0.523303
0.514208
0.557211
0.523499
0.511413
0.517311
0.518656
0.535459
0.514235
0.515199
0.516499
0.516482
0.523819
0.524581
0.515587
0.52219
0.52135
0.518287
0.519121
0.516974
0.516265
0.519825
0.517148
0.519322
0.522162
0.523035
0.52148
0.521274
0.512419
0.513496
0.564952
0.510908
0.517784
0.5184
0.520649
0.518764
0.522507
0.51977
0.514945
0.520604
0.522389
0.523743
0.521561
0.531198
0.524362
0.582202
0.585727
0.512581
0.514089
0.520431
0.522196
0.519445
0.517732
0.51811
0.521591
0.514256
0.512961
0.517007
0.524698
0.523073
0.519784
0.512441
0.515633
0.514259
0.514544
0.546204
0.556069
0.555394
0.522256
0.518164
0.519318
0.52188
0.517195
0.518902
0.516753
0.520824
0.52317
0.522512
0.516434
0.569991
0.565929
0.540565
0.541112
0.519555
0.51895
0.518683
0.515616
0.515725
0.519381
0.519505
0.521727
0.587213
0.520844
0.517256
0.569262
0.53975
0.514291
0.514438
0.519676
0.5191
0.514172
0.566381
0.522508
0.522588
0.513444
0.51416
0.513311
0.522896
0.52153
0.517841
0.520117
0.558556
0.566359
0.576265
0.567852
0.522734
0.514059
0.514643
0.518195
0.523177
0.52496
0.518283
0.51896
0.528195
0.530266
0.515118
0.525282
0.521315
0.530354
0.536033
0.51671
0.52451
0.522376
0.521522
0.52206
0.522396
0.52139
0.525268
0.525886
0.520381
0.526856
0.521984
0.521752
0.523921
0.523518
0.530141
0.519278
0.514161
0.515385
0.514684
0.513912
0.519503
0.525653
0.526006
0.522424
0.523027
0.521698
0.519474
0.519591
0.518643
0.518483
0.519867
0.51985
0.515077
0.517063
0.520618
0.519685
0.521449
0.516747
0.516896
0.518848
0.516964
0.583107
0.560766
0.590693
0.520522
0.518466
0.517954
0.517278
0.51597
0.516278
0.521325
0.519455
0.514385
0.526276
0.516295
0.51576
0.521708
0.521578
0.520495
0.519584
0.513939
0.520153
0.51519
0.514386
0.508427
0.524397
0.534526
0.522152
0.524782
0.524923
0.529567
0.544156
0.522746
0.520754
0.513172
0.515287
0.514452
0.523493
0.522151
0.523764
0.555806
0.562235
0.517485
0.51943
0.515806
0.519515
0.51568
0.513095
0.522792
0.51505
0.516454
0.563508
0.515207
0.515575
0.513897
0.523924
0.517024
0.515984
0.573011
0.520547
0.519422
0.519495
0.517208
0.514167
0.516337
0.522979
0.524585
0.524235
0.518709
0.517831
0.517606
0.518334
0.570459
0.522652
0.52323
0.522375
0.519923
0.521739
0.520872
0.515603
0.52164
0.518703
0.521369
0.520768
0.530009
0.532303
0.52028
0.518824
0.517927
0.517968
0.515753
0.519094
0.537137
0.539705
0.519645
0.515442
0.516681
0.512954
0.514362
0.516651
0.543079
0.552112
0.519131
0.51689
0.517
0.569647
0.519273
0.525583
0.525674
0.554204
0.569662
0.515728
0.516587
0.515975
0.526886
0.518621
0.52035
0.51654
0.518483
0.519749
0.520607
0.515136
0.516571
0.522927
0.517875
0.518432
0.519279
0.515589
0.516677
0.515603
0.516878
0.519006
0.517438
0.515929
0.516151
0.521738
0.521233
0.516519
0.542582
0.541824
0.552099
0.512478
0.559264
0.549241
0.534262
0.521471
0.518534
0.522018
0.517817
0.515694
0.522141
0.521982
0.519345
0.515622
0.515249
0.515896
0.526347
0.521065
0.521491
0.597867
0.587929
0.51865
0.518504
0.522482
0.520381
0.535301
0.527386
0.522261
0.518516
0.519967
0.514993
0.511779
0.538495
0.521453
0.578846
0.570559
0.553022
0.559602
0.555155
0.518878
0.528794
0.526226
0.534991
0.516294
0.519067
0.517948
0.518464
0.511166
0.513481
0.513779
0.509746
0.515257
0.516442
0.516916
0.518404
0.523022
0.519165
0.517859
0.521711
0.518734
0.519286
0.51369
0.514061
0.525264
0.523091
0.523555
0.523478
0.521913
0.518874
0.520306
0.518384
0.517039
0.519474
0.51834
0.513836
0.515526
0.521734
0.521313
0.52317
0.524325
0.52246
0.517702
0.516828
0.518359
0.516608
0.515199
0.561676
0.545079
0.538938
0.538566
0.524153
0.521971
0.52339
0.524675
0.515659
0.51637
0.52311
0.522844
0.52508
0.564832
0.570308
0.517169
0.555824
0.512883
0.519326
0.519567
0.521612
0.519856
0.522682
0.522043
0.51692
0.518754
0.520302
0.515664
0.526698
0.531739
0.51236
0.523949
0.51571
0.563454
0.522322
0.556583
0.547561
0.519121
0.519098
0.511756
0.523737
0.514869
0.518641
0.517749
0.514013
0.513983
0.52124
0.519932
0.525052
0.526952
0.524383
0.522108
0.550384
0.546254
0.548202
0.517397
0.515791
0.520711
0.520989
0.519866
0.522085
0.514955
0.514772
0.558054
0.556336
0.523781
0.545804
0.574821
0.541372
0.541188
0.520062
0.516519
0.517966
0.51936
0.519127
0.518575
0.557161
0.519114
0.51761
0.517899
0.520665
0.526211
0.525326
0.521969
0.519216
0.550844
0.543508
0.519956
0.550411
0.544025
0.518595
0.522593
0.52111
0.516324
0.559004
0.555711
0.513259
0.572069
0.56433
0.554698
0.555937
0.53758
0.539827
0.540276
0.516186
0.519258
0.518366
0.517084
0.527431
0.531576
0.519428
0.519387
0.521859
0.520047
0.522072
0.554327
0.512901
0.519377
0.519848
0.510335
0.52381
0.52333
0.521895
0.528294
0.515155
0.519069
0.523077
0.562587
0.52416
0.564257
0.517489
0.52453
0.523501
0.524068
0.519502
0.518661
0.5198
0.524616
0.558896
0.554549
0.55074
0.51795
0.524174
0.522242
0.571615
0.515029
0.601683
0.514483
0.514498
0.514934
0.509834
0.520275
0.525427
0.523268
0.521552
0.520642
0.523942
0.520881
0.522377
0.515152
0.518228
0.572158
0.525764
0.528764
0.525324
0.51901
0.52104
0.518814
0.520679
0.520415
0.519355
0.563116
0.563091
0.532717
0.535178
0.520026
0.518894
0.517759
0.51777
0.555452
0.514489
0.515696
0.57103
0.520008
0.550112
0.519371
0.51758
0.518107
0.518188
0.517512
0.51522
0.573515
0.513997
0.517083
0.517869
0.517654
0.561225
0.513132
0.513693
0.545968
0.517654
0.538963
0.536284
0.536106
0.521746
0.5213
0.52011
0.520412
0.545791
0.531263
0.537625
0.525017
0.518567
0.522679
0.598013
0.517136
0.516937
0.51953
0.524633
0.522168
0.517408
0.544451
0.541675
0.542759
0.524842
0.54545
0.514755
0.514985
0.551218
0.571277
0.518423
0.520237
0.521761
0.519643
0.519441
0.525696
0.522107
0.594793
0.588676
0.52016
0.510405
0.519118
0.519804
0.513781
0.51385
0.515789
0.521092
0.517467
0.523808
0.520468
0.516162
0.514624
0.51452
0.517639
0.515505
0.512595
0.51414
0.513854
0.522195
0.555384
0.520119
0.518589
0.516865
0.519637
0.512804
0.514296
0.514127
0.512772
0.524184
0.523327
0.59675
0.523552
0.51564
0.515583
0.528178
0.515283
0.516585
0.518192
0.522524
0.517434
0.523691
0.517265
0.534568
0.514308
0.514358
0.513968
0.540914
0.549245
0.523832
0.523228
0.518604
0.524513
0.511535
0.515058
0.514925
0.515536
0.514915
0.526168
0.527804
0.52263
0.515349
0.518469
0.517259
0.516125
0.521101
0.518474
0.521947
0.522899
0.520855
0.519498
0.519856
0.521901
0.520947
0.551281
0.556559
0.544171
0.519996
0.560853
0.519304
0.518567
0.520324
0.514365
0.523241
0.520729
0.512358
0.517795
0.520028
0.519879
0.516434
0.516683
0.518574
0.518235
0.516894
0.514855
0.514909
0.52007
0.555865
0.52096
0.558778
0.522787
0.532968
0.516688
0.516334
0.524808
0.51884
0.518385
0.517086
0.513153
0.521037
0.51996
0.515903
0.516214
0.516705
0.52197
0.539791
0.529352
0.520962
0.513895
0.513806
0.517919
0.522366
0.522655
0.523654
0.557769
0.521789
0.513297
0.525186
0.51478
0.514671
0.528025
0.572975
0.565718
0.521
0.521731
0.522645
0.536284
0.515824
0.516782
0.529589
0.53211
0.522548
0.524871
0.523365
0.522033
0.523631
0.522216
0.519055
0.516498
0.519568
0.517633
0.51507
0.515849
0.515269
0.524422
0.516681
0.516499
0.555027
0.554356
0.554847
0.54844
0.524822
0.523176
0.520352
0.539533
0.579655
0.572645
0.512358
0.531218
0.529489
0.554273
0.519186
0.536354
0.57346
0.521451
0.520831
0.59981
0.586554
0.581719
0.520828
0.554915
0.517124
0.511038
0.510388
0.510719
0.513647
0.513133
0.515254
0.515981
0.518019
0.517734
0.517186
0.540714
0.515857
0.515009
0.518101
0.519974
0.517716
0.518471
0.523259
0.515685
0.516512
0.509949
0.519557
0.517031
0.524853
0.516535
0.51245
0.523768
0.524155
0.518859
0.523692
0.568929
0.513222
0.513364
0.525464
0.517857
0.519382
0.518206
0.518381
0.517807
0.564146
0.52099
0.517906
0.520823
0.520736
0.530986
0.537407
0.513025
0.520097
0.515872
0.518608
0.52173
0.517731
0.5243
0.51095
0.510751
0.546517
0.549616
0.518656
0.523323
0.51056
0.510964
0.518041
0.519993
0.584118
0.522996
0.524377
0.519854
0.51645
0.520465
0.522787
0.575298
0.519265
0.515127
0.516246
0.51934
0.518966
0.517074
0.517136
0.517665
0.518588
0.518417
0.526531
0.53162
0.537068
0.521838
0.526531
0.552013
0.548145
0.543068
0.563397
0.524874
0.521841
0.516727
0.516625
0.519535
0.518847
0.51501
0.514733
0.519311
0.519981
0.518402
0.515917
0.518505
0.518052
0.515652
0.516464
0.516337
0.516076
0.518197
0.518793
0.520194
0.520134
0.522238
0.522117
0.520512
0.517833
0.561747
0.53981
0.518745
0.51932
0.524252
0.556272
0.513888
0.518957
0.523057
0.522418
0.519851
0.519647
0.521379
0.515671
0.518065
0.51771
0.516377
0.558514
0.51054
0.517504
0.521652
0.524485
0.569486
0.514549
0.555473
0.516415
0.569231
0.525763
0.526077
0.513572
0.515591
0.509931
0.513531
0.523434
0.514443
0.574991
0.517707
0.564141
0.56125
0.519641
0.517275
0.524403
0.519065
0.524359
0.523322
0.520047
0.527043
0.522779
0.518718
0.519088
0.530665
0.534076
0.515503
0.515004
0.522726
0.520656
0.523598
0.518875
0.508474
0.521927
0.560157
0.544984
0.518333
0.56049
0.561415
0.514332
0.519246
0.532863
0.524933
0.519021
0.516026
0.577865
0.520602
0.518232
0.550869
0.542315
0.522995
0.517819
0.526191
0.524909
0.519637
0.525183
0.512511
0.55517
0.528958
0.513461
0.518405
0.514511
0.51631
0.510052
0.518411
0.5248
0.522085
0.517716
0.548582
0.519147
0.521296
0.530133
0.55361
0.522024
0.522087
0.55459
0.513732
0.51586
0.516659
0.52491
0.539948
0.542903
0.515386
0.519309
0.520938
0.518046
0.516812
0.525192
0.518572
0.556521
0.518534
0.522861
0.518991
0.516348
0.514121
0.576494
0.526887
0.515501
0.52608
0.525593
0.51412
0.515949
0.516078
0.518056
0.514685
0.521509
0.513171
0.514245
0.521669
0.520661
0.513918
0.531789
0.519122
0.518945
0.52388
0.51437
0.533039
0.516932
0.518076
0.520113
0.51586
0.519959
0.520302
0.527292
0.518066
0.516752
0.53858
0.525243
0.523562
0.514411
0.513514
0.516625
0.518869
0.520628
0.562949
0.515255
0.519045
0.560888
0.555177
0.545192
0.51817
0.521674
0.538799
0.514879
0.565586
0.570173
0.517294
0.5172
0.517185
0.518497
0.515249
0.513152
0.516963
0.515844
0.52522
0.521204
0.513542
0.50602
0.524494
0.514013
0.520194
0.51071
0.522475
0.517276
0.523412
0.520147
0.524767
0.525639
0.514536
0.516302
0.519173
0.520044
0.516716
0.561561
0.517332
0.524281
0.537556
0.517132
0.534269
0.52465
0.524051
0.554928
0.516232
0.525676
0.510039
0.511154
0.568587
0.50725
0.5073
0.539525
0.542349
0.520982
0.519282
0.518344
0.517213
0.517073
0.519764
0.537474
0.517227
0.516105
0.516729
0.524898
0.525969
0.52108
0.519366
0.523446
0.520838
0.524932
0.519732
0.515048
0.520488
0.520677
0.516977
0.520289
0.519889
0.523784
0.521421
0.519709
0.530674
0.5147
0.518218
0.550698
0.525856
0.513397
0.518737
0.513675
0.551303
0.557208
0.512858
0.519667
0.531042
0.517834
0.517796
0.51735
0.518163
0.52224
0.521497
0.514499
0.517735
0.520752
0.592359
0.514091
0.570247
0.517628
0.524789
0.521941
0.519027
0.581028
0.516495
0.518339
0.51796
0.5222
0.509577
0.511784
0.510277
0.539057
0.524593
0.52079
0.521859
0.520921
0.520136
0.518098
0.522178
0.522018
0.521828
0.522125
0.522243
0.520722
0.520381
0.522595
0.515416
0.516296
0.515847
0.522862
0.522933
0.531529
0.522035
0.515924
0.55162
0.51621
0.518745
0.514179
0.521951
0.520588
0.517134
0.513629
0.515599
0.523208
0.516486
0.542448
0.525477
0.528802
0.52008
0.51288
0.517523
0.515916
0.514873
0.536282
0.515441
0.516183
0.519272
0.523924
0.57924
0.527537
0.523291
0.518962
0.519397
0.521077
0.516766
0.547547
0.552531
0.520276
0.558531
0.524131
0.523833
0.578576
0.521933
0.523558
0.516976
0.518201
0.519749
0.538575
0.560679
0.55291
0.552389
0.524578
0.520479
0.520061
0.5176
0.519141
0.546408
0.532559
0.52776
0.520352
0.538439
0.518776
0.514519
0.52066
0.521173
0.551226
0.51419
0.513569
0.515937
0.516374
0.545108
0.5157
0.526126
0.523265
0.522245
0.540673
0.544511
0.540545
0.540564
0.513409
0.515326
0.518787
0.513428
0.520484
0.538536
0.542772
0.561361
0.524275
0.51809
0.517711
0.522713
0.520394
0.517701
0.526534
0.516414
0.513643
0.515503
0.519815
0.517237
0.518372
0.518685
0.522025
0.554225
0.540753
0.52829
0.513716
0.517627
0.514803
0.516012
0.516715
0.5182
0.543727
0.519586
0.520862
0.520939
0.510489
0.517529
0.551476
0.517037
0.520623
0.513366
0.542092
0.513197
0.543508
0.558078
0.520383
0.5209
0.513361
0.519421
0.515468
0.517294
0.516069
0.513866
0.520371
0.517389
0.519208
0.563004
0.51638
0.543731
0.539232
0.513589
0.516959
0.515539
0.521878
0.517174
0.525695
0.516888
0.518937
0.514876
0.513682
0.51658
0.515607
0.517884
0.520073
0.518247
0.518875
0.522122
0.52092
0.514574
0.519986
0.513147
0.513172
0.513221
0.518107
0.516426
0.514251
0.558342
0.521122
0.578088
0.515565
0.520084
0.524004
0.517094
0.57668
0.573271
0.55291
0.546738
0.547335
0.522851
0.515218
0.515116
0.551203
0.514611
0.514934
0.517436
0.513952
0.5139
0.560655
0.569895
0.564031
0.51958
0.534736
0.517263
0.545255
0.512842
0.511983
0.523301
0.513095
0.517586
0.552121
0.54714
0.538035
0.551291
0.519096
0.552067
0.512799
0.520206
0.516519
0.517268
0.517133
0.521716
0.52086
0.521025
0.513002
0.537276
0.523881
0.554332
0.520236
0.520834
0.512095
0.52698
0.557161
0.518644
0.515255
0.515489
0.566189
0.517567
0.553796
0.516665
0.514114
0.518072
0.523624
0.519563
0.519283
0.557703
0.557873
0.516846
0.538893
0.587603
0.519025
0.516706
0.516556
0.515578
0.52084
0.518588
0.523177
0.52367
0.520301
0.52239
0.51559
0.556731
0.518505
0.518201
0.51785
0.517436
0.519221
0.522147
0.563859
0.56496
0.525195
0.543471
0.572726
0.522882
0.52381
0.516249
0.515731
0.522518
0.512102
0.520163
0.52477
0.518983
0.520576
0.515543
0.517538
0.546838
0.520707
0.517896
0.583086
0.517672
0.548128
0.519553
0.518231
0.518329
0.517747
0.519402
0.516634
0.521719
0.515421
0.518216
0.516552
0.517164
0.519129
0.516795
0.528444
0.521699
0.516558
0.517277
0.518767
0.518186
0.51432
0.522534
0.520401
0.545448
0.521467
0.522859
0.516016
0.522112
0.562425
0.541168
0.523389
0.521109
0.5197
0.519346
0.518573
0.581323
0.51288
0.515163
0.557282
0.515157
0.513535
0.515444
0.522414
0.516911
0.513079
0.517496
0.518434
0.558533
0.518215
0.510965
0.519457
0.544923
0.513362
0.518444
0.514738
0.51518
0.515874
0.519643
0.518543
0.52897
0.522442
0.51542
0.515419
0.518412
0.515979
0.519964
0.517397
0.521321
0.528212
0.518991
0.53473
0.520003
0.553882
0.514105
0.558936
0.517777
0.516581
0.522198
0.520874
0.584253
0.519516
0.522568
0.521617
0.521033
0.518225
0.515068
0.520499
0.543638
0.530201
0.522358
0.52083
0.520543
0.517138
0.524017
0.513375
0.521199
0.522244
0.520657
0.519753
0.559445
0.518191
0.517589
0.524487
0.522844
0.516928
0.51768
0.520894
0.525076
0.516089
0.518047
0.52079
0.51732
0.514537
0.556789
0.517602
0.514881
0.523938
0.519529
0.513212
0.521689
0.515154
0.532107
0.527946
0.514387
0.518229
0.516469
0.517857
0.522399
0.522683
0.522361
0.51587
0.517504
0.514716
0.515209
0.526958
0.524946
0.518849
0.517356
0.519894
0.520201
0.517472
0.531668
0.522793
0.517908
0.525914
0.52135
0.532917
0.517424
0.519959
0.521413
0.514364
0.51716
0.525079
0.523634
0.543635
0.522349
0.510379
0.52276
0.520442
0.521704
0.518291
0.527022
0.517612
0.521483
