0.587982
0.573793
0.575028
0.543387
0.523341
0.518927
0.518958
0.557658
0.55663
0.516148
0.515818
0.522801
0.520765
0.578811
0.577708
0.516117
0.517936
0.516809
0.522114
0.553716
0.515323
0.520123
0.518909
0.526011
0.524367
0.517831
0.515849
0.515326
0.514485
0.530577
0.563275
0.567974
0.5219
0.519522
0.564536
0.579686
0.513644
0.52002
0.518139
0.522009
0.511002
0.514017
0.512581
0.541375
0.541609
0.522294
0.521992
0.522482
0.516823
0.511061
0.520565
0.520428
0.519442
0.521904
0.515534
0.51777
0.516159
0.51764
0.516472
0.513163
0.512931
0.519111
0.521093
0.508592
0.520771
0.521358
0.523416
0.520509
0.516624
0.518789
0.521405
0.51859
0.518906
0.510086
0.535048
0.548534
0.536796
0.518224
0.514965
0.516425
0.514765
0.515429
0.514796
0.570278
0.576788
0.513634
0.512456
0.529054
0.526312
0.521365
0.520817
0.525048
0.513805
0.513934
0.514684
0.512921
0.513165
0.514168
0.515029
0.528983
0.600606
0.517412
0.518522
0.512936
0.514636
0.548472
0.546981
0.519315
0.525079
0.522832
0.574541
0.571595
0.516621
0.515587
0.519213
0.517764
0.519259
0.512792
0.513323
0.551921
0.562414
0.522968
0.52456
0.521594
0.518327
0.524287
0.52292
0.516975
0.522662
0.555638
0.581098
0.515997
0.516387
0.566508
0.516322
0.519598
0.521249
0.518741
0.517796
0.52686
0.518278
0.519635
0.515176
0.56106
0.51241
0.510067
0.512498
0.518124
0.52101
0.51794
0.519202
0.567576
0.566062
0.572277
0.518776
0.515882
0.513914
0.518303
0.548229
0.536048
0.541743
0.525526
0.522969
0.523647
0.517225
0.518453
0.517591
0.517847
0.519825
0.519472
0.519831
0.522877
0.521883
0.521138
0.513201
0.511152
0.507987
0.519274
0.522557
0.51772
0.518574
0.517731
0.548905
0.55079
0.514646
0.517233
0.517552
0.538433
0.532424
0.536653
0.524342
0.528712
0.519302
0.520315
0.517141
0.519972
0.519872
0.51294
0.509572
0.520469
0.518156
0.512292
0.50715
0.513603
0.519597
0.516366
0.51475
0.517133
0.518187
0.517575
0.534216
0.527293
0.51846
0.515429
0.559031
0.549582
0.518704
0.517775
0.521912
0.511551
0.514005
0.51201
0.514038
0.563852
0.514432
0.515094
0.528435
0.528789
0.521066
0.514125
0.516714
0.515409
0.51658
0.527984
0.52685
0.525546
0.52018
0.523168
0.519267
0.520883
0.516056
0.518715
0.537781
0.520641
0.519017
0.519406
0.521053
0.519404
0.507873
0.5206
0.521662
0.52002
0.521549
0.522845
0.519708
0.52132
0.536805
0.525666
0.512526
0.514383
0.514404
0.519138
0.521603
0.517856
0.520575
0.520161
0.520315
0.518091
0.519254
0.518002
0.521949
0.521928
0.516093
0.520766
0.515635
0.552304
0.514535
0.517984
0.581862
0.520278
0.517157
0.517856
0.569327
0.511199
0.513609
0.525495
0.523648
0.524874
0.525276
0.535272
0.547029
0.563811
0.52107
0.545389
0.523709
0.526605
0.529738
0.518647
0.565261
0.512737
0.51349
0.510514
0.515346
0.516379
0.516827
0.516245
0.520899
0.515741
0.521279
0.51514
0.521414
0.522739
0.522953
0.523459
0.515488
0.51433
0.513706
0.529208
0.52349
0.517714
0.520652
0.520412
0.560339
0.559916
0.516017
0.517109
0.515858
0.514362
0.515668
0.571328
0.58713
0.521129
0.534248
0.51454
0.515528
0.515475
0.522074
0.52252
0.519214
0.517435
0.567524
0.564466
0.549397
0.551306
0.533539
0.539033
0.518331
0.514693
0.548081
0.567791
0.51408
0.524735
0.522907
0.523973
0.520805
0.517398
0.521448
0.518694
0.520724
0.518362
0.529219
0.547291
0.559964
0.521057
0.525242
0.513289
0.513647
0.541916
0.541529
0.549697
0.523032
0.521072
0.521994
0.547174
0.589115
0.570127
0.519218
0.517587
0.517965
0.508584
0.550349
0.556079
0.517844
0.517333
0.525376
0.522203
0.513642
0.526549
0.529583
0.517534
0.516961
0.517883
0.549179
0.517004
0.525456
0.518355
0.519086
0.520875
0.520867
0.514882
0.515555
0.522296
0.517578
0.515545
0.567694
0.572234
0.557256
0.533216
0.536098
0.517457
0.519521
0.518578
0.519909
0.518789
0.519863
0.517802
0.518177
0.515509
0.531246
0.519567
0.520453
0.52019
0.515835
0.514372
0.512818
0.513517
0.512565
0.520134
0.524237
0.51764
0.524459
0.571886
0.570629
0.5169
0.516698
0.517783
0.516956
0.52582
0.508411
0.511343
0.520142
0.521703
0.522664
0.518144
0.516597
0.51458
0.5161
0.590057
0.517512
0.516828
0.519716
0.5216
0.520532
0.515145
0.528782
0.51751
0.52029
0.518705
0.521719
0.519456
0.517793
0.546346
0.519159
0.516753
0.514471
0.514833
0.515636
0.522762
0.518355
0.518331
0.518288
0.518016
0.52022
0.518369
0.513454
0.516566
0.517449
0.552545
0.55116
0.524119
0.525949
0.517243
0.519751
0.518126
0.526135
0.528272
0.521004
0.528072
0.523403
0.515359
0.514424
0.523562
0.55039
0.519291
0.520009
0.519833
0.514069
0.515087
0.516068
0.546939
0.516379
0.529665
0.516831
0.514701
0.515188
0.522203
0.504625
0.518068
0.519048
0.519344
0.51877
0.517889
0.524261
0.521591
0.513843
0.515584
0.515089
0.529654
0.519876
0.518172
0.511394
0.512264
0.517122
0.519627
0.513551
0.517718
0.51808
0.515931
0.517144
0.517348
0.517302
0.518613
0.517096
0.517518
0.519972
0.549237
0.535435
0.517371
0.52046
0.516866
0.521048
0.512579
0.511972
0.518299
0.518677
0.521225
0.526145
0.528296
0.515854
0.513292
0.510661
0.519134
0.518826
0.522084
0.518292
0.515769
0.515
0.579666
0.520262
0.521467
0.55476
0.51644
0.512214
0.512924
0.507972
0.512905
0.516192
0.518003
0.518005
0.524594
0.541419
0.516121
0.545564
0.546658
0.521697
0.515268
0.521193
0.520172
0.518717
0.518639
0.574311
0.573638
0.52609
0.512132
0.520285
0.519852
0.514684
0.523641
0.517589
0.514498
0.516125
0.524006
0.534053
0.568154
0.573889
0.517466
0.516322
0.527788
0.524744
0.534057
0.518713
0.516974
0.518373
0.519033
0.518626
0.519635
0.519786
0.514094
0.516389
0.518434
0.519886
0.517922
0.517995
0.530521
0.512595
0.531866
0.53178
0.514401
0.512567
0.512029
0.514985
0.518068
0.515559
0.553754
0.518147
0.518366
0.520662
0.519944
0.5228
0.571018
0.52373
0.524761
0.515981
0.517115
0.519859
0.519824
0.515895
0.519162
0.517127
0.514144
0.51887
0.519757
0.518239
0.517364
0.518324
0.51588
0.516341
0.528893
0.529725
0.515842
0.524023
0.517825
0.52497
0.523299
0.525457
0.516336
0.516473
0.561514
0.51773
0.519949
0.516405
0.51679
0.518016
0.518508
0.515282
0.563263
0.520126
0.514479
0.561892
0.561299
0.555497
0.562826
0.54399
0.522385
0.52235
0.518808
0.521477
0.517694
0.512067
0.511351
0.514951
0.517895
0.518711
0.51298
0.51245
0.518226
0.518819
0.517636
0.516562
0.51359
0.515213
0.525295
0.51368
0.513577
0.514738
0.518747
0.556453
0.519077
0.519902
0.524366
0.520417
0.518301
0.540881
0.531953
0.536263
0.530358
0.520925
0.515818
0.518923
0.576939
0.520883
0.561003
0.510288
0.523052
0.522011
0.554957
0.549857
0.514724
0.517235
0.519733
0.522063
0.522949
0.554104
0.509673
0.519678
0.533603
0.531862
0.517219
0.531339
0.516303
0.514791
0.516476
0.516008
0.519841
0.581483
0.546506
0.513843
0.52487
0.530896
0.539141
0.549655
0.517004
0.519247
0.519803
0.519215
0.524912
0.520895
0.527517
0.514733
0.512564
0.522054
0.518191
0.519778
0.517304
0.517283
0.523392
0.52422
0.53053
0.517807
0.523115
0.523376
0.51224
0.508517
0.52568
0.520886
0.526208
0.514158
0.516434
0.516067
0.516988
0.522339
0.523005
0.522615
0.522418
0.564276
0.525122
0.521243
0.516605
0.517058
0.523603
0.554397
0.55172
0.517195
0.516144
0.539413
0.513088
0.513764
0.523358
0.52381
0.520002
0.517554
0.518594
0.519414
0.509905
0.542184
0.526443
0.518265
0.511575
0.512417
0.513247
0.514635
0.51174
0.514286
0.521504
0.53115
0.52502
0.518327
0.509951
0.516384
0.512954
0.51686
0.523511
0.519203
0.519282
0.532011
0.514702
0.521009
0.519508
0.543756
0.54618
0.515263
0.512542
0.523476
0.523068
0.516282
0.515064
0.514736
0.514813
0.511615
0.525432
0.523649
0.521608
0.521728
0.535816
0.540423
0.515733
0.526924
0.524569
0.524421
0.559469
0.520061
0.514294
0.517422
0.516187
0.53165
0.533471
0.512183
0.513903
0.578153
0.516795
0.518305
0.515197
0.525529
0.511636
0.5665
0.585837
0.514934
0.523641
0.517408
0.512602
0.52032
0.512647
0.521008
0.516408
0.513395
0.518299
0.536294
0.513312
0.511286
0.524259
0.524886
0.522148
0.517133
0.521561
0.514958
0.516052
0.508314
0.514116
0.547709
0.515068
0.51558
0.567828
0.515079
0.523291
0.523035
0.522933
0.541702
0.517081
0.517058
0.525338
0.544174
0.549614
0.522377
0.52541
0.525144
0.510413
0.521584
0.516385
0.511195
0.518909
0.517158
0.51725
0.553644
0.526851
0.517873
0.513614
0.518222
0.540423
0.525342
0.524809
0.527224
0.567179
0.580686
0.51442
0.513985
0.517082
0.517068
0.510966
0.509706
0.516678
0.517468
0.516852
0.522368
0.524141
0.52654
0.521015
0.516783
0.566215
0.578789
0.517381
0.522079
0.517448
0.514533
0.534
0.533443
0.512436
0.521913
0.581044
0.57913
0.514428
0.525045
0.519861
0.521211
0.517933
0.523257
0.5222
0.513806
0.556981
0.567142
0.515402
0.518394
0.522076
0.52461
0.522686
0.526834
0.524815
0.515795
0.512861
0.536139
0.544328
0.515166
0.523087
0.522705
0.525679
0.512288
0.517344
0.530203
0.512555
0.513482
0.511104
0.519489
0.517215
0.510741
0.518122
0.518917
0.520086
0.518665
0.581176
0.522097
0.525716
0.570345
0.517246
0.51743
0.515603
0.517137
0.512672
0.513198
0.516045
0.51893
0.5183
0.519539
0.514297
0.51423
0.516464
0.525111
0.517178
0.518953
0.515304
0.526193
0.515305
0.516442
0.513965
0.519786
0.525127
0.522153
0.513661
0.544122
0.542189
0.546618
0.55091
0.593906
0.521583
0.527289
0.523572
0.524605
0.516113
0.518229
0.521064
0.511681
0.524216
0.518133
0.514431
0.525564
0.513487
0.512729
0.521677
0.514975
0.518959
0.576631
0.515151
0.517074
0.524105
0.516924
0.547577
0.51387
0.512213
0.511957
0.51168
0.525796
0.525092
0.517312
0.539708
0.524024
0.522598
0.526505
0.524525
0.525805
0.527337
0.518594
0.518853
0.524572
0.525077
0.527318
0.51469
0.522696
0.518182
0.530632
0.530671
0.514776
0.526487
0.528434
0.52006
0.519237
0.518742
0.5148
0.521701
0.516125
0.519131
0.537525
0.522913
0.562487
0.512688
0.537058
0.517149
0.531248
0.522511
0.520834
0.526172
0.521669
0.512451
0.515013
0.513327
0.528673
0.526051
0.51935
0.515152
0.518851
0.583981
0.522637
0.521194
0.518591
0.512969
0.513329
0.521885
0.531843
0.516067
0.522816
0.522925
0.516502
0.570434
0.517936
0.554818
0.52575
0.538595
0.526725
0.510865
0.522916
0.559314
0.518032
0.522836
0.536211
0.527917
0.518102
0.531973
0.530799
0.526239
0.523161
0.519868
0.515365
0.517011
0.51865
0.515209
0.517537
0.518522
0.517986
0.513875
0.516401
0.519093
0.567596
0.585051
0.516275
0.513299
0.517558
0.517359
0.518868
0.51959
0.518811
0.54971
0.538059
0.517698
0.517661
0.581755
0.523458
0.512677
0.529379
0.522924
0.524146
0.51724
0.518917
0.529741
0.556606
0.522518
0.515986
0.519531
0.518155
0.525374
0.552598
0.513653
0.513429
0.55805
0.51439
0.519203
0.517813
0.520613
0.517303
0.526642
0.575649
0.530734
0.515219
0.519818
0.534222
0.539762
0.514097
0.529235
0.52516
0.52084
0.519195
0.516375
0.509581
0.515846
0.534282
0.517763
0.517169
0.530246
0.514152
0.517803
0.575615
0.516204
0.513917
0.518482
0.518452
0.519457
0.514659
0.521299
0.520215
0.55472
0.518269
0.564329
0.558177
0.518472
0.514487
0.52725
0.522592
0.520501
0.516478
0.514411
0.51735
0.526065
0.555757
0.538473
0.544956
0.522508
0.520163
0.520064
0.518778
0.520945
0.534666
0.516225
0.52068
0.513888
0.521458
0.519563
0.562383
0.520264
0.533454
0.519424
0.520703
0.525055
0.516932
0.517993
0.520351
0.505565
0.509429
0.586309
0.514335
0.516283
0.514107
0.525192
0.522326
0.590912
0.512713
0.518647
0.517358
0.528396
0.513775
0.51471
0.511976
0.52515
0.525542
0.52188
0.535692
0.520429
0.522834
0.567144
0.521459
0.562856
0.523033
0.516839
0.516683
0.521643
0.516903
0.559462
0.519718
0.541818
0.524836
0.519893
0.514298
0.567526
0.530219
0.514778
0.514887
0.560936
0.517187
0.51734
0.589697
0.518094
0.587279
0.56877
0.51964
0.524748
0.536448
0.512202
0.526307
0.552176
0.517042
0.512355
0.516299
0.52328
0.52192
0.568067
0.513484
0.521431
0.517224
0.514242
0.516812
0.552586
0.520968
0.518901
0.514007
0.524794
0.512398
0.521981
0.519432
0.545983
0.539775
0.525358
0.517122
0.574209
0.522216
0.51731
0.566426
0.561396
0.565488
0.52478
0.521252
0.517271
0.585885
0.513511
0.515756
0.575264
0.518098
0.516228
0.534559
0.521572
0.515387
0.517719
0.521489
0.516375
0.540966
0.517588
0.517811
0.543237
0.577084
0.524754
0.512182
0.517962
0.516014
0.515817
0.549945
0.512108
0.520483
0.513458
0.527572
0.5143
0.535199
0.553234
0.515354
0.51513
0.514119
0.515245
0.515208
0.516346
0.520619
0.560121
0.521152
0.520553
0.509802
0.514541
0.520327
0.538841
0.560788
0.515669
0.532322
0.514345
0.534714
0.528038
0.52356
0.517892
0.517239
0.520327
0.537167
0.523862
0.51832
0.515026
0.514106
0.570078
0.51508
0.5157
0.516053
0.519464
0.529707
0.521475
0.521254
0.515203
0.55037
0.516373
0.52054
0.527773
0.520024
0.522282
0.531244
0.51865
0.51479
0.544793
0.517659
0.520034
0.520151
0.520216
0.524114
0.522481
0.513489
0.528039
0.513218
0.518335
0.513281
0.518132
0.518827
0.520961
0.519196
0.519348
0.538648
0.573821
0.518353
0.519998
0.561546
0.544506
0.517014
0.522134
0.511497
0.525974
0.520773
0.511838
0.513848
0.521262
0.519685
0.527214
0.532036
0.525719
0.545767
0.569395
0.519284
0.515183
0.509708
0.527752
0.532418
0.516743
0.514936
0.512953
0.509148
0.520494
0.520941
0.521178
0.518268
0.521825
0.515053
0.515426
0.514143
0.518908
0.530193
0.541845
0.516176
0.523343
0.535375
0.516879
0.535064
0.516677
0.521074
0.516905
0.51997
0.551255
0.541765
0.511952
0.508974
0.509861
0.525073
0.515946
0.518009
0.526364
0.526279
0.528029
0.534225
0.538494
0.516678
0.518583
0.539751
0.523557
0.530962
0.514512
0.516367
0.515763
0.519503
0.534835
0.518733
0.519105
0.521714
0.524041
0.524572
0.52048
0.519341
0.514673
0.511916
0.512911
0.574751
0.546425
0.516805
0.521397
0.512735
0.521736
0.521641
0.521184
0.517125
0.522116
0.520126
0.514289
0.520096
0.516514
0.575097
0.507776
0.508358
0.528531
0.530149
0.528423
0.514993
0.552366
0.531713
0.541016
0.520956
0.521178
0.519481
0.519626
0.539882
0.536351
0.519054
0.520987
0.551077
0.52044
0.518172
0.51414
0.529589
0.533824
0.565666
0.513331
0.526539
0.527611
0.511264
0.51167
0.517704
0.517988
0.518023
0.531169
0.523255
0.518022
0.522849
0.512602
0.515054
0.514692
0.510383
0.527149
0.518639
0.519099
0.51981
0.524363
0.518379
0.519149
0.51587
0.51637
0.51415
0.515639
0.512471
0.554375
0.518712
0.525272
0.528288
0.508964
0.513422
0.518981
0.516486
0.51796
0.516847
0.517653
0.518402
0.517429
0.520148
0.563822
0.517727
0.514891
0.519328
0.514626
0.514197
0.515579
0.517465
0.523569
0.51886
0.520268
0.518458
0.529869
0.51472
0.518373
0.518822
0.580614
0.520798
0.514917
0.518351
0.510494
0.567748
0.527487
0.528834
0.521144
0.514195
0.513711
0.51918
0.519233
0.516479
0.518899
0.517976
0.521905
0.518079
0.505827
0.516436
0.520523
0.512283
0.511819
0.507589
0.511753
0.518264
0.518686
0.557949
0.519108
0.545545
0.515313
0.513473
0.53805
0.52041
0.514272
0.524451
0.516632
0.512712
0.520032
0.514565
0.512522
0.514989
0.517719
0.517829
0.5161
0.521835
0.517861
0.52298
0.51991
0.512794
0.53275
0.519498
0.52615
0.51969
0.517108
0.515917
0.516939
0.519937
0.516828
0.518881
0.52026
0.535796
0.514185
0.51882
0.524638
0.558736
0.5222
0.521726
0.515209
0.518395
0.514973
0.529397
0.521821
0.52523
0.520349
0.530284
0.5191
0.535699
0.514245
0.578234
0.52892
0.55725
0.546352
0.50955
0.518533
0.5299
0.564712
0.515728
0.524827
0.519135
0.515403
0.518232
0.508178
0.516571
0.513922
0.520172
0.519862
0.521196
0.521886
0.518639
0.518275
0.583111
0.51089
0.530405
0.519195
0.513717
0.513724
0.518295
0.516471
0.548462
0.52019
0.519768
0.513214
0.52481
0.515924
0.508567
0.527756
0.532762
0.511125
0.5203
0.517742
0.51833
0.521839
0.519074
0.515058
0.514113
0.532107
0.518519
0.516167
0.556737
0.514444
0.51472
0.517199
0.517881
0.518077
0.518312
0.529545
0.523418
0.520524
0.51741
0.521297
0.517277
0.524597
0.517156
0.513672
0.523685
0.51842
0.512048
0.559188
0.513912
0.511521
0.51948
0.524801
0.532424
0.512795
0.51591
0.516603
0.516561
0.520526
0.519812
0.514581
0.520913
0.5112
0.55816
0.519263
0.513375
0.515527
0.51193
0.516787
0.516112
0.516912
0.512937
0.521876
0.521428
0.520217
0.51858
0.518965
0.514101
0.515589
0.517727
0.518646
0.512697
0.52223
0.525386
0.54569
0.559875
0.522122
0.521638
0.515742
0.540425
0.513782
0.518614
0.522086
0.515452
0.546208
0.521343
0.518295
0.524772
0.518465
0.516395
0.520485
0.518668
0.524173
0.51872
0.516947
0.512018
0.51982
0.521125
0.520612
0.523733
0.51968
0.515222
0.517358
0.51249
