0.612957
0.600363
0.53543
0.539257
0.525755
0.524542
0.519932
0.519393
0.520664
0.518501
0.520797
0.56328
0.566555
0.564626
0.561615
0.5533
0.519057
0.517824
0.516736
0.511658
0.522846
0.516191
0.518874
0.520474
0.522357
0.521805
0.550147
0.557099
0.553855
0.522664
0.520803
0.518622
0.514104
0.515499
0.515612
0.54521
0.533168
0.545918
0.516051
0.517732
0.518338
0.516063
0.526045
0.52421
0.524352
0.514146
0.516802
0.517002
0.54714
0.518198
0.517843
0.517775
0.521511
0.520661
0.521144
0.51937
0.517908
0.513551
0.518573
0.546876
0.546106
0.521907
0.521634
0.514722
0.51469
0.524501
0.523303
0.52276
0.517897
0.514956
0.515175
0.515049
0.512694
0.518702
0.521194
0.520905
0.519339
0.516145
0.517914
0.515389
0.516283
0.514923
0.516568
0.522324
0.522065
0.522213
0.522075
0.547603
0.542802
0.528427
0.526328
0.526259
0.516766
0.517957
0.51492
0.566395
0.530258
0.519066
0.519196
0.520576
0.515497
0.51005
0.517359
0.518127
0.517666
0.515835
0.518304
0.517123
0.551798
0.517331
0.515945
0.514425
0.551777
0.525489
0.524398
0.522433
0.519309
0.521355
0.577657
0.590965
0.518166
0.517383
0.519718
0.518675
0.556599
0.56397
0.522284
0.524786
0.5176
0.518121
0.516906
0.515321
0.544566
0.560469
0.516307
0.51443
0.569574
0.57362
0.51596
0.518149
0.517009
0.525317
0.517852
0.517542
0.514048
0.511298
0.510065
0.507096
0.518345
0.560713
0.56905
0.573521
0.523192
0.522425
0.524376
0.517539
0.519479
0.517168
0.51333
0.519453
0.517366
0.523126
0.525682
0.519565
0.524099
0.524507
0.516671
0.515922
0.516545
0.520455
0.521459
0.51951
0.521318
0.515323
0.515238
0.515701
0.512694
0.517518
0.519703
0.52543
0.524758
0.518979
0.52366
0.522088
0.522452
0.518004
0.51941
0.534029
0.53727
0.539561
0.524603
0.524161
0.530235
0.528221
0.518987
0.520859
0.519128
0.517295
0.518477
0.517246
0.515058
0.521191
0.518683
0.516896
0.517658
0.533975
0.534532
0.521309
0.52246
0.513696
0.524338
0.522454
0.512556
0.514217
0.515672
0.555414
0.550763
0.512413
0.512881
0.511741
0.518065
0.515052
0.515034
0.520132
0.517725
0.516503
0.566894
0.568636
0.536149
0.53728
0.541261
0.523206
0.52274
0.523601
0.523151
0.547899
0.540602
0.516334
0.519807
0.519519
0.516871
0.515393
0.510099
0.511768
0.511661
0.519364
0.519946
0.522705
0.520564
0.520756
0.532372
0.526377
0.516689
0.518492
0.513989
0.512404
0.519235
0.566609
0.554085
0.514884
0.517058
0.517091
0.520967
0.520456
0.520942
0.514466
0.513627
0.512187
0.512788
0.541854
0.543172
0.589099
0.522886
0.522665
0.516339
0.585058
0.512263
0.517481
0.526356
0.523868
0.524504
0.515346
0.521844
0.521296
0.521236
0.537628
0.535262
0.540647
0.554454
0.551286
0.557787
0.551473
0.524672
0.527403
0.530482
0.576015
0.51577
0.513128
0.510889
0.51185
0.517449
0.515572
0.514489
0.517344
0.515288
0.596143
0.521878
0.522446
0.524432
0.518968
0.517471
0.514678
0.513571
0.525649
0.524474
0.519211
0.521438
0.519574
0.512482
0.561505
0.517199
0.515424
0.522306
0.514709
0.51679
0.5235
0.54002
0.513621
0.513693
0.511762
0.52192
0.521248
0.521397
0.518853
0.517829
0.518714
0.578541
0.565284
0.565319
0.556764
0.523978
0.530101
0.519156
0.511906
0.541167
0.551101
0.540855
0.514149
0.515804
0.519089
0.516722
0.521927
0.522743
0.517968
0.523328
0.545831
0.516863
0.515626
0.521243
0.543038
0.510513
0.508308
0.534722
0.523503
0.521913
0.559622
0.565308
0.577936
0.522807
0.519308
0.520603
0.516333
0.549011
0.518157
0.518948
0.526129
0.519721
0.520285
0.519367
0.519042
0.525914
0.51822
0.516387
0.518879
0.554365
0.551766
0.542586
0.520603
0.517378
0.515509
0.523545
0.522997
0.557899
0.548253
0.543714
0.543823
0.517776
0.519609
0.518188
0.517032
0.51693
0.516013
0.512999
0.517351
0.518504
0.518614
0.519373
0.519257
0.524456
0.521776
0.518328
0.516835
0.513316
0.548099
0.51973
0.516361
0.520853
0.52425
0.519764
0.574101
0.58317
0.514739
0.51372
0.526586
0.520729
0.523337
0.515628
0.516944
0.518026
0.517286
0.518041
0.576963
0.522262
0.521688
0.522656
0.519661
0.515451
0.51553
0.517656
0.522588
0.520235
0.515483
0.531073
0.518381
0.518861
0.520608
0.519206
0.520122
0.518731
0.563054
0.508598
0.514282
0.517381
0.515307
0.517425
0.519743
0.521201
0.525218
0.518543
0.518671
0.517292
0.521464
0.519802
0.518198
0.511284
0.515664
0.522613
0.509601
0.517163
0.51567
0.522302
0.51881
0.524297
0.517486
0.51782
0.521301
0.520077
0.525865
0.527369
0.533085
0.53083
0.53346
0.525715
0.522777
0.512919
0.514728
0.512749
0.513003
0.524398
0.514417
0.516699
0.522449
0.513801
0.514915
0.516439
0.52572
0.557329
0.520493
0.518626
0.517697
0.522665
0.520194
0.518754
0.518089
0.51914
0.517089
0.517003
0.518142
0.514589
0.512268
0.512348
0.516234
0.537964
0.521178
0.511323
0.513068
0.511367
0.518605
0.516997
0.519539
0.522519
0.521338
0.51643
0.524818
0.521199
0.531485
0.530407
0.519387
0.519479
0.520253
0.5186
0.516938
0.523921
0.513088
0.519453
0.521609
0.518516
0.518906
0.530045
0.528461
0.525512
0.523883
0.516723
0.521228
0.517126
0.51707
0.518362
0.517896
0.51657
0.520112
0.560497
0.570581
0.567657
0.516522
0.520437
0.516822
0.519716
0.51351
0.512719
0.517614
0.541433
0.539856
0.539939
0.517154
0.526256
0.540785
0.520782
0.521635
0.518446
0.521952
0.520059
0.51096
0.52124
0.520655
0.52828
0.514909
0.514493
0.520352
0.517663
0.517808
0.516701
0.517928
0.514118
0.516977
0.529879
0.52143
0.518805
0.562258
0.518488
0.518752
0.519071
0.517802
0.571022
0.57195
0.518634
0.518642
0.518225
0.516399
0.516447
0.532345
0.532899
0.523814
0.516028
0.516286
0.516029
0.513143
0.517545
0.515756
0.549505
0.522663
0.520619
0.564281
0.562859
0.546749
0.543299
0.523547
0.522567
0.515583
0.519885
0.597012
0.585779
0.590086
0.580266
0.575034
0.54611
0.520081
0.514286
0.517579
0.5192
0.520133
0.518883
0.522759
0.530083
0.522741
0.525037
0.525567
0.523058
0.516471
0.56297
0.561477
0.518229
0.519148
0.586198
0.516528
0.51848
0.513263
0.516228
0.515205
0.581803
0.521189
0.513986
0.561284
0.550657
0.553141
0.566135
0.567693
0.522064
0.521906
0.5195
0.521779
0.523039
0.51752
0.517592
0.515929
0.514898
0.517442
0.518638
0.519561
0.516167
0.518901
0.516904
0.513295
0.51398
0.572977
0.520566
0.521165
0.51836
0.520037
0.528894
0.539071
0.5386
0.535941
0.512673
0.513808
0.515352
0.552714
0.555688
0.564417
0.521427
0.513385
0.524157
0.521808
0.510488
0.517165
0.519697
0.531167
0.528744
0.518463
0.516757
0.524275
0.516572
0.566693
0.518729
0.534846
0.546754
0.519372
0.525109
0.521251
0.521426
0.522699
0.515484
0.515925
0.5177
0.520838
0.519027
0.572626
0.522314
0.518237
0.523178
0.52343
0.511775
0.512795
0.512788
0.515131
0.524409
0.518131
0.52245
0.520322
0.514426
0.523412
0.553337
0.520015
0.515059
0.514683
0.519779
0.546289
0.515938
0.51689
0.522956
0.522333
0.521913
0.524903
0.562039
0.525437
0.525754
0.519546
0.521871
0.519347
0.522658
0.523717
0.52199
0.520597
0.518236
0.515825
0.51469
0.514059
0.514971
0.516739
0.521166
0.521761
0.520569
0.52201
0.520197
0.520458
0.520571
0.518554
0.518049
0.546708
0.514181
0.514854
0.516723
0.515407
0.513853
0.515831
0.51206
0.517889
0.519829
0.526464
0.513013
0.520788
0.520448
0.514841
0.516288
0.523925
0.532636
0.514928
0.52644
0.523933
0.521833
0.519356
0.519015
0.538764
0.521778
0.518562
0.521263
0.520565
0.51642
0.523683
0.524087
0.523499
0.525263
0.524993
0.511235
0.516161
0.515052
0.514853
0.516408
0.598794
0.519011
0.515673
0.520523
0.525208
0.529978
0.520066
0.518207
0.517502
0.517772
0.525259
0.522212
0.522912
0.518745
0.533872
0.530207
0.519104
0.525883
0.521707
0.555236
0.518931
0.518591
0.513553
0.512782
0.530351
0.535401
0.534445
0.515278
0.513528
0.52204
0.554454
0.563923
0.518876
0.514854
0.526624
0.51812
0.581224
0.514358
0.516374
0.535901
0.522318
0.523059
0.522964
0.512269
0.51871
0.516547
0.535113
0.513171
0.512046
0.514235
0.511706
0.512473
0.510426
0.532762
0.51826
0.517489
0.524126
0.521135
0.516737
0.518358
0.516859
0.520967
0.521152
0.51597
0.564468
0.551642
0.512769
0.513669
0.520909
0.514957
0.532832
0.515989
0.514992
0.547454
0.521076
0.521669
0.522685
0.524937
0.523803
0.536879
0.516017
0.554806
0.516179
0.558153
0.543501
0.525599
0.525448
0.574312
0.516977
0.516654
0.516885
0.51617
0.515895
0.533261
0.520898
0.528313
0.515018
0.543394
0.514329
0.513926
0.514219
0.513945
0.522131
0.519716
0.526008
0.512456
0.51649
0.516277
0.516811
0.517479
0.523331
0.521202
0.518435
0.53321
0.522398
0.515842
0.531405
0.57041
0.573143
0.516104
0.514559
0.520487
0.521883
0.520715
0.522075
0.515535
0.517578
0.518862
0.53262
0.514626
0.525097
0.517288
0.519896
0.519899
0.51825
0.52328
0.522188
0.51726
0.53401
0.514125
0.582724
0.573817
0.519441
0.52592
0.518685
0.518786
0.519927
0.523046
0.526379
0.525513
0.520443
0.516816
0.513823
0.514595
0.542547
0.538195
0.518393
0.522682
0.520302
0.519073
0.511229
0.516812
0.523521
0.54077
0.519642
0.524216
0.511897
0.511448
0.515967
0.520431
0.520655
0.52014
0.522022
0.518569
0.571363
0.514693
0.513712
0.513482
0.512195
0.519005
0.522209
0.512942
0.522386
0.520634
0.519534
0.516806
0.518838
0.518174
0.517445
0.514553
0.522155
0.51244
0.51346
0.56527
0.525125
0.518609
0.518037
0.508171
0.543331
0.518996
0.518569
0.519548
0.5204
0.517463
0.516236
0.523955
0.522585
0.52378
0.520377
0.518576
0.514199
0.532322
0.514503
0.514394
0.522357
0.520256
0.515587
0.518484
0.514798
0.51429
0.513139
0.513609
0.551272
0.523985
0.518443
0.516718
0.522908
0.522591
0.521656
0.516941
0.521358
0.525013
0.534596
0.518491
0.52713
0.519617
0.517538
0.524121
0.519123
0.533425
0.523082
0.516318
0.518423
0.520112
0.514224
0.513803
0.515601
0.519513
0.535169
0.552338
0.520411
0.514419
0.512921
0.51094
0.544437
0.521353
0.525335
0.518095
0.517386
0.512485
0.512592
0.51297
0.513755
0.53232
0.525399
0.515292
0.514192
0.521755
0.519264
0.521978
0.526541
0.526666
0.519386
0.519378
0.52547
0.522884
0.512853
0.512958
0.515092
0.521504
0.540164
0.513194
0.522125
0.51856
0.525492
0.512578
0.517591
0.574118
0.524408
0.536358
0.513857
0.558633
0.516394
0.518515
0.565505
0.520776
0.548829
0.517236
0.52145
0.523034
0.52197
0.526371
0.5252
0.552229
0.515118
0.516371
0.519615
0.516271
0.526058
0.514917
0.517218
0.511891
0.520321
0.517235
0.517482
0.519459
0.518952
0.519394
0.514986
0.522635
0.531705
0.517383
0.51429
0.521139
0.519948
0.603176
0.522941
0.522857
0.516993
0.560725
0.523529
0.518025
0.512757
0.525315
0.523654
0.533493
0.516052
0.518381
0.554
0.519767
0.572125
0.514631
0.512679
0.516795
0.514334
0.520721
0.520337
0.520449
0.516972
0.527037
0.517944
0.519234
0.518003
0.518771
0.512993
0.518489
0.512297
0.523526
0.525463
0.520136
0.554306
0.52231
0.518465
0.5247
0.541229
0.518196
0.521662
0.534289
0.514447
0.553247
0.540002
0.517834
0.518588
0.571315
0.562374
0.52205
0.518209
0.519581
0.520715
0.518386
0.51559
0.51454
0.571045
0.565516
0.520537
0.514106
0.517058
0.516539
0.516047
0.519609
0.516081
0.527615
0.540928
0.571303
0.530554
0.543695
0.523202
0.578249
0.525133
0.518681
0.535604
0.513677
0.518968
0.516714
0.520023
0.533679
0.51462
0.514397
0.514089
0.536064
0.517434
0.518485
0.558897
0.525005
0.518851
0.528088
0.518023
0.522743
0.519221
0.50845
0.602375
0.51294
0.51831
0.515337
0.541003
0.516891
0.518212
0.528838
0.514237
0.519307
0.521621
0.533483
0.518076
0.518727
0.517535
0.525747
0.512441
0.512718
0.559175
0.515858
0.514865
0.508787
0.522039
0.519395
0.515845
0.515011
0.512284
0.565226
0.518685
0.517818
0.521296
0.516249
0.515807
0.515624
0.53065
0.569052
0.568168
0.510327
0.519507
0.519566
0.523228
0.525112
0.575919
0.567804
0.575042
0.594314
0.544765
0.524958
0.522857
0.545995
0.516939
0.515248
0.518055
0.52073
0.51937
0.524104
0.511481
0.520334
0.510015
0.518742
0.525077
0.512112
0.515085
0.521622
0.514298
0.525198
0.512823
0.521197
0.543741
0.530926
0.525288
0.5229
0.517792
0.517616
0.564853
0.514387
0.553256
0.54676
0.521903
0.519051
0.52257
0.517868
0.584508
0.523158
0.515491
0.517468
0.54051
0.511679
0.560601
0.518604
0.543572
0.540719
0.517267
0.598133
0.518901
0.543284
0.569159
0.519403
0.522942
0.525632
0.516761
0.567501
0.523196
0.519682
0.581157
0.519554
0.514531
0.513705
0.52578
0.533559
0.550905
0.519902
0.510841
0.51984
0.516325
0.515646
0.550432
0.520885
0.518674
0.516506
0.59249
0.569993
0.516721
0.523296
0.534632
0.513802
0.56716
0.549494
0.515369
0.537087
0.520992
0.523181
0.521517
0.520889
0.541567
0.517146
0.516863
0.516869
0.520143
0.516157
0.513856
0.585289
0.516547
0.516684
0.537947
0.516773
0.5179
0.543704
0.518842
0.51288
0.520075
0.520957
0.518269
0.535193
0.520477
0.520006
0.518867
0.520023
0.516874
0.521372
0.531578
0.516605
0.511501
0.518223
0.514476
0.5134
0.518948
0.51869
0.555699
0.54447
0.518847
0.545298
0.517288
0.514712
0.555084
0.563107
0.547569
0.509332
0.519783
0.528278
0.520543
0.513795
0.555991
0.524385
0.513986
0.53059
0.530265
0.537374
0.542851
0.515286
0.559905
0.522094
0.519687
0.52145
0.518707
0.512973
0.520552
0.517722
0.51727
0.517526
0.518398
0.518678
0.519852
0.522863
0.52176
0.516758
0.516989
0.519835
0.517681
0.543851
0.514539
0.520142
0.559334
0.517063
0.532742
0.517144
0.516557
0.515965
0.51392
0.56449
0.517215
0.516519
0.518389
0.554843
0.515859
0.512074
0.515121
0.517294
0.55505
0.564947
0.517081
0.516385
0.5205
0.522828
0.516554
0.521726
0.554842
0.567967
0.525245
0.523091
0.523183
0.514196
0.522266
0.519799
0.514225
0.513951
0.518634
0.521056
0.50846
0.539084
0.521942
0.513937
0.522413
0.536658
0.513339
0.516647
0.515113
0.518321
0.565129
0.557439
0.515338
0.522108
0.519802
0.519323
0.514455
0.523644
0.517956
0.518269
0.531809
0.568989
0.537196
0.600248
0.518506
0.558258
0.522815
0.52355
0.51325
0.535394
0.518641
0.519142
0.521792
0.512033
0.517737
0.53385
0.519089
0.514629
0.518504
0.521244
0.520589
0.571028
0.519891
0.519349
0.537954
0.543528
0.519227
0.518958
0.540796
0.517144
0.545423
0.518215
0.517433
0.514577
0.514111
0.519301
0.523078
0.513316
0.533419
0.519546
0.51719
0.527022
0.519866
0.513316
0.558261
0.51802
0.514904
0.515172
0.523495
0.518035
0.508533
0.553221
0.517293
0.520144
0.519264
0.510287
0.51584
0.51735
0.543611
0.504396
0.521277
0.523274
0.517792
0.515245
0.5143
0.517281
0.520723
0.518277
0.513447
0.519258
0.521335
0.524097
0.517229
0.517051
0.51832
0.514166
0.517592
0.516513
0.513765
0.513042
0.521602
0.518884
0.523928
0.518533
0.514429
0.515209
0.513671
0.510323
0.5156
0.510894
0.520015
0.514719
0.513942
0.538349
0.518901
0.51088
0.517621
0.512431
0.520564
0.523464
0.518251
0.517124
0.51504
0.531357
0.516555
0.520986
0.520812
0.533049
0.522115
0.51286
0.517213
0.521319
0.515253
0.522947
0.520292
0.523809
0.514162
0.520231
0.522431
0.521221
0.51779
0.523678
0.521443
0.521405
0.517627
0.518773
0.524806
0.514495
0.521934
0.536579
0.517817
0.51869
0.519126
0.54466
0.519432
0.515725
0.520063
0.516357
0.534065
0.553566
0.52439
0.50774
0.524227
0.514959
0.519226
0.518501
0.519248
0.531367
0.518631
0.514385
0.523215
0.559572
0.519368
0.508297
0.518093
0.522693
0.562954
0.518362
0.515957
0.5621
0.518198
0.522721
0.589123
0.579403
0.513072
0.522635
0.524357
0.507985
0.561313
0.521042
0.526941
0.512699
0.51393
0.517106
0.580607
0.522288
0.51847
0.515584
0.518726
0.527773
0.513888
0.518652
0.517733
0.516608
0.520607
0.509732
0.514347
0.526908
0.519968
0.525043
0.516195
0.523272
0.516382
0.519628
0.515248
0.522592
0.515398
0.515785
0.52218
0.522057
0.514291
0.517395
0.597602
0.519793
0.515151
0.574404
0.516054
0.521067
0.547463
0.518703
0.516905
0.512854
0.519274
0.522841
0.542039
0.521787
0.522882
0.515269
0.519809
0.518033
0.528288
0.517502
0.517813
0.534258
0.596452
0.518839
0.520445
0.516471
0.537632
0.545315
0.512217
0.52336
0.523309
0.517251
0.513126
0.507873
0.516635
0.519812
0.54963
0.515787
0.521182
0.515781
0.529715
0.518196
0.525486
0.550814
0.53721
0.520022
0.523641
0.521039
0.518349
0.517841
0.517944
0.517469
0.531957
0.515008
0.512404
0.517183
0.518828
0.520027
0.516598
0.545651
0.520883
0.514125
0.531478
0.517955
0.543554
0.519662
0.520053
0.522518
0.529598
0.514874
0.512865
0.517044
0.521914
0.52527
0.518183
0.544274
0.521908
0.516973
0.546158
0.561096
0.516631
0.517662
0.513958
0.518902
0.516917
0.52102
0.518845
0.521844
0.524497
0.519216
0.560074
0.515593
0.516285
0.517122
0.558363
0.515112
0.51998
0.550428
0.57468
0.523385
0.559017
0.522241
0.517102
0.518405
0.52254
0.512033
0.520887
0.516376
0.516299
0.522301
0.516
0.525043
0.521901
0.523672
0.524285
0.514494
0.51892
0.515795
