0.515843
0.540019
0.540756
0.53176
0.525451
0.525285
0.510841
0.519519
0.518848
0.52294
0.567342
0.55347
0.551593
0.511436
0.513433
0.524722
0.521212
0.516734
0.514496
0.517302
0.557534
0.5516
0.549257
0.557423
0.559076
0.516
0.518264
0.516906
0.520017
0.519452
0.51329
0.517373
0.515181
0.519557
0.520486
0.564232
0.533338
0.521604
0.522085
0.515717
0.518532
0.518398
0.553218
0.519137
0.518497
0.518302
0.52528
0.524753
0.517623
0.517624
0.516243
0.516808
0.520303
0.52066
0.519428
0.512229
0.513957
0.520723
0.51943
0.520549
0.516826
0.520253
0.509131
0.521811
0.523325
0.523811
0.521709
0.516279
0.517676
0.536992
0.523762
0.522305
0.521866
0.515258
0.515728
0.516558
0.514366
0.516291
0.531961
0.523891
0.523113
0.513521
0.516385
0.517578
0.515451
0.516413
0.519179
0.51663
0.516728
0.51495
0.56539
0.51655
0.540587
0.539813
0.512488
0.513668
0.519592
0.51798
0.520463
0.55795
0.557305
0.552932
0.523308
0.520938
0.523585
0.509871
0.591286
0.575229
0.519281
0.518581
0.519976
0.52063
0.515691
0.516682
0.514647
0.514088
0.543736
0.541167
0.546062
0.516662
0.517872
0.596363
0.557526
0.518474
0.516396
0.59131
0.597261
0.521475
0.521328
0.523363
0.513382
0.521276
0.519654
0.51876
0.519122
0.518038
0.514653
0.516255
0.51578
0.564175
0.567716
0.522549
0.516788
0.516852
0.517389
0.607305
0.525428
0.523105
0.524207
0.513595
0.512622
0.517834
0.518286
0.520098
0.516682
0.515506
0.51601
0.518505
0.523413
0.521813
0.516156
0.515678
0.517457
0.519512
0.520441
0.51653
0.521422
0.52017
0.52126
0.57306
0.515019
0.515779
0.515039
0.512488
0.512315
0.525751
0.524652
0.511956
0.521674
0.537977
0.523562
0.510615
0.520634
0.52992
0.515134
0.525383
0.523663
0.522311
0.520547
0.52367
0.514835
0.517735
0.525001
0.525951
0.523812
0.515508
0.516203
0.519529
0.5087
0.511578
0.517446
0.516965
0.540748
0.540778
0.520007
0.522887
0.513752
0.525895
0.563456
0.557258
0.583466
0.51229
0.513774
0.5157
0.516323
0.519762
0.518903
0.524288
0.51644
0.520794
0.525309
0.522909
0.516042
0.515982
0.514302
0.562089
0.516468
0.526956
0.523809
0.524054
0.512036
0.509631
0.517483
0.517796
0.515706
0.519841
0.518941
0.519117
0.542512
0.53529
0.512741
0.514254
0.590477
0.517392
0.518224
0.51774
0.515925
0.517087
0.51638
0.509131
0.507685
0.514067
0.523741
0.560935
0.519861
0.527327
0.526186
0.518168
0.51761
0.522822
0.517203
0.518136
0.512359
0.520949
0.521435
0.515229
0.516417
0.517228
0.538302
0.539154
0.543106
0.550631
0.553852
0.520744
0.52175
0.521603
0.556229
0.548765
0.522548
0.581022
0.572395
0.511608
0.513528
0.525505
0.584859
0.514327
0.508978
0.516266
0.513548
0.513959
0.518078
0.520574
0.522204
0.519255
0.53022
0.612572
0.516877
0.519374
0.515349
0.516374
0.558758
0.51759
0.52208
0.517466
0.516326
0.564128
0.564733
0.536069
0.517022
0.515932
0.520574
0.518012
0.571151
0.56147
0.566717
0.572212
0.540063
0.539651
0.514369
0.517039
0.516342
0.514716
0.51391
0.516834
0.571115
0.519482
0.52756
0.527517
0.512653
0.519003
0.525903
0.525153
0.516149
0.519843
0.550835
0.510569
0.512713
0.532615
0.542628
0.516405
0.514574
0.515074
0.512014
0.520427
0.52131
0.51848
0.566652
0.518378
0.51835
0.516523
0.51801
0.518357
0.519373
0.559213
0.524303
0.528325
0.525802
0.519281
0.52617
0.516345
0.519985
0.523085
0.525158
0.51675
0.522524
0.520274
0.520627
0.524916
0.515849
0.516494
0.521464
0.521953
0.5228
0.522688
0.522098
0.518951
0.51868
0.527255
0.521116
0.520958
0.522263
0.509188
0.513272
0.517749
0.518904
0.51863
0.585748
0.589898
0.508697
0.508042
0.510809
0.516012
0.516233
0.523331
0.523654
0.526462
0.517273
0.516119
0.517755
0.516211
0.522137
0.522553
0.521292
0.520528
0.522226
0.51986
0.518968
0.516987
0.516771
0.516884
0.513672
0.511788
0.521256
0.547725
0.515746
0.518012
0.517005
0.518535
0.516987
0.520075
0.518868
0.574572
0.543275
0.558351
0.517877
0.522027
0.515199
0.516346
0.521182
0.522146
0.517764
0.518249
0.513941
0.514124
0.516357
0.554521
0.516643
0.51646
0.51034
0.510782
0.540257
0.566541
0.557233
0.518187
0.518202
0.521144
0.522815
0.517516
0.517016
0.563388
0.518046
0.519088
0.511069
0.517369
0.514174
0.515053
0.517849
0.516142
0.523374
0.518029
0.515429
0.517624
0.513743
0.515798
0.516949
0.513634
0.534073
0.520827
0.520409
0.537303
0.54417
0.540589
0.516473
0.515321
0.515372
0.513452
0.560196
0.513291
0.519621
0.51947
0.52081
0.515267
0.517137
0.51772
0.513792
0.512762
0.516006
0.516891
0.524156
0.522906
0.51925
0.519556
0.524504
0.518652
0.519893
0.512921
0.512302
0.51166
0.551707
0.508961
0.519431
0.513099
0.516851
0.517892
0.510145
0.51755
0.513549
0.513596
0.517768
0.51759
0.515258
0.515653
0.514801
0.515391
0.52532
0.524308
0.523219
0.511355
0.509617
0.514777
0.515958
0.518485
0.51272
0.507856
0.512514
0.546547
0.549064
0.514612
0.515577
0.541019
0.546994
0.524423
0.515684
0.520018
0.538105
0.517703
0.520399
0.519049
0.518716
0.521241
0.520855
0.519979
0.519084
0.540341
0.521814
0.520439
0.525812
0.521969
0.527255
0.526627
0.513663
0.514485
0.519149
0.517591
0.513062
0.519633
0.527621
0.523553
0.523754
0.527917
0.522696
0.524736
0.526043
0.524832
0.524229
0.525897
0.518243
0.527113
0.527348
0.587374
0.592045
0.517641
0.516658
0.517983
0.517879
0.527889
0.511841
0.517492
0.515374
0.516474
0.515879
0.516438
0.512987
0.517161
0.521172
0.524056
0.524337
0.525818
0.541047
0.513819
0.51494
0.522072
0.513692
0.514599
0.519531
0.547261
0.544003
0.541689
0.517095
0.516741
0.516227
0.583032
0.57761
0.517118
0.519068
0.518378
0.594755
0.598758
0.589208
0.512788
0.523669
0.5176
0.518172
0.518184
0.526383
0.517827
0.519121
0.521514
0.514039
0.519899
0.52171
0.521248
0.533478
0.547346
0.544763
0.524904
0.518246
0.517151
0.508605
0.515665
0.514521
0.571209
0.516875
0.519004
0.518248
0.606425
0.584496
0.519055
0.518773
0.549802
0.550957
0.551651
0.527712
0.516748
0.514928
0.515756
0.515427
0.518841
0.527426
0.516237
0.513683
0.543416
0.518245
0.518345
0.524796
0.534585
0.531609
0.575848
0.513338
0.51145
0.516424
0.585757
0.580908
0.517606
0.515352
0.513725
0.51415
0.524116
0.533444
0.52095
0.52034
0.51941
0.537062
0.52909
0.516966
0.517178
0.515368
0.51833
0.516019
0.522814
0.566523
0.517226
0.52293
0.515881
0.514592
0.514931
0.51463
0.550475
0.547061
0.522484
0.522964
0.51886
0.521233
0.516841
0.522118
0.516407
0.515294
0.521551
0.51979
0.518461
0.518037
0.51845
0.518594
0.515289
0.515714
0.513479
0.514289
0.51432
0.522548
0.577414
0.513962
0.511797
0.526013
0.524305
0.512176
0.513042
0.516535
0.511055
0.525851
0.528378
0.511986
0.510764
0.576345
0.575723
0.514861
0.523871
0.514343
0.516411
0.518592
0.523187
0.521395
0.514666
0.518622
0.550766
0.51776
0.540093
0.538304
0.523297
0.522771
0.518146
0.523066
0.524075
0.522346
0.522582
0.563467
0.567151
0.521159
0.518536
0.521258
0.522668
0.554463
0.518915
0.523224
0.523945
0.518411
0.514142
0.516779
0.526381
0.526418
0.51871
0.517168
0.517312
0.55812
0.553406
0.513321
0.51405
0.515043
0.516125
0.511444
0.51383
0.511008
0.517675
0.516758
0.514365
0.522463
0.51561
0.516053
0.528948
0.514773
0.51844
0.514478
0.54313
0.516731
0.517487
0.518724
0.510783
0.517951
0.524856
0.516664
0.519122
0.52322
0.513504
0.595516
0.514549
0.521903
0.518199
0.515408
0.517206
0.517173
0.514617
0.523175
0.52233
0.518795
0.535268
0.522251
0.520335
0.518869
0.516927
0.518076
0.516292
0.517386
0.514645
0.527292
0.534398
0.516162
0.517354
0.514111
0.512744
0.514883
0.512485
0.552884
0.512597
0.515391
0.520616
0.518616
0.541363
0.537284
0.522417
0.514996
0.531143
0.521468
0.516466
0.51905
0.518584
0.50843
0.514622
0.514566
0.514628
0.522632
0.528387
0.515122
0.569077
0.574346
0.522016
0.52016
0.510918
0.512265
0.51369
0.543597
0.518045
0.514181
0.523768
0.571178
0.559128
0.540959
0.538721
0.519707
0.525925
0.514942
0.515999
0.520791
0.555045
0.523538
0.541674
0.513427
0.560839
0.531407
0.520134
0.519923
0.525138
0.522768
0.554105
0.515743
0.516861
0.514758
0.517921
0.517306
0.540966
0.522025
0.519672
0.558369
0.512838
0.5191
0.51736
0.525409
0.525067
0.515769
0.515744
0.52225
0.527904
0.516349
0.515046
0.520223
0.519758
0.517953
0.518232
0.521807
0.518809
0.519973
0.520204
0.539604
0.51693
0.522456
0.517982
0.520598
0.516473
0.521366
0.515524
0.514651
0.516955
0.520879
0.518454
0.5185
0.522601
0.520875
0.521559
0.524165
0.522253
0.522572
0.516962
0.513782
0.536557
0.523907
0.513693
0.516695
0.561586
0.555778
0.52673
0.519444
0.529066
0.525925
0.524382
0.514651
0.522316
0.520841
0.53367
0.518936
0.517327
0.526256
0.52519
0.516901
0.518253
0.516114
0.523925
0.512725
0.513501
0.515353
0.523527
0.517547
0.519934
0.5237
0.521572
0.522456
0.51569
0.514188
0.517554
0.514326
0.513511
0.520805
0.523867
0.517571
0.54584
0.573429
0.519262
0.518485
0.523896
0.516183
0.514698
0.5143
0.518512
0.5121
0.520715
0.512243
0.554812
0.523432
0.512397
0.524103
0.522703
0.51523
0.512606
0.537341
0.541281
0.529221
0.526818
0.518187
0.521505
0.518862
0.520846
0.521609
0.522911
0.522851
0.520412
0.509684
0.513148
0.523174
0.527655
0.517441
0.518259
0.519567
0.515106
0.511991
0.510223
0.517097
0.51419
0.520539
0.5241
0.5126
0.520756
0.508407
0.520051
0.522506
0.521258
0.515905
0.515959
0.516393
0.518503
0.541049
0.51571
0.522946
0.51551
0.518355
0.513965
0.547281
0.5172
0.526988
0.528342
0.527
0.515182
0.515147
0.515321
0.510659
0.520825
0.528512
0.534747
0.519688
0.529067
0.528755
0.521051
0.525475
0.512739
0.513968
0.532523
0.518634
0.589242
0.521326
0.596936
0.516798
0.523219
0.513839
0.518
0.516152
0.516543
0.52538
0.515732
0.557247
0.566994
0.563715
0.512298
0.508595
0.525248
0.515606
0.560099
0.559016
0.512184
0.577177
0.521939
0.52129
0.519974
0.515699
0.519929
0.525918
0.521778
0.5224
0.527458
0.523621
0.5177
0.522611
0.523022
0.522037
0.524761
0.523435
0.517574
0.517064
0.51867
0.553689
0.522892
0.516696
0.525282
0.514229
0.518039
0.521119
0.517761
0.516896
0.516399
0.519331
0.514394
0.534925
0.516319
0.526199
0.526326
0.511967
0.518497
0.513958
0.51004
0.518263
0.518764
0.515646
0.510526
0.515871
0.516809
0.526048
0.526382
0.513076
0.513284
0.516136
0.516083
0.525865
0.518865
0.54976
0.514842
0.5134
0.511902
0.516007
0.517979
0.51176
0.52543
0.514614
0.55428
0.514081
0.515345
0.525342
0.520326
0.519188
0.530376
0.544143
0.523455
0.520539
0.524492
0.523773
0.514305
0.511891
0.578181
0.5122
0.523599
0.52296
0.526817
0.521334
0.520418
0.505832
0.521636
0.524217
0.530485
0.528587
0.530082
0.529429
0.526075
0.551047
0.513213
0.580054
0.525738
0.518802
0.517176
0.520072
0.521091
0.565929
0.519849
0.518687
0.516862
0.514484
0.519945
0.521816
0.515214
0.548358
0.517187
0.519026
0.517731
0.518747
0.517335
0.518162
0.520708
0.518811
0.521231
0.512385
0.516962
0.517988
0.515838
0.524581
0.582046
0.587035
0.520947
0.53085
0.567531
0.554646
0.557235
0.516991
0.54552
0.513341
0.552613
0.516138
0.554722
0.580943
0.518259
0.525334
0.52389
0.516876
0.518808
0.524978
0.5191
0.572567
0.565249
0.582181
0.550057
0.516658
0.520041
0.517468
0.5176
0.528421
0.522337
0.522222
0.519659
0.5164
0.518018
0.527848
0.578469
0.524162
0.545875
0.520806
0.517239
0.537008
0.517706
0.540803
0.527599
0.518035
0.520626
0.524391
0.576324
0.521915
0.538746
0.527478
0.519393
0.515887
0.524773
0.526378
0.524862
0.507039
0.525776
0.51824
0.515429
0.511689
0.519959
0.519265
0.517607
0.516842
0.515862
0.525471
0.513573
0.514425
0.516107
0.517258
0.512437
0.523767
0.523532
0.52062
0.525197
0.576109
0.523287
0.522437
0.518213
0.520441
0.531129
0.524455
0.509002
0.560236
0.524965
0.524923
0.524673
0.51085
0.52655
0.52536
0.517182
0.514333
0.522973
0.52472
0.513642
0.529056
0.518558
0.561263
0.528593
0.516095
0.516118
0.516154
0.506997
0.516773
0.511978
0.522351
0.525199
0.527301
0.517832
0.51234
0.519687
0.521953
0.51195
0.591817
0.514705
0.530354
0.565575
0.518834
0.523047
0.524597
0.544586
0.517503
0.514801
0.526115
0.51907
0.519609
0.520794
0.517338
0.515797
0.520171
0.516975
0.516966
0.558373
0.544239
0.539511
0.522229
0.56783
0.514968
0.522023
0.53952
0.514009
0.512781
0.524561
0.541998
0.52651
0.515795
0.523576
0.525865
0.520075
0.584935
0.526135
0.55208
0.513937
0.522831
0.51969
0.521057
0.544533
0.518931
0.517479
0.51967
0.515022
0.519025
0.516216
0.543076
0.529618
0.515838
0.517622
0.516919
0.522587
0.523289
0.555606
0.514926
0.51528
0.535354
0.517037
0.518706
0.515029
0.561119
0.546171
0.530023
0.521792
0.51679
0.512877
0.56959
0.517937
0.552814
0.555805
0.524133
0.519695
0.51748
0.518189
0.518647
0.515595
0.516506
0.517802
0.515652
0.565361
0.519948
0.527451
0.513459
0.51862
0.517506
0.514434
0.515044
0.519367
0.521985
0.524258
0.525327
0.514688
0.516652
0.518772
0.51349
0.521471
0.519742
0.558323
0.564271
0.516444
0.536873
0.539148
0.520803
0.513314
0.522034
0.515079
0.547344
0.569118
0.515397
0.517658
0.512607
0.513034
0.515032
0.539257
0.541563
0.522024
0.52247
0.520474
0.51816
0.541741
0.514988
0.514451
0.527667
0.5267
0.517134
0.518703
0.565195
0.520404
0.52372
0.52278
0.521141
0.523735
0.516846
0.519563
0.515665
0.518362
0.538223
0.53713
0.514624
0.524087
0.522668
0.513388
0.517257
0.517084
0.514665
0.515433
0.519987
0.519599
0.515702
0.559175
0.539587
0.556127
0.516727
0.529932
0.528879
0.576305
0.51601
0.51808
0.521386
0.522341
0.515518
0.516104
0.516233
0.519148
0.51577
0.516359
0.527139
0.525432
0.514815
0.517184
0.520062
0.520041
0.519697
0.52444
0.516302
0.519494
0.519103
0.519938
0.514419
0.52182
0.514661
0.5768
0.518128
0.54813
0.558784
0.519145
0.52155
0.514786
0.51566
0.518689
0.517628
0.532438
0.520876
0.514752
0.54057
0.546929
0.51254
0.540925
0.520943
0.534941
0.540651
0.516678
0.539626
0.518444
0.520763
0.546335
0.510755
0.516995
0.517529
0.511979
0.512524
0.537368
0.51618
0.525482
0.516224
0.516685
0.532357
0.518319
0.518328
0.51769
0.517623
0.516705
0.544629
0.547048
0.516452
0.515073
0.53903
0.517155
0.516633
0.506451
0.520993
0.515595
0.514167
0.516802
0.522551
0.520006
0.524959
0.522066
0.513214
0.517268
0.546464
0.515061
0.517625
0.583396
0.516891
0.513151
0.562026
0.510855
0.51716
0.517964
0.522079
0.514658
0.527042
0.531935
0.515896
0.516297
0.516554
0.518761
0.517226
0.515522
0.514708
0.515299
0.519809
0.514698
0.520572
0.519402
0.522961
0.526791
0.54992
0.516273
0.52051
0.53698
0.512859
0.521983
0.517617
0.520221
0.518827
0.515682
0.518461
0.522795
0.523236
0.518508
0.518426
0.518262
0.518117
0.515555
0.517408
0.516444
0.515908
0.520433
0.519647
0.516447
0.562648
0.546797
0.517919
0.519174
0.515616
0.515466
0.522372
0.518083
0.513686
0.514854
0.51795
0.519194
0.51516
0.519368
0.515641
0.520474
0.518962
0.5396
0.520603
0.515372
0.582054
0.512397
0.510613
0.516056
0.51909
0.518446
0.522371
0.52238
0.518255
0.523077
0.51593
0.566692
0.570333
0.520332
0.563045
0.517617
0.556151
0.516395
0.511851
0.518311
0.579876
0.517911
0.515919
0.517492
0.519896
0.515276
0.519746
0.51787
0.538627
0.520417
0.513169
0.519388
0.515526
0.525267
0.530288
0.531711
0.512426
0.523688
0.523727
0.523407
0.515194
0.522996
0.522304
0.51937
0.519138
0.523862
0.523729
0.551652
0.519669
0.522327
0.549788
0.541829
0.512621
0.513177
0.517798
0.519939
0.525093
0.52104
0.556393
0.515304
0.513841
0.513295
0.574408
0.525274
0.539692
0.518173
0.517209
0.519837
0.516876
0.576501
0.52415
0.513797
0.512302
0.515409
0.514492
0.516009
0.519025
0.518775
0.520936
0.540677
0.521009
0.516428
0.552796
0.516776
0.520585
0.5141
0.528433
0.518992
0.574671
0.533704
0.51756
0.520453
0.51828
0.52238
0.549715
0.517462
0.564
0.520852
0.518199
0.535933
0.516344
0.533252
0.519987
0.520704
0.520499
0.517469
0.523359
0.557756
0.517073
0.508536
0.511584
0.519019
0.519896
0.519009
0.518955
0.514415
0.545994
0.524138
0.543279
0.522745
0.557782
0.554171
0.518894
0.541862
0.540162
0.522015
0.515167
0.533119
0.527991
0.517991
0.53477
0.519824
0.508334
0.535608
0.523081
0.520674
0.512694
0.516794
0.517089
0.516196
0.521511
0.520968
0.524061
0.515329
0.519956
0.602803
0.512267
0.520084
0.548588
0.524877
0.515595
0.519209
0.525382
0.523399
0.535338
0.52388
0.524338
0.527303
0.521215
0.518904
0.573245
0.565991
0.558126
0.51321
0.552236
0.518302
0.520182
0.521694
0.520925
0.56501
0.516036
0.518559
0.511612
0.516903
0.51706
0.513042
0.516304
0.521309
0.516554
0.572059
0.52012
0.52548
0.519625
0.507512
0.519644
0.518034
0.516187
0.517784
0.515065
0.518762
0.515247
0.519325
0.523191
0.519994
0.520487
0.553073
0.516517
0.519066
0.521039
0.524755
0.564458
0.515256
0.524877
0.51849
0.524781
0.525478
0.520073
0.519378
0.5166
0.523133
0.517511
0.530054
0.522318
0.523948
0.516695
0.517447
0.516579
0.565706
