0.516011
0.516021
0.521186
0.519589
0.554249
0.515695
0.513283
0.584283
0.579086
0.516125
0.517492
0.517061
0.526993
0.521288
0.517568
0.512817
0.522522
0.554062
0.543596
0.570014
0.517133
0.516173
0.519696
0.524768
0.523036
0.521874
0.522348
0.521908
0.522742
0.570645
0.576273
0.512385
0.514278
0.514715
0.556644
0.566736
0.523384
0.51939
0.512673
0.511664
0.518791
0.520816
0.523822
0.5185
0.529022
0.524171
0.521851
0.521428
0.514063
0.514251
0.513262
0.519142
0.513022
0.515646
0.513351
0.517438
0.515828
0.514016
0.514223
0.517606
0.516825
0.55238
0.522701
0.520943
0.574197
0.518578
0.518564
0.560817
0.560942
0.516801
0.532408
0.512586
0.512834
0.518747
0.519775
0.521898
0.521824
0.536005
0.542151
0.546107
0.512424
0.511301
0.514265
0.521603
0.520779
0.521591
0.513265
0.514181
0.513731
0.50801
0.510639
0.50852
0.517568
0.518038
0.51726
0.522055
0.521265
0.582119
0.512074
0.512543
0.515438
0.59923
0.52087
0.521975
0.514683
0.524451
0.541423
0.517002
0.517949
0.516613
0.518435
0.521665
0.513206
0.519224
0.521151
0.521738
0.522507
0.520923
0.520407
0.517074
0.517488
0.518001
0.515462
0.512584
0.518862
0.591934
0.584024
0.510981
0.512335
0.510392
0.511555
0.587095
0.587356
0.571236
0.512322
0.51161
0.518599
0.517307
0.517689
0.517315
0.511116
0.510321
0.56087
0.570795
0.567653
0.516445
0.510853
0.5121
0.513813
0.521199
0.519816
0.554077
0.557501
0.515529
0.517896
0.517904
0.519259
0.532767
0.533027
0.522792
0.523533
0.522144
0.577398
0.509673
0.509574
0.521565
0.524712
0.522947
0.511586
0.517509
0.517586
0.51926
0.525477
0.522708
0.521368
0.522174
0.520573
0.517621
0.520912
0.515132
0.549051
0.509871
0.538208
0.53364
0.532674
0.517923
0.512944
0.512609
0.527371
0.52634
0.56351
0.572453
0.511935
0.51062
0.51275
0.517981
0.518959
0.517784
0.513393
0.520602
0.522601
0.511911
0.508996
0.518698
0.519076
0.512901
0.513486
0.516196
0.514037
0.518027
0.538962
0.529906
0.544065
0.525099
0.521153
0.519727
0.525148
0.521
0.515677
0.517267
0.517112
0.525429
0.530396
0.526362
0.523624
0.576041
0.51919
0.517774
0.513614
0.515641
0.522466
0.520918
0.520364
0.554262
0.557392
0.5245
0.516526
0.52239
0.521115
0.519859
0.51293
0.513791
0.566831
0.558731
0.512788
0.512072
0.517746
0.51628
0.58662
0.575871
0.5172
0.517662
0.515815
0.597419
0.577653
0.591834
0.515882
0.521772
0.523927
0.519707
0.519652
0.519441
0.522997
0.55983
0.555845
0.535839
0.512498
0.514039
0.524257
0.517783
0.515354
0.560344
0.548459
0.558186
0.582053
0.586928
0.577239
0.578082
0.56558
0.549612
0.56046
0.552817
0.517376
0.512984
0.516694
0.518079
0.514397
0.523306
0.514477
0.51889
0.516809
0.554477
0.556039
0.511236
0.513129
0.512854
0.529301
0.526324
0.515686
0.514807
0.516771
0.518614
0.517829
0.524576
0.558649
0.581725
0.585597
0.517624
0.519702
0.569049
0.575381
0.527795
0.527907
0.532404
0.518052
0.513402
0.51832
0.518402
0.519017
0.516618
0.515777
0.523301
0.522059
0.517472
0.524352
0.527229
0.529064
0.519026
0.517401
0.511855
0.518577
0.520364
0.521454
0.519799
0.521418
0.516191
0.517986
0.51072
0.52286
0.518575
0.518593
0.572576
0.579331
0.520159
0.522106
0.518524
0.516145
0.506453
0.523614
0.52113
0.525148
0.522826
0.513313
0.510703
0.516735
0.511829
0.570871
0.519726
0.520125
0.523113
0.516104
0.57759
0.564776
0.527528
0.520263
0.521413
0.519949
0.521448
0.512787
0.510824
0.510988
0.510058
0.523679
0.516041
0.513202
0.515337
0.517731
0.520028
0.521032
0.512818
0.510377
0.513567
0.562387
0.55854
0.510392
0.520212
0.521724
0.518934
0.516458
0.526248
0.570154
0.566069
0.524367
0.551061
0.51947
0.521134
0.518427
0.521105
0.52273
0.522124
0.520974
0.524099
0.526072
0.517561
0.516317
0.518455
0.512786
0.513542
0.51311
0.517718
0.517413
0.512405
0.513279
0.532134
0.53936
0.524944
0.542096
0.516345
0.516757
0.588525
0.514987
0.51281
0.513489
0.510644
0.528159
0.525943
0.516172
0.516359
0.516048
0.52386
0.523023
0.52263
0.524354
0.521198
0.520012
0.518761
0.519498
0.521568
0.519572
0.545809
0.518642
0.518261
0.511901
0.515488
0.513488
0.514926
0.553853
0.536101
0.557011
0.551696
0.516702
0.508794
0.513173
0.51232
0.522595
0.52167
0.522508
0.519283
0.519743
0.514452
0.514453
0.516274
0.512781
0.510587
0.51879
0.567458
0.514041
0.516611
0.519148
0.522174
0.523778
0.523797
0.516168
0.522558
0.540545
0.543884
0.522069
0.522994
0.527749
0.53166
0.523081
0.519097
0.520897
0.507081
0.510182
0.527153
0.556294
0.529619
0.52463
0.526619
0.522504
0.524295
0.517073
0.519089
0.514234
0.516573
0.546449
0.508212
0.510521
0.510789
0.525707
0.539534
0.517003
0.515614
0.518606
0.565091
0.523562
0.509336
0.508226
0.511507
0.513416
0.513684
0.517608
0.525533
0.525733
0.522954
0.511237
0.515101
0.538849
0.513942
0.523528
0.521389
0.526103
0.52391
0.51928
0.534884
0.533216
0.527693
0.526909
0.584852
0.571824
0.520657
0.525351
0.523947
0.523874
0.521975
0.518117
0.524114
0.527487
0.527743
0.517979
0.57165
0.574966
0.583748
0.514647
0.547044
0.546134
0.524891
0.517636
0.518763
0.515188
0.519083
0.520169
0.516015
0.517952
0.515433
0.605458
0.566463
0.559794
0.567706
0.541863
0.50595
0.520099
0.519734
0.519495
0.532563
0.514367
0.57146
0.50559
0.510007
0.515151
0.51796
0.585642
0.586774
0.511203
0.511062
0.521083
0.521835
0.523113
0.561122
0.520484
0.521038
0.517364
0.516346
0.518525
0.517536
0.52022
0.518357
0.523665
0.520466
0.520787
0.512373
0.513883
0.523923
0.52032
0.524432
0.515467
0.515375
0.51401
0.522536
0.523583
0.512543
0.509078
0.521465
0.521963
0.519009
0.519973
0.517812
0.52045
0.514874
0.514374
0.523113
0.520384
0.518344
0.524971
0.515045
0.515723
0.511174
0.514498
0.517269
0.517699
0.523076
0.516799
0.528946
0.533693
0.510301
0.511511
0.514076
0.513804
0.514013
0.519482
0.51427
0.513612
0.510093
0.508828
0.508789
0.520381
0.524241
0.524242
0.51855
0.523028
0.522061
0.515214
0.51758
0.506874
0.514571
0.513127
0.518028
0.518398
0.542355
0.549113
0.508566
0.522977
0.517949
0.531716
0.522722
0.522607
0.520538
0.521621
0.520432
0.518566
0.522009
0.515054
0.516898
0.517777
0.522681
0.513362
0.524548
0.527569
0.52581
0.52449
0.519802
0.517508
0.519215
0.519551
0.569938
0.551512
0.518914
0.520653
0.522289
0.515279
0.513005
0.520283
0.514893
0.508784
0.508145
0.588889
0.582036
0.512662
0.514726
0.513734
0.514904
0.52365
0.5142
0.51703
0.531933
0.534875
0.560417
0.51321
0.51574
0.515288
0.526043
0.518465
0.51744
0.508861
0.510249
0.511948
0.525489
0.523924
0.520032
0.51724
0.519139
0.522094
0.523202
0.528847
0.576167
0.522069
0.518502
0.521798
0.515521
0.526351
0.524176
0.520424
0.51675
0.51988
0.526645
0.521486
0.527857
0.527887
0.529329
0.53185
0.536143
0.51307
0.564626
0.514797
0.563716
0.510379
0.512989
0.510603
0.513481
0.513457
0.511239
0.513439
0.519331
0.568351
0.506996
0.525508
0.517446
0.506921
0.507039
0.516358
0.516296
0.51993
0.517776
0.516337
0.518716
0.529192
0.527079
0.527193
0.518949
0.513343
0.506101
0.515692
0.516281
0.515853
0.520119
0.523266
0.516595
0.590782
0.513936
0.528492
0.5346
0.535904
0.513008
0.518277
0.519052
0.51769
0.522324
0.568919
0.512012
0.515378
0.519659
0.526602
0.520376
0.521369
0.521181
0.521643
0.519992
0.516283
0.51857
0.521495
0.510991
0.557237
0.512546
0.53279
0.538706
0.514885
0.543001
0.52105
0.574746
0.524384
0.51971
0.513092
0.517215
0.518735
0.570843
0.577787
0.522129
0.516636
0.542678
0.556052
0.515229
0.51921
0.516868
0.516395
0.517385
0.52106
0.511307
0.516146
0.512186
0.523967
0.522741
0.506258
0.5166
0.524044
0.51798
0.51099
0.514813
0.514076
0.574174
0.518803
0.521015
0.524853
0.51407
0.51756
0.517596
0.524152
0.51802
0.518129
0.522022
0.520628
0.520127
0.519071
0.522498
0.520477
0.513093
0.549005
0.509474
0.520344
0.519984
0.519605
0.518822
0.517427
0.519633
0.588555
0.570683
0.55417
0.516073
0.528519
0.516405
0.52119
0.519387
0.521224
0.518603
0.514771
0.519919
0.517017
0.517107
0.558755
0.524044
0.52257
0.524399
0.507532
0.509465
0.511534
0.512585
0.556017
0.512243
0.549938
0.534054
0.527312
0.525464
0.525193
0.552842
0.517804
0.520057
0.524866
0.517925
0.521966
0.529635
0.578813
0.516757
0.516266
0.523053
0.513176
0.514036
0.517433
0.523277
0.516806
0.51514
0.51768
0.51591
0.513299
0.548208
0.517398
0.53457
0.527673
0.522698
0.512803
0.509535
0.517833
0.516736
0.516318
0.521087
0.515411
0.525217
0.526132
0.516163
0.511216
0.521188
0.517231
0.52368
0.538395
0.531081
0.534686
0.526559
0.522101
0.526916
0.518674
0.518701
0.519092
0.516908
0.551938
0.556875
0.522135
0.510859
0.51007
0.508811
0.5774
0.568003
0.514744
0.555146
0.51731
0.517066
0.512939
0.524053
0.511364
0.51491
0.516064
0.56205
0.515719
0.514787
0.523368
0.575945
0.576344
0.516956
0.514085
0.517676
0.513613
0.511145
0.519418
0.517145
0.541003
0.517336
0.51708
0.518017
0.515369
0.52223
0.515508
0.514476
0.513663
0.519859
0.509542
0.52278
0.521503
0.518289
0.522443
0.505023
0.515716
0.513607
0.50976
0.525634
0.524181
0.517447
0.526879
0.511533
0.524045
0.529082
0.529418
0.516879
0.514271
0.525916
0.544836
0.577416
0.583756
0.581841
0.537985
0.521372
0.518486
0.515762
0.52855
0.526783
0.520107
0.52196
0.512271
0.513481
0.514483
0.515344
0.519059
0.558795
0.543466
0.526151
0.51489
0.529842
0.513858
0.522972
0.514744
0.51464
0.519943
0.551816
0.559224
0.511182
0.520231
0.589168
0.522366
0.512892
0.51004
0.519038
0.5187
0.509972
0.516107
0.519211
0.54238
0.570711
0.521819
0.523212
0.529885
0.528176
0.522661
0.518231
0.51512
0.521317
0.522795
0.522897
0.510301
0.520894
0.520666
0.525439
0.516217
0.518661
0.514325
0.517875
0.517433
0.519691
0.510645
0.514952
0.575911
0.526865
0.51941
0.517805
0.507668
0.512778
0.514698
0.513419
0.51296
0.583921
0.518057
0.526537
0.512397
0.510361
0.52432
0.519178
0.516873
0.507883
0.505633
0.521835
0.554229
0.525903
0.512993
0.513753
0.51381
0.51806
0.518873
0.523142
0.512958
0.514652
0.515581
0.514981
0.515366
0.529668
0.517451
0.519988
0.515608
0.525665
0.519654
0.512668
0.552815
0.512246
0.565111
0.516671
0.522401
0.514726
0.516886
0.516943
0.516168
0.52241
0.531253
0.533596
0.529616
0.516695
0.521302
0.520118
0.510837
0.533262
0.526167
0.516094
0.516931
0.541337
0.522251
0.515019
0.514359
0.523712
0.52146
0.515409
0.52554
0.516276
0.514193
0.550247
0.561072
0.517888
0.528418
0.512362
0.510812
0.522075
0.517784
0.5196
0.508651
0.51963
0.521667
0.51954
0.509006
0.51233
0.525924
0.523552
0.518177
0.524281
0.586441
0.584533
0.512745
0.525788
0.525727
0.561528
0.559804
0.523353
0.557977
0.528206
0.533651
0.516822
0.517757
0.522187
0.520649
0.560756
0.507304
0.511668
0.572488
0.522301
0.521017
0.526635
0.550212
0.557123
0.587816
0.525539
0.511728
0.520333
0.529009
0.523208
0.522403
0.519496
0.517305
0.524026
0.513074
0.517698
0.516425
0.515619
0.51034
0.581554
0.545079
0.527535
0.535489
0.527162
0.542321
0.511604
0.518025
0.538786
0.515986
0.511588
0.518331
0.519846
0.523117
0.523612
0.547247
0.572533
0.514008
0.539676
0.536972
0.572472
0.517264
0.517649
0.521469
0.577461
0.516826
0.526784
0.525521
0.526904
0.525908
0.517077
0.513117
0.518036
0.519291
0.516117
0.517738
0.518068
0.520669
0.516891
0.513181
0.515337
0.515167
0.522548
0.521714
0.518394
0.514955
0.519161
0.528665
0.517497
0.526314
0.519072
0.518399
0.512952
0.511899
0.516445
0.518117
0.514226
0.517225
0.519977
0.515244
0.509719
0.524962
0.568314
0.522524
0.526742
0.52429
0.516353
0.516908
0.513418
0.536965
0.516367
0.515703
0.519144
0.517343
0.584987
0.519451
0.520199
0.519288
0.536236
0.516608
0.512932
0.514687
0.522549
0.514769
0.508751
0.510928
0.526793
0.519281
0.512974
0.524818
0.517659
0.509915
0.52147
0.510198
0.544714
0.521538
0.540019
0.509367
0.515446
0.538255
0.542775
0.535068
0.519238
0.519027
0.57245
0.517476
0.510405
0.514681
0.524631
0.525929
0.512426
0.52819
0.518549
0.523847
0.519768
0.526386
0.53336
0.529857
0.521168
0.52514
0.52888
0.514574
0.523984
0.512392
0.541234
0.522435
0.587179
0.516557
0.557049
0.537495
0.518711
0.523097
0.557625
0.526395
0.509461
0.507315
0.522411
0.523558
0.513375
0.524321
0.542904
0.522939
0.52415
0.517006
0.525836
0.524936
0.520655
0.522386
0.574044
0.575393
0.514401
0.515093
0.514876
0.520843
0.520109
0.518294
0.570449
0.517664
0.518842
0.519106
0.518737
0.514946
0.521256
0.520854
0.583338
0.522434
0.519151
0.515529
0.520406
0.515028
0.518491
0.514406
0.530488
0.572651
0.521799
0.516373
0.5161
0.514995
0.512902
0.517654
0.51323
0.514765
0.521779
0.521407
0.513881
0.514797
0.517823
0.573274
0.563474
0.519552
0.517046
0.517096
0.516993
0.523078
0.518174
0.516269
0.520936
0.51938
0.52262
0.517791
0.514156
0.512212
0.51165
0.520456
0.5203
0.519787
0.519715
0.514868
0.515113
0.521229
0.519841
0.513731
0.514438
0.517888
0.517845
0.521768
0.508706
0.524824
0.525611
0.559297
0.563714
0.514556
0.514343
0.525803
0.575927
0.519838
0.516924
0.513575
0.585828
0.510394
0.518815
0.574884
0.519156
0.517645
0.52091
0.51921
0.516703
0.512471
0.514479
0.51583
0.546057
0.550981
0.511555
0.508796
0.519807
0.523657
0.518046
0.523293
0.51385
0.551829
0.516227
0.537011
0.518841
0.57967
0.522454
0.522698
0.569688
0.511939
0.514676
0.513389
0.514196
0.51708
0.518469
0.519227
0.511299
0.522454
0.515319
0.514166
0.518831
0.51714
0.522921
0.512362
0.536103
0.523849
0.524297
0.516696
0.512521
0.575068
0.517864
0.52228
0.513607
0.512916
0.569129
0.523622
0.523546
0.523589
0.52116
0.521726
0.520212
0.522761
0.528773
0.523403
0.557247
0.539485
0.53129
0.510098
0.528113
0.512196
0.517979
0.514194
0.520464
0.520041
0.521209
0.516781
0.51555
0.516497
0.524795
0.520479
0.520552
0.513741
0.522495
0.512622
0.518543
0.519482
0.515087
0.537426
0.53809
0.523163
0.518092
0.511039
0.513354
0.541099
0.523344
0.531797
0.515375
0.579644
0.517413
0.537298
0.517405
0.520861
0.520009
0.518729
0.517003
0.55442
0.512413
0.512875
0.518247
0.51782
0.514636
0.514866
0.534222
0.515657
0.517185
0.511566
0.516943
0.513207
0.519283
0.515151
0.514965
0.548781
0.508986
0.511068
0.508423
0.520095
0.578386
0.519147
0.517364
0.52631
0.511531
0.5148
0.532774
0.5159
0.523066
0.526143
0.510633
0.513982
0.52014
0.512486
0.508946
0.524805
0.519655
0.519791
0.522633
0.50991
0.516631
0.52119
0.519429
0.517685
0.543352
0.518788
0.520031
0.517669
0.514389
0.519838
0.518816
0.509869
0.512348
0.518877
0.521847
0.514785
0.568948
0.513037
0.519664
0.514407
0.515105
0.522593
0.51765
0.516112
0.522862
0.510143
0.52119
0.520261
0.510574
0.513525
0.519247
0.532992
0.515281
0.520203
0.517869
0.52037
0.517335
0.519942
0.519401
0.528231
0.520172
0.538868
0.540133
0.515539
0.517307
0.512547
0.512421
0.521398
0.516382
0.520308
0.565069
0.518303
0.523122
0.517659
0.518765
0.5431
0.521602
0.519124
0.523031
0.513834
0.536557
0.510301
0.509357
0.514744
0.512778
0.510589
0.51133
0.520914
0.521214
0.515712
0.511325
0.521632
0.519942
0.518952
0.52705
0.509401
0.510371
0.517658
0.548026
0.518487
0.523908
0.569353
0.50955
0.520469
0.573905
0.521244
0.52268
0.523953
0.557905
0.522471
0.517074
0.515828
0.521826
0.503114
0.530681
0.524306
0.519199
0.521225
0.543106
0.518586
0.526128
0.52587
0.526514
0.521978
0.52142
0.521864
0.509369
0.509662
0.546113
0.519246
0.570481
0.514741
0.517767
0.520309
0.521667
0.544347
0.513232
0.518797
0.517588
0.519197
0.522885
0.515173
0.517726
0.519792
0.516976
0.517711
0.520197
0.514381
0.546555
0.517267
0.51937
0.521764
0.516615
0.576274
0.517054
0.519626
0.520676
0.523825
0.512808
0.520187
0.56761
0.523615
0.522926
0.516644
0.557405
0.519279
0.511991
0.547772
0.523291
0.518585
0.515251
0.519942
0.519841
0.519977
0.521975
0.514929
0.518466
0.516871
0.523089
0.515236
0.518871
0.569983
0.514556
0.515477
0.564246
0.508175
0.519619
0.522251
0.5121
0.516988
0.538845
0.516772
0.520662
0.514226
0.523673
0.512869
0.513261
0.577573
0.524272
0.517472
0.529407
0.585372
0.516767
0.515084
0.519472
0.515326
0.553934
0.525925
0.512204
0.581974
0.518458
0.558605
0.516977
0.521578
0.516006
0.517259
0.517799
0.518357
0.516621
0.52006
0.533087
0.548219
0.509073
0.523394
0.523546
0.522405
0.52709
0.514777
0.528626
0.579691
0.51526
0.52198
0.518817
0.514511
0.527013
0.522743
0.550796
0.518004
0.515123
0.524737
0.518149
0.518954
0.526894
0.523597
0.515505
0.520657
0.512052
0.520298
0.521766
0.515637
0.52415
0.519773
0.533379
0.51447
0.519945
0.515292
0.53084
0.518593
0.519863
0.518458
0.511256
0.524987
0.517165
0.51567
0.554679
0.591642
0.52546
0.506744
0.542236
0.552193
0.513319
0.508955
0.51691
0.515738
0.519088
0.524084
0.518991
0.518869
0.561481
0.562702
0.517392
0.52067
0.524532
0.518594
0.519319
0.519388
0.516286
0.515817
0.52797
0.517682
0.517785
0.521013
0.519582
