0.521477
0.519457
0.503669
0.508546
0.523544
0.515905
0.519796
0.602396
0.58989
0.516359
0.518851
0.52471
0.521735
0.520403
0.538355
0.549798
0.544369
0.563139
0.518439
0.518863
0.518994
0.514543
0.516087
0.524575
0.522611
0.523305
0.522979
0.522948
0.523782
0.521932
0.52184
0.516692
0.516589
0.521182
0.520174
0.519262
0.518535
0.516007
0.516998
0.540366
0.531088
0.531187
0.527789
0.512996
0.519057
0.515865
0.516328
0.516193
0.52097
0.514107
0.514239
0.518567
0.518849
0.516733
0.512284
0.512073
0.513101
0.54395
0.520235
0.518976
0.518445
0.546434
0.548751
0.51919
0.52111
0.517201
0.514301
0.515504
0.51371
0.519684
0.515183
0.521632
0.519149
0.516389
0.515554
0.548515
0.550663
0.523789
0.541907
0.519883
0.520698
0.514987
0.521502
0.520276
0.522208
0.515139
0.507228
0.517697
0.522294
0.572146
0.518265
0.515327
0.518181
0.518657
0.586096
0.521948
0.529172
0.519768
0.514109
0.512183
0.521462
0.517896
0.520579
0.522162
0.522285
0.525522
0.523642
0.521845
0.522138
0.524576
0.516935
0.516077
0.52112
0.558403
0.512349
0.597525
0.588076
0.513326
0.511711
0.518267
0.518556
0.585903
0.561973
0.588271
0.517583
0.516588
0.519864
0.521311
0.563151
0.558304
0.581114
0.573414
0.517377
0.51516
0.516256
0.514603
0.523685
0.518424
0.516408
0.518778
0.517264
0.519463
0.518468
0.561875
0.562127
0.522189
0.522095
0.514095
0.512356
0.515783
0.516569
0.517212
0.516615
0.516788
0.511197
0.521923
0.536529
0.525254
0.526754
0.586332
0.507885
0.529975
0.520938
0.524799
0.518476
0.518597
0.534706
0.514442
0.517722
0.512035
0.519983
0.52129
0.51997
0.521904
0.516079
0.516652
0.519401
0.52237
0.51616
0.517178
0.518631
0.516742
0.510883
0.516311
0.512865
0.54904
0.537356
0.519603
0.530255
0.530811
0.533572
0.513192
0.512399
0.517822
0.519227
0.542987
0.529836
0.517668
0.522054
0.516833
0.518667
0.513974
0.51803
0.51677
0.516451
0.53365
0.537087
0.525557
0.522899
0.525481
0.52442
0.521335
0.525
0.519447
0.515744
0.515592
0.515662
0.56207
0.555371
0.53073
0.529857
0.535804
0.540887
0.540942
0.541183
0.523
0.524727
0.519318
0.518971
0.51994
0.513301
0.51613
0.511413
0.523037
0.516022
0.519705
0.587357
0.567398
0.590793
0.514948
0.519955
0.515889
0.515883
0.516398
0.521465
0.516666
0.519992
0.517654
0.51747
0.572893
0.513813
0.514709
0.515254
0.516309
0.587218
0.586347
0.524183
0.522854
0.523824
0.512767
0.519777
0.520824
0.594463
0.588388
0.516428
0.5232
0.51303
0.518577
0.527528
0.52965
0.527434
0.522099
0.524406
0.515917
0.516129
0.534909
0.516347
0.515711
0.514899
0.516856
0.521435
0.519617
0.557241
0.557833
0.519152
0.520665
0.523078
0.511102
0.511715
0.515654
0.517285
0.515848
0.512573
0.526297
0.525681
0.524518
0.51536
0.514149
0.516732
0.51473
0.521737
0.5171
0.554788
0.547271
0.525836
0.525301
0.518467
0.519679
0.585109
0.51966
0.51664
0.516766
0.514902
0.517531
0.516563
0.520296
0.526423
0.520821
0.523058
0.519626
0.510375
0.519799
0.523054
0.520982
0.583905
0.596555
0.520019
0.516011
0.515456
0.51819
0.517372
0.520646
0.521293
0.515055
0.515789
0.516886
0.520864
0.588763
0.51081
0.520838
0.515917
0.518142
0.507467
0.515468
0.52012
0.518641
0.546658
0.553726
0.516545
0.562421
0.517403
0.525073
0.521843
0.527181
0.518689
0.525054
0.522045
0.517889
0.519069
0.51928
0.520743
0.522447
0.515309
0.51695
0.52069
0.517539
0.513986
0.511609
0.521233
0.522513
0.520843
0.52168
0.52537
0.536175
0.529546
0.56521
0.586623
0.608485
0.527404
0.537266
0.548944
0.550357
0.525794
0.522971
0.518171
0.519471
0.518026
0.526843
0.525153
0.522374
0.525746
0.525491
0.508006
0.507227
0.526001
0.519148
0.516322
0.510945
0.518504
0.566262
0.514207
0.517363
0.516396
0.517516
0.517537
0.511371
0.510093
0.534318
0.53648
0.516867
0.530215
0.534535
0.528324
0.537845
0.537261
0.547004
0.516237
0.507949
0.50671
0.530858
0.529963
0.52423
0.523562
0.521291
0.528233
0.516806
0.524268
0.523144
0.519641
0.524711
0.522707
0.52688
0.522977
0.51543
0.522284
0.519605
0.532623
0.515317
0.514911
0.518306
0.547005
0.515342
0.519587
0.524158
0.52166
0.520852
0.526332
0.515884
0.516536
0.51371
0.514207
0.518108
0.52115
0.517979
0.510462
0.515818
0.519371
0.522352
0.565407
0.513171
0.526923
0.512077
0.517831
0.518319
0.515481
0.521575
0.523377
0.523566
0.51307
0.522179
0.526261
0.520223
0.521645
0.51594
0.516214
0.532125
0.528479
0.531112
0.525879
0.521207
0.519609
0.520915
0.519045
0.513356
0.51156
0.522579
0.521025
0.523481
0.524422
0.530364
0.530926
0.516403
0.512381
0.511267
0.517213
0.507421
0.509795
0.527425
0.534087
0.516143
0.566437
0.515207
0.50707
0.522215
0.517317
0.525587
0.524365
0.523859
0.510232
0.502774
0.512745
0.512859
0.516072
0.509977
0.5138
0.530182
0.523499
0.52136
0.525846
0.524224
0.536004
0.515139
0.528585
0.528059
0.517467
0.514196
0.514707
0.602675
0.580147
0.589078
0.523152
0.525683
0.524108
0.520014
0.541961
0.52281
0.524587
0.525437
0.522782
0.516496
0.519872
0.52331
0.527306
0.526086
0.512586
0.516113
0.575319
0.585001
0.544559
0.541287
0.521356
0.516195
0.517263
0.512566
0.52479
0.523846
0.518283
0.588415
0.514609
0.51618
0.579392
0.596211
0.578247
0.566449
0.550435
0.518138
0.517102
0.516042
0.514731
0.514813
0.52175
0.514841
0.514254
0.583464
0.574237
0.513954
0.566706
0.515235
0.517529
0.591478
0.516297
0.513112
0.538285
0.511142
0.509757
0.52133
0.556469
0.5552
0.522669
0.514262
0.51557
0.527361
0.518389
0.52086
0.5671
0.56342
0.520621
0.514941
0.516903
0.511773
0.508393
0.514702
0.521785
0.511307
0.511595
0.528338
0.521304
0.520061
0.524864
0.518188
0.51837
0.514411
0.513141
0.51579
0.517599
0.51978
0.520431
0.518944
0.51884
0.519258
0.513802
0.535656
0.523245
0.521856
0.513424
0.516997
0.520166
0.511662
0.531845
0.524497
0.513348
0.515162
0.51418
0.526627
0.525204
0.524246
0.530371
0.538096
0.511271
0.514419
0.514166
0.521041
0.52067
0.565813
0.514657
0.510835
0.507633
0.524901
0.527151
0.527624
0.519044
0.518511
0.523385
0.515037
0.589248
0.514731
0.519257
0.520366
0.516837
0.518586
0.534648
0.541773
0.510269
0.512145
0.521181
0.532429
0.524991
0.521543
0.517739
0.51954
0.519113
0.518628
0.520781
0.515623
0.515419
0.520617
0.522976
0.522302
0.52343
0.513582
0.507847
0.524543
0.526539
0.523427
0.526971
0.518881
0.51804
0.511851
0.513738
0.519816
0.519517
0.516434
0.516225
0.514508
0.514707
0.518152
0.516794
0.579444
0.572824
0.515007
0.515994
0.525387
0.522661
0.524192
0.55014
0.545724
0.528703
0.517615
0.511673
0.50997
0.514191
0.521971
0.527253
0.517022
0.517486
0.509004
0.511829
0.52451
0.506973
0.507521
0.508363
0.524317
0.522756
0.535966
0.529129
0.526123
0.516601
0.519387
0.518835
0.523629
0.529301
0.514838
0.591305
0.514337
0.595932
0.521873
0.519324
0.522771
0.519703
0.523704
0.520605
0.518319
0.521043
0.528849
0.529012
0.513495
0.56387
0.512523
0.511969
0.570558
0.515079
0.518474
0.52605
0.544461
0.548643
0.513463
0.510607
0.588483
0.594744
0.517935
0.538008
0.532825
0.519686
0.513174
0.516317
0.518808
0.516464
0.517128
0.517789
0.52928
0.529877
0.529107
0.513759
0.515818
0.521073
0.518163
0.515506
0.51586
0.515922
0.515456
0.521559
0.520215
0.523128
0.51804
0.513275
0.51753
0.517716
0.510413
0.511459
0.527193
0.538657
0.538268
0.542149
0.511546
0.516377
0.517291
0.52141
0.510537
0.509448
0.519339
0.52366
0.518896
0.512117
0.519733
0.513085
0.569268
0.56242
0.513265
0.515594
0.521256
0.509839
0.510396
0.520427
0.520623
0.519986
0.513819
0.520044
0.548267
0.512904
0.576291
0.558293
0.51959
0.511257
0.524866
0.534734
0.523189
0.520752
0.520046
0.521664
0.520812
0.515087
0.512691
0.566954
0.525404
0.518188
0.517388
0.518209
0.515786
0.557892
0.51797
0.516493
0.523382
0.513129
0.520158
0.514562
0.518315
0.524182
0.521322
0.515746
0.51493
0.519258
0.521365
0.515989
0.582534
0.519007
0.518651
0.519685
0.526927
0.527717
0.518702
0.528831
0.513352
0.515571
0.518843
0.520236
0.520519
0.518087
0.516088
0.538714
0.526136
0.54018
0.582457
0.592952
0.559399
0.545713
0.544574
0.531549
0.532937
0.525964
0.513531
0.516612
0.520384
0.516446
0.514966
0.514229
0.517181
0.518124
0.516089
0.546101
0.522721
0.516161
0.512266
0.5118
0.513635
0.522883
0.535303
0.531344
0.532538
0.53274
0.526161
0.517362
0.519515
0.528641
0.611845
0.514291
0.517549
0.533011
0.511109
0.511087
0.518038
0.514769
0.515412
0.521492
0.515781
0.52725
0.515305
0.579299
0.524435
0.517735
0.517379
0.506708
0.519474
0.541968
0.522461
0.514269
0.578853
0.532524
0.516528
0.517679
0.520793
0.513382
0.518478
0.514057
0.525121
0.568324
0.511116
0.512221
0.516216
0.516419
0.515272
0.539847
0.53607
0.539141
0.583701
0.515094
0.565189
0.544993
0.522735
0.519952
0.522067
0.52554
0.573505
0.577659
0.582178
0.578588
0.518518
0.515897
0.540639
0.517018
0.516665
0.515494
0.512126
0.515329
0.51098
0.514037
0.569267
0.525471
0.566193
0.515331
0.554837
0.5679
0.51616
0.516267
0.51954
0.517027
0.539646
0.508854
0.517305
0.51806
0.515004
0.516223
0.52802
0.526761
0.513519
0.520129
0.518774
0.513159
0.517819
0.516848
0.515135
0.517479
0.508806
0.53506
0.544081
0.524945
0.513602
0.518019
0.516538
0.539624
0.515304
0.50667
0.51973
0.526392
0.517152
0.50873
0.524448
0.574792
0.574444
0.519461
0.514191
0.525753
0.605823
0.54293
0.539892
0.602636
0.5923
0.517982
0.516836
0.529194
0.521118
0.520021
0.517625
0.51544
0.516113
0.55014
0.530776
0.521075
0.520308
0.523166
0.551925
0.525401
0.510503
0.517889
0.504256
0.519964
0.513925
0.513555
0.516578
0.551516
0.517033
0.516469
0.522376
0.504703
0.510369
0.519024
0.519516
0.508478
0.51474
0.516242
0.514974
0.509841
0.508623
0.508532
0.568699
0.525763
0.529457
0.542953
0.520568
0.514501
0.51606
0.517998
0.555228
0.567724
0.554986
0.515902
0.515765
0.511336
0.515888
0.522609
0.517805
0.519035
0.509131
0.524757
0.525421
0.511899
0.512159
0.567763
0.55246
0.519511
0.518566
0.517437
0.585329
0.513836
0.512791
0.595995
0.525854
0.511033
0.508916
0.514993
0.516645
0.534455
0.519959
0.522486
0.52557
0.521525
0.513145
0.51583
0.529814
0.517521
0.542089
0.512794
0.517999
0.513066
0.536075
0.527402
0.51481
0.530614
0.516061
0.530381
0.509326
0.511866
0.524512
0.58475
0.591553
0.597327
0.523035
0.519663
0.522191
0.514239
0.517454
0.518208
0.52416
0.533517
0.533058
0.514468
0.523635
0.521235
0.508972
0.520788
0.526068
0.509298
0.509948
0.524793
0.524434
0.519848
0.525007
0.523959
0.516412
0.514662
0.515411
0.527229
0.51699
0.525226
0.517459
0.515449
0.549172
0.527864
0.511727
0.522931
0.51859
0.509697
0.527602
0.520529
0.520406
0.513835
0.517151
0.518279
0.535019
0.525394
0.516518
0.525856
0.517634
0.52087
0.523035
0.571266
0.511788
0.52571
0.511352
0.542839
0.536548
0.517977
0.517005
0.517841
0.52252
0.521202
0.515506
0.504597
0.509063
0.521222
0.550665
0.559946
0.598152
0.595107
0.592154
0.583387
0.513312
0.519277
0.570893
0.523904
0.519423
0.509037
0.52189
0.517926
0.518381
0.532613
0.517483
0.525413
0.50889
0.516741
0.515827
0.511179
0.528534
0.514898
0.53433
0.52859
0.544132
0.545302
0.519903
0.513719
0.533879
0.508596
0.525963
0.51715
0.520239
0.521512
0.526307
0.547207
0.547101
0.513882
0.527123
0.566726
0.513954
0.518543
0.525606
0.517853
0.519607
0.545319
0.557751
0.516979
0.516162
0.523208
0.574235
0.572859
0.519805
0.521753
0.526418
0.52599
0.521522
0.524585
0.511187
0.516847
0.518031
0.518501
0.516993
0.514125
0.523749
0.566871
0.514631
0.523067
0.521705
0.521785
0.521399
0.518323
0.525853
0.522916
0.514435
0.513987
0.510967
0.511628
0.516289
0.515202
0.519597
0.521468
0.522065
0.523008
0.514309
0.533541
0.521877
0.524597
0.525526
0.513862
0.521072
0.520889
0.508081
0.52674
0.522195
0.526682
0.53424
0.526621
0.515924
0.536085
0.524217
0.515628
0.591343
0.519684
0.520092
0.51903
0.514212
0.529221
0.513499
0.515504
0.522334
0.512497
0.525243
0.514385
0.509349
0.53964
0.515742
0.536523
0.552967
0.509062
0.557474
0.517294
0.515151
0.526464
0.521516
0.522169
0.517191
0.531985
0.564242
0.518348
0.526736
0.520714
0.528372
0.515191
0.521455
0.525113
0.514697
0.547492
0.517222
0.524738
0.518915
0.526843
0.509316
0.50776
0.522337
0.524749
0.513488
0.575519
0.528365
0.546368
0.551867
0.517406
0.544699
0.52047
0.520238
0.521777
0.573376
0.514437
0.519186
0.518042
0.517862
0.518859
0.517152
0.52059
0.51909
0.533303
0.519048
0.518947
0.52216
0.515959
0.518257
0.518856
0.520218
0.529088
0.521764
0.523347
0.539639
0.516284
0.514213
0.520395
0.522596
0.518651
0.51862
0.538964
0.506755
0.511172
0.517348
0.517301
0.516158
0.554627
0.52082
0.517372
0.517819
0.519843
0.519671
0.521037
0.52226
0.518305
0.515517
0.516088
0.512011
0.510791
0.519388
0.518227
0.510538
0.53911
0.528347
0.513967
0.51541
0.515367
0.517436
0.51463
0.516342
0.517265
0.524981
0.52644
0.530105
0.513622
0.514337
0.520239
0.520632
0.515331
0.518817
0.527742
0.589225
0.519266
0.512983
0.521162
0.519221
0.520904
0.519863
0.519014
0.521191
0.51278
0.512218
0.515764
0.512016
0.514212
0.515084
0.514673
0.53582
0.52101
0.521425
0.52828
0.520537
0.518618
0.519762
0.517576
0.517833
0.519262
0.514065
0.515502
0.542222
0.5184
0.52771
0.512968
0.515426
0.518797
0.518469
0.516474
0.518858
0.533038
0.517452
0.570938
0.595174
0.521003
0.516903
0.523299
0.521339
0.524522
0.571901
0.542553
0.51825
0.516821
0.528819
0.516188
0.51686
0.518311
0.514073
0.515501
0.51696
0.515146
0.51668
0.519455
0.541345
0.535465
0.546125
0.570659
0.517947
0.530839
0.590706
0.515355
0.509433
0.518088
0.591407
0.515245
0.535063
0.529813
0.515425
0.591877
0.519407
0.514334
0.518789
0.519618
0.533058
0.51575
0.561101
0.51464
0.529516
0.519988
0.510501
0.518672
0.517309
0.53382
0.512681
0.51604
0.518775
0.519961
0.510642
0.517856
0.520042
0.517387
0.512745
0.511794
0.513757
0.514546
0.539132
0.527334
0.518285
0.518043
0.514465
0.514882
0.523837
0.516552
0.5585
0.562539
0.583966
0.51744
0.51276
0.522065
0.514266
0.513953
0.516604
0.51379
0.516118
0.520722
0.508228
0.511493
0.515324
0.519905
0.51138
0.51112
0.536213
0.520412
0.519342
0.52048
0.531818
0.515967
0.51706
0.515427
0.506764
0.535622
0.52748
0.522458
0.517112
0.520135
0.522436
0.511611
0.514588
0.514006
0.516821
0.517275
0.51341
0.522876
0.518893
0.513144
0.572491
0.563912
0.521234
0.516761
0.519524
0.582818
0.521843
0.518882
0.523673
0.516629
0.517245
0.524935
0.516508
0.51708
0.529012
0.519462
0.512015
0.517668
0.536248
0.516236
0.589128
0.530008
0.519915
0.519623
0.536062
0.518517
0.551103
0.51231
0.511603
0.513839
0.514197
0.515966
0.508441
0.592575
0.520805
0.517977
0.588152
0.517102
0.518077
0.506347
0.544784
0.521305
0.521837
0.516455
0.51432
0.518705
0.524127
0.510065
0.514819
0.518909
0.521366
0.533329
0.518295
0.518195
0.518014
0.510862
0.520573
0.511692
0.510075
0.511509
0.540067
0.527846
0.517995
0.524113
0.531047
0.511953
0.518288
0.518641
0.512694
0.535647
0.522924
0.518332
0.577222
0.518273
0.526607
0.513173
0.580596
0.514011
0.577773
0.508422
0.515953
0.512891
0.515443
0.602322
0.518862
0.514972
0.510051
0.516179
0.523972
0.522938
0.514915
0.515809
0.54177
0.514497
0.525052
0.509494
0.513111
0.514284
0.517309
0.520328
0.514803
0.512435
0.524127
0.52427
0.524313
0.509754
0.511846
0.515164
0.521973
0.518393
0.522454
0.510365
0.571662
0.511047
0.519248
0.521838
0.518035
0.521818
0.515552
0.514047
0.515336
0.513751
0.514365
0.512406
0.511322
0.54171
0.511592
0.524088
0.524158
0.515002
0.519916
0.515246
0.527207
0.513689
0.513836
0.518187
0.515662
0.520844
0.525088
0.515729
0.588793
0.513615
0.512175
0.518036
0.516277
0.523356
0.513301
0.509472
0.526687
0.51909
0.515385
0.522297
0.520623
0.514788
0.513258
0.525837
0.515691
0.521297
0.520077
0.513241
0.516109
0.527186
0.51924
0.600431
0.51249
0.51036
0.539648
0.523272
0.519257
0.558283
0.517315
0.520796
0.527727
0.557538
0.564023
0.523308
0.517216
0.519796
0.515436
0.527719
0.523147
0.524615
0.51811
0.515929
0.513858
0.508957
0.512856
0.515788
0.514894
0.52301
0.53689
0.520468
0.51219
0.511974
0.520855
0.520504
0.515025
0.517319
0.522999
0.513851
0.514068
0.522183
0.521657
0.517313
0.515262
0.516123
0.514666
0.508803
0.517344
0.554659
0.516685
0.514803
0.522651
0.512805
0.518897
0.518713
0.513535
0.523403
0.516033
0.51353
0.531241
0.513054
0.51707
0.504771
0.519764
0.515831
0.513892
0.52101
0.518592
0.524201
0.516721
0.518334
0.513504
0.546621
0.518952
0.51859
0.54427
0.517029
0.517455
0.504762
0.507527
0.516586
0.516882
0.514391
0.528468
0.550141
0.51403
0.51342
0.529504
0.517638
0.549328
0.519261
0.519879
0.521581
0.52199
0.510285
0.517651
0.519604
0.522983
0.518564
0.515555
0.515551
0.564434
0.51692
0.516334
0.516782
0.518878
0.516517
0.508447
0.514505
0.517411
0.517908
0.513922
0.542414
0.522202
0.53593
0.517244
0.51884
0.513754
0.517569
0.521518
0.519304
