0.518956
0.510989
0.515141
0.508569
0.527229
0.523235
0.517198
0.516081
0.516866
0.521555
0.532424
0.531596
0.536847
0.519088
0.523079
0.51342
0.521171
0.5198
0.546459
0.524158
0.525379
0.522457
0.513036
0.519906
0.514311
0.517116
0.519466
0.516483
0.517449
0.51747
0.51649
0.515832
0.514656
0.543579
0.541472
0.527857
0.534539
0.539954
0.511058
0.511381
0.513527
0.51901
0.517272
0.51674
0.516273
0.572822
0.574706
0.591379
0.516121
0.516102
0.513856
0.513155
0.51419
0.516788
0.51674
0.506546
0.510594
0.518788
0.516492
0.51671
0.562187
0.522631
0.520947
0.522819
0.519191
0.518927
0.5211
0.5204
0.517389
0.519776
0.519121
0.520726
0.517028
0.51514
0.512891
0.517466
0.511612
0.51221
0.510089
0.507954
0.516049
0.513891
0.604571
0.521026
0.522249
0.520381
0.520933
0.521445
0.517739
0.515181
0.514337
0.523087
0.524421
0.515637
0.516538
0.564451
0.5697
0.535785
0.54311
0.517317
0.521959
0.518694
0.516584
0.520042
0.522744
0.518955
0.520266
0.523854
0.520862
0.519353
0.511283
0.514125
0.520588
0.522273
0.521013
0.522586
0.521861
0.518341
0.552462
0.542201
0.533819
0.537575
0.512851
0.51488
0.516458
0.515803
0.52004
0.518882
0.527459
0.523044
0.552553
0.552801
0.551786
0.514029
0.515888
0.518886
0.517307
0.571859
0.569663
0.515091
0.516604
0.515995
0.52045
0.521411
0.515968
0.518364
0.517858
0.518517
0.520102
0.517879
0.519397
0.519449
0.527755
0.526908
0.522886
0.504871
0.505777
0.506549
0.51469
0.516543
0.513771
0.514035
0.512981
0.51412
0.515963
0.516433
0.51922
0.517922
0.518574
0.523771
0.525241
0.523821
0.558837
0.566515
0.513402
0.514766
0.513987
0.522397
0.52823
0.528258
0.515242
0.51726
0.528996
0.539952
0.516647
0.516771
0.514189
0.511831
0.516561
0.524216
0.51057
0.536248
0.539451
0.51435
0.514816
0.526035
0.52503
0.521712
0.521479
0.519971
0.519824
0.511655
0.515168
0.514281
0.516072
0.520318
0.53187
0.517562
0.514174
0.517
0.51972
0.520388
0.517684
0.543562
0.533468
0.539721
0.530798
0.527874
0.512482
0.520218
0.514494
0.51728
0.517088
0.509872
0.517967
0.538467
0.567699
0.583308
0.531202
0.531896
0.536589
0.52227
0.523569
0.524052
0.53213
0.523042
0.524393
0.553277
0.553175
0.550086
0.553105
0.549126
0.523388
0.522832
0.518613
0.512844
0.512798
0.518526
0.517209
0.522851
0.509078
0.519021
0.526298
0.528067
0.563729
0.524615
0.519236
0.511493
0.515747
0.520681
0.516608
0.517096
0.515456
0.515382
0.508249
0.531875
0.582077
0.51756
0.518871
0.519271
0.563409
0.563913
0.510797
0.515586
0.573275
0.521303
0.522122
0.523982
0.521363
0.523835
0.51797
0.628805
0.516071
0.543536
0.522681
0.524367
0.51688
0.525094
0.522654
0.520053
0.520468
0.512195
0.512233
0.524748
0.532829
0.530716
0.547356
0.542709
0.556878
0.522438
0.51521
0.51454
0.517816
0.517467
0.524024
0.516313
0.515151
0.513676
0.587574
0.515632
0.522151
0.521852
0.507442
0.514503
0.515956
0.519469
0.51582
0.520552
0.551409
0.526448
0.526092
0.554955
0.524545
0.52604
0.525386
0.518751
0.548827
0.546772
0.508315
0.517101
0.523349
0.516282
0.526675
0.525041
0.513744
0.523409
0.524715
0.52126
0.521235
0.556541
0.557164
0.527851
0.527893
0.515436
0.528449
0.519151
0.555228
0.516629
0.517274
0.585178
0.511112
0.523437
0.517259
0.517296
0.615228
0.523767
0.518741
0.580561
0.522257
0.513099
0.54335
0.518084
0.516653
0.51883
0.556109
0.553243
0.524604
0.516179
0.512933
0.517945
0.510674
0.515122
0.512416
0.513563
0.511993
0.524207
0.525287
0.524086
0.513268
0.516589
0.516467
0.52312
0.517072
0.518094
0.525928
0.525539
0.523923
0.525176
0.522372
0.521649
0.521564
0.522159
0.520788
0.525371
0.523843
0.534672
0.537219
0.531536
0.535231
0.583184
0.574477
0.566619
0.518763
0.519607
0.525889
0.535195
0.534369
0.524007
0.524438
0.520729
0.591927
0.592571
0.523063
0.526165
0.525975
0.525044
0.52211
0.508602
0.510916
0.520516
0.562405
0.521908
0.560342
0.510402
0.51095
0.516035
0.508078
0.511466
0.520112
0.518743
0.517437
0.521527
0.51037
0.512373
0.52449
0.526188
0.525508
0.523905
0.521421
0.523261
0.523963
0.521591
0.518336
0.511643
0.524075
0.523305
0.514424
0.521335
0.524356
0.518653
0.526335
0.522097
0.523825
0.517569
0.518554
0.526185
0.522293
0.515293
0.516253
0.512032
0.513139
0.509888
0.540016
0.562601
0.515036
0.526609
0.513944
0.523736
0.557091
0.558669
0.528804
0.526694
0.521009
0.520517
0.52138
0.518237
0.510644
0.514646
0.518369
0.513419
0.515193
0.519242
0.507699
0.534613
0.52011
0.517486
0.510378
0.521857
0.521293
0.547335
0.550385
0.52556
0.52438
0.563606
0.515071
0.514341
0.513554
0.514814
0.519193
0.522492
0.513657
0.514381
0.515626
0.517911
0.512392
0.515157
0.526558
0.515197
0.51608
0.518705
0.525632
0.516196
0.517545
0.519303
0.517408
0.519977
0.521816
0.550799
0.521387
0.546108
0.525309
0.537197
0.525859
0.525467
0.523826
0.511847
0.512027
0.518478
0.528988
0.524966
0.517502
0.526573
0.52705
0.516096
0.523376
0.525892
0.506833
0.513201
0.51285
0.524421
0.513257
0.517419
0.517529
0.525603
0.518596
0.52109
0.520668
0.519827
0.523111
0.521508
0.525597
0.523355
0.516146
0.520537
0.528616
0.526024
0.598363
0.592451
0.513721
0.515077
0.581862
0.516276
0.520044
0.51401
0.513927
0.51469
0.518544
0.514321
0.52525
0.523829
0.525424
0.519934
0.521848
0.516093
0.515704
0.515038
0.514469
0.511526
0.51902
0.512235
0.512734
0.512547
0.519455
0.522366
0.511509
0.516041
0.526375
0.524195
0.523617
0.521903
0.51841
0.56199
0.525941
0.52356
0.531876
0.512067
0.526551
0.526123
0.524815
0.575625
0.572772
0.514929
0.52518
0.524273
0.516668
0.513319
0.603936
0.568817
0.519838
0.515541
0.520695
0.522514
0.519661
0.561521
0.522895
0.512173
0.529596
0.530667
0.524428
0.563124
0.531156
0.518897
0.519112
0.519154
0.519044
0.518598
0.527443
0.512657
0.527198
0.516106
0.517989
0.517312
0.527135
0.524963
0.589704
0.520464
0.518609
0.524674
0.519874
0.513216
0.532035
0.536389
0.533862
0.515428
0.52373
0.52304
0.51959
0.517001
0.519699
0.516291
0.524134
0.518102
0.521921
0.511616
0.525869
0.524575
0.519291
0.524512
0.530309
0.530049
0.557142
0.55778
0.552784
0.527466
0.513855
0.517858
0.51715
0.538207
0.530114
0.525221
0.510723
0.588414
0.516636
0.58859
0.53672
0.516971
0.521751
0.522826
0.515321
0.51549
0.516663
0.515914
0.515518
0.516609
0.515028
0.516342
0.518889
0.521588
0.530596
0.517737
0.529655
0.53254
0.524428
0.522497
0.513604
0.523801
0.588693
0.58278
0.520927
0.528733
0.526037
0.52579
0.51108
0.503605
0.508273
0.525285
0.526495
0.526689
0.517488
0.515771
0.501855
0.504265
0.518171
0.509673
0.518644
0.516954
0.516572
0.518721
0.512136
0.591758
0.584683
0.572388
0.509516
0.515022
0.516472
0.52872
0.522348
0.522665
0.521331
0.506154
0.517655
0.553796
0.549554
0.510105
0.511981
0.507615
0.518738
0.510614
0.511127
0.516061
0.518557
0.518831
0.524663
0.526809
0.533582
0.534388
0.517876
0.515901
0.526364
0.518691
0.519552
0.518207
0.522632
0.532426
0.519144
0.519235
0.516147
0.524863
0.532802
0.535426
0.514081
0.525106
0.512563
0.515882
0.518078
0.518913
0.525471
0.522349
0.520717
0.55792
0.507773
0.55114
0.519935
0.521522
0.523089
0.522955
0.517676
0.510521
0.514152
0.544409
0.538172
0.519055
0.517819
0.517159
0.513867
0.515022
0.517071
0.514817
0.516131
0.520472
0.520179
0.520568
0.526245
0.524291
0.514555
0.507908
0.538798
0.536356
0.51889
0.53734
0.517564
0.521516
0.519929
0.516732
0.519087
0.526374
0.506306
0.523922
0.515387
0.511875
0.51604
0.518344
0.530544
0.58963
0.514247
0.513855
0.513289
0.511648
0.52536
0.508789
0.508416
0.512022
0.52489
0.524422
0.514147
0.515377
0.518538
0.51907
0.523404
0.516283
0.550986
0.51849
0.558822
0.511682
0.523563
0.519221
0.525554
0.516258
0.520012
0.511698
0.520314
0.518442
0.515813
0.522345
0.520795
0.524027
0.523692
0.518178
0.559103
0.55326
0.51889
0.516597
0.523039
0.525248
0.517407
0.579111
0.572438
0.530924
0.524456
0.591881
0.513445
0.516356
0.574697
0.521946
0.516824
0.525761
0.51785
0.518486
0.516612
0.545688
0.513381
0.525039
0.538297
0.526417
0.51759
0.517643
0.50941
0.51283
0.51975
0.520691
0.51868
0.530734
0.524026
0.522257
0.534203
0.535345
0.52554
0.520775
0.541351
0.542399
0.518661
0.55124
0.508069
0.519589
0.519693
0.515616
0.516004
0.526084
0.517675
0.529509
0.514941
0.513837
0.546193
0.526633
0.514256
0.518979
0.510809
0.506446
0.518426
0.519363
0.519663
0.521763
0.524422
0.520188
0.520911
0.523152
0.522106
0.51321
0.530538
0.517295
0.519896
0.589165
0.588781
0.551631
0.524204
0.522953
0.548476
0.523877
0.591177
0.538212
0.518786
0.518014
0.523138
0.521259
0.515605
0.513848
0.514299
0.532581
0.513244
0.518518
0.508727
0.526932
0.531975
0.514226
0.516529
0.512496
0.565781
0.520979
0.520645
0.531368
0.519404
0.524427
0.511353
0.511447
0.568724
0.526469
0.517791
0.520605
0.515338
0.518642
0.514108
0.515109
0.517457
0.539455
0.579194
0.578065
0.543342
0.546495
0.549417
0.513692
0.509171
0.525518
0.519611
0.517972
0.514686
0.526006
0.512905
0.514134
0.523488
0.570069
0.519643
0.520201
0.519386
0.554104
0.521837
0.518621
0.514769
0.516477
0.547601
0.51164
0.521131
0.512741
0.52474
0.508248
0.555975
0.523467
0.518139
0.518375
0.523087
0.51483
0.586303
0.57512
0.543658
0.537877
0.54638
0.507392
0.556751
0.544264
0.504317
0.513414
0.520413
0.523239
0.51528
0.516595
0.519016
0.521861
0.514008
0.515747
0.51671
0.519162
0.515804
0.512823
0.510048
0.53118
0.528178
0.512316
0.514836
0.515857
0.515125
0.519131
0.518869
0.518592
0.523691
0.573626
0.565798
0.519092
0.519323
0.513058
0.518103
0.526505
0.557215
0.525414
0.521789
0.518017
0.532399
0.519358
0.516456
0.522552
0.51551
0.515883
0.518243
0.525929
0.525082
0.527676
0.523645
0.520689
0.518756
0.515574
0.542918
0.515575
0.515302
0.512025
0.517516
0.519781
0.514428
0.527108
0.509177
0.522516
0.517329
0.513076
0.524005
0.52478
0.516057
0.519288
0.519493
0.515041
0.516995
0.523157
0.50329
0.522584
0.521962
0.514879
0.57732
0.538228
0.513976
0.518647
0.5138
0.517543
0.517259
0.51702
0.515975
0.533921
0.557561
0.550227
0.507023
0.531649
0.561583
0.512364
0.518555
0.511243
0.511976
0.517486
0.510117
0.542968
0.517236
0.522909
0.533564
0.529647
0.51954
0.52049
0.520293
0.549132
0.522589
0.520854
0.512289
0.548219
0.540472
0.520634
0.51275
0.514604
0.560816
0.515504
0.513481
0.522173
0.516039
0.534054
0.525885
0.526824
0.518598
0.51735
0.520613
0.532789
0.525316
0.547699
0.512475
0.528635
0.533379
0.561951
0.587252
0.563482
0.566234
0.526237
0.515336
0.515554
0.517177
0.517454
0.536461
0.515553
0.52354
0.52034
0.519653
0.521051
0.517848
0.508163
0.513388
0.528907
0.526348
0.570703
0.518404
0.519124
0.527941
0.563737
0.529886
0.514503
0.517513
0.512391
0.514868
0.513103
0.525453
0.528145
0.524877
0.511897
0.515988
0.514094
0.51129
0.525913
0.523328
0.606853
0.517901
0.530918
0.585297
0.532698
0.532521
0.553478
0.515698
0.516334
0.516632
0.515214
0.556076
0.522119
0.519918
0.569757
0.581207
0.564001
0.515013
0.506872
0.510609
0.529737
0.514061
0.568242
0.548165
0.520114
0.540218
0.530101
0.516505
0.517369
0.51966
0.520944
0.515313
0.522273
0.511589
0.518979
0.519197
0.520972
0.527158
0.508922
0.508343
0.519648
0.517808
0.521506
0.551582
0.526518
0.511661
0.551835
0.525765
0.518216
0.51323
0.516491
0.518224
0.518159
0.531107
0.515076
0.51413
0.526504
0.56433
0.521452
0.51683
0.513263
0.516427
0.519052
0.520019
0.519361
0.524778
0.518511
0.517979
0.515572
0.524402
0.541371
0.525693
0.521391
0.528326
0.52263
0.52062
0.526956
0.526989
0.515884
0.525402
0.580496
0.537974
0.512397
0.512284
0.521807
0.592728
0.52619
0.516214
0.522035
0.512825
0.511354
0.511332
0.513377
0.52332
0.509606
0.516173
0.584968
0.518845
0.568511
0.518325
0.517666
0.511726
0.563367
0.522523
0.507517
0.514565
0.581172
0.526424
0.518265
0.513058
0.52614
0.521203
0.519781
0.513226
0.524947
0.518882
0.513029
0.510972
0.519018
0.515862
0.52352
0.516043
0.523161
0.515711
0.520801
0.523291
0.516934
0.518946
0.546635
0.518891
0.520213
0.588034
0.581383
0.520816
0.521711
0.516576
0.511423
0.525694
0.512674
0.510946
0.530664
0.506282
0.602802
0.526532
0.568384
0.514998
0.524582
0.539071
0.5295
0.51742
0.525017
0.522733
0.509927
0.55123
0.519768
0.516096
0.517032
0.51337
0.518479
0.514066
0.516871
0.518742
0.513999
0.515777
0.521913
0.521507
0.521273
0.576119
0.542264
0.52581
0.52224
0.517216
0.518388
0.536359
0.514389
0.509694
0.529727
0.519946
0.522056
0.530032
0.542524
0.515009
0.523272
0.515967
0.519958
0.563145
0.522774
0.523258
0.518849
0.52951
0.520318
0.51728
0.52642
0.562359
0.512223
0.513675
0.517921
0.515987
0.526264
0.522936
0.520483
0.519789
0.520439
0.51642
0.517082
0.51769
0.515231
0.519947
0.528057
0.523457
0.514285
0.514424
0.514138
0.522321
0.519668
0.516456
0.514241
0.519302
0.514702
0.517561
0.517631
0.532503
0.520544
0.520173
0.518945
0.516397
0.515137
0.51451
0.51633
0.520226
0.521188
0.584358
0.512507
0.515163
0.516403
0.520326
0.520143
0.520733
0.510224
0.517033
0.520477
0.520305
0.582462
0.518696
0.518393
0.518503
0.51759
0.516583
0.518936
0.507921
0.515446
0.517738
0.517463
0.516574
0.523605
0.531242
0.520208
0.518854
0.517931
0.519233
0.517046
0.5357
0.511256
0.521842
0.520622
0.520823
0.516161
0.518631
0.519272
0.52052
0.518251
0.556709
0.52087
0.521031
0.557407
0.517954
0.516719
0.518475
0.554312
0.535276
0.516115
0.517602
0.518356
0.544816
0.51883
0.523362
0.517177
0.521478
0.52104
0.513266
0.51379
0.522477
0.52943
0.527173
0.514891
0.514276
0.512484
0.520911
0.522636
0.518751
0.519229
0.520517
0.566765
0.537673
0.519493
0.522793
0.558281
0.519298
0.554039
0.553523
0.555721
0.517681
0.575354
0.516524
0.542227
0.509287
0.521366
0.514181
0.51634
0.518823
0.519477
0.519029
0.515658
0.517594
0.531069
0.517417
0.521893
0.522595
0.570001
0.541731
0.522889
0.536027
0.521679
0.514198
0.51447
0.520965
0.519378
0.592005
0.596252
0.514746
0.54481
0.520836
0.513105
0.519247
0.514761
0.559791
0.51878
0.518728
0.512218
0.527659
0.525167
0.562558
0.528739
0.514017
0.516464
0.512683
0.515321
0.512993
0.52032
0.516559
0.570469
0.520854
0.519383
0.520438
0.516887
0.51749
0.535422
0.517389
0.52448
0.519025
0.539347
0.518891
0.53097
0.523615
0.517121
0.51657
0.511993
0.519378
0.514282
0.525267
0.511857
0.51591
0.516299
0.52344
0.516233
0.527228
0.52073
0.520905
0.56558
0.520207
0.520981
0.519278
0.521533
0.520846
0.514484
0.539921
0.542516
0.515881
0.517392
0.515195
0.521047
0.520881
0.517267
0.517258
0.519118
0.585063
0.531051
0.518079
0.514938
0.521987
0.517792
0.521236
0.563806
0.523236
0.514381
0.519361
0.520364
0.512164
0.522977
0.51813
0.515844
0.519869
0.517701
0.518665
0.519832
0.530372
0.51755
0.514675
0.516646
0.521195
0.521164
0.517077
0.54902
0.517854
0.559688
0.552898
0.522135
0.518555
0.520152
0.515787
0.602423
0.517215
0.516386
0.542386
0.518837
0.520465
0.519569
0.522447
0.520185
0.518236
0.520763
0.517418
0.519215
0.552794
0.51592
0.518174
0.521423
0.583903
0.519103
0.51717
0.519782
0.519628
0.518284
0.56796
0.514677
0.525996
0.509654
0.521513
0.520611
0.520857
0.523926
0.519847
0.520826
0.51754
0.527666
0.519463
0.518994
0.551426
0.518329
0.56398
0.512123
0.538504
0.517245
0.513792
0.512434
0.524943
0.518478
0.515407
0.516142
0.511541
0.523474
0.517765
0.5613
0.52795
0.518566
0.523853
0.516794
0.53388
0.520825
0.521115
0.519861
0.517146
0.518671
0.524451
0.514382
0.510877
0.513832
0.509489
0.519937
0.51599
0.511081
0.526216
0.5165
0.52229
0.523649
0.517396
0.523944
0.517814
0.517291
0.508543
0.520885
0.520749
0.533317
0.517558
0.514873
0.522551
0.513331
0.518616
0.5223
0.548398
0.540793
0.522404
0.517893
0.553554
0.516827
0.513225
0.516473
0.521528
0.558309
0.534069
0.515131
0.513475
0.530105
0.512099
0.520536
0.521652
0.521348
0.577245
0.520408
0.545605
0.554071
0.517708
0.515968
0.516333
0.521838
0.542197
0.512624
0.515826
0.52218
0.57495
0.513366
0.520507
0.51427
0.56983
0.512349
0.525836
0.51346
0.51917
0.517761
0.517829
0.526753
0.53638
0.521056
0.514019
0.519169
0.526232
0.513697
0.518828
0.533572
0.529216
0.582757
0.518807
0.535223
0.512368
0.524982
0.523763
0.515916
0.515718
0.522243
0.554707
0.543271
0.514163
0.525701
0.537423
0.515869
0.549572
0.540763
0.519569
0.523081
0.536272
0.520662
0.518988
0.51781
0.520899
0.515639
0.519238
0.523729
0.526233
0.514951
0.516077
0.517237
0.508449
0.520924
0.516098
0.527307
0.521073
0.510653
0.506118
0.553289
0.521282
0.516522
0.525637
0.525362
0.547975
0.604342
0.515543
0.515267
0.51748
0.519106
0.551634
0.52038
0.516863
0.561184
0.515441
0.572848
0.514464
0.516413
0.523044
0.519674
0.514459
0.51408
0.510452
0.518003
0.521233
0.522413
0.505444
0.512969
0.514162
0.524182
0.524075
0.510298
0.518062
0.513655
0.516291
0.51446
0.513143
0.518075
0.518626
0.552495
0.519154
0.523505
0.525655
0.517409
0.521645
0.517006
0.514677
0.545847
0.520935
0.519297
0.520243
0.515094
0.516411
0.51935
0.52383
0.518656
0.514818
0.513239
0.513699
0.521383
0.574997
0.528171
0.516483
0.516048
0.519787
0.520647
