0.519867
0.518454
0.509928
0.512549
0.528806
0.526395
0.51643
0.51649
0.515098
0.519461
0.520217
0.519076
0.515854
0.523511
0.518989
0.520644
0.55795
0.562852
0.525674
0.523092
0.540468
0.522877
0.523803
0.522262
0.520621
0.523031
0.523627
0.523669
0.517282
0.518538
0.514819
0.514276
0.514761
0.54368
0.541787
0.527752
0.527396
0.535115
0.538872
0.510735
0.510794
0.522458
0.524935
0.521128
0.518562
0.522841
0.511821
0.514013
0.519834
0.519917
0.516061
0.514812
0.52649
0.523131
0.520579
0.51017
0.582023
0.575569
0.517294
0.515004
0.513421
0.517296
0.508902
0.519906
0.518352
0.573943
0.574924
0.573302
0.522758
0.520336
0.523568
0.516882
0.520234
0.517064
0.520758
0.521114
0.520773
0.520508
0.519818
0.515558
0.520031
0.5128
0.51755
0.55995
0.551784
0.514501
0.516968
0.512645
0.512266
0.515279
0.517405
0.51872
0.517837
0.515729
0.51362
0.574875
0.520739
0.523572
0.517646
0.522467
0.518168
0.527044
0.522511
0.521383
0.526136
0.523216
0.515653
0.525353
0.522976
0.513699
0.515291
0.514155
0.543278
0.52089
0.518434
0.522285
0.526516
0.521831
0.521413
0.520065
0.524267
0.52504
0.523118
0.520574
0.509569
0.510818
0.520764
0.521918
0.520961
0.522597
0.523039
0.521455
0.523182
0.524507
0.579993
0.562198
0.550461
0.515302
0.516812
0.515616
0.516464
0.520287
0.518792
0.532763
0.535664
0.510479
0.559924
0.553824
0.513897
0.515368
0.583444
0.513964
0.51436
0.514595
0.519799
0.520565
0.514567
0.517271
0.522269
0.526259
0.52258
0.520385
0.5303
0.528118
0.527511
0.504838
0.512627
0.524778
0.523945
0.513759
0.509232
0.515209
0.515732
0.514842
0.512633
0.514525
0.511593
0.514065
0.514056
0.514335
0.516895
0.516583
0.515377
0.582872
0.580917
0.515213
0.51358
0.515458
0.515358
0.522305
0.521825
0.511216
0.509666
0.514921
0.514789
0.515122
0.519136
0.537946
0.518086
0.50969
0.51407
0.512974
0.508014
0.515821
0.518499
0.518498
0.510903
0.511473
0.53342
0.536247
0.528591
0.516221
0.523395
0.524619
0.524684
0.516241
0.519195
0.51075
0.51409
0.528708
0.518515
0.518146
0.534856
0.53519
0.518806
0.513716
0.51645
0.519855
0.518419
0.519317
0.545775
0.537208
0.52807
0.524973
0.509124
0.507623
0.522256
0.515701
0.517525
0.516485
0.518381
0.525421
0.519824
0.544313
0.544371
0.584261
0.583581
0.535204
0.539567
0.54379
0.522587
0.52122
0.532421
0.555111
0.561943
0.5496
0.550866
0.515543
0.509653
0.51284
0.522778
0.507609
0.508723
0.531188
0.529032
0.531052
0.573736
0.521826
0.520309
0.508023
0.51669
0.519753
0.513053
0.513231
0.512674
0.52232
0.522925
0.523155
0.510765
0.531126
0.569198
0.579651
0.517558
0.519504
0.520623
0.518304
0.519723
0.518004
0.519266
0.585213
0.515828
0.515518
0.516426
0.582804
0.523437
0.517916
0.521885
0.519176
0.566115
0.523884
0.522809
0.521267
0.528159
0.527209
0.520742
0.509178
0.518071
0.526735
0.525107
0.533056
0.531571
0.533691
0.545945
0.546553
0.522378
0.513227
0.518726
0.517621
0.526946
0.517669
0.517638
0.562577
0.560394
0.524919
0.539924
0.536955
0.514047
0.518781
0.516631
0.513085
0.520602
0.547045
0.558751
0.525389
0.517923
0.51659
0.550757
0.555122
0.513125
0.520585
0.524428
0.523361
0.517083
0.52638
0.525406
0.515979
0.524304
0.564866
0.533586
0.528673
0.526666
0.533029
0.532068
0.524743
0.514927
0.515494
0.513916
0.525342
0.524244
0.525089
0.524295
0.518075
0.517403
0.516742
0.560224
0.516075
0.586198
0.514769
0.512855
0.525577
0.523608
0.520767
0.517632
0.517228
0.51669
0.522482
0.575678
0.524047
0.553632
0.516038
0.513958
0.520954
0.512214
0.517405
0.515423
0.516235
0.507674
0.517808
0.51853
0.52458
0.521653
0.517956
0.518538
0.526188
0.525896
0.52474
0.538604
0.538157
0.526469
0.525141
0.52387
0.51999
0.520508
0.522137
0.511586
0.50892
0.556298
0.535043
0.535483
0.534436
0.518016
0.514571
0.546143
0.539742
0.53636
0.521636
0.524636
0.520613
0.575282
0.523017
0.522451
0.515352
0.514899
0.519464
0.575495
0.565657
0.525339
0.520982
0.515466
0.519444
0.519853
0.51241
0.52021
0.516576
0.517398
0.509892
0.51577
0.511424
0.535037
0.529823
0.530248
0.537671
0.545455
0.547582
0.520362
0.516257
0.518616
0.519702
0.516904
0.51873
0.524706
0.507177
0.514557
0.519669
0.519199
0.517688
0.525655
0.514245
0.516484
0.520864
0.525981
0.535396
0.512396
0.505956
0.509736
0.512366
0.576686
0.575168
0.516722
0.518361
0.512822
0.515953
0.531274
0.523205
0.567281
0.562176
0.565152
0.521209
0.511974
0.51501
0.522484
0.523417
0.52205
0.514673
0.516183
0.521647
0.519529
0.520489
0.511631
0.520098
0.540852
0.531849
0.518951
0.531422
0.520444
0.527199
0.524465
0.550483
0.527592
0.526016
0.528285
0.523676
0.519494
0.507934
0.513647
0.51005
0.519738
0.517596
0.51821
0.522126
0.523201
0.518434
0.521131
0.526982
0.513707
0.515181
0.522678
0.514593
0.517073
0.526115
0.518499
0.517427
0.518106
0.517796
0.518257
0.520772
0.521131
0.520895
0.535675
0.531401
0.560424
0.554916
0.525555
0.538634
0.526312
0.526733
0.520997
0.508922
0.515619
0.519537
0.526779
0.523954
0.515019
0.527171
0.526563
0.523836
0.525691
0.525948
0.50654
0.514371
0.514062
0.525597
0.513786
0.523205
0.517655
0.521269
0.524769
0.520424
0.521355
0.523815
0.522572
0.513505
0.515584
0.519587
0.57464
0.585118
0.584244
0.542187
0.513087
0.516038
0.578038
0.594433
0.520359
0.520768
0.520062
0.514256
0.515032
0.522104
0.51453
0.514704
0.526777
0.52621
0.527502
0.538498
0.530538
0.520724
0.520671
0.523884
0.515337
0.516221
0.572208
0.526569
0.525051
0.521523
0.513703
0.514971
0.518819
0.513727
0.5116
0.512221
0.511243
0.511676
0.518626
0.517569
0.524789
0.519953
0.521791
0.520606
0.520974
0.520821
0.575309
0.524746
0.509324
0.515339
0.514857
0.523012
0.520542
0.519498
0.520678
0.5241
0.522485
0.525089
0.527247
0.521338
0.517435
0.52071
0.520613
0.520674
0.525927
0.591439
0.585941
0.515535
0.586384
0.528708
0.518325
0.519795
0.518814
0.527285
0.526302
0.524009
0.527931
0.52611
0.516056
0.522055
0.524615
0.531995
0.525568
0.524064
0.510961
0.510497
0.514207
0.575152
0.590502
0.517603
0.525433
0.521344
0.577135
0.51771
0.517563
0.517922
0.518706
0.511531
0.542621
0.523778
0.518585
0.51727
0.519177
0.525684
0.522552
0.51368
0.512733
0.520912
0.523349
0.512627
0.526522
0.523122
0.521121
0.514412
0.525659
0.557603
0.527768
0.52242
0.517587
0.524884
0.526062
0.516087
0.517047
0.572193
0.588704
0.515216
0.516731
0.516351
0.582859
0.539438
0.516943
0.520232
0.521563
0.513857
0.51603
0.51548
0.518161
0.515888
0.512662
0.51469
0.5197
0.518443
0.576212
0.518697
0.535514
0.51283
0.516342
0.517589
0.522825
0.506888
0.510302
0.523265
0.592968
0.523007
0.525332
0.504208
0.506145
0.507189
0.525246
0.517766
0.525862
0.519411
0.528007
0.526981
0.520763
0.514164
0.517611
0.505883
0.511968
0.515627
0.50864
0.517613
0.516354
0.517701
0.511103
0.524159
0.520836
0.582487
0.511328
0.517644
0.522955
0.525477
0.521509
0.50652
0.548904
0.557519
0.504721
0.515519
0.516717
0.559202
0.539054
0.518777
0.504766
0.525915
0.538056
0.537592
0.517798
0.516741
0.515288
0.526609
0.516707
0.516709
0.523587
0.522137
0.518808
0.532019
0.526351
0.518122
0.526453
0.523157
0.527279
0.529971
0.536172
0.534386
0.51603
0.518277
0.526828
0.520249
0.522443
0.520663
0.510618
0.526819
0.508832
0.581828
0.523477
0.522638
0.513033
0.512397
0.509547
0.54515
0.512686
0.517037
0.515384
0.516651
0.514342
0.517036
0.509063
0.501715
0.505256
0.518217
0.5194
0.519804
0.520723
0.519639
0.510459
0.519324
0.520845
0.516383
0.515574
0.518614
0.526722
0.513378
0.514209
0.51652
0.548219
0.516088
0.53481
0.591839
0.507888
0.51139
0.509675
0.50836
0.523338
0.521434
0.519057
0.518709
0.51752
0.518224
0.517375
0.514316
0.528919
0.527156
0.525395
0.511439
0.516019
0.518027
0.511809
0.51906
0.511501
0.615038
0.525379
0.561635
0.519014
0.570688
0.511304
0.515837
0.518249
0.520467
0.517606
0.522142
0.519567
0.524383
0.577143
0.516386
0.521469
0.52083
0.552123
0.517292
0.527573
0.578845
0.581277
0.512641
0.518434
0.525721
0.508133
0.590122
0.518277
0.519059
0.525255
0.508944
0.512934
0.510714
0.524828
0.523077
0.510092
0.520698
0.520874
0.511898
0.520173
0.517128
0.517942
0.517967
0.551138
0.540494
0.574472
0.523879
0.518351
0.521475
0.51659
0.520836
0.529561
0.519039
0.525163
0.513944
0.5165
0.515037
0.516344
0.517096
0.552067
0.549351
0.520314
0.518024
0.519845
0.523965
0.520918
0.541209
0.517802
0.531019
0.518739
0.511325
0.51267
0.513713
0.527051
0.516323
0.524011
0.508611
0.520737
0.579616
0.56541
0.524695
0.522875
0.551767
0.515014
0.517505
0.520771
0.522611
0.514809
0.521763
0.513277
0.524714
0.506867
0.524956
0.56351
0.511787
0.536271
0.505693
0.510143
0.560592
0.526904
0.516516
0.519369
0.513195
0.520718
0.521747
0.526535
0.514928
0.525743
0.524216
0.511879
0.511983
0.583681
0.526403
0.523801
0.526816
0.517251
0.518624
0.514513
0.516192
0.516591
0.520194
0.578674
0.540924
0.5435
0.512882
0.504941
0.526517
0.521132
0.520151
0.519387
0.522564
0.516405
0.527059
0.524554
0.512242
0.515063
0.557949
0.520983
0.536543
0.519828
0.554725
0.519511
0.515543
0.515273
0.548392
0.510862
0.522684
0.517901
0.512211
0.513863
0.525969
0.552643
0.517891
0.52378
0.51479
0.572115
0.548457
0.542144
0.545878
0.525373
0.531343
0.518223
0.510337
0.516492
0.520188
0.519151
0.513092
0.515964
0.532787
0.522332
0.520682
0.512616
0.517934
0.520111
0.513735
0.513713
0.512761
0.515675
0.510974
0.513605
0.55308
0.514067
0.518262
0.509019
0.51741
0.519356
0.568736
0.512741
0.526471
0.51873
0.525064
0.516169
0.517159
0.516943
0.529168
0.517342
0.522844
0.516426
0.560879
0.527899
0.524165
0.520569
0.51889
0.515229
0.513673
0.517043
0.581953
0.513879
0.517212
0.515894
0.511244
0.57764
0.519624
0.519443
0.548535
0.520384
0.531703
0.521964
0.519561
0.513276
0.52232
0.524982
0.513633
0.519155
0.515808
0.524202
0.578159
0.543854
0.517453
0.519159
0.526762
0.505495
0.521509
0.515779
0.520525
0.519009
0.515601
0.529918
0.530847
0.558218
0.567702
0.51655
0.506335
0.544374
0.544127
0.508538
0.526222
0.56025
0.524301
0.507889
0.515897
0.526297
0.521349
0.52409
0.517162
0.522031
0.521392
0.533514
0.522788
0.521541
0.582462
0.522309
0.519843
0.549219
0.514619
0.522624
0.505701
0.511333
0.51231
0.555373
0.517694
0.519422
0.537092
0.511715
0.515788
0.556228
0.516507
0.513735
0.530258
0.526266
0.526581
0.519759
0.525623
0.524816
0.51919
0.529551
0.516465
0.514409
0.562685
0.571953
0.524814
0.530477
0.539661
0.529072
0.560301
0.538471
0.513619
0.57265
0.520339
0.525989
0.528909
0.517382
0.516686
0.508187
0.511863
0.520341
0.51702
0.516521
0.517939
0.517359
0.512308
0.566808
0.518092
0.525843
0.572054
0.513327
0.518344
0.585705
0.522285
0.520027
0.5133
0.510345
0.52679
0.543176
0.524848
0.510712
0.526432
0.515479
0.52072
0.542677
0.562053
0.524935
0.516648
0.525685
0.515774
0.525406
0.521904
0.558036
0.53463
0.534505
0.507404
0.54852
0.514229
0.525642
0.512424
0.517294
0.522607
0.520321
0.534625
0.531105
0.523038
0.51333
0.541071
0.563718
0.587042
0.551547
0.517388
0.576593
0.513609
0.512865
0.521815
0.517494
0.526692
0.525003
0.506298
0.508654
0.548275
0.518551
0.517897
0.516409
0.532126
0.526273
0.520046
0.522113
0.520749
0.520976
0.52847
0.520092
0.518059
0.520318
0.526841
0.52099
0.525488
0.530552
0.572025
0.568701
0.546413
0.525408
0.52299
0.509445
0.525285
0.515038
0.52505
0.548427
0.527029
0.523828
0.519681
0.511197
0.526494
0.515837
0.525555
0.519338
0.515484
0.522297
0.520893
0.522111
0.515474
0.523307
0.513084
0.543416
0.521105
0.516282
0.530652
0.524881
0.530284
0.576101
0.526531
0.515324
0.54214
0.519084
0.562247
0.567876
0.554854
0.555065
0.560239
0.567331
0.515799
0.511244
0.575871
0.505564
0.542998
0.516295
0.506549
0.592393
0.516869
0.520951
0.510385
0.580311
0.527889
0.555382
0.586072
0.520652
0.522553
0.519265
0.512987
0.504424
0.520591
0.527018
0.519946
0.516944
0.515306
0.517214
0.525835
0.524236
0.518253
0.510352
0.516636
0.527205
0.555977
0.525679
0.515662
0.530703
0.518646
0.587351
0.552181
0.521663
0.551538
0.52576
0.515801
0.527364
0.512907
0.509251
0.52966
0.512893
0.501078
0.514632
0.521042
0.520717
0.524166
0.526235
0.522921
0.510161
0.504865
0.517796
0.524027
0.525047
0.516648
0.515362
0.517925
0.511874
0.515016
0.515537
0.522709
0.518904
0.516627
0.52003
0.522301
0.582889
0.559108
0.550737
0.541999
0.540466
0.516168
0.516069
0.561866
0.515104
0.513766
0.513637
0.512815
0.513721
0.517802
0.520807
0.555197
0.564984
0.520644
0.522209
0.519007
0.523063
0.518704
0.522489
0.515605
0.564407
0.527737
0.565427
0.560699
0.525958
0.517177
0.517587
0.517099
0.517208
0.520424
0.520084
0.512907
0.51796
0.524008
0.522756
0.515931
0.518572
0.520623
0.521948
0.519511
0.517657
0.538123
0.51959
0.515351
0.521746
0.514967
0.515145
0.520205
0.519859
0.520066
0.514749
0.52393
0.579183
0.514161
0.519947
0.519928
0.523156
0.521371
0.522656
0.518751
0.520027
0.519952
0.51507
0.515601
0.516157
0.516208
0.518551
0.515052
0.524478
0.529333
0.517127
0.517248
0.524539
0.520762
0.509037
0.536739
0.513962
0.5152
0.518218
0.516551
0.515562
0.5151
0.5184
0.510477
0.518588
0.51579
0.526313
0.516188
0.516376
0.513846
0.515897
0.512885
0.565959
0.520089
0.512866
0.525777
0.519003
0.522881
0.522204
0.522104
0.518743
0.519646
0.55898
0.555975
0.518931
0.520631
0.516722
0.544683
0.515047
0.515942
0.523386
0.51483
0.515654
0.516809
0.522791
0.520306
0.530252
0.516854
0.523318
0.518266
0.512561
0.5143
0.513497
0.519681
0.519584
0.528117
0.511157
0.523275
0.517101
0.518282
0.522763
0.519825
0.550496
0.571153
0.52069
0.542342
0.51233
0.57404
0.512088
0.544546
0.520947
0.530202
0.512084
0.517219
0.519921
0.517983
0.511851
0.518778
0.516099
0.570812
0.576769
0.52196
0.518955
0.520421
0.516121
0.51617
0.516762
0.519275
0.557105
0.515734
0.522096
0.523208
0.521126
0.514613
0.513682
0.526831
0.524885
0.560058
0.558822
0.57985
0.535842
0.576786
0.519034
0.518815
0.515997
0.515665
0.514617
0.538703
0.5228
0.521419
0.523009
0.520271
0.518699
0.517292
0.518304
0.519264
0.512609
0.524937
0.516888
0.518952
0.541093
0.516639
0.525712
0.519146
0.519506
0.517271
0.536141
0.519633
0.516256
0.517121
0.533954
0.517966
0.514977
0.515811
0.517819
0.52365
0.520103
0.569949
0.520579
0.520099
0.517537
0.56342
0.565982
0.520822
0.516714
0.520821
0.57895
0.516755
0.520362
0.518615
0.52081
0.566495
0.516258
0.524624
0.523695
0.520151
0.526399
0.520402
0.520672
0.52073
0.515215
0.52402
0.520872
0.523404
0.516765
0.522085
0.519863
0.520735
0.519752
0.52108
0.524265
0.530273
0.521443
0.515566
0.516055
0.516295
0.515382
0.519162
0.579656
0.518218
0.518077
0.51636
0.562031
0.556578
0.566318
0.5176
0.510316
0.521763
0.52035
0.51745
0.519091
0.524124
0.520796
0.521934
0.521359
0.525502
0.519095
0.520203
0.518227
0.522664
0.515483
0.516668
0.522156
0.521443
0.525328
0.514057
0.518313
0.524931
0.522338
0.519022
0.516393
0.51496
0.582418
0.521917
0.517724
0.525951
0.560059
0.523506
0.519781
0.518368
0.557979
0.520357
0.521002
0.518204
0.517685
0.513006
0.588211
0.532439
0.518391
0.522024
0.537258
0.518834
0.516099
0.528392
0.518952
0.523001
0.516841
0.536792
0.528343
0.521583
0.52328
0.519962
0.514529
0.565681
0.566933
0.520034
0.525283
0.518592
0.519999
0.530324
0.547909
0.51374
0.517222
0.527522
0.519602
0.523418
0.521275
0.522086
0.524516
0.513998
0.520653
0.530281
0.528768
0.51846
0.52469
0.517944
0.517904
0.517405
0.517889
0.51896
0.513821
0.520893
0.519633
0.522299
0.522801
0.523709
0.518359
0.518852
0.547538
0.521633
0.5203
0.523128
0.52
0.528618
0.513881
0.519294
0.518082
0.584471
0.534175
0.519033
0.533296
0.518108
0.521235
0.519763
0.528109
0.50968
0.512954
0.523331
0.517514
0.524947
0.523624
0.520296
0.524702
0.518453
0.526871
0.516222
0.517834
0.515573
0.514417
0.567634
0.552516
0.515371
0.519575
0.514715
0.590211
0.517574
0.524153
0.525892
0.549343
0.5167
0.590269
0.517348
0.519387
0.535027
0.558911
0.518396
0.519449
0.51817
0.516832
0.525975
0.524472
0.515937
0.510597
0.526143
0.517038
0.578905
0.516243
0.576995
0.610073
0.521133
0.514175
0.519713
0.545719
0.51827
0.518454
0.5169
0.519249
0.51507
0.575507
0.516474
0.554255
0.520001
0.540951
0.56898
0.576513
0.547104
0.518298
0.517988
0.518443
0.516442
0.515303
0.522231
0.561519
0.520365
0.515913
0.517996
0.510338
0.50827
0.549714
0.516014
0.521416
0.524677
0.515101
0.514883
0.582329
0.520256
0.517563
0.518311
0.550616
0.519233
0.546892
0.520369
0.519306
0.519003
0.525404
0.519243
0.517761
0.513572
0.517426
0.516712
0.580909
0.570298
0.524648
0.518657
0.519568
0.520679
0.519309
0.520021
0.521618
0.519984
0.516776
0.52019
0.547863
0.522298
0.519787
0.519359
0.519965
0.518387
0.517419
0.518025
0.544277
0.516148
0.524174
0.509121
0.519559
0.516192
0.528527
0.518142
0.521064
0.518195
0.518814
0.517588
0.514335
0.514467
0.507737
0.520305
0.517281
0.525061
0.524309
0.575078
0.518042
0.516336
0.52371
0.526811
0.513383
0.518644
0.519566
0.513659
0.567855
0.562563
0.519759
0.523616
0.532146
0.523191
0.511692
0.580368
0.520168
0.527835
0.518378
0.520204
0.519693
0.518621
