0.505538
0.528718
0.520382
0.517252
0.516819
0.514523
0.516406
0.513827
0.514683
0.517876
0.525254
0.524271
0.521554
0.516028
0.515231
0.527849
0.529088
0.523441
0.520125
0.517401
0.516657
0.525375
0.522534
0.575533
0.573448
0.527258
0.526649
0.518628
0.518027
0.522679
0.514451
0.520514
0.515568
0.514111
0.51577
0.511314
0.513408
0.516362
0.523983
0.525513
0.521456
0.522261
0.573267
0.503726
0.502823
0.510229
0.511612
0.516561
0.509684
0.508486
0.523483
0.522843
0.524194
0.504829
0.50377
0.522082
0.515287
0.506522
0.526263
0.523756
0.513932
0.511617
0.509678
0.519217
0.588593
0.590072
0.527447
0.525323
0.531084
0.530495
0.527536
0.519115
0.5186
0.520082
0.513541
0.513132
0.513762
0.513002
0.508387
0.504137
0.515712
0.518183
0.516168
0.515195
0.511383
0.526699
0.604579
0.520004
0.515836
0.518117
0.510373
0.513198
0.576187
0.579413
0.51272
0.514127
0.525076
0.524222
0.518166
0.519866
0.518402
0.517513
0.517994
0.518403
0.518146
0.518321
0.560687
0.56076
0.522777
0.518628
0.50884
0.511293
0.5091
0.523665
0.526381
0.523485
0.525268
0.591182
0.517505
0.520388
0.540728
0.509199
0.511068
0.514594
0.514509
0.514385
0.52127
0.521288
0.521033
0.517416
0.517361
0.542701
0.543301
0.552943
0.549208
0.577372
0.581535
0.565501
0.51494
0.513862
0.598734
0.588093
0.522411
0.525532
0.511407
0.51558
0.506777
0.508657
0.507507
0.515458
0.515424
0.522055
0.517683
0.52037
0.515801
0.512886
0.506008
0.523699
0.522273
0.52169
0.515013
0.563761
0.539282
0.534044
0.504936
0.508674
0.516869
0.517726
0.518032
0.53932
0.538819
0.540375
0.515716
0.5162
0.515063
0.549739
0.515495
0.51353
0.514515
0.513511
0.515108
0.520258
0.519146
0.514695
0.517978
0.514934
0.516347
0.559381
0.549416
0.525606
0.511323
0.508782
0.514475
0.503758
0.513593
0.519725
0.532388
0.518216
0.516989
0.509815
0.51076
0.504298
0.507084
0.554711
0.573824
0.515976
0.517471
0.543289
0.541785
0.524133
0.521573
0.518173
0.516127
0.519558
0.518891
0.535359
0.518026
0.516257
0.510012
0.510347
0.507205
0.545455
0.546627
0.522389
0.521383
0.509787
0.526101
0.524808
0.524041
0.526494
0.524845
0.568045
0.565105
0.562879
0.518014
0.518625
0.509772
0.517243
0.516131
0.516209
0.526018
0.557345
0.515402
0.520793
0.598117
0.518515
0.521973
0.548108
0.522259
0.511415
0.507847
0.525283
0.514551
0.517365
0.517269
0.518688
0.517655
0.514043
0.517504
0.519019
0.516544
0.513796
0.512487
0.511625
0.510918
0.554041
0.520159
0.524336
0.524447
0.516291
0.534543
0.539196
0.524869
0.522306
0.524725
0.513775
0.522576
0.537955
0.544016
0.516155
0.52596
0.57303
0.589555
0.578183
0.573964
0.515784
0.540123
0.571791
0.570553
0.52827
0.529459
0.530149
0.504509
0.504796
0.513804
0.514388
0.518846
0.50386
0.506748
0.554534
0.523091
0.523439
0.553775
0.539469
0.529484
0.538978
0.52681
0.524723
0.522401
0.520985
0.518929
0.522593
0.518234
0.515902
0.514661
0.51855
0.530079
0.520267
0.507812
0.526068
0.522625
0.521139
0.532245
0.542458
0.551498
0.53477
0.536953
0.537857
0.514215
0.514795
0.522321
0.530442
0.527179
0.521895
0.523126
0.519816
0.521861
0.519407
0.519909
0.511422
0.539675
0.544042
0.550694
0.503842
0.51852
0.521741
0.520235
0.518524
0.564506
0.601363
0.518948
0.517299
0.515982
0.525116
0.522413
0.521704
0.5204
0.50601
0.514345
0.521142
0.516258
0.519058
0.555329
0.544938
0.539577
0.505689
0.510727
0.508414
0.536958
0.542197
0.547888
0.516518
0.518894
0.53445
0.53652
0.511317
0.510713
0.507497
0.524516
0.518601
0.515324
0.520784
0.522379
0.544288
0.564756
0.511911
0.513993
0.511352
0.514563
0.515175
0.516717
0.515685
0.519837
0.517676
0.52136
0.519213
0.513867
0.521594
0.515809
0.561237
0.564892
0.562461
0.509878
0.505424
0.51278
0.517718
0.540779
0.52116
0.521335
0.524156
0.524011
0.523452
0.527194
0.53356
0.530473
0.516062
0.517602
0.520389
0.521339
0.521781
0.519954
0.519395
0.525214
0.527384
0.522259
0.574889
0.576676
0.523705
0.583332
0.513713
0.521891
0.52256
0.526509
0.505507
0.525566
0.520776
0.522406
0.522476
0.520135
0.505723
0.521484
0.5227
0.516432
0.517743
0.525104
0.524163
0.525099
0.528528
0.517514
0.514948
0.510122
0.526302
0.560857
0.561632
0.515369
0.511458
0.522133
0.522756
0.522452
0.521381
0.516384
0.515556
0.523217
0.518365
0.527131
0.52597
0.526983
0.523614
0.507486
0.516931
0.519643
0.539173
0.534976
0.517706
0.51392
0.539204
0.511993
0.513114
0.515217
0.515399
0.519093
0.510142
0.516443
0.518132
0.520384
0.556727
0.506609
0.515926
0.514703
0.520512
0.503542
0.519967
0.509084
0.506515
0.514065
0.518045
0.520903
0.514286
0.516401
0.519796
0.512221
0.523745
0.507411
0.517532
0.514605
0.509914
0.516629
0.521202
0.524755
0.521914
0.520282
0.523256
0.515511
0.50333
0.520736
0.515535
0.568267
0.58262
0.512845
0.509835
0.51596
0.511846
0.513579
0.536633
0.514728
0.52408
0.503353
0.533529
0.571289
0.523823
0.519971
0.509087
0.507817
0.509561
0.525382
0.521321
0.515514
0.515127
0.502927
0.506053
0.510546
0.521184
0.522493
0.546074
0.523038
0.526833
0.525537
0.526501
0.524763
0.515934
0.524052
0.523088
0.507388
0.523549
0.516549
0.516006
0.521618
0.517778
0.527341
0.51041
0.517464
0.57449
0.553735
0.520759
0.504833
0.50738
0.515173
0.512876
0.508168
0.520095
0.518775
0.507292
0.510325
0.51514
0.517845
0.520553
0.504894
0.559061
0.526264
0.522499
0.523759
0.523933
0.521911
0.512686
0.521382
0.522528
0.523993
0.534836
0.530594
0.51635
0.519158
0.524449
0.525027
0.514624
0.515285
0.573922
0.600812
0.581351
0.572407
0.573804
0.517603
0.50528
0.505064
0.523505
0.521947
0.521452
0.522554
0.51779
0.504869
0.504224
0.523576
0.514606
0.515715
0.524267
0.514969
0.516171
0.51083
0.528973
0.533103
0.5347
0.523064
0.519541
0.517237
0.517947
0.525708
0.515248
0.587584
0.545537
0.522985
0.526112
0.523337
0.518067
0.526098
0.522464
0.523205
0.521735
0.520529
0.516416
0.523661
0.54343
0.536594
0.533132
0.532567
0.516032
0.521449
0.554158
0.51914
0.516599
0.583205
0.580968
0.515632
0.51849
0.512918
0.525554
0.512651
0.512314
0.515762
0.5041
0.52084
0.580076
0.522519
0.519455
0.523912
0.519325
0.526265
0.546969
0.5164
0.522258
0.553186
0.539833
0.571363
0.564324
0.548098
0.544318
0.521342
0.517003
0.518707
0.524846
0.519151
0.524378
0.513607
0.531783
0.528678
0.505108
0.505573
0.515583
0.515455
0.517242
0.509213
0.52631
0.507944
0.515614
0.525774
0.520457
0.523538
0.522584
0.518549
0.519073
0.518065
0.523479
0.530409
0.520753
0.514985
0.515672
0.52301
0.559036
0.510938
0.50946
0.518015
0.514152
0.516859
0.509737
0.532729
0.53484
0.535984
0.515849
0.521494
0.522261
0.526427
0.523722
0.519726
0.50896
0.511573
0.526457
0.514553
0.516601
0.516862
0.516874
0.522439
0.517194
0.518716
0.525804
0.524604
0.514879
0.53911
0.522319
0.521389
0.523575
0.542513
0.563007
0.527405
0.524495
0.518542
0.516367
0.520447
0.521874
0.523768
0.527951
0.565909
0.525522
0.526439
0.536735
0.513298
0.514408
0.526263
0.550805
0.538565
0.529904
0.516681
0.516824
0.520244
0.515292
0.510561
0.503915
0.504821
0.503123
0.506392
0.507232
0.507921
0.51014
0.51623
0.513731
0.523498
0.511393
0.525955
0.526211
0.514307
0.520061
0.515941
0.511285
0.576075
0.527574
0.523853
0.513137
0.514445
0.516112
0.521625
0.516764
0.514677
0.531593
0.525206
0.517936
0.516883
0.517175
0.516558
0.519766
0.525641
0.52533
0.605304
0.517712
0.567536
0.513234
0.509909
0.525234
0.513305
0.522063
0.529573
0.524981
0.520355
0.508209
0.545184
0.53129
0.52782
0.576258
0.579604
0.525825
0.524369
0.514084
0.509757
0.510135
0.576838
0.520591
0.518171
0.515196
0.515336
0.524197
0.509401
0.513153
0.509692
0.510341
0.531427
0.523686
0.527352
0.523722
0.511885
0.523149
0.515837
0.512699
0.514167
0.507824
0.505524
0.51523
0.511167
0.509347
0.512746
0.50956
0.545702
0.583454
0.580206
0.518751
0.526862
0.515931
0.514279
0.564533
0.516867
0.516249
0.51513
0.513826
0.515918
0.511309
0.513899
0.526099
0.558351
0.568812
0.521647
0.518911
0.515675
0.535171
0.536139
0.509022
0.517482
0.516593
0.508273
0.532937
0.564332
0.520204
0.51557
0.525306
0.521276
0.520477
0.511735
0.51561
0.571222
0.57111
0.52108
0.518871
0.524652
0.524395
0.516569
0.55139
0.59607
0.51483
0.574653
0.580832
0.521821
0.522938
0.522129
0.523282
0.504954
0.522925
0.518161
0.553837
0.530481
0.510728
0.509729
0.504164
0.511654
0.520411
0.522113
0.528358
0.514916
0.518065
0.5074
0.534768
0.527676
0.519526
0.517936
0.522552
0.517643
0.516354
0.515418
0.517336
0.51601
0.522181
0.522659
0.527789
0.529509
0.525102
0.505016
0.518997
0.51879
0.515493
0.51683
0.516944
0.514761
0.518958
0.513429
0.515447
0.519337
0.533609
0.52451
0.505116
0.51399
0.522181
0.523291
0.522162
0.519573
0.512017
0.514797
0.515554
0.517292
0.519018
0.513732
0.514747
0.531057
0.527861
0.506035
0.5293
0.567459
0.53642
0.540487
0.542776
0.578907
0.588591
0.574173
0.569866
0.538464
0.537709
0.536275
0.590813
0.516767
0.530217
0.529199
0.520224
0.520677
0.517616
0.527131
0.533548
0.584599
0.529018
0.532536
0.532678
0.514028
0.511164
0.530197
0.525232
0.519839
0.522438
0.534014
0.516585
0.525062
0.524161
0.52074
0.509898
0.510019
0.519961
0.530973
0.526016
0.501497
0.521352
0.521731
0.524862
0.522212
0.522873
0.516951
0.515057
0.512659
0.509921
0.523615
0.520513
0.52173
0.619039
0.598938
0.549913
0.542671
0.520865
0.562614
0.558466
0.531217
0.508075
0.521586
0.545953
0.548058
0.524726
0.522899
0.525497
0.524159
0.507338
0.508086
0.588821
0.598135
0.525318
0.523355
0.516325
0.50967
0.511408
0.558446
0.54443
0.515045
0.573015
0.526655
0.515378
0.520795
0.522945
0.523478
0.523533
0.601817
0.509643
0.505636
0.520768
0.515728
0.543415
0.504581
0.51749
0.516161
0.530151
0.518954
0.522676
0.523971
0.514036
0.531091
0.514536
0.52625
0.525713
0.520209
0.509924
0.522708
0.514684
0.510621
0.514714
0.525301
0.525006
0.520192
0.506401
0.512628
0.526161
0.53033
0.526818
0.518853
0.522948
0.522961
0.526444
0.533811
0.51264
0.529621
0.50661
0.508812
0.507487
0.535867
0.571417
0.572917
0.523979
0.507668
0.510852
0.517603
0.538215
0.530433
0.526813
0.523383
0.521906
0.522526
0.520784
0.513467
0.516044
0.593951
0.535804
0.535458
0.503738
0.511728
0.509774
0.507077
0.531017
0.583467
0.524843
0.519684
0.505403
0.520467
0.515889
0.540162
0.519818
0.516917
0.533005
0.522108
0.51737
0.538733
0.523253
0.516608
0.529943
0.524131
0.526518
0.542789
0.511861
0.510876
0.512672
0.526645
0.515713
0.565061
0.566376
0.565624
0.516278
0.517646
0.509993
0.525788
0.554379
0.526961
0.51428
0.582501
0.527849
0.509922
0.513561
0.527325
0.51935
0.520798
0.5187
0.524495
0.510352
0.519467
0.518056
0.512662
0.525143
0.523129
0.528954
0.510506
0.507544
0.519298
0.516174
0.549323
0.549362
0.521494
0.505063
0.518741
0.573886
0.5208
0.523516
0.518029
0.513314
0.517692
0.522045
0.543479
0.506235
0.524174
0.515013
0.525133
0.51383
0.500167
0.533564
0.516712
0.583762
0.585216
0.585473
0.524546
0.515868
0.517078
0.530307
0.577992
0.514088
0.536899
0.511697
0.522018
0.51798
0.524329
0.591295
0.523177
0.520112
0.524391
0.533344
0.531953
0.524333
0.51598
0.611968
0.515649
0.503412
0.519973
0.530877
0.526846
0.511019
0.517787
0.516548
0.506335
0.508459
0.522454
0.516006
0.523529
0.521164
0.512756
0.570668
0.51665
0.526103
0.524288
0.506047
0.518127
0.510617
0.510704
0.54426
0.51651
0.524522
0.520911
0.512121
0.509777
0.517231
0.521799
0.521275
0.517328
0.511931
0.517045
0.542638
0.524827
0.561202
0.516293
0.508161
0.526274
0.55885
0.516238
0.526991
0.562911
0.519847
0.521715
0.532645
0.523987
0.529522
0.526352
0.504862
0.514369
0.521839
0.529681
0.531838
0.55155
0.519854
0.526565
0.550885
0.555367
0.526807
0.523503
0.515497
0.517547
0.516266
0.514521
0.516123
0.51878
0.522487
0.540676
0.527349
0.525053
0.515709
0.524642
0.522734
0.579645
0.516905
0.534941
0.52681
0.510126
0.583962
0.524763
0.522028
0.515104
0.504927
0.520096
0.505663
0.511619
0.540675
0.505619
0.526798
0.508319
0.503872
0.552652
0.514788
0.507213
0.531167
0.513581
0.516007
0.520398
0.520039
0.51345
0.51831
0.519743
0.523177
0.514663
0.530239
0.589714
0.535663
0.506202
0.515384
0.51691
0.515711
0.510063
0.521861
0.568423
0.514534
0.516596
0.509601
0.526211
0.527682
0.528071
0.504518
0.519882
0.526236
0.518218
0.510264
0.5215
0.509857
0.524564
0.526222
0.525989
0.505686
0.514564
0.515105
0.515637
0.527375
0.520788
0.512866
0.540839
0.5309
0.505828
0.53815
0.521448
0.543637
0.52442
0.522341
0.51119
0.525407
0.517103
0.52745
0.516334
0.523673
0.524828
0.52601
0.542556
0.520412
0.521455
0.527501
0.57566
0.510041
0.515934
0.516007
0.523227
0.523559
0.574298
0.517183
0.513064
0.513601
0.521115
0.526301
0.518962
0.536071
0.516656
0.516537
0.516012
0.517159
0.515071
0.572164
0.578107
0.510514
0.515919
0.515696
0.523532
0.521616
0.519191
0.590865
0.542213
0.513397
0.515218
0.523456
0.515251
0.514682
0.515903
0.551162
0.56279
0.520056
0.552854
0.580227
0.517038
0.532336
0.558527
0.51894
0.507509
0.505305
0.544448
0.510108
0.517279
0.516956
0.554044
0.610021
0.507284
0.524246
0.519981
0.518634
0.517924
0.513811
0.514648
0.519316
0.51963
0.515858
0.520129
0.599357
0.52855
0.516109
0.505905
0.519268
0.553437
0.518579
0.520389
0.572579
0.517925
0.51787
0.521599
0.516873
0.51906
0.542394
0.523128
0.523224
0.521397
0.551672
0.517651
0.516692
0.52359
0.513842
0.544171
0.511109
0.515059
0.518194
0.517511
0.539447
0.540397
0.520644
0.515956
0.516537
0.51685
0.515161
0.51681
0.518566
0.522347
0.578181
0.578284
0.516434
0.519896
0.530119
0.531281
0.511268
0.516961
0.517756
0.515956
0.507832
0.509957
0.511682
0.542116
0.522288
0.521243
0.513942
0.530419
0.52004
0.506731
0.510275
0.523464
0.514692
0.522903
0.506897
0.507892
0.518146
0.51014
0.51532
0.584482
0.5216
0.517059
0.525348
0.565346
0.516201
0.512399
0.510517
0.524086
0.523287
0.511589
0.511655
0.52249
0.51635
0.514829
0.513789
0.583984
0.599509
0.506046
0.603173
0.517643
0.512381
0.516392
0.518795
0.518333
0.51785
0.515276
0.557703
0.526277
0.519108
0.518104
0.541894
0.514607
0.515642
0.517292
0.51515
0.514926
0.510934
0.513009
0.523888
0.523741
0.522473
0.520323
0.517981
0.526948
0.525324
0.539959
0.517371
0.508246
0.519552
0.521202
0.51537
0.525131
0.514625
0.52056
0.519784
0.522897
0.516243
0.518865
0.517492
0.514355
0.521202
0.521409
0.524393
0.52082
0.519787
0.5095
0.519573
0.568894
0.518427
0.531347
0.514232
0.51209
0.522934
0.520855
0.520419
0.516656
0.519716
0.515561
0.509295
0.558573
0.516172
0.51562
0.520577
0.518746
0.518361
0.513034
0.517342
0.513831
0.517552
0.514158
0.516842
0.516596
0.517665
0.5205
0.521326
0.519919
0.522865
0.518036
0.51858
0.510388
0.522063
0.520722
0.522274
0.515679
0.565292
0.518444
0.523003
0.517809
0.517437
0.516324
0.540183
0.547946
0.521302
0.571315
0.523659
0.522233
0.515313
0.519009
0.558593
0.51579
0.513881
0.51208
0.574431
0.601243
0.521004
0.518726
0.515428
0.520965
0.515379
0.516519
0.519618
0.51642
0.57635
0.516072
0.516088
0.521182
0.515502
0.592402
0.526405
0.512869
0.522903
0.521578
0.582034
0.519147
0.524063
0.514182
0.511204
0.538609
0.511852
0.517309
0.518952
0.519518
0.515341
0.517497
0.520765
0.520286
0.51734
0.520714
0.516444
0.510327
0.517353
0.521406
0.520034
0.51843
0.520597
0.518467
0.530293
0.517169
0.51906
0.527133
0.517895
0.531564
0.516634
0.569623
0.519212
0.511264
0.519499
0.520267
0.513344
0.513945
0.52211
0.520927
0.507662
0.538995
0.513939
0.557386
0.508339
0.519792
0.517143
0.538177
0.523816
0.51506
0.523912
0.552523
0.51129
0.521143
0.561761
0.51532
0.532344
0.512515
0.515157
0.526443
0.538101
0.514638
0.516061
0.514061
0.515292
0.509493
0.523402
0.579301
0.51291
0.517995
0.572273
0.506323
0.522173
0.516641
0.506473
0.516324
0.525047
0.507109
0.516227
0.516118
0.52414
0.556499
0.538579
0.532785
0.535956
0.508773
0.515877
0.518566
0.512448
0.539556
0.513082
0.51819
0.524628
0.523444
0.513289
0.508945
0.51818
0.524122
0.521387
0.516578
0.507851
0.510628
0.547938
0.522188
0.515874
0.507766
0.520426
0.518155
0.521672
0.536161
0.570105
0.554053
0.523864
0.515958
0.523633
0.508957
0.519969
0.515735
0.570461
0.585726
0.515248
0.518825
0.541787
0.51691
0.515052
0.523022
0.511844
0.519474
0.522468
0.529275
0.513931
0.525174
0.511449
0.522649
0.509658
0.514392
0.522997
0.53114
0.530647
0.519681
0.522139
0.514218
0.515252
0.515742
0.525316
0.523938
0.513784
0.524873
0.522687
0.514687
0.512762
0.519845
0.529347
0.564855
0.514673
0.51089
0.519259
0.527082
0.519071
0.512737
0.508645
0.51872
0.52553
0.524861
0.516824
0.510014
0.510955
0.519258
0.513903
0.520926
0.512962
0.518912
0.520833
0.520576
0.521686
0.521332
0.514851
0.515966
0.561759
0.520463
0.551705
0.518136
0.526042
0.519929
0.601134
0.545874
0.513158
0.516358
0.535739
0.524277
0.521613
0.51737
0.515979
0.524936
0.517343
0.517177
0.506811
0.528369
0.5161
0.517266
0.515908
0.509421
0.513468
0.52484
0.519264
0.577812
0.510654
0.535996
0.515037
0.514972
0.519011
0.51633
0.589193
0.529722
0.52211
0.55261
0.511306
0.524895
0.517689
0.516398
0.514204
0.52559
0.507177
0.521557
0.505258
0.519223
0.520563
0.524713
0.5184
0.516382
0.513327
0.511349
0.51148
0.511262
0.519561
0.504827
0.514402
0.514668
0.515653
0.533948
0.590995
0.546211
