0.51415
0.574383
0.581028
0.524046
0.532319
0.53306
0.520001
0.520823
0.517878
0.52012
0.51412
0.518423
0.516274
0.510205
0.525983
0.522941
0.513968
0.522952
0.518644
0.516982
0.52593
0.528357
0.517066
0.516668
0.525577
0.525724
0.527522
0.511135
0.514898
0.513834
0.525773
0.523167
0.514059
0.519616
0.516276
0.514981
0.516684
0.511358
0.513275
0.514293
0.526253
0.523758
0.525247
0.592399
0.580053
0.511581
0.514053
0.517628
0.517352
0.558095
0.505035
0.527043
0.524336
0.507214
0.520264
0.526979
0.524626
0.530172
0.524713
0.52104
0.519636
0.523927
0.515344
0.513206
0.513349
0.504327
0.515221
0.515177
0.515032
0.574543
0.517675
0.513372
0.514427
0.553733
0.555635
0.517914
0.520809
0.514663
0.516187
0.521879
0.52502
0.521349
0.521941
0.514789
0.515769
0.515269
0.561955
0.513001
0.512758
0.521064
0.508445
0.507463
0.526568
0.525223
0.513548
0.516147
0.5257
0.526573
0.510522
0.511998
0.509762
0.506378
0.515194
0.520026
0.521498
0.516231
0.51883
0.517228
0.506293
0.526331
0.523023
0.522649
0.514341
0.51681
0.533645
0.551283
0.561905
0.556746
0.578501
0.547319
0.523899
0.521922
0.554286
0.515593
0.517766
0.516043
0.528481
0.515277
0.523365
0.52248
0.520762
0.525962
0.523468
0.520934
0.564725
0.555138
0.538582
0.53773
0.515261
0.517009
0.518925
0.503032
0.50891
0.506852
0.523637
0.515036
0.513087
0.521347
0.516137
0.514643
0.513423
0.515446
0.51515
0.564522
0.588188
0.569102
0.517202
0.518908
0.517004
0.515984
0.517774
0.518819
0.517525
0.560484
0.515706
0.518044
0.527752
0.509077
0.515493
0.503473
0.503395
0.504647
0.505603
0.519986
0.522183
0.522412
0.517401
0.511851
0.516615
0.511413
0.510375
0.511523
0.520401
0.522241
0.522258
0.504585
0.508575
0.554887
0.563892
0.515788
0.514955
0.5374
0.538126
0.510226
0.507847
0.518676
0.515718
0.523132
0.517171
0.519188
0.534588
0.518956
0.517568
0.517292
0.511031
0.514894
0.519918
0.503116
0.506611
0.533917
0.532352
0.526363
0.525113
0.520843
0.510082
0.507237
0.508449
0.525947
0.603989
0.518814
0.512093
0.556609
0.520554
0.51762
0.5167
0.525964
0.523084
0.563478
0.577715
0.523001
0.519346
0.56283
0.562474
0.520401
0.522015
0.555879
0.545938
0.524756
0.507037
0.510387
0.509139
0.52536
0.520473
0.511616
0.514701
0.510649
0.51168
0.520623
0.518364
0.504509
0.513649
0.511996
0.512531
0.543321
0.518766
0.514016
0.51545
0.510161
0.524768
0.522781
0.524053
0.518637
0.519975
0.532532
0.541623
0.57194
0.593707
0.522372
0.522755
0.513205
0.514525
0.535393
0.543679
0.523158
0.521268
0.516251
0.516849
0.527857
0.5258
0.550853
0.568275
0.565089
0.523433
0.515977
0.514976
0.526707
0.531801
0.531126
0.504259
0.50579
0.508122
0.5147
0.525792
0.524168
0.503771
0.55776
0.524063
0.525619
0.518207
0.551136
0.528615
0.523933
0.530165
0.525855
0.525114
0.520278
0.520073
0.521427
0.520205
0.515382
0.503783
0.525555
0.524159
0.520766
0.522091
0.555863
0.561498
0.514352
0.512557
0.514498
0.573549
0.530763
0.525718
0.521032
0.522806
0.524348
0.523166
0.522042
0.512364
0.510899
0.533222
0.556255
0.542148
0.519674
0.564321
0.572189
0.52145
0.519139
0.51749
0.515573
0.514969
0.519027
0.518827
0.514322
0.515568
0.519538
0.526379
0.52533
0.558533
0.541444
0.509031
0.512059
0.536553
0.534254
0.553838
0.515623
0.515869
0.524523
0.52443
0.577818
0.510657
0.525104
0.516632
0.524351
0.522796
0.542028
0.514619
0.512871
0.515699
0.515209
0.514892
0.520633
0.516379
0.516186
0.524394
0.521154
0.51833
0.516585
0.541098
0.551106
0.518828
0.510353
0.515204
0.508062
0.520765
0.510892
0.516697
0.507817
0.545933
0.519713
0.517895
0.523955
0.5226
0.525779
0.580171
0.517164
0.52031
0.517291
0.519784
0.519838
0.518878
0.523232
0.50671
0.505419
0.509237
0.508162
0.509114
0.51671
0.515156
0.518152
0.524713
0.566452
0.52522
0.523342
0.565014
0.533824
0.585665
0.592615
0.576298
0.518871
0.521336
0.526995
0.523797
0.520864
0.522575
0.512262
0.524464
0.518893
0.517868
0.516196
0.547716
0.513121
0.510165
0.526095
0.524823
0.52666
0.519344
0.521636
0.582387
0.601096
0.56806
0.561482
0.512323
0.521027
0.519781
0.571064
0.52314
0.520784
0.516231
0.518186
0.516448
0.52214
0.519569
0.523628
0.517489
0.522661
0.516901
0.522398
0.516192
0.547291
0.537318
0.518267
0.517225
0.522541
0.520828
0.517279
0.518987
0.50059
0.503389
0.526436
0.525858
0.524458
0.525448
0.51634
0.516798
0.514158
0.554578
0.50551
0.516948
0.514918
0.516293
0.513825
0.514223
0.522546
0.520965
0.521244
0.52467
0.512132
0.513056
0.518179
0.521394
0.514499
0.513543
0.528322
0.525607
0.51903
0.51857
0.511263
0.512124
0.52448
0.525744
0.521698
0.520214
0.522364
0.515224
0.502955
0.562461
0.522526
0.520755
0.52476
0.51647
0.51696
0.514733
0.515482
0.507057
0.510816
0.521079
0.519404
0.518714
0.50952
0.514501
0.517235
0.516035
0.502001
0.505422
0.566796
0.522147
0.519201
0.5093
0.51069
0.563275
0.526178
0.513495
0.520757
0.521709
0.554231
0.525397
0.526982
0.527395
0.526187
0.516536
0.534922
0.528654
0.523644
0.522192
0.505143
0.515378
0.518146
0.520929
0.526718
0.505135
0.503886
0.517461
0.52036
0.514947
0.558321
0.504917
0.514939
0.512422
0.505486
0.525344
0.51452
0.507063
0.507716
0.554421
0.513419
0.521697
0.525571
0.523283
0.524435
0.514577
0.515624
0.517437
0.516626
0.522969
0.522285
0.527402
0.52733
0.526268
0.525121
0.525969
0.523187
0.574167
0.561019
0.56026
0.517475
0.519915
0.513206
0.526112
0.509273
0.509918
0.519247
0.523542
0.521415
0.518377
0.519234
0.5677
0.562859
0.517487
0.518887
0.502268
0.51255
0.524975
0.526714
0.516355
0.517517
0.512872
0.509581
0.521513
0.52013
0.518495
0.503941
0.519497
0.517289
0.561018
0.558178
0.52491
0.52601
0.519838
0.516804
0.511495
0.512778
0.512829
0.524406
0.523941
0.522697
0.518678
0.526159
0.544124
0.543747
0.535754
0.534325
0.531903
0.510247
0.53102
0.522606
0.519855
0.58211
0.585217
0.53685
0.521626
0.513872
0.521446
0.511932
0.525126
0.514413
0.524097
0.521555
0.526265
0.518412
0.511314
0.526606
0.522999
0.521541
0.52793
0.525982
0.518039
0.552104
0.520486
0.522208
0.558363
0.568603
0.547878
0.520272
0.518235
0.516461
0.523572
0.504431
0.50811
0.513808
0.513724
0.5133
0.512232
0.525863
0.507772
0.514548
0.521337
0.521933
0.517429
0.522973
0.523184
0.506699
0.507259
0.522155
0.525391
0.523766
0.521154
0.515896
0.525688
0.511752
0.513096
0.538966
0.522147
0.522939
0.501274
0.508654
0.509618
0.534687
0.538281
0.536356
0.504097
0.504242
0.509397
0.515458
0.513097
0.515916
0.518177
0.521227
0.524653
0.526812
0.524726
0.521632
0.522401
0.52309
0.546133
0.549971
0.526842
0.522384
0.504699
0.508533
0.524156
0.531205
0.526368
0.571943
0.525793
0.545586
0.534881
0.514218
0.512729
0.526941
0.543646
0.545169
0.544322
0.514607
0.508425
0.525452
0.523447
0.511867
0.513605
0.52706
0.525218
0.508041
0.509456
0.516425
0.524445
0.511674
0.518199
0.506588
0.596127
0.513405
0.52327
0.504677
0.506622
0.512954
0.526499
0.521044
0.547016
0.530635
0.519375
0.530419
0.574998
0.518849
0.526287
0.50267
0.511008
0.553821
0.555281
0.527222
0.528332
0.513227
0.513356
0.536613
0.522493
0.533446
0.513082
0.525372
0.522113
0.516629
0.557268
0.526783
0.558949
0.52677
0.525443
0.505513
0.596518
0.510964
0.511642
0.590098
0.604778
0.520461
0.514318
0.530267
0.536661
0.569325
0.522304
0.514137
0.509342
0.508525
0.519446
0.504213
0.501176
0.506308
0.531837
0.524836
0.525481
0.524723
0.51054
0.505693
0.552564
0.523984
0.525807
0.513605
0.53385
0.516886
0.513475
0.505836
0.503893
0.516389
0.514507
0.507695
0.510853
0.554482
0.514014
0.510906
0.523189
0.587619
0.530431
0.515023
0.525049
0.573816
0.521994
0.520234
0.52353
0.517199
0.5095
0.533753
0.55993
0.517984
0.521334
0.520276
0.592529
0.565239
0.522396
0.515816
0.519822
0.53445
0.50216
0.522513
0.521045
0.518424
0.51554
0.523278
0.520376
0.519101
0.517136
0.522432
0.51465
0.567648
0.521569
0.523596
0.515681
0.551408
0.557854
0.576968
0.518201
0.51149
0.516784
0.56304
0.585982
0.549615
0.522658
0.523992
0.567576
0.505001
0.507603
0.514391
0.5171
0.546754
0.530713
0.506866
0.508975
0.515409
0.556678
0.525487
0.523972
0.520601
0.530242
0.518063
0.518422
0.516172
0.525744
0.532349
0.583484
0.520517
0.524569
0.522016
0.52844
0.519608
0.518377
0.514314
0.514623
0.516272
0.521596
0.522514
0.52959
0.517306
0.523988
0.51546
0.507624
0.51873
0.513305
0.512968
0.52199
0.522461
0.519063
0.514859
0.517841
0.520516
0.523736
0.510866
0.520451
0.5196
0.520655
0.522333
0.511067
0.509082
0.540197
0.514146
0.5181
0.522636
0.582495
0.540721
0.532613
0.538787
0.512597
0.513764
0.532317
0.527483
0.504533
0.507136
0.543367
0.538052
0.553355
0.539631
0.540486
0.573204
0.547004
0.589901
0.578447
0.567055
0.605811
0.52078
0.516403
0.519849
0.519899
0.520279
0.522266
0.527819
0.528452
0.528653
0.526589
0.536824
0.537467
0.526134
0.526489
0.514193
0.50879
0.510552
0.542451
0.521104
0.52695
0.514908
0.510124
0.510113
0.525431
0.55211
0.525408
0.525008
0.515961
0.526968
0.524522
0.50391
0.524791
0.524254
0.522185
0.516408
0.511548
0.552426
0.505345
0.515318
0.522657
0.521476
0.555174
0.5372
0.548965
0.531996
0.521719
0.523782
0.52318
0.524873
0.512954
0.524824
0.539011
0.52566
0.523694
0.519605
0.51786
0.51996
0.521998
0.538853
0.532636
0.526248
0.549696
0.535377
0.549895
0.52293
0.519991
0.51419
0.51295
0.52608
0.548995
0.517825
0.506846
0.546767
0.591305
0.516022
0.511788
0.503596
0.522172
0.520453
0.521752
0.530544
0.50677
0.538606
0.516883
0.51024
0.51958
0.58079
0.531807
0.521082
0.519775
0.509445
0.510812
0.515152
0.524741
0.589042
0.525063
0.522705
0.524826
0.521463
0.507779
0.573384
0.542803
0.530111
0.526429
0.517709
0.515668
0.524581
0.564035
0.513649
0.50716
0.526116
0.503415
0.506562
0.508013
0.509575
0.527255
0.542407
0.567656
0.524538
0.51327
0.550733
0.513738
0.523786
0.526325
0.52308
0.524249
0.517031
0.51417
0.589776
0.564525
0.570919
0.512717
0.500946
0.52006
0.523644
0.518939
0.540244
0.51929
0.511353
0.521434
0.529738
0.526996
0.545911
0.517882
0.529892
0.525404
0.528225
0.526139
0.541952
0.508242
0.507076
0.512923
0.527493
0.522324
0.562328
0.518211
0.51633
0.508604
0.50752
0.542093
0.584699
0.512375
0.518945
0.52131
0.510955
0.512335
0.52039
0.51044
0.517126
0.511236
0.526184
0.524877
0.530773
0.510687
0.51133
0.578939
0.521427
0.505661
0.585566
0.531867
0.51927
0.522088
0.523819
0.515517
0.524091
0.531102
0.521876
0.51269
0.515244
0.527297
0.519437
0.52685
0.508427
0.507514
0.501874
0.516311
0.503388
0.505724
0.504076
0.604533
0.606647
0.612719
0.515353
0.513206
0.515002
0.553128
0.602645
0.511992
0.524175
0.517004
0.570007
0.532768
0.524894
0.584483
0.527069
0.556674
0.526623
0.523165
0.514451
0.594704
0.580274
0.601032
0.519436
0.525976
0.511108
0.50589
0.543095
0.537347
0.526382
0.522428
0.517377
0.527601
0.527095
0.508547
0.525491
0.525562
0.50628
0.516096
0.510675
0.512582
0.506692
0.542048
0.543134
0.525311
0.525011
0.514062
0.592558
0.507545
0.602698
0.51463
0.509305
0.522255
0.52358
0.525103
0.569581
0.519838
0.52706
0.539077
0.547145
0.506091
0.504855
0.525055
0.51535
0.529219
0.506191
0.548298
0.521767
0.513461
0.5174
0.519016
0.52714
0.522571
0.527589
0.525457
0.524818
0.538928
0.513781
0.512683
0.530567
0.520137
0.515589
0.523504
0.527295
0.515721
0.515588
0.532335
0.526281
0.52671
0.504892
0.513465
0.518274
0.499543
0.509509
0.515696
0.59075
0.523601
0.504598
0.521083
0.515618
0.516617
0.522836
0.544586
0.522736
0.525352
0.525189
0.588079
0.51533
0.533023
0.526448
0.510766
0.584941
0.525291
0.51834
0.516237
0.520013
0.507027
0.545972
0.506132
0.526774
0.525706
0.516835
0.518146
0.509285
0.503325
0.515029
0.507377
0.571918
0.527059
0.517673
0.517027
0.522707
0.518155
0.519591
0.51771
0.598317
0.520916
0.515757
0.533013
0.515834
0.532898
0.584729
0.512543
0.546588
0.52237
0.514585
0.509343
0.524645
0.521219
0.531903
0.52557
0.547922
0.526508
0.510797
0.525995
0.52716
0.52692
0.533844
0.513326
0.523243
0.506969
0.510243
0.513539
0.531792
0.543706
0.522493
0.534822
0.522671
0.523033
0.518697
0.532833
0.525755
0.512757
0.528134
0.547764
0.521612
0.511062
0.514032
0.510575
0.524971
0.528112
0.512934
0.520391
0.519076
0.516913
0.531429
0.517405
0.523712
0.531551
0.517412
0.517466
0.516522
0.522203
0.517689
0.581294
0.525203
0.518321
0.52527
0.520799
0.521164
0.507863
0.522952
0.510043
0.518329
0.513868
0.518277
0.518567
0.515026
0.515312
0.520606
0.505479
0.525924
0.54829
0.519223
0.560867
0.54479
0.572416
0.550804
0.52386
0.517545
0.513713
0.521023
0.519408
0.51796
0.517774
0.515624
0.522345
0.512842
0.51759
0.518086
0.58329
0.520645
0.519386
0.514621
0.516163
0.514254
0.511455
0.517255
0.517742
0.516011
0.517159
0.521478
0.513131
0.518695
0.557461
0.530194
0.51653
0.563706
0.516986
0.516684
0.515236
0.517235
0.518418
0.515647
0.518822
0.556712
0.518128
0.523945
0.527094
0.520176
0.521006
0.512961
0.517278
0.545889
0.518945
0.52089
0.537057
0.514927
0.515862
0.520967
0.518806
0.519846
0.520532
0.511827
0.54423
0.522257
0.522897
0.51757
0.519375
0.520867
0.584117
0.517043
0.521341
0.513991
0.529184
0.551721
0.515506
0.522079
0.52324
0.512632
0.522438
0.518431
0.519005
0.523909
0.513216
0.524562
0.509392
0.526739
0.498769
0.513477
0.51669
0.521638
0.519302
0.517547
0.513533
0.536666
0.512166
0.521119
0.515379
0.521952
0.523477
0.505191
0.512199
0.522139
0.521385
0.514741
0.519548
0.505419
0.524288
0.508863
0.523813
0.514701
0.521069
0.520327
0.526744
0.52966
0.525772
0.516578
0.514252
0.518814
0.51256
0.511024
0.531824
0.57814
0.520175
0.578226
0.517883
0.512576
0.541996
0.525294
0.540926
0.517989
0.515633
0.50958
0.518515
0.523219
0.530626
0.552137
0.520322
0.523693
0.519516
0.51816
0.546705
0.518168
0.51982
0.516898
0.51131
0.508437
0.509696
0.515863
0.510835
0.523537
0.538333
0.521547
0.518147
0.51811
0.523676
0.522114
0.526705
0.517674
0.513893
0.522712
0.520585
0.511681
0.518294
0.516426
0.510335
0.519456
0.518576
0.525296
0.520511
0.519996
0.516809
0.51707
0.518998
0.520102
0.522278
0.520128
0.51246
0.519699
0.519915
0.515309
0.520292
0.522638
0.537636
0.519058
0.523608
0.516783
0.521808
0.523366
0.514729
0.51299
0.519616
0.518863
0.532908
0.520102
0.518217
0.523767
0.514115
0.50283
0.520409
0.522413
0.518571
0.516423
0.518201
0.516019
0.51782
0.517615
0.527627
0.52119
0.595495
0.518767
0.518312
0.51565
0.511496
0.522033
0.520571
0.55085
0.521339
0.522728
0.519974
0.523235
0.516569
0.516521
0.545615
0.516319
0.523235
0.51762
0.522404
0.511805
0.522296
0.515094
0.517388
0.516058
0.508802
0.522496
0.522627
0.506182
0.545361
0.542078
0.544679
0.515675
0.519776
0.515895
0.514547
0.521159
0.537313
0.524821
0.585756
0.515694
0.512553
0.541385
0.536019
0.523569
0.521288
0.518701
0.550141
0.518877
0.517824
0.537752
0.519569
0.537742
0.523468
0.520886
0.520251
0.524309
0.514187
0.517083
0.541012
0.516119
0.521188
0.508858
0.515969
0.521656
0.519838
0.518006
0.514708
0.523716
0.507007
0.521354
0.522347
0.520009
0.518501
0.526264
0.519869
0.512298
0.519704
0.517227
0.516659
0.518764
0.52171
0.51535
0.520558
0.51663
0.52771
0.525562
0.523868
0.529365
0.520253
0.50884
0.521404
0.512292
0.514465
0.516613
0.518184
0.509391
0.510799
0.507028
0.516249
0.510376
0.562217
0.517507
0.520732
0.522743
0.519903
0.506796
0.535463
0.515848
0.516329
0.521361
0.518938
0.522822
0.557672
0.572804
0.556882
0.521406
0.521365
0.605971
0.538768
0.521393
0.515945
0.516643
0.531156
0.520758
0.518379
0.514818
0.51658
0.516745
0.52286
0.519444
0.517678
0.515963
0.519795
0.524058
0.521272
0.518266
0.523663
0.508875
0.522833
0.519138
0.512239
0.516522
0.514214
0.522574
0.517619
0.512555
0.519118
0.519618
0.520237
0.520644
0.516713
0.542115
0.514903
0.515408
0.553817
0.557068
0.518159
0.533346
0.519476
0.519503
0.514868
0.520749
0.524637
0.602035
0.521081
0.521178
0.531456
0.518058
0.517352
0.516498
0.525089
0.552516
0.519762
0.522704
0.525833
0.517046
0.508757
0.519207
0.53258
0.59065
0.521429
0.517027
0.516639
0.521995
0.552046
0.527397
0.515761
0.5111
0.517994
0.515271
0.547769
0.519056
0.517552
0.514731
0.524369
0.510957
0.522592
0.517106
0.587306
0.540695
0.514054
0.516449
0.515853
0.517161
0.51878
0.508581
0.524789
0.532525
0.506145
0.520124
0.5158
0.522812
0.515971
0.5153
0.510504
0.562384
0.514449
0.520568
0.54466
0.519349
0.528951
0.512685
0.517257
0.517675
0.524862
0.512179
0.521164
0.52159
0.53717
0.513751
0.56854
0.512142
0.516697
0.520373
0.515352
0.520453
0.516957
0.524305
0.565453
0.520596
0.516761
0.522412
0.5167
0.517482
0.523106
0.523145
0.520587
0.513393
0.524466
0.521423
0.518212
0.503564
0.519271
0.515451
0.52336
0.511765
0.518877
0.521893
0.514974
0.521785
0.51837
0.523749
0.52031
0.516484
0.588488
0.554036
0.53373
0.524244
0.560292
0.527529
0.516473
0.517129
0.518617
0.519498
0.521641
0.525896
0.516221
0.515524
0.56282
0.537564
0.516791
0.516644
0.518739
0.538837
0.523105
0.514879
0.523191
0.52784
0.525457
0.517668
0.534119
0.518129
0.518488
0.532152
0.524248
0.524969
0.517231
0.52741
0.518128
0.51484
0.541917
0.521099
0.533136
0.523106
0.52218
0.519339
0.517971
0.545741
0.520131
0.509994
0.523039
0.524789
0.521891
0.510098
0.515807
0.523124
0.529013
0.518926
0.522506
0.519787
0.520514
0.572792
