0.560138
0.556099
0.555952
0.537412
0.527227
0.525628
0.517805
0.517093
0.516552
0.513905
0.513448
0.512037
0.526372
0.518918
0.518051
0.526716
0.523585
0.51113
0.51809
0.523868
0.516944
0.519677
0.520514
0.521004
0.524538
0.517111
0.529498
0.528449
0.529344
0.507975
0.515702
0.515346
0.517745
0.60209
0.588147
0.572762
0.509924
0.507552
0.521136
0.524444
0.525659
0.525433
0.519796
0.524258
0.521735
0.524002
0.524783
0.520565
0.521473
0.508322
0.514448
0.51778
0.507266
0.505611
0.511752
0.506294
0.519815
0.518567
0.537157
0.542209
0.53514
0.515028
0.517169
0.517709
0.507644
0.509866
0.510028
0.511271
0.531396
0.528036
0.528004
0.516409
0.516867
0.522395
0.524177
0.508539
0.544402
0.545076
0.522358
0.525536
0.52163
0.52488
0.536978
0.534116
0.526255
0.594264
0.517952
0.516445
0.583122
0.58599
0.514453
0.516479
0.517889
0.515031
0.511125
0.521969
0.508979
0.508852
0.524293
0.520715
0.513971
0.514895
0.508866
0.512858
0.508041
0.511099
0.511541
0.513673
0.522197
0.522335
0.524445
0.523306
0.527004
0.526591
0.535203
0.508557
0.508924
0.510256
0.52525
0.520896
0.520803
0.53589
0.532334
0.513537
0.527533
0.5267
0.520166
0.516604
0.526824
0.52845
0.524429
0.517412
0.578903
0.571491
0.568778
0.561704
0.522926
0.516966
0.5184
0.526107
0.58588
0.583296
0.512105
0.598531
0.576974
0.512462
0.516489
0.520654
0.523626
0.52212
0.526739
0.523895
0.514902
0.515783
0.518217
0.526711
0.509976
0.511966
0.527185
0.514754
0.517555
0.51759
0.514454
0.516008
0.512186
0.515879
0.514748
0.506054
0.515965
0.534662
0.508511
0.51348
0.507219
0.51516
0.515669
0.51599
0.534981
0.543587
0.529723
0.525488
0.597291
0.578751
0.526717
0.527118
0.525888
0.505926
0.509652
0.570435
0.506382
0.513806
0.514098
0.578242
0.565806
0.516177
0.518317
0.522521
0.515207
0.51903
0.515786
0.516287
0.524747
0.522404
0.514359
0.506757
0.510176
0.513798
0.51827
0.502338
0.506634
0.51944
0.519867
0.518361
0.517837
0.516296
0.518886
0.515337
0.522669
0.521324
0.516252
0.518548
0.516458
0.507733
0.509174
0.530027
0.517677
0.517479
0.514589
0.519923
0.519703
0.518548
0.520759
0.504089
0.504863
0.517411
0.505944
0.525569
0.573404
0.571717
0.525496
0.518911
0.515976
0.546611
0.55095
0.51511
0.518515
0.516635
0.521103
0.521096
0.524205
0.524486
0.529055
0.525268
0.519112
0.518618
0.517144
0.503842
0.508318
0.527806
0.51744
0.517876
0.517963
0.523291
0.519803
0.508164
0.511247
0.557815
0.553779
0.527695
0.522629
0.525635
0.586004
0.524777
0.52145
0.548051
0.551105
0.549077
0.511106
0.512859
0.514409
0.524919
0.59296
0.585427
0.511266
0.51049
0.523154
0.52134
0.516843
0.519453
0.510606
0.513649
0.505224
0.510771
0.520149
0.522856
0.507834
0.504044
0.545161
0.532377
0.536563
0.509881
0.513085
0.507661
0.520831
0.516747
0.515231
0.518448
0.582725
0.524169
0.523921
0.505172
0.510585
0.511069
0.504274
0.50337
0.520312
0.519939
0.515571
0.514484
0.512523
0.513457
0.509846
0.526991
0.502829
0.505841
0.524647
0.530977
0.52949
0.526621
0.506494
0.508613
0.512977
0.513909
0.520166
0.524961
0.524306
0.538322
0.561955
0.566675
0.528129
0.52459
0.52369
0.525249
0.522453
0.524884
0.52291
0.521603
0.521603
0.525214
0.515726
0.516454
0.522006
0.5235
0.544993
0.514377
0.52118
0.519341
0.519487
0.518194
0.509114
0.512277
0.522351
0.520106
0.520886
0.551872
0.550653
0.522413
0.532955
0.518826
0.516882
0.516972
0.514467
0.515374
0.516401
0.525523
0.522075
0.51872
0.516761
0.519519
0.518212
0.550452
0.556804
0.534536
0.537185
0.522787
0.516319
0.517358
0.522859
0.520908
0.579262
0.558899
0.570475
0.510065
0.516457
0.513331
0.524826
0.52021
0.528086
0.523317
0.518229
0.518812
0.517626
0.518677
0.524582
0.52198
0.525317
0.522657
0.524236
0.523136
0.525385
0.550506
0.520059
0.522909
0.512641
0.516718
0.552093
0.511144
0.512317
0.514292
0.526724
0.525393
0.532635
0.520884
0.559259
0.565127
0.506318
0.518438
0.513673
0.547008
0.554903
0.544429
0.514712
0.515251
0.523795
0.520982
0.542406
0.55154
0.523983
0.523607
0.529169
0.513791
0.508554
0.518244
0.526447
0.51826
0.513709
0.51793
0.519214
0.521767
0.519122
0.515669
0.516839
0.514169
0.511071
0.512537
0.501325
0.504339
0.505717
0.503096
0.508364
0.529492
0.523195
0.511804
0.568229
0.562668
0.567825
0.510221
0.52033
0.501708
0.503807
0.524951
0.522831
0.514814
0.516142
0.520738
0.525673
0.52537
0.509692
0.511268
0.527505
0.524793
0.525693
0.523076
0.561257
0.556317
0.516896
0.513692
0.522706
0.518835
0.545387
0.517628
0.52402
0.520911
0.505402
0.519656
0.520307
0.519408
0.509008
0.508889
0.544184
0.519517
0.538381
0.509601
0.511496
0.516948
0.529238
0.520833
0.523257
0.522716
0.520857
0.522118
0.509935
0.509189
0.509043
0.516782
0.517624
0.515327
0.517075
0.514222
0.515814
0.523776
0.525008
0.547431
0.523909
0.505754
0.508845
0.509074
0.509604
0.52619
0.520691
0.514244
0.519901
0.52698
0.527847
0.524886
0.520786
0.526026
0.51245
0.512155
0.51008
0.515914
0.511191
0.512516
0.519778
0.519427
0.518775
0.519493
0.51613
0.514843
0.518456
0.50739
0.518287
0.577853
0.588025
0.60152
0.521384
0.520719
0.525105
0.519679
0.521382
0.521959
0.523969
0.512472
0.526332
0.517128
0.517665
0.528806
0.525072
0.515847
0.519975
0.527192
0.523106
0.526089
0.52749
0.530424
0.512601
0.541792
0.538169
0.536988
0.515991
0.527294
0.505822
0.526588
0.540758
0.562343
0.564465
0.562888
0.517666
0.522865
0.51944
0.520462
0.519176
0.524914
0.524978
0.51541
0.52752
0.528156
0.523509
0.524985
0.523609
0.524444
0.525003
0.51563
0.516431
0.517204
0.523371
0.515543
0.523452
0.527844
0.524438
0.569841
0.514751
0.510663
0.515941
0.511357
0.511608
0.515292
0.520546
0.519506
0.521132
0.523023
0.527911
0.499923
0.507778
0.515511
0.524559
0.522497
0.516141
0.516533
0.564352
0.559726
0.563972
0.510858
0.534225
0.529152
0.520485
0.596339
0.584483
0.515858
0.510013
0.512991
0.513053
0.511594
0.515411
0.516056
0.587291
0.518534
0.524557
0.524508
0.509627
0.508279
0.510859
0.526059
0.523398
0.524482
0.514147
0.516122
0.508819
0.509022
0.518822
0.584913
0.558256
0.556273
0.511538
0.556072
0.557141
0.565926
0.509784
0.56688
0.568621
0.516472
0.517784
0.521202
0.510533
0.51757
0.515852
0.511413
0.516068
0.515031
0.509073
0.52168
0.507496
0.512016
0.510117
0.518765
0.515916
0.521141
0.526731
0.518985
0.520257
0.520757
0.514181
0.553504
0.542229
0.524856
0.516881
0.560797
0.557157
0.520343
0.522754
0.520917
0.517849
0.549491
0.507994
0.512009
0.512361
0.517485
0.518009
0.512248
0.513593
0.520417
0.523811
0.528005
0.520523
0.52119
0.537555
0.530652
0.528311
0.531766
0.501255
0.507808
0.511241
0.512022
0.524475
0.524068
0.520853
0.521355
0.519443
0.550973
0.557082
0.53672
0.509362
0.523451
0.508143
0.550583
0.52268
0.524182
0.540434
0.518305
0.517289
0.509581
0.523146
0.525071
0.517713
0.521245
0.525449
0.527515
0.525029
0.517645
0.528752
0.522727
0.511604
0.525341
0.530763
0.530624
0.50692
0.517958
0.519218
0.520297
0.560386
0.510721
0.520604
0.545468
0.542584
0.523256
0.504928
0.526708
0.522399
0.516538
0.528216
0.524145
0.513178
0.514907
0.565046
0.564887
0.506303
0.503897
0.533681
0.563926
0.559652
0.517387
0.524284
0.529056
0.523188
0.521545
0.522083
0.522361
0.51306
0.513811
0.516627
0.522293
0.514069
0.510479
0.520969
0.514052
0.517401
0.533505
0.519133
0.526866
0.520047
0.51292
0.524685
0.523478
0.527233
0.580238
0.573874
0.564492
0.521176
0.517486
0.571147
0.522879
0.519751
0.520997
0.576347
0.509642
0.517738
0.515749
0.510995
0.507798
0.507587
0.509859
0.526112
0.525657
0.507965
0.526428
0.527095
0.515901
0.583698
0.523226
0.520925
0.519446
0.51939
0.512071
0.527574
0.505994
0.505872
0.523895
0.519553
0.519526
0.518617
0.570694
0.519287
0.561761
0.56145
0.504801
0.506656
0.504683
0.54059
0.536118
0.565216
0.519969
0.516337
0.520729
0.522041
0.529461
0.53232
0.520289
0.510858
0.506829
0.527547
0.521382
0.518252
0.53109
0.526072
0.544191
0.516557
0.568198
0.515747
0.561433
0.549826
0.575775
0.518049
0.518002
0.51157
0.513675
0.523553
0.526266
0.524571
0.523078
0.524357
0.523453
0.52703
0.525342
0.552173
0.52213
0.519554
0.522612
0.520313
0.547416
0.547721
0.546457
0.541911
0.518816
0.519582
0.51445
0.590493
0.524892
0.523323
0.502766
0.51035
0.510712
0.511826
0.545169
0.532587
0.527653
0.568838
0.539087
0.520739
0.52812
0.524578
0.516671
0.512972
0.509993
0.507696
0.512065
0.518355
0.525018
0.510031
0.521375
0.524787
0.508461
0.513594
0.567453
0.515034
0.515973
0.527248
0.560947
0.520164
0.520435
0.520725
0.515968
0.522964
0.521881
0.515763
0.516237
0.512427
0.55411
0.518114
0.510561
0.511138
0.510731
0.5242
0.563519
0.588769
0.533612
0.521294
0.519591
0.534163
0.526091
0.527127
0.526084
0.526123
0.523428
0.514664
0.526112
0.525004
0.516973
0.517443
0.515397
0.517391
0.526998
0.514384
0.518144
0.522253
0.524636
0.5207
0.5276
0.522472
0.50402
0.515651
0.518658
0.521003
0.522881
0.526271
0.516572
0.524071
0.523047
0.522953
0.535144
0.530423
0.507044
0.518394
0.501241
0.523498
0.592354
0.591563
0.599189
0.501188
0.526541
0.53889
0.54337
0.53393
0.524567
0.527623
0.56515
0.524135
0.540345
0.514577
0.514916
0.522968
0.510796
0.542661
0.512094
0.562346
0.553701
0.585726
0.578108
0.526589
0.52518
0.557213
0.515898
0.519613
0.506958
0.51549
0.51977
0.533247
0.531075
0.516327
0.525546
0.564455
0.537999
0.532016
0.543698
0.526499
0.50026
0.544631
0.523829
0.504204
0.515587
0.587988
0.583729
0.52625
0.525904
0.513609
0.524572
0.509674
0.526787
0.527425
0.526873
0.525101
0.520058
0.504367
0.525625
0.527286
0.538541
0.517159
0.50962
0.533076
0.59544
0.552068
0.511061
0.551374
0.588144
0.515322
0.511895
0.513075
0.521201
0.524302
0.522737
0.520769
0.505945
0.513593
0.512166
0.50244
0.58609
0.501861
0.523757
0.526814
0.518985
0.527022
0.526386
0.522584
0.507345
0.519246
0.506802
0.531627
0.547708
0.533052
0.518603
0.520641
0.518385
0.516491
0.514854
0.514275
0.524856
0.520651
0.529976
0.522314
0.515815
0.527315
0.525514
0.527974
0.525047
0.522978
0.517127
0.519529
0.517883
0.53176
0.550413
0.547514
0.507254
0.522582
0.499869
0.532553
0.517684
0.513928
0.518712
0.520066
0.526697
0.519689
0.517948
0.526148
0.525832
0.520055
0.539986
0.518796
0.508722
0.534608
0.597486
0.5847
0.61042
0.589169
0.518803
0.515914
0.5096
0.511788
0.55907
0.501431
0.503406
0.508614
0.535316
0.528569
0.527737
0.526624
0.519025
0.52783
0.519599
0.521038
0.512108
0.573353
0.518507
0.524134
0.520842
0.508933
0.506955
0.521937
0.526875
0.517256
0.520287
0.521473
0.50026
0.516729
0.52371
0.524213
0.51536
0.509855
0.5146
0.516223
0.513649
0.533083
0.513908
0.518224
0.53205
0.508945
0.503107
0.516241
0.516959
0.528619
0.525035
0.518189
0.50673
0.525849
0.525336
0.524218
0.518654
0.522005
0.528513
0.551221
0.522071
0.525435
0.52462
0.519417
0.513847
0.51611
0.533031
0.523836
0.521611
0.546253
0.51733
0.503589
0.521335
0.518638
0.517396
0.579435
0.519123
0.525371
0.509605
0.513094
0.558514
0.518605
0.510242
0.522555
0.527842
0.522121
0.527126
0.526374
0.525789
0.528731
0.525364
0.523718
0.521699
0.521115
0.515414
0.525732
0.505737
0.535649
0.506534
0.526701
0.521193
0.540328
0.530897
0.525973
0.525988
0.524321
0.548936
0.523419
0.502558
0.510616
0.522307
0.529909
0.520327
0.522774
0.529253
0.515877
0.517609
0.519267
0.509587
0.52825
0.525958
0.512779
0.603365
0.564393
0.542381
0.518735
0.613696
0.521799
0.544567
0.543703
0.515211
0.542285
0.550825
0.514922
0.515367
0.527005
0.527798
0.503217
0.528752
0.534569
0.519511
0.513528
0.524029
0.511341
0.5233
0.521212
0.52159
0.518632
0.556815
0.521067
0.504248
0.524387
0.540086
0.522216
0.520212
0.526923
0.503098
0.526928
0.522357
0.586018
0.542233
0.511357
0.527177
0.532331
0.525366
0.510586
0.517744
0.537822
0.534135
0.509003
0.525139
0.527564
0.53193
0.528341
0.52104
0.550306
0.516734
0.51756
0.574343
0.499939
0.501065
0.522389
0.538337
0.541706
0.555789
0.509447
0.516936
0.528295
0.593772
0.516576
0.524329
0.526491
0.515537
0.529033
0.589725
0.525093
0.528553
0.510167
0.53015
0.516426
0.513103
0.554373
0.50599
0.524778
0.511343
0.522626
0.528342
0.510806
0.516683
0.517818
0.505094
0.504327
0.548303
0.527156
0.518937
0.508325
0.516607
0.524046
0.504264
0.524524
0.513706
0.523796
0.515078
0.511902
0.510716
0.519718
0.501006
0.529304
0.515422
0.528168
0.513818
0.514295
0.527714
0.526749
0.523913
0.514065
0.519383
0.51117
0.516855
0.524649
0.518422
0.521431
0.528098
0.51068
0.52547
0.521448
0.51005
0.522278
0.502313
0.524384
0.522373
0.508311
0.534778
0.538993
0.550778
0.522121
0.502272
0.505525
0.518565
0.507634
0.507191
0.509696
0.52427
0.538615
0.515194
0.548932
0.503965
0.51649
0.527601
0.501606
0.528299
0.525964
0.502621
0.532318
0.586097
0.523998
0.527877
0.525378
0.519172
0.582801
0.570751
0.511885
0.522557
0.52602
0.522102
0.521191
0.513562
0.518401
0.519483
0.540482
0.510903
0.522359
0.513037
0.515997
0.514964
0.525241
0.523843
0.582213
0.51495
0.514442
0.575294
0.518246
0.519266
0.515142
0.516534
0.517253
0.563717
0.517025
0.516227
0.510958
0.518435
0.52234
0.519402
0.517301
0.52167
0.520028
0.518942
0.516964
0.516386
0.59118
0.518024
0.516789
0.575858
0.5776
0.561224
0.527388
0.523267
0.519009
0.563129
0.516675
0.516505
0.517689
0.524687
0.564927
0.513723
0.514092
0.515426
0.525092
0.562639
0.554919
0.519893
0.521162
0.510014
0.513972
0.523748
0.523926
0.513927
0.520671
0.545555
0.545813
0.510526
0.516834
0.51127
0.52334
0.535397
0.511796
0.524529
0.515397
0.543621
0.517997
0.511402
0.521076
0.522895
0.51943
0.513335
0.512998
0.531302
0.523667
0.58218
0.517102
0.507152
0.514875
0.510285
0.520204
0.554656
0.506154
0.524163
0.51541
0.518056
0.540481
0.519299
0.543702
0.514543
0.519902
0.523231
0.515115
0.519729
0.520831
0.516647
0.564435
0.526345
0.518615
0.516048
0.519451
0.521654
0.518997
0.517576
0.516718
0.515796
0.514873
0.517511
0.563871
0.516368
0.519752
0.517766
0.524658
0.521673
0.519647
0.558941
0.519695
0.522517
0.518882
0.514076
0.512099
0.513172
0.514512
0.513831
0.515382
0.517139
0.517971
0.516397
0.518736
0.517982
0.520532
0.59405
0.517307
0.521405
0.521919
0.512964
0.516879
0.520714
0.524854
0.510444
0.518303
0.510148
0.507495
0.507375
0.515532
0.514705
0.572836
0.523683
0.533355
0.5281
0.535818
0.52027
0.511004
0.53027
0.514372
0.554014
0.524778
0.526433
0.515873
0.522428
0.564419
0.517685
0.516594
0.583892
0.522239
0.547176
0.535245
0.531746
0.518668
0.516143
0.516657
0.513123
0.515988
0.51762
0.516958
0.517413
0.514728
0.563025
0.51814
0.519767
0.511576
0.514215
0.516242
0.521536
0.513568
0.518814
0.511611
0.573203
0.535088
0.526237
0.523582
0.51848
0.514792
0.54644
0.511515
0.551287
0.519665
0.512755
0.512655
0.524396
0.521815
0.517595
0.517708
0.52576
0.534354
0.520272
0.517365
0.519314
0.509888
0.575914
0.568278
0.526646
0.517484
0.512975
0.559917
0.567982
0.571523
0.52527
0.534531
0.515395
0.525815
0.522356
0.515056
0.516467
0.515124
0.522108
0.509952
0.517797
0.516872
0.529416
0.573753
0.522683
0.515663
0.524317
0.516298
0.516784
0.52094
0.515583
0.546897
0.512765
0.507961
0.520293
0.515981
0.518478
0.513534
0.519423
0.514692
0.514088
0.512396
0.521728
0.521212
0.518295
0.509504
0.519663
0.528878
0.51698
0.524738
0.518413
0.516337
0.541052
0.528401
0.535179
0.521039
0.520108
0.568799
0.5189
0.51304
0.513464
0.56611
0.51979
0.555115
0.519786
0.515991
0.544125
0.514255
0.528639
0.527705
0.538947
0.517752
0.516269
0.523427
0.522588
0.537228
0.516095
0.523358
0.514779
0.520024
0.513303
0.575274
0.523589
0.514201
0.515039
0.512676
0.513036
0.509993
0.520225
0.519676
0.520263
0.51298
0.512835
0.51673
0.530116
0.514335
0.547022
0.517551
0.514552
0.513461
0.522507
0.521102
0.530927
0.541805
0.518534
0.518203
0.537961
0.547471
0.521083
0.516715
0.521541
0.516306
0.51545
0.519739
0.527678
0.509415
0.527592
0.522842
0.520661
0.508403
0.51536
0.510055
0.561479
0.511401
0.571513
0.521936
0.516871
0.522292
0.539087
0.522479
0.509362
0.511679
0.527373
0.517192
0.513014
0.569389
0.518439
0.518792
0.52576
0.525793
0.514974
0.526709
0.517728
0.539124
0.514854
0.517993
0.519976
0.565984
0.515629
0.513128
0.519579
0.547091
0.511184
0.522394
0.513101
0.528127
0.521109
0.513386
0.516486
0.514485
0.515961
0.518639
0.546371
0.55567
0.524139
0.526418
0.519706
0.506256
0.526356
0.516137
0.517373
0.509487
0.516857
0.523413
0.56003
0.531361
0.555687
0.518484
0.518782
0.515622
0.512175
0.52256
0.515596
0.525439
0.518953
0.57133
0.507573
0.573055
0.530558
0.524582
0.520164
0.520391
0.544316
0.518304
0.504953
0.516452
0.517476
0.521781
0.515373
0.523496
0.507646
0.507187
0.51948
0.525737
0.549579
0.516946
0.519554
0.532499
0.512268
0.52314
0.509197
0.518105
0.515907
0.525115
0.518297
0.524187
0.526114
0.511032
0.514754
0.519735
0.57206
0.535501
0.522915
0.52474
0.519258
0.519207
0.520814
0.515565
0.516295
0.523062
0.511363
0.516548
0.522932
0.520684
0.522455
0.583784
0.514231
0.516423
0.519343
0.526347
0.5126
0.526683
0.510379
0.552318
0.53803
0.513996
0.526672
0.512214
0.524569
0.517256
0.521351
0.516475
0.515722
0.519663
0.522411
0.521303
0.564546
0.518187
0.517027
0.511377
0.523024
0.525469
0.523906
0.516681
0.519718
0.524078
0.514069
0.515644
0.516575
0.521015
0.512861
0.530797
0.521222
0.521822
0.523557
0.514184
0.532462
0.515976
0.523307
0.515139
0.515454
0.51667
0.52337
0.51758
0.584566
0.515174
0.527134
0.520532
0.511603
0.524192
0.504541
0.519038
0.584596
