0.572322
0.528667
0.525342
0.518182
0.517172
0.51195
0.516796
0.511832
0.565491
0.514076
0.518119
0.523789
0.52139
0.518552
0.52238
0.525112
0.517101
0.527554
0.52424
0.520379
0.523818
0.513336
0.507159
0.513983
0.51407
0.514325
0.515143
0.555796
0.559574
0.578199
0.508757
0.513402
0.521833
0.522588
0.524111
0.522193
0.522704
0.504132
0.524104
0.527389
0.521702
0.518632
0.526331
0.522129
0.501282
0.504984
0.522732
0.524117
0.520737
0.523545
0.508284
0.504477
0.505163
0.51471
0.515835
0.519182
0.516002
0.527358
0.525435
0.517554
0.520632
0.51963
0.516954
0.520185
0.512449
0.506599
0.523
0.516471
0.511218
0.521498
0.548159
0.541688
0.543848
0.520272
0.520683
0.521009
0.509856
0.531371
0.528017
0.524642
0.518349
0.519691
0.50559
0.507359
0.525268
0.520422
0.511985
0.510237
0.52189
0.525425
0.521724
0.523301
0.504692
0.517808
0.51481
0.576455
0.584537
0.506504
0.509418
0.516363
0.513137
0.523082
0.50244
0.522215
0.509469
0.510044
0.525343
0.523844
0.519901
0.563036
0.520211
0.52007
0.523215
0.523672
0.519825
0.528347
0.525787
0.520385
0.510703
0.523788
0.521336
0.519254
0.520663
0.515786
0.531738
0.530178
0.548588
0.527787
0.525585
0.527908
0.531688
0.523673
0.517334
0.514825
0.511186
0.519276
0.501841
0.507306
0.510135
0.524201
0.526653
0.597632
0.614002
0.518869
0.58997
0.601886
0.514441
0.510794
0.520023
0.524506
0.515649
0.518788
0.519014
0.508627
0.50932
0.526246
0.524937
0.516684
0.516179
0.516912
0.515883
0.514934
0.516128
0.516407
0.513037
0.515773
0.51595
0.504753
0.512109
0.518443
0.571713
0.571353
0.533953
0.527433
0.511442
0.504878
0.515788
0.516141
0.528854
0.525067
0.585628
0.598137
0.526955
0.503391
0.513186
0.557011
0.567529
0.586611
0.521674
0.51627
0.515671
0.516147
0.517256
0.516855
0.520885
0.50779
0.511341
0.507409
0.511015
0.508496
0.51282
0.516132
0.518012
0.519415
0.517911
0.519624
0.516435
0.523006
0.521476
0.513845
0.516142
0.506073
0.528812
0.528824
0.526689
0.5068
0.530486
0.52738
0.517129
0.513384
0.51743
0.521625
0.520064
0.517251
0.520503
0.503061
0.509723
0.505743
0.582408
0.515861
0.513894
0.521818
0.531748
0.52601
0.52909
0.547148
0.549302
0.516694
0.518938
0.520307
0.522319
0.525398
0.52612
0.522627
0.525177
0.517947
0.530892
0.526817
0.518833
0.514484
0.515665
0.517235
0.518548
0.520293
0.518654
0.509904
0.512279
0.526948
0.522212
0.526031
0.582663
0.579928
0.591228
0.523426
0.520725
0.551465
0.509619
0.511241
0.515415
0.522476
0.563983
0.578628
0.516174
0.51233
0.524504
0.521531
0.508657
0.516993
0.519795
0.577284
0.511571
0.515651
0.512487
0.506831
0.522509
0.514927
0.546635
0.536457
0.539966
0.520466
0.523562
0.516903
0.518881
0.542455
0.523171
0.523469
0.506999
0.511614
0.522142
0.505562
0.508854
0.507389
0.518759
0.505248
0.511007
0.507214
0.515516
0.513685
0.506997
0.524053
0.570311
0.574996
0.564441
0.500581
0.499596
0.505452
0.531272
0.530301
0.52941
0.592939
0.567422
0.513371
0.515152
0.514411
0.520431
0.528864
0.541399
0.563212
0.526304
0.521397
0.527946
0.523809
0.518585
0.523935
0.524213
0.517777
0.521766
0.523401
0.545585
0.554913
0.515818
0.522279
0.519775
0.516653
0.511678
0.522698
0.511638
0.525118
0.553615
0.542327
0.524309
0.532434
0.519701
0.518121
0.515482
0.521868
0.518631
0.524698
0.520144
0.573244
0.531102
0.518925
0.532723
0.530727
0.516448
0.518475
0.517237
0.525057
0.525734
0.523033
0.520168
0.520518
0.585604
0.508797
0.52413
0.517414
0.51103
0.509869
0.5119
0.51193
0.515589
0.519895
0.514083
0.515167
0.528794
0.526394
0.516927
0.517085
0.517569
0.517959
0.519706
0.522505
0.525121
0.557564
0.521962
0.517475
0.524055
0.523728
0.51219
0.510767
0.542436
0.509425
0.510934
0.511905
0.519877
0.525051
0.515739
0.527126
0.515595
0.559169
0.555878
0.56674
0.509905
0.545323
0.547015
0.521905
0.515633
0.517474
0.613334
0.605715
0.544133
0.52448
0.523223
0.529205
0.526031
0.509406
0.504307
0.519768
0.516154
0.521426
0.517432
0.545265
0.513601
0.510214
0.511361
0.516046
0.528881
0.515571
0.504242
0.556154
0.55909
0.563728
0.561207
0.578108
0.590074
0.502072
0.523848
0.52485
0.521392
0.516719
0.5206
0.520144
0.511516
0.512593
0.527626
0.524663
0.522451
0.512419
0.520393
0.539569
0.532453
0.518174
0.522914
0.55545
0.524157
0.517002
0.515135
0.521059
0.521546
0.515983
0.517292
0.514787
0.508784
0.513851
0.516379
0.523507
0.522354
0.522562
0.523954
0.520014
0.518368
0.528379
0.526405
0.509001
0.516916
0.515638
0.515345
0.515019
0.513467
0.515639
0.520735
0.52737
0.540252
0.551644
0.525685
0.509389
0.530363
0.512733
0.514752
0.519002
0.527836
0.512622
0.510713
0.512372
0.512718
0.517394
0.517657
0.518614
0.517395
0.521173
0.512863
0.512712
0.518317
0.507165
0.578654
0.520425
0.522192
0.520823
0.523757
0.521928
0.506223
0.5064
0.527523
0.511531
0.510481
0.515253
0.52722
0.528816
0.524891
0.517932
0.52364
0.525718
0.527331
0.526343
0.519511
0.523944
0.528627
0.562046
0.513367
0.520131
0.504199
0.541022
0.5358
0.538129
0.542598
0.515752
0.52775
0.526331
0.520678
0.525448
0.545931
0.51229
0.512817
0.561831
0.563939
0.561303
0.520682
0.518787
0.518347
0.523457
0.519483
0.547448
0.550779
0.525266
0.526883
0.51638
0.516571
0.516869
0.529148
0.531222
0.523372
0.520638
0.523384
0.524533
0.514122
0.515262
0.513256
0.519885
0.523617
0.52603
0.524521
0.533194
0.578302
0.510531
0.510618
0.517577
0.518896
0.532471
0.512403
0.509993
0.512513
0.519783
0.51706
0.518713
0.520457
0.524357
0.521833
0.528354
0.498212
0.503407
0.515976
0.51678
0.516285
0.514984
0.51163
0.513223
0.536088
0.533541
0.520477
0.586459
0.514797
0.51669
0.509003
0.516282
0.518532
0.586872
0.580538
0.520354
0.520943
0.519988
0.517685
0.524156
0.513883
0.506959
0.511623
0.519395
0.526242
0.508034
0.508441
0.601052
0.507211
0.50552
0.509524
0.579432
0.571657
0.522896
0.523388
0.570848
0.583733
0.517836
0.519861
0.521954
0.519507
0.509917
0.526052
0.52064
0.559426
0.572787
0.52358
0.520699
0.514784
0.513855
0.525703
0.548865
0.506995
0.523463
0.507748
0.521551
0.509482
0.512382
0.51789
0.516755
0.528536
0.526256
0.527039
0.522886
0.527651
0.506128
0.51919
0.518615
0.525266
0.571746
0.608794
0.521181
0.520061
0.520124
0.516125
0.506758
0.512139
0.507889
0.515656
0.518565
0.517649
0.516491
0.516343
0.521418
0.527532
0.523894
0.521948
0.52275
0.539174
0.568063
0.520431
0.513682
0.534787
0.530983
0.510509
0.525395
0.521505
0.52092
0.573331
0.536893
0.502133
0.50853
0.52306
0.513328
0.514887
0.555419
0.527701
0.528584
0.522398
0.524681
0.540004
0.517388
0.509268
0.512082
0.522244
0.525247
0.521699
0.526362
0.524721
0.527201
0.525151
0.524852
0.519709
0.530856
0.507106
0.519603
0.517629
0.555566
0.515892
0.520804
0.570735
0.556138
0.515207
0.519528
0.548389
0.507082
0.526173
0.503565
0.509934
0.518258
0.533953
0.52419
0.512748
0.51479
0.533955
0.579027
0.568638
0.531857
0.530003
0.528513
0.525904
0.551162
0.525745
0.537617
0.532533
0.523125
0.523313
0.554909
0.517608
0.515001
0.523068
0.520898
0.522557
0.513367
0.515149
0.510876
0.524489
0.5157
0.517232
0.525012
0.521005
0.502439
0.5056
0.513879
0.52469
0.509254
0.511483
0.515173
0.518431
0.532501
0.520583
0.525777
0.516769
0.508721
0.525326
0.523003
0.557912
0.522582
0.545289
0.517002
0.517018
0.591887
0.52188
0.518893
0.519868
0.575665
0.516784
0.513114
0.508665
0.510904
0.52693
0.527909
0.603766
0.601051
0.523505
0.519384
0.530147
0.519171
0.503893
0.520504
0.501417
0.507118
0.516625
0.574136
0.574409
0.557715
0.561092
0.510678
0.501951
0.504631
0.543038
0.533255
0.53931
0.544439
0.516575
0.583513
0.522543
0.508595
0.505899
0.512636
0.52795
0.521741
0.516489
0.591764
0.50399
0.512814
0.513222
0.51472
0.522975
0.563117
0.507713
0.509095
0.557626
0.556812
0.556459
0.583821
0.522458
0.520228
0.526289
0.526827
0.525245
0.522113
0.517168
0.569305
0.555516
0.522788
0.520239
0.55033
0.535577
0.545993
0.515748
0.511388
0.505168
0.518663
0.519489
0.508551
0.513651
0.590751
0.515064
0.503146
0.527881
0.509287
0.602958
0.527134
0.519046
0.527132
0.517865
0.517735
0.511183
0.507705
0.524923
0.51854
0.509336
0.517147
0.52702
0.523411
0.511033
0.510901
0.528064
0.525376
0.511222
0.514212
0.516321
0.560636
0.5289
0.525241
0.51997
0.516684
0.516902
0.558675
0.518888
0.51154
0.5265
0.523738
0.523504
0.517462
0.55521
0.560959
0.513851
0.609606
0.506246
0.526124
0.524466
0.524587
0.525538
0.523042
0.525343
0.516941
0.503806
0.525446
0.515468
0.516521
0.517384
0.527937
0.51437
0.518717
0.524648
0.530077
0.515311
0.515135
0.516196
0.516168
0.517789
0.519587
0.523956
0.515471
0.523706
0.534923
0.510788
0.52117
0.517662
0.52639
0.522322
0.566279
0.497534
0.528056
0.538501
0.543566
0.524185
0.530214
0.532115
0.53007
0.573012
0.572549
0.521718
0.54411
0.551772
0.524053
0.523789
0.522934
0.521384
0.515362
0.516058
0.524397
0.527422
0.535357
0.525744
0.51355
0.558751
0.514124
0.524616
0.53992
0.532773
0.548176
0.551097
0.519374
0.57975
0.547852
0.523931
0.592615
0.526777
0.501112
0.505017
0.51359
0.52407
0.523211
0.524442
0.526906
0.512247
0.508632
0.54817
0.528933
0.524734
0.52798
0.526763
0.528082
0.522769
0.526443
0.526948
0.525542
0.59015
0.541958
0.517621
0.51555
0.510162
0.537298
0.500219
0.502939
0.528562
0.535869
0.508047
0.518072
0.579176
0.568258
0.514184
0.515245
0.499774
0.513839
0.511807
0.522324
0.526274
0.52513
0.522983
0.513633
0.515274
0.527745
0.526127
0.520319
0.516253
0.530412
0.527552
0.526327
0.504292
0.513806
0.515226
0.502904
0.549058
0.518345
0.529713
0.566358
0.517181
0.521989
0.508216
0.515669
0.514309
0.513355
0.52579
0.523294
0.505408
0.523523
0.580532
0.531388
0.529568
0.514211
0.52496
0.524004
0.527459
0.518103
0.533869
0.52821
0.526854
0.558379
0.557565
0.528492
0.52762
0.522172
0.500978
0.50987
0.516399
0.516962
0.518521
0.519298
0.528872
0.519848
0.518915
0.526602
0.525252
0.544081
0.546298
0.509311
0.56758
0.579435
0.525189
0.523709
0.507547
0.511839
0.510637
0.515367
0.528461
0.52743
0.519394
0.510813
0.503089
0.527756
0.522466
0.523951
0.502491
0.531845
0.515492
0.516118
0.580204
0.520355
0.525288
0.504982
0.549591
0.525328
0.590103
0.623438
0.525155
0.508778
0.522587
0.527374
0.505985
0.509861
0.510461
0.506271
0.563376
0.514085
0.501322
0.514552
0.519711
0.606824
0.524002
0.526714
0.522237
0.508742
0.523985
0.517549
0.513986
0.515454
0.513916
0.524732
0.524762
0.515082
0.512106
0.513394
0.501454
0.513179
0.523744
0.516212
0.529716
0.525271
0.524766
0.550891
0.5245
0.52726
0.568027
0.52738
0.527166
0.514573
0.522654
0.501034
0.568996
0.557702
0.525932
0.53161
0.520869
0.504612
0.532266
0.519306
0.526217
0.522529
0.536159
0.511252
0.581369
0.515829
0.520133
0.507507
0.516051
0.512571
0.509513
0.510001
0.510902
0.520734
0.513978
0.557657
0.510043
0.518267
0.508936
0.527785
0.526402
0.526381
0.523081
0.520419
0.511706
0.52372
0.522276
0.537388
0.514314
0.520418
0.521655
0.515246
0.531085
0.591722
0.525186
0.534952
0.50704
0.527529
0.591446
0.528428
0.516077
0.523072
0.535051
0.532749
0.51541
0.511007
0.525596
0.522418
0.572201
0.518551
0.502747
0.529012
0.526107
0.521377
0.528456
0.533878
0.518816
0.519759
0.50777
0.509645
0.529285
0.525404
0.508381
0.510584
0.518476
0.568978
0.515423
0.520469
0.521335
0.519354
0.535236
0.519623
0.506158
0.543607
0.557865
0.515001
0.513883
0.515605
0.527653
0.530174
0.516213
0.540797
0.518411
0.500842
0.503691
0.506083
0.52064
0.525778
0.541347
0.523979
0.522371
0.579334
0.520916
0.555269
0.521104
0.50566
0.546816
0.524374
0.521337
0.537927
0.525318
0.560813
0.526425
0.511435
0.534772
0.532581
0.546662
0.508403
0.524901
0.526896
0.519712
0.532311
0.52969
0.527327
0.521998
0.567246
0.518811
0.525116
0.537634
0.515609
0.527665
0.59638
0.503089
0.524203
0.543766
0.543492
0.517447
0.53351
0.526743
0.510619
0.617043
0.527902
0.517074
0.504727
0.544202
0.524717
0.512458
0.525161
0.517453
0.513
0.526777
0.50549
0.571608
0.51542
0.506946
0.549014
0.502879
0.503062
0.514094
0.528479
0.52767
0.514158
0.50973
0.506339
0.582414
0.516591
0.513855
0.533245
0.553534
0.502426
0.503435
0.523504
0.515201
0.513899
0.517588
0.518541
0.51799
0.521071
0.510805
0.511945
0.535379
0.529301
0.51447
0.514824
0.514986
0.524595
0.527095
0.523868
0.515696
0.582929
0.523696
0.521323
0.510133
0.521741
0.502179
0.520786
0.500095
0.524053
0.532197
0.543537
0.523265
0.5186
0.562196
0.507581
0.504452
0.526916
0.511162
0.525172
0.507417
0.535388
0.523412
0.528188
0.537604
0.511179
0.499908
0.516424
0.521538
0.512525
0.583207
0.526658
0.523863
0.527878
0.525003
0.513769
0.522537
0.521752
0.533733
0.578068
0.512804
0.523401
0.519101
0.517334
0.519821
0.51779
0.518992
0.51871
0.51562
0.515628
0.512026
0.523081
0.509024
0.515545
0.516529
0.517234
0.52322
0.520972
0.51471
0.515262
0.525584
0.586064
0.565586
0.517715
0.510347
0.516845
0.517576
0.519081
0.515253
0.523707
0.519832
0.519344
0.515916
0.524578
0.517819
0.571175
0.514268
0.533986
0.517701
0.518558
0.518904
0.578951
0.594815
0.584861
0.516461
0.518415
0.525506
0.521394
0.519399
0.521789
0.535625
0.517652
0.517022
0.598095
0.517417
0.517643
0.521905
0.512911
0.516913
0.517129
0.512863
0.554124
0.521123
0.544816
0.525849
0.517506
0.507973
0.514376
0.517861
0.52132
0.544682
0.543333
0.516159
0.516089
0.523366
0.515746
0.516155
0.548249
0.518385
0.517997
0.512038
0.51806
0.511029
0.520439
0.519486
0.521633
0.51014
0.520873
0.513043
0.51139
0.571485
0.564495
0.51701
0.5186
0.558603
0.52231
0.516722
0.522494
0.510022
0.509208
0.539689
0.507684
0.520907
0.520548
0.520389
0.521934
0.519832
0.518588
0.520002
0.518211
0.527919
0.548999
0.518356
0.522268
0.523141
0.521997
0.518129
0.512912
0.509343
0.592306
0.515871
0.523951
0.580845
0.516904
0.518548
0.572288
0.55947
0.518631
0.524543
0.520026
0.519516
0.517493
0.518844
0.518438
0.569463
0.517632
0.523655
0.521682
0.518999
0.517125
0.51514
0.566079
0.514691
0.52103
0.516922
0.517035
0.51942
0.521087
0.517181
0.516461
0.516822
0.50872
0.534912
0.515647
0.522235
0.518696
0.513821
0.516011
0.517504
0.519164
0.557501
0.563216
0.510562
0.512001
0.524291
0.519365
0.515526
0.509194
0.523173
0.520812
0.520496
0.529025
0.525849
0.512245
0.559023
0.532171
0.52298
0.513367
0.521196
0.516702
0.519568
0.521462
0.553181
0.518565
0.517586
0.522945
0.518064
0.525071
0.543728
0.512522
0.514341
0.515123
0.518628
0.509214
0.519244
0.50992
0.522763
0.516532
0.515633
0.511046
0.519089
0.514581
0.506177
0.513234
0.514929
0.517867
0.510498
0.546147
0.519026
0.513908
0.52092
0.518591
0.522637
0.601078
0.517296
0.511614
0.558043
0.572336
0.525041
0.557496
0.526941
0.522618
0.515426
0.516732
0.523245
0.518599
0.605795
0.55607
0.550707
0.524395
0.592882
0.536995
0.519492
0.518904
0.546655
0.558187
0.58968
0.518871
0.513376
0.513276
0.585728
0.5233
0.539835
0.522154
0.517801
0.522991
0.510511
0.52387
0.522992
0.51851
0.521494
0.518837
0.516585
0.513995
0.517646
0.520229
0.514833
0.51948
0.552993
0.515408
0.517731
0.516374
0.513309
0.51332
0.513336
0.515546
0.523338
0.512266
0.516022
0.504065
0.519318
0.518572
0.509835
0.518267
0.530807
0.535879
0.549273
0.521846
0.517488
0.522309
0.517218
0.540581
0.516023
0.521483
0.55569
0.521833
0.522442
0.516642
0.514468
0.517203
0.518398
0.513597
0.561387
0.561502
0.529444
0.515072
0.521018
0.516245
0.558262
0.52088
0.516216
0.514973
0.545621
0.518651
0.512913
0.523062
0.515499
0.513636
0.558914
0.513917
0.51098
0.515493
0.520423
0.515756
0.510766
0.52134
0.57443
0.542761
0.506755
0.520691
0.51777
0.513968
0.512099
0.526111
0.512638
0.513828
0.557005
0.550505
0.516422
0.51796
0.511933
0.511294
0.515682
0.521461
0.514713
0.505385
0.507752
0.510925
0.514673
0.51774
0.538042
0.524181
0.520884
0.540337
0.51882
0.522078
0.519049
0.573617
0.516789
0.575394
0.507947
0.518339
0.526097
0.505237
0.55069
0.522298
0.520996
0.521865
0.524312
0.516835
0.507919
0.52061
0.51865
0.588148
0.509125
0.517698
0.510313
0.50437
0.526616
0.521906
0.550677
0.527016
0.566198
0.52024
0.52492
0.50914
0.526019
0.53836
0.526175
0.506884
0.517317
0.508679
0.521582
0.526869
0.512299
0.529346
0.521162
0.51424
0.546886
0.508418
0.556314
0.526364
0.523348
0.50606
0.512851
0.52588
0.557294
0.515676
0.515922
0.520571
0.532497
0.516941
0.522925
0.518286
0.525961
0.512939
0.525487
0.522442
0.515285
0.534697
0.536319
0.518782
0.525143
0.525358
0.51992
0.518513
0.517658
0.516655
0.52483
0.559498
0.518505
0.523816
0.521624
0.520297
0.531699
0.550213
0.524849
0.544896
0.50874
0.516541
0.505629
0.509936
0.521174
0.509674
0.555046
0.513924
0.515649
0.55295
0.522108
0.515754
0.517694
0.505492
0.51799
0.506664
0.517017
0.518379
0.510906
0.509423
0.516595
0.531307
0.518591
0.518829
0.521812
0.540727
0.517018
0.522894
0.525674
0.525723
0.516854
0.506653
0.515235
0.513385
0.563627
0.515395
0.50966
0.519484
0.518439
0.513193
0.528681
0.505671
0.53243
0.534746
0.517633
0.524871
0.513738
0.518077
0.518869
0.519619
0.517633
0.509621
0.512578
0.513088
0.53477
0.535454
0.508128
0.523939
0.560467
0.523388
0.516874
0.51604
0.511823
0.52407
0.517441
0.520586
0.52457
0.524347
0.517272
0.521955
0.509381
0.520662
0.523122
0.518064
0.583071
0.516047
0.522868
0.515446
0.512584
0.515162
0.565868
0.528167
0.510509
0.519332
0.507112
0.533784
0.516355
0.515096
0.515661
0.516264
0.518568
0.514793
0.515564
0.519274
0.525216
0.516928
0.522563
0.575648
0.521178
0.599623
0.515954
0.516812
0.5162
